"111028592","1546280381","1.09091"
"1546280381","111028592","1.09091"
"111028592","1585597514","0.174242"
"1585597514","111028592","0.174242"
"111028592","1687508979","0.424242"
"1687508979","111028592","0.424242"
"111028592","1983723499","0.674242"
"1983723499","111028592","0.674242"
"111028592","2022933093","0.174242"
"2022933093","111028592","0.174242"
"111028592","2045591981","0.174242"
"2045591981","111028592","0.174242"
"111028592","2118230874","0.424242"
"2118230874","111028592","0.424242"
"111028592","2134716336","0.924242"
"2134716336","111028592","0.924242"
"111028592","2137113495","0.0909091"
"2137113495","111028592","0.0909091"
"111028592","2162366870","0.340909"
"2162366870","111028592","0.340909"
"111028592","2165364732","0.174242"
"2165364732","111028592","0.174242"
"1546280381","1585597514","1.09091"
"1585597514","1546280381","1.09091"
"1546280381","1687508979","0.257576"
"1687508979","1546280381","0.257576"
"1546280381","1983723499","1.00758"
"1983723499","1546280381","1.00758"
"1546280381","2022933093","0.340909"
"2022933093","1546280381","0.340909"
"1546280381","2045591981","3.29091"
"2045591981","1546280381","3.29091"
"1546280381","2118230874","0.257576"
"2118230874","1546280381","0.257576"
"1546280381","2134716336","1.00758"
"2134716336","1546280381","1.00758"
"1546280381","2137113495","0.0909091"
"2137113495","1546280381","0.0909091"
"1546280381","2162366870","4.37424"
"2162366870","1546280381","4.37424"
"1546280381","2165364732","1.09091"
"2165364732","1546280381","1.09091"
"1585597514","1687508979","0.799242"
"1687508979","1585597514","0.799242"
"1585597514","1983723499","1.45758"
"1983723499","1585597514","1.45758"
"1585597514","2022933093","0.799242"
"2022933093","1585597514","0.799242"
"1585597514","2045591981","2.33377"
"2045591981","1585597514","2.33377"
"1585597514","2118230874","0.507576"
"2118230874","1585597514","0.507576"
"1585597514","2134716336","1.69924"
"2134716336","1585597514","1.69924"
"1585597514","2137113495","0.0909091"
"2137113495","1585597514","0.0909091"
"1585597514","2162366870","8.00043"
"2162366870","1585597514","8.00043"
"1585597514","2165364732","0.749242"
"2165364732","1585597514","0.749242"
"1687508979","1983723499","8.67424"
"1983723499","1687508979","8.67424"
"1687508979","2022933093","0.340909"
"2022933093","1687508979","0.340909"
"1687508979","2045591981","2.9421"
"2045591981","1687508979","2.9421"
"1687508979","2118230874","0.340909"
"2118230874","1687508979","0.340909"
"1687508979","2134716336","4.73377"
"2134716336","1687508979","4.73377"
"1687508979","2137113495","0.400433"
"2137113495","1687508979","0.400433"
"1687508979","2162366870","14.6921"
"2162366870","1687508979","14.6921"
"1687508979","2165364732","0.299242"
"2165364732","1687508979","0.299242"
"1983723499","2022933093","0.424242"
"2022933093","1983723499","0.424242"
"1983723499","2045591981","4.29091"
"2045591981","1983723499","4.29091"
"1983723499","2118230874","2.17424"
"2118230874","1983723499","2.17424"
"1983723499","2134716336","10.8742"
"2134716336","1983723499","10.8742"
"1983723499","2137113495","1.59091"
"2137113495","1983723499","1.59091"
"1983723499","2162366870","23.8742"
"2162366870","1983723499","23.8742"
"1983723499","2165364732","0.374242"
"2165364732","1983723499","0.374242"
"2022933093","2045591981","6.48773"
"2045591981","2022933093","6.48773"
"2022933093","2118230874","0.594877"
"2118230874","2022933093","0.594877"
"2022933093","2134716336","3.07107"
"2134716336","2022933093","3.07107"
"2022933093","2137113495","0.215909"
"2137113495","2022933093","0.215909"
"2022933093","2162366870","7.67821"
"2162366870","2022933093","7.67821"
"2022933093","2165364732","0.340909"
"2165364732","2022933093","0.340909"
"2045591981","2118230874","3.26154"
"2118230874","2045591981","3.26154"
"2045591981","2134716336","15.3973"
"2134716336","2045591981","15.3973"
"2045591981","2137113495","1.55877"
"2137113495","2045591981","1.55877"
"2045591981","2162366870","59.4556"
"2162366870","2045591981","59.4556"
"2045591981","2165364732","0.999242"
"2165364732","2045591981","0.999242"
"2118230874","2134716336","1.76154"
"2134716336","2118230874","1.76154"
"2118230874","2137113495","0.0909091"
"2137113495","2118230874","0.0909091"
"2118230874","2162366870","2.03535"
"2162366870","2118230874","2.03535"
"2118230874","2165364732","0.174242"
"2165364732","2118230874","0.174242"
"2134716336","2137113495","1.22543"
"2137113495","2134716336","1.22543"
"2134716336","2162366870","42.0679"
"2162366870","2134716336","42.0679"
"2134716336","2165364732","4.54091"
"2165364732","2134716336","4.54091"
"2137113495","2162366870","14.2254"
"2162366870","2137113495","14.2254"
"2137113495","2165364732","0.0909091"
"2165364732","2137113495","0.0909091"
"2162366870","2165364732","2.49924"
"2165364732","2162366870","2.49924"
"111028592","1996073671","0.333333"
"1996073671","111028592","0.333333"
"1983723499","1996073671","2.33333"
"1996073671","1983723499","2.33333"
"1996073671","2118230874","1.05952"
"2118230874","1996073671","1.05952"
"1996073671","2134716336","2.82738"
"2134716336","1996073671","2.82738"
"111028592","2105324142","0.333333"
"2105324142","111028592","0.333333"
"1687508979","2105324142","3.20833"
"2105324142","1687508979","3.20833"
"1983723499","2105324142","13.5833"
"2105324142","1983723499","13.5833"
"2105324142","2134716336","6.20833"
"2134716336","2105324142","6.20833"
"111028592","2133824053","0.0833333"
"2133824053","111028592","0.0833333"
"111028592","46928291","0.0833333"
"46928291","111028592","0.0833333"
"1585597514","1996073671","0.47619"
"1996073671","1585597514","0.47619"
"1585597514","2105324142","5.80952"
"2105324142","1585597514","5.80952"
"1585597514","2133824053","8.95952"
"2133824053","1585597514","8.95952"
"1585597514","46928291","0.416667"
"46928291","1585597514","0.416667"
"1687508979","1996073671","0.625"
"1996073671","1687508979","0.625"
"1687508979","2133824053","5.125"
"2133824053","1687508979","5.125"
"1687508979","46928291","0.0833333"
"46928291","1687508979","0.0833333"
"1983723499","2133824053","6.25"
"2133824053","1983723499","6.25"
"1983723499","46928291","0.0833333"
"46928291","1983723499","0.0833333"
"1996073671","2022933093","2.16071"
"2022933093","1996073671","2.16071"
"1996073671","2045591981","1.42857"
"2045591981","1996073671","1.42857"
"1996073671","2105324142","2.47619"
"2105324142","1996073671","2.47619"
"1996073671","2133824053","1.20238"
"2133824053","1996073671","1.20238"
"1996073671","2165364732","0.208333"
"2165364732","1996073671","0.208333"
"1996073671","46928291","0.0833333"
"46928291","1996073671","0.0833333"
"2022933093","2105324142","1.70833"
"2105324142","2022933093","1.70833"
"2022933093","2133824053","2.9623"
"2133824053","2022933093","2.9623"
"2022933093","46928291","0.583333"
"46928291","2022933093","0.583333"
"2045591981","2105324142","5.59286"
"2105324142","2045591981","5.59286"
"2045591981","2133824053","4.49683"
"2133824053","2045591981","4.49683"
"2045591981","46928291","0.25"
"46928291","2045591981","0.25"
"2105324142","2118230874","0.5"
"2118230874","2105324142","0.5"
"2105324142","2133824053","4.05952"
"2133824053","2105324142","4.05952"
"2105324142","2165364732","0.708333"
"2165364732","2105324142","0.708333"
"2105324142","46928291","2.08333"
"46928291","2105324142","2.08333"
"2118230874","2133824053","0.527778"
"2133824053","2118230874","0.527778"
"2118230874","46928291","0.0833333"
"46928291","2118230874","0.0833333"
"2133824053","2134716336","5.69563"
"2134716336","2133824053","5.69563"
"2133824053","2165364732","0.791667"
"2165364732","2133824053","0.791667"
"2133824053","46928291","0.0833333"
"46928291","2133824053","0.0833333"
"2134716336","46928291","0.25"
"46928291","2134716336","0.25"
"2165364732","46928291","0.0833333"
"46928291","2165364732","0.0833333"
"111028592","2066330121","0.25"
"2066330121","111028592","0.25"
"111028592","2092431575","0.25"
"2092431575","111028592","0.25"
"2066330121","2092431575","0.75"
"2092431575","2066330121","0.75"
"2066330121","2134716336","5.81905"
"2134716336","2066330121","5.81905"
"2066330121","2162366870","15.1762"
"2162366870","2066330121","15.1762"
"2092431575","2134716336","4.92063"
"2134716336","2092431575","4.92063"
"2092431575","2162366870","93.3468"
"2162366870","2092431575","93.3468"
"13740236","1489930749","0.5"
"1489930749","13740236","0.5"
"13740236","184176171","0.5"
"184176171","13740236","0.5"
"1489930749","184176171","0.75"
"184176171","1489930749","0.75"
"13740236","2045591981","0.333333"
"2045591981","13740236","0.333333"
"13740236","2168401554","0.333333"
"2168401554","13740236","0.333333"
"13740236","2169780404","0.333333"
"2169780404","13740236","0.333333"
"2045591981","2168401554","1.99167"
"2168401554","2045591981","1.99167"
"2045591981","2169780404","2.33333"
"2169780404","2045591981","2.33333"
"2168401554","2169780404","0.333333"
"2169780404","2168401554","0.333333"
"13740236","2162366870","1"
"2162366870","13740236","1"
"145342711","2078887420","1"
"2078887420","145342711","1"
"145342711","2045591981","2.42063"
"2045591981","145342711","2.42063"
"145342711","2134716336","1.42063"
"2134716336","145342711","1.42063"
"145342711","1996073671","0.309524"
"1996073671","145342711","0.309524"
"145342711","2022933093","0.420635"
"2022933093","145342711","0.420635"
"145342711","2066330121","0.309524"
"2066330121","145342711","0.309524"
"145342711","2118230874","0.420635"
"2118230874","145342711","0.420635"
"1996073671","2066330121","0.309524"
"2066330121","1996073671","0.309524"
"2022933093","2066330121","1.14286"
"2066330121","2022933093","1.14286"
"2045591981","2066330121","13.2357"
"2066330121","2045591981","13.2357"
"2066330121","2118230874","0.309524"
"2118230874","2066330121","0.309524"
"145342711","1489930749","0.253968"
"1489930749","145342711","0.253968"
"145342711","1542821961","0.111111"
"1542821961","145342711","0.111111"
"145342711","2092431575","0.111111"
"2092431575","145342711","0.111111"
"145342711","2133824053","0.111111"
"2133824053","145342711","0.111111"
"145342711","2162366870","0.111111"
"2162366870","145342711","0.111111"
"1489930749","1542821961","0.111111"
"1542821961","1489930749","0.111111"
"1489930749","2022933093","1.04563"
"2022933093","1489930749","1.04563"
"1489930749","2045591981","1.4623"
"2045591981","1489930749","1.4623"
"1489930749","2092431575","0.402778"
"2092431575","1489930749","0.402778"
"1489930749","2118230874","0.253968"
"2118230874","1489930749","0.253968"
"1489930749","2133824053","0.111111"
"2133824053","1489930749","0.111111"
"1489930749","2134716336","1.9623"
"2134716336","1489930749","1.9623"
"1489930749","2162366870","6.51944"
"2162366870","1489930749","6.51944"
"1542821961","2022933093","0.111111"
"2022933093","1542821961","0.111111"
"1542821961","2045591981","2.13611"
"2045591981","1542821961","2.13611"
"1542821961","2092431575","2.14444"
"2092431575","1542821961","2.14444"
"1542821961","2118230874","0.444444"
"2118230874","1542821961","0.444444"
"1542821961","2133824053","2.38611"
"2133824053","1542821961","2.38611"
"1542821961","2134716336","0.477778"
"2134716336","1542821961","0.477778"
"1542821961","2162366870","3.46944"
"2162366870","1542821961","3.46944"
"2022933093","2092431575","1.17063"
"2092431575","2022933093","1.17063"
"2045591981","2092431575","7.68016"
"2092431575","2045591981","7.68016"
"2092431575","2118230874","0.444444"
"2118230874","2092431575","0.444444"
"2092431575","2133824053","8.97183"
"2133824053","2092431575","8.97183"
"2133824053","2162366870","18.7468"
"2162366870","2133824053","18.7468"
"1489930749","1996073671","0.142857"
"1996073671","1489930749","0.142857"
"1489930749","2066330121","0.142857"
"2066330121","1489930749","0.142857"
"1484026202","2124782380","0.333333"
"2124782380","1484026202","0.333333"
"1484026202","2166155644","0.333333"
"2166155644","1484026202","0.333333"
"1484026202","346767090","0.333333"
"346767090","1484026202","0.333333"
"2124782380","2166155644","0.333333"
"2166155644","2124782380","0.333333"
"2124782380","346767090","0.666667"
"346767090","2124782380","0.666667"
"2166155644","346767090","0.333333"
"346767090","2166155644","0.333333"
"1484026202","1971656484","1"
"1971656484","1484026202","1"
"1489930749","2165364732","0.166667"
"2165364732","1489930749","0.166667"
"2092431575","2165364732","0.666667"
"2165364732","2092431575","0.666667"
"1489930749","2107754272","2.45"
"2107754272","1489930749","2.45"
"1489930749","1755288386","0.125"
"1755288386","1489930749","0.125"
"1489930749","2137113495","0.125"
"2137113495","1489930749","0.125"
"1489930749","2168401554","0.125"
"2168401554","1489930749","0.125"
"1755288386","2022933093","0.125"
"2022933093","1755288386","0.125"
"1755288386","2045591981","1.45833"
"2045591981","1755288386","1.45833"
"1755288386","2092431575","1.125"
"2092431575","1755288386","1.125"
"1755288386","2134716336","0.625"
"2134716336","1755288386","0.625"
"1755288386","2137113495","0.125"
"2137113495","1755288386","0.125"
"1755288386","2162366870","4.54167"
"2162366870","1755288386","4.54167"
"1755288386","2168401554","0.125"
"2168401554","1755288386","0.125"
"2022933093","2168401554","0.125"
"2168401554","2022933093","0.125"
"2092431575","2137113495","0.791667"
"2137113495","2092431575","0.791667"
"2092431575","2168401554","2.125"
"2168401554","2092431575","2.125"
"2134716336","2168401554","0.625"
"2168401554","2134716336","0.625"
"2137113495","2168401554","0.125"
"2168401554","2137113495","0.125"
"2162366870","2168401554","10.1583"
"2168401554","2162366870","10.1583"
"1489930749","1501852246","1.45"
"1501852246","1489930749","1.45"
"1489930749","1990989132","0.166667"
"1990989132","1489930749","0.166667"
"1489930749","2078887420","0.166667"
"2078887420","1489930749","0.166667"
"1489930749","2105324142","0.166667"
"2105324142","1489930749","0.166667"
"1990989132","2045591981","2.7"
"2045591981","1990989132","2.7"
"1990989132","2078887420","0.366667"
"2078887420","1990989132","0.366667"
"1990989132","2105324142","0.166667"
"2105324142","1990989132","0.166667"
"1990989132","2134716336","0.166667"
"2134716336","1990989132","0.166667"
"1990989132","2162366870","3.03333"
"2162366870","1990989132","3.03333"
"2045591981","2078887420","0.616667"
"2078887420","2045591981","0.616667"
"2078887420","2105324142","0.166667"
"2105324142","2078887420","0.166667"
"2078887420","2134716336","0.166667"
"2134716336","2078887420","0.166667"
"2078887420","2162366870","4.86667"
"2162366870","2078887420","4.86667"
"2105324142","2162366870","56.3429"
"2162366870","2105324142","56.3429"
"1489930749","2140146215","0.5"
"2140146215","1489930749","0.5"
"2022933093","2140146215","1.72619"
"2140146215","2022933093","1.72619"
"2045591981","2140146215","2.47619"
"2140146215","2045591981","2.47619"
"2140146215","2162366870","6.14286"
"2162366870","2140146215","6.14286"
"184176171","2022933093","0.75"
"2022933093","184176171","0.75"
"184176171","2045591981","0.666667"
"2045591981","184176171","0.666667"
"184176171","2162366870","2"
"2162366870","184176171","2"
"1489930749","2132695268","1.2"
"2132695268","1489930749","1.2"
"1489930749","2151306184","0.45"
"2151306184","1489930749","0.45"
"1501852246","2107754272","9.21349"
"2107754272","1501852246","9.21349"
"1501852246","2132695268","1.04683"
"2132695268","1501852246","1.04683"
"1501852246","2151306184","3.6873"
"2151306184","1501852246","3.6873"
"1501852246","2162366870","3.6873"
"2162366870","1501852246","3.6873"
"2107754272","2132695268","14.9468"
"2132695268","2107754272","14.9468"
"2107754272","2151306184","9.15397"
"2151306184","2107754272","9.15397"
"2107754272","2162366870","8.52063"
"2162366870","2107754272","8.52063"
"2132695268","2151306184","5.82063"
"2151306184","2132695268","5.82063"
"2132695268","2162366870","51.0063"
"2162366870","2132695268","51.0063"
"2151306184","2162366870","3.35397"
"2162366870","2151306184","3.35397"
"1489930749","2064369484","0.25"
"2064369484","1489930749","0.25"
"1501852246","2064369484","1.72619"
"2064369484","1501852246","1.72619"
"2064369484","2107754272","2.55952"
"2107754272","2064369484","2.55952"
"2064369484","2151306184","2.33333"
"2151306184","2064369484","2.33333"
"1489930749","2149981846","1"
"2149981846","1489930749","1"
"2134716336","2140146215","3.89286"
"2140146215","2134716336","3.89286"
"1501852246","2134716336","1.8373"
"2134716336","1501852246","1.8373"
"2107754272","2134716336","14.0873"
"2134716336","2107754272","14.0873"
"1501852246","1977561672","0.561111"
"1977561672","1501852246","0.561111"
"1501852246","2055665491","0.111111"
"2055665491","1501852246","0.111111"
"1501852246","2166155644","0.653968"
"2166155644","1501852246","0.653968"
"1501852246","2169780404","0.111111"
"2169780404","1501852246","0.111111"
"1977561672","2055665491","0.111111"
"2055665491","1977561672","0.111111"
"1977561672","2107754272","0.561111"
"2107754272","1977561672","0.561111"
"1977561672","2132695268","0.111111"
"2132695268","1977561672","0.111111"
"1977561672","2134716336","0.111111"
"2134716336","1977561672","0.111111"
"1977561672","2151306184","0.561111"
"2151306184","1977561672","0.561111"
"1977561672","2162366870","0.561111"
"2162366870","1977561672","0.561111"
"1977561672","2166155644","0.311111"
"2166155644","1977561672","0.311111"
"1977561672","2169780404","0.111111"
"2169780404","1977561672","0.111111"
"2055665491","2107754272","0.444444"
"2107754272","2055665491","0.444444"
"2055665491","2132695268","9.47778"
"2132695268","2055665491","9.47778"
"2055665491","2134716336","2.44444"
"2134716336","2055665491","2.44444"
"2055665491","2151306184","0.111111"
"2151306184","2055665491","0.111111"
"2055665491","2162366870","43.6444"
"2162366870","2055665491","43.6444"
"2055665491","2166155644","1.19444"
"2166155644","2055665491","1.19444"
"2055665491","2169780404","0.111111"
"2169780404","2055665491","0.111111"
"2107754272","2166155644","2.35397"
"2166155644","2107754272","2.35397"
"2107754272","2169780404","0.111111"
"2169780404","2107754272","0.111111"
"2132695268","2134716336","6.29921"
"2134716336","2132695268","6.29921"
"2132695268","2166155644","2.1873"
"2166155644","2132695268","2.1873"
"2132695268","2169780404","1.11111"
"2169780404","2132695268","1.11111"
"2134716336","2151306184","1.5873"
"2151306184","2134716336","1.5873"
"2134716336","2166155644","1.11111"
"2166155644","2134716336","1.11111"
"2134716336","2169780404","0.611111"
"2169780404","2134716336","0.611111"
"2151306184","2166155644","0.511111"
"2166155644","2151306184","0.511111"
"2151306184","2169780404","0.111111"
"2169780404","2151306184","0.111111"
"2162366870","2166155644","3.09444"
"2166155644","2162366870","3.09444"
"2162366870","2169780404","3.11111"
"2169780404","2162366870","3.11111"
"2166155644","2169780404","0.111111"
"2169780404","2166155644","0.111111"
"1501852246","1970499202","0.142857"
"1970499202","1501852246","0.142857"
"1501852246","2149981846","0.142857"
"2149981846","1501852246","0.142857"
"1501852246","2339580572","0.142857"
"2339580572","1501852246","0.142857"
"1970499202","2064369484","0.142857"
"2064369484","1970499202","0.142857"
"1970499202","2107754272","0.142857"
"2107754272","1970499202","0.142857"
"1970499202","2132695268","0.142857"
"2132695268","1970499202","0.142857"
"1970499202","2149981846","0.142857"
"2149981846","1970499202","0.142857"
"1970499202","2166155644","0.142857"
"2166155644","1970499202","0.142857"
"1970499202","2339580572","0.142857"
"2339580572","1970499202","0.142857"
"2064369484","2132695268","0.142857"
"2132695268","2064369484","0.142857"
"2064369484","2149981846","0.142857"
"2149981846","2064369484","0.142857"
"2064369484","2166155644","0.142857"
"2166155644","2064369484","0.142857"
"2064369484","2339580572","0.142857"
"2339580572","2064369484","0.142857"
"2107754272","2149981846","0.142857"
"2149981846","2107754272","0.142857"
"2107754272","2339580572","0.542857"
"2339580572","2107754272","0.542857"
"2132695268","2149981846","0.142857"
"2149981846","2132695268","0.142857"
"2132695268","2339580572","1.04286"
"2339580572","2132695268","1.04286"
"2149981846","2166155644","0.142857"
"2166155644","2149981846","0.142857"
"2149981846","2339580572","0.142857"
"2339580572","2149981846","0.142857"
"2166155644","2339580572","0.542857"
"2339580572","2166155644","0.542857"
"1501852246","2140146215","0.5"
"2140146215","1501852246","0.5"
"1501852246","20243165","0.5"
"20243165","1501852246","0.5"
"20243165","2107754272","1.5"
"2107754272","20243165","1.5"
"20243165","2151306184","0.5"
"2151306184","20243165","0.5"
"20243165","2162366870","0.5"
"2162366870","20243165","0.5"
"1501852246","2124499398","0.2"
"2124499398","1501852246","0.2"
"2124499398","2132695268","0.2"
"2132695268","2124499398","0.2"
"2124499398","2151306184","0.2"
"2151306184","2124499398","0.2"
"2124499398","2162366870","0.2"
"2162366870","2124499398","0.2"
"2124499398","2166155644","0.2"
"2166155644","2124499398","0.2"
"1501852246","2076225782","0.142857"
"2076225782","1501852246","0.142857"
"1501852246","2147810104","0.142857"
"2147810104","1501852246","0.142857"
"2076225782","2107754272","0.342857"
"2107754272","2076225782","0.342857"
"2076225782","2132695268","5.27857"
"2132695268","2076225782","5.27857"
"2076225782","2134716336","1.69524"
"2134716336","2076225782","1.69524"
"2076225782","2147810104","5.09286"
"2147810104","2076225782","5.09286"
"2076225782","2151306184","0.142857"
"2151306184","2076225782","0.142857"
"2076225782","2162366870","1.65238"
"2162366870","2076225782","1.65238"
"2107754272","2147810104","0.392857"
"2147810104","2107754272","0.392857"
"2132695268","2147810104","8.34286"
"2147810104","2132695268","8.34286"
"2134716336","2147810104","0.642857"
"2147810104","2134716336","0.642857"
"2147810104","2151306184","3.97619"
"2151306184","2147810104","3.97619"
"2147810104","2162366870","2.64286"
"2162366870","2147810104","2.64286"
"1507977474","2045591981","0.25"
"2045591981","1507977474","0.25"
"1507977474","2066330121","0.25"
"2066330121","1507977474","0.25"
"1507977474","2134716336","0.916667"
"2134716336","1507977474","0.916667"
"1507977474","2162366870","0.916667"
"2162366870","1507977474","0.916667"
"1507977474","2124702291","2"
"2124702291","1507977474","2"
"1507977474","1971656484","0.166667"
"1971656484","1507977474","0.166667"
"1507977474","1979018646","0.166667"
"1979018646","1507977474","0.166667"
"1507977474","2076225782","0.166667"
"2076225782","1507977474","0.166667"
"1507977474","2884230692","0.166667"
"2884230692","1507977474","0.166667"
"1971656484","1979018646","5.71905"
"1979018646","1971656484","5.71905"
"1971656484","2076225782","6.00238"
"2076225782","1971656484","6.00238"
"1971656484","2134716336","1.35238"
"2134716336","1971656484","1.35238"
"1971656484","2162366870","0.509524"
"2162366870","1971656484","0.509524"
"1971656484","2884230692","1.2"
"2884230692","1971656484","1.2"
"1979018646","2076225782","12.0857"
"2076225782","1979018646","12.0857"
"1979018646","2134716336","1.30238"
"2134716336","1979018646","1.30238"
"1979018646","2162366870","0.309524"
"2162366870","1979018646","0.309524"
"1979018646","2884230692","1.7"
"2884230692","1979018646","1.7"
"2076225782","2884230692","0.7"
"2884230692","2076225782","0.7"
"2134716336","2884230692","0.166667"
"2884230692","2134716336","0.166667"
"2162366870","2884230692","0.166667"
"2884230692","2162366870","0.166667"
"1507977474","2076653948","0.5"
"2076653948","1507977474","0.5"
"1507977474","2120385275","0.5"
"2120385275","1507977474","0.5"
"2076653948","2120385275","0.5"
"2120385275","2076653948","0.5"
"1512743766","2045591981","1"
"2045591981","1512743766","1"
"1512743766","2066330121","1"
"2066330121","1512743766","1"
"1536011421","2162366870","1"
"2162366870","1536011421","1"
"1542821961","154668526","0.333333"
"154668526","1542821961","0.333333"
"1542821961","1585597514","0.858333"
"1585597514","1542821961","0.858333"
"1542821961","187486543","0.166667"
"187486543","1542821961","0.166667"
"154668526","1585597514","0.333333"
"1585597514","154668526","0.333333"
"154668526","187486543","0.166667"
"187486543","154668526","0.166667"
"154668526","2045591981","0.833333"
"2045591981","154668526","0.833333"
"154668526","2133824053","0.333333"
"2133824053","154668526","0.333333"
"154668526","2162366870","0.833333"
"2162366870","154668526","0.833333"
"1585597514","187486543","1.64286"
"187486543","1585597514","1.64286"
"187486543","2045591981","0.642857"
"2045591981","187486543","0.642857"
"187486543","2133824053","1.14286"
"2133824053","187486543","1.14286"
"187486543","2162366870","5.30952"
"2162366870","187486543","5.30952"
"1542821961","1546280381","1.08333"
"1546280381","1542821961","1.08333"
"1546280381","2092431575","1.41667"
"2092431575","1546280381","1.41667"
"1585597514","2092431575","1.71786"
"2092431575","1585597514","1.71786"
"154668526","2134716336","0.166667"
"2134716336","154668526","0.166667"
"1546280381","2133824053","0.333333"
"2133824053","1546280381","0.333333"
"1542821961","1687508979","0.125"
"1687508979","1542821961","0.125"
"1542821961","1996073671","0.125"
"1996073671","1542821961","0.125"
"1542821961","2105324142","0.458333"
"2105324142","1542821961","0.458333"
"1542821961","2165364732","0.125"
"2165364732","1542821961","0.125"
"1996073671","2162366870","2.53571"
"2162366870","1996073671","2.53571"
"1542821961","2124702291","0.333333"
"2124702291","1542821961","0.333333"
"2105324142","2124702291","1.16667"
"2124702291","2105324142","1.16667"
"2124702291","2162366870","6.16667"
"2162366870","2124702291","6.16667"
"1546280381","2132695268","1.2"
"2132695268","1546280381","1.2"
"2045591981","2132695268","6.99286"
"2132695268","2045591981","6.99286"
"1546280381","2055665491","2.7"
"2055665491","1546280381","2.7"
"1546280381","2105324142","0.866667"
"2105324142","1546280381","0.866667"
"2045591981","2055665491","2.86667"
"2055665491","2045591981","2.86667"
"2055665491","2105324142","2.61667"
"2105324142","2055665491","2.61667"
"1546280381","1755288386","0.5"
"1755288386","1546280381","0.5"
"1546280381","1979018646","0.5"
"1979018646","1546280381","0.5"
"1979018646","2132695268","4.07857"
"2132695268","1979018646","4.07857"
"1546280381","1996073671","0.166667"
"1996073671","1546280381","0.166667"
"1546280381","2140808147","0.333333"
"2140808147","1546280381","0.333333"
"2092431575","2140808147","0.833333"
"2140808147","2092431575","0.833333"
"2140808147","2162366870","10.4167"
"2162366870","2140808147","10.4167"
"2105324142","2132695268","2.03333"
"2132695268","2105324142","2.03333"
"154668526","2120385275","1"
"2120385275","154668526","1"
"1573586350","2055665491","0.333333"
"2055665491","1573586350","0.333333"
"1573586350","2132695268","0.333333"
"2132695268","1573586350","0.333333"
"1573586350","2162366870","3.25"
"2162366870","1573586350","3.25"
"1573586350","1585597514","0.333333"
"1585597514","1573586350","0.333333"
"1573586350","2045591981","0.333333"
"2045591981","1573586350","0.333333"
"1573586350","2092431575","0.25"
"2092431575","1573586350","0.25"
"1573586350","2133824053","0.25"
"2133824053","1573586350","0.25"
"1573586350","2168401554","0.25"
"2168401554","1573586350","0.25"
"2133824053","2168401554","0.5"
"2168401554","2133824053","0.5"
"1573586350","2124702291","0.333333"
"2124702291","1573586350","0.333333"
"1573586350","2165364732","0.333333"
"2165364732","1573586350","0.333333"
"2124702291","2165364732","0.333333"
"2165364732","2124702291","0.333333"
"157569049","2078887420","1"
"2078887420","157569049","1"
"157569049","2162366870","2"
"2162366870","157569049","2"
"1585597514","2169780404","0.5"
"2169780404","1585597514","0.5"
"187486543","1996073671","0.142857"
"1996073671","187486543","0.142857"
"187486543","2092431575","0.47619"
"2092431575","187486543","0.47619"
"187486543","2105324142","0.142857"
"2105324142","187486543","0.142857"
"1996073671","2092431575","0.410714"
"2092431575","1996073671","0.410714"
"2092431575","2105324142","3.68452"
"2105324142","2092431575","3.68452"
"2092431575","46928291","0.5"
"46928291","2092431575","0.5"
"1585597514","2129060509","0.25"
"2129060509","1585597514","0.25"
"2129060509","2133824053","0.25"
"2133824053","2129060509","0.25"
"2129060509","2162366870","0.25"
"2162366870","2129060509","0.25"
"2129060509","2165364732","0.25"
"2165364732","2129060509","0.25"
"187486543","1983723499","0.333333"
"1983723499","187486543","0.333333"
"187486543","2118230874","0.333333"
"2118230874","187486543","0.333333"
"1983723499","2092431575","5.83333"
"2092431575","1983723499","5.83333"
"1687508979","2066330121","1.14286"
"2066330121","1687508979","1.14286"
"1687508979","2120385275","0.309524"
"2120385275","1687508979","0.309524"
"1687508979","2132695268","0.809524"
"2132695268","1687508979","0.809524"
"2045591981","2120385275","1.50952"
"2120385275","2045591981","1.50952"
"2066330121","2120385275","0.309524"
"2120385275","2066330121","0.309524"
"2066330121","2132695268","0.642857"
"2132695268","2066330121","0.642857"
"2066330121","2137113495","1.59286"
"2137113495","2066330121","1.59286"
"2120385275","2132695268","0.142857"
"2132695268","2120385275","0.142857"
"2120385275","2134716336","0.309524"
"2134716336","2120385275","0.309524"
"2120385275","2137113495","0.309524"
"2137113495","2120385275","0.309524"
"2120385275","2162366870","14.5095"
"2162366870","2120385275","14.5095"
"2132695268","2137113495","1.64286"
"2137113495","2132695268","1.64286"
"1687508979","2092431575","1"
"2092431575","1687508979","1"
"1687508979","2055665491","0.333333"
"2055665491","1687508979","0.333333"
"1687508979","199837923","0.333333"
"199837923","1687508979","0.333333"
"199837923","2045591981","0.833333"
"2045591981","199837923","0.833333"
"199837923","2162366870","0.833333"
"2162366870","199837923","0.833333"
"1755288386","2064369484","2.58333"
"2064369484","1755288386","2.58333"
"1755288386","2140808147","3.41667"
"2140808147","1755288386","3.41667"
"2064369484","2140808147","2.33333"
"2140808147","2064369484","2.33333"
"1755288386","2140146215","1"
"2140146215","1755288386","1"
"1755288386","2055665491","0.5"
"2055665491","1755288386","0.5"
"2064369484","2134716336","0.5"
"2134716336","2064369484","0.5"
"2064369484","2162366870","2.25"
"2162366870","2064369484","2.25"
"1755288386","2151306184","0.25"
"2151306184","1755288386","0.25"
"2140808147","2151306184","1.75"
"2151306184","2140808147","1.75"
"1755288386","2167840324","0.5"
"2167840324","1755288386","0.5"
"2064369484","2167840324","0.75"
"2167840324","2064369484","0.75"
"2045591981","2140808147","1.08333"
"2140808147","2045591981","1.08333"
"184176171","2134716336","0.416667"
"2134716336","184176171","0.416667"
"184176171","2140146215","0.75"
"2140146215","184176171","0.75"
"184176171","2107754272","0.166667"
"2107754272","184176171","0.166667"
"2022933093","2107754272","0.333333"
"2107754272","2022933093","0.333333"
"2045591981","2107754272","1.81667"
"2107754272","2045591981","1.81667"
"2107754272","2140146215","0.166667"
"2140146215","2107754272","0.166667"
"187486543","2066330121","0.5"
"2066330121","187486543","0.5"
"1970050832","2162366870","1.33333"
"2162366870","1970050832","1.33333"
"1970050832","2107754272","2"
"2107754272","1970050832","2"
"1970050832","2064369484","0.333333"
"2064369484","1970050832","0.333333"
"1970050832","2407450436","0.333333"
"2407450436","1970050832","0.333333"
"2064369484","2407450436","0.333333"
"2407450436","2064369484","0.333333"
"2162366870","2407450436","0.333333"
"2407450436","2162366870","0.333333"
"1971656484","1979265271","1.87619"
"1979265271","1971656484","1.87619"
"1971656484","2100125672","0.733333"
"2100125672","1971656484","0.733333"
"1979018646","1979265271","4.63571"
"1979265271","1979018646","4.63571"
"1979018646","2100125672","1.04286"
"2100125672","1979018646","1.04286"
"1979265271","2076225782","4.40952"
"2076225782","1979265271","4.40952"
"1979265271","2100125672","1.70952"
"2100125672","1979265271","1.70952"
"1979265271","2134716336","0.742857"
"2134716336","1979265271","0.742857"
"2076225782","2100125672","1.9"
"2100125672","2076225782","1.9"
"2100125672","2134716336","0.733333"
"2134716336","2100125672","0.733333"
"1971656484","2061814530","0.5"
"2061814530","1971656484","0.5"
"1971656484","2132695268","3.26905"
"2132695268","1971656484","3.26905"
"2061814530","2132695268","1"
"2132695268","2061814530","1"
"1971656484","2147810104","7.95"
"2147810104","1971656484","7.95"
"1979018646","2147810104","2.61667"
"2147810104","1979018646","2.61667"
"1971656484","1976487972","0.142857"
"1976487972","1971656484","0.142857"
"1971656484","2400395547","0.452381"
"2400395547","1971656484","0.452381"
"1976487972","1979018646","0.985714"
"1979018646","1976487972","0.985714"
"1976487972","1979265271","1.31905"
"1979265271","1976487972","1.31905"
"1976487972","2076225782","1.17619"
"2076225782","1976487972","1.17619"
"1976487972","2132695268","1.23571"
"2132695268","1976487972","1.23571"
"1976487972","2134716336","0.342857"
"2134716336","1976487972","0.342857"
"1976487972","2400395547","0.142857"
"2400395547","1976487972","0.142857"
"1979018646","2400395547","0.452381"
"2400395547","1979018646","0.452381"
"1979265271","2132695268","1.40238"
"2132695268","1979265271","1.40238"
"1979265271","2400395547","0.142857"
"2400395547","1979265271","0.142857"
"2076225782","2400395547","0.452381"
"2400395547","2076225782","0.452381"
"2132695268","2400395547","0.952381"
"2400395547","2132695268","0.952381"
"2134716336","2400395547","0.285714"
"2400395547","2134716336","0.285714"
"1971656484","2417219265","0.142857"
"2417219265","1971656484","0.142857"
"1979018646","2417219265","0.142857"
"2417219265","1979018646","0.142857"
"2076225782","2417219265","0.142857"
"2417219265","2076225782","0.142857"
"2132695268","2417219265","2.14286"
"2417219265","2132695268","2.14286"
"2134716336","2417219265","0.142857"
"2417219265","2134716336","0.142857"
"2162366870","2400395547","0.142857"
"2400395547","2162366870","0.142857"
"2162366870","2417219265","0.142857"
"2417219265","2162366870","0.142857"
"2400395547","2417219265","0.142857"
"2417219265","2400395547","0.142857"
"1971656484","2883438944","0.783333"
"2883438944","1971656484","0.783333"
"1979018646","2883438944","0.583333"
"2883438944","1979018646","0.583333"
"2076225782","2883438944","0.783333"
"2883438944","2076225782","0.783333"
"2147810104","2883438944","0.416667"
"2883438944","2147810104","0.416667"
"2132695268","2883438944","1.53333"
"2883438944","2132695268","1.53333"
"2132695268","2884230692","0.533333"
"2884230692","2132695268","0.533333"
"2400395547","2883438944","0.666667"
"2883438944","2400395547","0.666667"
"2400395547","2884230692","0.166667"
"2884230692","2400395547","0.166667"
"2883438944","2884230692","1.33333"
"2884230692","2883438944","1.33333"
"2147810104","2884230692","2.36667"
"2884230692","2147810104","2.36667"
"1971656484","2107754272","0.2"
"2107754272","1971656484","0.2"
"2107754272","2883438944","0.2"
"2883438944","2107754272","0.2"
"2162366870","2883438944","0.2"
"2883438944","2162366870","0.2"
"2100125672","2147810104","0.333333"
"2147810104","2100125672","0.333333"
"1976487972","1997900506","0.392857"
"1997900506","1976487972","0.392857"
"1976487972","2031699834","0.392857"
"2031699834","1976487972","0.392857"
"1976487972","2124702291","0.392857"
"2124702291","1976487972","0.392857"
"1997900506","2031699834","0.642857"
"2031699834","1997900506","0.642857"
"1997900506","2124702291","2.05952"
"2124702291","1997900506","2.05952"
"1997900506","2132695268","2.89286"
"2132695268","1997900506","2.89286"
"2031699834","2124702291","0.72619"
"2124702291","2031699834","0.72619"
"2031699834","2132695268","1.39286"
"2132695268","2031699834","1.39286"
"2124702291","2132695268","4.55952"
"2132695268","2124702291","4.55952"
"1976487972","2100125672","0.47619"
"2100125672","1976487972","0.47619"
"1979018646","1997900506","0.142857"
"1997900506","1979018646","0.142857"
"1979018646","2031699834","0.142857"
"2031699834","1979018646","0.142857"
"1979018646","2124702291","0.142857"
"2124702291","1979018646","0.142857"
"1979265271","1997900506","1.14286"
"1997900506","1979265271","1.14286"
"1979265271","2031699834","0.142857"
"2031699834","1979265271","0.142857"
"1979265271","2124702291","0.97619"
"2124702291","1979265271","0.97619"
"1997900506","2100125672","0.142857"
"2100125672","1997900506","0.142857"
"2031699834","2100125672","0.142857"
"2100125672","2031699834","0.142857"
"2100125672","2124702291","2.47619"
"2124702291","2100125672","2.47619"
"2100125672","2132695268","2.14286"
"2132695268","2100125672","2.14286"
"1979018646","2107754272","0.25"
"2107754272","1979018646","0.25"
"1979265271","2107754272","0.25"
"2107754272","1979265271","0.25"
"1979265271","2147810104","1.25"
"2147810104","1979265271","1.25"
"2076225782","2124702291","1.33333"
"2124702291","2076225782","1.33333"
"1979265271","2162366870","2"
"2162366870","1979265271","2"
"1983723499","2168401554","2.5"
"2168401554","1983723499","2.5"
"1983723499","2078887420","1"
"2078887420","1983723499","1"
"1983723499","2066330121","2"
"2066330121","1983723499","2"
"1983723499","2140146215","1.5"
"2140146215","1983723499","1.5"
"1983723499","2140808147","1"
"2140808147","1983723499","1"
"2140808147","2168401554","0.5"
"2168401554","2140808147","0.5"
"1983723499","2132695268","1.33333"
"2132695268","1983723499","1.33333"
"1983723499","2730902691","0.333333"
"2730902691","1983723499","0.333333"
"2132695268","2730902691","0.666667"
"2730902691","2132695268","0.666667"
"2162366870","2730902691","1.66667"
"2730902691","2162366870","1.66667"
"1983723499","2169780404","0.5"
"2169780404","1983723499","0.5"
"1983723499","2055665491","1"
"2055665491","1983723499","1"
"2105324142","2137113495","1.41667"
"2137113495","2105324142","1.41667"
"1983723499","199837923","1"
"199837923","1983723499","1"
"1990989132","2022933093","0.5"
"2022933093","1990989132","0.5"
"1990989132","2092431575","0.666667"
"2092431575","1990989132","0.666667"
"1990989132","2140146215","0.333333"
"2140146215","1990989132","0.333333"
"2092431575","2140146215","0.809524"
"2140146215","2092431575","0.809524"
"1990989132","2055665491","0.5"
"2055665491","1990989132","0.5"
"1990989132","2120385275","0.2"
"2120385275","1990989132","0.2"
"1990989132","2168401554","0.2"
"2168401554","1990989132","0.2"
"2078887420","2120385275","2.7"
"2120385275","2078887420","2.7"
"2078887420","2168401554","0.2"
"2168401554","2078887420","0.2"
"2120385275","2168401554","0.2"
"2168401554","2120385275","0.2"
"1996073671","2140146215","4.64286"
"2140146215","1996073671","4.64286"
"2133824053","2140146215","0.142857"
"2140146215","2133824053","0.142857"
"1996073671","2169780404","1"
"2169780404","1996073671","1"
"1997900506","2107754272","2.16667"
"2107754272","1997900506","2.16667"
"1997900506","2162366870","3.16667"
"2162366870","1997900506","3.16667"
"1997900506","2092431575","0.5"
"2092431575","1997900506","0.5"
"1997900506","2076225782","3.5"
"2076225782","1997900506","3.5"
"1997900506","2147810104","4"
"2147810104","1997900506","4"
"1997900506","2213516720","2.25"
"2213516720","1997900506","2.25"
"1997900506","2109230338","5.75"
"2109230338","1997900506","5.75"
"1997900506","2063280063","0.666667"
"2063280063","1997900506","0.666667"
"2063280063","2162366870","2.16667"
"2162366870","2063280063","2.16667"
"1997900506","2136534879","0.25"
"2136534879","1997900506","0.25"
"2031699834","2109230338","0.25"
"2109230338","2031699834","0.25"
"2031699834","2136534879","0.25"
"2136534879","2031699834","0.25"
"2031699834","2213516720","0.25"
"2213516720","2031699834","0.25"
"2109230338","2136534879","0.25"
"2136534879","2109230338","0.25"
"2109230338","2213516720","0.25"
"2213516720","2109230338","0.25"
"2136534879","2213516720","0.25"
"2213516720","2136534879","0.25"
"1997900506","2000207942","0.166667"
"2000207942","1997900506","0.166667"
"1997900506","2022933093","0.166667"
"2022933093","1997900506","0.166667"
"2000207942","2022933093","0.166667"
"2022933093","2000207942","0.166667"
"2000207942","2063280063","0.166667"
"2063280063","2000207942","0.166667"
"2000207942","2107754272","0.166667"
"2107754272","2000207942","0.166667"
"2000207942","2124702291","0.166667"
