"106100993","151081935","0.166667"
"151081935","106100993","0.166667"
"106100993","2016605235","0.166667"
"2016605235","106100993","0.166667"
"106100993","2033041202","0.166667"
"2033041202","106100993","0.166667"
"106100993","2043906561","0.166667"
"2043906561","106100993","0.166667"
"106100993","2907251206","0.166667"
"2907251206","106100993","0.166667"
"106100993","82661445","0.166667"
"82661445","106100993","0.166667"
"151081935","2016605235","0.791667"
"2016605235","151081935","0.791667"
"151081935","2033041202","3.37424"
"2033041202","151081935","3.37424"
"151081935","2043906561","0.291667"
"2043906561","151081935","0.291667"
"151081935","2907251206","1.91667"
"2907251206","151081935","1.91667"
"151081935","82661445","0.291667"
"82661445","151081935","0.291667"
"2016605235","2033041202","1.29167"
"2033041202","2016605235","1.29167"
"2016605235","2043906561","0.166667"
"2043906561","2016605235","0.166667"
"2016605235","2907251206","0.625"
"2907251206","2016605235","0.625"
"2016605235","82661445","0.791667"
"82661445","2016605235","0.791667"
"2033041202","2043906561","2.29167"
"2043906561","2033041202","2.29167"
"2033041202","2907251206","1.08333"
"2907251206","2033041202","1.08333"
"2033041202","82661445","1.29167"
"82661445","2033041202","1.29167"
"2043906561","2907251206","0.291667"
"2907251206","2043906561","0.291667"
"2043906561","82661445","2.16667"
"82661445","2043906561","2.16667"
"2907251206","82661445","0.291667"
"82661445","2907251206","0.291667"
"121327980","2043258212","1"
"2043258212","121327980","1"
"121327980","2399663313","1"
"2399663313","121327980","1"
"2043258212","2399663313","1.90833"
"2399663313","2043258212","1.90833"
"121327980","2016605235","0.5"
"2016605235","121327980","0.5"
"121327980","82661445","0.5"
"82661445","121327980","0.5"
"121327980","20121696","1"
"20121696","121327980","1"
"151081935","2153009071","2.54924"
"2153009071","151081935","2.54924"
"2153009071","2907251206","0.958333"
"2907251206","2153009071","0.958333"
"151081935","2096718268","2.03333"
"2096718268","151081935","2.03333"
"2096718268","2153009071","0.625"
"2153009071","2096718268","0.625"
"151081935","2016969677","3.20758"
"2016969677","151081935","3.20758"
"2016969677","2096718268","1.2"
"2096718268","2016969677","1.2"
"151081935","1994723148","0.125"
"1994723148","151081935","0.125"
"151081935","2043258212","5.66591"
"2043258212","151081935","5.66591"
"151081935","2395752687","0.458333"
"2395752687","151081935","0.458333"
"151081935","2399663313","2.11667"
"2399663313","151081935","2.11667"
"1994723148","2033041202","0.125"
"2033041202","1994723148","0.125"
"1994723148","2043258212","0.625"
"2043258212","1994723148","0.625"
"1994723148","2043906561","0.125"
"2043906561","1994723148","0.125"
"1994723148","2096718268","0.125"
"2096718268","1994723148","0.125"
"1994723148","2395752687","0.125"
"2395752687","1994723148","0.125"
"1994723148","2399663313","0.125"
"2399663313","1994723148","0.125"
"1994723148","2907251206","0.125"
"2907251206","1994723148","0.125"
"2033041202","2043258212","2.08258"
"2043258212","2033041202","2.08258"
"2033041202","2096718268","0.45"
"2096718268","2033041202","0.45"
"2033041202","2395752687","0.791667"
"2395752687","2033041202","0.791667"
"2033041202","2399663313","0.45"
"2399663313","2033041202","0.45"
"2043258212","2043906561","1.125"
"2043906561","2043258212","1.125"
"2043258212","2096718268","1.825"
"2096718268","2043258212","1.825"
"2043258212","2395752687","0.458333"
"2395752687","2043258212","0.458333"
"2043258212","2907251206","1.29167"
"2907251206","2043258212","1.29167"
"2043906561","2096718268","0.125"
"2096718268","2043906561","0.125"
"2043906561","2395752687","0.125"
"2395752687","2043906561","0.125"
"2043906561","2399663313","0.125"
"2399663313","2043906561","0.125"
"2096718268","2395752687","0.125"
"2395752687","2096718268","0.125"
"2096718268","2399663313","1.03333"
"2399663313","2096718268","1.03333"
"2096718268","2907251206","0.583333"
"2907251206","2096718268","0.583333"
"2395752687","2399663313","0.125"
"2399663313","2395752687","0.125"
"2395752687","2907251206","1.125"
"2907251206","2395752687","1.125"
"2399663313","2907251206","0.916667"
"2907251206","2399663313","0.916667"
"2016969677","2043258212","7.45758"
"2043258212","2016969677","7.45758"
"151081935","1965652718","1.25"
"1965652718","151081935","1.25"
"151081935","2151701102","0.125"
"2151701102","151081935","0.125"
"2016605235","2096718268","0.125"
"2096718268","2016605235","0.125"
"2016605235","2151701102","0.125"
"2151701102","2016605235","0.125"
"2016605235","2153009071","0.458333"
"2153009071","2016605235","0.458333"
"2016605235","2399663313","0.125"
"2399663313","2016605235","0.125"
"2033041202","2151701102","0.125"
"2151701102","2033041202","0.125"
"2033041202","2153009071","1.21591"
"2153009071","2033041202","1.21591"
"2096718268","2151701102","0.125"
"2151701102","2096718268","0.125"
"2096718268","82661445","0.125"
"82661445","2096718268","0.125"
"2151701102","2153009071","0.125"
"2153009071","2151701102","0.125"
"2151701102","2399663313","0.125"
"2399663313","2151701102","0.125"
"2151701102","2907251206","0.125"
"2907251206","2151701102","0.125"
"2151701102","82661445","0.125"
"82661445","2151701102","0.125"
"2153009071","2399663313","0.125"
"2399663313","2153009071","0.125"
"2153009071","82661445","0.125"
"82661445","2153009071","0.125"
"2399663313","82661445","0.125"
"82661445","2399663313","0.125"
"2016605235","2043258212","0.5"
"2043258212","2016605235","0.5"
"1965652718","2016969677","0.25"
"2016969677","1965652718","0.25"
"1965652718","2043258212","0.25"
"2043258212","1965652718","0.25"
"1965652718","2096718268","0.25"
"2096718268","1965652718","0.25"
"2016969677","2153009071","0.924242"
"2153009071","2016969677","0.924242"
"2043258212","2153009071","1.42424"
"2153009071","2043258212","1.42424"
"151081935","1592032296","0.0909091"
"1592032296","151081935","0.0909091"
"151081935","1965251545","0.0909091"
"1965251545","151081935","0.0909091"
"151081935","1989257605","0.0909091"
"1989257605","151081935","0.0909091"
"151081935","2047123409","0.0909091"
"2047123409","151081935","0.0909091"
"151081935","2588973091","0.0909091"
"2588973091","151081935","0.0909091"
"151081935","2622811080","0.0909091"
"2622811080","151081935","0.0909091"
"151081935","2752793120","0.0909091"
"2752793120","151081935","0.0909091"
"1592032296","1965251545","0.590909"
"1965251545","1592032296","0.590909"
"1592032296","1989257605","0.0909091"
"1989257605","1592032296","0.0909091"
"1592032296","2016969677","0.0909091"
"2016969677","1592032296","0.0909091"
"1592032296","2033041202","0.0909091"
"2033041202","1592032296","0.0909091"
"1592032296","2043258212","1.09091"
"2043258212","1592032296","1.09091"
"1592032296","2047123409","0.0909091"
"2047123409","1592032296","0.0909091"
"1592032296","2153009071","0.0909091"
"2153009071","1592032296","0.0909091"
"1592032296","2588973091","0.0909091"
"2588973091","1592032296","0.0909091"
"1592032296","2622811080","0.0909091"
"2622811080","1592032296","0.0909091"
"1592032296","2752793120","0.0909091"
"2752793120","1592032296","0.0909091"
"1965251545","1989257605","0.0909091"
"1989257605","1965251545","0.0909091"
"1965251545","2016969677","0.0909091"
"2016969677","1965251545","0.0909091"
"1965251545","2033041202","0.0909091"
"2033041202","1965251545","0.0909091"
"1965251545","2043258212","0.0909091"
"2043258212","1965251545","0.0909091"
"1965251545","2047123409","0.0909091"
"2047123409","1965251545","0.0909091"
"1965251545","2153009071","0.0909091"
"2153009071","1965251545","0.0909091"
"1965251545","2588973091","0.0909091"
"2588973091","1965251545","0.0909091"
"1965251545","2622811080","0.0909091"
"2622811080","1965251545","0.0909091"
"1965251545","2752793120","0.0909091"
"2752793120","1965251545","0.0909091"
"1989257605","2016969677","0.0909091"
"2016969677","1989257605","0.0909091"
"1989257605","2033041202","0.0909091"
"2033041202","1989257605","0.0909091"
"1989257605","2043258212","0.0909091"
"2043258212","1989257605","0.0909091"
"1989257605","2047123409","0.0909091"
"2047123409","1989257605","0.0909091"
"1989257605","2153009071","0.0909091"
"2153009071","1989257605","0.0909091"
"1989257605","2588973091","0.0909091"
"2588973091","1989257605","0.0909091"
"1989257605","2622811080","0.0909091"
"2622811080","1989257605","0.0909091"
"1989257605","2752793120","0.0909091"
"2752793120","1989257605","0.0909091"
"2016969677","2033041202","0.624242"
"2033041202","2016969677","0.624242"
"2016969677","2047123409","0.0909091"
"2047123409","2016969677","0.0909091"
"2016969677","2588973091","0.0909091"
"2588973091","2016969677","0.0909091"
"2016969677","2622811080","0.0909091"
"2622811080","2016969677","0.0909091"
"2016969677","2752793120","0.0909091"
"2752793120","2016969677","0.0909091"
"2033041202","2047123409","0.590909"
"2047123409","2033041202","0.590909"
"2033041202","2588973091","0.0909091"
"2588973091","2033041202","0.0909091"
"2033041202","2622811080","0.0909091"
"2622811080","2033041202","0.0909091"
"2033041202","2752793120","0.0909091"
"2752793120","2033041202","0.0909091"
"2043258212","2047123409","0.0909091"
"2047123409","2043258212","0.0909091"
"2043258212","2588973091","0.0909091"
"2588973091","2043258212","0.0909091"
"2043258212","2622811080","0.0909091"
"2622811080","2043258212","0.0909091"
"2043258212","2752793120","0.0909091"
"2752793120","2043258212","0.0909091"
"2047123409","2153009071","0.0909091"
"2153009071","2047123409","0.0909091"
"2047123409","2588973091","0.0909091"
"2588973091","2047123409","0.0909091"
"2047123409","2622811080","0.0909091"
"2622811080","2047123409","0.0909091"
"2047123409","2752793120","0.0909091"
"2752793120","2047123409","0.0909091"
"2153009071","2588973091","0.0909091"
"2588973091","2153009071","0.0909091"
"2153009071","2622811080","0.0909091"
"2622811080","2153009071","0.0909091"
"2153009071","2752793120","0.0909091"
"2752793120","2153009071","0.0909091"
"2588973091","2622811080","0.0909091"
"2622811080","2588973091","0.0909091"
"2588973091","2752793120","0.0909091"
"2752793120","2588973091","0.0909091"
"2622811080","2752793120","0.0909091"
"2752793120","2622811080","0.0909091"
"151081935","2110854573","1"
"2110854573","151081935","1"
"2016969677","2399663313","0.45"
"2399663313","2016969677","0.45"
"1592032296","2395752687","0.5"
"2395752687","1592032296","0.5"
"1965251545","2395752687","0.5"
"2395752687","1965251545","0.5"
"1592032296","2892096730","1.5"
"2892096730","1592032296","1.5"
"1592032296","2573613236","0.5"
"2573613236","1592032296","0.5"
"2573613236","2892096730","0.5"
"2892096730","2573613236","0.5"
"1965251545","2892096730","1"
"2892096730","1965251545","1"
"1965652718","2153009071","1"
"2153009071","1965652718","1"
"1965652718","2395752687","1"
"2395752687","1965652718","1"
"1989257605","2045446942","1"
"2045446942","1989257605","1"
"1994723148","2016969677","0.5"
"2016969677","1994723148","0.5"
"2001338635","2045446942","1"
"2045446942","2001338635","1"
"2016605235","2650332","2"
"2650332","2016605235","2"
"2016605235","2395752687","0.333333"
"2395752687","2016605235","0.333333"
"2153009071","2395752687","0.333333"
"2395752687","2153009071","0.333333"
"2016969677","2045446942","0.75"
"2045446942","2016969677","0.75"
"2043258212","2045446942","0.75"
"2045446942","2043258212","0.75"
"2045446942","2096718268","0.25"
"2096718268","2045446942","0.25"
"2045446942","2399663313","0.25"
"2399663313","2045446942","0.25"
"2016969677","26272141","0.5"
"26272141","2016969677","0.5"
"2043258212","26272141","0.5"
"26272141","2043258212","0.5"
"2016969677","2602193621","0.5"
"2602193621","2016969677","0.5"
"2153009071","2602193621","0.5"
"2602193621","2153009071","0.5"
"2029561356","2043258212","0.5"
"2043258212","2029561356","0.5"
"2029561356","2068296239","1.5"
"2068296239","2029561356","1.5"
"2043258212","2068296239","0.5"
"2068296239","2043258212","0.5"
"2029561356","2499111264","1"
"2499111264","2029561356","1"
"2033041202","2510197392","0.5"
"2510197392","2033041202","0.5"
"2047123409","2510197392","0.5"
"2510197392","2047123409","0.5"
"2043258212","2980711094","0.5"
"2980711094","2043258212","0.5"
"2907251206","2980711094","0.5"
"2980711094","2907251206","0.5"
"2045446942","2625641240","1"
"2625641240","2045446942","1"
"2045446942","2753192334","0.333333"
"2753192334","2045446942","0.333333"
"2045446942","2809903073","0.333333"
"2809903073","2045446942","0.333333"
"2045446942","2810961898","0.333333"
"2810961898","2045446942","0.333333"
"2753192334","2809903073","0.333333"
"2809903073","2753192334","0.333333"
"2753192334","2810961898","0.333333"
"2810961898","2753192334","0.333333"
"2809903073","2810961898","0.333333"
"2810961898","2809903073","0.333333"
"2048643321","2159687211","0.5"
"2159687211","2048643321","0.5"
"2048643321","246089850","0.5"
"246089850","2048643321","0.5"
"2159687211","246089850","0.5"
"246089850","2159687211","0.5"
