"119043370","1599483641","1.1506"
"1599483641","119043370","1.1506"
"119043370","2036558053","0.395833"
"2036558053","119043370","0.395833"
"119043370","2129241187","1.2506"
"2129241187","119043370","1.2506"
"1599483641","2036558053","1.80912"
"2036558053","1599483641","1.80912"
"1599483641","2129241187","3.48128"
"2129241187","1599483641","3.48128"
"2036558053","2129241187","1.22181"
"2129241187","2036558053","1.22181"
"119043370","1484259467","0.767262"
"1484259467","119043370","0.767262"
"119043370","2100192664","0.333929"
"2100192664","119043370","0.333929"
"119043370","2167918188","0.433929"
"2167918188","119043370","0.433929"
"119043370","2507930301","0.2"
"2507930301","119043370","0.2"
"1484259467","2100192664","3.88879"
"2100192664","1484259467","3.88879"
"1484259467","2129241187","1.37245"
"2129241187","1484259467","1.37245"
"1484259467","2167918188","1.87927"
"2167918188","1484259467","1.87927"
"1484259467","2507930301","0.2"
"2507930301","1484259467","0.2"
"2100192664","2129241187","2.91412"
"2129241187","2100192664","2.91412"
"2100192664","2167918188","2.12213"
"2167918188","2100192664","2.12213"
"2100192664","2507930301","0.2"
"2507930301","2100192664","0.2"
"2129241187","2167918188","2.38961"
"2167918188","2129241187","2.38961"
"2129241187","2507930301","0.2"
"2507930301","2129241187","0.2"
"2167918188","2507930301","0.2"
"2507930301","2167918188","0.2"
"119043370","1593079038","0.483929"
"1593079038","119043370","0.483929"
"119043370","1884337257","0.233929"
"1884337257","119043370","0.233929"
"119043370","1921219499","0.133929"
"1921219499","119043370","0.133929"
"119043370","1939533463","0.133929"
"1939533463","119043370","0.133929"
"119043370","2041647139","0.133929"
"2041647139","119043370","0.133929"
"119043370","2070053993","0.0714286"
"2070053993","119043370","0.0714286"
"119043370","2119413617","0.233929"
"2119413617","119043370","0.233929"
"119043370","2139096462","0.233929"
"2139096462","119043370","0.233929"
"119043370","98249619","0.133929"
"98249619","119043370","0.133929"
"1484259467","1593079038","1.20943"
"1593079038","1484259467","1.20943"
"1484259467","1599483641","2.87137"
"1599483641","1484259467","2.87137"
"1484259467","1884337257","1.16977"
"1884337257","1484259467","1.16977"
"1484259467","1921219499","0.224838"
"1921219499","1484259467","0.224838"
"1484259467","1939533463","0.276085"
"1939533463","1484259467","0.276085"
"1484259467","2041647139","0.283661"
"2041647139","1484259467","0.283661"
"1484259467","2070053993","0.515873"
"2070053993","1484259467","0.515873"
"1484259467","2119413617","4.28879"
"2119413617","1484259467","4.28879"
"1484259467","2139096462","3.23046"
"2139096462","1484259467","3.23046"
"1484259467","98249619","0.726493"
"98249619","1484259467","0.726493"
"1593079038","1599483641","5.04674"
"1599483641","1593079038","5.04674"
"1593079038","1884337257","1.37047"
"1884337257","1593079038","1.37047"
"1593079038","1921219499","0.335949"
"1921219499","1593079038","0.335949"
"1593079038","1939533463","0.133929"
"1939533463","1593079038","0.133929"
"1593079038","2041647139","1.90103"
"2041647139","1593079038","1.90103"
"1593079038","2070053993","1.18254"
"2070053993","1593079038","1.18254"
"1593079038","2100192664","0.836382"
"2100192664","1593079038","0.836382"
"1593079038","2119413617","0.593525"
"2119413617","1593079038","0.593525"
"1593079038","2129241187","0.62004"
"2129241187","1593079038","0.62004"
"1593079038","2139096462","2.65186"
"2139096462","1593079038","2.65186"
"1593079038","2167918188","1.39035"
"2167918188","1593079038","1.39035"
"1593079038","98249619","0.507413"
"98249619","1593079038","0.507413"
"1599483641","1884337257","1.29526"
"1884337257","1599483641","1.29526"
"1599483641","1921219499","1.43595"
"1921219499","1599483641","1.43595"
"1599483641","1939533463","0.376085"
"1939533463","1599483641","0.376085"
"1599483641","2041647139","4.37582"
"2041647139","1599483641","4.37582"
"1599483641","2070053993","2.68254"
"2070053993","1599483641","2.68254"
"1599483641","2100192664","3.92213"
"2100192664","1599483641","3.92213"
"1599483641","2119413617","4.48095"
"2119413617","1599483641","4.48095"
"1599483641","2139096462","4.72262"
"2139096462","1599483641","4.72262"
"1599483641","2167918188","2.85873"
"2167918188","1599483641","2.85873"
"1599483641","98249619","1.80198"
"98249619","1599483641","1.80198"
"1884337257","1921219499","0.233929"
"1921219499","1884337257","0.233929"
"1884337257","1939533463","0.376085"
"1939533463","1884337257","0.376085"
"1884337257","2041647139","0.485342"
"2041647139","1884337257","0.485342"
"1884337257","2070053993","0.78254"
"2070053993","1884337257","0.78254"
"1884337257","2100192664","0.787629"
"2100192664","1884337257","0.787629"
"1884337257","2119413617","1.22026"
"2119413617","1884337257","1.22026"
"1884337257","2129241187","0.67102"
"2129241187","1884337257","0.67102"
"1884337257","2139096462","1.2286"
"2139096462","1884337257","1.2286"
"1884337257","2167918188","1.14645"
"2167918188","1884337257","1.14645"
"1884337257","98249619","0.717485"
"98249619","1884337257","0.717485"
"1921219499","1939533463","0.233929"
"1939533463","1921219499","0.233929"
"1921219499","2041647139","0.633929"
"2041647139","1921219499","0.633929"
"1921219499","2070053993","0.171429"
"2070053993","1921219499","0.171429"
"1921219499","2100192664","0.491504"
"2100192664","1921219499","0.491504"
"1921219499","2119413617","0.400595"
"2119413617","1921219499","0.400595"
"1921219499","2129241187","0.650595"
"2129241187","1921219499","0.650595"
"1921219499","2139096462","0.224838"
"2139096462","1921219499","0.224838"
"1921219499","2167918188","0.435949"
"2167918188","1921219499","0.435949"
"1921219499","98249619","1.81726"
"98249619","1921219499","1.81726"
"1939533463","2041647139","0.192752"
"2041647139","1939533463","0.192752"
"1939533463","2070053993","2.67143"
"2070053993","1939533463","2.67143"
"1939533463","2100192664","0.376085"
"2100192664","1939533463","0.376085"
"1939533463","2119413617","0.292752"
"2119413617","1939533463","0.292752"
"1939533463","2129241187","0.376085"
"2129241187","1939533463","0.376085"
"1939533463","2139096462","0.276085"
"2139096462","1939533463","0.276085"
"1939533463","2167918188","0.376085"
"2167918188","1939533463","0.376085"
"1939533463","98249619","0.376085"
"98249619","1939533463","0.376085"
"2041647139","2070053993","0.571429"
"2070053993","2041647139","0.571429"
"2041647139","2100192664","1.12652"
"2100192664","2041647139","1.12652"
"2041647139","2119413617","0.342485"
"2119413617","2041647139","0.342485"
"2041647139","2129241187","0.251576"
"2129241187","2041647139","0.251576"
"2041647139","2139096462","1.04248"
"2139096462","2041647139","1.04248"
"2041647139","2167918188","0.685342"
"2167918188","2041647139","0.685342"
"2041647139","98249619","0.342485"
"98249619","2041647139","0.342485"
"2070053993","2100192664","1.34921"
"2100192664","2070053993","1.34921"
"2070053993","2119413617","1.28254"
"2119413617","2070053993","1.28254"
"2070053993","2129241187","0.98254"
"2129241187","2070053993","0.98254"
"2070053993","2139096462","1.58254"
"2139096462","2070053993","1.58254"
"2070053993","2167918188","1.18254"
"2167918188","2070053993","1.18254"
"2070053993","98249619","2.17143"
"98249619","2070053993","2.17143"
"2100192664","2119413617","1.81455"
"2119413617","2100192664","1.81455"
"2100192664","2139096462","2.40546"
"2139096462","2100192664","2.40546"
"2100192664","98249619","0.610584"
"98249619","2100192664","0.610584"
"2119413617","2129241187","1.82294"
"2129241187","2119413617","1.82294"
"2119413617","2139096462","1.70671"
"2139096462","2119413617","1.70671"
"2119413617","2167918188","1.83052"
"2167918188","2119413617","1.83052"
"2119413617","98249619","0.676984"
"98249619","2119413617","0.676984"
"2129241187","2139096462","2.04794"
"2139096462","2129241187","2.04794"
"2129241187","98249619","0.636832"
"98249619","2129241187","0.636832"
"2139096462","2167918188","2.03809"
"2167918188","2139096462","2.03809"
"2139096462","98249619","0.694408"
"98249619","2139096462","0.694408"
"2167918188","98249619","1.00274"
"98249619","2167918188","1.00274"
"119043370","2289630961","0.25"
"2289630961","119043370","0.25"
"1593079038","2289630961","1.37468"
"2289630961","1593079038","1.37468"
"1599483641","2289630961","2.5509"
"2289630961","1599483641","2.5509"
"2129241187","2289630961","0.552413"
"2289630961","2129241187","0.552413"
"119043370","1933560281","0.1"
"1933560281","119043370","0.1"
"119043370","2015003416","0.1"
"2015003416","119043370","0.1"
"119043370","756452073","0.1"
"756452073","119043370","0.1"
"1484259467","1933560281","0.190909"
"1933560281","1484259467","0.190909"
"1484259467","2015003416","0.548485"
"2015003416","1484259467","0.548485"
"1484259467","756452073","0.925166"
"756452073","1484259467","0.925166"
"1593079038","1933560281","0.30202"
"1933560281","1593079038","0.30202"
"1593079038","2015003416","1.88182"
"2015003416","1593079038","1.88182"
"1593079038","756452073","1.07031"
"756452073","1593079038","1.07031"
"1599483641","1933560281","1.46869"
"1933560281","1599483641","1.46869"
"1599483641","2015003416","3.71515"
"2015003416","1599483641","3.71515"
"1599483641","756452073","2.65462"
"756452073","1599483641","2.65462"
"1884337257","1933560281","0.1"
"1933560281","1884337257","0.1"
"1884337257","2015003416","0.457576"
"2015003416","1884337257","0.457576"
"1884337257","756452073","0.752171"
"756452073","1884337257","0.752171"
"1933560281","2015003416","0.190909"
"2015003416","1933560281","0.190909"
"1933560281","2119413617","0.266667"
"2119413617","1933560281","0.266667"
"1933560281","2139096462","0.190909"
"2139096462","1933560281","0.190909"
"1933560281","2167918188","0.30202"
"2167918188","1933560281","0.30202"
"1933560281","756452073","0.468687"
"756452073","1933560281","0.468687"
"2015003416","2119413617","0.257576"
"2119413617","2015003416","0.257576"
"2015003416","2139096462","1.54848"
"2139096462","2015003416","1.54848"
"2015003416","2167918188","0.681818"
"2167918188","2015003416","0.681818"
"2015003416","756452073","0.257576"
"756452073","2015003416","0.257576"
"2119413617","756452073","2.01808"
"756452073","2119413617","2.01808"
"2139096462","756452073","0.64308"
"756452073","2139096462","0.64308"
"2167918188","756452073","0.772048"
"756452073","2167918188","0.772048"
"119043370","1491694306","0.0625"
"1491694306","119043370","0.0625"
"119043370","1504664307","0.0625"
"1504664307","119043370","0.0625"
"1484259467","1491694306","0.0625"
"1491694306","1484259467","0.0625"
"1484259467","1504664307","0.205357"
"1504664307","1484259467","0.205357"
"1484259467","2036558053","0.329657"
"2036558053","1484259467","0.329657"
"1491694306","1504664307","0.0625"
"1504664307","1491694306","0.0625"
"1491694306","1593079038","0.0625"
"1593079038","1491694306","0.0625"
"1491694306","1599483641","0.0625"
"1599483641","1491694306","0.0625"
"1491694306","1884337257","0.0625"
"1884337257","1491694306","0.0625"
"1491694306","1921219499","0.0625"
"1921219499","1491694306","0.0625"
"1491694306","1939533463","0.0625"
"1939533463","1491694306","0.0625"
"1491694306","2036558053","0.0625"
"2036558053","1491694306","0.0625"
"1491694306","2041647139","0.0625"
"2041647139","1491694306","0.0625"
"1491694306","2100192664","0.0625"
"2100192664","1491694306","0.0625"
"1491694306","2119413617","0.0625"
"2119413617","1491694306","0.0625"
"1491694306","2129241187","0.0625"
"2129241187","1491694306","0.0625"
"1491694306","2139096462","0.0625"
"2139096462","1491694306","0.0625"
"1491694306","2167918188","0.0625"
"2167918188","1491694306","0.0625"
"1491694306","98249619","0.395833"
"98249619","1491694306","0.395833"
"1504664307","1593079038","0.0625"
"1593079038","1504664307","0.0625"
"1504664307","1599483641","0.205357"
"1599483641","1504664307","0.205357"
"1504664307","1884337257","0.0625"
"1884337257","1504664307","0.0625"
"1504664307","1921219499","0.0625"
"1921219499","1504664307","0.0625"
"1504664307","1939533463","0.0625"
"1939533463","1504664307","0.0625"
"1504664307","2036558053","0.0625"
"2036558053","1504664307","0.0625"
"1504664307","2041647139","0.0625"
"2041647139","1504664307","0.0625"
"1504664307","2100192664","0.205357"
"2100192664","1504664307","0.205357"
"1504664307","2119413617","0.205357"
"2119413617","1504664307","0.205357"
"1504664307","2129241187","0.0625"
"2129241187","1504664307","0.0625"
"1504664307","2139096462","0.205357"
"2139096462","1504664307","0.205357"
"1504664307","2167918188","0.0625"
"2167918188","1504664307","0.0625"
"1504664307","98249619","0.0625"
"98249619","1504664307","0.0625"
"1593079038","2036558053","1.44147"
"2036558053","1593079038","1.44147"
"1884337257","2036558053","0.38848"
"2036558053","1884337257","0.38848"
"1921219499","2036558053","0.173611"
"2036558053","1921219499","0.173611"
"1939533463","2036558053","0.204657"
"2036558053","1939533463","0.204657"
"2036558053","2041647139","0.180147"
"2041647139","2036558053","0.180147"
"2036558053","2100192664","0.204657"
"2100192664","2036558053","0.204657"
"2036558053","2119413617","2.01348"
"2119413617","2036558053","2.01348"
"2036558053","2139096462","0.38848"
"2139096462","2036558053","0.38848"
"2036558053","2167918188","0.850782"
"2167918188","2036558053","0.850782"
"2036558053","98249619","0.38848"
"98249619","2036558053","0.38848"
"1484259467","1500526126","0.390642"
"1500526126","1484259467","0.390642"
"1484259467","1987633640","0.309989"
"1987633640","1484259467","0.309989"
"1484259467","1993592454","0.142157"
"1993592454","1484259467","0.142157"
"1500526126","1599483641","0.760576"
"1599483641","1500526126","0.760576"
"1500526126","1884337257","0.358556"
"1884337257","1500526126","0.358556"
"1500526126","1939533463","0.142157"
"1939533463","1500526126","0.142157"
"1500526126","1987633640","1.403"
"1987633640","1500526126","1.403"
"1500526126","1993592454","0.20098"
"1993592454","1500526126","0.20098"
"1500526126","2036558053","0.312091"
"2036558053","1500526126","0.312091"
"1500526126","2100192664","0.499733"
"2100192664","1500526126","0.499733"
"1500526126","2129241187","0.20098"
"2129241187","1500526126","0.20098"
"1500526126","2139096462","0.558556"
"2139096462","1500526126","0.558556"
"1500526126","2167918188","0.669667"
"2167918188","1500526126","0.669667"
"1500526126","98249619","0.449465"
"98249619","1500526126","0.449465"
"1599483641","1987633640","1.47992"
"1987633640","1599483641","1.47992"
"1599483641","1993592454","0.20098"
"1993592454","1599483641","0.20098"
"1884337257","1987633640","0.20098"
"1987633640","1884337257","0.20098"
"1884337257","1993592454","0.20098"
"1993592454","1884337257","0.20098"
"1939533463","1987633640","0.142157"
"1987633640","1939533463","0.142157"
"1939533463","1993592454","0.142157"
"1993592454","1939533463","0.142157"
"1987633640","1993592454","0.20098"
"1993592454","1987633640","0.20098"
"1987633640","2036558053","2.31209"
"2036558053","1987633640","2.31209"
"1987633640","2100192664","0.21908"
"2100192664","1987633640","0.21908"
"1987633640","2129241187","0.277903"
"2129241187","1987633640","0.277903"
"1987633640","2139096462","0.277903"
"2139096462","1987633640","0.277903"
"1987633640","2167918188","0.389015"
"2167918188","1987633640","0.389015"
"1987633640","98249619","0.702146"
"98249619","1987633640","0.702146"
"1993592454","2036558053","0.20098"
"2036558053","1993592454","0.20098"
"1993592454","2100192664","0.142157"
"2100192664","1993592454","0.142157"
"1993592454","2129241187","0.20098"
"2129241187","1993592454","0.20098"
"1993592454","2139096462","0.20098"
"2139096462","1993592454","0.20098"
"1993592454","2167918188","0.20098"
"2167918188","1993592454","0.20098"
"1993592454","98249619","0.20098"
"98249619","1993592454","0.20098"
"1500526126","1593079038","1.3596"
"1593079038","1500526126","1.3596"
"1500526126","2015003416","0.157576"
"2015003416","1500526126","0.157576"
"1500526126","2041647139","0.208556"
"2041647139","1500526126","0.208556"
"1500526126","2119413617","0.366132"
"2119413617","1500526126","0.366132"
"2015003416","2041647139","0.924242"
"2041647139","2015003416","0.924242"
"2015003416","2100192664","0.248485"
"2100192664","2015003416","0.248485"
"2015003416","98249619","0.490909"
"98249619","2015003416","0.490909"
"1484259467","2118867332","1.20241"
"2118867332","1484259467","1.20241"
"1484259467","829972142","0.202413"
"829972142","1484259467","0.202413"
"1500526126","2118867332","0.184314"
"2118867332","1500526126","0.184314"
"1500526126","756452073","0.386334"
"756452073","1500526126","0.386334"
"1500526126","829972142","0.184314"
"829972142","1500526126","0.184314"
"1599483641","2118867332","1.33743"
"2118867332","1599483641","1.33743"
"1599483641","829972142","0.511237"
"829972142","1599483641","0.511237"
"1884337257","2118867332","0.284314"
"2118867332","1884337257","0.284314"
"1884337257","829972142","0.184314"
"829972142","1884337257","0.184314"
"1939533463","2118867332","0.158824"
"2118867332","1939533463","0.158824"
"1939533463","756452073","0.0588235"
"756452073","1939533463","0.0588235"
"1939533463","829972142","0.0588235"
"829972142","1939533463","0.0588235"
"1987633640","2041647139","0.117647"
"2041647139","1987633640","0.117647"
"1987633640","2118867332","0.19457"
"2118867332","1987633640","0.19457"
"1987633640","2119413617","0.285479"
"2119413617","1987633640","0.285479"
"1987633640","756452073","0.653001"
"756452073","1987633640","0.653001"
"1987633640","829972142","0.19457"
"829972142","1987633640","0.19457"
"1993592454","2041647139","0.117647"
"2041647139","1993592454","0.117647"
"1993592454","2118867332","0.117647"
"2118867332","1993592454","0.117647"
"1993592454","2119413617","0.117647"
"2119413617","1993592454","0.117647"
"1993592454","756452073","0.117647"
"756452073","1993592454","0.117647"
"1993592454","829972142","0.117647"
"829972142","1993592454","0.117647"
"2036558053","2118867332","0.760504"
"2118867332","2036558053","0.760504"
"2036558053","756452073","0.496615"
"756452073","2036558053","0.496615"
"2036558053","829972142","0.117647"
"829972142","2036558053","0.117647"
"2041647139","2118867332","0.117647"
"2118867332","2041647139","0.117647"
"2041647139","756452073","0.260504"
"756452073","2041647139","0.260504"
"2041647139","829972142","0.117647"
"829972142","2041647139","0.117647"
"2100192664","2118867332","0.302413"
"2118867332","2100192664","0.302413"
"2100192664","756452073","1.33545"
"756452073","2100192664","1.33545"
"2100192664","829972142","0.36908"
"829972142","2100192664","0.36908"
"2118867332","2119413617","0.861237"
"2119413617","2118867332","0.861237"
"2118867332","2129241187","0.54457"
"2129241187","2118867332","0.54457"
"2118867332","2139096462","0.261237"
"2139096462","2118867332","0.261237"
"2118867332","2167918188","0.504094"
"2167918188","2118867332","0.504094"
"2118867332","756452073","0.577171"
"756452073","2118867332","0.577171"
"2118867332","829972142","1.1779"
"829972142","2118867332","1.1779"
"2118867332","98249619","0.94457"
"98249619","2118867332","0.94457"
"2119413617","829972142","0.261237"
"829972142","2119413617","0.261237"
"2129241187","756452073","0.82598"
"756452073","2129241187","0.82598"
"2129241187","829972142","0.611237"
"829972142","2129241187","0.611237"
"2139096462","829972142","0.261237"
"829972142","2139096462","0.261237"
"2167918188","829972142","0.261237"
"829972142","2167918188","0.261237"
"756452073","829972142","0.35098"
"829972142","756452073","0.35098"
"756452073","98249619","0.983556"
"98249619","756452073","0.983556"
"829972142","98249619","0.261237"
"98249619","829972142","0.261237"
"1484259467","1848156720","0.424242"
"1848156720","1484259467","0.424242"
"1484259467","1944852693","0.333333"
"1944852693","1484259467","0.333333"
"1848156720","1944852693","0.666667"
"1944852693","1848156720","0.666667"
"1848156720","2167918188","0.333333"
"2167918188","1848156720","0.333333"
"1944852693","2167918188","0.47619"
"2167918188","1944852693","0.47619"
"1484259467","2344120565","0.774675"
"2344120565","1484259467","0.774675"
"1504664307","2344120565","0.142857"
"2344120565","1504664307","0.142857"
"1504664307","756452073","0.142857"
"756452073","1504664307","0.142857"
"1599483641","2344120565","0.800166"
"2344120565","1599483641","0.800166"
"2100192664","2344120565","0.650433"
"2344120565","2100192664","0.650433"
"2119413617","2344120565","0.29259"
"2344120565","2119413617","0.29259"
"2139096462","2344120565","0.54259"
"2344120565","2139096462","0.54259"
"2344120565","756452073","1.55017"
"756452073","2344120565","1.55017"
"1484259467","2289630961","2.39207"
"2289630961","1484259467","2.39207"
"1593079038","2344120565","0.181818"
"2344120565","1593079038","0.181818"
"1921219499","1933560281","0.368687"
"1933560281","1921219499","0.368687"
"1921219499","2015003416","0.0909091"
"2015003416","1921219499","0.0909091"
"1921219499","2289630961","0.590909"
"2289630961","1921219499","0.590909"
"1921219499","2344120565","0.0909091"
"2344120565","1921219499","0.0909091"
"1921219499","756452073","0.618687"
"756452073","1921219499","0.618687"
"1933560281","2100192664","0.257576"
"2100192664","1933560281","0.257576"
"1933560281","2289630961","0.0909091"
"2289630961","1933560281","0.0909091"
"1933560281","2344120565","0.0909091"
"2344120565","1933560281","0.0909091"
"2015003416","2289630961","0.157576"
"2289630961","2015003416","0.157576"
"2015003416","2344120565","0.0909091"
"2344120565","2015003416","0.0909091"
"2100192664","2289630961","0.794023"
"2289630961","2100192664","0.794023"
"2139096462","2289630961","1.49332"
"2289630961","2139096462","1.49332"
"2167918188","2289630961","0.63618"
"2289630961","2167918188","0.63618"
"2167918188","2344120565","0.149733"
"2344120565","2167918188","0.149733"
"2289630961","2344120565","1.77398"
"2344120565","2289630961","1.77398"
"2289630961","756452073","2.90017"
"756452073","2289630961","2.90017"
"1484259467","2517680346","0.767832"
"2517680346","1484259467","0.767832"
"1500526126","2289630961","0.216399"
"2289630961","1500526126","0.216399"
"1500526126","2517680346","0.157576"
"2517680346","1500526126","0.157576"
"1593079038","2118867332","0.209524"
"2118867332","1593079038","0.209524"
"1593079038","2517680346","0.157576"
"2517680346","1593079038","0.157576"
"1593079038","829972142","0.0666667"
"829972142","1593079038","0.0666667"
"1599483641","2517680346","1.2345"
"2517680346","1599483641","1.2345"
"1884337257","2289630961","1.33501"
"2289630961","1884337257","1.33501"
"1884337257","2517680346","0.233333"
"2517680346","1884337257","0.233333"
"2015003416","2118867332","0.0666667"
"2118867332","2015003416","0.0666667"
"2015003416","2517680346","0.0666667"
"2517680346","2015003416","0.0666667"
"2015003416","829972142","0.0666667"
"829972142","2015003416","0.0666667"
"2100192664","2517680346","0.14359"
"2517680346","2100192664","0.14359"
"2118867332","2289630961","0.86908"
"2289630961","2118867332","0.86908"
"2118867332","2517680346","0.810256"
"2517680346","2118867332","0.810256"
"2119413617","2289630961","0.876656"
"2289630961","2119413617","0.876656"
"2119413617","2517680346","0.817832"
"2517680346","2119413617","0.817832"
"2139096462","2517680346","0.14359"
"2517680346","2139096462","0.14359"
"2167918188","2517680346","0.14359"
"2517680346","2167918188","0.14359"
"2289630961","2517680346","2.26783"
"2517680346","2289630961","2.26783"
"2289630961","829972142","1.03575"
"829972142","2289630961","1.03575"
"2289630961","98249619","1.29332"
"98249619","2289630961","1.29332"
"2517680346","756452073","1.49091"
"756452073","2517680346","1.49091"
"2517680346","829972142","0.310256"
"829972142","2517680346","0.310256"
"2517680346","98249619","0.234499"
"98249619","2517680346","0.234499"
"1500526126","1848156720","0.0909091"
"1848156720","1500526126","0.0909091"
"1500526126","2344120565","0.149733"
"2344120565","1500526126","0.149733"
"1593079038","1848156720","0.0909091"
"1848156720","1593079038","0.0909091"
"1593079038","1987633640","1.20202"
"1987633640","1593079038","1.20202"
"1599483641","1848156720","0.590909"
"1848156720","1599483641","0.590909"
"1848156720","1987633640","0.0909091"
"1987633640","1848156720","0.0909091"
"1848156720","2119413617","0.0909091"
"2119413617","1848156720","0.0909091"
"1848156720","2289630961","0.257576"
"2289630961","1848156720","0.257576"
"1848156720","2344120565","0.257576"
"2344120565","1848156720","0.257576"
"1848156720","2517680346","0.257576"
"2517680346","1848156720","0.257576"
"1848156720","756452073","0.0909091"
"756452073","1848156720","0.0909091"
"1848156720","98249619","0.0909091"
"98249619","1848156720","0.0909091"
"1987633640","2289630961","0.226656"
"2289630961","1987633640","0.226656"
"1987633640","2344120565","0.149733"
"2344120565","1987633640","0.149733"
"1987633640","2517680346","0.167832"
"2517680346","1987633640","0.167832"
"2344120565","2517680346","0.457576"
"2517680346","2344120565","0.457576"
"2344120565","98249619","0.149733"
"98249619","2344120565","0.149733"
"1484259467","2194846822","0.0769231"
"2194846822","1484259467","0.0769231"
"1599483641","2194846822","0.635747"
"2194846822","1599483641","0.635747"
"1987633640","2194846822","0.135747"
"2194846822","1987633640","0.135747"
"2100192664","2194846822","0.0769231"
"2194846822","2100192664","0.0769231"
"2118867332","2194846822","0.135747"
"2194846822","2118867332","0.135747"
"2119413617","2194846822","0.135747"
"2194846822","2119413617","0.135747"
"2129241187","2194846822","0.135747"
"2194846822","2129241187","0.135747"
"2129241187","2517680346","0.0769231"
"2517680346","2129241187","0.0769231"
"2139096462","2194846822","0.135747"
"2194846822","2139096462","0.135747"
"2167918188","2194846822","0.135747"
"2194846822","2167918188","0.135747"
"2194846822","2289630961","2.13575"
"2289630961","2194846822","2.13575"
"2194846822","2517680346","0.0769231"
"2517680346","2194846822","0.0769231"
"2194846822","829972142","0.135747"
"829972142","2194846822","0.135747"
"2194846822","98249619","2.13575"
"98249619","2194846822","2.13575"
"1484259467","2466873136","0.916667"
"2466873136","1484259467","0.916667"
"1484259467","2558976876","0.25"
"2558976876","1484259467","0.25"
"1484259467","2594879623","0.25"
"2594879623","1484259467","0.25"
"1599483641","2466873136","0.416667"
"2466873136","1599483641","0.416667"
"1599483641","2558976876","0.25"
"2558976876","1599483641","0.25"
"1599483641","2594879623","0.25"
"2594879623","1599483641","0.25"
"2466873136","2558976876","0.583333"
"2558976876","2466873136","0.583333"
"2466873136","2594879623","1.58333"
"2594879623","2466873136","1.58333"
"2558976876","2594879623","3.41667"
"2594879623","2558976876","3.41667"
"2139096462","2466873136","0.666667"
"2466873136","2139096462","0.666667"
"2289630961","2466873136","1.83333"
"2466873136","2289630961","1.83333"
"1484259467","2552764533","0.2"
"2552764533","1484259467","0.2"
"1484259467","2780141214","0.2"
"2780141214","1484259467","0.2"
"2289630961","2552764533","0.366667"
"2552764533","2289630961","0.366667"
"2289630961","2780141214","2.73333"
"2780141214","2289630961","2.73333"
"2344120565","2552764533","0.2"
"2552764533","2344120565","0.2"
"2344120565","2780141214","0.2"
"2780141214","2344120565","0.2"
"2517680346","2552764533","0.7"
"2552764533","2517680346","0.7"
"2517680346","2780141214","2.45"
"2780141214","2517680346","2.45"
"2552764533","2780141214","0.7"
"2780141214","2552764533","0.7"
"1491694306","1987633640","0.333333"
"1987633640","1491694306","0.333333"
"1491694306","756452073","0.333333"
"756452073","1491694306","0.333333"
"1491694306","2594879623","1"
"2594879623","1491694306","1"
"1500526126","2070053993","0.2"
"2070053993","1500526126","0.2"
"1500526126","2194846822","0.0588235"
"2194846822","1500526126","0.0588235"
"1884337257","2194846822","0.0588235"
"2194846822","1884337257","0.0588235"
"1884337257","2344120565","0.22549"
"2344120565","1884337257","0.22549"
"1993592454","2194846822","0.0588235"
"2194846822","1993592454","0.0588235"
"1993592454","2289630961","0.0588235"
"2289630961","1993592454","0.0588235"
"1993592454","2344120565","0.0588235"
"2344120565","1993592454","0.0588235"
"2036558053","2194846822","0.0588235"
"2194846822","2036558053","0.0588235"
"2036558053","2289630961","0.0588235"
"2289630961","2036558053","0.0588235"
"2036558053","2344120565","0.0588235"
"2344120565","2036558053","0.0588235"
"2041647139","2194846822","0.0588235"
"2194846822","2041647139","0.0588235"
"2041647139","2289630961","0.701681"
"2289630961","2041647139","0.701681"
"2041647139","2344120565","0.0588235"
"2344120565","2041647139","0.0588235"
"2118867332","2344120565","0.0588235"
"2344120565","2118867332","0.0588235"
"2129241187","2344120565","0.22549"
"2344120565","2129241187","0.22549"
"2194846822","2344120565","0.0588235"
"2344120565","2194846822","0.0588235"
"2194846822","756452073","0.0588235"
"756452073","2194846822","0.0588235"
"2344120565","829972142","0.22549"
"829972142","2344120565","0.22549"
"1500526126","1921219499","0.111111"
"1921219499","1500526126","0.111111"
"1500526126","1933560281","0.111111"
"1933560281","1500526126","0.111111"
"1500526126","2626427199","0.111111"
"2626427199","1500526126","0.111111"
"1593079038","2626427199","0.111111"
"2626427199","1593079038","0.111111"
"1599483641","2626427199","0.111111"
"2626427199","1599483641","0.111111"
"1921219499","1987633640","0.111111"
"1987633640","1921219499","0.111111"
"1921219499","2626427199","0.111111"
"2626427199","1921219499","0.111111"
"1933560281","1987633640","1.11111"
"1987633640","1933560281","1.11111"
"1933560281","2036558053","1.11111"
"2036558053","1933560281","1.11111"
"1933560281","2626427199","0.111111"
"2626427199","1933560281","0.111111"
"1987633640","2626427199","0.111111"
"2626427199","1987633640","0.111111"
"2036558053","2626427199","0.111111"
"2626427199","2036558053","0.111111"
"2167918188","2626427199","0.111111"
"2626427199","2167918188","0.111111"
"2626427199","756452073","0.111111"
"756452073","2626427199","0.111111"
"1593079038","1944852693","0.142857"
"1944852693","1593079038","0.142857"
"1593079038","2137116260","0.142857"
"2137116260","1593079038","0.142857"
"1599483641","1944852693","0.142857"
"1944852693","1599483641","0.142857"
"1599483641","2137116260","0.142857"
"2137116260","1599483641","0.142857"
"1944852693","2036558053","0.142857"
"2036558053","1944852693","0.142857"
"1944852693","2118867332","0.142857"
"2118867332","1944852693","0.142857"
"1944852693","2137116260","0.142857"
"2137116260","1944852693","0.142857"
"1944852693","756452073","0.142857"
"756452073","1944852693","0.142857"
"2036558053","2137116260","0.142857"
"2137116260","2036558053","0.142857"
"2118867332","2137116260","0.142857"
"2137116260","2118867332","0.142857"
"2137116260","2167918188","0.142857"
"2167918188","2137116260","0.142857"
"2137116260","756452073","0.142857"
"756452073","2137116260","0.142857"
"1593079038","2911030973","0.142857"
"2911030973","1593079038","0.142857"
"1884337257","2911030973","0.142857"
"2911030973","1884337257","0.142857"
"2041647139","2911030973","0.142857"
"2911030973","2041647139","0.142857"
"2100192664","2911030973","0.142857"
"2911030973","2100192664","0.142857"
"2167918188","2911030973","0.142857"
"2911030973","2167918188","0.142857"
"2289630961","2911030973","1.47619"
"2911030973","2289630961","1.47619"
"2911030973","756452073","0.142857"
"756452073","2911030973","0.142857"
"1593079038","2780141214","0.533333"
"2780141214","1593079038","0.533333"
"2139096462","2780141214","0.333333"
"2780141214","2139096462","0.333333"
"1593079038","2885384068","0.2"
"2885384068","1593079038","0.2"
"1884337257","2780141214","0.2"
"2780141214","1884337257","0.2"
"1884337257","2885384068","0.2"
"2885384068","1884337257","0.2"
"2289630961","2885384068","0.2"
"2885384068","2289630961","0.2"
"2780141214","2885384068","0.45"
"2885384068","2780141214","0.45"
"2780141214","756452073","1.53333"
"756452073","2780141214","1.53333"
"2885384068","756452073","0.2"
"756452073","2885384068","0.2"
"1599483641","2128933927","0.5"
"2128933927","1599483641","0.5"
"2100192664","2128933927","0.5"
"2128933927","2100192664","0.5"
"1921219499","2118867332","0.933333"
"2118867332","1921219499","0.933333"
"2070053993","2118867332","0.1"
"2118867332","2070053993","0.1"
"1599483641","1855399753","1"
"1855399753","1599483641","1"
"1933560281","2194846822","0.5"
"2194846822","1933560281","0.5"
"1921219499","829972142","0.25"
"829972142","1921219499","0.25"
"1848156720","1884337257","0.166667"
"1884337257","1848156720","0.166667"
"1848156720","2466873136","0.166667"
"2466873136","1848156720","0.166667"
"1884337257","2466873136","0.666667"
"2466873136","1884337257","0.666667"
"2344120565","2466873136","0.333333"
"2466873136","2344120565","0.333333"
"2466873136","2517680346","0.666667"
"2517680346","2466873136","0.666667"
"1933560281","2517680346","0.5"
"2517680346","1933560281","0.5"
"1599483641","2490171568","0.333333"
"2490171568","1599483641","0.333333"
"1599483641","2780141214","0.333333"
"2780141214","1599483641","0.333333"
"1848156720","2490171568","1.66667"
"2490171568","1848156720","1.66667"
"1848156720","2780141214","0.333333"
"2780141214","1848156720","0.333333"
"2490171568","2780141214","0.333333"
"2780141214","2490171568","0.333333"
"1933560281","2129241187","0.166667"
"2129241187","1933560281","0.166667"
"166100364","2119413617","0.333333"
"2119413617","166100364","0.333333"
"166100364","2289630961","0.333333"
"2289630961","166100364","0.333333"
"166100364","756452073","0.333333"
"756452073","166100364","0.333333"
"1804122766","2194846822","0.333333"
"2194846822","1804122766","0.333333"
"1804122766","2604171834","0.333333"
"2604171834","1804122766","0.333333"
"1804122766","2753643831","0.333333"
"2753643831","1804122766","0.333333"
"2194846822","2604171834","1.16667"
"2604171834","2194846822","1.16667"
"2194846822","2753643831","0.833333"
"2753643831","2194846822","0.833333"
"2604171834","2753643831","0.333333"
"2753643831","2604171834","0.333333"
"1848156720","2041647139","1"
"2041647139","1848156720","1"
"1848156720","2063892508","0.5"
"2063892508","1848156720","0.5"
"1848156720","2070053993","0.5"
"2070053993","1848156720","0.5"
"2063892508","2070053993","0.5"
"2070053993","2063892508","0.5"
"1848156720","2194846822","1.66667"
"2194846822","1848156720","1.66667"
"1944852693","2194846822","2.08333"
"2194846822","1944852693","2.08333"
"1944852693","2490171568","1.08333"
"2490171568","1944852693","1.08333"
"2194846822","2490171568","0.916667"
"2490171568","2194846822","0.916667"
"1848156720","2507641750","0.333333"
"2507641750","1848156720","0.333333"
"1848156720","2743478454","0.333333"
"2743478454","1848156720","0.333333"
"2194846822","2507641750","1.08333"
"2507641750","2194846822","1.08333"
"2194846822","2743478454","0.666667"
"2743478454","2194846822","0.666667"
"2507641750","2743478454","0.833333"
"2743478454","2507641750","0.833333"
"1855399753","2137116260","1"
"2137116260","1855399753","1"
"1921219499","2194846822","1"
"2194846822","1921219499","1"
"1939533463","1944852693","2.5"
"1944852693","1939533463","2.5"
"1944852693","2070053993","0.5"
"2070053993","1944852693","0.5"
"1944852693","2041647139","1.5"
"2041647139","1944852693","1.5"
"1944852693","2503053978","0.75"
"2503053978","1944852693","0.75"
"1944852693","2507641750","0.75"
"2507641750","1944852693","0.75"
"2194846822","2503053978","2.25"
"2503053978","2194846822","2.25"
"2490171568","2503053978","0.25"
"2503053978","2490171568","0.25"
"2490171568","2507641750","3.25"
"2507641750","2490171568","3.25"
"2503053978","2507641750","0.25"
"2507641750","2503053978","0.25"
"1944852693","2100192664","0.5"
"2100192664","1944852693","0.5"
"1944852693","2558976876","1"
"2558976876","1944852693","1"
"2100192664","2466873136","0.166667"
"2466873136","2100192664","0.166667"
"2129241187","2466873136","0.166667"
"2466873136","2129241187","0.166667"
"2466873136","756452073","0.166667"
"756452073","2466873136","0.166667"
"2466873136","829972142","0.166667"
"829972142","2466873136","0.166667"
"2118867332","2466873136","0.5"
"2466873136","2118867332","0.5"
"2118867332","2552764533","0.166667"
"2552764533","2118867332","0.166667"
"2118867332","2746689648","0.166667"
"2746689648","2118867332","0.166667"
"2118867332","2780141214","0.166667"
"2780141214","2118867332","0.166667"
"2289630961","2746689648","0.166667"
"2746689648","2289630961","0.166667"
"2517680346","2746689648","1.41667"
"2746689648","2517680346","1.41667"
"2552764533","2746689648","0.166667"
"2746689648","2552764533","0.166667"
"2552764533","829972142","0.166667"
"829972142","2552764533","0.166667"
"2746689648","2780141214","0.416667"
"2780141214","2746689648","0.416667"
"2746689648","829972142","0.166667"
"829972142","2746689648","0.166667"
"2780141214","829972142","0.166667"
"829972142","2780141214","0.166667"
"2119413617","2780141214","1.25"
"2780141214","2119413617","1.25"
"2119413617","2746689648","0.25"
"2746689648","2119413617","0.25"
"2119413617","2885384068","0.25"
"2885384068","2119413617","0.25"
"2517680346","2885384068","0.25"
"2885384068","2517680346","0.25"
"2746689648","2885384068","0.25"
"2885384068","2746689648","0.25"
"2194846822","2558976876","1"
"2558976876","2194846822","1"
"2490171568","2604171834","0.333333"
"2604171834","2490171568","0.333333"
"2490171568","2743478454","0.833333"
"2743478454","2490171568","0.833333"
"2604171834","2743478454","0.333333"
"2743478454","2604171834","0.333333"
"2503053978","2604171834","0.5"
"2604171834","2503053978","0.5"
"2507641750","2753643831","0.5"
"2753643831","2507641750","0.5"
"2466873136","2780141214","0.333333"
"2780141214","2466873136","0.333333"
"2466873136","2911030973","0.333333"
"2911030973","2466873136","0.333333"
"2780141214","2911030973","0.333333"
"2911030973","2780141214","0.333333"
"2466873136","2743925240","0.333333"
"2743925240","2466873136","0.333333"
"2558976876","2743925240","1.16667"
"2743925240","2558976876","1.16667"
"2594879623","2743925240","1.66667"
"2743925240","2594879623","1.66667"
"2507641750","98249619","1"
"98249619","2507641750","1"
"2552764533","756452073","1.33333"
"756452073","2552764533","1.33333"
"2558976876","2890724130","0.333333"
"2890724130","2558976876","0.333333"
"2594879623","2890724130","1.33333"
"2890724130","2594879623","1.33333"
"2743925240","2890724130","0.333333"
"2890724130","2743925240","0.333333"
"2594879623","2742615556","1"
"2742615556","2594879623","1"
"2594879623","2750636940","0.5"
"2750636940","2594879623","0.5"
"2743925240","2750636940","0.5"
"2750636940","2743925240","0.5"
"2804303808","2890724130","1"
"2890724130","2804303808","1"
