"104934522","2962901551","1.5"
"2962901551","104934522","1.5"
"104934522","2406482458","1"
"2406482458","104934522","1"
"104934522","2963806302","0.5"
"2963806302","104934522","0.5"
"2962901551","2963806302","0.5"
"2963806302","2962901551","0.5"
"116997663","1600872613","1"
"1600872613","116997663","1"
"116997663","2165203881","1"
"2165203881","116997663","1"
"122328141","2139828164","1.5"
"2139828164","122328141","1.5"
"122328141","2506732220","0.5"
"2506732220","122328141","0.5"
"2139828164","2506732220","18.205"
"2506732220","2139828164","18.205"
"122328141","233688501","1"
"233688501","122328141","1"
"135655234","1596053691","0.978968"
"1596053691","135655234","0.978968"
"135655234","2139828164","1.22897"
"2139828164","135655234","1.22897"
"135655234","2141168418","2.22897"
"2141168418","135655234","2.22897"
"1596053691","2139828164","5.05061"
"2139828164","1596053691","5.05061"
"1596053691","2141168418","2.76728"
"2141168418","1596053691","2.76728"
"2139828164","2141168418","10.7006"
"2141168418","2139828164","10.7006"
"135655234","1743893303","0.378968"
"1743893303","135655234","0.378968"
"135655234","2165203881","0.578968"
"2165203881","135655234","0.578968"
"135655234","2254469517","0.125"
"2254469517","135655234","0.125"
"135655234","2506732220","0.584524"
"2506732220","135655234","0.584524"
"135655234","2963778301","0.267857"
"2963778301","135655234","0.267857"
"1596053691","1743893303","0.795635"
"1743893303","1596053691","0.795635"
"1596053691","2165203881","3.68849"
"2165203881","1596053691","3.68849"
"1596053691","2254469517","0.125"
"2254469517","1596053691","0.125"
"1596053691","2506732220","2.67998"
"2506732220","1596053691","2.67998"
"1596053691","2963778301","0.434524"
"2963778301","1596053691","0.434524"
"1743893303","2139828164","0.795635"
"2139828164","1743893303","0.795635"
"1743893303","2141168418","0.545635"
"2141168418","1743893303","0.545635"
"1743893303","2165203881","0.712302"
"2165203881","1743893303","0.712302"
"1743893303","2254469517","0.291667"
"2254469517","1743893303","0.291667"
"1743893303","2506732220","0.684524"
"2506732220","1743893303","0.684524"
"1743893303","2963778301","0.267857"
"2963778301","1743893303","0.267857"
"2139828164","2165203881","11.7813"
"2165203881","2139828164","11.7813"
"2139828164","2254469517","1.85833"
"2254469517","2139828164","1.85833"
"2139828164","2963778301","0.967857"
"2963778301","2139828164","0.967857"
"2141168418","2165203881","3.67183"
"2165203881","2141168418","3.67183"
"2141168418","2254469517","0.291667"
"2254469517","2141168418","0.291667"
"2141168418","2506732220","3.04664"
"2506732220","2141168418","3.04664"
"2141168418","2963778301","0.267857"
"2963778301","2141168418","0.267857"
"2165203881","2254469517","0.691667"
"2254469517","2165203881","0.691667"
"2165203881","2506732220","3.21786"
"2506732220","2165203881","3.21786"
"2165203881","2963778301","0.967857"
"2963778301","2165203881","0.967857"
"2254469517","2506732220","0.125"
"2506732220","2254469517","0.125"
"2254469517","2963778301","0.325"
"2963778301","2254469517","0.325"
"2506732220","2963778301","0.267857"
"2963778301","2506732220","0.267857"
"135655234","1600872613","0.361111"
"1600872613","135655234","0.361111"
"135655234","2263025590","0.25"
"2263025590","135655234","0.25"
"135655234","802700968","0.25"
"802700968","135655234","0.25"
"1600872613","2139828164","8.44109"
"2139828164","1600872613","8.44109"
"1600872613","2263025590","0.25"
"2263025590","1600872613","0.25"
"1600872613","802700968","0.25"
"802700968","1600872613","0.25"
"2139828164","2263025590","2.59286"
"2263025590","2139828164","2.59286"
"2139828164","802700968","0.25"
"802700968","2139828164","0.25"
"2263025590","802700968","0.25"
"802700968","2263025590","0.25"
"135655234","2055362048","0.177778"
"2055362048","135655234","0.177778"
"135655234","2488314640","0.111111"
"2488314640","135655234","0.111111"
"135655234","2963835267","0.111111"
"2963835267","135655234","0.111111"
"1596053691","1600872613","0.299423"
"1600872613","1596053691","0.299423"
"1596053691","2055362048","0.816089"
"2055362048","1596053691","0.816089"
"1596053691","2488314640","0.406566"
"2488314640","1596053691","0.406566"
"1596053691","2963835267","2.21609"
"2963835267","1596053691","2.21609"
"1600872613","1743893303","0.111111"
"1743893303","1600872613","0.111111"
"1600872613","2055362048","0.299423"
"2055362048","1600872613","0.299423"
"1600872613","2141168418","0.699423"
"2141168418","1600872613","0.699423"
"1600872613","2165203881","3.4373"
"2165203881","1600872613","3.4373"
"1600872613","2488314640","1.3899"
"2488314640","1600872613","1.3899"
"1600872613","2963835267","0.299423"
"2963835267","1600872613","0.299423"
"1743893303","2055362048","0.527778"
"2055362048","1743893303","0.527778"
"1743893303","2488314640","0.111111"
"2488314640","1743893303","0.111111"
"1743893303","2963835267","0.277778"
"2963835267","1743893303","0.277778"
"2055362048","2139828164","0.816089"
"2139828164","2055362048","0.816089"
"2055362048","2141168418","0.532756"
"2141168418","2055362048","0.532756"
"2055362048","2165203881","0.953968"
"2165203881","2055362048","0.953968"
"2055362048","2488314640","0.156566"
"2488314640","2055362048","0.156566"
"2055362048","2963835267","0.466089"
"2963835267","2055362048","0.466089"
"2139828164","2488314640","1.80657"
"2488314640","2139828164","1.80657"
"2139828164","2963835267","2.52561"
"2963835267","2139828164","2.52561"
"2141168418","2488314640","0.689899"
"2488314640","2141168418","0.689899"
"2141168418","2963835267","4.79942"
"2963835267","2141168418","4.79942"
"2165203881","2488314640","1.92778"
"2488314640","2165203881","1.92778"
"2165203881","2963835267","3.31349"
"2963835267","2165203881","3.31349"
"2488314640","2963835267","0.406566"
"2963835267","2488314640","0.406566"
"135655234","1487621334","0.316667"
"1487621334","135655234","0.316667"
"135655234","2164274472","0.316667"
"2164274472","135655234","0.316667"
"1487621334","2141168418","0.362121"
"2141168418","1487621334","0.362121"
"1487621334","2164274472","0.612121"
"2164274472","1487621334","0.612121"
"1487621334","2506732220","0.612121"
"2506732220","1487621334","0.612121"
"2141168418","2164274472","0.362121"
"2164274472","2141168418","0.362121"
"2164274472","2506732220","0.612121"
"2506732220","2164274472","0.612121"
"135655234","1573266743","0.0666667"
"1573266743","135655234","0.0666667"
"135655234","1597272977","0.0666667"
"1597272977","135655234","0.0666667"
"135655234","1834810309","0.0666667"
"1834810309","135655234","0.0666667"
"135655234","1998244353","0.0666667"
"1998244353","135655234","0.0666667"
"135655234","2160085319","0.0666667"
"2160085319","135655234","0.0666667"
"135655234","233688501","0.0666667"
"233688501","135655234","0.0666667"
"135655234","2963806302","0.0666667"
"2963806302","135655234","0.0666667"
"135655234","756505166","0.0666667"
"756505166","135655234","0.0666667"
"1487621334","1573266743","0.112121"
"1573266743","1487621334","0.112121"
"1487621334","1596053691","0.112121"
"1596053691","1487621334","0.112121"
"1487621334","1597272977","0.0666667"
"1597272977","1487621334","0.0666667"
"1487621334","1834810309","0.112121"
"1834810309","1487621334","0.112121"
"1487621334","1998244353","0.112121"
"1998244353","1487621334","0.112121"
"1487621334","2055362048","0.112121"
"2055362048","1487621334","0.112121"
"1487621334","2139828164","1.11212"
"2139828164","1487621334","1.11212"
"1487621334","2160085319","0.112121"
"2160085319","1487621334","0.112121"
"1487621334","233688501","0.112121"
"233688501","1487621334","0.112121"
"1487621334","2963806302","0.112121"
"2963806302","1487621334","0.112121"
"1487621334","756505166","0.112121"
"756505166","1487621334","0.112121"
"1573266743","1596053691","0.112121"
"1596053691","1573266743","0.112121"
"1573266743","1597272977","0.0666667"
"1597272977","1573266743","0.0666667"
"1573266743","1834810309","0.112121"
"1834810309","1573266743","0.112121"
"1573266743","1998244353","0.112121"
"1998244353","1573266743","0.112121"
"1573266743","2055362048","0.112121"
"2055362048","1573266743","0.112121"
"1573266743","2139828164","1.11212"
"2139828164","1573266743","1.11212"
"1573266743","2141168418","0.112121"
"2141168418","1573266743","0.112121"
"1573266743","2160085319","0.112121"
"2160085319","1573266743","0.112121"
"1573266743","2164274472","0.112121"
"2164274472","1573266743","0.112121"
"1573266743","233688501","0.112121"
"233688501","1573266743","0.112121"
"1573266743","2506732220","0.112121"
"2506732220","1573266743","0.112121"
"1573266743","2963806302","0.112121"
"2963806302","1573266743","0.112121"
"1573266743","756505166","0.112121"
"756505166","1573266743","0.112121"
"1596053691","1597272977","0.209524"
"1597272977","1596053691","0.209524"
"1596053691","1834810309","0.112121"
"1834810309","1596053691","0.112121"
"1596053691","1998244353","0.212121"
"1998244353","1596053691","0.212121"
"1596053691","2160085319","0.112121"
"2160085319","1596053691","0.112121"
"1596053691","2164274472","0.112121"
"2164274472","1596053691","0.112121"
"1596053691","233688501","0.112121"
"233688501","1596053691","0.112121"
"1596053691","2963806302","0.112121"
"2963806302","1596053691","0.112121"
"1596053691","756505166","0.312121"
"756505166","1596053691","0.312121"
"1597272977","1834810309","0.0666667"
"1834810309","1597272977","0.0666667"
"1597272977","1998244353","0.191667"
"1998244353","1597272977","0.191667"
"1597272977","2055362048","0.209524"
"2055362048","1597272977","0.209524"
"1597272977","2139828164","0.734524"
"2139828164","1597272977","0.734524"
"1597272977","2141168418","3.10952"
"2141168418","1597272977","3.10952"
"1597272977","2160085319","0.0666667"
"2160085319","1597272977","0.0666667"
"1597272977","2164274472","0.0666667"
"2164274472","1597272977","0.0666667"
"1597272977","233688501","0.0666667"
"233688501","1597272977","0.0666667"
"1597272977","2506732220","0.391667"
"2506732220","1597272977","0.391667"
"1597272977","2963806302","0.0666667"
"2963806302","1597272977","0.0666667"
"1597272977","756505166","0.191667"
"756505166","1597272977","0.191667"
"1834810309","1998244353","0.112121"
"1998244353","1834810309","0.112121"
"1834810309","2055362048","0.112121"
"2055362048","1834810309","0.112121"
"1834810309","2139828164","0.112121"
"2139828164","1834810309","0.112121"
"1834810309","2141168418","0.112121"
"2141168418","1834810309","0.112121"
"1834810309","2160085319","0.112121"
"2160085319","1834810309","0.112121"
"1834810309","2164274472","0.112121"
"2164274472","1834810309","0.112121"
"1834810309","233688501","0.112121"
"233688501","1834810309","0.112121"
"1834810309","2506732220","0.112121"
"2506732220","1834810309","0.112121"
"1834810309","2963806302","0.112121"
"2963806302","1834810309","0.112121"
"1834810309","756505166","0.112121"
"756505166","1834810309","0.112121"
"1998244353","2055362048","0.112121"
"2055362048","1998244353","0.112121"
"1998244353","2139828164","0.837121"
"2139828164","1998244353","0.837121"
"1998244353","2141168418","0.712121"
"2141168418","1998244353","0.712121"
"1998244353","2160085319","0.112121"
"2160085319","1998244353","0.112121"
"1998244353","2164274472","1.11212"
"2164274472","1998244353","1.11212"
"1998244353","233688501","0.112121"
"233688501","1998244353","0.112121"
"1998244353","2506732220","0.587121"
"2506732220","1998244353","0.587121"
"1998244353","2963806302","0.112121"
"2963806302","1998244353","0.112121"
"1998244353","756505166","0.237121"
"756505166","1998244353","0.237121"
"2055362048","2160085319","0.112121"
"2160085319","2055362048","0.112121"
"2055362048","2164274472","0.112121"
"2164274472","2055362048","0.112121"
"2055362048","233688501","0.112121"
"233688501","2055362048","0.112121"
"2055362048","2506732220","0.562121"
"2506732220","2055362048","0.562121"
"2055362048","2963806302","0.112121"
"2963806302","2055362048","0.112121"
"2055362048","756505166","0.312121"
"756505166","2055362048","0.312121"
"2139828164","2160085319","0.112121"
"2160085319","2139828164","0.112121"
"2139828164","2164274472","0.112121"
"2164274472","2139828164","0.112121"
"2139828164","233688501","0.112121"
"233688501","2139828164","0.112121"
"2139828164","2963806302","0.254978"
"2963806302","2139828164","0.254978"
"2139828164","756505166","0.937121"
"756505166","2139828164","0.937121"
"2141168418","2160085319","0.112121"
"2160085319","2141168418","0.112121"
"2141168418","233688501","0.112121"
"233688501","2141168418","0.112121"
"2141168418","2963806302","0.112121"
"2963806302","2141168418","0.112121"
"2141168418","756505166","0.112121"
"756505166","2141168418","0.112121"
"2160085319","2164274472","1.11212"
"2164274472","2160085319","1.11212"
"2160085319","233688501","0.112121"
"233688501","2160085319","0.112121"
"2160085319","2506732220","0.112121"
"2506732220","2160085319","0.112121"
"2160085319","2963806302","0.112121"
"2963806302","2160085319","0.112121"
"2160085319","756505166","0.112121"
"756505166","2160085319","0.112121"
"2164274472","233688501","0.112121"
"233688501","2164274472","0.112121"
"2164274472","2963806302","0.112121"
"2963806302","2164274472","0.112121"
"2164274472","756505166","0.112121"
"756505166","2164274472","0.112121"
"233688501","2506732220","0.112121"
"2506732220","233688501","0.112121"
"233688501","2963806302","0.112121"
"2963806302","233688501","0.112121"
"233688501","756505166","0.112121"
"756505166","233688501","0.112121"
"2506732220","2963806302","0.445455"
"2963806302","2506732220","0.445455"
"2506732220","756505166","4.43712"
"756505166","2506732220","4.43712"
"2963806302","756505166","0.112121"
"756505166","2963806302","0.112121"
"135655234","1857530029","0.2"
"1857530029","135655234","0.2"
"1596053691","1857530029","0.966667"
"1857530029","1596053691","0.966667"
"1857530029","2139828164","0.966667"
"2139828164","1857530029","0.966667"
"1857530029","2141168418","0.966667"
"2141168418","1857530029","0.966667"
"1857530029","2165203881","0.966667"
"2165203881","1857530029","0.966667"
"1486228385","1596053691","1.72879"
"1596053691","1486228385","1.72879"
"1486228385","2139828164","2.55379"
"2139828164","1486228385","2.55379"
"1486228385","1600872613","3.75379"
"1600872613","1486228385","3.75379"
"1486228385","2506732220","3.63712"
"2506732220","1486228385","3.63712"
"1600872613","2506732220","3.20379"
"2506732220","1600872613","3.20379"
"1486228385","1682375770","1.11667"
"1682375770","1486228385","1.11667"
"1486228385","2141168418","3.26212"
"2141168418","1486228385","3.26212"
"1486228385","2165203881","1.21667"
"2165203881","1486228385","1.21667"
"1682375770","2139828164","0.616667"
"2139828164","1682375770","0.616667"
"1682375770","2141168418","1.11667"
"2141168418","1682375770","1.11667"
"1682375770","2165203881","0.45"
"2165203881","1682375770","0.45"
"1682375770","2506732220","0.866667"
"2506732220","1682375770","0.866667"
"1486228385","1913755735","0.5"
"1913755735","1486228385","0.5"
"1600872613","1913755735","0.5"
"1913755735","1600872613","0.5"
"1486228385","2170032624","0.212121"
"2170032624","1486228385","0.212121"
"1596053691","1682375770","0.666667"
"1682375770","1596053691","0.666667"
"1596053691","2170032624","0.212121"
"2170032624","1596053691","0.212121"
"1682375770","2170032624","0.166667"
"2170032624","1682375770","0.166667"
"2139828164","2170032624","0.212121"
"2170032624","2139828164","0.212121"
"2141168418","2170032624","0.212121"
"2170032624","2141168418","0.212121"
"2170032624","2506732220","0.212121"
"2506732220","2170032624","0.212121"
"1486228385","1487621334","1.12879"
"1487621334","1486228385","1.12879"
"1486228385","2053427348","0.25"
"2053427348","1486228385","0.25"
"1486228385","2164274472","0.295455"
"2164274472","1486228385","0.295455"
"1487621334","2053427348","0.25"
"2053427348","1487621334","0.25"
"2053427348","2164274472","0.25"
"2164274472","2053427348","0.25"
"2053427348","2506732220","0.25"
"2506732220","2053427348","0.25"
"1486228385","1489234574","0.125"
"1489234574","1486228385","0.125"
"1486228385","1597272977","0.125"
"1597272977","1486228385","0.125"
"1486228385","1809261128","0.125"
"1809261128","1486228385","0.125"
"1486228385","1998244353","1.27045"
"1998244353","1486228385","1.27045"
"1486228385","756505166","0.170455"
"756505166","1486228385","0.170455"
"1489234574","1597272977","0.125"
"1597272977","1489234574","0.125"
"1489234574","1600872613","0.125"
"1600872613","1489234574","0.125"
"1489234574","1809261128","0.125"
"1809261128","1489234574","0.125"
"1489234574","1998244353","0.125"
"1998244353","1489234574","0.125"
"1489234574","2139828164","1.125"
"2139828164","1489234574","1.125"
"1489234574","2506732220","0.125"
"2506732220","1489234574","0.125"
"1489234574","756505166","0.125"
"756505166","1489234574","0.125"
"1597272977","1600872613","0.667857"
"1600872613","1597272977","0.667857"
"1597272977","1809261128","0.125"
"1809261128","1597272977","0.125"
"1600872613","1809261128","0.458333"
"1809261128","1600872613","0.458333"
"1600872613","1998244353","0.170455"
"1998244353","1600872613","0.170455"
"1600872613","756505166","10.6705"
"756505166","1600872613","10.6705"
"1809261128","1998244353","0.125"
"1998244353","1809261128","0.125"
"1809261128","2139828164","0.125"
"2139828164","1809261128","0.125"
"1809261128","2506732220","0.458333"
"2506732220","1809261128","0.458333"
"1809261128","756505166","0.125"
"756505166","1809261128","0.125"
"1486228385","841043899","0.833333"
"841043899","1486228385","0.833333"
"1487621334","1600872613","0.378788"
"1600872613","1487621334","0.378788"
"1487621334","841043899","1.83333"
"841043899","1487621334","1.83333"
"1600872613","841043899","0.333333"
"841043899","1600872613","0.333333"
"1486228385","2488314640","1.37879"
"2488314640","1486228385","1.37879"
"2488314640","2506732220","4.04545"
"2506732220","2488314640","4.04545"
"1486228385","2406482458","0.5"
"2406482458","1486228385","0.5"
"2141168418","2406482458","0.5"
"2406482458","2141168418","0.5"
"1486228385","1510942257","0.0454545"
"1510942257","1486228385","0.0454545"
"1486228385","1573266743","0.0454545"
"1573266743","1486228385","0.0454545"
"1486228385","1834810309","0.0454545"
"1834810309","1486228385","0.0454545"
"1486228385","2041823351","0.0454545"
"2041823351","1486228385","0.0454545"
"1486228385","2055362048","0.0454545"
"2055362048","1486228385","0.0454545"
"1486228385","2081909904","0.0454545"
"2081909904","1486228385","0.0454545"
"1486228385","2160085319","0.0454545"
"2160085319","1486228385","0.0454545"
"1486228385","233688501","0.0454545"
"233688501","1486228385","0.0454545"
"1486228385","2520236198","0.0454545"
"2520236198","1486228385","0.0454545"
"1486228385","2963806302","0.0454545"
"2963806302","1486228385","0.0454545"
"1486228385","2963835267","0.0454545"
"2963835267","1486228385","0.0454545"
"1487621334","1510942257","0.0454545"
"1510942257","1487621334","0.0454545"
"1487621334","2041823351","0.0454545"
"2041823351","1487621334","0.0454545"
"1487621334","2081909904","0.0454545"
"2081909904","1487621334","0.0454545"
"1487621334","2170032624","0.0454545"
"2170032624","1487621334","0.0454545"
"1487621334","2488314640","0.0454545"
"2488314640","1487621334","0.0454545"
"1487621334","2520236198","0.0454545"
"2520236198","1487621334","0.0454545"
"1487621334","2963835267","0.0454545"
"2963835267","1487621334","0.0454545"
"1510942257","1573266743","0.0454545"
"1573266743","1510942257","0.0454545"
"1510942257","1596053691","0.0454545"
"1596053691","1510942257","0.0454545"
"1510942257","1600872613","0.245455"
"1600872613","1510942257","0.245455"
"1510942257","1834810309","0.0454545"
"1834810309","1510942257","0.0454545"
"1510942257","1998244353","0.295455"
"1998244353","1510942257","0.295455"
"1510942257","2041823351","0.0454545"
"2041823351","1510942257","0.0454545"
"1510942257","2055362048","0.0454545"
"2055362048","1510942257","0.0454545"
"1510942257","2081909904","0.0454545"
"2081909904","1510942257","0.0454545"
"1510942257","2139828164","0.245455"
"2139828164","1510942257","0.245455"
"1510942257","2141168418","0.0454545"
"2141168418","1510942257","0.0454545"
"1510942257","2160085319","0.0454545"
"2160085319","1510942257","0.0454545"
"1510942257","2164274472","0.0454545"
"2164274472","1510942257","0.0454545"
"1510942257","2170032624","0.0454545"
"2170032624","1510942257","0.0454545"
"1510942257","233688501","0.0454545"
"233688501","1510942257","0.0454545"
"1510942257","2488314640","0.245455"
"2488314640","1510942257","0.245455"
"1510942257","2506732220","1.29545"
"2506732220","1510942257","1.29545"
"1510942257","2520236198","0.0454545"
"2520236198","1510942257","0.0454545"
"1510942257","2963806302","0.0454545"
"2963806302","1510942257","0.0454545"
"1510942257","2963835267","0.0454545"
"2963835267","1510942257","0.0454545"
"1510942257","756505166","0.0454545"
"756505166","1510942257","0.0454545"
"1573266743","1600872613","0.0454545"
"1600872613","1573266743","0.0454545"
"1573266743","2041823351","0.0454545"
"2041823351","1573266743","0.0454545"
"1573266743","2081909904","0.0454545"
"2081909904","1573266743","0.0454545"
"1573266743","2170032624","0.0454545"
"2170032624","1573266743","0.0454545"
"1573266743","2488314640","0.0454545"
"2488314640","1573266743","0.0454545"
"1573266743","2520236198","0.0454545"
"2520236198","1573266743","0.0454545"
"1573266743","2963835267","0.0454545"
"2963835267","1573266743","0.0454545"
"1596053691","2041823351","0.0454545"
"2041823351","1596053691","0.0454545"
"1596053691","2081909904","0.0454545"
"2081909904","1596053691","0.0454545"
"1596053691","2520236198","0.0454545"
"2520236198","1596053691","0.0454545"
"1600872613","1834810309","0.0454545"
"1834810309","1600872613","0.0454545"
"1600872613","2041823351","0.0454545"
"2041823351","1600872613","0.0454545"
"1600872613","2081909904","0.545455"
"2081909904","1600872613","0.545455"
"1600872613","2160085319","0.0454545"
"2160085319","1600872613","0.0454545"
"1600872613","2164274472","1.04545"
"2164274472","1600872613","1.04545"
"1600872613","2170032624","0.0454545"
"2170032624","1600872613","0.0454545"
"1600872613","233688501","0.0454545"
"233688501","1600872613","0.0454545"
"1600872613","2520236198","0.0454545"
"2520236198","1600872613","0.0454545"
"1600872613","2963806302","0.0454545"
"2963806302","1600872613","0.0454545"
"1834810309","2041823351","0.0454545"
"2041823351","1834810309","0.0454545"
"1834810309","2081909904","0.0454545"
"2081909904","1834810309","0.0454545"
"1834810309","2170032624","0.0454545"
"2170032624","1834810309","0.0454545"
"1834810309","2488314640","0.0454545"
"2488314640","1834810309","0.0454545"
"1834810309","2520236198","0.0454545"
"2520236198","1834810309","0.0454545"
"1834810309","2963835267","0.0454545"
"2963835267","1834810309","0.0454545"
"1998244353","2041823351","0.0454545"
"2041823351","1998244353","0.0454545"
"1998244353","2081909904","0.0454545"
"2081909904","1998244353","0.0454545"
"1998244353","2170032624","0.0454545"
"2170032624","1998244353","0.0454545"
"1998244353","2488314640","0.0454545"
"2488314640","1998244353","0.0454545"
"1998244353","2520236198","0.0454545"
"2520236198","1998244353","0.0454545"
"1998244353","2963835267","0.0454545"
"2963835267","1998244353","0.0454545"
"2041823351","2055362048","0.0454545"
"2055362048","2041823351","0.0454545"
"2041823351","2081909904","0.0454545"
"2081909904","2041823351","0.0454545"
"2041823351","2139828164","0.545455"
"2139828164","2041823351","0.545455"
"2041823351","2141168418","2.04545"
"2141168418","2041823351","2.04545"
"2041823351","2160085319","0.0454545"
"2160085319","2041823351","0.0454545"
"2041823351","2164274472","0.0454545"
"2164274472","2041823351","0.0454545"
"2041823351","2170032624","0.0454545"
"2170032624","2041823351","0.0454545"
"2041823351","233688501","0.0454545"
"233688501","2041823351","0.0454545"
"2041823351","2488314640","0.0454545"
"2488314640","2041823351","0.0454545"
"2041823351","2506732220","0.0454545"
"2506732220","2041823351","0.0454545"
"2041823351","2520236198","0.0454545"
"2520236198","2041823351","0.0454545"
"2041823351","2963806302","0.0454545"
"2963806302","2041823351","0.0454545"
"2041823351","2963835267","0.0454545"
"2963835267","2041823351","0.0454545"
"2041823351","756505166","0.0454545"
"756505166","2041823351","0.0454545"
"2055362048","2081909904","0.0454545"
"2081909904","2055362048","0.0454545"
"2055362048","2170032624","0.0454545"
"2170032624","2055362048","0.0454545"
"2055362048","2520236198","0.0454545"
"2520236198","2055362048","0.0454545"
"2081909904","2139828164","0.0454545"
"2139828164","2081909904","0.0454545"
"2081909904","2141168418","0.0454545"
"2141168418","2081909904","0.0454545"
"2081909904","2160085319","0.0454545"
"2160085319","2081909904","0.0454545"
"2081909904","2164274472","0.0454545"
"2164274472","2081909904","0.0454545"
"2081909904","2170032624","0.0454545"
"2170032624","2081909904","0.0454545"
"2081909904","233688501","0.0454545"
"233688501","2081909904","0.0454545"
"2081909904","2488314640","1.04545"
"2488314640","2081909904","1.04545"
"2081909904","2506732220","1.54545"
"2506732220","2081909904","1.54545"
"2081909904","2520236198","0.0454545"
"2520236198","2081909904","0.0454545"
"2081909904","2963806302","2.54545"
"2963806302","2081909904","2.54545"
"2081909904","2963835267","0.0454545"
"2963835267","2081909904","0.0454545"
"2081909904","756505166","0.0454545"
"756505166","2081909904","0.0454545"
"2139828164","2520236198","0.0454545"
"2520236198","2139828164","0.0454545"
"2141168418","2520236198","0.0454545"
"2520236198","2141168418","0.0454545"
"2160085319","2170032624","0.0454545"
"2170032624","2160085319","0.0454545"
"2160085319","2488314640","1.04545"
"2488314640","2160085319","1.04545"
"2160085319","2520236198","0.0454545"
"2520236198","2160085319","0.0454545"
"2160085319","2963835267","0.0454545"
"2963835267","2160085319","0.0454545"
"2164274472","2170032624","0.0454545"
"2170032624","2164274472","0.0454545"
"2164274472","2488314640","0.0454545"
"2488314640","2164274472","0.0454545"
"2164274472","2520236198","0.0454545"
"2520236198","2164274472","0.0454545"
"2164274472","2963835267","0.0454545"
"2963835267","2164274472","0.0454545"
"2170032624","233688501","0.0454545"
"233688501","2170032624","0.0454545"
"2170032624","2488314640","0.0454545"
"2488314640","2170032624","0.0454545"
"2170032624","2520236198","0.0454545"
"2520236198","2170032624","0.0454545"
"2170032624","2963806302","0.0454545"
"2963806302","2170032624","0.0454545"
"2170032624","2963835267","0.0454545"
"2963835267","2170032624","0.0454545"
"2170032624","756505166","0.0454545"
"756505166","2170032624","0.0454545"
"233688501","2488314640","0.0454545"
"2488314640","233688501","0.0454545"
"233688501","2520236198","0.0454545"
"2520236198","233688501","0.0454545"
"233688501","2963835267","0.0454545"
"2963835267","233688501","0.0454545"
"2488314640","2520236198","0.0454545"
"2520236198","2488314640","0.0454545"
"2488314640","2963806302","0.378788"
"2963806302","2488314640","0.378788"
"2488314640","756505166","0.0454545"
"756505166","2488314640","0.0454545"
"2506732220","2520236198","0.0454545"
"2520236198","2506732220","0.0454545"
"2506732220","2963835267","0.0454545"
"2963835267","2506732220","0.0454545"
"2520236198","2963806302","0.0454545"
"2963806302","2520236198","0.0454545"
"2520236198","2963835267","0.0454545"
"2963835267","2520236198","0.0454545"
"2520236198","756505166","0.0454545"
"756505166","2520236198","0.0454545"
"2963806302","2963835267","0.188312"
"2963835267","2963806302","0.188312"
"2963835267","756505166","0.0454545"
"756505166","2963835267","0.0454545"
"1486228385","1857530029","0.766667"
"1857530029","1486228385","0.766667"
"1486228385","2284023308","0.25"
"2284023308","1486228385","0.25"
"1600872613","1857530029","0.25"
"1857530029","1600872613","0.25"
"1600872613","2284023308","0.25"
"2284023308","1600872613","0.25"
"1857530029","2284023308","0.25"
"2284023308","1857530029","0.25"
"2165203881","2284023308","0.416667"
"2284023308","2165203881","0.416667"
"1486228385","2503067839","0.1"
"2503067839","1486228385","0.1"
"1486228385","2730159165","0.1"
"2730159165","1486228385","0.1"
"1486228385","2777293386","0.1"
"2777293386","1486228385","0.1"
"1596053691","2503067839","0.1"
"2503067839","1596053691","0.1"
"1596053691","2730159165","0.1"
"2730159165","1596053691","0.1"
"1596053691","2777293386","0.266667"
"2777293386","1596053691","0.266667"
"1857530029","1998244353","0.1"
"1998244353","1857530029","0.1"
"1857530029","2503067839","0.1"
"2503067839","1857530029","0.1"
"1857530029","2506732220","0.266667"
"2506732220","1857530029","0.266667"
"1857530029","2730159165","0.1"
"2730159165","1857530029","0.1"
"1857530029","2777293386","0.1"
"2777293386","1857530029","0.1"
"1998244353","2165203881","0.35"
"2165203881","1998244353","0.35"
"1998244353","2503067839","0.1"
"2503067839","1998244353","0.1"
"1998244353","2730159165","0.1"
"2730159165","1998244353","0.1"
"1998244353","2777293386","0.1"
"2777293386","1998244353","0.1"
"2139828164","2503067839","0.633333"
"2503067839","2139828164","0.633333"
"2139828164","2730159165","0.6"
"2730159165","2139828164","0.6"
"2139828164","2777293386","0.266667"
"2777293386","2139828164","0.266667"
"2141168418","2503067839","0.1"
"2503067839","2141168418","0.1"
"2141168418","2730159165","0.1"
"2730159165","2141168418","0.1"
"2141168418","2777293386","1.26667"
"2777293386","2141168418","1.26667"
"2165203881","2503067839","1.38333"
"2503067839","2165203881","1.38333"
"2165203881","2730159165","1.1"
"2730159165","2165203881","1.1"
"2165203881","2777293386","0.266667"
"2777293386","2165203881","0.266667"
"2503067839","2506732220","0.1"
"2506732220","2503067839","0.1"
"2503067839","2730159165","0.1"
"2730159165","2503067839","0.1"
"2503067839","2777293386","0.1"
"2777293386","2503067839","0.1"
"2506732220","2730159165","0.1"
"2730159165","2506732220","0.1"
"2506732220","2777293386","0.1"
"2777293386","2506732220","0.1"
"2730159165","2777293386","0.1"
"2777293386","2730159165","0.1"
"1487621334","1809261128","1"
"1809261128","1487621334","1"
"1487621334","1913755735","4"
"1913755735","1487621334","4"
"1487621334","1564459493","1"
"1564459493","1487621334","1"
"1489234574","2141168418","1"
"2141168418","1489234574","1"
"1492210356","2808750501","0.5"
"2808750501","1492210356","0.5"
"1492210356","2963296183","0.5"
"2963296183","1492210356","0.5"
"2808750501","2963296183","0.5"
"2963296183","2808750501","0.5"
"1501256361","2081909904","0.5"
"2081909904","1501256361","0.5"
"1501256361","2963806302","0.5"
"2963806302","1501256361","0.5"
"1510942257","2165203881","0.45"
"2165203881","1510942257","0.45"
"1510942257","3021436011","0.25"
"3021436011","1510942257","0.25"
"1998244353","3021436011","0.25"
"3021436011","1998244353","0.25"
"2165203881","3021436011","1.75"
"3021436011","2165203881","1.75"
"2506732220","3021436011","1.08333"
"3021436011","2506732220","1.08333"
"1510942257","2158728902","0.2"
"2158728902","1510942257","0.2"
"1600872613","2158728902","0.2"
"2158728902","1600872613","0.2"
"2139828164","2158728902","0.2"
"2158728902","2139828164","0.2"
"2158728902","2165203881","1.2"
"2165203881","2158728902","1.2"
"2158728902","2488314640","0.2"
"2488314640","2158728902","0.2"
"1546168643","2121500573","1"
"2121500573","1546168643","1"
"1555786545","2164274472","4"
"2164274472","1555786545","4"
"1564459493","1760216514","1"
"1760216514","1564459493","1"
"1597272977","2165203881","0.87619"
"2165203881","1597272977","0.87619"
"1597272977","2963835267","0.142857"
"2963835267","1597272977","0.142857"
"2165203881","756505166","0.2"
"756505166","2165203881","0.2"
"1596053691","1980565532","0.166667"
"1980565532","1596053691","0.166667"
"1596053691","2284023308","0.166667"
"2284023308","1596053691","0.166667"
"1743893303","1980565532","0.166667"
"1980565532","1743893303","0.166667"
"1743893303","2284023308","0.166667"
"2284023308","1743893303","0.166667"
"1980565532","2139828164","0.166667"
"2139828164","1980565532","0.166667"
"1980565532","2165203881","0.166667"
"2165203881","1980565532","0.166667"
"1980565532","2284023308","0.166667"
"2284023308","1980565532","0.166667"
"1980565532","2506732220","0.166667"
"2506732220","1980565532","0.166667"
"2139828164","2284023308","0.166667"
"2284023308","2139828164","0.166667"
"2284023308","2506732220","0.166667"
"2506732220","2284023308","0.166667"
"1596053691","2263025590","0.166667"
"2263025590","1596053691","0.166667"
"1596053691","2275360028","0.333333"
"2275360028","1596053691","0.333333"
"2139828164","2275360028","2.34286"
"2275360028","2139828164","2.34286"
"2141168418","2263025590","0.166667"
"2263025590","2141168418","0.166667"
"2141168418","2275360028","0.166667"
"2275360028","2141168418","0.166667"
"2165203881","2263025590","1.59286"
"2263025590","2165203881","1.59286"
"2165203881","2275360028","1.75952"
"2275360028","2165203881","1.75952"
"2263025590","2275360028","1.09286"
"2275360028","2263025590","1.09286"
"2263025590","2777293386","0.166667"
"2777293386","2263025590","0.166667"
"2275360028","2777293386","0.166667"
"2777293386","2275360028","0.166667"
"1596053691","2784160315","0.166667"
"2784160315","1596053691","0.166667"
"2139828164","2784160315","1.36667"
"2784160315","2139828164","1.36667"
"2165203881","2784160315","0.366667"
"2784160315","2165203881","0.366667"
"2275360028","2784160315","0.166667"
"2784160315","2275360028","0.166667"
"2275360028","2963778301","0.166667"
"2963778301","2275360028","0.166667"
"2275360028","2963835267","0.309524"
"2963835267","2275360028","0.309524"
"2784160315","2963778301","0.366667"
"2963778301","2784160315","0.366667"
"2784160315","2963835267","0.166667"
"2963835267","2784160315","0.166667"
"2963778301","2963835267","0.166667"
"2963835267","2963778301","0.166667"
"1597272977","2041823351","0.5"
"2041823351","1597272977","0.5"
"1597272977","1978347265","0.333333"
"1978347265","1597272977","0.333333"
"1597272977","2963296183","0.333333"
"2963296183","1597272977","0.333333"
"1978347265","2165203881","1"
"2165203881","1978347265","1"
"1978347265","2963296183","0.333333"
"2963296183","1978347265","0.333333"
"2165203881","2963296183","0.333333"
"2963296183","2165203881","0.333333"
"1597272977","2488314640","0.2"
"2488314640","1597272977","0.2"
"1809261128","2488314640","0.333333"
"2488314640","1809261128","0.333333"
"1600872613","2254469517","1.33333"
"2254469517","1600872613","1.33333"
"1600872613","2963778301","0.333333"
"2963778301","1600872613","0.333333"
"1600872613","2952781509","0.5"
"2952781509","1600872613","0.5"
"2139828164","2952781509","0.5"
"2952781509","2139828164","0.5"
"1600872613","2275360028","0.5"
"2275360028","1600872613","0.5"
"1600872613","2503067839","0.333333"
"2503067839","1600872613","0.333333"
"2254469517","2503067839","0.866667"
"2503067839","2254469517","0.866667"
"1631742722","2165203881","1"
"2165203881","1631742722","1"
"1735935559","2081909904","2"
"2081909904","1735935559","2"
"1743893303","2952781509","0.166667"
"2952781509","1743893303","0.166667"
"2055362048","2254469517","0.166667"
"2254469517","2055362048","0.166667"
"2055362048","2952781509","0.166667"
"2952781509","2055362048","0.166667"
"2141168418","2952781509","0.166667"
"2952781509","2141168418","0.166667"
"2165203881","2952781509","0.166667"
"2952781509","2165203881","0.166667"
"2254469517","2952781509","0.166667"
"2952781509","2254469517","0.166667"
"2254469517","2963835267","0.166667"
"2963835267","2254469517","0.166667"
"2952781509","2963835267","0.166667"
"2963835267","2952781509","0.166667"
"1857530029","2055362048","1"
"2055362048","1857530029","1"
"1921552448","2488314640","0.5"
"2488314640","1921552448","0.5"
"1921552448","2808750501","0.5"
"2808750501","1921552448","0.5"
"2488314640","2808750501","0.5"
"2808750501","2488314640","0.5"
"1978347265","2488314640","0.666667"
"2488314640","1978347265","0.666667"
"1978347265","2506732220","0.666667"
"2506732220","1978347265","0.666667"
"2041823351","2808750501","1"
"2808750501","2041823351","1"
"2041823351","2165203881","1"
"2165203881","2041823351","1"
"2055362048","2263025590","0.333333"
"2263025590","2055362048","0.333333"
"2055362048","2503067839","0.333333"
"2503067839","2055362048","0.333333"
"2263025590","2503067839","0.783333"
"2503067839","2263025590","0.783333"
"2056268426","2165203881","0.5"
"2165203881","2056268426","0.5"
"2056268426","2251155769","0.5"
"2251155769","2056268426","0.5"
"2165203881","2251155769","0.5"
"2251155769","2165203881","0.5"
"2056979434","2506732220","0.5"
"2506732220","2056979434","0.5"
"2056979434","3021436011","0.5"
"3021436011","2056979434","0.5"
"2067088784","2165203881","1"
"2165203881","2067088784","1"
"2121500573","2488314640","0.5"
"2488314640","2121500573","0.5"
"2121500573","2506732220","0.5"
"2506732220","2121500573","0.5"
"2124898352","2488314640","0.333333"
"2488314640","2124898352","0.333333"
"2124898352","2506732220","0.333333"
"2506732220","2124898352","0.333333"
"2124898352","3021436011","0.833333"
"3021436011","2124898352","0.833333"
"2488314640","3021436011","0.833333"
"3021436011","2488314640","0.833333"
"2124898352","2963835267","0.833333"
"2963835267","2124898352","0.833333"
"2963835267","3021436011","0.5"
"3021436011","2963835267","0.5"
"2124898352","2139828164","0.333333"
"2139828164","2124898352","0.333333"
"2124898352","2141168418","0.333333"
"2141168418","2124898352","0.333333"
"2254469517","2263025590","0.7"
"2263025590","2254469517","0.7"
"2139828164","2963609127","0.5"
"2963609127","2139828164","0.5"
"2254469517","2963609127","0.5"
"2963609127","2254469517","0.5"
"2139828164","2280465597","0.333333"
"2280465597","2139828164","0.333333"
"2165203881","2280465597","0.333333"
"2280465597","2165203881","0.333333"
"2275360028","2280465597","0.333333"
"2280465597","2275360028","0.333333"
"2254469517","2275360028","0.2"
"2275360028","2254469517","0.2"
"2275360028","2503067839","0.45"
"2503067839","2275360028","0.45"
"2139828164","2612968551","0.333333"
"2612968551","2139828164","0.333333"
"2165203881","2612968551","0.833333"
"2612968551","2165203881","0.833333"
"2612968551","2963835267","0.833333"
"2963835267","2612968551","0.833333"
"2139828164","2311481776","0.67619"
"2311481776","2139828164","0.67619"
"2263025590","2311481776","0.47619"
"2311481776","2263025590","0.47619"
"2275360028","2311481776","0.47619"
"2311481776","2275360028","0.47619"
"2139828164","2751886073","0.142857"
"2751886073","2139828164","0.142857"
"2165203881","2311481776","0.342857"
"2311481776","2165203881","0.342857"
"2165203881","2751886073","0.142857"
"2751886073","2165203881","0.142857"
"2165203881","2963806302","0.142857"
"2963806302","2165203881","0.142857"
"2263025590","2751886073","0.142857"
"2751886073","2263025590","0.142857"
"2263025590","2963806302","0.142857"
"2963806302","2263025590","0.142857"
"2263025590","2963835267","0.142857"
"2963835267","2263025590","0.142857"
"2275360028","2751886073","1.14286"
"2751886073","2275360028","1.14286"
"2275360028","2963806302","0.142857"
"2963806302","2275360028","0.142857"
"2311481776","2751886073","0.142857"
"2751886073","2311481776","0.142857"
"2311481776","2963806302","0.142857"
"2963806302","2311481776","0.142857"
"2311481776","2963835267","0.142857"
"2963835267","2311481776","0.142857"
"2751886073","2963806302","0.142857"
"2963806302","2751886073","0.142857"
"2751886073","2963835267","0.142857"
"2963835267","2751886073","0.142857"
"2254469517","2311481776","0.2"
"2311481776","2254469517","0.2"
"2254469517","2784160315","0.2"
"2784160315","2254469517","0.2"
"2311481776","2784160315","0.2"
"2784160315","2311481776","0.2"
"2311481776","2963778301","0.2"
"2963778301","2311481776","0.2"
"2160085319","2165203881","2"
"2165203881","2160085319","2"
"2165203881","767111626","1"
"767111626","2165203881","1"
"2165203881","841043899","1"
"841043899","2165203881","1"
"2165203881","2165217387","2"
"2165217387","2165203881","2"
"2263025590","2506732220","0.5"
"2506732220","2263025590","0.5"
"2165203881","2635476144","5"
"2635476144","2165203881","5"
"2165203881","2904565326","0.75"
"2904565326","2165203881","0.75"
"2263025590","2904565326","0.25"
"2904565326","2263025590","0.25"
"2275360028","2904565326","0.25"
"2904565326","2275360028","0.25"
