"1485216661","1631405927","3.53805"
"1631405927","1485216661","3.53805"
"1485216661","190707973","5.22181"
"190707973","1485216661","5.22181"
"1485216661","90453918","1.71424"
"90453918","1485216661","1.71424"
"1631405927","190707973","12.0674"
"190707973","1631405927","12.0674"
"1631405927","90453918","1.78173"
"90453918","1631405927","1.78173"
"190707973","90453918","16.0829"
"90453918","190707973","16.0829"
"1485216661","1558817269","0.645188"
"1558817269","1485216661","0.645188"
"1485216661","2028900608","0.758741"
"2028900608","1485216661","0.758741"
"1485216661","2068220504","0.969481"
"2068220504","1485216661","0.969481"
"1485216661","2087135382","0.568265"
"2087135382","1485216661","0.568265"
"1485216661","2119781888","2.58566"
"2119781888","1485216661","2.58566"
"1485216661","2241690919","1.70471"
"2241690919","1485216661","1.70471"
"1485216661","2765659979","0.978521"
"2765659979","1485216661","0.978521"
"1485216661","2987163822","0.167832"
"2987163822","1485216661","0.167832"
"1558817269","1631405927","1.50035"
"1631405927","1558817269","1.50035"
"1558817269","190707973","2.55405"
"190707973","1558817269","2.55405"
"1558817269","2028900608","0.459499"
"2028900608","1558817269","0.459499"
"1558817269","2068220504","0.68747"
"2068220504","1558817269","0.68747"
"1558817269","2087135382","33.6651"
"2087135382","1558817269","33.6651"
"1558817269","2119781888","1.44678"
"2119781888","1558817269","1.44678"
"1558817269","2241690919","1.24453"
"2241690919","1558817269","1.24453"
"1558817269","2765659979","1.3813"
"2765659979","1558817269","1.3813"
"1558817269","2987163822","0.9218"
"2987163822","1558817269","0.9218"
"1558817269","90453918","1.0063"
"90453918","1558817269","1.0063"
"1631405927","2028900608","1.00117"
"2028900608","1631405927","1.00117"
"1631405927","2068220504","1.91829"
"2068220504","1631405927","1.91829"
"1631405927","2087135382","1.59009"
"2087135382","1631405927","1.59009"
"1631405927","2119781888","3.03011"
"2119781888","1631405927","3.03011"
"1631405927","2241690919","2.00035"
"2241690919","1631405927","2.00035"
"1631405927","2765659979","0.98249"
"2765659979","1631405927","0.98249"
"1631405927","2987163822","0.4218"
"2987163822","1631405927","0.4218"
"190707973","2028900608","0.883741"
"2028900608","190707973","0.883741"
"190707973","2068220504","1.71485"
"2068220504","190707973","1.71485"
"190707973","2087135382","2.14842"
"2087135382","190707973","2.14842"
"190707973","2119781888","1.69678"
"2119781888","190707973","1.69678"
"190707973","2241690919","7.02072"
"2241690919","190707973","7.02072"
"190707973","2765659979","1.60749"
"2765659979","190707973","1.60749"
"190707973","2987163822","1.28847"
"2987163822","190707973","1.28847"
"2028900608","2068220504","0.590909"
"2068220504","2028900608","0.590909"
"2028900608","2087135382","0.459499"
"2087135382","2028900608","0.459499"
"2028900608","2119781888","0.667832"
"2119781888","2028900608","0.667832"
"2028900608","2241690919","0.292832"
"2241690919","2028900608","0.292832"
"2028900608","2765659979","0.959499"
"2765659979","2028900608","0.959499"
"2028900608","2987163822","0.167832"
"2987163822","2028900608","0.167832"
"2028900608","90453918","0.459499"
"90453918","2028900608","0.459499"
"2068220504","2087135382","0.358766"
"2087135382","2068220504","0.358766"
"2068220504","2119781888","0.590909"
"2119781888","2068220504","0.590909"
"2068220504","2241690919","0.91366"
"2241690919","2068220504","0.91366"
"2068220504","2765659979","0.233766"
"2765659979","2068220504","0.233766"
"2068220504","2987163822","0.0909091"
"2987163822","2068220504","0.0909091"
"2068220504","90453918","0.969481"
"90453918","2068220504","0.969481"
"2087135382","2119781888","0.369852"
"2119781888","2087135382","0.369852"
"2087135382","2241690919","1.20557"
"2241690919","2087135382","1.20557"
"2087135382","2765659979","1.30438"
"2765659979","2087135382","1.30438"
"2087135382","2987163822","0.9218"
"2987163822","2087135382","0.9218"
"2087135382","90453918","0.929376"
"90453918","2087135382","0.929376"
"2119781888","2241690919","1.69678"
"2241690919","2119781888","1.69678"
"2119781888","2765659979","1.19678"
"2765659979","2119781888","1.19678"
"2119781888","2987163822","0.278943"
"2987163822","2119781888","0.278943"
"2119781888","90453918","0.446775"
"90453918","2119781888","0.446775"
"2241690919","2765659979","2.44082"
"2765659979","2241690919","2.44082"
"2241690919","2987163822","0.6218"
"2987163822","2241690919","0.6218"
"2241690919","90453918","2.98249"
"90453918","2241690919","2.98249"
"2765659979","2987163822","0.4218"
"2987163822","2765659979","0.4218"
"2765659979","90453918","0.881299"
"90453918","2765659979","0.881299"
"2987163822","90453918","0.612277"
"90453918","2987163822","0.612277"
"1485216661","1549496011","1.24058"
"1549496011","1485216661","1.24058"
"1549496011","1631405927","0.935689"
"1631405927","1549496011","0.935689"
"1549496011","190707973","3.63176"
"190707973","1549496011","3.63176"
"1549496011","2068220504","0.410714"
"2068220504","1549496011","0.410714"
"1549496011","2241690919","0.46978"
"2241690919","1549496011","0.46978"
"1549496011","2765659979","0.34478"
"2765659979","1549496011","0.34478"
"1549496011","90453918","1.45355"
"90453918","1549496011","1.45355"
"1485216661","1535612932","0.037037"
"1535612932","1485216661","0.037037"
"1485216661","1546386934","0.037037"
"1546386934","1485216661","0.037037"
"1485216661","1564122094","0.037037"
"1564122094","1485216661","0.037037"
"1485216661","1585096027","0.037037"
"1585096027","1485216661","0.037037"
"1485216661","1610349667","0.037037"
"1610349667","1485216661","0.037037"
"1485216661","1943878505","0.037037"
"1943878505","1485216661","0.037037"
"1485216661","1971824021","0.037037"
"1971824021","1485216661","0.037037"
"1485216661","2011095011","0.037037"
"2011095011","1485216661","0.037037"
"1485216661","2055283006","0.037037"
"2055283006","1485216661","0.037037"
"1485216661","2068211749","0.037037"
"2068211749","1485216661","0.037037"
"1485216661","2072707905","0.037037"
"2072707905","1485216661","0.037037"
"1485216661","2075280979","0.037037"
"2075280979","1485216661","0.037037"
"1485216661","2082823604","0.037037"
"2082823604","1485216661","0.037037"
"1485216661","2083258459","0.037037"
"2083258459","1485216661","0.037037"
"1485216661","2088349239","0.127946"
"2088349239","1485216661","0.127946"
"1485216661","2101676306","0.037037"
"2101676306","1485216661","0.037037"
"1485216661","2108240589","0.037037"
"2108240589","1485216661","0.037037"
"1485216661","2109101900","0.37037"
"2109101900","1485216661","0.37037"
"1485216661","2120694158","0.037037"
"2120694158","1485216661","0.037037"
"1485216661","2131089863","0.037037"
"2131089863","1485216661","0.037037"
"1485216661","2133846171","0.037037"
"2133846171","1485216661","0.037037"
"1485216661","2165955628","0.037037"
"2165955628","1485216661","0.037037"
"1485216661","2187661543","0.127946"
"2187661543","1485216661","0.127946"
"1485216661","2915032814","0.287037"
"2915032814","1485216661","0.287037"
"1485216661","309242077","0.037037"
"309242077","1485216661","0.037037"
"1485216661","77528907","0.037037"
"77528907","1485216661","0.037037"
"1535612932","1546386934","0.037037"
"1546386934","1535612932","0.037037"
"1535612932","1549496011","0.0656085"
"1549496011","1535612932","0.0656085"
"1535612932","1564122094","0.037037"
"1564122094","1535612932","0.037037"
"1535612932","1585096027","0.037037"
"1585096027","1535612932","0.037037"
"1535612932","1610349667","1.83985"
"1610349667","1535612932","1.83985"
"1535612932","1943878505","0.0656085"
"1943878505","1535612932","0.0656085"
"1535612932","1971824021","0.0656085"
"1971824021","1535612932","0.0656085"
"1535612932","2011095011","0.711279"
"2011095011","1535612932","0.711279"
"1535612932","2055283006","0.0656085"
"2055283006","1535612932","0.0656085"
"1535612932","2068211749","0.037037"
"2068211749","1535612932","0.037037"
"1535612932","2072707905","2.08985"
"2072707905","1535612932","2.08985"
"1535612932","2075280979","0.037037"
"2075280979","1535612932","0.037037"
"1535612932","2082823604","3.21128"
"2082823604","1535612932","3.21128"
"1535612932","2083258459","0.037037"
"2083258459","1535612932","0.037037"
"1535612932","2088349239","0.037037"
"2088349239","1535612932","0.037037"
"1535612932","2101676306","0.0656085"
"2101676306","1535612932","0.0656085"
"1535612932","2108240589","0.037037"
"2108240589","1535612932","0.037037"
"1535612932","2109101900","0.037037"
"2109101900","1535612932","0.037037"
"1535612932","2120694158","0.037037"
"2120694158","1535612932","0.037037"
"1535612932","2131089863","0.315608"
"2131089863","1535612932","0.315608"
"1535612932","2133846171","1.15652"
"2133846171","1535612932","1.15652"
"1535612932","2165955628","0.589851"
"2165955628","1535612932","0.589851"
"1535612932","2187661543","0.037037"
"2187661543","1535612932","0.037037"
"1535612932","2915032814","0.037037"
"2915032814","1535612932","0.037037"
"1535612932","309242077","0.037037"
"309242077","1535612932","0.037037"
"1535612932","77528907","0.037037"
"77528907","1535612932","0.037037"
"1546386934","1549496011","0.037037"
"1549496011","1546386934","0.037037"
"1546386934","1564122094","0.037037"
"1564122094","1546386934","0.037037"
"1546386934","1585096027","1.13823"
"1585096027","1546386934","1.13823"
"1546386934","1610349667","0.037037"
"1610349667","1546386934","0.037037"
"1546386934","1943878505","0.037037"
"1943878505","1546386934","0.037037"
"1546386934","1971824021","0.203704"
"1971824021","1546386934","0.203704"
"1546386934","2011095011","0.037037"
"2011095011","1546386934","0.037037"
"1546386934","2055283006","0.037037"
"2055283006","1546386934","0.037037"
"1546386934","2068211749","0.037037"
"2068211749","1546386934","0.037037"
"1546386934","2072707905","0.037037"
"2072707905","1546386934","0.037037"
"1546386934","2075280979","0.037037"
"2075280979","1546386934","0.037037"
"1546386934","2082823604","0.037037"
"2082823604","1546386934","0.037037"
"1546386934","2083258459","4.36601"
"2083258459","1546386934","4.36601"
"1546386934","2088349239","0.037037"
"2088349239","1546386934","0.037037"
"1546386934","2101676306","0.037037"
"2101676306","1546386934","0.037037"
"1546386934","2108240589","0.037037"
"2108240589","1546386934","0.037037"
"1546386934","2109101900","0.037037"
"2109101900","1546386934","0.037037"
"1546386934","2120694158","0.328704"
"2120694158","1546386934","0.328704"
"1546386934","2131089863","0.62037"
"2131089863","1546386934","0.62037"
"1546386934","2133846171","0.037037"
"2133846171","1546386934","0.037037"
"1546386934","2165955628","0.037037"
"2165955628","1546386934","0.037037"
"1546386934","2187661543","0.037037"
"2187661543","1546386934","0.037037"
"1546386934","2915032814","0.037037"
"2915032814","1546386934","0.037037"
"1546386934","309242077","1.39934"
"309242077","1546386934","1.39934"
"1546386934","77528907","0.037037"
"77528907","1546386934","0.037037"
"1549496011","1564122094","0.294613"
"1564122094","1549496011","0.294613"
"1549496011","1585096027","0.037037"
"1585096027","1549496011","0.037037"
"1549496011","1610349667","0.0656085"
"1610349667","1549496011","0.0656085"
"1549496011","1943878505","0.0656085"
"1943878505","1549496011","0.0656085"
"1549496011","1971824021","0.0656085"
"1971824021","1549496011","0.0656085"
"1549496011","2011095011","0.037037"
"2011095011","1549496011","0.037037"
"1549496011","2055283006","0.0656085"
"2055283006","1549496011","0.0656085"
"1549496011","2068211749","0.037037"
"2068211749","1549496011","0.037037"
"1549496011","2072707905","0.0656085"
"2072707905","1549496011","0.0656085"
"1549496011","2075280979","0.294613"
"2075280979","1549496011","0.294613"
"1549496011","2082823604","0.037037"
"2082823604","1549496011","0.037037"
"1549496011","2083258459","0.037037"
"2083258459","1549496011","0.037037"
"1549496011","2088349239","0.037037"
"2088349239","1549496011","0.037037"
"1549496011","2101676306","0.0656085"
"2101676306","1549496011","0.0656085"
"1549496011","2108240589","0.294613"
"2108240589","1549496011","0.294613"
"1549496011","2109101900","0.037037"
"2109101900","1549496011","0.037037"
"1549496011","2120694158","0.037037"
"2120694158","1549496011","0.037037"
"1549496011","2131089863","0.0656085"
"2131089863","1549496011","0.0656085"
"1549496011","2133846171","0.0656085"
"2133846171","1549496011","0.0656085"
"1549496011","2165955628","0.0656085"
"2165955628","1549496011","0.0656085"
"1549496011","2187661543","0.037037"
"2187661543","1549496011","0.037037"
"1549496011","2915032814","0.037037"
"2915032814","1549496011","0.037037"
"1549496011","309242077","0.037037"
"309242077","1549496011","0.037037"
"1549496011","77528907","0.037037"
"77528907","1549496011","0.037037"
"1564122094","1585096027","0.037037"
"1585096027","1564122094","0.037037"
"1564122094","1610349667","0.037037"
"1610349667","1564122094","0.037037"
"1564122094","1943878505","0.037037"
"1943878505","1564122094","0.037037"
"1564122094","1971824021","0.037037"
"1971824021","1564122094","0.037037"
"1564122094","2011095011","0.037037"
"2011095011","1564122094","0.037037"
"1564122094","2055283006","0.037037"
"2055283006","1564122094","0.037037"
"1564122094","2068211749","0.037037"
"2068211749","1564122094","0.037037"
"1564122094","2072707905","0.037037"
"2072707905","1564122094","0.037037"
"1564122094","2075280979","7.47795"
"2075280979","1564122094","7.47795"
"1564122094","2082823604","0.037037"
"2082823604","1564122094","0.037037"
"1564122094","2083258459","0.037037"
"2083258459","1564122094","0.037037"
"1564122094","2088349239","0.037037"
"2088349239","1564122094","0.037037"
"1564122094","2101676306","0.037037"
"2101676306","1564122094","0.037037"
"1564122094","2108240589","2.97795"
"2108240589","1564122094","2.97795"
"1564122094","2109101900","1.8287"
"2109101900","1564122094","1.8287"
"1564122094","2120694158","0.037037"
"2120694158","1564122094","0.037037"
"1564122094","2131089863","0.037037"
"2131089863","1564122094","0.037037"
"1564122094","2133846171","0.037037"
"2133846171","1564122094","0.037037"
"1564122094","2165955628","0.037037"
"2165955628","1564122094","0.037037"
"1564122094","2187661543","0.037037"
"2187661543","1564122094","0.037037"
"1564122094","2915032814","0.162037"
"2915032814","1564122094","0.162037"
"1564122094","309242077","0.037037"
"309242077","1564122094","0.037037"
"1564122094","77528907","0.162037"
"77528907","1564122094","0.162037"
"1585096027","1610349667","0.037037"
"1610349667","1585096027","0.037037"
"1585096027","1943878505","0.037037"
"1943878505","1585096027","0.037037"
"1585096027","1971824021","0.037037"
"1971824021","1585096027","0.037037"
"1585096027","2011095011","0.037037"
"2011095011","1585096027","0.037037"
"1585096027","2055283006","0.037037"
"2055283006","1585096027","0.037037"
"1585096027","2068211749","0.037037"
"2068211749","1585096027","0.037037"
"1585096027","2072707905","0.037037"
"2072707905","1585096027","0.037037"
"1585096027","2075280979","0.037037"
"2075280979","1585096027","0.037037"
"1585096027","2082823604","0.037037"
"2082823604","1585096027","0.037037"
"1585096027","2083258459","1.13823"
"2083258459","1585096027","1.13823"
"1585096027","2088349239","0.037037"
"2088349239","1585096027","0.037037"
"1585096027","2101676306","0.037037"
"2101676306","1585096027","0.037037"
"1585096027","2108240589","0.037037"
"2108240589","1585096027","0.037037"
"1585096027","2109101900","0.037037"
"2109101900","1585096027","0.037037"
"1585096027","2120694158","0.037037"
"2120694158","1585096027","0.037037"
"1585096027","2131089863","0.37037"
"2131089863","1585096027","0.37037"
"1585096027","2133846171","0.037037"
"2133846171","1585096027","0.037037"
"1585096027","2165955628","0.037037"
"2165955628","1585096027","0.037037"
"1585096027","2187661543","0.037037"
"2187661543","1585096027","0.037037"
"1585096027","2915032814","0.037037"
"2915032814","1585096027","0.037037"
"1585096027","309242077","0.179894"
"309242077","1585096027","0.179894"
"1585096027","77528907","0.037037"
"77528907","1585096027","0.037037"
"1610349667","1943878505","0.0656085"
"1943878505","1610349667","0.0656085"
"1610349667","1971824021","0.0656085"
"1971824021","1610349667","0.0656085"
"1610349667","2011095011","0.377946"
"2011095011","1610349667","0.377946"
"1610349667","2055283006","0.0656085"
"2055283006","1610349667","0.0656085"
"1610349667","2068211749","0.037037"
"2068211749","1610349667","0.037037"
"1610349667","2072707905","1.04818"
"2072707905","1610349667","1.04818"
"1610349667","2075280979","0.037037"
"2075280979","1610349667","0.037037"
"1610349667","2082823604","0.377946"
"2082823604","1610349667","0.377946"
"1610349667","2083258459","0.037037"
"2083258459","1610349667","0.037037"
"1610349667","2088349239","0.037037"
"2088349239","1610349667","0.037037"
"1610349667","2101676306","0.0656085"
"2101676306","1610349667","0.0656085"
"1610349667","2108240589","0.037037"
"2108240589","1610349667","0.037037"
"1610349667","2109101900","0.037037"
"2109101900","1610349667","0.037037"
"1610349667","2120694158","0.037037"
"2120694158","1610349667","0.037037"
"1610349667","2131089863","0.440608"
"2131089863","1610349667","0.440608"
"1610349667","2133846171","0.489851"
"2133846171","1610349667","0.489851"
"1610349667","2165955628","1.04818"
"2165955628","1610349667","1.04818"
"1610349667","2187661543","0.037037"
"2187661543","1610349667","0.037037"
"1610349667","2915032814","0.037037"
"2915032814","1610349667","0.037037"
"1610349667","309242077","0.162037"
"309242077","1610349667","0.162037"
"1610349667","77528907","0.037037"
"77528907","1610349667","0.037037"
"1943878505","1971824021","11.1597"
"1971824021","1943878505","11.1597"
"1943878505","2011095011","0.037037"
"2011095011","1943878505","0.037037"
"1943878505","2055283006","0.0656085"
"2055283006","1943878505","0.0656085"
"1943878505","2068211749","0.037037"
"2068211749","1943878505","0.037037"
"1943878505","2072707905","0.0656085"
"2072707905","1943878505","0.0656085"
"1943878505","2075280979","0.037037"
"2075280979","1943878505","0.037037"
"1943878505","2082823604","0.037037"
"2082823604","1943878505","0.037037"
"1943878505","2083258459","0.287037"
"2083258459","1943878505","0.287037"
"1943878505","2088349239","5.30608"
"2088349239","1943878505","5.30608"
"1943878505","2101676306","11.993"
"2101676306","1943878505","11.993"
"1943878505","2108240589","0.037037"
"2108240589","1943878505","0.037037"
"1943878505","2109101900","0.037037"
"2109101900","1943878505","0.037037"
"1943878505","2120694158","0.037037"
"2120694158","1943878505","0.037037"
"1943878505","2131089863","0.498942"
"2131089863","1943878505","0.498942"
"1943878505","2133846171","0.0656085"
"2133846171","1943878505","0.0656085"
"1943878505","2165955628","0.0656085"
"2165955628","1943878505","0.0656085"
"1943878505","2187661543","5.30608"
"2187661543","1943878505","5.30608"
"1943878505","2915032814","0.037037"
"2915032814","1943878505","0.037037"
"1943878505","309242077","0.037037"
"309242077","1943878505","0.037037"
"1943878505","77528907","0.037037"
"77528907","1943878505","0.037037"
"1971824021","2011095011","0.037037"
"2011095011","1971824021","0.037037"
"1971824021","2055283006","0.0656085"
"2055283006","1971824021","0.0656085"
"1971824021","2068211749","0.037037"
"2068211749","1971824021","0.037037"
"1971824021","2072707905","0.0656085"
"2072707905","1971824021","0.0656085"
"1971824021","2075280979","0.037037"
"2075280979","1971824021","0.037037"
"1971824021","2082823604","0.037037"
"2082823604","1971824021","0.037037"
"1971824021","2083258459","0.203704"
"2083258459","1971824021","0.203704"
"1971824021","2088349239","5.97275"
"2088349239","1971824021","5.97275"
"1971824021","2101676306","15.3025"
"2101676306","1971824021","15.3025"
"1971824021","2108240589","0.037037"
"2108240589","1971824021","0.037037"
"1971824021","2109101900","0.037037"
"2109101900","1971824021","0.037037"
"1971824021","2120694158","0.203704"
"2120694158","1971824021","0.203704"
"1971824021","2131089863","0.732275"
"2131089863","1971824021","0.732275"
"1971824021","2133846171","0.0656085"
"2133846171","1971824021","0.0656085"
"1971824021","2165955628","0.0656085"
"2165955628","1971824021","0.0656085"
"1971824021","2187661543","5.97275"
"2187661543","1971824021","5.97275"
"1971824021","2915032814","0.87037"
"2915032814","1971824021","0.87037"
"1971824021","309242077","0.037037"
"309242077","1971824021","0.037037"
"1971824021","77528907","0.037037"
"77528907","1971824021","0.037037"
"2011095011","2055283006","0.037037"
"2055283006","2011095011","0.037037"
"2011095011","2068211749","0.037037"
"2068211749","2011095011","0.037037"
"2011095011","2072707905","0.127946"
"2072707905","2011095011","0.127946"
"2011095011","2075280979","0.037037"
"2075280979","2011095011","0.037037"
"2011095011","2082823604","1.71128"
"2082823604","2011095011","1.71128"
"2011095011","2083258459","0.037037"
"2083258459","2011095011","0.037037"
"2011095011","2088349239","0.037037"
"2088349239","2011095011","0.037037"
"2011095011","2101676306","0.037037"
"2101676306","2011095011","0.037037"
"2011095011","2108240589","0.037037"
"2108240589","2011095011","0.037037"
"2011095011","2109101900","0.037037"
"2109101900","2011095011","0.037037"
"2011095011","2120694158","0.037037"
"2120694158","2011095011","0.037037"
"2011095011","2131089863","1.28704"
"2131089863","2011095011","1.28704"
"2011095011","2133846171","0.127946"
"2133846171","2011095011","0.127946"
"2011095011","2165955628","0.127946"
"2165955628","2011095011","0.127946"
"2011095011","2187661543","0.037037"
"2187661543","2011095011","0.037037"
"2011095011","2915032814","0.037037"
"2915032814","2011095011","0.037037"
"2011095011","309242077","0.037037"
"309242077","2011095011","0.037037"
"2011095011","77528907","0.037037"
"77528907","2011095011","0.037037"
"2055283006","2068211749","0.0740741"
"2068211749","2055283006","0.0740741"
"2055283006","2072707905","0.0656085"
"2072707905","2055283006","0.0656085"
"2055283006","2075280979","0.0740741"
"2075280979","2055283006","0.0740741"
"2055283006","2082823604","0.037037"
"2082823604","2055283006","0.037037"
"2055283006","2083258459","0.037037"
"2083258459","2055283006","0.037037"
"2055283006","2088349239","0.037037"
"2088349239","2055283006","0.037037"
"2055283006","2101676306","0.0656085"
"2101676306","2055283006","0.0656085"
"2055283006","2108240589","0.037037"
"2108240589","2055283006","0.037037"
"2055283006","2109101900","0.0740741"
"2109101900","2055283006","0.0740741"
"2055283006","2120694158","0.0740741"
"2120694158","2055283006","0.0740741"
"2055283006","2131089863","0.0656085"
"2131089863","2055283006","0.0656085"
"2055283006","2133846171","0.0656085"
"2133846171","2055283006","0.0656085"
"2055283006","2165955628","0.0656085"
"2165955628","2055283006","0.0656085"
"2055283006","2187661543","0.037037"
"2187661543","2055283006","0.037037"
"2055283006","2915032814","0.0740741"
"2915032814","2055283006","0.0740741"
"2055283006","309242077","0.407407"
"309242077","2055283006","0.407407"
"2055283006","77528907","0.037037"
"77528907","2055283006","0.037037"
"2068211749","2072707905","0.037037"
"2072707905","2068211749","0.037037"
"2068211749","2075280979","1.07407"
"2075280979","2068211749","1.07407"
"2068211749","2082823604","0.037037"
"2082823604","2068211749","0.037037"
"2068211749","2083258459","0.037037"
"2083258459","2068211749","0.037037"
"2068211749","2088349239","0.037037"
"2088349239","2068211749","0.037037"
"2068211749","2101676306","0.037037"
"2101676306","2068211749","0.037037"
"2068211749","2108240589","0.037037"
"2108240589","2068211749","0.037037"
"2068211749","2109101900","0.0740741"
"2109101900","2068211749","0.0740741"
"2068211749","2120694158","0.0740741"
"2120694158","2068211749","0.0740741"
"2068211749","2131089863","0.037037"
"2131089863","2068211749","0.037037"
"2068211749","2133846171","0.037037"
"2133846171","2068211749","0.037037"
"2068211749","2165955628","0.037037"
"2165955628","2068211749","0.037037"
"2068211749","2187661543","0.037037"
"2187661543","2068211749","0.037037"
"2068211749","2915032814","0.0740741"
"2915032814","2068211749","0.0740741"
"2068211749","309242077","0.0740741"
"309242077","2068211749","0.0740741"
"2068211749","77528907","0.037037"
"77528907","2068211749","0.037037"
"2072707905","2075280979","0.037037"
"2075280979","2072707905","0.037037"
"2072707905","2082823604","0.127946"
"2082823604","2072707905","0.127946"
"2072707905","2083258459","0.037037"
"2083258459","2072707905","0.037037"
"2072707905","2088349239","0.037037"
"2088349239","2072707905","0.037037"
"2072707905","2101676306","0.0656085"
"2101676306","2072707905","0.0656085"
"2072707905","2108240589","0.037037"
"2108240589","2072707905","0.037037"
"2072707905","2109101900","0.037037"
"2109101900","2072707905","0.037037"
"2072707905","2120694158","0.037037"
"2120694158","2072707905","0.037037"
"2072707905","2131089863","0.190608"
"2131089863","2072707905","0.190608"
"2072707905","2133846171","0.156518"
"2133846171","2072707905","0.156518"
"2072707905","2165955628","0.714851"
"2165955628","2072707905","0.714851"
"2072707905","2187661543","0.037037"
"2187661543","2072707905","0.037037"
"2072707905","2915032814","0.037037"
"2915032814","2072707905","0.037037"
"2072707905","309242077","0.162037"
"309242077","2072707905","0.162037"
"2072707905","77528907","0.037037"
"77528907","2072707905","0.037037"
"2075280979","2082823604","0.037037"
"2082823604","2075280979","0.037037"
"2075280979","2083258459","0.037037"
"2083258459","2075280979","0.037037"
"2075280979","2088349239","0.037037"
"2088349239","2075280979","0.037037"
"2075280979","2101676306","0.037037"
"2101676306","2075280979","0.037037"
"2075280979","2108240589","5.71247"
"2108240589","2075280979","5.71247"
"2075280979","2109101900","2.15741"
"2109101900","2075280979","2.15741"
"2075280979","2120694158","0.0740741"
"2120694158","2075280979","0.0740741"
"2075280979","2131089863","0.037037"
"2131089863","2075280979","0.037037"
"2075280979","2133846171","0.037037"
"2133846171","2075280979","0.037037"
"2075280979","2165955628","0.037037"
"2165955628","2075280979","0.037037"
"2075280979","2187661543","0.037037"
"2187661543","2075280979","0.037037"
"2075280979","2915032814","0.324074"
"2915032814","2075280979","0.324074"
"2075280979","309242077","0.0740741"
"309242077","2075280979","0.0740741"
"2075280979","77528907","0.162037"
"77528907","2075280979","0.162037"
"2082823604","2083258459","0.037037"
"2083258459","2082823604","0.037037"
"2082823604","2088349239","0.037037"
"2088349239","2082823604","0.037037"
"2082823604","2101676306","0.037037"
"2101676306","2082823604","0.037037"
"2082823604","2108240589","0.037037"
"2108240589","2082823604","0.037037"
"2082823604","2109101900","0.037037"
"2109101900","2082823604","0.037037"
"2082823604","2120694158","0.037037"
"2120694158","2082823604","0.037037"
"2082823604","2131089863","0.287037"
"2131089863","2082823604","0.287037"
"2082823604","2133846171","0.127946"
"2133846171","2082823604","0.127946"
"2082823604","2165955628","1.12795"
"2165955628","2082823604","1.12795"
"2082823604","2187661543","0.037037"
"2187661543","2082823604","0.037037"
"2082823604","2915032814","0.037037"
"2915032814","2082823604","0.037037"
"2082823604","309242077","0.037037"
"309242077","2082823604","0.037037"
"2082823604","77528907","0.037037"
"77528907","2082823604","0.037037"
"2083258459","2088349239","0.037037"
"2088349239","2083258459","0.037037"
"2083258459","2101676306","0.287037"
"2101676306","2083258459","0.287037"
"2083258459","2108240589","0.037037"
"2108240589","2083258459","0.037037"
"2083258459","2109101900","0.037037"
"2109101900","2083258459","0.037037"
"2083258459","2120694158","0.203704"
"2120694158","2083258459","0.203704"
"2083258459","2131089863","0.62037"
"2131089863","2083258459","0.62037"
"2083258459","2133846171","0.037037"
"2133846171","2083258459","0.037037"
"2083258459","2165955628","0.037037"
"2165955628","2083258459","0.037037"
"2083258459","2187661543","0.037037"
"2187661543","2083258459","0.037037"
"2083258459","2915032814","0.237037"
"2915032814","2083258459","0.237037"
"2083258459","309242077","1.07434"
"309242077","2083258459","1.07434"
"2083258459","77528907","0.037037"
"77528907","2083258459","0.037037"
"2088349239","2101676306","4.05608"
"2101676306","2088349239","4.05608"
"2088349239","2108240589","0.037037"
"2108240589","2088349239","0.037037"
"2088349239","2109101900","0.037037"
"2109101900","2088349239","0.037037"
"2088349239","2120694158","0.037037"
"2120694158","2088349239","0.037037"
"2088349239","2131089863","0.037037"
"2131089863","2088349239","0.037037"
"2088349239","2133846171","0.037037"
"2133846171","2088349239","0.037037"
"2088349239","2165955628","0.037037"
"2165955628","2088349239","0.037037"
"2088349239","2187661543","7.14699"
"2187661543","2088349239","7.14699"
"2088349239","2915032814","0.037037"
"2915032814","2088349239","0.037037"
"2088349239","309242077","0.037037"
"309242077","2088349239","0.037037"
"2088349239","77528907","0.037037"
"77528907","2088349239","0.037037"
"2101676306","2108240589","0.037037"
"2108240589","2101676306","0.037037"
"2101676306","2109101900","0.037037"
"2109101900","2101676306","0.037037"
"2101676306","2120694158","0.203704"
"2120694158","2101676306","0.203704"
"2101676306","2131089863","0.732275"
"2131089863","2101676306","0.732275"
"2101676306","2133846171","0.0656085"
"2133846171","2101676306","0.0656085"
"2101676306","2165955628","0.0656085"
"2165955628","2101676306","0.0656085"
"2101676306","2187661543","4.05608"
"2187661543","2101676306","4.05608"
"2101676306","2915032814","0.87037"
"2915032814","2101676306","0.87037"
"2101676306","309242077","0.037037"
"309242077","2101676306","0.037037"
"2101676306","77528907","0.037037"
"77528907","2101676306","0.037037"
"2108240589","2109101900","2.62037"
"2109101900","2108240589","2.62037"
"2108240589","2120694158","0.037037"
"2120694158","2108240589","0.037037"
"2108240589","2131089863","0.037037"
"2131089863","2108240589","0.037037"
"2108240589","2133846171","0.037037"
"2133846171","2108240589","0.037037"
"2108240589","2165955628","0.037037"
"2165955628","2108240589","0.037037"
"2108240589","2187661543","0.037037"
"2187661543","2108240589","0.037037"
"2108240589","2915032814","0.287037"
"2915032814","2108240589","0.287037"
"2108240589","309242077","0.037037"
"309242077","2108240589","0.037037"
"2108240589","77528907","0.162037"
"77528907","2108240589","0.162037"
"2109101900","2120694158","0.0740741"
"2120694158","2109101900","0.0740741"
"2109101900","2131089863","0.037037"
"2131089863","2109101900","0.037037"
"2109101900","2133846171","0.037037"
"2133846171","2109101900","0.037037"
"2109101900","2165955628","0.037037"
"2165955628","2109101900","0.037037"
"2109101900","2187661543","0.037037"
"2187661543","2109101900","0.037037"
"2109101900","2915032814","2.32407"
"2915032814","2109101900","2.32407"
"2109101900","309242077","0.0740741"
"309242077","2109101900","0.0740741"
"2109101900","77528907","0.162037"
"77528907","2109101900","0.162037"
"2120694158","2131089863","0.037037"
"2131089863","2120694158","0.037037"
"2120694158","2133846171","0.037037"
"2133846171","2120694158","0.037037"
"2120694158","2165955628","0.037037"
"2165955628","2120694158","0.037037"
"2120694158","2187661543","0.037037"
"2187661543","2120694158","0.037037"
"2120694158","2915032814","0.0740741"
"2915032814","2120694158","0.0740741"
"2120694158","309242077","0.199074"
"309242077","2120694158","0.199074"
"2120694158","77528907","0.037037"
"77528907","2120694158","0.037037"
"2131089863","2133846171","0.0656085"
"2133846171","2131089863","0.0656085"
"2131089863","2165955628","0.190608"
"2165955628","2131089863","0.190608"
"2131089863","2187661543","0.037037"
"2187661543","2131089863","0.037037"
"2131089863","2915032814","0.37037"
"2915032814","2131089863","0.37037"
"2131089863","309242077","1.16204"
"309242077","2131089863","1.16204"
"2131089863","77528907","0.037037"
"77528907","2131089863","0.037037"
"2133846171","2165955628","0.489851"
"2165955628","2133846171","0.489851"
"2133846171","2187661543","0.037037"
"2187661543","2133846171","0.037037"
"2133846171","2915032814","0.037037"
"2915032814","2133846171","0.037037"
"2133846171","309242077","0.037037"
"309242077","2133846171","0.037037"
"2133846171","77528907","0.037037"
"77528907","2133846171","0.037037"
"2165955628","2187661543","0.037037"
"2187661543","2165955628","0.037037"
"2165955628","2915032814","0.037037"
"2915032814","2165955628","0.037037"
"2165955628","309242077","0.162037"
"309242077","2165955628","0.162037"
"2165955628","77528907","0.037037"
"77528907","2165955628","0.037037"
"2187661543","2915032814","0.037037"
"2915032814","2187661543","0.037037"
"2187661543","309242077","0.037037"
"309242077","2187661543","0.037037"
"2187661543","77528907","0.037037"
"77528907","2187661543","0.037037"
"2915032814","309242077","0.407407"
"309242077","2915032814","0.407407"
"2915032814","77528907","0.162037"
"77528907","2915032814","0.162037"
"309242077","77528907","0.037037"
"77528907","309242077","0.037037"
"1485216661","1500015301","0.340909"
"1500015301","1485216661","0.340909"
"1500015301","1549496011","1.29012"
"1549496011","1500015301","1.29012"
"1500015301","190707973","2.46568"
"190707973","1500015301","2.46568"
"1500015301","90453918","0.25"
"90453918","1500015301","0.25"
"1485216661","2034200507","0.0909091"
"2034200507","1485216661","0.0909091"
"1485216661","2096339596","0.0909091"
"2096339596","1485216661","0.0909091"
"1485216661","2104702759","0.0909091"
"2104702759","1485216661","0.0909091"
"1485216661","2104748480","0.0909091"
"2104748480","1485216661","0.0909091"
"1485216661","2131123432","0.0909091"
"2131123432","1485216661","0.0909091"
"1485216661","2135656098","0.0909091"
"2135656098","1485216661","0.0909091"
"1485216661","2156791615","0.167832"
"2156791615","1485216661","0.167832"
"1500015301","2028900608","0.0909091"
"2028900608","1500015301","0.0909091"
"1500015301","2034200507","0.0909091"
"2034200507","1500015301","0.0909091"
"1500015301","2096339596","0.333766"
"2096339596","1500015301","0.333766"
"1500015301","2104702759","0.257576"
"2104702759","1500015301","0.257576"
"1500015301","2104748480","0.156518"
"2104748480","1500015301","0.156518"
"1500015301","2131123432","0.119481"
"2131123432","1500015301","0.119481"
"1500015301","2135656098","0.286147"
"2135656098","1500015301","0.286147"
"1500015301","2156791615","0.440909"
"2156791615","1500015301","0.440909"
"1549496011","2028900608","0.292832"
"2028900608","1549496011","0.292832"
"1549496011","2034200507","0.0909091"
"2034200507","1549496011","0.0909091"
"1549496011","2096339596","0.233766"
"2096339596","1549496011","0.233766"
"1549496011","2104702759","0.0909091"
"2104702759","1549496011","0.0909091"
"1549496011","2104748480","0.119481"
"2104748480","1549496011","0.119481"
"1549496011","2131123432","0.119481"
"2131123432","1549496011","0.119481"
"1549496011","2135656098","0.119481"
"2135656098","1549496011","0.119481"
"1549496011","2156791615","0.0909091"
"2156791615","1549496011","0.0909091"
"190707973","2034200507","0.0909091"
"2034200507","190707973","0.0909091"
"190707973","2096339596","0.433766"
"2096339596","190707973","0.433766"
"190707973","2104702759","0.190909"
"2104702759","190707973","0.190909"
"190707973","2104748480","0.127946"
"2104748480","190707973","0.127946"
"190707973","2131123432","0.0909091"
"2131123432","190707973","0.0909091"
"190707973","2135656098","0.424242"
"2135656098","190707973","0.424242"
"190707973","2156791615","0.601165"
"2156791615","190707973","0.601165"
"2028900608","2034200507","0.0909091"
"2034200507","2028900608","0.0909091"
"2028900608","2096339596","0.0909091"
"2096339596","2028900608","0.0909091"
"2028900608","2104702759","0.0909091"
"2104702759","2028900608","0.0909091"
"2028900608","2104748480","0.0909091"
"2104748480","2028900608","0.0909091"
"2028900608","2131123432","0.0909091"
"2131123432","2028900608","0.0909091"
"2028900608","2135656098","0.390909"
"2135656098","2028900608","0.390909"
"2028900608","2156791615","0.290909"
"2156791615","2028900608","0.290909"
"2034200507","2096339596","2.37662"
"2096339596","2034200507","2.37662"
"2034200507","2104702759","3.97424"
"2104702759","2034200507","3.97424"
"2034200507","2104748480","0.0909091"
"2104748480","2034200507","0.0909091"
"2034200507","2131123432","0.0909091"
"2131123432","2034200507","0.0909091"
"2034200507","2135656098","0.0909091"
"2135656098","2034200507","0.0909091"
"2034200507","2156791615","0.0909091"
"2156791615","2034200507","0.0909091"
"2096339596","2104702759","0.615909"
"2104702759","2096339596","0.615909"
"2096339596","2104748480","0.0909091"
"2104748480","2096339596","0.0909091"
"2096339596","2131123432","0.0909091"
"2131123432","2096339596","0.0909091"
"2096339596","2135656098","0.0909091"
"2135656098","2096339596","0.0909091"
"2096339596","2156791615","0.190909"
"2156791615","2096339596","0.190909"
"2104702759","2104748480","0.0909091"
"2104748480","2104702759","0.0909091"
"2104702759","2131123432","0.0909091"
"2131123432","2104702759","0.0909091"
"2104702759","2135656098","0.368687"
"2135656098","2104702759","0.368687"
"2104702759","2156791615","0.465909"
"2156791615","2104702759","0.465909"
"2104748480","2131123432","3.46392"
"2131123432","2104748480","3.46392"
"2104748480","2135656098","0.452814"
"2135656098","2104748480","0.452814"
"2104748480","2156791615","0.0909091"
"2156791615","2104748480","0.0909091"
"2131123432","2135656098","0.452814"
"2135656098","2131123432","0.452814"
"2131123432","2156791615","0.0909091"
"2156791615","2131123432","0.0909091"
"2135656098","2156791615","4.60758"
"2156791615","2135656098","4.60758"
"1485216661","1925603120","0.24359"
"1925603120","1485216661","0.24359"
"1485216661","2047984110","0.153846"
"2047984110","1485216661","0.153846"
"1485216661","2103806120","0.153846"
"2103806120","1485216661","0.153846"
"1485216661","2592808910","0.41978"
"2592808910","1485216661","0.41978"
"1485216661","62209366","0.41978"
"62209366","1485216661","0.41978"
"1558817269","1925603120","0.24359"
"1925603120","1558817269","0.24359"
"1558817269","2047984110","5.53837"
"2047984110","1558817269","5.53837"
"1558817269","2103806120","10.2044"
"2103806120","1558817269","10.2044"
"1558817269","2156791615","0.176923"
"2156791615","1558817269","0.176923"
"1558817269","2592808910","0.0769231"
"2592808910","1558817269","0.0769231"
"1558817269","62209366","0.0769231"
"62209366","1558817269","0.0769231"
"1631405927","1925603120","0.576923"
"1925603120","1631405927","0.576923"
"1631405927","2047984110","1.13004"
"2047984110","1631405927","1.13004"
"1631405927","2103806120","1.17567"
"2103806120","1631405927","1.17567"
"1631405927","2156791615","0.0769231"
"2156791615","1631405927","0.0769231"
"1631405927","2592808910","0.167832"
"2592808910","1631405927","0.167832"
"1631405927","62209366","0.167832"
"62209366","1631405927","0.167832"
"190707973","1925603120","1.24359"
"1925603120","190707973","1.24359"
"190707973","2047984110","3.05504"
"2047984110","190707973","3.05504"
"190707973","2103806120","1.63771"
"2103806120","190707973","1.63771"
"190707973","2592808910","2.46902"
"2592808910","190707973","2.46902"
"190707973","62209366","1.46902"
"62209366","190707973","1.46902"
"1925603120","2047984110","0.0769231"
"2047984110","1925603120","0.0769231"
"1925603120","2103806120","0.576923"
"2103806120","1925603120","0.576923"
"1925603120","2119781888","0.24359"
"2119781888","1925603120","0.24359"
"1925603120","2156791615","0.276923"
"2156791615","1925603120","0.276923"
"1925603120","2241690919","0.0769231"
"2241690919","1925603120","0.0769231"
"1925603120","2592808910","0.276923"
"2592808910","1925603120","0.276923"
"1925603120","2765659979","0.0769231"
"2765659979","1925603120","0.0769231"
"1925603120","62209366","0.276923"
"62209366","1925603120","0.276923"
"1925603120","90453918","0.0769231"
"90453918","1925603120","0.0769231"
"2047984110","2103806120","6.53004"
"2103806120","2047984110","6.53004"
"2047984110","2119781888","0.153846"
"2119781888","2047984110","0.153846"
