"1222699389","2085925880","1.89286"
"2085925880","1222699389","1.89286"
"1222699389","1948712562","0.9421"
"1948712562","1222699389","0.9421"
"1222699389","2111487235","0.674242"
"2111487235","1222699389","0.674242"
"1222699389","2163049969","0.608766"
"2163049969","1222699389","0.608766"
"1948712562","2085925880","0.517857"
"2085925880","1948712562","0.517857"
"1948712562","2111487235","1.21591"
"2111487235","1948712562","1.21591"
"1948712562","2163049969","15.6504"
"2163049969","1948712562","15.6504"
"2085925880","2111487235","7.99405"
"2111487235","2085925880","7.99405"
"2085925880","2163049969","1.01786"
"2163049969","2085925880","1.01786"
"2111487235","2163049969","1.21591"
"2163049969","2111487235","1.21591"
"1222699389","1903577715","0.5"
"1903577715","1222699389","0.5"
"1903577715","2085925880","0.5"
"2085925880","1903577715","0.5"
"1222699389","2095851690","1.23377"
"2095851690","1222699389","1.23377"
"1222699389","2119085032","0.900433"
"2119085032","1222699389","0.900433"
"1948712562","2095851690","1.4421"
"2095851690","1948712562","1.4421"
"1948712562","2119085032","0.5671"
"2119085032","1948712562","0.5671"
"2095851690","2119085032","1.20996"
"2119085032","2095851690","1.20996"
"1222699389","2083794595","0.0909091"
"2083794595","1222699389","0.0909091"
"1222699389","2083940415","0.0909091"
"2083940415","1222699389","0.0909091"
"1222699389","2102457045","1.73377"
"2102457045","1222699389","1.73377"
"1222699389","2143170946","0.233766"
"2143170946","1222699389","0.233766"
"1222699389","2158326123","0.0909091"
"2158326123","1222699389","0.0909091"
"1222699389","2210686847","0.0909091"
"2210686847","1222699389","0.0909091"
"1948712562","2083794595","0.215909"
"2083794595","1948712562","0.215909"
"1948712562","2083940415","0.632576"
"2083940415","1948712562","0.632576"
"1948712562","2102457045","1.02543"
"2102457045","1948712562","1.02543"
"1948712562","2143170946","0.233766"
"2143170946","1948712562","0.233766"
"1948712562","2158326123","0.215909"
"2158326123","1948712562","0.215909"
"1948712562","2210686847","0.0909091"
"2210686847","1948712562","0.0909091"
"2083794595","2083940415","0.215909"
"2083940415","2083794595","0.215909"
"2083794595","2095851690","1.46591"
"2095851690","2083794595","1.46591"
"2083794595","2102457045","0.465909"
"2102457045","2083794595","0.465909"
"2083794595","2111487235","0.465909"
"2111487235","2083794595","0.465909"
"2083794595","2119085032","0.0909091"
"2119085032","2083794595","0.0909091"
"2083794595","2143170946","0.0909091"
"2143170946","2083794595","0.0909091"
"2083794595","2158326123","4.46591"
"2158326123","2083794595","4.46591"
"2083794595","2163049969","0.215909"
"2163049969","2083794595","0.215909"
"2083794595","2210686847","0.0909091"
"2210686847","2083794595","0.0909091"
"2083940415","2095851690","0.9421"
"2095851690","2083940415","0.9421"
"2083940415","2102457045","0.965909"
"2102457045","2083940415","0.965909"
"2083940415","2111487235","1.00162"
"2111487235","2083940415","1.00162"
"2083940415","2119085032","0.626623"
"2119085032","2083940415","0.626623"
"2083940415","2143170946","0.376623"
"2143170946","2083940415","0.376623"
"2083940415","2158326123","0.9421"
"2158326123","2083940415","0.9421"
"2083940415","2163049969","0.632576"
"2163049969","2083940415","0.632576"
"2083940415","2210686847","0.0909091"
"2210686847","2083940415","0.0909091"
"2095851690","2102457045","2.10877"
"2102457045","2095851690","2.10877"
"2095851690","2111487235","2.1921"
"2111487235","2095851690","2.1921"
"2095851690","2143170946","0.54329"
"2143170946","2095851690","0.54329"
"2095851690","2158326123","0.965909"
"2158326123","2095851690","0.965909"
"2095851690","2163049969","2.10877"
"2163049969","2095851690","2.10877"
"2095851690","2210686847","1.59091"
"2210686847","2095851690","1.59091"
"2102457045","2111487235","0.715909"
"2111487235","2102457045","0.715909"
"2102457045","2119085032","0.650433"
"2119085032","2102457045","0.650433"
"2102457045","2143170946","0.400433"
"2143170946","2102457045","0.400433"
"2102457045","2158326123","1.21591"
"2158326123","2102457045","1.21591"
"2102457045","2163049969","1.02543"
"2163049969","2102457045","1.02543"
"2102457045","2210686847","0.0909091"
"2210686847","2102457045","0.0909091"
"2111487235","2119085032","0.626623"
"2119085032","2111487235","0.626623"
"2111487235","2143170946","1.37662"
"2143170946","2111487235","1.37662"
"2111487235","2158326123","0.858766"
"2158326123","2111487235","0.858766"
"2111487235","2210686847","0.0909091"
"2210686847","2111487235","0.0909091"
"2119085032","2143170946","0.686147"
"2143170946","2119085032","0.686147"
"2119085032","2158326123","0.650433"
"2158326123","2119085032","0.650433"
"2119085032","2163049969","0.233766"
"2163049969","2119085032","0.233766"
"2119085032","2210686847","0.0909091"
"2210686847","2119085032","0.0909091"
"2143170946","2158326123","0.400433"
"2158326123","2143170946","0.400433"
"2143170946","2163049969","0.233766"
"2163049969","2143170946","0.233766"
"2143170946","2210686847","0.0909091"
"2210686847","2143170946","0.0909091"
"2158326123","2163049969","0.215909"
"2163049969","2158326123","0.215909"
"2158326123","2210686847","0.0909091"
"2210686847","2158326123","0.0909091"
"2163049969","2210686847","0.0909091"
"2210686847","2163049969","0.0909091"
"1222699389","2151135920","1.125"
"2151135920","1222699389","1.125"
"1222699389","1968061803","0.125"
"1968061803","1222699389","0.125"
"1222699389","2014589236","0.125"
"2014589236","1222699389","0.125"
"1222699389","2066220442","0.458333"
"2066220442","1222699389","0.458333"
"1222699389","2117030266","0.125"
"2117030266","1222699389","0.125"
"1222699389","2515236103","0.125"
"2515236103","1222699389","0.125"
"1948712562","1968061803","0.125"
"1968061803","1948712562","0.125"
"1948712562","2014589236","0.125"
"2014589236","1948712562","0.125"
"1948712562","2066220442","0.291667"
"2066220442","1948712562","0.291667"
"1948712562","2117030266","0.125"
"2117030266","1948712562","0.125"
"1948712562","2151135920","0.291667"
"2151135920","1948712562","0.291667"
"1948712562","2515236103","0.125"
"2515236103","1948712562","0.125"
"1968061803","2014589236","0.482143"
"2014589236","1968061803","0.482143"
"1968061803","2066220442","2.52186"
"2066220442","1968061803","2.52186"
"1968061803","2117030266","0.593254"
"2117030266","1968061803","0.593254"
"1968061803","2151135920","0.559524"
"2151135920","1968061803","0.559524"
"1968061803","2163049969","0.125"
"2163049969","1968061803","0.125"
"1968061803","2515236103","0.125"
"2515236103","1968061803","0.125"
"2014589236","2066220442","2.03929"
"2066220442","2014589236","2.03929"
"2014589236","2117030266","1.0119"
"2117030266","2014589236","1.0119"
"2014589236","2151135920","5.31548"
"2151135920","2014589236","5.31548"
"2014589236","2163049969","0.125"
"2163049969","2014589236","0.125"
"2014589236","2515236103","0.125"
"2515236103","2014589236","0.125"
"2066220442","2117030266","0.672619"
"2117030266","2066220442","0.672619"
"2066220442","2151135920","2.72619"
"2151135920","2066220442","2.72619"
"2066220442","2163049969","0.291667"
"2163049969","2066220442","0.291667"
"2066220442","2515236103","0.125"
"2515236103","2066220442","0.125"
"2117030266","2151135920","0.839286"
"2151135920","2117030266","0.839286"
"2117030266","2163049969","0.125"
"2163049969","2117030266","0.125"
"2117030266","2515236103","0.125"
"2515236103","2117030266","0.125"
"2151135920","2163049969","0.291667"
"2163049969","2151135920","0.291667"
"2151135920","2515236103","0.125"
"2515236103","2151135920","0.125"
"2163049969","2515236103","0.125"
"2515236103","2163049969","0.125"
"1222699389","2114488082","0.333333"
"2114488082","1222699389","0.333333"
"2095851690","2114488082","0.47619"
"2114488082","2095851690","0.47619"
"2114488082","2119085032","2.33333"
"2119085032","2114488082","2.33333"
"1222699389","1761672165","0.5"
"1761672165","1222699389","0.5"
"1761672165","2102457045","0.666667"
"2102457045","1761672165","0.666667"
"2066220442","2095851690","0.333333"
"2095851690","2066220442","0.333333"
"2066220442","2111487235","0.333333"
"2111487235","2066220442","0.333333"
"2085925880","2095851690","0.410714"
"2095851690","2085925880","0.410714"
"2085925880","2102457045","0.267857"
"2102457045","2085925880","0.267857"
"2085925880","2119085032","0.428571"
"2119085032","2085925880","0.428571"
"2085925880","2143170946","0.428571"
"2143170946","2085925880","0.428571"
"143193064","2119359024","0.333333"
"2119359024","143193064","0.333333"
"143193064","2294242399","7.83333"
"2294242399","143193064","7.83333"
"143193064","2461373307","0.333333"
"2461373307","143193064","0.333333"
"2119359024","2294242399","1.33333"
"2294242399","2119359024","1.33333"
"2119359024","2461373307","4.83333"
"2461373307","2119359024","4.83333"
"2294242399","2461373307","0.333333"
"2461373307","2294242399","0.333333"
"143193064","2149084825","2.5"
"2149084825","143193064","2.5"
"2149084825","2294242399","2.5"
"2294242399","2149084825","2.5"
"143193064","2578355414","1"
"2578355414","143193064","1"
"1433255219","2116669623","0.5"
"2116669623","1433255219","0.5"
"1433255219","2152060369","0.833333"
"2152060369","1433255219","0.833333"
"2116669623","2152060369","1.5"
"2152060369","2116669623","1.5"
"1433255219","2518060702","8.66667"
"2518060702","1433255219","8.66667"
"1433255219","2734542274","7.66667"
"2734542274","1433255219","7.66667"
"1433255219","2528183044","1.33333"
"2528183044","1433255219","1.33333"
"2518060702","2528183044","0.333333"
"2528183044","2518060702","0.333333"
"2518060702","2734542274","4.66667"
"2734542274","2518060702","4.66667"
"2528183044","2734542274","0.333333"
"2734542274","2528183044","0.333333"
"1433255219","2156262402","1"
"2156262402","1433255219","1"
"2152060369","2518060702","0.833333"
"2518060702","2152060369","0.833333"
"2152060369","2734542274","0.333333"
"2734542274","2152060369","0.333333"
"1433255219","2082300114","1"
"2082300114","1433255219","1"
"1527892","2051590127","10.1548"
"2051590127","1527892","10.1548"
"1527892","2578355414","5.90476"
"2578355414","1527892","5.90476"
"2051590127","2578355414","8.90476"
"2578355414","2051590127","8.90476"
"1527892","1761672165","0.404762"
"1761672165","1527892","0.404762"
"1527892","1916198581","0.404762"
"1916198581","1527892","0.404762"
"1527892","1956767865","0.0714286"
"1956767865","1527892","0.0714286"
"1527892","1968061803","1.07143"
"1968061803","1527892","1.07143"
"1527892","2014589236","0.0714286"
"2014589236","1527892","0.0714286"
"1527892","2066220442","0.0714286"
"2066220442","1527892","0.0714286"
"1527892","2109860693","0.404762"
"2109860693","1527892","0.404762"
"1527892","2117030266","0.0714286"
"2117030266","1527892","0.0714286"
"1527892","2125743503","0.0714286"
"2125743503","1527892","0.0714286"
"1527892","2137365926","0.0714286"
"2137365926","1527892","0.0714286"
"1527892","2170197386","0.0714286"
"2170197386","1527892","0.0714286"
"1527892","2461373307","0.0714286"
"2461373307","1527892","0.0714286"
"1761672165","1916198581","1.51429"
"1916198581","1761672165","1.51429"
"1761672165","1956767865","1.69643"
"1956767865","1761672165","1.69643"
"1761672165","1968061803","0.296429"
"1968061803","1761672165","0.296429"
"1761672165","2014589236","0.271429"
"2014589236","1761672165","0.271429"
"1761672165","2051590127","0.0714286"
"2051590127","1761672165","0.0714286"
"1761672165","2066220442","2.4131"
"2066220442","1761672165","2.4131"
"1761672165","2109860693","4.52262"
"2109860693","1761672165","4.52262"
"1761672165","2117030266","0.0714286"
"2117030266","1761672165","0.0714286"
"1761672165","2125743503","0.171429"
"2125743503","1761672165","0.171429"
"1761672165","2137365926","0.171429"
"2137365926","1761672165","0.171429"
"1761672165","2170197386","0.371429"
"2170197386","1761672165","0.371429"
"1761672165","2461373307","0.171429"
"2461373307","1761672165","0.171429"
"1761672165","2578355414","0.0714286"
"2578355414","1761672165","0.0714286"
"1916198581","1956767865","4.02543"
"1956767865","1916198581","4.02543"
"1916198581","1968061803","0.629004"
"1968061803","1916198581","0.629004"
"1916198581","2014589236","0.517857"
"2014589236","1916198581","0.517857"
"1916198581","2051590127","0.0714286"
"2051590127","1916198581","0.0714286"
"1916198581","2066220442","0.679004"
"2066220442","1916198581","0.679004"
"1916198581","2109860693","0.814286"
"2109860693","1916198581","0.814286"
"1916198581","2117030266","0.60119"
"2117030266","1916198581","0.60119"
"1916198581","2125743503","0.983766"
"2125743503","1916198581","0.983766"
"1916198581","2137365926","0.659524"
"2137365926","1916198581","0.659524"
"1916198581","2170197386","0.783766"
"2170197386","1916198581","0.783766"
"1916198581","2461373307","0.242857"
"2461373307","1916198581","0.242857"
"1916198581","2578355414","0.0714286"
"2578355414","1916198581","0.0714286"
"1956767865","1968061803","4.16512"
"1968061803","1956767865","4.16512"
"1956767865","2014589236","1.19405"
"2014589236","1956767865","1.19405"
"1956767865","2051590127","0.0714286"
"2051590127","1956767865","0.0714286"
"1956767865","2066220442","3.08734"
"2066220442","1956767865","3.08734"
"1956767865","2109860693","1.77262"
"2109860693","1956767865","1.77262"
"1956767865","2117030266","1.18849"
"2117030266","1956767865","1.18849"
"1956767865","2125743503","2.85043"
"2125743503","1956767865","2.85043"
"1956767865","2137365926","2.55952"
"2137365926","1956767865","2.55952"
"1956767865","2170197386","4.2171"
"2170197386","1956767865","4.2171"
"1956767865","2461373307","1.64286"
"2461373307","1956767865","1.64286"
"1956767865","2578355414","0.0714286"
"2578355414","1956767865","0.0714286"
"1968061803","2051590127","0.0714286"
"2051590127","1968061803","0.0714286"
"1968061803","2109860693","0.296429"
"2109860693","1968061803","0.296429"
"1968061803","2125743503","1.66234"
"2125743503","1968061803","1.66234"
"1968061803","2137365926","0.538095"
"2137365926","1968061803","0.538095"
"1968061803","2170197386","0.462338"
"2170197386","1968061803","0.462338"
"1968061803","2461373307","0.371429"
"2461373307","1968061803","0.371429"
"1968061803","2578355414","0.0714286"
"2578355414","1968061803","0.0714286"
"2014589236","2051590127","0.0714286"
"2051590127","2014589236","0.0714286"
"2014589236","2109860693","0.547619"
"2109860693","2014589236","0.547619"
"2014589236","2125743503","0.142857"
"2125743503","2014589236","0.142857"
"2014589236","2137365926","0.392857"
"2137365926","2014589236","0.392857"
"2014589236","2170197386","0.342857"
"2170197386","2014589236","0.342857"
"2014589236","2461373307","0.142857"
"2461373307","2014589236","0.142857"
"2014589236","2578355414","0.0714286"
"2578355414","2014589236","0.0714286"
"2051590127","2066220442","0.0714286"
"2066220442","2051590127","0.0714286"
"2051590127","2109860693","0.0714286"
"2109860693","2051590127","0.0714286"
"2051590127","2117030266","0.0714286"
"2117030266","2051590127","0.0714286"
"2051590127","2125743503","0.0714286"
"2125743503","2051590127","0.0714286"
"2051590127","2137365926","0.0714286"
"2137365926","2051590127","0.0714286"
"2051590127","2170197386","0.0714286"
"2170197386","2051590127","0.0714286"
"2051590127","2461373307","0.0714286"
"2461373307","2051590127","0.0714286"
"2066220442","2109860693","2.04643"
"2109860693","2066220442","2.04643"
"2066220442","2125743503","0.929004"
"2125743503","2066220442","0.929004"
"2066220442","2137365926","1.25476"
"2137365926","2066220442","1.25476"
"2066220442","2170197386","1.379"
"2170197386","2066220442","1.379"
"2066220442","2461373307","0.588095"
"2461373307","2066220442","0.588095"
"2066220442","2578355414","0.0714286"
"2578355414","2066220442","0.0714286"
"2109860693","2117030266","0.0714286"
"2117030266","2109860693","0.0714286"
"2109860693","2125743503","0.171429"
"2125743503","2109860693","0.171429"
"2109860693","2137365926","0.171429"
"2137365926","2109860693","0.171429"
"2109860693","2170197386","0.171429"
"2170197386","2109860693","0.171429"
"2109860693","2461373307","0.171429"
"2461373307","2109860693","0.171429"
"2109860693","2578355414","0.0714286"
"2578355414","2109860693","0.0714286"
"2117030266","2125743503","0.309524"
"2125743503","2117030266","0.309524"
"2117030266","2137365926","0.309524"
"2137365926","2117030266","0.309524"
"2117030266","2170197386","0.309524"
"2170197386","2117030266","0.309524"
"2117030266","2461373307","0.309524"
"2461373307","2117030266","0.309524"
"2117030266","2578355414","0.0714286"
"2578355414","2117030266","0.0714286"
"2125743503","2137365926","2.42619"
"2137365926","2125743503","2.42619"
"2125743503","2170197386","8.13377"
"2170197386","2125743503","8.13377"
"2125743503","2461373307","3.25952"
"2461373307","2125743503","3.25952"
"2125743503","2578355414","0.0714286"
"2578355414","2125743503","0.0714286"
"2137365926","2170197386","3.25952"
"2170197386","2137365926","3.25952"
"2137365926","2461373307","2.59286"
"2461373307","2137365926","2.59286"
"2137365926","2578355414","0.0714286"
"2578355414","2137365926","0.0714286"
"2170197386","2461373307","2.59286"
"2461373307","2170197386","2.59286"
"2170197386","2578355414","0.0714286"
"2578355414","2170197386","0.0714286"
"2461373307","2578355414","0.0714286"
"2578355414","2461373307","0.0714286"
"1527892","2050119028","0.833333"
"2050119028","1527892","0.833333"
"2050119028","2051590127","0.833333"
"2051590127","2050119028","0.833333"
"2050119028","2578355414","0.333333"
"2578355414","2050119028","0.333333"
"1527892","2771281827","0.5"
"2771281827","1527892","0.5"
"2051590127","2771281827","0.5"
"2771281827","2051590127","0.5"
"1527892","1537370817","0.25"
"1537370817","1527892","0.25"
"1527892","2164195897","0.25"
"2164195897","1527892","0.25"
"1527892","2631389871","0.25"
"2631389871","1527892","0.25"
"1537370817","2051590127","0.25"
"2051590127","1537370817","0.25"
"1537370817","2164195897","0.866667"
"2164195897","1537370817","0.866667"
"1537370817","2631389871","10.2"
"2631389871","1537370817","10.2"
"2051590127","2164195897","0.25"
"2164195897","2051590127","0.25"
"2051590127","2631389871","0.25"
"2631389871","2051590127","0.25"
"2164195897","2631389871","0.866667"
"2631389871","2164195897","0.866667"
"1537370817","1552906779","0.25"
"1552906779","1537370817","0.25"
"1537370817","2066220442","0.75"
"2066220442","1537370817","0.75"
"1537370817","2150795982","0.5"
"2150795982","1537370817","0.5"
"1552906779","2066220442","0.583333"
"2066220442","1552906779","0.583333"
"1552906779","2150795982","0.589286"
"2150795982","1552906779","0.589286"
"1552906779","2631389871","0.25"
"2631389871","1552906779","0.25"
"2066220442","2150795982","1.80952"
"2150795982","2066220442","1.80952"
"2066220442","2631389871","0.75"
"2631389871","2066220442","0.75"
"2150795982","2631389871","0.5"
"2631389871","2150795982","0.5"
"1537370817","1903577715","0.616667"
"1903577715","1537370817","0.616667"
"1903577715","2066220442","0.25"
"2066220442","1903577715","0.25"
"1903577715","2164195897","4.11667"
"2164195897","1903577715","4.11667"
"1903577715","2631389871","0.616667"
"2631389871","1903577715","0.616667"
"2066220442","2164195897","2.25"
"2164195897","2066220442","2.25"
"1537370817","1968061803","0.333333"
"1968061803","1537370817","0.333333"
"1537370817","2508824203","0.333333"
"2508824203","1537370817","0.333333"
"1968061803","2508824203","1.33333"
"2508824203","1968061803","1.33333"
"1968061803","2631389871","0.333333"
"2631389871","1968061803","0.333333"
"2508824203","2631389871","0.333333"
"2631389871","2508824203","0.333333"
"1537370817","2121468041","0.5"
"2121468041","1537370817","0.5"
"2121468041","2631389871","0.5"
"2631389871","2121468041","0.5"
"1537370817","1956767865","0.366667"
"1956767865","1537370817","0.366667"
"1537370817","2508667123","0.2"
"2508667123","1537370817","0.2"
"1903577715","1956767865","0.366667"
"1956767865","1903577715","0.366667"
"1903577715","2508667123","1.03333"
"2508667123","1903577715","1.03333"
"1956767865","2164195897","0.533333"
"2164195897","1956767865","0.533333"
"1956767865","2508667123","0.2"
"2508667123","1956767865","0.2"
"1956767865","2631389871","0.366667"
"2631389871","1956767865","0.366667"
"2164195897","2508667123","1.2"
"2508667123","2164195897","1.2"
"2508667123","2631389871","0.2"
"2631389871","2508667123","0.2"
"1537370817","1993426957","0.166667"
"1993426957","1537370817","0.166667"
"1537370817","2125743503","0.166667"
"2125743503","1537370817","0.166667"
"1903577715","1993426957","0.166667"
"1993426957","1903577715","0.166667"
"1903577715","2125743503","0.5"
"2125743503","1903577715","0.5"
"1956767865","1993426957","0.166667"
"1993426957","1956767865","0.166667"
"1993426957","2125743503","0.166667"
"2125743503","1993426957","0.166667"
"1993426957","2164195897","0.166667"
"2164195897","1993426957","0.166667"
"1993426957","2631389871","0.166667"
"2631389871","1993426957","0.166667"
"2125743503","2164195897","0.166667"
"2164195897","2125743503","0.166667"
"2125743503","2631389871","0.166667"
"2631389871","2125743503","0.166667"
"1537370817","2137365926","0.25"
"2137365926","1537370817","0.25"
"2137365926","2150795982","0.488095"
"2150795982","2137365926","0.488095"
"2137365926","2631389871","0.25"
"2631389871","2137365926","0.25"
"1552906779","2014589236","3.06548"
"2014589236","1552906779","3.06548"
"1552906779","1580559113","0.285714"
"1580559113","1552906779","0.285714"
"1552906779","1761672165","0.142857"
"1761672165","1552906779","0.142857"
"1552906779","1916198581","0.589286"
"1916198581","1552906779","0.589286"
"1552906779","1993426957","0.142857"
"1993426957","1552906779","0.142857"
"1552906779","2095851690","0.142857"
"2095851690","1552906779","0.142857"
"1552906779","2109860693","0.285714"
"2109860693","1552906779","0.285714"
"1552906779","2114488082","0.142857"
"2114488082","1552906779","0.142857"
"1580559113","1761672165","0.309524"
"1761672165","1580559113","0.309524"
"1580559113","1916198581","1.64286"
"1916198581","1580559113","1.64286"
"1580559113","1993426957","0.142857"
"1993426957","1580559113","0.142857"
"1580559113","2095851690","0.142857"
"2095851690","1580559113","0.142857"
"1580559113","2109860693","0.309524"
"2109860693","1580559113","0.309524"
"1580559113","2114488082","0.142857"
"2114488082","1580559113","0.142857"
"1761672165","1993426957","0.142857"
"1993426957","1761672165","0.142857"
"1761672165","2095851690","0.142857"
"2095851690","1761672165","0.142857"
"1761672165","2114488082","1.14286"
"2114488082","1761672165","1.14286"
"1916198581","1993426957","0.142857"
"1993426957","1916198581","0.142857"
"1916198581","2095851690","0.142857"
"2095851690","1916198581","0.142857"
"1916198581","2114488082","0.142857"
"2114488082","1916198581","0.142857"
"1993426957","2095851690","0.142857"
"2095851690","1993426957","0.142857"
"1993426957","2109860693","0.142857"
"2109860693","1993426957","0.142857"
"1993426957","2114488082","0.142857"
"2114488082","1993426957","0.142857"
"2095851690","2109860693","1.14286"
"2109860693","2095851690","1.14286"
"2109860693","2114488082","0.142857"
"2114488082","2109860693","0.142857"
"1552906779","1956767865","0.589286"
"1956767865","1552906779","0.589286"
"1552906779","2137365926","0.321429"
"2137365926","1552906779","0.321429"
"1552906779","2151135920","0.547619"
"2151135920","1552906779","0.547619"
"1552906779","2065339563","0.142857"
"2065339563","1552906779","0.142857"
"1552906779","2083940415","0.142857"
"2083940415","1552906779","0.142857"
"1552906779","2165089674","0.142857"
"2165089674","1552906779","0.142857"
"1956767865","2065339563","3.1294"
"2065339563","1956767865","3.1294"
"1956767865","2083940415","0.67619"
"2083940415","1956767865","0.67619"
"1956767865","2151135920","1.50595"
"2151135920","1956767865","1.50595"
"1956767865","2165089674","0.142857"
"2165089674","1956767865","0.142857"
"2014589236","2065339563","0.285714"
"2065339563","2014589236","0.285714"
"2014589236","2083940415","0.67619"
"2083940415","2014589236","0.67619"
"2014589236","2165089674","0.142857"
"2165089674","2014589236","0.142857"
"2065339563","2083940415","0.142857"
"2083940415","2065339563","0.142857"
"2065339563","2109860693","0.95119"
"2109860693","2065339563","0.95119"
"2065339563","2151135920","0.410714"
"2151135920","2065339563","0.410714"
"2065339563","2165089674","0.142857"
"2165089674","2065339563","0.142857"
"2083940415","2109860693","1.22619"
"2109860693","2083940415","1.22619"
"2083940415","2151135920","0.309524"
"2151135920","2083940415","0.309524"
"2083940415","2165089674","0.142857"
"2165089674","2083940415","0.142857"
"2109860693","2151135920","0.267857"
"2151135920","2109860693","0.267857"
"2109860693","2165089674","0.142857"
"2165089674","2109860693","0.142857"
"2151135920","2165089674","0.142857"
"2165089674","2151135920","0.142857"
"1552906779","2115392339","0.339286"
"2115392339","1552906779","0.339286"
"1552906779","2117030266","0.339286"
"2117030266","1552906779","0.339286"
"1552906779","2125743503","0.0714286"
"2125743503","1552906779","0.0714286"
"1552906779","2132874238","0.339286"
"2132874238","1552906779","0.339286"
"1552906779","2160637255","0.0714286"
"2160637255","1552906779","0.0714286"
"1552906779","2170197386","0.0714286"
"2170197386","1552906779","0.0714286"
"1552906779","2461373307","0.0714286"
"2461373307","1552906779","0.0714286"
"1552906779","78162143","0.196429"
"78162143","1552906779","0.196429"
"1916198581","2115392339","0.654004"
"2115392339","1916198581","0.654004"
"1916198581","2132874238","0.196429"
"2132874238","1916198581","0.196429"
"1916198581","2150795982","0.196429"
"2150795982","1916198581","0.196429"
"1916198581","2151135920","0.0714286"
"2151135920","1916198581","0.0714286"
"1916198581","2160637255","0.904762"
"2160637255","1916198581","0.904762"
"1916198581","78162143","0.196429"
"78162143","1916198581","0.196429"
"1956767865","2115392339","0.907973"
"2115392339","1956767865","0.907973"
"1956767865","2132874238","0.589286"
"2132874238","1956767865","0.589286"
"1956767865","2150795982","0.505952"
"2150795982","1956767865","0.505952"
"1956767865","2160637255","3.44762"
"2160637255","1956767865","3.44762"
"1956767865","78162143","0.617063"
"78162143","1956767865","0.617063"
"2014589236","2115392339","0.339286"
"2115392339","2014589236","0.339286"
"2014589236","2132874238","0.839286"
"2132874238","2014589236","0.839286"
"2014589236","2150795982","0.982143"
"2150795982","2014589236","0.982143"
"2014589236","2160637255","0.0714286"
"2160637255","2014589236","0.0714286"
"2014589236","78162143","0.339286"
"78162143","2014589236","0.339286"
"2115392339","2117030266","0.593254"
"2117030266","2115392339","0.593254"
"2115392339","2125743503","0.362338"
"2125743503","2115392339","0.362338"
"2115392339","2132874238","0.482143"
"2132874238","2115392339","0.482143"
"2115392339","2137365926","0.238095"
"2137365926","2115392339","0.238095"
"2115392339","2150795982","0.482143"
"2150795982","2115392339","0.482143"
"2115392339","2151135920","0.0714286"
"2151135920","2115392339","0.0714286"
"2115392339","2160637255","0.214286"
"2160637255","2115392339","0.214286"
"2115392339","2170197386","0.362338"
"2170197386","2115392339","0.362338"
"2115392339","2461373307","0.0714286"
"2461373307","2115392339","0.0714286"
"2115392339","78162143","0.450397"
"78162143","2115392339","0.450397"
"2117030266","2132874238","0.482143"
"2132874238","2117030266","0.482143"
"2117030266","2150795982","0.791667"
"2150795982","2117030266","0.791667"
"2117030266","2160637255","0.547619"
"2160637255","2117030266","0.547619"
"2117030266","78162143","0.759921"
"78162143","2117030266","0.759921"
"2125743503","2132874238","0.0714286"
"2132874238","2125743503","0.0714286"
"2125743503","2150795982","0.238095"
"2150795982","2125743503","0.238095"
"2125743503","2151135920","0.0714286"
"2151135920","2125743503","0.0714286"
"2125743503","2160637255","1.47143"
"2160637255","2125743503","1.47143"
"2125743503","78162143","0.0714286"
"78162143","2125743503","0.0714286"
"2132874238","2137365926","0.321429"
"2137365926","2132874238","0.321429"
"2132874238","2150795982","1.98214"
"2150795982","2132874238","1.98214"
"2132874238","2151135920","0.0714286"
"2151135920","2132874238","0.0714286"
"2132874238","2160637255","0.464286"
"2160637255","2132874238","0.464286"
"2132874238","2170197386","0.321429"
"2170197386","2132874238","0.321429"
"2132874238","2461373307","0.0714286"
"2461373307","2132874238","0.0714286"
"2132874238","78162143","0.339286"
"78162143","2132874238","0.339286"
"2137365926","2151135920","0.0714286"
"2151135920","2137365926","0.0714286"
"2137365926","2160637255","0.971429"
"2160637255","2137365926","0.971429"
"2137365926","78162143","0.0714286"
"78162143","2137365926","0.0714286"
"2150795982","2151135920","0.214286"
"2151135920","2150795982","0.214286"
"2150795982","2160637255","0.214286"
"2160637255","2150795982","0.214286"
"2150795982","2170197386","0.238095"
"2170197386","2150795982","0.238095"
"2150795982","2461373307","0.0714286"
"2461373307","2150795982","0.0714286"
"2150795982","78162143","1.48214"
"78162143","2150795982","1.48214"
"2151135920","2160637255","0.571429"
"2160637255","2151135920","0.571429"
"2151135920","2170197386","0.0714286"
"2170197386","2151135920","0.0714286"
"2151135920","2461373307","0.238095"
"2461373307","2151135920","0.238095"
"2151135920","78162143","0.380952"
"78162143","2151135920","0.380952"
"2160637255","2170197386","0.971429"
"2170197386","2160637255","0.971429"
"2160637255","2461373307","0.471429"
"2461373307","2160637255","0.471429"
"2160637255","78162143","0.214286"
"78162143","2160637255","0.214286"
"2170197386","78162143","0.0714286"
"78162143","2170197386","0.0714286"
"2461373307","78162143","0.238095"
"78162143","2461373307","0.238095"
"1552906779","1968061803","0.142857"
"1968061803","1552906779","0.142857"
"1580559113","1968061803","0.142857"
"1968061803","1580559113","0.142857"
"1580559113","2014589236","1.14286"
"2014589236","1580559113","1.14286"
"1580559113","2115392339","0.142857"
"2115392339","1580559113","0.142857"
"1580559113","2117030266","0.142857"
"2117030266","1580559113","0.142857"
"1580559113","2132874238","0.142857"
"2132874238","1580559113","0.142857"
"1580559113","2150795982","0.142857"
"2150795982","1580559113","0.142857"
"1968061803","2115392339","0.511544"
"2115392339","1968061803","0.511544"
"1968061803","2132874238","0.142857"
"2132874238","1968061803","0.142857"
"1968061803","2150795982","0.285714"
"2150795982","1968061803","0.285714"
"1580559113","1956767865","1"
"1956767865","1580559113","1"
"1580559113","2115675703","0.166667"
"2115675703","1580559113","0.166667"
"1580559113","2164195897","0.166667"
"2164195897","1580559113","0.166667"
"1761672165","2115675703","0.366667"
"2115675703","1761672165","0.366667"
"1761672165","2164195897","0.166667"
"2164195897","1761672165","0.166667"
"1916198581","2115675703","0.366667"
"2115675703","1916198581","0.366667"
"1916198581","2164195897","0.166667"
"2164195897","1916198581","0.166667"
"1956767865","2115675703","0.366667"
"2115675703","1956767865","0.366667"
"2109860693","2115675703","0.166667"
"2115675703","2109860693","0.166667"
"2109860693","2164195897","0.166667"
"2164195897","2109860693","0.166667"
"2115675703","2164195897","0.5"
"2164195897","2115675703","0.5"
"1580559113","2160637255","0.833333"
"2160637255","1580559113","0.833333"
"1593211785","2082550445","2"
"2082550445","1593211785","2"
"1593211785","1997564913","0.559524"
"1997564913","1593211785","0.559524"
"1593211785","2059201166","1.97619"
"2059201166","1593211785","1.97619"
"1593211785","2100995598","0.642857"
"2100995598","1593211785","0.642857"
"1593211785","2119085032","0.309524"
"2119085032","1593211785","0.309524"
"1593211785","2165089674","0.309524"
"2165089674","1593211785","0.309524"
"1593211785","2166731089","1.97619"
"2166731089","1593211785","1.97619"
"1997564913","2059201166","0.559524"
"2059201166","1997564913","0.559524"
"1997564913","2100995598","0.309524"
"2100995598","1997564913","0.309524"
"1997564913","2119085032","0.309524"
"2119085032","1997564913","0.309524"
"1997564913","2165089674","0.309524"
"2165089674","1997564913","0.309524"
"1997564913","2166731089","0.559524"
"2166731089","1997564913","0.559524"
"2059201166","2100995598","0.642857"
"2100995598","2059201166","0.642857"
"2059201166","2119085032","0.309524"
"2119085032","2059201166","0.309524"
"2059201166","2165089674","0.309524"
"2165089674","2059201166","0.309524"
"2059201166","2166731089","1.97619"
"2166731089","2059201166","1.97619"
"2100995598","2119085032","0.309524"
"2119085032","2100995598","0.309524"
"2100995598","2165089674","0.309524"
"2165089674","2100995598","0.309524"
"2100995598","2166731089","1.64286"
"2166731089","2100995598","1.64286"
"2119085032","2165089674","0.309524"
"2165089674","2119085032","0.309524"
"2119085032","2166731089","0.309524"
"2166731089","2119085032","0.309524"
"2165089674","2166731089","0.309524"
"2166731089","2165089674","0.309524"
"1593211785","2117285489","0.392857"
"2117285489","1593211785","0.392857"
"1997564913","2117285489","0.392857"
"2117285489","1997564913","0.392857"
"2059201166","2117285489","0.392857"
"2117285489","2059201166","0.392857"
"2100995598","2117285489","0.142857"
"2117285489","2100995598","0.142857"
"2117285489","2119085032","0.142857"
"2119085032","2117285489","0.142857"
"2117285489","2165089674","0.142857"
"2165089674","2117285489","0.142857"
"2117285489","2166731089","0.392857"
"2166731089","2117285489","0.392857"
"1593211785","2050119028","0.333333"
"2050119028","1593211785","0.333333"
"2050119028","2059201166","0.333333"
"2059201166","2050119028","0.333333"
"2050119028","2166731089","0.333333"
"2166731089","2050119028","0.333333"
"1593211785","2114996745","1"
"2114996745","1593211785","1"
"1593211785","2051590127","0.25"
"2051590127","1593211785","0.25"
"1593211785","2152060369","0.25"
"2152060369","1593211785","0.25"
"2051590127","2059201166","0.25"
"2059201166","2051590127","0.25"
"2051590127","2152060369","0.25"
"2152060369","2051590127","0.25"
"2051590127","2166731089","0.25"
"2166731089","2051590127","0.25"
"2059201166","2152060369","0.25"
"2152060369","2059201166","0.25"
"2152060369","2166731089","0.25"
"2166731089","2152060369","0.25"
"1761672165","1948712562","0.166667"
"1948712562","1761672165","0.166667"
"1761672165","2083940415","0.616667"
"2083940415","1761672165","0.616667"
"1761672165","2151135920","0.291667"
"2151135920","1761672165","0.291667"
"1761672165","2163049969","0.166667"
"2163049969","1761672165","0.166667"
"2066220442","2083940415","1.11667"
"2083940415","2066220442","1.11667"
"2066220442","2102457045","0.166667"
"2102457045","2066220442","0.166667"
"2102457045","2151135920","0.166667"
"2151135920","2102457045","0.166667"
"1761672165","2152060369","0.25"
"2152060369","1761672165","0.25"
"2066220442","2152060369","0.25"
"2152060369","2066220442","0.25"
"2083940415","2152060369","0.25"
"2152060369","2083940415","0.25"
"2109860693","2152060369","0.25"
"2152060369","2109860693","0.25"
"1761672165","283225250","0.7"
"283225250","1761672165","0.7"
"1916198581","283225250","2.03333"
"283225250","1916198581","2.03333"
"2083940415","2170197386","0.2"
"2170197386","2083940415","0.2"
"1761672165","2065339563","0.808333"
"2065339563","1761672165","0.808333"
"1761672165","2771281827","0.125"
"2771281827","1761672165","0.125"
"1761672165","52626528","0.375"
"52626528","1761672165","0.375"
"1956767865","2771281827","0.125"
"2771281827","1956767865","0.125"
"1956767865","52626528","0.819444"
"52626528","1956767865","0.819444"
"1968061803","2065339563","0.569877"
"2065339563","1968061803","0.569877"
"1968061803","2771281827","0.125"
"2771281827","1968061803","0.125"
"1968061803","52626528","2.73611"
"52626528","1968061803","2.73611"
"2065339563","2066220442","1.70877"
"2066220442","2065339563","1.70877"
"2065339563","2771281827","0.125"
"2771281827","2065339563","0.125"
"2065339563","52626528","0.236111"
"52626528","2065339563","0.236111"
"2066220442","2771281827","0.125"
"2771281827","2066220442","0.125"
"2066220442","52626528","1.20833"
"52626528","2066220442","1.20833"
"2109860693","2771281827","0.125"
"2771281827","2109860693","0.125"
"2109860693","52626528","0.375"
"52626528","2109860693","0.375"
"2151135920","2771281827","0.125"
"2771281827","2151135920","0.125"
"2151135920","52626528","0.291667"
"52626528","2151135920","0.291667"
"2771281827","52626528","0.125"
"52626528","2771281827","0.125"
"1761672165","2294242399","0.5"
"2294242399","1761672165","0.5"
"2066220442","2294242399","0.5"
"2294242399","2066220442","0.5"
"1916198581","2065339563","1.02424"
"2065339563","1916198581","1.02424"
"2065339563","2125743503","0.190909"
"2125743503","2065339563","0.190909"
"2065339563","2137365926","0.1"
"2137365926","2065339563","0.1"
"2065339563","2170197386","0.190909"
"2170197386","2065339563","0.190909"
"2065339563","2461373307","0.1"
"2461373307","2065339563","0.1"
"1761672165","2160106378","0.2"
"2160106378","1761672165","0.2"
"1916198581","2160106378","1.2"
"2160106378","1916198581","1.2"
"1956767865","2160106378","0.2"
"2160106378","1956767865","0.2"
"1956767865","283225250","0.2"
"283225250","1956767865","0.2"
"2115675703","2160106378","0.2"
"2160106378","2115675703","0.2"
"2115675703","283225250","0.2"
"283225250","2115675703","0.2"
"2160106378","283225250","0.2"
"283225250","2160106378","0.2"
"1879023407","2120111750","6"
"2120111750","1879023407","6"
"1879023407","1922737625","3.16667"
"1922737625","1879023407","3.16667"
"1879023407","2160106378","0.333333"
"2160106378","1879023407","0.333333"
"1922737625","2120111750","2"
"2120111750","1922737625","2"
"1922737625","2160106378","0.333333"
"2160106378","1922737625","0.333333"
"2120111750","2160106378","0.333333"
"2160106378","2120111750","0.333333"
"1879023407","2122750868","15.3333"
"2122750868","1879023407","15.3333"
"1879023407","2143445293","3.33333"
"2143445293","1879023407","3.33333"
"2122750868","2143445293","5.83333"
"2143445293","2122750868","5.83333"
"1879023407","1951268159","0.166667"
"1951268159","1879023407","0.166667"
"1879023407","2108290480","0.166667"
"2108290480","1879023407","0.166667"
"1879023407","2156262402","0.333333"
"2156262402","1879023407","0.333333"
"1922737625","1951268159","0.166667"
"1951268159","1922737625","0.166667"
"1922737625","2108290480","0.666667"
"2108290480","1922737625","0.666667"
"1922737625","2122750868","0.833333"
"2122750868","1922737625","0.833333"
"1922737625","2143445293","0.833333"
"2143445293","1922737625","0.833333"
"1922737625","2156262402","0.333333"
"2156262402","1922737625","0.333333"
"1951268159","2108290480","0.166667"
"2108290480","1951268159","0.166667"
"1951268159","2122750868","0.166667"
"2122750868","1951268159","0.166667"
"1951268159","2143445293","0.166667"
"2143445293","1951268159","0.166667"
"1951268159","2156262402","0.166667"
"2156262402","1951268159","0.166667"
"2108290480","2122750868","3.16667"
"2122750868","2108290480","3.16667"
"2108290480","2143445293","0.666667"
"2143445293","2108290480","0.666667"
"2108290480","2156262402","0.166667"
"2156262402","2108290480","0.166667"
"2122750868","2156262402","0.333333"
"2156262402","2122750868","0.333333"
"2143445293","2156262402","0.333333"
"2156262402","2143445293","0.333333"
"1879023407","2996478686","0.166667"
"2996478686","1879023407","0.166667"
"1922737625","2996478686","0.166667"
"2996478686","1922737625","0.166667"
"2120111750","2122750868","0.166667"
"2122750868","2120111750","0.166667"
"2120111750","2143445293","0.166667"
"2143445293","2120111750","0.166667"
"2120111750","2156262402","0.166667"
"2156262402","2120111750","0.166667"
"2120111750","2996478686","0.166667"
"2996478686","2120111750","0.166667"
"2122750868","2996478686","0.166667"
"2996478686","2122750868","0.166667"
"2143445293","2996478686","0.166667"
"2996478686","2143445293","0.166667"
"2156262402","2996478686","0.166667"
"2996478686","2156262402","0.166667"
"1903577715","2117030266","1"
"2117030266","1903577715","1"
"1903577715","2014589236","1"
"2014589236","1903577715","1"
"1903577715","2170197386","0.333333"
"2170197386","1903577715","0.333333"
"2125743503","2508667123","0.333333"
"2508667123","2125743503","0.333333"
