"1541285327","2065597161","1.375"
"2065597161","1541285327","1.375"
"1541285327","1603094263","0.125"
"1603094263","1541285327","0.125"
"1541285327","1964190102","0.125"
"1964190102","1541285327","0.125"
"1541285327","1972950122","0.125"
"1972950122","1541285327","0.125"
"1541285327","2136005005","1.125"
"2136005005","1541285327","1.125"
"1541285327","2136540917","0.125"
"2136540917","1541285327","0.125"
"1541285327","2148859062","0.125"
"2148859062","1541285327","0.125"
"1541285327","2170065172","0.125"
"2170065172","1541285327","0.125"
"1603094263","1964190102","0.125"
"1964190102","1603094263","0.125"
"1603094263","1972950122","0.125"
"1972950122","1603094263","0.125"
"1603094263","2065597161","2.70833"
"2065597161","1603094263","2.70833"
"1603094263","2136005005","0.125"
"2136005005","1603094263","0.125"
"1603094263","2136540917","0.125"
"2136540917","1603094263","0.125"
"1603094263","2148859062","0.125"
"2148859062","1603094263","0.125"
"1603094263","2170065172","0.125"
"2170065172","1603094263","0.125"
"1964190102","1972950122","13.4583"
"1972950122","1964190102","13.4583"
"1964190102","2065597161","0.375"
"2065597161","1964190102","0.375"
"1964190102","2136005005","0.458333"
"2136005005","1964190102","0.458333"
"1964190102","2136540917","0.125"
"2136540917","1964190102","0.125"
"1964190102","2148859062","0.458333"
"2148859062","1964190102","0.458333"
"1964190102","2170065172","0.125"
"2170065172","1964190102","0.125"
"1972950122","2065597161","0.125"
"2065597161","1972950122","0.125"
"1972950122","2136005005","0.708333"
"2136005005","1972950122","0.708333"
"1972950122","2136540917","0.125"
"2136540917","1972950122","0.125"
"1972950122","2148859062","0.458333"
"2148859062","1972950122","0.458333"
"1972950122","2170065172","0.125"
"2170065172","1972950122","0.125"
"2065597161","2136005005","0.125"
"2136005005","2065597161","0.125"
"2065597161","2136540917","0.125"
"2136540917","2065597161","0.125"
"2065597161","2148859062","0.125"
"2148859062","2065597161","0.125"
"2065597161","2170065172","0.125"
"2170065172","2065597161","0.125"
"2136005005","2136540917","0.125"
"2136540917","2136005005","0.125"
"2136005005","2148859062","7.04167"
"2148859062","2136005005","7.04167"
"2136005005","2170065172","1.625"
"2170065172","2136005005","1.625"
"2136540917","2148859062","0.125"
"2148859062","2136540917","0.125"
"2136540917","2170065172","0.125"
"2170065172","2136540917","0.125"
"2148859062","2170065172","2.625"
"2170065172","2148859062","2.625"
"1541285327","2184397768","3.5"
"2184397768","1541285327","3.5"
"2136005005","2184397768","4.58333"
"2184397768","2136005005","4.58333"
"1541285327","2151002785","0.5"
"2151002785","1541285327","0.5"
"2151002785","2184397768","1.17619"
"2184397768","2151002785","1.17619"
"1541285327","1580638548","0.25"
"1580638548","1541285327","0.25"
"1541285327","1964759889","0.25"
"1964759889","1541285327","0.25"
"1541285327","2140118662","0.25"
"2140118662","1541285327","0.25"
"1580638548","1964759889","8.69444"
"1964759889","1580638548","8.69444"
"1580638548","2065597161","1.19444"
"2065597161","1580638548","1.19444"
"1580638548","2140118662","0.694444"
"2140118662","1580638548","0.694444"
"1964759889","2065597161","1.52778"
"2065597161","1964759889","1.52778"
"1964759889","2140118662","2.69444"
"2140118662","1964759889","2.69444"
"2065597161","2140118662","0.361111"
"2140118662","2065597161","0.361111"
"1550891606","1580638548","0.611111"
"1580638548","1550891606","0.611111"
"1550891606","1964759889","0.611111"
"1964759889","1550891606","0.611111"
"1550891606","2065597161","1.36111"
"2065597161","1550891606","1.36111"
"1550891606","2103736645","0.361111"
"2103736645","1550891606","0.361111"
"1550891606","2110181910","0.111111"
"2110181910","1550891606","0.111111"
"1550891606","2129907936","0.111111"
"2129907936","1550891606","0.111111"
"1550891606","2140118662","0.111111"
"2140118662","1550891606","0.111111"
"1550891606","2151002785","0.111111"
"2151002785","1550891606","0.111111"
"1550891606","2152529625","0.111111"
"2152529625","1550891606","0.111111"
"1580638548","2103736645","4.52778"
"2103736645","1580638548","4.52778"
"1580638548","2110181910","0.694444"
"2110181910","1580638548","0.694444"
"1580638548","2129907936","0.111111"
"2129907936","1580638548","0.111111"
"1580638548","2151002785","0.444444"
"2151002785","1580638548","0.444444"
"1580638548","2152529625","0.111111"
"2152529625","1580638548","0.111111"
"1964759889","2103736645","8.3373"
"2103736645","1964759889","8.3373"
"1964759889","2110181910","1.00397"
"2110181910","1964759889","1.00397"
"1964759889","2129907936","0.253968"
"2129907936","1964759889","0.253968"
"1964759889","2151002785","0.920635"
"2151002785","1964759889","0.920635"
"1964759889","2152529625","0.253968"
"2152529625","1964759889","0.253968"
"2065597161","2103736645","0.861111"
"2103736645","2065597161","0.861111"
"2065597161","2110181910","0.277778"
"2110181910","2065597161","0.277778"
"2065597161","2129907936","0.277778"
"2129907936","2065597161","0.277778"
"2065597161","2151002785","0.277778"
"2151002785","2065597161","0.277778"
"2065597161","2152529625","0.277778"
"2152529625","2065597161","0.277778"
"2103736645","2110181910","1.3373"
"2110181910","2103736645","1.3373"
"2103736645","2129907936","0.420635"
"2129907936","2103736645","0.420635"
"2103736645","2140118662","0.111111"
"2140118662","2103736645","0.111111"
"2103736645","2151002785","1.42063"
"2151002785","2103736645","1.42063"
"2103736645","2152529625","0.420635"
"2152529625","2103736645","0.420635"
"2110181910","2129907936","1.0373"
"2129907936","2110181910","1.0373"
"2110181910","2140118662","0.111111"
"2140118662","2110181910","0.111111"
"2110181910","2151002785","1.37063"
"2151002785","2110181910","1.37063"
"2110181910","2152529625","1.0373"
"2152529625","2110181910","1.0373"
"2129907936","2140118662","0.611111"
"2140118662","2129907936","0.611111"
"2129907936","2151002785","1.2873"
"2151002785","2129907936","1.2873"
"2129907936","2152529625","9.7873"
"2152529625","2129907936","9.7873"
"2140118662","2151002785","0.944444"
"2151002785","2140118662","0.944444"
"2140118662","2152529625","0.611111"
"2152529625","2140118662","0.611111"
"2151002785","2152529625","1.2873"
"2152529625","2151002785","1.2873"
"1550891606","2003931186","1"
"2003931186","1550891606","1"
"1550891606","1964190102","0.25"
"1964190102","1550891606","0.25"
"1580638548","1964190102","0.25"
"1964190102","1580638548","0.25"
"1964190102","1964759889","0.25"
"1964759889","1964190102","0.25"
"1550891606","2184397768","0.25"
"2184397768","1550891606","0.25"
"1580638548","2184397768","0.75"
"2184397768","1580638548","0.75"
"1964759889","2184397768","0.892857"
"2184397768","1964759889","0.892857"
"2103736645","2184397768","0.892857"
"2184397768","2103736645","0.892857"
"1580638548","2134535935","4"
"2134535935","1580638548","4"
"1580638548","2003931186","0.666667"
"2003931186","1580638548","0.666667"
"1964759889","2003931186","0.833333"
"2003931186","1964759889","0.833333"
"2003931186","2065597161","0.333333"
"2065597161","2003931186","0.333333"
"2003931186","2140118662","0.333333"
"2140118662","2003931186","0.333333"
"1580638548","2078716340","0.25"
"2078716340","1580638548","0.25"
"1964759889","2078716340","0.25"
"2078716340","1964759889","0.25"
"2078716340","2103736645","0.25"
"2103736645","2078716340","0.25"
"2078716340","2184397768","4"
"2184397768","2078716340","4"
"1580638548","2136005005","0.25"
"2136005005","1580638548","0.25"
"1580638548","2148859062","0.25"
"2148859062","1580638548","0.25"
"1964759889","2136005005","0.25"
"2136005005","1964759889","0.25"
"1964759889","2148859062","0.416667"
"2148859062","1964759889","0.416667"
"2103736645","2136005005","0.25"
"2136005005","2103736645","0.25"
"2103736645","2148859062","0.25"
"2148859062","2103736645","0.25"
"1580638548","1603094263","0.25"
"1603094263","1580638548","0.25"
"1603094263","1964759889","0.583333"
"1964759889","1603094263","0.583333"
"1603094263","2103736645","0.583333"
"2103736645","1603094263","0.583333"
"2110181910","2184397768","1.59286"
"2184397768","2110181910","1.59286"
"1696308467","2151560987","2"
"2151560987","1696308467","2"
"1778695998","2118718920","1"
"2118718920","1778695998","1"
"1838185494","1970022803","7"
"1970022803","1838185494","7"
"1964759889","2118718920","0.47619"
"2118718920","1964759889","0.47619"
"2103736645","2118718920","0.97619"
"2118718920","2103736645","0.97619"
"2118718920","2151002785","4.92619"
"2151002785","2118718920","4.92619"
"2110181910","2118718920","1.25952"
"2118718920","2110181910","1.25952"
"2118718920","2129907936","0.92619"
"2129907936","2118718920","0.92619"
"2118718920","2152529625","0.92619"
"2152529625","2118718920","0.92619"
"2118718920","2184397768","0.342857"
"2184397768","2118718920","0.342857"
"2129907936","2184397768","0.342857"
"2184397768","2129907936","0.342857"
"2152529625","2184397768","0.342857"
"2184397768","2152529625","0.342857"
"1964759889","1990207839","0.166667"
"1990207839","1964759889","0.166667"
"1964759889","2134535935","0.166667"
"2134535935","1964759889","0.166667"
"1964759889","2171486440","0.166667"
"2171486440","1964759889","0.166667"
"1990207839","2003931186","1.16667"
"2003931186","1990207839","1.16667"
"1990207839","2110181910","0.166667"
"2110181910","1990207839","0.166667"
"1990207839","2134535935","0.166667"
"2134535935","1990207839","0.166667"
"1990207839","2148859062","0.166667"
"2148859062","1990207839","0.166667"
"1990207839","2171486440","0.166667"
"2171486440","1990207839","0.166667"
"2003931186","2110181910","0.166667"
"2110181910","2003931186","0.166667"
"2003931186","2134535935","0.166667"
"2134535935","2003931186","0.166667"
"2003931186","2148859062","0.166667"
"2148859062","2003931186","0.166667"
"2003931186","2171486440","0.166667"
"2171486440","2003931186","0.166667"
"2110181910","2134535935","0.166667"
"2134535935","2110181910","0.166667"
"2110181910","2148859062","0.166667"
"2148859062","2110181910","0.166667"
"2110181910","2171486440","0.166667"
"2171486440","2110181910","0.166667"
"2134535935","2148859062","0.166667"
"2148859062","2134535935","0.166667"
"2134535935","2171486440","0.166667"
"2171486440","2134535935","0.166667"
"2148859062","2171486440","0.166667"
"2171486440","2148859062","0.166667"
"1970022803","2183224697","1"
"2183224697","1970022803","1"
"1970022803","2078716340","0.333333"
"2078716340","1970022803","0.333333"
"1970022803","2080081718","0.333333"
"2080081718","1970022803","0.333333"
"1970022803","2184397768","0.333333"
"2184397768","1970022803","0.333333"
"2078716340","2080081718","0.666667"
"2080081718","2078716340","0.666667"
"2080081718","2184397768","0.666667"
"2184397768","2080081718","0.666667"
"1972631088","1974204446","1"
"1974204446","1972631088","1"
"1972631088","1974626203","11.75"
"1974626203","1972631088","11.75"
"1972631088","1987193618","13.5833"
"1987193618","1972631088","13.5833"
"1974204446","1974626203","17"
"1974626203","1974204446","17"
"1974204446","1987193618","0.666667"
"1987193618","1974204446","0.666667"
"1974626203","1987193618","9.58333"
"1987193618","1974626203","9.58333"
"1972631088","2011126737","3.91667"
"2011126737","1972631088","3.91667"
"1974626203","2011126737","1.75"
"2011126737","1974626203","1.75"
"1987193618","2011126737","2.58333"
"2011126737","1987193618","2.58333"
"1972631088","1980199677","4.25"
"1980199677","1972631088","4.25"
"1972631088","2051700154","7.5"
"2051700154","1972631088","7.5"
"1980199677","2011126737","3.75"
"2011126737","1980199677","3.75"
"1980199677","2051700154","0.666667"
"2051700154","1980199677","0.666667"
"2011126737","2051700154","1.66667"
"2051700154","2011126737","1.66667"
"1974626203","1980199677","1.58333"
"1980199677","1974626203","1.58333"
"1987193618","2051700154","0.833333"
"2051700154","1987193618","0.833333"
"1974204446","2011126737","0.333333"
"2011126737","1974204446","0.333333"
"1980199677","1987193618","11.75"
"1987193618","1980199677","11.75"
"1974626203","2051700154","0.333333"
"2051700154","1974626203","0.333333"
"1972950122","2078716340","1.75"
"2078716340","1972950122","1.75"
"1972950122","2048733507","0.25"
"2048733507","1972950122","0.25"
"1972950122","2184397768","0.25"
"2184397768","1972950122","0.25"
"2048733507","2078716340","0.25"
"2078716340","2048733507","0.25"
"2048733507","2136005005","0.25"
"2136005005","2048733507","0.25"
"2048733507","2184397768","0.25"
"2184397768","2048733507","0.25"
"2078716340","2136005005","1.08333"
"2136005005","2078716340","1.08333"
"1972950122","2003931186","0.5"
"2003931186","1972950122","0.5"
"2003931186","2078716340","0.5"
"2078716340","2003931186","0.5"
"1977690138","1990207839","1"
"1990207839","1977690138","1"
"1977690138","2900879963","1.14286"
"2900879963","1977690138","1.14286"
"1977690138","2183927208","2.14286"
"2183927208","1977690138","2.14286"
"1977690138","1977726174","0.809524"
"1977726174","1977690138","0.809524"
"1977690138","1985678591","0.809524"
"1985678591","1977690138","0.809524"
"1977690138","2128397999","0.142857"
"2128397999","1977690138","0.142857"
"1977690138","2735941446","0.142857"
"2735941446","1977690138","0.142857"
"1977690138","2900755503","0.47619"
"2900755503","1977690138","0.47619"
"1977726174","1985678591","1.05952"
"1985678591","1977726174","1.05952"
"1977726174","2128397999","0.842857"
"2128397999","1977726174","0.842857"
"1977726174","2183927208","0.142857"
"2183927208","1977726174","0.142857"
"1977726174","2735941446","0.642857"
"2735941446","1977726174","0.642857"
"1977726174","2900755503","1.17619"
"2900755503","1977726174","1.17619"
"1977726174","2900879963","0.842857"
"2900879963","1977726174","0.842857"
"1985678591","2128397999","7.05952"
"2128397999","1985678591","7.05952"
"1985678591","2183927208","1.47619"
"2183927208","1985678591","1.47619"
"1985678591","2735941446","0.392857"
"2735941446","1985678591","0.392857"
"1985678591","2900755503","0.47619"
"2900755503","1985678591","0.47619"
"1985678591","2900879963","0.809524"
"2900879963","1985678591","0.809524"
"2128397999","2183927208","1.47619"
"2183927208","2128397999","1.47619"
"2128397999","2735941446","0.97619"
"2735941446","2128397999","0.97619"
"2128397999","2900755503","1.42619"
"2900755503","2128397999","1.42619"
"2128397999","2900879963","3.09286"
"2900879963","2128397999","3.09286"
"2183927208","2735941446","0.642857"
"2735941446","2183927208","0.642857"
"2183927208","2900755503","0.642857"
"2900755503","2183927208","0.642857"
"2183927208","2900879963","0.47619"
"2900879963","2183927208","0.47619"
"2735941446","2900755503","3.97619"
"2900755503","2735941446","3.97619"
"2735941446","2900879963","1.05952"
"2900879963","2735941446","1.05952"
"2900755503","2900879963","4.67619"
"2900879963","2900755503","4.67619"
"1977690138","2078716340","0.333333"
"2078716340","1977690138","0.333333"
"1977726174","2078716340","0.333333"
"2078716340","1977726174","0.333333"
"1985678591","2078716340","0.333333"
"2078716340","1985678591","0.333333"
"1977726174","2243611184","0.2"
"2243611184","1977726174","0.2"
"1977726174","2245147088","0.45"
"2245147088","1977726174","0.45"
"2128397999","2243611184","3.53333"
"2243611184","2128397999","3.53333"
"2128397999","2245147088","0.45"
"2245147088","2128397999","0.45"
"2243611184","2245147088","0.2"
"2245147088","2243611184","0.2"
"2243611184","2900755503","0.2"
"2900755503","2243611184","0.2"
"2243611184","2900879963","0.533333"
"2900879963","2243611184","0.533333"
"2245147088","2900755503","2.7"
"2900755503","2245147088","2.7"
"2245147088","2900879963","3.03333"
"2900879963","2245147088","3.03333"
"1985678591","2245147088","0.25"
"2245147088","1985678591","0.25"
"2245147088","2735941446","1.08333"
"2735941446","2245147088","1.08333"
"1977726174","2583263223","0.25"
"2583263223","1977726174","0.25"
"1977726174","2768745333","0.25"
"2768745333","1977726174","0.25"
"2583263223","2768745333","0.25"
"2768745333","2583263223","0.25"
"2583263223","2900755503","1.25"
"2900755503","2583263223","1.25"
"2583263223","2900879963","1.08333"
"2900879963","2583263223","1.08333"
"2768745333","2900755503","0.25"
"2900755503","2768745333","0.25"
"2768745333","2900879963","0.25"
"2900879963","2768745333","0.25"
"1983925846","2170031059","4.48333"
"2170031059","1983925846","4.48333"
"1983925846","2746155236","2.95"
"2746155236","1983925846","2.95"
"1983925846","2754202368","5.65"
"2754202368","1983925846","5.65"
"1983925846","2806762772","0.2"
"2806762772","1983925846","0.2"
"1983925846","2885457068","0.533333"
"2885457068","1983925846","0.533333"
"2170031059","2746155236","0.95"
"2746155236","2170031059","0.95"
"2170031059","2754202368","0.65"
"2754202368","2170031059","0.65"
"2170031059","2806762772","0.2"
"2806762772","2170031059","0.2"
"2170031059","2885457068","0.533333"
"2885457068","2170031059","0.533333"
"2746155236","2754202368","0.45"
"2754202368","2746155236","0.45"
"2746155236","2806762772","0.2"
"2806762772","2746155236","0.2"
"2746155236","2885457068","0.2"
"2885457068","2746155236","0.2"
"2754202368","2806762772","2.2"
"2806762772","2754202368","2.2"
"2754202368","2885457068","0.2"
"2885457068","2754202368","0.2"
"2806762772","2885457068","1.2"
"2885457068","2806762772","1.2"
"1983925846","2802785025","0.25"
"2802785025","1983925846","0.25"
"2170031059","2802785025","0.25"
"2802785025","2170031059","0.25"
"2746155236","2802785025","1.25"
"2802785025","2746155236","1.25"
"2754202368","2802785025","0.25"
"2802785025","2754202368","0.25"
"1983925846","2522306717","0.2"
"2522306717","1983925846","0.2"
"1983925846","2889478170","0.2"
"2889478170","1983925846","0.2"
"1983925846","3007677116","0.2"
"3007677116","1983925846","0.2"
"2170031059","2522306717","0.733333"
"2522306717","2170031059","0.733333"
"2170031059","2889478170","0.533333"
"2889478170","2170031059","0.533333"
"2170031059","3007677116","0.4"
"3007677116","2170031059","0.4"
"2522306717","2754202368","0.2"
"2754202368","2522306717","0.2"
"2522306717","2889478170","10.0333"
"2889478170","2522306717","10.0333"
"2522306717","3007677116","2.4"
"3007677116","2522306717","2.4"
"2754202368","2889478170","0.2"
"2889478170","2754202368","0.2"
"2754202368","3007677116","0.2"
"3007677116","2754202368","0.2"
"2889478170","3007677116","4.86667"
"3007677116","2889478170","4.86667"
"1983925846","2907885309","0.333333"
"2907885309","1983925846","0.333333"
"2170031059","2907885309","0.333333"
"2907885309","2170031059","0.333333"
"2885457068","2907885309","0.833333"
"2907885309","2885457068","0.833333"
"1985678591","2243611184","1.33333"
"2243611184","1985678591","1.33333"
"2008488657","2944161560","1"
"2944161560","2008488657","1"
"2065597161","2118718920","0.166667"
"2118718920","2065597161","0.166667"
"2078716340","2768745333","1"
"2768745333","2078716340","1"
"2078716340","2183224697","6"
"2183224697","2078716340","6"
"2078716340","2151002785","0.333333"
"2151002785","2078716340","0.333333"
"2080081718","2151002785","0.75"
"2151002785","2080081718","0.75"
"2078716340","2900755503","1.25"
"2900755503","2078716340","1.25"
"2078716340","2148859062","0.333333"
"2148859062","2078716340","0.333333"
"2148859062","2184397768","0.833333"
"2184397768","2148859062","0.833333"
"2078716340","2109424203","0.25"
"2109424203","2078716340","0.25"
"2078716340","2158823402","0.25"
"2158823402","2078716340","0.25"
"2078716340","2735941446","0.25"
"2735941446","2078716340","0.25"
"2109424203","2158823402","17.1167"
"2158823402","2109424203","17.1167"
"2109424203","2735941446","0.25"
"2735941446","2109424203","0.25"
"2109424203","2900755503","0.25"
"2900755503","2109424203","0.25"
"2158823402","2735941446","0.25"
"2735941446","2158823402","0.25"
"2158823402","2900755503","0.25"
"2900755503","2158823402","0.25"
"2078716340","2183927208","1"
"2183927208","2078716340","1"
"2078716340","2900879963","1"
"2900879963","2078716340","1"
"2080081718","2110181910","0.166667"
"2110181910","2080081718","0.166667"
"2080081718","2118718920","2.16667"
"2118718920","2080081718","2.16667"
"2080081718","2127258337","4.41667"
"2127258337","2080081718","4.41667"
"2080081718","2129907936","0.416667"
"2129907936","2080081718","0.416667"
"2080081718","2152529625","0.416667"
"2152529625","2080081718","0.416667"
"2110181910","2127258337","0.166667"
"2127258337","2110181910","0.166667"
"2118718920","2127258337","4"
"2127258337","2118718920","4"
"2127258337","2129907936","0.416667"
"2129907936","2127258337","0.416667"
"2127258337","2151002785","1.25"
"2151002785","2127258337","1.25"
"2127258337","2152529625","0.416667"
"2152529625","2127258337","0.416667"
"2109424203","2170031059","1.86667"
"2170031059","2109424203","1.86667"
"2158823402","2170031059","1.86667"
"2170031059","2158823402","1.86667"
"2109424203","808542378","2.2"
"808542378","2109424203","2.2"
"2158823402","808542378","1.2"
"808542378","2158823402","1.2"
"2109424203","2889478170","0.333333"
"2889478170","2109424203","0.333333"
"2158823402","2889478170","0.333333"
"2889478170","2158823402","0.333333"
"2109424203","2522306717","0.533333"
"2522306717","2109424203","0.533333"
"2158823402","2522306717","0.533333"
"2522306717","2158823402","0.533333"
"2109424203","3007677116","0.2"
"3007677116","2109424203","0.2"
"2158823402","3007677116","0.2"
"3007677116","2158823402","0.2"
"2170031059","808542378","0.2"
"808542378","2170031059","0.2"
"2522306717","808542378","0.7"
"808542378","2522306717","0.7"
"3007677116","808542378","0.2"
"808542378","3007677116","0.2"
"2118718920","2140118662","0.833333"
"2140118662","2118718920","0.833333"
"2127258337","2140118662","0.333333"
"2140118662","2127258337","0.333333"
"2134535935","2140118662","1"
"2140118662","2134535935","1"
"2158823402","2900879963","1"
"2900879963","2158823402","1"
"2245147088","2583263223","1.83333"
"2583263223","2245147088","1.83333"
"2583263223","2735941446","0.333333"
"2735941446","2583263223","0.333333"
"2307032633","2768745333","7"
"2768745333","2307032633","7"
"2521921482","2885893165","0.5"
"2885893165","2521921482","0.5"
"2521921482","2905450094","1.5"
"2905450094","2521921482","1.5"
"2885893165","2905450094","13.5"
"2905450094","2885893165","13.5"
"2522306717","2889405040","11.5"
"2889405040","2522306717","11.5"
"2889405040","3007677116","2"
"3007677116","2889405040","2"
"2889478170","808542378","0.5"
"808542378","2889478170","0.5"
"2522306717","2774046759","0.333333"
"2774046759","2522306717","0.333333"
"2522306717","2888935481","0.333333"
"2888935481","2522306717","0.333333"
"2774046759","2888935481","11.3333"
"2888935481","2774046759","11.3333"
"2774046759","2889478170","0.333333"
"2889478170","2774046759","0.333333"
"2888935481","2889478170","0.333333"
"2889478170","2888935481","0.333333"
"2889405040","2889478170","1"
"2889478170","2889405040","1"
"2522306717","2904846776","0.5"
"2904846776","2522306717","0.5"
"2889405040","2904846776","0.5"
"2904846776","2889405040","0.5"
"2583263223","2774046759","0.5"
"2774046759","2583263223","0.5"
"2583263223","2888935481","0.5"
"2888935481","2583263223","0.5"
"2768745333","2805969103","2"
"2805969103","2768745333","2"
"2774046759","2900879963","0.5"
"2900879963","2774046759","0.5"
"2888935481","2900879963","0.5"
"2900879963","2888935481","0.5"
"2806762772","2889478170","2.33333"
"2889478170","2806762772","2.33333"
"2806762772","3007677116","1.33333"
"3007677116","2806762772","1.33333"
"2806762772","2904846776","2.33333"
"2904846776","2806762772","2.33333"
"2889478170","2904846776","2.33333"
"2904846776","2889478170","2.33333"
"2904846776","3007677116","0.333333"
"3007677116","2904846776","0.333333"
"2885457068","2889478170","1"
"2889478170","2885457068","1"
"2885457068","2885893165","2"
"2885893165","2885457068","2"
"2885457068","2987601097","0.5"
"2987601097","2885457068","0.5"
"2907885309","2987601097","0.5"
"2987601097","2907885309","0.5"
"2885457068","2904846776","1"
"2904846776","2885457068","1"
"2889478170","2917875153","1.33333"
"2917875153","2889478170","1.33333"
"2889478170","2905007970","0.333333"
"2905007970","2889478170","0.333333"
"2905007970","2917875153","9.33333"
"2917875153","2905007970","9.33333"
"2905007970","3007677116","0.333333"
"3007677116","2905007970","0.333333"
"2917875153","3007677116","0.333333"
"3007677116","2917875153","0.333333"
