"1491765894","2074865755","0.916667"
"2074865755","1491765894","0.916667"
"1491765894","2133041818","8.41667"
"2133041818","1491765894","8.41667"
"1491765894","2156480015","4.08333"
"2156480015","1491765894","4.08333"
"1491765894","2949092040","0.25"
"2949092040","1491765894","0.25"
"2074865755","2133041818","0.916667"
"2133041818","2074865755","0.916667"
"2074865755","2156480015","0.583333"
"2156480015","2074865755","0.583333"
"2074865755","2949092040","8.25"
"2949092040","2074865755","8.25"
"2133041818","2156480015","5.08333"
"2156480015","2133041818","5.08333"
"2133041818","2949092040","0.25"
"2949092040","2133041818","0.25"
"2156480015","2949092040","0.25"
"2949092040","2156480015","0.25"
"1491765894","2148634356","0.333333"
"2148634356","1491765894","0.333333"
"2074865755","2148634356","0.333333"
"2148634356","2074865755","0.333333"
"2133041818","2148634356","0.333333"
"2148634356","2133041818","0.333333"
"1494089077","156130323","0.509524"
"156130323","1494089077","0.509524"
"1494089077","2122071888","0.509524"
"2122071888","1494089077","0.509524"
"1494089077","2126433362","0.509524"
"2126433362","1494089077","0.509524"
"1494089077","2403956519","0.509524"
"2403956519","1494089077","0.509524"
"1494089077","2949779400","0.509524"
"2949779400","1494089077","0.509524"
"156130323","2122071888","7.75952"
"2122071888","156130323","7.75952"
"156130323","2126433362","1.17619"
"2126433362","156130323","1.17619"
"156130323","2403956519","1.17619"
"2403956519","156130323","1.17619"
"156130323","2949779400","6.75952"
"2949779400","156130323","6.75952"
"2122071888","2126433362","4.85238"
"2126433362","2122071888","4.85238"
"2122071888","2403956519","3.35238"
"2403956519","2122071888","3.35238"
"2122071888","2949779400","17.1024"
"2949779400","2122071888","17.1024"
"2126433362","2403956519","8.21905"
"2403956519","2126433362","8.21905"
"2126433362","2949779400","3.68571"
"2949779400","2126433362","3.68571"
"2403956519","2949779400","2.18571"
"2949779400","2403956519","2.18571"
"1494089077","1967079065","0.142857"
"1967079065","1494089077","0.142857"
"1494089077","2953114841","0.309524"
"2953114841","1494089077","0.309524"
"156130323","1967079065","0.47619"
"1967079065","156130323","0.47619"
"156130323","2953114841","0.309524"
"2953114841","156130323","0.309524"
"1967079065","2122071888","1.17619"
"2122071888","1967079065","1.17619"
"1967079065","2126433362","1.84286"
"2126433362","1967079065","1.84286"
"1967079065","2403956519","0.509524"
"2403956519","1967079065","0.509524"
"1967079065","2949779400","0.842857"
"2949779400","1967079065","0.842857"
"1967079065","2953114841","0.509524"
"2953114841","1967079065","0.509524"
"2122071888","2953114841","1.31905"
"2953114841","2122071888","1.31905"
"2126433362","2953114841","5.18571"
"2953114841","2126433362","5.18571"
"2403956519","2953114841","6.18571"
"2953114841","2403956519","6.18571"
"2949779400","2953114841","1.31905"
"2953114841","2949779400","1.31905"
"1502700336","1877498291","6.34286"
"1877498291","1502700336","6.34286"
"1502700336","2953319916","4.34286"
"2953319916","1502700336","4.34286"
"1877498291","2953319916","5.34286"
"2953319916","1877498291","5.34286"
"1502700336","2122071888","0.142857"
"2122071888","1502700336","0.142857"
"1502700336","2126433362","0.142857"
"2126433362","1502700336","0.142857"
"1502700336","2403956519","0.142857"
"2403956519","1502700336","0.142857"
"1502700336","2949779400","0.142857"
"2949779400","1502700336","0.142857"
"1502700336","2953114841","0.142857"
"2953114841","1502700336","0.142857"
"1877498291","2122071888","0.142857"
"2122071888","1877498291","0.142857"
"1877498291","2126433362","0.142857"
"2126433362","1877498291","0.142857"
"1877498291","2403956519","0.142857"
"2403956519","1877498291","0.142857"
"1877498291","2949779400","0.142857"
"2949779400","1877498291","0.142857"
"1877498291","2953114841","0.142857"
"2953114841","1877498291","0.142857"
"2122071888","2953319916","0.142857"
"2953319916","2122071888","0.142857"
"2126433362","2953319916","0.142857"
"2953319916","2126433362","0.142857"
"2403956519","2953319916","0.142857"
"2953319916","2403956519","0.142857"
"2949779400","2953319916","0.142857"
"2953319916","2949779400","0.142857"
"2953114841","2953319916","0.142857"
"2953319916","2953114841","0.142857"
"1502700336","1964224338","0.2"
"1964224338","1502700336","0.2"
"1502700336","2111690267","0.2"
"2111690267","1502700336","0.2"
"1502700336","2185824649","0.2"
"2185824649","1502700336","0.2"
"1877498291","1964224338","0.2"
"1964224338","1877498291","0.2"
"1877498291","2111690267","0.2"
"2111690267","1877498291","0.2"
"1877498291","2185824649","0.2"
"2185824649","1877498291","0.2"
"1964224338","2111690267","0.2"
"2111690267","1964224338","0.2"
"1964224338","2185824649","5.4671"
"2185824649","1964224338","5.4671"
"1964224338","2953319916","0.2"
"2953319916","1964224338","0.2"
"2111690267","2185824649","0.2"
"2185824649","2111690267","0.2"
"2111690267","2953319916","0.2"
"2953319916","2111690267","0.2"
"2185824649","2953319916","0.2"
"2953319916","2185824649","0.2"
"1502700336","1774051432","0.166667"
"1774051432","1502700336","0.166667"
"1502700336","2155978834","0.166667"
"2155978834","1502700336","0.166667"
"1502700336","2951004548","0.166667"
"2951004548","1502700336","0.166667"
"1502700336","2962993091","0.166667"
"2962993091","1502700336","0.166667"
"1774051432","1877498291","0.166667"
"1877498291","1774051432","0.166667"
"1774051432","2155978834","0.166667"
"2155978834","1774051432","0.166667"
"1774051432","2951004548","0.166667"
"2951004548","1774051432","0.166667"
"1774051432","2953319916","0.166667"
"2953319916","1774051432","0.166667"
"1774051432","2962993091","90.4254"
"2962993091","1774051432","90.4254"
"1877498291","2155978834","0.166667"
"2155978834","1877498291","0.166667"
"1877498291","2951004548","0.166667"
"2951004548","1877498291","0.166667"
"1877498291","2962993091","0.166667"
"2962993091","1877498291","0.166667"
"2155978834","2951004548","3.16667"
"2951004548","2155978834","3.16667"
"2155978834","2953319916","0.166667"
"2953319916","2155978834","0.166667"
"2155978834","2962993091","0.166667"
"2962993091","2155978834","0.166667"
"2951004548","2953319916","0.166667"
"2953319916","2951004548","0.166667"
"2951004548","2962993091","0.166667"
"2962993091","2951004548","0.166667"
"2953319916","2962993091","0.166667"
"2962993091","2953319916","0.166667"
"1502700336","2148634356","0.333333"
"2148634356","1502700336","0.333333"
"1877498291","2148634356","0.333333"
"2148634356","1877498291","0.333333"
"2148634356","2953319916","0.333333"
"2953319916","2148634356","0.333333"
"156130323","2097911709","0.666667"
"2097911709","156130323","0.666667"
"2097911709","2122071888","1"
"2122071888","2097911709","1"
"2097911709","2949779400","0.666667"
"2949779400","2097911709","0.666667"
"156130323","2097595927","0.25"
"2097595927","156130323","0.25"
"156130323","2559982211","0.25"
"2559982211","156130323","0.25"
"2097595927","2122071888","0.25"
"2122071888","2097595927","0.25"
"2097595927","2559982211","0.25"
"2559982211","2097595927","0.25"
"2097595927","2949779400","0.25"
"2949779400","2097595927","0.25"
"2122071888","2559982211","0.25"
"2559982211","2122071888","0.25"
"2559982211","2949779400","0.25"
"2949779400","2559982211","0.25"
"156130323","203462846","0.166667"
"203462846","156130323","0.166667"
"156130323","2080255836","0.166667"
"2080255836","156130323","0.166667"
"156130323","2123749788","0.166667"
"2123749788","156130323","0.166667"
"156130323","2614175690","0.166667"
"2614175690","156130323","0.166667"
"203462846","2080255836","0.166667"
"2080255836","203462846","0.166667"
"203462846","2122071888","0.166667"
"2122071888","203462846","0.166667"
"203462846","2123749788","0.166667"
"2123749788","203462846","0.166667"
"203462846","2614175690","0.25"
"2614175690","203462846","0.25"
"203462846","2949779400","0.166667"
"2949779400","203462846","0.166667"
"2080255836","2122071888","0.166667"
"2122071888","2080255836","0.166667"
"2080255836","2123749788","0.166667"
"2123749788","2080255836","0.166667"
"2080255836","2614175690","0.166667"
"2614175690","2080255836","0.166667"
"2080255836","2949779400","0.166667"
"2949779400","2080255836","0.166667"
"2122071888","2123749788","0.166667"
"2123749788","2122071888","0.166667"
"2122071888","2614175690","0.166667"
"2614175690","2122071888","0.166667"
"2123749788","2614175690","0.166667"
"2614175690","2123749788","0.166667"
"2123749788","2949779400","0.166667"
"2949779400","2123749788","0.166667"
"2614175690","2949779400","0.166667"
"2949779400","2614175690","0.166667"
"1967079065","2097911709","0.333333"
"2097911709","1967079065","0.333333"
"1561642676","1774051432","0.666667"
"1774051432","1561642676","0.666667"
"1561642676","203462846","0.5"
"203462846","1561642676","0.5"
"1774051432","203462846","1.48377"
"203462846","1774051432","1.48377"
"1561642676","1787704365","0.166667"
"1787704365","1561642676","0.166667"
"1561642676","2097595927","0.166667"
"2097595927","1561642676","0.166667"
"1561642676","2614175690","0.166667"
"2614175690","1561642676","0.166667"
"1561642676","2776666643","0.166667"
"2776666643","1561642676","0.166667"
"1561642676","2962993091","0.166667"
"2962993091","1561642676","0.166667"
"1774051432","1787704365","0.340909"
"1787704365","1774051432","0.340909"
"1774051432","2097595927","0.416667"
"2097595927","1774051432","0.416667"
"1774051432","2614175690","0.25"
"2614175690","1774051432","0.25"
"1774051432","2776666643","0.983766"
"2776666643","1774051432","0.983766"
"1787704365","2097595927","2.25"
"2097595927","1787704365","2.25"
"1787704365","2614175690","1.25"
"2614175690","1787704365","1.25"
"1787704365","2776666643","2.34091"
"2776666643","1787704365","2.34091"
"1787704365","2962993091","0.340909"
"2962993091","1787704365","0.340909"
"2097595927","2614175690","0.25"
"2614175690","2097595927","0.25"
"2097595927","2776666643","1.25"
"2776666643","2097595927","1.25"
"2097595927","2962993091","0.416667"
"2962993091","2097595927","0.416667"
"2614175690","2776666643","3.25"
"2776666643","2614175690","3.25"
"2614175690","2962993091","0.25"
"2962993091","2614175690","0.25"
"2776666643","2962993091","0.483766"
"2962993091","2776666643","0.483766"
"1580734553","2105405135","1.16667"
"2105405135","1580734553","1.16667"
"1580734553","2146723919","1.16667"
"2146723919","1580734553","1.16667"
"1580734553","2951823837","0.666667"
"2951823837","1580734553","0.666667"
"2105405135","2146723919","4.66667"
"2146723919","2105405135","4.66667"
"2105405135","2951823837","2.16667"
"2951823837","2105405135","2.16667"
"2146723919","2951823837","3.16667"
"2951823837","2146723919","3.16667"
"1582745999","1774051432","0.5"
"1774051432","1582745999","0.5"
"1582745999","203462846","0.166667"
"203462846","1582745999","0.166667"
"1582745999","2097595927","0.166667"
"2097595927","1582745999","0.166667"
"1582745999","2346481391","11.5"
"2346481391","1582745999","11.5"
"1582745999","2410760936","0.166667"
"2410760936","1582745999","0.166667"
"1582745999","2962993091","0.5"
"2962993091","1582745999","0.5"
"1774051432","2346481391","0.5"
"2346481391","1774051432","0.5"
"1774051432","2410760936","1.16667"
"2410760936","1774051432","1.16667"
"203462846","2097595927","1.75"
"2097595927","203462846","1.75"
"203462846","2346481391","0.166667"
"2346481391","203462846","0.166667"
"203462846","2410760936","0.166667"
"2410760936","203462846","0.166667"
"203462846","2962993091","0.483766"
"2962993091","203462846","0.483766"
"2097595927","2346481391","0.166667"
"2346481391","2097595927","0.166667"
"2097595927","2410760936","0.166667"
"2410760936","2097595927","0.166667"
"2346481391","2410760936","0.166667"
"2410760936","2346481391","0.166667"
"2346481391","2962993091","0.5"
"2962993091","2346481391","0.5"
"2410760936","2962993091","0.666667"
"2962993091","2410760936","0.666667"
"1588736568","2116903916","2"
"2116903916","1588736568","2"
"1774051432","2123749788","0.5"
"2123749788","1774051432","0.5"
"1774051432","2183361331","4.49091"
"2183361331","1774051432","4.49091"
"2123749788","2183361331","0.5"
"2183361331","2123749788","0.5"
"1774051432","1964224338","0.7671"
"1964224338","1774051432","0.7671"
"1774051432","2155404021","4.49091"
"2155404021","1774051432","4.49091"
"1774051432","2185824649","0.7671"
"2185824649","1774051432","0.7671"
"1774051432","2532898418","0.708333"
"2532898418","1774051432","0.708333"
"1774051432","2952614494","0.374242"
"2952614494","1774051432","0.374242"
"1787704365","1964224338","0.174242"
"1964224338","1787704365","0.174242"
"1787704365","203462846","0.674242"
"203462846","1787704365","0.674242"
"1787704365","2155404021","0.174242"
"2155404021","1787704365","0.174242"
"1787704365","2183361331","0.174242"
"2183361331","1787704365","0.174242"
"1787704365","2185824649","0.174242"
"2185824649","1787704365","0.174242"
"1787704365","2532898418","0.0833333"
"2532898418","1787704365","0.0833333"
"1787704365","2952614494","0.174242"
"2952614494","1787704365","0.174242"
"1964224338","203462846","0.8171"
"203462846","1964224338","0.8171"
"1964224338","2097595927","0.0833333"
"2097595927","1964224338","0.0833333"
"1964224338","2155404021","0.174242"
"2155404021","1964224338","0.174242"
"1964224338","2183361331","0.174242"
"2183361331","1964224338","0.174242"
"1964224338","2532898418","0.0833333"
"2532898418","1964224338","0.0833333"
"1964224338","2614175690","0.0833333"
"2614175690","1964224338","0.0833333"
"1964224338","2776666643","0.3171"
"2776666643","1964224338","0.3171"
"1964224338","2952614494","0.374242"
"2952614494","1964224338","0.374242"
"1964224338","2962993091","0.5671"
"2962993091","1964224338","0.5671"
"203462846","2155404021","0.174242"
"2155404021","203462846","0.174242"
"203462846","2183361331","0.174242"
"2183361331","203462846","0.174242"
"203462846","2185824649","0.8171"
"2185824649","203462846","0.8171"
"203462846","2532898418","1"
"2532898418","203462846","1"
"203462846","2776666643","1.73377"
"2776666643","203462846","1.73377"
"203462846","2952614494","0.174242"
"2952614494","203462846","0.174242"
"2097595927","2155404021","0.0833333"
"2155404021","2097595927","0.0833333"
"2097595927","2183361331","0.0833333"
"2183361331","2097595927","0.0833333"
"2097595927","2185824649","0.0833333"
"2185824649","2097595927","0.0833333"
"2097595927","2532898418","0.0833333"
"2532898418","2097595927","0.0833333"
"2097595927","2952614494","0.0833333"
"2952614494","2097595927","0.0833333"
"2155404021","2183361331","7.49091"
"2183361331","2155404021","7.49091"
"2155404021","2185824649","0.174242"
"2185824649","2155404021","0.174242"
"2155404021","2532898418","0.0833333"
"2532898418","2155404021","0.0833333"
"2155404021","2614175690","0.0833333"
"2614175690","2155404021","0.0833333"
"2155404021","2776666643","0.174242"
"2776666643","2155404021","0.174242"
"2155404021","2952614494","0.174242"
"2952614494","2155404021","0.174242"
"2155404021","2962993091","3.24091"
"2962993091","2155404021","3.24091"
"2183361331","2185824649","0.174242"
"2185824649","2183361331","0.174242"
"2183361331","2532898418","0.0833333"
"2532898418","2183361331","0.0833333"
"2183361331","2614175690","0.0833333"
"2614175690","2183361331","0.0833333"
"2183361331","2776666643","0.174242"
"2776666643","2183361331","0.174242"
"2183361331","2952614494","0.174242"
"2952614494","2183361331","0.174242"
"2183361331","2962993091","3.74091"
"2962993091","2183361331","3.74091"
"2185824649","2532898418","0.0833333"
"2532898418","2185824649","0.0833333"
"2185824649","2614175690","0.0833333"
"2614175690","2185824649","0.0833333"
"2185824649","2776666643","0.3171"
"2776666643","2185824649","0.3171"
"2185824649","2952614494","0.374242"
"2952614494","2185824649","0.374242"
"2185824649","2962993091","0.5671"
"2962993091","2185824649","0.5671"
"2532898418","2614175690","0.0833333"
"2614175690","2532898418","0.0833333"
"2532898418","2776666643","1.5"
"2776666643","2532898418","1.5"
"2532898418","2952614494","0.583333"
"2952614494","2532898418","0.583333"
"2532898418","2962993091","0.208333"
"2962993091","2532898418","0.208333"
"2614175690","2952614494","0.0833333"
"2952614494","2614175690","0.0833333"
"2776666643","2952614494","0.674242"
"2952614494","2776666643","0.674242"
"2952614494","2962993091","0.174242"
"2962993091","2952614494","0.174242"
"1774051432","2110369671","0.342857"
"2110369671","1774051432","0.342857"
"1774051432","2559982211","0.433766"
"2559982211","1774051432","0.433766"
"1964224338","2110369671","0.342857"
"2110369671","1964224338","0.342857"
"1964224338","2559982211","0.433766"
"2559982211","1964224338","0.433766"
"2110369671","2185824649","0.342857"
"2185824649","2110369671","0.342857"
"2110369671","2559982211","14.0929"
"2559982211","2110369671","14.0929"
"2110369671","2952614494","0.2"
"2952614494","2110369671","0.2"
"2185824649","2559982211","0.433766"
"2559982211","2185824649","0.433766"
"2559982211","2952614494","0.790909"
"2952614494","2559982211","0.790909"
"1774051432","2097911709","0.575"
"2097911709","1774051432","0.575"
"1774051432","2153728012","1.875"
"2153728012","1774051432","1.875"
"2097911709","2153728012","0.708333"
"2153728012","2097911709","0.708333"
"2097911709","2155404021","0.45"
"2155404021","2097911709","0.45"
"2097911709","2183361331","0.45"
"2183361331","2097911709","0.45"
"2153728012","2155404021","2.25"
"2155404021","2153728012","2.25"
"2153728012","2183361331","2.25"
"2183361331","2153728012","2.25"
"2153728012","2962993091","0.625"
"2962993091","2153728012","0.625"
"1774051432","2479405203","2.45"
"2479405203","1774051432","2.45"
"1774051432","2810039084","0.45"
"2810039084","1774051432","0.45"
"2155404021","2479405203","1.95"
"2479405203","2155404021","1.95"
"2155404021","2810039084","0.45"
"2810039084","2155404021","0.45"
"2183361331","2479405203","1.45"
"2479405203","2183361331","1.45"
"2183361331","2810039084","0.95"
"2810039084","2183361331","0.95"
"2479405203","2810039084","4.7"
"2810039084","2479405203","4.7"
"2479405203","2962993091","1.45"
"2962993091","2479405203","1.45"
"2810039084","2962993091","0.45"
"2962993091","2810039084","0.45"
"1774051432","62021570","0.25"
"62021570","1774051432","0.25"
"1964224338","62021570","0.25"
"62021570","1964224338","0.25"
"2185824649","62021570","0.25"
"62021570","2185824649","0.25"
"2962993091","62021570","0.25"
"62021570","2962993091","0.25"
"1774051432","2128147476","1.45833"
"2128147476","1774051432","1.45833"
"2128147476","2962993091","1.45833"
"2962993091","2128147476","1.45833"
"1774051432","2148634356","2.2"
"2148634356","1774051432","2.2"
"2097911709","2148634356","0.7"
"2148634356","2097911709","0.7"
"2097911709","2962993091","0.325"
"2962993091","2097911709","0.325"
"2148634356","2155404021","0.2"
"2155404021","2148634356","0.2"
"2148634356","2183361331","0.2"
"2183361331","2148634356","0.2"
"2148634356","2962993091","1.2"
"2962993091","2148634356","1.2"
"1774051432","2108970218","0.625"
"2108970218","1774051432","0.625"
"1774051432","2111652968","0.958333"
"2111652968","1774051432","0.958333"
"1774051432","2126433362","0.166667"
"2126433362","1774051432","0.166667"
"1774051432","2403956519","0.166667"
"2403956519","1774051432","0.166667"
"1774051432","2953114841","0.166667"
"2953114841","1774051432","0.166667"
"2108970218","2111652968","12.625"
"2111652968","2108970218","12.625"
"2108970218","2126433362","0.166667"
"2126433362","2108970218","0.166667"
"2108970218","2403956519","0.166667"
"2403956519","2108970218","0.166667"
"2108970218","2953114841","0.166667"
"2953114841","2108970218","0.166667"
"2108970218","2962993091","0.625"
"2962993091","2108970218","0.625"
"2111652968","2126433362","0.166667"
"2126433362","2111652968","0.166667"
"2111652968","2403956519","0.166667"
"2403956519","2111652968","0.166667"
"2111652968","2953114841","0.166667"
"2953114841","2111652968","0.166667"
"2111652968","2962993091","0.958333"
"2962993091","2111652968","0.958333"
"2126433362","2962993091","0.166667"
"2962993091","2126433362","0.166667"
"2403956519","2962993091","0.166667"
"2962993091","2403956519","0.166667"
"2953114841","2962993091","0.166667"
"2962993091","2953114841","0.166667"
"1774051432","2605935493","0.625"
"2605935493","1774051432","0.625"
"2605935493","2962993091","0.625"
"2962993091","2605935493","0.625"
"1774051432","2114208097","0.590909"
"2114208097","1774051432","0.590909"
"2114208097","2962993091","0.590909"
"2962993091","2114208097","0.590909"
"2111652968","2128147476","1.45833"
"2128147476","2111652968","1.45833"
"2097911709","2108970218","0.125"
"2108970218","2097911709","0.125"
"2097911709","2111652968","0.125"
"2111652968","2097911709","0.125"
"2097911709","2128147476","0.125"
"2128147476","2097911709","0.125"
"2097911709","2532898418","3.625"
"2532898418","2097911709","3.625"
"2097911709","2605935493","0.125"
"2605935493","2097911709","0.125"
"2108970218","2128147476","1.125"
"2128147476","2108970218","1.125"
"2108970218","2153728012","0.125"
"2153728012","2108970218","0.125"
"2108970218","2532898418","0.125"
"2532898418","2108970218","0.125"
"2108970218","2605935493","0.125"
"2605935493","2108970218","0.125"
"2111652968","2153728012","0.125"
"2153728012","2111652968","0.125"
"2111652968","2532898418","0.125"
"2532898418","2111652968","0.125"
"2111652968","2605935493","0.125"
"2605935493","2111652968","0.125"
"2128147476","2153728012","0.125"
"2153728012","2128147476","0.125"
"2128147476","2532898418","0.125"
"2532898418","2128147476","0.125"
"2128147476","2605935493","0.125"
"2605935493","2128147476","0.125"
"2153728012","2532898418","0.125"
"2532898418","2153728012","0.125"
"2153728012","2605935493","0.125"
"2605935493","2153728012","0.125"
"2532898418","2605935493","0.125"
"2605935493","2532898418","0.125"
"2410760936","2532898418","1.5"
"2532898418","2410760936","1.5"
"203462846","2110369671","1.72619"
"2110369671","203462846","1.72619"
"203462846","2559982211","2.3171"
"2559982211","203462846","2.3171"
"2110369671","2776666643","0.72619"
"2776666643","2110369671","0.72619"
"2110369671","2962993091","0.142857"
"2962993091","2110369671","0.142857"
"2559982211","2776666643","0.8171"
"2776666643","2559982211","0.8171"
"2559982211","2962993091","0.233766"
"2962993091","2559982211","0.233766"
"1787704365","2114208097","0.0909091"
"2114208097","1787704365","0.0909091"
"1787704365","2559982211","0.590909"
"2559982211","1787704365","0.590909"
"1964224338","2114208097","0.0909091"
"2114208097","1964224338","0.0909091"
"203462846","2114208097","0.590909"
"2114208097","203462846","0.590909"
"2114208097","2155404021","0.0909091"
"2155404021","2114208097","0.0909091"
"2114208097","2183361331","0.0909091"
"2183361331","2114208097","0.0909091"
"2114208097","2185824649","0.0909091"
"2185824649","2114208097","0.0909091"
"2114208097","2559982211","0.0909091"
"2559982211","2114208097","0.0909091"
"2114208097","2776666643","0.0909091"
"2776666643","2114208097","0.0909091"
"2114208097","2952614494","0.0909091"
"2952614494","2114208097","0.0909091"
"2155404021","2559982211","0.0909091"
"2559982211","2155404021","0.0909091"
"2183361331","2559982211","0.0909091"
"2559982211","2183361331","0.0909091"
"1832469506","1967079065","0.333333"
"1967079065","1832469506","0.333333"
"1832469506","2126433362","0.333333"
"2126433362","1832469506","0.333333"
"1832469506","2949458500","0.333333"
"2949458500","1832469506","0.333333"
"1967079065","2949458500","0.333333"
"2949458500","1967079065","0.333333"
"2126433362","2949458500","0.333333"
"2949458500","2126433362","0.333333"
"1964224338","2123749788","1"
"2123749788","1964224338","1"
"2123749788","2185824649","1"
"2185824649","2123749788","1"
"1967079065","2101794394","1.5"
"2101794394","1967079065","1.5"
"2101794394","2122071888","0.5"
"2122071888","2101794394","0.5"
"2101794394","2126433362","0.166667"
"2126433362","2101794394","0.166667"
"2101794394","2403956519","0.166667"
"2403956519","2101794394","0.166667"
"2101794394","2949779400","0.5"
"2949779400","2101794394","0.5"
"2101794394","2953114841","0.166667"
"2953114841","2101794394","0.166667"
"2110369671","2532898418","0.583333"
"2532898418","2110369671","0.583333"
"2532898418","2559982211","3.08333"
"2559982211","2532898418","3.08333"
"2097595927","2114208097","0.5"
"2114208097","2097595927","0.5"
"2097595927","2126433362","1"
"2126433362","2097595927","1"
"2097595927","2100304906","2"
"2100304906","2097595927","2"
"2097595927","2097911709","1"
"2097911709","2097595927","1"
"2097911709","2776666643","0.5"
"2776666643","2097911709","0.5"
"2097911709","2410760936","2"
"2410760936","2097911709","2"
"2097911709","2126433362","0.5"
"2126433362","2097911709","0.5"
"2126433362","2148634356","0.5"
"2148634356","2126433362","0.5"
"2122071888","2153728012","0.333333"
"2153728012","2122071888","0.333333"
"2153728012","2949779400","0.333333"
"2949779400","2153728012","0.333333"
"2100304906","2126433362","0.2"
"2126433362","2100304906","0.2"
"2100304906","2154841222","0.2"
"2154841222","2100304906","0.2"
"2100304906","2163420613","0.2"
"2163420613","2100304906","0.2"
"2100304906","2403956519","0.2"
"2403956519","2100304906","0.2"
"2100304906","2953114841","0.2"
"2953114841","2100304906","0.2"
"2126433362","2154841222","0.2"
"2154841222","2126433362","0.2"
"2126433362","2163420613","0.2"
"2163420613","2126433362","0.2"
"2154841222","2163420613","8.7"
"2163420613","2154841222","8.7"
"2154841222","2403956519","0.2"
"2403956519","2154841222","0.2"
"2154841222","2953114841","0.2"
"2953114841","2154841222","0.2"
"2163420613","2403956519","0.2"
"2403956519","2163420613","0.2"
"2163420613","2953114841","0.2"
"2953114841","2163420613","0.2"
"2102891016","2123410075","3"
"2123410075","2102891016","3"
"2110369671","2410760936","0.5"
"2410760936","2110369671","0.5"
"2410760936","2559982211","0.5"
"2559982211","2410760936","0.5"
"2122071888","2123410075","0.5"
"2123410075","2122071888","0.5"
"2123410075","2949779400","0.5"
"2949779400","2123410075","0.5"
"2123749788","2776666643","0.5"
"2776666643","2123749788","0.5"
"2123749788","2952614494","0.5"
"2952614494","2123749788","0.5"
"2148634356","2153728012","0.5"
"2153728012","2148634356","0.5"
"2148634356","2410760936","0.5"
"2410760936","2148634356","0.5"
"2153728012","2410760936","0.5"
"2410760936","2153728012","0.5"
"2152417340","2401490094","4"
"2401490094","2152417340","4"
"2154841222","62021570","0.5"
"62021570","2154841222","0.5"
"2163420613","62021570","0.5"
"62021570","2163420613","0.5"
"2776666643","62021570","1"
"62021570","2776666643","1"
