"113480497","1509835774","0.954791"
"1509835774","113480497","0.954791"
"113480497","1655958391","2.68759"
"1655958391","113480497","2.68759"
"113480497","2164414844","1.30211"
"2164414844","113480497","1.30211"
"113480497","2181796330","3.69517"
"2181796330","113480497","3.69517"
"113480497","2371186109","2.48759"
"2371186109","113480497","2.48759"
"1509835774","1655958391","1.1842"
"1655958391","1509835774","1.1842"
"1509835774","2164414844","0.998946"
"2164414844","1509835774","0.998946"
"1509835774","2181796330","4.38698"
"2181796330","1509835774","4.38698"
"1509835774","2371186109","1.1842"
"2371186109","1509835774","1.1842"
"1655958391","2164414844","1.68903"
"2164414844","1655958391","1.68903"
"1655958391","2181796330","5.66542"
"2181796330","1655958391","5.66542"
"1655958391","2371186109","10.2321"
"2371186109","1655958391","10.2321"
"2164414844","2181796330","6.3712"
"2181796330","2164414844","6.3712"
"2164414844","2371186109","1.68903"
"2371186109","2164414844","1.68903"
"2181796330","2371186109","4.99875"
"2371186109","2181796330","4.99875"
"113480497","1508725737","0.910664"
"1508725737","113480497","0.910664"
"113480497","2042301701","0.717465"
"2042301701","113480497","0.717465"
"1508725737","1509835774","2.46496"
"1509835774","1508725737","2.46496"
"1508725737","1655958391","0.411422"
"1655958391","1508725737","0.411422"
"1508725737","2042301701","0.819444"
"2042301701","1508725737","0.819444"
"1508725737","2181796330","3.32178"
"2181796330","1508725737","3.32178"
"1508725737","2371186109","0.411422"
"2371186109","1508725737","0.411422"
"1509835774","2042301701","1.10611"
"2042301701","1509835774","1.10611"
"1655958391","2042301701","0.527433"
"2042301701","1655958391","0.527433"
"2042301701","2181796330","3.60085"
"2181796330","2042301701","3.60085"
"2042301701","2371186109","0.860766"
"2371186109","2042301701","0.860766"
"113480497","1593719721","0.770761"
"1593719721","113480497","0.770761"
"113480497","1805249784","0.973449"
"1805249784","113480497","0.973449"
"113480497","2024839355","0.0909091"
"2024839355","113480497","0.0909091"
"113480497","2072774156","0.368687"
"2072774156","113480497","0.368687"
"113480497","2112178441","1.29768"
"2112178441","113480497","1.29768"
"113480497","2128735745","0.278943"
"2128735745","113480497","0.278943"
"1509835774","1593719721","0.654059"
"1593719721","1509835774","0.654059"
"1509835774","1805249784","1.96596"
"1805249784","1509835774","1.96596"
"1509835774","2024839355","0.0909091"
"2024839355","1509835774","0.0909091"
"1509835774","2072774156","0.20202"
"2072774156","1509835774","0.20202"
"1509835774","2112178441","1.2295"
"2112178441","1509835774","1.2295"
"1509835774","2128735745","1.31947"
"2128735745","1509835774","1.31947"
"1593719721","1655958391","0.377074"
"1655958391","1593719721","0.377074"
"1593719721","1805249784","0.448052"
"1805249784","1593719721","0.448052"
"1593719721","2024839355","0.0909091"
"2024839355","1593719721","0.0909091"
"1593719721","2072774156","0.0909091"
"2072774156","1593719721","0.0909091"
"1593719721","2112178441","0.741818"
"2112178441","1593719721","0.741818"
"1593719721","2128735745","0.278943"
"2128735745","1593719721","0.278943"
"1593719721","2164414844","1.66005"
"2164414844","1593719721","1.66005"
"1593719721","2181796330","3.22711"
"2181796330","1593719721","3.22711"
"1593719721","2371186109","0.377074"
"2371186109","1593719721","0.377074"
"1655958391","1805249784","0.469527"
"1805249784","1655958391","0.469527"
"1655958391","2024839355","0.0909091"
"2024839355","1655958391","0.0909091"
"1655958391","2072774156","0.368687"
"2072774156","1655958391","0.368687"
"1655958391","2112178441","2.02432"
"2112178441","1655958391","2.02432"
"1655958391","2128735745","0.375022"
"2128735745","1655958391","0.375022"
"1805249784","2024839355","1.09091"
"2024839355","1805249784","1.09091"
"1805249784","2072774156","0.20202"
"2072774156","1805249784","0.20202"
"1805249784","2112178441","0.191749"
"2112178441","1805249784","0.191749"
"1805249784","2128735745","0.231432"
"2128735745","1805249784","0.231432"
"1805249784","2164414844","0.456432"
"2164414844","1805249784","0.456432"
"1805249784","2181796330","1.33738"
"2181796330","1805249784","1.33738"
"1805249784","2371186109","0.469527"
"2371186109","1805249784","0.469527"
"2024839355","2072774156","0.0909091"
"2072774156","2024839355","0.0909091"
"2024839355","2112178441","0.0909091"
"2112178441","2024839355","0.0909091"
"2024839355","2128735745","0.0909091"
"2128735745","2024839355","0.0909091"
"2024839355","2164414844","0.0909091"
"2164414844","2024839355","0.0909091"
"2024839355","2181796330","0.0909091"
"2181796330","2024839355","0.0909091"
"2024839355","2371186109","0.0909091"
"2371186109","2024839355","0.0909091"
"2072774156","2112178441","0.257576"
"2112178441","2072774156","0.257576"
"2072774156","2128735745","0.20202"
"2128735745","2072774156","0.20202"
"2072774156","2164414844","0.20202"
"2164414844","2072774156","0.20202"
"2072774156","2181796330","0.368687"
"2181796330","2072774156","0.368687"
"2072774156","2371186109","0.368687"
"2371186109","2072774156","0.368687"
"2112178441","2128735745","0.120321"
"2128735745","2112178441","0.120321"
"2112178441","2164414844","0.366468"
"2164414844","2112178441","0.366468"
"2112178441","2181796330","1.76599"
"2181796330","2112178441","1.76599"
"2112178441","2371186109","1.32432"
"2371186109","2112178441","1.32432"
"2128735745","2164414844","0.375022"
"2164414844","2128735745","0.375022"
"2128735745","2181796330","0.819466"
"2181796330","2128735745","0.819466"
"2128735745","2371186109","0.375022"
"2371186109","2128735745","0.375022"
"113480497","1486928190","1.03646"
"1486928190","113480497","1.03646"
"113480497","1532957738","0.264076"
"1532957738","113480497","0.264076"
"113480497","1841583684","0.64647"
"1841583684","113480497","0.64647"
"113480497","2006289240","0.966225"
"2006289240","113480497","0.966225"
"113480497","2120564054","1.33365"
"2120564054","113480497","1.33365"
"113480497","2157573989","0.270671"
"2157573989","113480497","0.270671"
"113480497","2417084584","0.602929"
"2417084584","113480497","0.602929"
"1486928190","1508725737","0.743998"
"1508725737","1486928190","0.743998"
"1486928190","1532957738","1.14741"
"1532957738","1486928190","1.14741"
"1486928190","1593719721","1.17628"
"1593719721","1486928190","1.17628"
"1486928190","1841583684","1.3179"
"1841583684","1486928190","1.3179"
"1486928190","2006289240","1.36032"
"2006289240","1486928190","1.36032"
"1486928190","2120564054","0.512221"
"2120564054","1486928190","0.512221"
"1486928190","2157573989","1.28258"
"2157573989","1486928190","1.28258"
"1486928190","2164414844","4.02514"
"2164414844","1486928190","4.02514"
"1486928190","2181796330","2.96151"
"2181796330","1486928190","2.96151"
"1486928190","2417084584","0.9565"
"2417084584","1486928190","0.9565"
"1508725737","1532957738","0.181818"
"1532957738","1508725737","0.181818"
"1508725737","1593719721","0.32061"
"1593719721","1508725737","0.32061"
"1508725737","1841583684","0.223485"
"1841583684","1508725737","0.223485"
"1508725737","2006289240","0.377331"
"2006289240","1508725737","0.377331"
"1508725737","2120564054","0.377331"
"2120564054","1508725737","0.377331"
"1508725737","2157573989","0.132576"
"2157573989","1508725737","0.132576"
"1508725737","2164414844","0.376166"
"2164414844","1508725737","0.376166"
"1508725737","2417084584","0.243687"
"2417084584","1508725737","0.243687"
"1532957738","1593719721","0.514834"
"1593719721","1532957738","0.514834"
"1532957738","1841583684","4.68074"
"1841583684","1532957738","4.68074"
"1532957738","2006289240","0.564076"
"2006289240","1532957738","0.564076"
"1532957738","2120564054","0.264076"
"2120564054","1532957738","0.264076"
"1532957738","2157573989","6.00758"
"2157573989","1532957738","6.00758"
"1532957738","2164414844","0.973167"
"2164414844","1532957738","0.973167"
"1532957738","2181796330","1.33193"
"2181796330","1532957738","1.33193"
"1532957738","2417084584","0.514834"
"2417084584","1532957738","0.514834"
"1593719721","1841583684","0.95412"
"1841583684","1593719721","0.95412"
"1593719721","2006289240","0.932233"
"2006289240","1593719721","0.932233"
"1593719721","2120564054","0.418741"
"2120564054","1593719721","0.418741"
"1593719721","2157573989","0.562338"
"2157573989","1593719721","0.562338"
"1593719721","2417084584","12.0176"
"2417084584","1593719721","12.0176"
"1841583684","2006289240","0.663136"
"2006289240","1841583684","0.663136"
"1841583684","2120564054","0.59647"
"2120564054","1841583684","0.59647"
"1841583684","2157573989","4.68734"
"2157573989","1841583684","4.68734"
"1841583684","2164414844","0.841024"
"2164414844","1841583684","0.841024"
"1841583684","2181796330","1.40718"
"2181796330","1841583684","1.40718"
"1841583684","2417084584","0.95412"
"2417084584","1841583684","0.95412"
"2006289240","2120564054","0.850316"
"2120564054","2006289240","0.850316"
"2006289240","2157573989","0.520671"
"2157573989","2006289240","0.520671"
"2006289240","2164414844","3.72633"
"2164414844","2006289240","3.72633"
"2006289240","2181796330","4.5008"
"2181796330","2006289240","4.5008"
"2006289240","2417084584","0.85531"
"2417084584","2006289240","0.85531"
"2120564054","2157573989","0.204004"
"2157573989","2120564054","0.204004"
"2120564054","2164414844","0.347312"
"2164414844","2120564054","0.347312"
"2120564054","2181796330","1.40587"
"2181796330","2120564054","1.40587"
"2120564054","2417084584","0.286262"
"2417084584","2120564054","0.286262"
"2157573989","2164414844","0.699242"
"2164414844","2157573989","0.699242"
"2157573989","2181796330","0.645671"
"2181796330","2157573989","0.645671"
"2157573989","2417084584","0.562338"
"2417084584","2157573989","0.562338"
"2164414844","2417084584","1.32555"
"2417084584","2164414844","1.32555"
"2181796330","2417084584","2.55928"
"2417084584","2181796330","2.55928"
"113480497","1604432502","0.582484"
"1604432502","113480497","0.582484"
"113480497","180993580","0.806726"
"180993580","113480497","0.806726"
"113480497","2109579436","0.153687"
"2109579436","113480497","0.153687"
"1593719721","1604432502","1.86513"
"1604432502","1593719721","1.86513"
"1593719721","180993580","0.272276"
"180993580","1593719721","0.272276"
"1593719721","2109579436","0.494956"
"2109579436","1593719721","0.494956"
"1604432502","1655958391","0.701975"
"1655958391","1604432502","0.701975"
"1604432502","1805249784","0.468697"
"1805249784","1604432502","0.468697"
"1604432502","180993580","0.545229"
"180993580","1604432502","0.545229"
"1604432502","1841583684","0.457509"
"1841583684","1604432502","0.457509"
"1604432502","2006289240","0.661895"
"2006289240","1604432502","0.661895"
"1604432502","2109579436","0.452099"
"2109579436","1604432502","0.452099"
"1604432502","2112178441","1.34699"
"2112178441","1604432502","1.34699"
"1604432502","2120564054","0.480464"
"2120564054","1604432502","0.480464"
"1604432502","2157573989","0.179762"
"2157573989","1604432502","0.179762"
"1604432502","2181796330","1.83928"
"2181796330","1604432502","1.83928"
"1604432502","2371186109","0.701975"
"2371186109","1604432502","0.701975"
"1604432502","2417084584","0.478687"
"2417084584","1604432502","0.478687"
"1655958391","180993580","2.79447"
"180993580","1655958391","2.79447"
"1655958391","1841583684","0.590084"
"1841583684","1655958391","0.590084"
"1655958391","2006289240","0.738061"
"2006289240","1655958391","0.738061"
"1655958391","2109579436","0.209242"
"2109579436","1655958391","0.209242"
"1655958391","2120564054","0.756629"
"2120564054","1655958391","0.756629"
"1655958391","2157573989","0.0714286"
"2157573989","1655958391","0.0714286"
"1655958391","2417084584","0.153687"
"2417084584","1655958391","0.153687"
"1805249784","180993580","1.26751"
"180993580","1805249784","1.26751"
"1805249784","1841583684","0.214286"
"1841583684","1805249784","0.214286"
"1805249784","2006289240","0.10084"
"2006289240","1805249784","0.10084"
"1805249784","2109579436","0.457143"
"2109579436","1805249784","0.457143"
"1805249784","2120564054","0.0714286"
"2120564054","1805249784","0.0714286"
"1805249784","2157573989","0.0714286"
"2157573989","1805249784","0.0714286"
"1805249784","2417084584","0.214286"
"2417084584","1805249784","0.214286"
"180993580","1841583684","0.288894"
"1841583684","180993580","0.288894"
"180993580","2006289240","0.636138"
"2006289240","180993580","0.636138"
"180993580","2109579436","0.153687"
"2109579436","180993580","0.153687"
"180993580","2112178441","0.315674"
"2112178441","180993580","0.315674"
"180993580","2120564054","0.665817"
"2120564054","180993580","0.665817"
"180993580","2157573989","0.113095"
"2157573989","180993580","0.113095"
"180993580","2181796330","1.13614"
"2181796330","180993580","1.13614"
"180993580","2371186109","1.79447"
"2371186109","180993580","1.79447"
"180993580","2417084584","0.195353"
"2417084584","180993580","0.195353"
"1841583684","2109579436","0.246544"
"2109579436","1841583684","0.246544"
"1841583684","2112178441","0.836262"
"2112178441","1841583684","0.836262"
"1841583684","2371186109","0.390084"
"2371186109","1841583684","0.390084"
"2006289240","2109579436","0.153687"
"2109579436","2006289240","0.153687"
"2006289240","2112178441","0.459264"
"2112178441","2006289240","0.459264"
"2006289240","2371186109","1.07139"
"2371186109","2006289240","1.07139"
"2109579436","2112178441","0.209242"
"2112178441","2109579436","0.209242"
"2109579436","2120564054","0.159242"
"2120564054","2109579436","0.159242"
"2109579436","2157573989","0.0714286"
"2157573989","2109579436","0.0714286"
"2109579436","2181796330","3.98543"
"2181796330","2109579436","3.98543"
"2109579436","2371186109","0.209242"
"2371186109","2109579436","0.209242"
"2109579436","2417084584","0.296544"
"2417084584","2109579436","0.296544"
"2112178441","2120564054","0.368741"
"2120564054","2112178441","0.368741"
"2112178441","2157573989","0.179762"
"2157573989","2112178441","0.179762"
"2112178441","2417084584","0.26202"
"2417084584","2112178441","0.26202"
"2120564054","2371186109","0.756629"
"2371186109","2120564054","0.756629"
"2157573989","2371186109","0.0714286"
"2371186109","2157573989","0.0714286"
"2371186109","2417084584","0.153687"
"2417084584","2371186109","0.153687"
"113480497","1526540390","0.461104"
"1526540390","113480497","0.461104"
"1526540390","1655958391","2.52107"
"1655958391","1526540390","2.52107"
"1526540390","2072774156","0.166667"
"2072774156","1526540390","0.166667"
"1526540390","2112178441","1.8294"
"2112178441","1526540390","1.8294"
"1526540390","2181796330","3.98893"
"2181796330","1526540390","3.98893"
"1526540390","2371186109","1.18774"
"2371186109","1526540390","1.18774"
"113480497","1518119787","0.188034"
"1518119787","113480497","0.188034"
"113480497","1533222780","0.203479"
"1533222780","113480497","0.203479"
"113480497","97737074","0.576923"
"97737074","113480497","0.576923"
"1486928190","1509835774","0.72504"
"1509835774","1486928190","0.72504"
"1486928190","1518119787","0.249192"
"1518119787","1486928190","0.249192"
"1486928190","1526540390","0.296926"
"1526540390","1486928190","0.296926"
"1486928190","1533222780","0.646337"
"1533222780","1486928190","0.646337"
"1486928190","1655958391","0.80949"
"1655958391","1486928190","0.80949"
"1486928190","2112178441","0.387835"
"2112178441","1486928190","0.387835"
"1486928190","2371186109","0.80949"
"2371186109","1486928190","0.80949"
"1486928190","97737074","0.439668"
"97737074","1486928190","0.439668"
"1508725737","1518119787","0.188034"
"1518119787","1508725737","0.188034"
"1508725737","1526540390","0.11859"
"1526540390","1508725737","0.11859"
"1508725737","1533222780","0.11859"
"1533222780","1508725737","0.11859"
"1508725737","2112178441","0.209499"
"2112178441","1508725737","0.209499"
"1508725737","97737074","0.188034"
"97737074","1508725737","0.188034"
"1509835774","1518119787","1.00475"
"1518119787","1509835774","1.00475"
"1509835774","1526540390","0.138593"
"1526540390","1509835774","0.138593"
"1509835774","1533222780","0.252038"
"1533222780","1509835774","0.252038"
"1509835774","2006289240","0.282183"
"2006289240","1509835774","0.282183"
"1509835774","2120564054","0.186104"
"2120564054","1509835774","0.186104"
"1509835774","97737074","0.642446"
"97737074","1509835774","0.642446"
"1518119787","1526540390","0.106335"
"1526540390","1518119787","0.106335"
"1518119787","1533222780","0.21978"
"1533222780","1518119787","0.21978"
"1518119787","1655958391","0.550779"
"1655958391","1518119787","0.550779"
"1518119787","2006289240","0.106335"
"2006289240","1518119787","0.106335"
"1518119787","2112178441","0.106335"
"2112178441","1518119787","0.106335"
"1518119787","2120564054","0.0769231"
"2120564054","1518119787","0.0769231"
"1518119787","2181796330","4.69522"
"2181796330","1518119787","4.69522"
"1518119787","2371186109","0.550779"
"2371186109","1518119787","0.550779"
"1518119787","97737074","0.417446"
"97737074","1518119787","0.417446"
"1526540390","1533222780","0.700848"
"1533222780","1526540390","0.700848"
"1526540390","2006289240","0.463593"
"2006289240","1526540390","0.463593"
"1526540390","2120564054","0.42307"
"2120564054","1526540390","0.42307"
"1526540390","97737074","0.304748"
"97737074","1526540390","0.304748"
"1533222780","1655958391","0.161813"
"1655958391","1533222780","0.161813"
"1533222780","2006289240","0.703479"
"2006289240","1533222780","0.703479"
"1533222780","2112178441","0.150848"
"2112178441","1533222780","0.150848"
"1533222780","2120564054","0.253479"
"2120564054","1533222780","0.253479"
"1533222780","2181796330","1.00348"
"2181796330","1533222780","1.00348"
"1533222780","2371186109","0.161813"
"2371186109","1533222780","0.161813"
"1533222780","97737074","0.0769231"
"97737074","1533222780","0.0769231"
"1655958391","97737074","0.16189"
"97737074","1655958391","0.16189"
"2006289240","97737074","0.106335"
"97737074","2006289240","0.106335"
"2112178441","97737074","0.16189"
"97737074","2112178441","0.16189"
"2120564054","97737074","0.132479"
"97737074","2120564054","0.132479"
"2181796330","97737074","2.17419"
"97737074","2181796330","2.17419"
"2371186109","97737074","0.16189"
"97737074","2371186109","0.16189"
"1518119787","1805249784","0.28338"
"1805249784","1518119787","0.28338"
"1518119787","2072774156","0.111111"
"2072774156","1518119787","0.111111"
"1518119787","2128735745","0.584967"
"2128735745","1518119787","0.584967"
"1518119787","2164414844","0.140523"
"2164414844","1518119787","0.140523"
"113480497","1486640683","0.109181"
"1486640683","113480497","0.109181"
"113480497","1562199962","0.0848896"
"1562199962","113480497","0.0848896"
"113480497","1573715923","0.109181"
"1573715923","113480497","0.109181"
"113480497","1848243523","0.914834"
"1848243523","113480497","0.914834"
"113480497","1996009477","0.600799"
"1996009477","113480497","0.600799"
"113480497","2076282258","0.198925"
"2076282258","113480497","0.198925"
"113480497","2109453700","0.109181"
"2109453700","113480497","0.109181"
"113480497","2123735079","0.161813"
"2123735079","113480497","0.161813"
"113480497","2138719936","0.252722"
"2138719936","113480497","0.252722"
"113480497","2179712430","0.161813"
"2179712430","113480497","0.161813"
"113480497","2181708856","0.0848896"
"2181708856","113480497","0.0848896"
"113480497","2744727227","0.0739247"
"2744727227","113480497","0.0739247"
"1486640683","1486928190","0.0616698"
"1486928190","1486640683","0.0616698"
"1486640683","1509835774","0.128336"
"1509835774","1486640683","0.128336"
"1486640683","1526540390","0.138593"
"1526540390","1486640683","0.138593"
"1486640683","1532957738","0.0322581"
"1532957738","1486640683","0.0322581"
"1486640683","1533222780","0.232258"
"1533222780","1486640683","0.232258"
"1486640683","1562199962","0.0616698"
"1562199962","1486640683","0.0616698"
"1486640683","1573715923","0.53026"
"1573715923","1486640683","0.53026"
"1486640683","1593719721","0.0322581"
"1593719721","1486640683","0.0322581"
"1486640683","1604432502","0.0616698"
"1604432502","1486640683","0.0616698"
"1486640683","1655958391","0.20526"
"1655958391","1486640683","0.20526"
"1486640683","180993580","0.0616698"
"180993580","1486640683","0.0616698"
"1486640683","1841583684","0.0322581"
"1841583684","1486640683","0.0322581"
"1486640683","1848243523","0.0616698"
"1848243523","1486640683","0.0616698"
"1486640683","1996009477","0.0616698"
"1996009477","1486640683","0.0616698"
"1486640683","2006289240","0.453337"
"2006289240","1486640683","0.453337"
"1486640683","2042301701","0.0616698"
"2042301701","1486640683","0.0616698"
"1486640683","2076282258","0.0322581"
"2076282258","1486640683","0.0322581"
"1486640683","2109453700","0.20526"
"2109453700","1486640683","0.20526"
"1486640683","2109579436","0.0322581"
"2109579436","1486640683","0.0322581"
"1486640683","2112178441","0.138593"
"2112178441","1486640683","0.138593"
"1486640683","2120564054","0.0322581"
"2120564054","1486640683","0.0322581"
"1486640683","2123735079","0.40526"
"2123735079","1486640683","0.40526"
"1486640683","2138719936","0.33026"
"2138719936","1486640683","0.33026"
"1486640683","2164414844","0.128336"
"2164414844","1486640683","0.128336"
"1486640683","2179712430","0.33026"
"2179712430","1486640683","0.33026"
"1486640683","2181708856","0.0616698"
"2181708856","1486640683","0.0616698"
"1486640683","2181796330","0.33026"
"2181796330","1486640683","0.33026"
"1486640683","2371186109","0.20526"
"2371186109","1486640683","0.20526"
"1486640683","2417084584","0.0322581"
"2417084584","1486640683","0.0322581"
"1486640683","2744727227","0.232258"
"2744727227","1486640683","0.232258"
"1486928190","1562199962","0.114301"
"1562199962","1486928190","0.114301"
"1486928190","1573715923","0.0616698"
"1573715923","1486928190","0.0616698"
"1486928190","1604432502","0.776181"
"1604432502","1486928190","0.776181"
"1486928190","180993580","0.464709"
"180993580","1486928190","0.464709"
"1486928190","1848243523","1.24425"
"1848243523","1486928190","1.24425"
"1486928190","1996009477","0.830211"
"1996009477","1486928190","0.830211"
"1486928190","2042301701","1.40521"
"2042301701","1486928190","1.40521"
"1486928190","2076282258","0.290591"
"2076282258","1486928190","0.290591"
"1486928190","2109453700","0.0616698"
"2109453700","1486928190","0.0616698"
"1486928190","2109579436","0.558449"
"2109579436","1486928190","0.558449"
"1486928190","2123735079","0.114301"
"2123735079","1486928190","0.114301"
"1486928190","2138719936","0.455211"
"2138719936","1486928190","0.455211"
"1486928190","2179712430","0.114301"
"2179712430","1486928190","0.114301"
"1486928190","2181708856","0.114301"
"2181708856","1486928190","0.114301"
"1486928190","2744727227","0.123925"
"2744727227","1486928190","0.123925"
"1509835774","1532957738","0.0322581"
"1532957738","1509835774","0.0322581"
"1509835774","1562199962","0.0616698"
"1562199962","1509835774","0.0616698"
"1509835774","1573715923","0.128336"
"1573715923","1509835774","0.128336"
"1509835774","1604432502","0.50645"
"1604432502","1509835774","0.50645"
"1509835774","180993580","0.30526"
"180993580","1509835774","0.30526"
"1509835774","1841583684","0.0322581"
"1841583684","1509835774","0.0322581"
"1509835774","1848243523","1.32"
"1848243523","1509835774","1.32"
"1509835774","1996009477","1.56445"
"1996009477","1509835774","1.56445"
"1509835774","2076282258","0.365591"
"2076282258","1509835774","0.365591"
"1509835774","2109453700","0.128336"
"2109453700","1509835774","0.128336"
"1509835774","2109579436","0.275115"
"2109579436","1509835774","0.275115"
"1509835774","2123735079","0.128336"
"2123735079","1509835774","0.128336"
"1509835774","2138719936","0.128336"
"2138719936","1509835774","0.128336"
"1509835774","2179712430","0.128336"
"2179712430","1509835774","0.128336"
"1509835774","2181708856","0.0616698"
"2181708856","1509835774","0.0616698"
"1509835774","2417084584","0.343369"
"2417084584","1509835774","0.343369"
"1509835774","2744727227","0.0322581"
"2744727227","1509835774","0.0322581"
"1526540390","1532957738","0.0822581"
"1532957738","1526540390","0.0822581"
"1526540390","1562199962","0.0616698"
"1562199962","1526540390","0.0616698"
"1526540390","1573715923","0.138593"
"1573715923","1526540390","0.138593"
"1526540390","1593719721","0.389004"
"1593719721","1526540390","0.389004"
"1526540390","1604432502","0.275559"
"1604432502","1526540390","0.275559"
"1526540390","180993580","0.103336"
"180993580","1526540390","0.103336"
"1526540390","1841583684","0.833449"
"1841583684","1526540390","0.833449"
"1526540390","1848243523","1.57556"
"1848243523","1526540390","1.57556"
"1526540390","1996009477","0.475559"
"1996009477","1526540390","0.475559"
"1526540390","2042301701","0.475559"
"2042301701","1526540390","0.475559"
"1526540390","2076282258","0.290591"
"2076282258","1526540390","0.290591"
"1526540390","2109453700","0.138593"
"2109453700","1526540390","0.138593"
"1526540390","2109579436","0.230671"
"2109579436","1526540390","0.230671"
"1526540390","2123735079","0.138593"
"2123735079","1526540390","0.138593"
"1526540390","2138719936","0.527482"
"2138719936","1526540390","0.527482"
"1526540390","2164414844","0.275559"
"2164414844","1526540390","0.275559"
"1526540390","2179712430","0.194148"
"2179712430","1526540390","0.194148"
"1526540390","2181708856","0.0616698"
"2181708856","1526540390","0.0616698"
"1526540390","2417084584","0.333449"
"2417084584","1526540390","0.333449"
"1526540390","2744727227","0.623925"
"2744727227","1526540390","0.623925"
"1532957738","1533222780","0.0822581"
"1533222780","1532957738","0.0822581"
"1532957738","1562199962","0.0322581"
"1562199962","1532957738","0.0322581"
"1532957738","1573715923","0.0322581"
"1573715923","1532957738","0.0322581"
"1532957738","1604432502","0.275115"
"1604432502","1532957738","0.275115"
"1532957738","1655958391","0.173167"
"1655958391","1532957738","0.173167"
"1532957738","180993580","0.173167"
"180993580","1532957738","0.173167"
"1532957738","1848243523","0.882258"
"1848243523","1532957738","0.882258"
"1532957738","1996009477","0.132258"
"1996009477","1532957738","0.132258"
"1532957738","2042301701","0.207258"
"2042301701","1532957738","0.207258"
"1532957738","2076282258","0.248925"
"2076282258","1532957738","0.248925"
"1532957738","2109453700","0.0322581"
"2109453700","1532957738","0.0322581"
"1532957738","2109579436","0.0822581"
"2109579436","1532957738","0.0822581"
"1532957738","2112178441","0.173167"
"2112178441","1532957738","0.173167"
"1532957738","2123735079","0.0322581"
"2123735079","1532957738","0.0322581"
"1532957738","2138719936","0.0322581"
"2138719936","1532957738","0.0322581"
"1532957738","2179712430","0.0322581"
"2179712430","1532957738","0.0322581"
"1532957738","2181708856","0.0322581"
"2181708856","1532957738","0.0322581"
"1532957738","2371186109","0.173167"
"2371186109","1532957738","0.173167"
"1532957738","2744727227","0.0822581"
"2744727227","1532957738","0.0822581"
"1533222780","1562199962","0.0848896"
"1562199962","1533222780","0.0848896"
"1533222780","1573715923","0.232258"
"1573715923","1533222780","0.232258"
"1533222780","1593719721","0.266782"
"1593719721","1533222780","0.266782"
"1533222780","1604432502","1.31941"
"1604432502","1533222780","1.31941"
"1533222780","180993580","0.126556"
"180993580","1533222780","0.126556"
"1533222780","1841583684","0.176556"
"1841583684","1533222780","0.176556"
"1533222780","1848243523","0.123925"
"1848243523","1533222780","0.123925"
"1533222780","1996009477","0.676556"
"1996009477","1533222780","0.676556"
"1533222780","2042301701","0.676556"
"2042301701","1533222780","0.676556"
"1533222780","2076282258","0.123925"
"2076282258","1533222780","0.123925"
"1533222780","2109453700","0.0322581"
"2109453700","1533222780","0.0322581"
"1533222780","2109579436","0.175115"
"2109579436","1533222780","0.175115"
"1533222780","2123735079","0.53489"
"2123735079","1533222780","0.53489"
"1533222780","2138719936","0.0848896"
"2138719936","1533222780","0.0848896"
"1533222780","2164414844","0.123925"
"2164414844","1533222780","0.123925"
"1533222780","2179712430","0.0848896"
"2179712430","1533222780","0.0848896"
"1533222780","2181708856","0.0848896"
"2181708856","1533222780","0.0848896"
"1533222780","2417084584","0.123925"
"2417084584","1533222780","0.123925"
"1533222780","2744727227","1.32392"
"2744727227","1533222780","1.32392"
"1562199962","1573715923","0.0616698"
"1573715923","1562199962","0.0616698"
"1562199962","1593719721","0.0322581"
"1593719721","1562199962","0.0322581"
"1562199962","1604432502","0.114301"
"1604432502","1562199962","0.114301"
"1562199962","1655958391","0.114301"
"1655958391","1562199962","0.114301"
"1562199962","180993580","0.114301"
"180993580","1562199962","0.114301"
"1562199962","1841583684","0.0848896"
"1841583684","1562199962","0.0848896"
"1562199962","1848243523","0.0616698"
"1848243523","1562199962","0.0616698"
"1562199962","1996009477","0.114301"
"1996009477","1562199962","0.114301"
"1562199962","2006289240","0.114301"
"2006289240","1562199962","0.114301"
"1562199962","2042301701","0.114301"
"2042301701","1562199962","0.114301"
"1562199962","2076282258","0.0322581"
"2076282258","1562199962","0.0322581"
"1562199962","2109453700","0.0616698"
"2109453700","1562199962","0.0616698"
"1562199962","2109579436","0.0322581"
"2109579436","1562199962","0.0322581"
"1562199962","2112178441","0.0616698"
"2112178441","1562199962","0.0616698"
"1562199962","2120564054","0.0848896"
"2120564054","1562199962","0.0848896"
"1562199962","2123735079","0.114301"
"2123735079","1562199962","0.114301"
"1562199962","2138719936","0.314301"
"2138719936","1562199962","0.314301"
"1562199962","2164414844","0.0616698"
"2164414844","1562199962","0.0616698"
"1562199962","2179712430","0.314301"
"2179712430","1562199962","0.314301"
"1562199962","2181708856","0.314301"
"2181708856","1562199962","0.314301"
"1562199962","2181796330","0.114301"
"2181796330","1562199962","0.114301"
"1562199962","2371186109","0.114301"
"2371186109","1562199962","0.114301"
"1562199962","2417084584","0.0322581"
"2417084584","1562199962","0.0322581"
"1562199962","2744727227","0.232258"
"2744727227","1562199962","0.232258"
"1573715923","1593719721","0.0322581"
"1593719721","1573715923","0.0322581"
"1573715923","1604432502","0.0616698"
"1604432502","1573715923","0.0616698"
"1573715923","1655958391","0.20526"
"1655958391","1573715923","0.20526"
"1573715923","180993580","0.0616698"
"180993580","1573715923","0.0616698"
"1573715923","1841583684","0.0322581"
"1841583684","1573715923","0.0322581"
"1573715923","1848243523","0.0616698"
"1848243523","1573715923","0.0616698"
"1573715923","1996009477","0.0616698"
"1996009477","1573715923","0.0616698"
"1573715923","2006289240","0.453337"
"2006289240","1573715923","0.453337"
"1573715923","2042301701","0.0616698"
"2042301701","1573715923","0.0616698"
"1573715923","2076282258","0.0322581"
"2076282258","1573715923","0.0322581"
"1573715923","2109453700","0.538593"
"2109453700","1573715923","0.538593"
"1573715923","2109579436","0.0322581"
"2109579436","1573715923","0.0322581"
"1573715923","2112178441","0.138593"
"2112178441","1573715923","0.138593"
"1573715923","2120564054","0.0322581"
"2120564054","1573715923","0.0322581"
"1573715923","2123735079","0.40526"
"2123735079","1573715923","0.40526"
"1573715923","2138719936","0.663593"
"2138719936","1573715923","0.663593"
"1573715923","2164414844","0.128336"
"2164414844","1573715923","0.128336"
"1573715923","2179712430","0.663593"
"2179712430","1573715923","0.663593"
"1573715923","2181708856","0.0616698"
"2181708856","1573715923","0.0616698"
"1573715923","2181796330","0.33026"
"2181796330","1573715923","0.33026"
"1573715923","2371186109","0.20526"
"2371186109","1573715923","0.20526"
"1573715923","2417084584","0.0322581"
"2417084584","1573715923","0.0322581"
"1573715923","2744727227","0.232258"
"2744727227","1573715923","0.232258"
"1593719721","1848243523","0.705671"
"1848243523","1593719721","0.705671"
"1593719721","1996009477","0.99456"
"1996009477","1593719721","0.99456"
"1593719721","2042301701","1.06956"
"2042301701","1593719721","1.06956"
"1593719721","2076282258","0.909639"
"2076282258","1593719721","0.909639"
"1593719721","2109453700","0.143369"
"2109453700","1593719721","0.143369"
"1593719721","2123735079","0.143369"
"2123735079","1593719721","0.143369"
"1593719721","2138719936","0.198925"
"2138719936","1593719721","0.198925"
"1593719721","2179712430","0.198925"
"2179712430","1593719721","0.198925"
"1593719721","2181708856","0.0322581"
"2181708856","1593719721","0.0322581"
"1593719721","2744727227","0.123925"
"2744727227","1593719721","0.123925"
"1604432502","1848243523","0.674801"
"1848243523","1604432502","0.674801"
"1604432502","1996009477","2.40521"
"1996009477","1604432502","2.40521"
"1604432502","2042301701","2.23021"
"2042301701","1604432502","2.23021"
"1604432502","2076282258","0.123925"
"2076282258","1604432502","0.123925"
"1604432502","2109453700","0.172781"
"2109453700","1604432502","0.172781"
"1604432502","2123735079","0.225413"
"2123735079","1604432502","0.225413"
"1604432502","2138719936","0.371877"
"2138719936","1604432502","0.371877"
"1604432502","2164414844","1.04812"
"2164414844","1604432502","1.04812"
"1604432502","2179712430","0.280968"
"2179712430","1604432502","0.280968"
"1604432502","2181708856","0.114301"
"2181708856","1604432502","0.114301"
"1604432502","2744727227","0.123925"
"2744727227","1604432502","0.123925"
"1655958391","1848243523","0.758134"
"1848243523","1655958391","0.758134"
"1655958391","1996009477","0.410766"
"1996009477","1655958391","0.410766"
"1655958391","2076282258","0.365591"
"2076282258","1655958391","0.365591"
"1655958391","2109453700","0.20526"
"2109453700","1655958391","0.20526"
"1655958391","2123735079","0.457891"
"2123735079","1655958391","0.457891"
"1655958391","2138719936","0.937689"
"2138719936","1655958391","0.937689"
"1655958391","2179712430","0.313447"
"2179712430","1655958391","0.313447"
"1655958391","2181708856","0.114301"
"2181708856","1655958391","0.114301"
"1655958391","2744727227","0.532258"
"2744727227","1655958391","0.532258"
"180993580","1848243523","0.544246"
"1848243523","180993580","0.544246"
"180993580","1996009477","0.396877"
"1996009477","180993580","0.396877"
"180993580","2042301701","0.346877"
"2042301701","180993580","0.346877"
"180993580","2076282258","0.240591"
"2076282258","180993580","0.240591"
"180993580","2109453700","0.0616698"
"2109453700","180993580","0.0616698"
"180993580","2123735079","0.114301"
"2123735079","180993580","0.114301"
"180993580","2138719936","0.20521"
"2138719936","180993580","0.20521"
"180993580","2164414844","0.23026"
"2164414844","180993580","0.23026"
"180993580","2179712430","0.114301"
"2179712430","180993580","0.114301"
"180993580","2181708856","0.114301"
"2181708856","180993580","0.114301"
"180993580","2744727227","0.0739247"
"2744727227","180993580","0.0739247"
"1841583684","1848243523","0.657258"
"1848243523","1841583684","0.657258"
"1841583684","1996009477","0.243223"
"1996009477","1841583684","0.243223"
"1841583684","2042301701","0.368223"
"2042301701","1841583684","0.368223"
"1841583684","2076282258","0.457258"
"2076282258","1841583684","0.457258"
"1841583684","2109453700","0.0322581"
"2109453700","1841583684","0.0322581"
"1841583684","2123735079","0.0848896"
"2123735079","1841583684","0.0848896"
"1841583684","2138719936","0.0848896"
"2138719936","1841583684","0.0848896"
"1841583684","2179712430","0.0848896"
"2179712430","1841583684","0.0848896"
"1841583684","2181708856","0.0848896"
"2181708856","1841583684","0.0848896"
"1841583684","2744727227","0.123925"
"2744727227","1841583684","0.123925"
"1848243523","1996009477","1.8748"
"1996009477","1848243523","1.8748"
"1848243523","2006289240","0.870436"
"2006289240","1848243523","0.870436"
"1848243523","2042301701","1.1998"
"2042301701","1848243523","1.1998"
"1848243523","2076282258","0.433449"
"2076282258","1848243523","0.433449"
"1848243523","2109453700","0.0616698"
"2109453700","1848243523","0.0616698"
"1848243523","2109579436","0.237814"
"2109579436","1848243523","0.237814"
"1848243523","2112178441","0.608892"
"2112178441","1848243523","0.608892"
"1848243523","2120564054","0.646147"
"2120564054","1848243523","0.646147"
"1848243523","2123735079","0.0616698"
"2123735079","1848243523","0.0616698"
"1848243523","2138719936","0.208134"
"2138719936","1848243523","0.208134"
"1848243523","2164414844","1.37675"
"2164414844","1848243523","1.37675"
"1848243523","2179712430","0.117225"
"2179712430","1848243523","0.117225"
"1848243523","2181708856","0.0616698"
"2181708856","1848243523","0.0616698"
"1848243523","2181796330","2.98432"
"2181796330","1848243523","2.98432"
"1848243523","2371186109","0.558134"
"2371186109","1848243523","0.558134"
"1848243523","2417084584","0.650115"
"2417084584","1848243523","0.650115"
"1848243523","2744727227","0.123925"
"2744727227","1848243523","0.123925"
"1996009477","2006289240","1.07307"
"2006289240","1996009477","1.07307"
"1996009477","2042301701","10.5508"
"2042301701","1996009477","10.5508"
"1996009477","2076282258","0.266782"
"2076282258","1996009477","0.266782"
"1996009477","2109453700","0.172781"
"2109453700","1996009477","0.172781"
"1996009477","2109579436","0.937814"
"2109579436","1996009477","0.937814"
"1996009477","2112178441","0.475559"
"2112178441","1996009477","0.475559"
"1996009477","2120564054","0.332112"
"2120564054","1996009477","0.332112"
"1996009477","2123735079","0.225413"
"2123735079","1996009477","0.225413"
"1996009477","2138719936","0.371877"
"2138719936","1996009477","0.371877"
"1996009477","2164414844","1.47119"
"2164414844","1996009477","1.47119"
"1996009477","2179712430","0.280968"
"2179712430","1996009477","0.280968"
"1996009477","2181708856","0.114301"
"2181708856","1996009477","0.114301"
"1996009477","2181796330","4.77585"
"2181796330","1996009477","4.77585"
"1996009477","2371186109","0.410766"
"2371186109","1996009477","0.410766"
"1996009477","2417084584","0.827893"
"2417084584","1996009477","0.827893"
"1996009477","2744727227","0.123925"
"2744727227","1996009477","0.123925"
"2006289240","2042301701","4.3564"
"2042301701","2006289240","4.3564"
"2006289240","2076282258","0.701306"
"2076282258","2006289240","0.701306"
"2006289240","2109453700","0.128336"
"2109453700","2006289240","0.128336"
"2006289240","2123735079","0.380968"
"2123735079","2006289240","0.380968"
"2006289240","2138719936","0.396877"
"2138719936","2006289240","0.396877"
"2006289240","2179712430","0.305968"
"2179712430","2006289240","0.305968"
"2006289240","2181708856","0.114301"
"2181708856","2006289240","0.114301"
"2006289240","2744727227","0.323925"
"2744727227","2006289240","0.323925"
"2042301701","2076282258","0.266782"
"2076282258","2042301701","0.266782"
"2042301701","2109453700","0.172781"
"2109453700","2042301701","0.172781"
"2042301701","2109579436","0.387814"
"2109579436","2042301701","0.387814"
"2042301701","2112178441","0.425559"
"2112178441","2042301701","0.425559"
"2042301701","2120564054","0.332112"
"2120564054","2042301701","0.332112"
"2042301701","2123735079","0.225413"
"2123735079","2042301701","0.225413"
"2042301701","2138719936","0.371877"
"2138719936","2042301701","0.371877"
"2042301701","2164414844","1.92119"
"2164414844","2042301701","1.92119"
"2042301701","2179712430","0.280968"
"2179712430","2042301701","0.280968"
"2042301701","2181708856","0.114301"
"2181708856","2042301701","0.114301"
"2042301701","2417084584","0.902893"
"2417084584","2042301701","0.902893"
"2042301701","2744727227","0.123925"
"2744727227","2042301701","0.123925"
"2076282258","2109453700","0.0322581"
"2109453700","2076282258","0.0322581"
"2076282258","2109579436","0.0322581"
"2109579436","2076282258","0.0322581"
"2076282258","2112178441","0.407258"
"2112178441","2076282258","0.407258"
"2076282258","2120564054","0.290591"
"2120564054","2076282258","0.290591"
"2076282258","2123735079","0.0322581"
"2123735079","2076282258","0.0322581"
"2076282258","2138719936","0.0322581"
"2138719936","2076282258","0.0322581"
"2076282258","2164414844","0.701306"
"2164414844","2076282258","0.701306"
"2076282258","2179712430","0.0322581"
"2179712430","2076282258","0.0322581"
"2076282258","2181708856","0.0322581"
"2181708856","2076282258","0.0322581"
