"1456955346","1573794435","0.0909091"
"1573794435","1456955346","0.0909091"
"1456955346","2044652885","0.0909091"
"2044652885","1456955346","0.0909091"
"1456955346","2077237766","0.0909091"
"2077237766","1456955346","0.0909091"
"1456955346","2095336670","0.0909091"
"2095336670","1456955346","0.0909091"
"1456955346","2098530349","0.0909091"
"2098530349","1456955346","0.0909091"
"1456955346","2161160863","0.0909091"
"2161160863","1456955346","0.0909091"
"1456955346","2293998199","0.0909091"
"2293998199","1456955346","0.0909091"
"1456955346","2294330423","0.0909091"
"2294330423","1456955346","0.0909091"
"1456955346","2397421135","0.0909091"
"2397421135","1456955346","0.0909091"
"1456955346","2587203410","0.0909091"
"2587203410","1456955346","0.0909091"
"1456955346","2594762439","0.0909091"
"2594762439","1456955346","0.0909091"
"1573794435","2044652885","0.0909091"
"2044652885","1573794435","0.0909091"
"1573794435","2077237766","2.15043"
"2077237766","1573794435","2.15043"
"1573794435","2095336670","0.20202"
"2095336670","1573794435","0.20202"
"1573794435","2098530349","1.04488"
"2098530349","1573794435","1.04488"
"1573794435","2161160863","0.233766"
"2161160863","1573794435","0.233766"
"1573794435","2293998199","0.20202"
"2293998199","1573794435","0.20202"
"1573794435","2294330423","0.233766"
"2294330423","1573794435","0.233766"
"1573794435","2397421135","0.0909091"
"2397421135","1573794435","0.0909091"
"1573794435","2587203410","0.0909091"
"2587203410","1573794435","0.0909091"
"1573794435","2594762439","0.233766"
"2594762439","1573794435","0.233766"
"2044652885","2077237766","0.340909"
"2077237766","2044652885","0.340909"
"2044652885","2095336670","0.340909"
"2095336670","2044652885","0.340909"
"2044652885","2098530349","0.0909091"
"2098530349","2044652885","0.0909091"
"2044652885","2161160863","0.0909091"
"2161160863","2044652885","0.0909091"
"2044652885","2293998199","0.0909091"
"2293998199","2044652885","0.0909091"
"2044652885","2294330423","1.09091"
"2294330423","2044652885","1.09091"
"2044652885","2397421135","0.583766"
"2397421135","2044652885","0.583766"
"2044652885","2587203410","0.507576"
"2587203410","2044652885","0.507576"
"2044652885","2594762439","1.09091"
"2594762439","2044652885","1.09091"
"2077237766","2095336670","1.59091"
"2095336670","2077237766","1.59091"
"2077237766","2098530349","2.48377"
"2098530349","2077237766","2.48377"
"2077237766","2161160863","0.483766"
"2161160863","2077237766","0.483766"
"2077237766","2293998199","0.340909"
"2293998199","2077237766","0.340909"
"2077237766","2294330423","0.483766"
"2294330423","2077237766","0.483766"
"2077237766","2397421135","0.0909091"
"2397421135","2077237766","0.0909091"
"2077237766","2587203410","0.0909091"
"2587203410","2077237766","0.0909091"
"2077237766","2594762439","1.48377"
"2594762439","2077237766","1.48377"
"2095336670","2098530349","0.45202"
"2098530349","2095336670","0.45202"
"2095336670","2161160863","0.340909"
"2161160863","2095336670","0.340909"
"2095336670","2293998199","2.28535"
"2293998199","2095336670","2.28535"
"2095336670","2294330423","0.340909"
"2294330423","2095336670","0.340909"
"2095336670","2397421135","0.0909091"
"2397421135","2095336670","0.0909091"
"2095336670","2587203410","0.0909091"
"2587203410","2095336670","0.0909091"
"2095336670","2594762439","0.674242"
"2594762439","2095336670","0.674242"
"2098530349","2161160863","0.733766"
"2161160863","2098530349","0.733766"
"2098530349","2293998199","0.70202"
"2293998199","2098530349","0.70202"
"2098530349","2294330423","0.233766"
"2294330423","2098530349","0.233766"
"2098530349","2397421135","0.0909091"
"2397421135","2098530349","0.0909091"
"2098530349","2587203410","0.0909091"
"2587203410","2098530349","0.0909091"
"2098530349","2594762439","0.233766"
"2594762439","2098530349","0.233766"
"2161160863","2293998199","0.340909"
"2293998199","2161160863","0.340909"
"2161160863","2294330423","0.233766"
"2294330423","2161160863","0.233766"
"2161160863","2397421135","0.0909091"
"2397421135","2161160863","0.0909091"
"2161160863","2587203410","0.0909091"
"2587203410","2161160863","0.0909091"
"2161160863","2594762439","0.233766"
"2594762439","2161160863","0.233766"
"2293998199","2294330423","0.0909091"
"2294330423","2293998199","0.0909091"
"2293998199","2397421135","0.0909091"
"2397421135","2293998199","0.0909091"
"2293998199","2587203410","0.0909091"
"2587203410","2293998199","0.0909091"
"2293998199","2594762439","0.424242"
"2594762439","2293998199","0.424242"
"2294330423","2397421135","0.590909"
"2397421135","2294330423","0.590909"
"2294330423","2587203410","1.67424"
"2587203410","2294330423","1.67424"
"2294330423","2594762439","4.0671"
"2594762439","2294330423","4.0671"
"2397421135","2587203410","0.590909"
"2587203410","2397421135","0.590909"
"2397421135","2594762439","0.590909"
"2594762439","2397421135","0.590909"
"2587203410","2594762439","2.17424"
"2594762439","2587203410","2.17424"
"1495304983","1510820885","0.5"
"1510820885","1495304983","0.5"
"1495304983","1511700591","0.5"
"1511700591","1495304983","0.5"
"1510820885","1511700591","0.833333"
"1511700591","1510820885","0.833333"
"1495304983","1563480451","0.5"
"1563480451","1495304983","0.5"
"1495304983","2138281415","0.5"
"2138281415","1495304983","0.5"
"1563480451","2138281415","1.16667"
"2138281415","1563480451","1.16667"
"1501782359","1506289739","1.2"
"1506289739","1501782359","1.2"
"1501782359","1511700591","2.03333"
"1511700591","1501782359","2.03333"
"1501782359","1859718522","0.2"
"1859718522","1501782359","0.2"
"1501782359","1994212840","1.7"
"1994212840","1501782359","1.7"
"1501782359","2077028504","0.2"
"2077028504","1501782359","0.2"
"1506289739","1511700591","0.533333"
"1511700591","1506289739","0.533333"
"1506289739","1859718522","1.7"
"1859718522","1506289739","1.7"
"1506289739","1994212840","1.53333"
"1994212840","1506289739","1.53333"
"1506289739","2077028504","1.775"
"2077028504","1506289739","1.775"
"1511700591","1859718522","0.2"
"1859718522","1511700591","0.2"
"1511700591","1994212840","28.3667"
"1994212840","1511700591","28.3667"
"1511700591","2077028504","0.2"
"2077028504","1511700591","0.2"
"1859718522","1994212840","0.533333"
"1994212840","1859718522","0.533333"
"1859718522","2077028504","2.7"
"2077028504","1859718522","2.7"
"1994212840","2077028504","0.2"
"2077028504","1994212840","0.2"
"1501782359","1581700637","0.333333"
"1581700637","1501782359","0.333333"
"1501782359","2143776233","0.333333"
"2143776233","1501782359","0.333333"
"1511700591","1581700637","0.666667"
"1581700637","1511700591","0.666667"
"1511700591","2143776233","1.66667"
"2143776233","1511700591","1.66667"
"1581700637","2143776233","8.5"
"2143776233","1581700637","8.5"
"1506289739","1595855242","0.166667"
"1595855242","1506289739","0.166667"
"1506289739","1805317560","2.36667"
"1805317560","1506289739","2.36667"
"1506289739","1996482171","2"
"1996482171","1506289739","2"
"1506289739","2036512235","4.825"
"2036512235","1506289739","4.825"
"1506289739","2117624020","0.291667"
"2117624020","1506289739","0.291667"
"1595855242","1805317560","0.333333"
"1805317560","1595855242","0.333333"
"1595855242","1996482171","0.333333"
"1996482171","1595855242","0.333333"
"1595855242","2036512235","0.166667"
"2036512235","1595855242","0.166667"
"1595855242","2077028504","0.333333"
"2077028504","1595855242","0.333333"
"1595855242","2117624020","0.166667"
"2117624020","1595855242","0.166667"
"1805317560","1996482171","3.58333"
"1996482171","1805317560","3.58333"
"1805317560","2036512235","2.36667"
"2036512235","1805317560","2.36667"
"1805317560","2077028504","1.53333"
"2077028504","1805317560","1.53333"
"1805317560","2117624020","0.416667"
"2117624020","1805317560","0.416667"
"1996482171","2036512235","2"
"2036512235","1996482171","2"
"1996482171","2077028504","3.16667"
"2077028504","1996482171","3.16667"
"1996482171","2117624020","0.416667"
"2117624020","1996482171","0.416667"
"2036512235","2077028504","1.075"
"2077028504","2036512235","1.075"
"2036512235","2117624020","0.291667"
"2117624020","2036512235","0.291667"
"2077028504","2117624020","0.541667"
"2117624020","2077028504","0.541667"
"1506289739","2138281415","0.575"
"2138281415","1506289739","0.575"
"1805317560","2138281415","0.866667"
"2138281415","1805317560","0.866667"
"1996482171","2138281415","0.916667"
"2138281415","1996482171","0.916667"
"2036512235","2138281415","0.575"
"2138281415","2036512235","0.575"
"1506289739","91465301","0.325"
"91465301","1506289739","0.325"
"1805317560","91465301","0.366667"
"91465301","1805317560","0.366667"
"2036512235","91465301","0.325"
"91465301","2036512235","0.325"
"2077028504","2138281415","2.24167"
"2138281415","2077028504","2.24167"
"2077028504","91465301","1.325"
"91465301","2077028504","1.325"
"2138281415","91465301","1.40833"
"91465301","2138281415","1.40833"
"1506289739","1579339571","0.125"
"1579339571","1506289739","0.125"
"1506289739","2098530349","0.125"
"2098530349","1506289739","0.125"
"1506289739","2565214083","0.125"
"2565214083","1506289739","0.125"
"1579339571","2036512235","0.125"
"2036512235","1579339571","0.125"
"1579339571","2077028504","0.791667"
"2077028504","1579339571","0.791667"
"1579339571","2098530349","11.4361"
"2098530349","1579339571","11.4361"
"1579339571","2117624020","0.125"
"2117624020","1579339571","0.125"
"1579339571","2138281415","0.291667"
"2138281415","1579339571","0.291667"
"1579339571","2565214083","0.125"
"2565214083","1579339571","0.125"
"1579339571","91465301","0.125"
"91465301","1579339571","0.125"
"2036512235","2098530349","0.125"
"2098530349","2036512235","0.125"
"2036512235","2565214083","0.125"
"2565214083","2036512235","0.125"
"2077028504","2098530349","0.791667"
"2098530349","2077028504","0.791667"
"2077028504","2565214083","0.625"
"2565214083","2077028504","0.625"
"2098530349","2117624020","0.125"
"2117624020","2098530349","0.125"
"2098530349","2138281415","1.29167"
"2138281415","2098530349","1.29167"
"2098530349","2565214083","0.291667"
"2565214083","2098530349","0.291667"
"2098530349","91465301","0.291667"
"91465301","2098530349","0.291667"
"2117624020","2138281415","0.375"
"2138281415","2117624020","0.375"
"2117624020","2565214083","0.125"
"2565214083","2117624020","0.125"
"2117624020","91465301","0.125"
"91465301","2117624020","0.125"
"2138281415","2565214083","0.125"
"2565214083","2138281415","0.125"
"2565214083","91465301","2.29167"
"91465301","2565214083","2.29167"
"1506289739","1510820885","1.33333"
"1510820885","1506289739","1.33333"
"1510820885","1994212840","0.333333"
"1994212840","1510820885","0.333333"
"1510820885","1581700637","0.5"
"1581700637","1510820885","0.5"
"1510820885","2143776233","0.5"
"2143776233","1510820885","0.5"
"1511700591","1977434335","0.5"
"1977434335","1511700591","0.5"
"1511700591","2117624020","0.5"
"2117624020","1511700591","0.5"
"1977434335","2117624020","0.5"
"2117624020","1977434335","0.5"
"1581700637","1994212840","0.666667"
"1994212840","1581700637","0.666667"
"1994212840","2143776233","0.666667"
"2143776233","1994212840","0.666667"
"1563480451","1595855242","1.16667"
"1595855242","1563480451","1.16667"
"1563480451","1805317560","0.166667"
"1805317560","1563480451","0.166667"
"1563480451","1996482171","0.166667"
"1996482171","1563480451","0.166667"
"1563480451","2077028504","0.666667"
"2077028504","1563480451","0.666667"
"1563480451","91465301","0.166667"
"91465301","1563480451","0.166667"
"1595855242","2138281415","1.75"
"2138281415","1595855242","1.75"
"1595855242","91465301","0.75"
"91465301","1595855242","0.75"
"1996482171","91465301","0.166667"
"91465301","1996482171","0.166667"
"1570974058","1579339571","0.166667"
"1579339571","1570974058","0.166667"
"1570974058","1684452600","0.166667"
"1684452600","1570974058","0.166667"
"1570974058","2077028504","0.166667"
"2077028504","1570974058","0.166667"
"1570974058","2098530349","0.166667"
"2098530349","1570974058","0.166667"
"1570974058","2138281415","0.166667"
"2138281415","1570974058","0.166667"
"1570974058","2622921428","0.166667"
"2622921428","1570974058","0.166667"
"1579339571","1684452600","0.166667"
"1684452600","1579339571","0.166667"
"1579339571","2622921428","0.166667"
"2622921428","1579339571","0.166667"
"1684452600","2077028504","0.666667"
"2077028504","1684452600","0.666667"
"1684452600","2098530349","0.166667"
"2098530349","1684452600","0.166667"
"1684452600","2138281415","3.5"
"2138281415","1684452600","3.5"
"1684452600","2622921428","0.416667"
"2622921428","1684452600","0.416667"
"2077028504","2622921428","0.5"
"2622921428","2077028504","0.5"
"2098530349","2622921428","0.166667"
"2622921428","2098530349","0.166667"
"2138281415","2622921428","0.75"
"2622921428","2138281415","0.75"
"1573794435","1588632302","7.84444"
"1588632302","1573794435","7.84444"
"1573794435","171112284","2.09444"
"171112284","1573794435","2.09444"
"1573794435","19881422","2.59444"
"19881422","1573794435","2.59444"
"1588632302","171112284","5.87778"
"171112284","1588632302","5.87778"
"1588632302","19881422","3.87778"
"19881422","1588632302","3.87778"
"171112284","19881422","6.37778"
"19881422","171112284","6.37778"
"1573794435","1579339571","0.644444"
"1579339571","1573794435","0.644444"
"1579339571","1588632302","0.311111"
"1588632302","1579339571","0.311111"
"1579339571","171112284","0.311111"
"171112284","1579339571","0.311111"
"1579339571","19881422","0.311111"
"19881422","1579339571","0.311111"
"1588632302","2098530349","0.311111"
"2098530349","1588632302","0.311111"
"171112284","2098530349","0.311111"
"2098530349","171112284","0.311111"
"19881422","2098530349","0.311111"
"2098530349","19881422","0.311111"
"1573794435","2084535663","0.166667"
"2084535663","1573794435","0.166667"
"1573794435","32320118","0.166667"
"32320118","1573794435","0.166667"
"1588632302","2077237766","0.5"
"2077237766","1588632302","0.5"
"1588632302","2084535663","0.166667"
"2084535663","1588632302","0.166667"
"1588632302","32320118","0.166667"
"32320118","1588632302","0.166667"
"171112284","2077237766","0.75"
"2077237766","171112284","0.75"
"171112284","2084535663","0.166667"
"2084535663","171112284","0.166667"
"171112284","32320118","0.666667"
"32320118","171112284","0.666667"
"19881422","2077237766","0.75"
"2077237766","19881422","0.75"
"19881422","2084535663","0.166667"
"2084535663","19881422","0.166667"
"19881422","32320118","0.166667"
"32320118","19881422","0.166667"
"2077237766","2084535663","0.166667"
"2084535663","2077237766","0.166667"
"2077237766","32320118","0.166667"
"32320118","2077237766","0.166667"
"2084535663","32320118","0.659524"
"32320118","2084535663","0.659524"
"1573794435","2005937085","0.253968"
"2005937085","1573794435","0.253968"
"1573794435","2056170570","0.253968"
"2056170570","1573794435","0.253968"
"2005937085","2056170570","4.25397"
"2056170570","2005937085","4.25397"
"2005937085","2077237766","0.642857"
"2077237766","2005937085","0.642857"
"2005937085","2098530349","0.753968"
"2098530349","2005937085","0.753968"
"2005937085","2161160863","0.392857"
"2161160863","2005937085","0.392857"
"2005937085","2294330423","0.142857"
"2294330423","2005937085","0.142857"
"2005937085","2594762439","0.142857"
"2594762439","2005937085","0.142857"
"2056170570","2077237766","0.642857"
"2077237766","2056170570","0.642857"
"2056170570","2098530349","0.753968"
"2098530349","2056170570","0.753968"
"2056170570","2161160863","2.39286"
"2161160863","2056170570","2.39286"
"2056170570","2294330423","0.142857"
"2294330423","2056170570","0.142857"
"2056170570","2594762439","0.142857"
"2594762439","2056170570","0.142857"
"1573794435","2565409640","0.2"
"2565409640","1573794435","0.2"
"1573794435","2622921428","0.2"
"2622921428","1573794435","0.2"
"1588632302","2565409640","0.4"
"2565409640","1588632302","0.4"
"1588632302","2622921428","0.4"
"2622921428","1588632302","0.4"
"171112284","2565409640","0.4"
"2565409640","171112284","0.4"
"171112284","2622921428","0.4"
"2622921428","171112284","0.4"
"19881422","2565409640","0.4"
"2565409640","19881422","0.4"
"19881422","2622921428","1.4"
"2622921428","19881422","1.4"
"2565409640","2622921428","5.93333"
"2622921428","2565409640","5.93333"
"1573794435","963561337","1.41667"
"963561337","1573794435","1.41667"
"171112284","963561337","1.2"
"963561337","171112284","1.2"
"19881422","963561337","1.7"
"963561337","19881422","1.7"
"2077237766","963561337","0.416667"
"963561337","2077237766","0.416667"
"1579339571","2005937085","0.611111"
"2005937085","1579339571","0.611111"
"1579339571","2056170570","0.611111"
"2056170570","1579339571","0.611111"
"1579339571","2095336670","0.111111"
"2095336670","1579339571","0.111111"
"1579339571","2293998199","0.361111"
"2293998199","1579339571","0.361111"
"1588632302","2005937085","0.111111"
"2005937085","1588632302","0.111111"
"1588632302","2056170570","0.111111"
"2056170570","1588632302","0.111111"
"1588632302","2095336670","0.111111"
"2095336670","1588632302","0.111111"
"1588632302","2293998199","0.111111"
"2293998199","1588632302","0.111111"
"171112284","2005937085","0.111111"
"2005937085","171112284","0.111111"
"171112284","2056170570","0.111111"
"2056170570","171112284","0.111111"
"171112284","2095336670","0.111111"
"2095336670","171112284","0.111111"
"171112284","2293998199","0.111111"
"2293998199","171112284","0.111111"
"19881422","2005937085","0.111111"
"2005937085","19881422","0.111111"
"19881422","2056170570","0.111111"
"2056170570","19881422","0.111111"
"19881422","2095336670","0.111111"
"2095336670","19881422","0.111111"
"19881422","2293998199","0.111111"
"2293998199","19881422","0.111111"
"2005937085","2095336670","0.111111"
"2095336670","2005937085","0.111111"
"2005937085","2293998199","0.361111"
"2293998199","2005937085","0.361111"
"2056170570","2095336670","0.111111"
"2095336670","2056170570","0.111111"
"2056170570","2293998199","0.361111"
"2293998199","2056170570","0.361111"
"1573794435","2565214083","0.166667"
"2565214083","1573794435","0.166667"
"1573794435","2737097631","0.166667"
"2737097631","1573794435","0.166667"
"1573794435","91465301","0.166667"
"91465301","1573794435","0.166667"
"2077237766","2565214083","0.166667"
"2565214083","2077237766","0.166667"
"2077237766","2737097631","0.666667"
"2737097631","2077237766","0.666667"
"2077237766","91465301","0.166667"
"91465301","2077237766","0.166667"
"2098530349","2737097631","0.166667"
"2737097631","2098530349","0.166667"
"2098530349","963561337","0.166667"
"963561337","2098530349","0.166667"
"2565214083","2737097631","0.166667"
"2737097631","2565214083","0.166667"
"2565214083","963561337","0.166667"
"963561337","2565214083","0.166667"
"2737097631","91465301","0.166667"
"91465301","2737097631","0.166667"
"2737097631","963561337","0.166667"
"963561337","2737097631","0.166667"
"91465301","963561337","0.416667"
"963561337","91465301","0.416667"
"1579339571","2077237766","0.833333"
"2077237766","1579339571","0.833333"
"1579339571","2161160863","0.25"
"2161160863","1579339571","0.25"
"1581700637","1859718522","0.333333"
"1859718522","1581700637","0.333333"
"1859718522","2143776233","0.333333"
"2143776233","1859718522","0.333333"
"1588632302","963561337","0.7"
"963561337","1588632302","0.7"
"2565409640","963561337","0.3"
"963561337","2565409640","0.3"
"2622921428","963561337","0.2"
"963561337","2622921428","0.2"
"1595855242","1684452600","1.58333"
"1684452600","1595855242","1.58333"
"1684452600","91465301","0.583333"
"91465301","1684452600","0.583333"
"1595855242","2622921428","0.25"
"2622921428","1595855242","0.25"
"2622921428","91465301","0.583333"
"91465301","2622921428","0.583333"
"1624696364","2044652885","1.49286"
"2044652885","1624696364","1.49286"
"1624696364","2084535663","0.492857"
"2084535663","1624696364","0.492857"
"1624696364","2565409640","0.492857"
"2565409640","1624696364","0.492857"
"1624696364","32320118","0.992857"
"32320118","1624696364","0.992857"
"2044652885","2084535663","0.492857"
"2084535663","2044652885","0.492857"
"2044652885","2565409640","0.659524"
"2565409640","2044652885","0.659524"
"2044652885","32320118","2.65952"
"32320118","2044652885","2.65952"
"2084535663","2565409640","1.19286"
"2565409640","2084535663","1.19286"
"2565409640","32320118","0.659524"
"32320118","2565409640","0.659524"
"1624696364","1973369043","0.6"
"1973369043","1624696364","0.6"
"1973369043","2044652885","6.18333"
"2044652885","1973369043","6.18333"
"1624696364","2397421135","0.242857"
"2397421135","1624696364","0.242857"
"1624696364","2465278506","0.1"
"2465278506","1624696364","0.1"
"1624696364","2516917942","0.242857"
"2516917942","1624696364","0.242857"
"1624696364","2744162661","1.24286"
"2744162661","1624696364","1.24286"
"1624696364","963561337","0.1"
"963561337","1624696364","0.1"
"1973369043","2084535663","0.1"
"2084535663","1973369043","0.1"
"1973369043","2397421135","0.35"
"2397421135","1973369043","0.35"
"1973369043","2465278506","0.35"
"2465278506","1973369043","0.35"
"1973369043","2516917942","0.683333"
"2516917942","1973369043","0.683333"
"1973369043","2565409640","0.1"
"2565409640","1973369043","0.1"
"1973369043","2744162661","0.35"
"2744162661","1973369043","0.35"
"1973369043","32320118","0.1"
"32320118","1973369043","0.1"
"1973369043","963561337","0.433333"
"963561337","1973369043","0.433333"
"2044652885","2465278506","0.516667"
"2465278506","2044652885","0.516667"
"2044652885","2516917942","2.15952"
"2516917942","2044652885","2.15952"
"2044652885","2744162661","0.492857"
"2744162661","2044652885","0.492857"
"2044652885","963561337","0.433333"
"963561337","2044652885","0.433333"
"2084535663","2397421135","1.27619"
"2397421135","2084535663","1.27619"
"2084535663","2465278506","0.633333"
"2465278506","2084535663","0.633333"
"2084535663","2516917942","1.77619"
"2516917942","2084535663","1.77619"
"2084535663","2744162661","0.242857"
"2744162661","2084535663","0.242857"
"2084535663","963561337","0.1"
"963561337","2084535663","0.1"
"2397421135","2465278506","2.13333"
"2465278506","2397421135","2.13333"
"2397421135","2516917942","2.02619"
"2516917942","2397421135","2.02619"
"2397421135","2565409640","0.942857"
"2565409640","2397421135","0.942857"
"2397421135","2744162661","0.492857"
"2744162661","2397421135","0.492857"
"2397421135","32320118","0.242857"
"32320118","2397421135","0.242857"
"2397421135","963561337","0.1"
"963561337","2397421135","0.1"
"2465278506","2516917942","1.88333"
"2516917942","2465278506","1.88333"
"2465278506","2565409640","0.466667"
"2565409640","2465278506","0.466667"
"2465278506","2744162661","0.35"
"2744162661","2465278506","0.35"
"2465278506","32320118","0.266667"
"32320118","2465278506","0.266667"
"2465278506","963561337","0.1"
"963561337","2465278506","0.1"
"2516917942","2565409640","0.442857"
"2565409640","2516917942","0.442857"
"2516917942","2744162661","0.492857"
"2744162661","2516917942","0.492857"
"2516917942","32320118","0.242857"
"32320118","2516917942","0.242857"
"2516917942","963561337","0.433333"
"963561337","2516917942","0.433333"
"2565409640","2744162661","0.992857"
"2744162661","2565409640","0.992857"
"2744162661","32320118","0.242857"
"32320118","2744162661","0.242857"
"2744162661","963561337","0.1"
"963561337","2744162661","0.1"
"32320118","963561337","0.1"
"963561337","32320118","0.1"
"1644856702","2156569770","7"
"2156569770","1644856702","7"
"1684452600","171112284","0.25"
"171112284","1684452600","0.25"
"1684452600","1859718522","0.25"
"1859718522","1684452600","0.25"
"1684452600","1996482171","0.25"
"1996482171","1684452600","0.25"
"171112284","1859718522","0.25"
"1859718522","171112284","0.25"
"171112284","1996482171","0.25"
"1996482171","171112284","0.25"
"171112284","2138281415","0.25"
"2138281415","171112284","0.25"
"1859718522","1996482171","0.25"
"1996482171","1859718522","0.25"
"1859718522","2138281415","0.25"
"2138281415","1859718522","0.25"
"171112284","2044652885","0.5"
"2044652885","171112284","0.5"
"171112284","1761130198","0.25"
"1761130198","171112284","0.25"
"171112284","91465301","0.25"
"91465301","171112284","0.25"
"1761130198","19881422","0.25"
"19881422","1761130198","0.25"
"1761130198","91465301","1.25"
"91465301","1761130198","1.25"
"1761130198","963561337","0.25"
"963561337","1761130198","0.25"
"19881422","91465301","0.25"
"91465301","19881422","0.25"
"1761130198","1892547895","3"
"1892547895","1761130198","3"
"1892547895","2102361025","8"
"2102361025","1892547895","8"
"1892547895","1996482171","0.5"
"1996482171","1892547895","0.5"
"1892547895","2077028504","0.5"
"2077028504","1892547895","0.5"
"1935124154","2293998199","1.83333"
"2293998199","1935124154","1.83333"
"1935124154","2095336670","2.83333"
"2095336670","1935124154","2.83333"
"1935124154","2594762439","0.333333"
"2594762439","1935124154","0.333333"
"1973369043","2294330423","0.25"
"2294330423","1973369043","0.25"
"1973369043","2587203410","0.25"
"2587203410","1973369043","0.25"
"1973369043","2594762439","0.25"
"2594762439","1973369043","0.25"
"2294330423","2465278506","0.666667"
"2465278506","2294330423","0.666667"
"2294330423","2516917942","0.583333"
"2516917942","2294330423","0.583333"
"2294330423","2744162661","0.833333"
"2744162661","2294330423","0.833333"
"2465278506","2587203410","0.666667"
"2587203410","2465278506","0.666667"
"2465278506","2594762439","0.666667"
"2594762439","2465278506","0.666667"
"2516917942","2587203410","0.25"
"2587203410","2516917942","0.25"
"2516917942","2594762439","0.583333"
"2594762439","2516917942","0.583333"
"2587203410","2744162661","1.33333"
"2744162661","2587203410","1.33333"
"2594762439","2744162661","1"
"2744162661","2594762439","1"
"19881422","2464961315","1"
"2464961315","19881422","1"
"19881422","2156844326","1"
"2156844326","19881422","1"
"2005937085","2161574681","1"
"2161574681","2005937085","1"
"2029826771","2737097631","9"
"2737097631","2029826771","9"
"2029826771","963561337","1"
"963561337","2029826771","1"
"2030505836","2324414032","1"
"2324414032","2030505836","1"
"2036512235","2407702208","1"
"2407702208","2036512235","1"
"2294330423","2565409640","0.75"
"2565409640","2294330423","0.75"
"2294330423","32320118","0.166667"
"32320118","2294330423","0.166667"
"2565409640","2587203410","1.08333"
"2587203410","2565409640","1.08333"
"2565409640","2594762439","1.08333"
"2594762439","2565409640","1.08333"
"2587203410","32320118","0.166667"
"32320118","2587203410","0.166667"
"2594762439","32320118","0.166667"
"32320118","2594762439","0.166667"
"2046015955","2324414032","1"
"2324414032","2046015955","1"
"2056170570","2161574681","3"
"2161574681","2056170570","3"
"2161160863","2161574681","2"
"2161574681","2161160863","2"
"2077237766","2145885922","1.5"
"2145885922","2077237766","1.5"
"2077237766","2138281415","0.5"
"2138281415","2077237766","0.5"
"2138281415","2145885922","0.5"
"2145885922","2138281415","0.5"
"2077237766","2091852268","0.5"
"2091852268","2077237766","0.5"
"2091852268","2737097631","0.5"
"2737097631","2091852268","0.5"
"2084535663","2622921428","0.2"
"2622921428","2084535663","0.2"
"2397421135","2622921428","0.2"
"2622921428","2397421135","0.2"
"2465278506","2622921428","0.2"
"2622921428","2465278506","0.2"
"2516917942","2622921428","0.2"
"2622921428","2516917942","0.2"
"2096035397","2146034932","4"
"2146034932","2096035397","4"
"2145885922","2565214083","0.5"
"2565214083","2145885922","0.5"
"2145885922","91465301","0.5"
"91465301","2145885922","0.5"
"2145885922","963561337","1"
"963561337","2145885922","1"
"2294330423","2622921428","0.333333"
"2622921428","2294330423","0.333333"
"2587203410","2622921428","0.666667"
"2622921428","2587203410","0.666667"
"2622921428","2744162661","1.83333"
"2744162661","2622921428","1.83333"
"2294330423","2464961315","1"
"2464961315","2294330423","1"
"2394720329","963561337","1"
"963561337","2394720329","1"
"2464961315","2622921428","2.5"
"2622921428","2464961315","2.5"
"2464961315","2565409640","1.5"
"2565409640","2464961315","1.5"
"2594762439","2622921428","0.333333"
"2622921428","2594762439","0.333333"
