"1484534956","2095953397","0.380952"
"2095953397","1484534956","0.380952"
"1484534956","2108656371","0.630952"
"2108656371","1484534956","0.630952"
"1484534956","2152952533","0.380952"
"2152952533","1484534956","0.380952"
"2095953397","2108656371","1.63095"
"2108656371","2095953397","1.63095"
"2095953397","2152952533","0.630952"
"2152952533","2095953397","0.630952"
"2108656371","2152952533","2.83095"
"2152952533","2108656371","2.83095"
"1484534956","2001592337","0.297619"
"2001592337","1484534956","0.297619"
"1484534956","2058657076","0.25"
"2058657076","1484534956","0.25"
"1484534956","2914724936","0.25"
"2914724936","1484534956","0.25"
"2001592337","2058657076","0.361111"
"2058657076","2001592337","0.361111"
"2001592337","2108656371","0.497619"
"2108656371","2001592337","0.497619"
"2001592337","2914724936","0.894444"
"2914724936","2001592337","0.894444"
"2058657076","2108656371","0.25"
"2108656371","2058657076","0.25"
"2058657076","2914724936","0.361111"
"2914724936","2058657076","0.361111"
"2108656371","2914724936","0.75"
"2914724936","2108656371","0.75"
"1484534956","1605430995","0.047619"
"1605430995","1484534956","0.047619"
"1484534956","1846952083","0.047619"
"1846952083","1484534956","0.047619"
"1484534956","1973669149","0.047619"
"1973669149","1484534956","0.047619"
"1484534956","1984481842","0.047619"
"1984481842","1484534956","0.047619"
"1484534956","2013588764","0.047619"
"2013588764","1484534956","0.047619"
"1484534956","2076862938","0.047619"
"2076862938","1484534956","0.047619"
"1484534956","2107151139","0.047619"
"2107151139","1484534956","0.047619"
"1484534956","2111843608","0.047619"
"2111843608","1484534956","0.047619"
"1484534956","2113271031","0.047619"
"2113271031","1484534956","0.047619"
"1484534956","2128888130","0.047619"
"2128888130","1484534956","0.047619"
"1484534956","2139418087","0.047619"
"2139418087","1484534956","0.047619"
"1484534956","2143394225","0.047619"
"2143394225","1484534956","0.047619"
"1484534956","2151468061","0.047619"
"2151468061","1484534956","0.047619"
"1484534956","2153299291","0.047619"
"2153299291","1484534956","0.047619"
"1484534956","2159511581","0.047619"
"2159511581","1484534956","0.047619"
"1484534956","2183053729","0.047619"
"2183053729","1484534956","0.047619"
"1484534956","2295424546","0.047619"
"2295424546","1484534956","0.047619"
"1605430995","1846952083","0.047619"
"1846952083","1605430995","0.047619"
"1605430995","1973669149","0.047619"
"1973669149","1605430995","0.047619"
"1605430995","1984481842","0.047619"
"1984481842","1605430995","0.047619"
"1605430995","2001592337","0.247619"
"2001592337","1605430995","0.247619"
"1605430995","2013588764","0.247619"
"2013588764","1605430995","0.247619"
"1605430995","2076862938","1.58095"
"2076862938","1605430995","1.58095"
"1605430995","2095953397","0.047619"
"2095953397","1605430995","0.047619"
"1605430995","2107151139","0.247619"
"2107151139","1605430995","0.247619"
"1605430995","2108656371","1.41429"
"2108656371","1605430995","1.41429"
"1605430995","2111843608","0.047619"
"2111843608","1605430995","0.047619"
"1605430995","2113271031","0.047619"
"2113271031","1605430995","0.047619"
"1605430995","2128888130","0.880952"
"2128888130","1605430995","0.880952"
"1605430995","2139418087","0.380952"
"2139418087","1605430995","0.380952"
"1605430995","2143394225","0.047619"
"2143394225","1605430995","0.047619"
"1605430995","2151468061","0.547619"
"2151468061","1605430995","0.547619"
"1605430995","2152952533","0.747619"
"2152952533","1605430995","0.747619"
"1605430995","2153299291","0.047619"
"2153299291","1605430995","0.047619"
"1605430995","2159511581","6.08095"
"2159511581","1605430995","6.08095"
"1605430995","2183053729","0.047619"
"2183053729","1605430995","0.047619"
"1605430995","2295424546","2.91429"
"2295424546","1605430995","2.91429"
"1846952083","1973669149","0.047619"
"1973669149","1846952083","0.047619"
"1846952083","1984481842","0.047619"
"1984481842","1846952083","0.047619"
"1846952083","2001592337","0.047619"
"2001592337","1846952083","0.047619"
"1846952083","2013588764","0.047619"
"2013588764","1846952083","0.047619"
"1846952083","2076862938","0.047619"
"2076862938","1846952083","0.047619"
"1846952083","2095953397","0.047619"
"2095953397","1846952083","0.047619"
"1846952083","2107151139","0.047619"
"2107151139","1846952083","0.047619"
"1846952083","2108656371","0.047619"
"2108656371","1846952083","0.047619"
"1846952083","2111843608","0.047619"
"2111843608","1846952083","0.047619"
"1846952083","2113271031","0.047619"
"2113271031","1846952083","0.047619"
"1846952083","2128888130","0.547619"
"2128888130","1846952083","0.547619"
"1846952083","2139418087","0.047619"
"2139418087","1846952083","0.047619"
"1846952083","2143394225","0.047619"
"2143394225","1846952083","0.047619"
"1846952083","2151468061","2.54762"
"2151468061","1846952083","2.54762"
"1846952083","2152952533","0.380952"
"2152952533","1846952083","0.380952"
"1846952083","2153299291","0.047619"
"2153299291","1846952083","0.047619"
"1846952083","2159511581","0.047619"
"2159511581","1846952083","0.047619"
"1846952083","2183053729","1.58095"
"2183053729","1846952083","1.58095"
"1846952083","2295424546","0.247619"
"2295424546","1846952083","0.247619"
"1973669149","1984481842","0.15873"
"1984481842","1973669149","0.15873"
"1973669149","2001592337","0.15873"
"2001592337","1973669149","0.15873"
"1973669149","2013588764","0.15873"
"2013588764","1973669149","0.15873"
"1973669149","2076862938","0.047619"
"2076862938","1973669149","0.047619"
"1973669149","2095953397","0.047619"
"2095953397","1973669149","0.047619"
"1973669149","2107151139","0.047619"
"2107151139","1973669149","0.047619"
"1973669149","2108656371","0.047619"
"2108656371","1973669149","0.047619"
"1973669149","2111843608","0.047619"
"2111843608","1973669149","0.047619"
"1973669149","2113271031","1.54762"
"2113271031","1973669149","1.54762"
"1973669149","2128888130","0.047619"
"2128888130","1973669149","0.047619"
"1973669149","2139418087","0.047619"
"2139418087","1973669149","0.047619"
"1973669149","2143394225","0.15873"
"2143394225","1973669149","0.15873"
"1973669149","2151468061","0.047619"
"2151468061","1973669149","0.047619"
"1973669149","2152952533","0.15873"
"2152952533","1973669149","0.15873"
"1973669149","2153299291","0.15873"
"2153299291","1973669149","0.15873"
"1973669149","2159511581","0.047619"
"2159511581","1973669149","0.047619"
"1973669149","2183053729","0.047619"
"2183053729","1973669149","0.047619"
"1973669149","2295424546","0.047619"
"2295424546","1973669149","0.047619"
"1984481842","2001592337","0.15873"
"2001592337","1984481842","0.15873"
"1984481842","2013588764","0.15873"
"2013588764","1984481842","0.15873"
"1984481842","2076862938","0.047619"
"2076862938","1984481842","0.047619"
"1984481842","2095953397","0.047619"
"2095953397","1984481842","0.047619"
"1984481842","2107151139","0.047619"
"2107151139","1984481842","0.047619"
"1984481842","2108656371","0.047619"
"2108656371","1984481842","0.047619"
"1984481842","2111843608","0.047619"
"2111843608","1984481842","0.047619"
"1984481842","2113271031","1.04762"
"2113271031","1984481842","1.04762"
"1984481842","2128888130","0.047619"
"2128888130","1984481842","0.047619"
"1984481842","2139418087","0.047619"
"2139418087","1984481842","0.047619"
"1984481842","2143394225","0.15873"
"2143394225","1984481842","0.15873"
"1984481842","2151468061","0.047619"
"2151468061","1984481842","0.047619"
"1984481842","2152952533","0.15873"
"2152952533","1984481842","0.15873"
"1984481842","2153299291","0.15873"
"2153299291","1984481842","0.15873"
"1984481842","2159511581","0.047619"
"2159511581","1984481842","0.047619"
"1984481842","2183053729","0.047619"
"2183053729","1984481842","0.047619"
"1984481842","2295424546","0.047619"
"2295424546","1984481842","0.047619"
"2001592337","2013588764","0.692064"
"2013588764","2001592337","0.692064"
"2001592337","2076862938","0.047619"
"2076862938","2001592337","0.047619"
"2001592337","2095953397","2.71429"
"2095953397","2001592337","2.71429"
"2001592337","2107151139","1.24762"
"2107151139","2001592337","1.24762"
"2001592337","2111843608","0.047619"
"2111843608","2001592337","0.047619"
"2001592337","2113271031","4.88095"
"2113271031","2001592337","4.88095"
"2001592337","2128888130","0.047619"
"2128888130","2001592337","0.047619"
"2001592337","2139418087","0.047619"
"2139418087","2001592337","0.047619"
"2001592337","2143394225","0.15873"
"2143394225","2001592337","0.15873"
"2001592337","2151468061","0.047619"
"2151468061","2001592337","0.047619"
"2001592337","2152952533","3.55873"
"2152952533","2001592337","3.55873"
"2001592337","2153299291","0.15873"
"2153299291","2001592337","0.15873"
"2001592337","2159511581","0.047619"
"2159511581","2001592337","0.047619"
"2001592337","2183053729","0.047619"
"2183053729","2001592337","0.047619"
"2001592337","2295424546","0.447619"
"2295424546","2001592337","0.447619"
"2013588764","2076862938","0.047619"
"2076862938","2013588764","0.047619"
"2013588764","2095953397","0.630952"
"2095953397","2013588764","0.630952"
"2013588764","2107151139","0.547619"
"2107151139","2013588764","0.547619"
"2013588764","2108656371","0.797619"
"2108656371","2013588764","0.797619"
"2013588764","2111843608","0.047619"
"2111843608","2013588764","0.047619"
"2013588764","2113271031","0.047619"
"2113271031","2013588764","0.047619"
"2013588764","2128888130","0.047619"
"2128888130","2013588764","0.047619"
"2013588764","2139418087","0.047619"
"2139418087","2013588764","0.047619"
"2013588764","2143394225","0.40873"
"2143394225","2013588764","0.40873"
"2013588764","2151468061","0.047619"
"2151468061","2013588764","0.047619"
"2013588764","2152952533","0.60873"
"2152952533","2013588764","0.60873"
"2013588764","2153299291","0.15873"
"2153299291","2013588764","0.15873"
"2013588764","2159511581","0.047619"
"2159511581","2013588764","0.047619"
"2013588764","2183053729","0.047619"
"2183053729","2013588764","0.047619"
"2013588764","2295424546","0.247619"
"2295424546","2013588764","0.247619"
"2076862938","2095953397","0.047619"
"2095953397","2076862938","0.047619"
"2076862938","2107151139","0.414286"
"2107151139","2076862938","0.414286"
"2076862938","2108656371","0.414286"
"2108656371","2076862938","0.414286"
"2076862938","2111843608","0.047619"
"2111843608","2076862938","0.047619"
"2076862938","2113271031","0.547619"
"2113271031","2076862938","0.547619"
"2076862938","2128888130","0.214286"
"2128888130","2076862938","0.214286"
"2076862938","2139418087","0.047619"
"2139418087","2076862938","0.047619"
"2076862938","2143394225","0.047619"
"2143394225","2076862938","0.047619"
"2076862938","2151468061","0.797619"
"2151468061","2076862938","0.797619"
"2076862938","2152952533","0.047619"
"2152952533","2076862938","0.047619"
"2076862938","2153299291","0.047619"
"2153299291","2076862938","0.047619"
"2076862938","2159511581","0.580952"
"2159511581","2076862938","0.580952"
"2076862938","2183053729","0.047619"
"2183053729","2076862938","0.047619"
"2076862938","2295424546","2.13095"
"2295424546","2076862938","2.13095"
"2095953397","2107151139","0.047619"
"2107151139","2095953397","0.047619"
"2095953397","2111843608","0.047619"
"2111843608","2095953397","0.047619"
"2095953397","2113271031","0.047619"
"2113271031","2095953397","0.047619"
"2095953397","2128888130","0.047619"
"2128888130","2095953397","0.047619"
"2095953397","2139418087","0.047619"
"2139418087","2095953397","0.047619"
"2095953397","2143394225","0.297619"
"2143394225","2095953397","0.297619"
"2095953397","2151468061","0.047619"
"2151468061","2095953397","0.047619"
"2095953397","2153299291","0.047619"
"2153299291","2095953397","0.047619"
"2095953397","2159511581","0.047619"
"2159511581","2095953397","0.047619"
"2095953397","2183053729","0.297619"
"2183053729","2095953397","0.297619"
"2095953397","2295424546","0.047619"
"2295424546","2095953397","0.047619"
"2107151139","2108656371","6.94762"
"2108656371","2107151139","6.94762"
"2107151139","2111843608","0.047619"
"2111843608","2107151139","0.047619"
"2107151139","2113271031","0.047619"
"2113271031","2107151139","0.047619"
"2107151139","2128888130","1.21429"
"2128888130","2107151139","1.21429"
"2107151139","2139418087","0.047619"
"2139418087","2107151139","0.047619"
"2107151139","2143394225","0.047619"
"2143394225","2107151139","0.047619"
"2107151139","2151468061","1.04762"
"2151468061","2107151139","1.04762"
"2107151139","2152952533","0.247619"
"2152952533","2107151139","0.247619"
"2107151139","2153299291","0.047619"
"2153299291","2107151139","0.047619"
"2107151139","2159511581","0.247619"
"2159511581","2107151139","0.247619"
"2107151139","2183053729","0.047619"
"2183053729","2107151139","0.047619"
"2107151139","2295424546","0.247619"
"2295424546","2107151139","0.247619"
"2108656371","2111843608","0.547619"
"2111843608","2108656371","0.547619"
"2108656371","2113271031","0.547619"
"2113271031","2108656371","0.547619"
"2108656371","2128888130","1.21429"
"2128888130","2108656371","1.21429"
"2108656371","2139418087","0.714286"
"2139418087","2108656371","0.714286"
"2108656371","2143394225","5.79762"
"2143394225","2108656371","5.79762"
"2108656371","2151468061","0.047619"
"2151468061","2108656371","0.047619"
"2108656371","2153299291","0.380952"
"2153299291","2108656371","0.380952"
"2108656371","2159511581","0.914286"
"2159511581","2108656371","0.914286"
"2108656371","2183053729","0.047619"
"2183053729","2108656371","0.047619"
"2108656371","2295424546","0.247619"
"2295424546","2108656371","0.247619"
"2111843608","2113271031","15.881"
"2113271031","2111843608","15.881"
"2111843608","2128888130","0.047619"
"2128888130","2111843608","0.047619"
"2111843608","2139418087","0.047619"
"2139418087","2111843608","0.047619"
"2111843608","2143394225","0.047619"
"2143394225","2111843608","0.047619"
"2111843608","2151468061","0.047619"
"2151468061","2111843608","0.047619"
"2111843608","2152952533","0.047619"
"2152952533","2111843608","0.047619"
"2111843608","2153299291","0.047619"
"2153299291","2111843608","0.047619"
"2111843608","2159511581","0.047619"
"2159511581","2111843608","0.047619"
"2111843608","2183053729","0.047619"
"2183053729","2111843608","0.047619"
"2111843608","2295424546","0.047619"
"2295424546","2111843608","0.047619"
"2113271031","2128888130","0.047619"
"2128888130","2113271031","0.047619"
"2113271031","2139418087","0.047619"
"2139418087","2113271031","0.047619"
"2113271031","2143394225","0.047619"
"2143394225","2113271031","0.047619"
"2113271031","2151468061","0.047619"
"2151468061","2113271031","0.047619"
"2113271031","2152952533","0.047619"
"2152952533","2113271031","0.047619"
"2113271031","2153299291","0.047619"
"2153299291","2113271031","0.047619"
"2113271031","2159511581","0.047619"
"2159511581","2113271031","0.047619"
"2113271031","2183053729","0.047619"
"2183053729","2113271031","0.047619"
"2113271031","2295424546","0.047619"
"2295424546","2113271031","0.047619"
"2128888130","2139418087","1.04762"
"2139418087","2128888130","1.04762"
"2128888130","2143394225","0.047619"
"2143394225","2128888130","0.047619"
"2128888130","2151468061","0.547619"
"2151468061","2128888130","0.547619"
"2128888130","2152952533","0.047619"
"2152952533","2128888130","0.047619"
"2128888130","2153299291","1.04762"
"2153299291","2128888130","1.04762"
"2128888130","2159511581","0.880952"
"2159511581","2128888130","0.880952"
"2128888130","2183053729","0.047619"
"2183053729","2128888130","0.047619"
"2128888130","2295424546","0.380952"
"2295424546","2128888130","0.380952"
"2139418087","2143394225","0.047619"
"2143394225","2139418087","0.047619"
"2139418087","2151468061","0.047619"
"2151468061","2139418087","0.047619"
"2139418087","2152952533","0.047619"
"2152952533","2139418087","0.047619"
"2139418087","2153299291","0.380952"
"2153299291","2139418087","0.380952"
"2139418087","2159511581","0.380952"
"2159511581","2139418087","0.380952"
"2139418087","2183053729","0.047619"
"2183053729","2139418087","0.047619"
"2139418087","2295424546","0.047619"
"2295424546","2139418087","0.047619"
"2143394225","2151468061","0.047619"
"2151468061","2143394225","0.047619"
"2143394225","2152952533","4.40873"
"2152952533","2143394225","4.40873"
"2143394225","2153299291","0.15873"
"2153299291","2143394225","0.15873"
"2143394225","2159511581","0.047619"
"2159511581","2143394225","0.047619"
"2143394225","2183053729","0.047619"
"2183053729","2143394225","0.047619"
"2143394225","2295424546","0.047619"
"2295424546","2143394225","0.047619"
"2151468061","2152952533","0.047619"
"2152952533","2151468061","0.047619"
"2151468061","2153299291","0.047619"
"2153299291","2151468061","0.047619"
"2151468061","2159511581","0.380952"
"2159511581","2151468061","0.380952"
"2151468061","2183053729","0.047619"
"2183053729","2151468061","0.047619"
"2151468061","2295424546","3.63095"
"2295424546","2151468061","3.63095"
"2152952533","2153299291","0.15873"
"2153299291","2152952533","0.15873"
"2152952533","2159511581","0.047619"
"2159511581","2152952533","0.047619"
"2152952533","2183053729","0.380952"
"2183053729","2152952533","0.380952"
"2152952533","2295424546","0.447619"
"2295424546","2152952533","0.447619"
"2153299291","2159511581","0.047619"
"2159511581","2153299291","0.047619"
"2153299291","2183053729","0.047619"
"2183053729","2153299291","0.047619"
"2153299291","2295424546","0.547619"
"2295424546","2153299291","0.547619"
"2159511581","2183053729","0.047619"
"2183053729","2159511581","0.047619"
"2159511581","2295424546","2.54762"
"2295424546","2159511581","2.54762"
"2183053729","2295424546","0.247619"
"2295424546","2183053729","0.247619"
"1529697318","2168968876","24.45"
"2168968876","1529697318","24.45"
"1529697318","2212067199","24.45"
"2212067199","1529697318","24.45"
"1529697318","2218550735","24.45"
"2218550735","1529697318","24.45"
"2168968876","2212067199","29.45"
"2212067199","2168968876","29.45"
"2168968876","2218550735","29.45"
"2218550735","2168968876","29.45"
"2212067199","2218550735","29.7833"
"2218550735","2212067199","29.7833"
"1529697318","1582731129","0.45"
"1582731129","1529697318","0.45"
"1529697318","1940656675","0.2"
"1940656675","1529697318","0.2"
"1582731129","1940656675","4.2"
"1940656675","1582731129","4.2"
"1582731129","2168968876","0.45"
"2168968876","1582731129","0.45"
"1582731129","2212067199","0.45"
"2212067199","1582731129","0.45"
"1582731129","2218550735","0.45"
"2218550735","1582731129","0.45"
"1940656675","2168968876","0.2"
"2168968876","1940656675","0.2"
"1940656675","2212067199","0.2"
"2212067199","1940656675","0.2"
"1940656675","2218550735","0.2"
"2218550735","1940656675","0.2"
"1559493958","2161890617","5"
"2161890617","1559493958","5"
"1605430995","2914724936","1.2"
"2914724936","1605430995","1.2"
"2152952533","2914724936","0.811111"
"2914724936","2152952533","0.811111"
"1605430995","2015728162","0.5"
"2015728162","1605430995","0.5"
"2015728162","2159511581","0.5"
"2159511581","2015728162","0.5"
"1605430995","2305120021","0.333333"
"2305120021","1605430995","0.333333"
"2108656371","2305120021","0.333333"
"2305120021","2108656371","0.333333"
"2159511581","2305120021","0.333333"
"2305120021","2159511581","0.333333"
"2013588764","2914724936","0.644444"
"2914724936","2013588764","0.644444"
"2295424546","2914724936","0.4"
"2914724936","2295424546","0.4"
"1605430995","1998925252","0.2"
"1998925252","1605430995","0.2"
"1998925252","2076862938","0.366667"
"2076862938","1998925252","0.366667"
"1998925252","2107151139","6.4"
"2107151139","1998925252","6.4"
"1998925252","2108656371","7.73333"
"2108656371","1998925252","7.73333"
"1998925252","2159511581","0.2"
"2159511581","1998925252","0.2"
"1846952083","1998925252","0.2"
"1998925252","1846952083","0.2"
"1846952083","2143567966","0.2"
"2143567966","1846952083","0.2"
"1846952083","2914724936","0.2"
"2914724936","1846952083","0.2"
"1998925252","2143567966","0.2"
"2143567966","1998925252","0.2"
"1998925252","2183053729","0.2"
"2183053729","1998925252","0.2"
"1998925252","2295424546","0.4"
"2295424546","1998925252","0.4"
"1998925252","2914724936","0.2"
"2914724936","1998925252","0.2"
"2143567966","2183053729","0.2"
"2183053729","2143567966","0.2"
"2143567966","2295424546","0.2"
"2295424546","2143567966","0.2"
"2143567966","2914724936","0.2"
"2914724936","2143567966","0.2"
"2183053729","2914724936","0.2"
"2914724936","2183053729","0.2"
"1846952083","2015728162","0.333333"
"2015728162","1846952083","0.333333"
"2015728162","2152952533","0.333333"
"2152952533","2015728162","0.333333"
"2015728162","2183053729","0.333333"
"2183053729","2015728162","0.333333"
"1973669149","2014837905","0.111111"
"2014837905","1973669149","0.111111"
"1973669149","2058657076","0.111111"
"2058657076","1973669149","0.111111"
"1973669149","2914724936","0.111111"
"2914724936","1973669149","0.111111"
"1984481842","2014837905","1.11111"
"2014837905","1984481842","1.11111"
"1984481842","2058657076","1.11111"
"2058657076","1984481842","1.11111"
"1984481842","2914724936","1.11111"
"2914724936","1984481842","1.11111"
"2001592337","2014837905","0.111111"
"2014837905","2001592337","0.111111"
"2013588764","2014837905","0.111111"
"2014837905","2013588764","0.111111"
"2013588764","2058657076","0.111111"
"2058657076","2013588764","0.111111"
"2014837905","2058657076","0.111111"
"2058657076","2014837905","0.111111"
"2014837905","2143394225","0.111111"
"2143394225","2014837905","0.111111"
"2014837905","2152952533","0.111111"
"2152952533","2014837905","0.111111"
"2014837905","2153299291","0.111111"
"2153299291","2014837905","0.111111"
"2014837905","2914724936","0.111111"
"2914724936","2014837905","0.111111"
"2058657076","2143394225","0.111111"
"2143394225","2058657076","0.111111"
"2058657076","2152952533","0.111111"
"2152952533","2058657076","0.111111"
"2058657076","2153299291","0.111111"
"2153299291","2058657076","0.111111"
"2143394225","2914724936","0.111111"
"2914724936","2143394225","0.111111"
"2153299291","2914724936","0.111111"
"2914724936","2153299291","0.111111"
"1973669149","2118165422","0.5"
"2118165422","1973669149","0.5"
"2113271031","2118165422","3.83333"
"2118165422","2113271031","3.83333"
"1984481842","2144764185","8"
"2144764185","1984481842","8"
"1984503686","2314420146","4.5"
"2314420146","1984503686","4.5"
"1984503686","2108656371","0.5"
"2108656371","1984503686","0.5"
"1984503686","2143394225","0.5"
"2143394225","1984503686","0.5"
"1984503686","2076862938","0.5"
"2076862938","1984503686","0.5"
"2076862938","2314420146","0.5"
"2314420146","2076862938","0.5"
"1992696598","2067997772","8.5"
"2067997772","1992696598","8.5"
"1992696598","2058657076","0.75"
"2058657076","1992696598","0.75"
"2058657076","2067997772","0.5"
"2067997772","2058657076","0.5"
"1992696598","2095953397","0.25"
"2095953397","1992696598","0.25"
"1992696598","2116239508","0.25"
"2116239508","1992696598","0.25"
"1992696598","2183053729","0.25"
"2183053729","1992696598","0.25"
"2058657076","2095953397","0.25"
"2095953397","2058657076","0.25"
"2058657076","2116239508","0.25"
"2116239508","2058657076","0.25"
"2058657076","2183053729","0.25"
"2183053729","2058657076","0.25"
"2095953397","2116239508","0.25"
"2116239508","2095953397","0.25"
"2116239508","2183053729","0.25"
"2183053729","2116239508","0.25"
"1998925252","2244376393","0.5"
"2244376393","1998925252","0.5"
"2107151139","2244376393","0.5"
"2244376393","2107151139","0.5"
"2108656371","2244376393","0.5"
"2244376393","2108656371","0.5"
"1998925252","2001592337","1.2"
"2001592337","1998925252","1.2"
"1998925252","2128888130","0.166667"
"2128888130","1998925252","0.166667"
"1998925252","2601945287","0.166667"
"2601945287","1998925252","0.166667"
"2076862938","2244376393","0.166667"
"2244376393","2076862938","0.166667"
"2076862938","2601945287","0.166667"
"2601945287","2076862938","0.166667"
"2107151139","2601945287","0.166667"
"2601945287","2107151139","0.166667"
"2108656371","2601945287","0.166667"
"2601945287","2108656371","0.166667"
"2128888130","2244376393","0.166667"
"2244376393","2128888130","0.166667"
"2128888130","2601945287","0.166667"
"2601945287","2128888130","0.166667"
"2244376393","2601945287","0.166667"
"2601945287","2244376393","0.166667"
"1998925252","2139418087","0.333333"
"2139418087","1998925252","0.333333"
"1998925252","2153299291","0.333333"
"2153299291","1998925252","0.333333"
"1998925252","2152952533","0.2"
"2152952533","1998925252","0.2"
"2001592337","2096668578","0.333333"
"2096668578","2001592337","0.333333"
"2001592337","2143567966","3.16667"
"2143567966","2001592337","3.16667"
"2001592337","2161890617","0.333333"
"2161890617","2001592337","0.333333"
"2096668578","2143567966","0.666667"
"2143567966","2096668578","0.666667"
"2096668578","2161890617","2.66667"
"2161890617","2096668578","2.66667"
"2143567966","2161890617","0.666667"
"2161890617","2143567966","0.666667"
"2095953397","2914724936","0.333333"
"2914724936","2095953397","0.333333"
"2001592337","2118165422","2.33333"
"2118165422","2001592337","2.33333"
"2001592337","2212067199","0.333333"
"2212067199","2001592337","0.333333"
"2001592337","2218550735","0.333333"
"2218550735","2001592337","0.333333"
"2095953397","2212067199","0.333333"
"2212067199","2095953397","0.333333"
"2095953397","2218550735","0.333333"
"2218550735","2095953397","0.333333"
"2113271031","2143567966","1.66667"
"2143567966","2113271031","1.66667"
"2118165422","2143567966","0.333333"
"2143567966","2118165422","0.333333"
"2015728162","2151468061","0.75"
"2151468061","2015728162","0.75"
"2015728162","2295424546","1.75"
"2295424546","2015728162","1.75"
"2015728162","2076862938","1.25"
"2076862938","2015728162","1.25"
"2015728162","2170281365","0.25"
"2170281365","2015728162","0.25"
"2076862938","2170281365","0.25"
"2170281365","2076862938","0.25"
"2151468061","2170281365","0.25"
"2170281365","2151468061","0.25"
"2170281365","2295424546","0.25"
"2295424546","2170281365","0.25"
"2055941049","2128787917","1"
"2128787917","2055941049","1"
"2076862938","2143567966","0.5"
"2143567966","2076862938","0.5"
"2096668578","2160694144","0.333333"
"2160694144","2096668578","0.333333"
"2143567966","2160694144","11.6667"
"2160694144","2143567966","11.6667"
"2160694144","2161890617","0.333333"
"2161890617","2160694144","0.333333"
"2111843608","2143567966","0.333333"
"2143567966","2111843608","0.333333"
"2111843608","2160694144","0.333333"
"2160694144","2111843608","0.333333"
"2113271031","2160694144","0.333333"
"2160694144","2113271031","0.333333"
"2116239508","2151468061","0.833333"
"2151468061","2116239508","0.833333"
"2116239508","2295424546","0.833333"
"2295424546","2116239508","0.833333"
"2116239508","2159511581","0.333333"
"2159511581","2116239508","0.333333"
"2139418087","2305120021","1"
"2305120021","2139418087","1"
"2153299291","2183764617","0.5"
"2183764617","2153299291","0.5"
"2183764617","2295424546","0.5"
"2295424546","2183764617","0.5"
