"117128915","1599746548","0.5"
"1599746548","117128915","0.5"
"117128915","2039268893","0.5"
"2039268893","117128915","0.5"
"1599746548","2039268893","0.5"
"2039268893","1599746548","0.5"
"117128915","191859796","1"
"191859796","117128915","1"
"117128915","1600621077","1.07966"
"1600621077","117128915","1.07966"
"117128915","1551648898","0.2"
"1551648898","117128915","0.2"
"117128915","1571304037","0.293074"
"1571304037","117128915","0.293074"
"117128915","1588769217","0.793074"
"1588769217","117128915","0.793074"
"117128915","1599603597","0.793074"
"1599603597","117128915","0.793074"
"117128915","2032883792","0.245455"
"2032883792","117128915","0.245455"
"1551648898","1571304037","0.984199"
"1571304037","1551648898","0.984199"
"1551648898","1588769217","0.417532"
"1588769217","1551648898","0.417532"
"1551648898","1599603597","0.667532"
"1599603597","1551648898","0.667532"
"1551648898","2032883792","0.484199"
"2032883792","1551648898","0.484199"
"1571304037","1588769217","2.51653"
"1588769217","1571304037","2.51653"
"1571304037","1599603597","3.1963"
"1599603597","1571304037","3.1963"
"1571304037","2032883792","2.74868"
"2032883792","1571304037","2.74868"
"1588769217","1599603597","4.8332"
"1599603597","1588769217","4.8332"
"1588769217","2032883792","3.65225"
"2032883792","1588769217","3.65225"
"1599603597","2032883792","7.05935"
"2032883792","1599603597","7.05935"
"117128915","1452544192","0.333333"
"1452544192","117128915","0.333333"
"117128915","1577735435","1.38095"
"1577735435","117128915","1.38095"
"117128915","1742997543","0.451269"
"1742997543","117128915","0.451269"
"1452544192","1577735435","0.924242"
"1577735435","1452544192","0.924242"
"1452544192","1742997543","0.633333"
"1742997543","1452544192","0.633333"
"1577735435","1742997543","0.533333"
"1742997543","1577735435","0.533333"
"117128915","1507197912","0.195489"
"1507197912","117128915","0.195489"
"117128915","1513675554","0.142857"
"1513675554","117128915","0.142857"
"117128915","1537402662","0.195489"
"1537402662","117128915","0.195489"
"117128915","1539119759","0.142857"
"1539119759","117128915","0.142857"
"117128915","1570224996","0.195489"
"1570224996","117128915","0.195489"
"117128915","1607853559","0.281385"
"1607853559","117128915","0.281385"
"117128915","2153690990","0.260793"
"2153690990","117128915","0.260793"
"1507197912","1513675554","0.17734"
"1513675554","1507197912","0.17734"
"1507197912","1537402662","1.1983"
"1537402662","1507197912","1.1983"
"1507197912","1539119759","1.39567"
"1539119759","1507197912","1.39567"
"1507197912","1570224996","0.421679"
"1570224996","1507197912","0.421679"
"1507197912","1607853559","0.17734"
"1607853559","1507197912","0.17734"
"1507197912","2153690990","0.17734"
"2153690990","1507197912","0.17734"
"1513675554","1537402662","0.142857"
"1537402662","1513675554","0.142857"
"1513675554","1539119759","0.142857"
"1539119759","1513675554","0.142857"
"1513675554","1570224996","0.758766"
"1570224996","1513675554","0.758766"
"1513675554","1607853559","0.210673"
"1607853559","1513675554","0.210673"
"1513675554","2153690990","0.210673"
"2153690990","1513675554","0.210673"
"1537402662","1539119759","3.65817"
"1539119759","1537402662","3.65817"
"1537402662","1570224996","0.278822"
"1570224996","1537402662","0.278822"
"1537402662","1607853559","0.142857"
"1607853559","1537402662","0.142857"
"1537402662","2153690990","0.142857"
"2153690990","1537402662","0.142857"
"1539119759","1570224996","0.869048"
"1570224996","1539119759","0.869048"
"1539119759","1607853559","0.142857"
"1607853559","1539119759","0.142857"
"1539119759","2153690990","0.142857"
"2153690990","1539119759","0.142857"
"1570224996","1607853559","2.54286"
"1607853559","1570224996","2.54286"
"1570224996","2153690990","2.59329"
"2153690990","1570224996","2.59329"
"1607853559","2153690990","1.60158"
"2153690990","1607853559","1.60158"
"117128915","397087392","1"
"397087392","117128915","1"
"117128915","130880975","0.05"
"130880975","117128915","0.05"
"117128915","1515956543","0.285931"
"1515956543","117128915","0.285931"
"117128915","1516161674","0.462992"
"1516161674","117128915","0.462992"
"117128915","1518817316","0.102632"
"1518817316","117128915","0.102632"
"117128915","1596546325","0.25"
"1596546325","117128915","0.25"
"117128915","1603973540","0.238312"
"1603973540","117128915","0.238312"
"117128915","169430883","0.05"
"169430883","117128915","0.05"
"117128915","1814109620","0.635965"
"1814109620","117128915","0.635965"
"117128915","189782339","0.05"
"189782339","117128915","0.05"
"117128915","1983236952","0.077027"
"1983236952","117128915","0.077027"
"117128915","2056782590","1.07703"
"2056782590","117128915","1.07703"
"117128915","2134238617","0.25"
"2134238617","117128915","0.25"
"117128915","2145861974","0.41036"
"2145861974","117128915","0.41036"
"117128915","2147270806","0.0954545"
"2147270806","117128915","0.0954545"
"117128915","2230112138","0.238312"
"2230112138","117128915","0.238312"
"117128915","2512970881","0.0954545"
"2512970881","117128915","0.0954545"
"117128915","2737996187","0.0954545"
"2737996187","117128915","0.0954545"
"117128915","2887860185","1.09545"
"2887860185","117128915","1.09545"
"117128915","2902349212","0.0954545"
"2902349212","117128915","0.0954545"
"117128915","98512132","0.05"
"98512132","117128915","0.05"
"130880975","1515956543","0.329762"
"1515956543","130880975","0.329762"
"130880975","1516161674","0.05"
"1516161674","130880975","0.05"
"130880975","1518817316","1.07738"
"1518817316","130880975","1.07738"
"130880975","1596546325","0.05"
"1596546325","130880975","0.05"
"130880975","1603973540","0.246429"
"1603973540","130880975","0.246429"
"130880975","169430883","0.133333"
"169430883","130880975","0.133333"
"130880975","1814109620","0.133333"
"1814109620","130880975","0.133333"
"130880975","189782339","1.05"
"189782339","130880975","1.05"
"130880975","1983236952","0.0833333"
"1983236952","130880975","0.0833333"
"130880975","2056782590","0.383333"
"2056782590","130880975","0.383333"
"130880975","2134238617","0.05"
"2134238617","130880975","0.05"
"130880975","2145861974","0.22619"
"2145861974","130880975","0.22619"
"130880975","2147270806","0.133333"
"2147270806","130880975","0.133333"
"130880975","2230112138","0.608333"
"2230112138","130880975","0.608333"
"130880975","2512970881","0.05"
"2512970881","130880975","0.05"
"130880975","2737996187","0.05"
"2737996187","130880975","0.05"
"130880975","2887860185","0.383333"
"2887860185","130880975","0.383333"
"130880975","2902349212","0.05"
"2902349212","130880975","0.05"
"130880975","98512132","0.133333"
"98512132","130880975","0.133333"
"1515956543","1516161674","0.0833333"
"1516161674","1515956543","0.0833333"
"1515956543","1518817316","0.208725"
"1518817316","1515956543","0.208725"
"1515956543","1596546325","0.651165"
"1596546325","1515956543","0.651165"
"1515956543","1603973540","1.00898"
"1603973540","1515956543","1.00898"
"1515956543","169430883","0.210256"
"169430883","1515956543","0.210256"
"1515956543","1814109620","0.342059"
"1814109620","1515956543","0.342059"
"1515956543","189782339","0.05"
"189782339","1515956543","0.05"
"1515956543","1983236952","1.71827"
"1983236952","1515956543","1.71827"
"1515956543","2056782590","0.226923"
"2056782590","1515956543","0.226923"
"1515956543","2134238617","0.317832"
"2134238617","1515956543","0.317832"
"1515956543","2145861974","0.261406"
"2145861974","1515956543","0.261406"
"1515956543","2147270806","3.73114"
"2147270806","1515956543","3.73114"
"1515956543","2230112138","2.2177"
"2230112138","1515956543","2.2177"
"1515956543","2512970881","0.614044"
"2512970881","1515956543","0.614044"
"1515956543","2737996187","0.162121"
"2737996187","1515956543","0.162121"
"1515956543","2887860185","0.465668"
"2887860185","1515956543","0.465668"
"1515956543","2902349212","0.614044"
"2902349212","1515956543","0.614044"
"1515956543","98512132","0.876923"
"98512132","1515956543","0.876923"
"1516161674","1518817316","1.13596"
"1518817316","1516161674","1.13596"
"1516161674","1596546325","0.05"
"1596546325","1516161674","0.05"
"1516161674","1603973540","0.0833333"
"1603973540","1516161674","0.0833333"
"1516161674","169430883","0.05"
"169430883","1516161674","0.05"
"1516161674","1814109620","0.468223"
"1814109620","1516161674","0.468223"
"1516161674","189782339","0.05"
"189782339","1516161674","0.05"
"1516161674","1983236952","0.077027"
"1983236952","1516161674","0.077027"
"1516161674","2056782590","0.077027"
"2056782590","1516161674","0.077027"
"1516161674","2134238617","0.05"
"2134238617","1516161674","0.05"
"1516161674","2145861974","0.442618"
"2145861974","1516161674","0.442618"
"1516161674","2147270806","0.0833333"
"2147270806","1516161674","0.0833333"
"1516161674","2230112138","0.333333"
"2230112138","1516161674","0.333333"
"1516161674","2512970881","0.05"
"2512970881","1516161674","0.05"
"1516161674","2737996187","0.05"
"2737996187","1516161674","0.05"
"1516161674","2887860185","0.05"
"2887860185","1516161674","0.05"
"1516161674","2902349212","0.05"
"2902349212","1516161674","0.05"
"1516161674","98512132","0.05"
"98512132","1516161674","0.05"
"1518817316","1596546325","0.140909"
"1596546325","1518817316","0.140909"
"1518817316","1603973540","0.174242"
"1603973540","1518817316","0.174242"
"1518817316","169430883","0.05"
"169430883","1518817316","0.05"
"1518817316","1814109620","0.311357"
"1814109620","1518817316","0.311357"
"1518817316","189782339","0.05"
"189782339","1518817316","0.05"
"1518817316","1983236952","5.75117"
"1983236952","1518817316","5.75117"
"1518817316","2056782590","0.55"
"2056782590","1518817316","0.55"
"1518817316","2134238617","0.140909"
"2134238617","1518817316","0.140909"
"1518817316","2145861974","0.117816"
"2145861974","1518817316","0.117816"
"1518817316","2147270806","0.0833333"
"2147270806","1518817316","0.0833333"
"1518817316","2230112138","0.357576"
"2230112138","1518817316","0.357576"
"1518817316","2512970881","0.05"
"2512970881","1518817316","0.05"
"1518817316","2737996187","0.05"
"2737996187","1518817316","0.05"
"1518817316","2887860185","0.05"
"2887860185","1518817316","0.05"
"1518817316","2902349212","0.05"
"2902349212","1518817316","0.05"
"1518817316","98512132","0.05"
"98512132","1518817316","0.05"
"1596546325","1603973540","0.807576"
"1603973540","1596546325","0.807576"
"1596546325","169430883","0.126923"
"169430883","1596546325","0.126923"
"1596546325","1814109620","0.840909"
"1814109620","1596546325","0.840909"
"1596546325","189782339","0.05"
"189782339","1596546325","0.05"
"1596546325","1983236952","0.484499"
"1983236952","1596546325","0.484499"
"1596546325","2056782590","0.226923"
"2056782590","1596546325","0.226923"
"1596546325","2134238617","10.4345"
"2134238617","1596546325","10.4345"
"1596546325","2145861974","0.05"
"2145861974","1596546325","0.05"
"1596546325","2147270806","0.216667"
"2147270806","1596546325","0.216667"
"1596546325","2230112138","1.56783"
"2230112138","1596546325","1.56783"
"1596546325","2512970881","0.126923"
"2512970881","1596546325","0.126923"
"1596546325","2737996187","0.05"
"2737996187","1596546325","0.05"
"1596546325","2887860185","0.226923"
"2887860185","1596546325","0.226923"
"1596546325","2902349212","0.126923"
"2902349212","1596546325","0.126923"
"1596546325","98512132","0.626923"
"98512132","1596546325","0.626923"
"1603973540","169430883","0.05"
"169430883","1603973540","0.05"
"1603973540","1814109620","0.640909"
"1814109620","1603973540","0.640909"
"1603973540","189782339","0.05"
"189782339","1603973540","0.05"
"1603973540","1983236952","1.14091"
"1983236952","1603973540","1.14091"
"1603973540","2056782590","0.05"
"2056782590","1603973540","0.05"
"1603973540","2134238617","0.783766"
"2134238617","1603973540","0.783766"
"1603973540","2145861974","0.0833333"
"2145861974","1603973540","0.0833333"
"1603973540","2147270806","0.304978"
"2147270806","1603973540","0.304978"
"1603973540","2230112138","1.06255"
"2230112138","1603973540","1.06255"
"1603973540","2512970881","0.0954545"
"2512970881","1603973540","0.0954545"
"1603973540","2737996187","0.0954545"
"2737996187","1603973540","0.0954545"
"1603973540","2887860185","0.0954545"
"2887860185","1603973540","0.0954545"
"1603973540","2902349212","0.0954545"
"2902349212","1603973540","0.0954545"
"1603973540","98512132","0.05"
"98512132","1603973540","0.05"
"169430883","1814109620","0.05"
"1814109620","169430883","0.05"
"169430883","189782339","0.55"
"189782339","169430883","0.55"
"169430883","1983236952","0.126923"
"1983236952","169430883","0.126923"
"169430883","2056782590","0.126923"
"2056782590","169430883","0.126923"
"169430883","2134238617","0.626923"
"2134238617","169430883","0.626923"
"169430883","2145861974","0.05"
"2145861974","169430883","0.05"
"169430883","2147270806","0.133333"
"2147270806","169430883","0.133333"
"169430883","2230112138","0.126923"
"2230112138","169430883","0.126923"
"169430883","2512970881","0.126923"
"2512970881","169430883","0.126923"
"169430883","2737996187","0.05"
"2737996187","169430883","0.05"
"169430883","2887860185","0.126923"
"2887860185","169430883","0.126923"
"169430883","2902349212","0.126923"
"2902349212","169430883","0.126923"
"169430883","98512132","7.82692"
"98512132","169430883","7.82692"
"1814109620","189782339","0.55"
"189782339","1814109620","0.55"
"1814109620","1983236952","1.07841"
"1983236952","1814109620","1.07841"
"1814109620","2056782590","0.05"
"2056782590","1814109620","0.05"
"1814109620","2134238617","0.340909"
"2134238617","1814109620","0.340909"
"1814109620","2145861974","0.450074"
"2145861974","1814109620","0.450074"
"1814109620","2147270806","0.05"
"2147270806","1814109620","0.05"
"1814109620","2230112138","0.507576"
"2230112138","1814109620","0.507576"
"1814109620","2512970881","0.05"
"2512970881","1814109620","0.05"
"1814109620","2737996187","0.05"
"2737996187","1814109620","0.05"
"1814109620","2887860185","0.05"
"2887860185","1814109620","0.05"
"1814109620","2902349212","0.05"
"2902349212","1814109620","0.05"
"1814109620","98512132","0.05"
"98512132","1814109620","0.05"
"189782339","1983236952","0.05"
"1983236952","189782339","0.05"
"189782339","2056782590","4.25"
"2056782590","189782339","4.25"
"189782339","2134238617","0.05"
"2134238617","189782339","0.05"
"189782339","2145861974","0.05"
"2145861974","189782339","0.05"
"189782339","2147270806","0.05"
"2147270806","189782339","0.05"
"189782339","2230112138","0.05"
"2230112138","189782339","0.05"
"189782339","2512970881","0.05"
"2512970881","189782339","0.05"
"189782339","2737996187","0.05"
"2737996187","189782339","0.05"
"189782339","2887860185","0.05"
"2887860185","189782339","0.05"
"189782339","2902349212","0.05"
"2902349212","189782339","0.05"
"189782339","98512132","0.55"
"98512132","189782339","0.55"
"1983236952","2056782590","0.75395"
"2056782590","1983236952","0.75395"
"1983236952","2134238617","0.460689"
"2134238617","1983236952","0.460689"
"1983236952","2145861974","0.221471"
"2145861974","1983236952","0.221471"
"1983236952","2147270806","0.59329"
"2147270806","1983236952","0.59329"
"1983236952","2230112138","0.894456"
"2230112138","1983236952","0.894456"
"1983236952","2512970881","0.126923"
"2512970881","1983236952","0.126923"
"1983236952","2737996187","0.05"
"2737996187","1983236952","0.05"
"1983236952","2887860185","0.226923"
"2887860185","1983236952","0.226923"
"1983236952","2902349212","0.126923"
"2902349212","1983236952","0.126923"
"1983236952","98512132","0.29359"
"98512132","1983236952","0.29359"
"2056782590","2134238617","0.226923"
"2134238617","2056782590","0.226923"
"2056782590","2145861974","0.077027"
"2145861974","2056782590","0.077027"
"2056782590","2147270806","0.05"
"2147270806","2056782590","0.05"
"2056782590","2230112138","0.39359"
"2230112138","2056782590","0.39359"
"2056782590","2512970881","0.460256"
"2512970881","2056782590","0.460256"
"2056782590","2737996187","0.05"
"2737996187","2056782590","0.05"
"2056782590","2887860185","1.89359"
"2887860185","2056782590","1.89359"
"2056782590","2902349212","0.460256"
"2902349212","2056782590","0.460256"
"2056782590","98512132","0.126923"
"98512132","2056782590","0.126923"
"2134238617","2145861974","0.05"
"2145861974","2134238617","0.05"
"2134238617","2147270806","0.335714"
"2147270806","2134238617","0.335714"
"2134238617","2230112138","0.794023"
"2230112138","2134238617","0.794023"
"2134238617","2512970881","0.126923"
"2512970881","2134238617","0.126923"
"2134238617","2737996187","0.05"
"2737996187","2134238617","0.05"
"2134238617","2887860185","0.226923"
"2887860185","2134238617","0.226923"
"2134238617","2902349212","0.126923"
"2902349212","2134238617","0.126923"
"2134238617","98512132","0.960256"
"98512132","2134238617","0.960256"
"2145861974","2147270806","0.226923"
"2147270806","2145861974","0.226923"
"2145861974","2230112138","0.260256"
"2230112138","2145861974","0.260256"
"2145861974","2512970881","0.116667"
"2512970881","2145861974","0.116667"
"2145861974","2737996187","0.116667"
"2737996187","2145861974","0.116667"
"2145861974","2887860185","0.316667"
"2887860185","2145861974","0.316667"
"2145861974","2902349212","0.116667"
"2902349212","2145861974","0.116667"
"2145861974","98512132","0.05"
"98512132","2145861974","0.05"
"2147270806","2230112138","2.73472"
"2230112138","2147270806","2.73472"
"2147270806","2512970881","0.537121"
"2512970881","2147270806","0.537121"
"2147270806","2737996187","0.162121"
"2737996187","2147270806","0.162121"
"2147270806","2887860185","0.197836"
"2887860185","2147270806","0.197836"
"2147270806","2902349212","0.537121"
"2902349212","2147270806","0.537121"
"2147270806","98512132","0.3"
"98512132","2147270806","0.3"
"2230112138","2512970881","0.274759"
"2512970881","2230112138","0.274759"
"2230112138","2737996187","0.162121"
"2737996187","2230112138","0.162121"
"2230112138","2887860185","0.465668"
"2887860185","2230112138","0.465668"
"2230112138","2902349212","0.524759"
"2902349212","2230112138","0.524759"
"2230112138","98512132","0.626923"
"98512132","2230112138","0.626923"
"2512970881","2737996187","0.162121"
"2737996187","2512970881","0.162121"
"2512970881","2887860185","3.02476"
"2887860185","2512970881","3.02476"
"2512970881","2902349212","11.6974"
"2902349212","2512970881","11.6974"
"2512970881","98512132","0.126923"
"98512132","2512970881","0.126923"
"2737996187","2887860185","0.662121"
"2887860185","2737996187","0.662121"
"2737996187","2902349212","0.662121"
"2902349212","2737996187","0.662121"
"2737996187","98512132","0.05"
"98512132","2737996187","0.05"
"2887860185","2902349212","3.52476"
"2902349212","2887860185","3.52476"
"2887860185","98512132","0.126923"
"98512132","2887860185","0.126923"
"2902349212","98512132","0.126923"
"98512132","2902349212","0.126923"
"117128915","1498108973","0.120101"
"1498108973","117128915","0.120101"
"117128915","1514176144","2.11794"
"1514176144","117128915","2.11794"
"117128915","1528516365","0.0746461"
"1528516365","117128915","0.0746461"
"117128915","1546144472","0.027027"
"1546144472","117128915","0.027027"
"117128915","1547169845","0.027027"
"1547169845","117128915","0.027027"
"117128915","1547433844","0.0746461"
"1547433844","117128915","0.0746461"
"117128915","1554668164","0.0746461"
"1554668164","117128915","0.0746461"
"117128915","1561931053","0.027027"
"1561931053","117128915","0.027027"
"117128915","1669658597","0.0746461"
"1669658597","117128915","0.0746461"
"117128915","1706109527","0.027027"
"1706109527","117128915","0.027027"
"117128915","1740981409","0.027027"
"1740981409","117128915","0.027027"
"117128915","1744847198","0.027027"
"1744847198","117128915","0.027027"
"117128915","1774810375","0.027027"
"1774810375","117128915","0.027027"
"117128915","188738399","0.027027"
"188738399","117128915","0.027027"
"117128915","1934378076","0.027027"
"1934378076","117128915","0.027027"
"117128915","1986411436","0.0796586"
"1986411436","117128915","0.0796586"
"117128915","1994538893","0.027027"
"1994538893","117128915","0.027027"
"117128915","2047705244","0.027027"
"2047705244","117128915","0.027027"
"117128915","2095489005","0.027027"
"2095489005","117128915","0.027027"
"117128915","2106885798","0.027027"
"2106885798","117128915","0.027027"
"117128915","2116997964","0.027027"
"2116997964","117128915","0.027027"
"117128915","2128017619","0.0746461"
"2128017619","117128915","0.0746461"
"117128915","2136490353","0.027027"
"2136490353","117128915","0.027027"
"117128915","2139512969","0.027027"
"2139512969","117128915","0.027027"
"117128915","2148156724","0.027027"
"2148156724","117128915","0.027027"
"117128915","2149674197","0.027027"
"2149674197","117128915","0.027027"
"117128915","2162287894","0.027027"
"2162287894","117128915","0.027027"
"117128915","2162297089","0.0746461"
"2162297089","117128915","0.0746461"
"117128915","2229509176","0.027027"
"2229509176","117128915","0.027027"
"117128915","2935209093","0.117936"
"2935209093","117128915","0.117936"
"1498108973","1514176144","0.313337"
"1514176144","1498108973","0.313337"
"1498108973","1516161674","0.027027"
"1516161674","1498108973","0.027027"
"1498108973","1528516365","0.0746461"
"1528516365","1498108973","0.0746461"
"1498108973","1546144472","0.379303"
"1546144472","1498108973","0.379303"
"1498108973","1547169845","0.179408"
"1547169845","1498108973","0.179408"
"1498108973","1547433844","0.438964"
"1547433844","1498108973","0.438964"
"1498108973","1554668164","0.0746461"
"1554668164","1498108973","0.0746461"
"1498108973","1561931053","0.17286"
"1561931053","1498108973","0.17286"
"1498108973","1600621077","0.089527"
"1600621077","1498108973","0.089527"
"1498108973","1669658597","0.438964"
"1669658597","1498108973","0.438964"
"1498108973","1706109527","0.077027"
"1706109527","1498108973","0.077027"
"1498108973","1740981409","0.307979"
"1740981409","1498108973","0.307979"
"1498108973","1742997543","0.027027"
"1742997543","1498108973","0.027027"
"1498108973","1744847198","0.296807"
"1744847198","1498108973","0.296807"
"1498108973","1774810375","0.146075"
"1774810375","1498108973","0.146075"
"1498108973","188738399","0.490645"
"188738399","1498108973","0.490645"
"1498108973","1934378076","0.616835"
"1934378076","1498108973","0.616835"
"1498108973","1983236952","0.0603604"
"1983236952","1498108973","0.0603604"
"1498108973","1986411436","0.12286"
"1986411436","1498108973","0.12286"
"1498108973","1994538893","0.027027"
"1994538893","1498108973","0.027027"
"1498108973","2047705244","0.179408"
"2047705244","1498108973","0.179408"
"1498108973","2056782590","0.027027"
"2056782590","1498108973","0.027027"
"1498108973","2095489005","0.119184"
"2095489005","1498108973","0.119184"
"1498108973","2106885798","0.119184"
"2106885798","1498108973","0.119184"
"1498108973","2116997964","0.204898"
"2116997964","1498108973","0.204898"
"1498108973","2128017619","0.253217"
"2128017619","1498108973","0.253217"
"1498108973","2136490353","0.119184"
"2136490353","1498108973","0.119184"
"1498108973","2139512969","0.146075"
"2139512969","1498108973","0.146075"
"1498108973","2145861974","0.12286"
"2145861974","1498108973","0.12286"
"1498108973","2148156724","0.027027"
"2148156724","1498108973","0.027027"
"1498108973","2149674197","0.027027"
"2149674197","1498108973","0.027027"
"1498108973","2153690990","0.027027"
"2153690990","1498108973","0.027027"
"1498108973","2162287894","0.027027"
"2162287894","1498108973","0.027027"
"1498108973","2162297089","0.253217"
"2162297089","1498108973","0.253217"
"1498108973","2229509176","0.027027"
"2229509176","1498108973","0.027027"
"1498108973","2935209093","0.027027"
"2935209093","1498108973","0.027027"
"1514176144","1516161674","0.309285"
"1516161674","1514176144","0.309285"
"1514176144","1528516365","0.027027"
"1528516365","1514176144","0.027027"
"1514176144","1546144472","0.990833"
"1546144472","1514176144","0.990833"
"1514176144","1547169845","0.206904"
"1547169845","1514176144","0.206904"
"1514176144","1547433844","0.475952"
"1547433844","1514176144","0.475952"
"1514176144","1554668164","0.131789"
"1554668164","1514176144","0.131789"
"1514176144","1561931053","0.630436"
"1561931053","1514176144","0.630436"
"1514176144","1600621077","0.213769"
"1600621077","1514176144","0.213769"
"1514176144","1669658597","0.027027"
"1669658597","1514176144","0.027027"
"1514176144","1706109527","0.027027"
"1706109527","1514176144","0.027027"
"1514176144","1740981409","0.107979"
"1740981409","1514176144","0.107979"
"1514176144","1742997543","0.151269"
"1742997543","1514176144","0.151269"
"1514176144","1744847198","0.027027"
"1744847198","1514176144","0.027027"
"1514176144","1774810375","0.807979"
"1774810375","1514176144","0.807979"
"1514176144","188738399","0.141313"
"188738399","1514176144","0.141313"
"1514176144","1934378076","0.0592851"
"1934378076","1514176144","0.0592851"
"1514176144","1983236952","0.0603604"
"1983236952","1514176144","0.0603604"
"1514176144","1986411436","0.279361"
"1986411436","1514176144","0.279361"
"1514176144","1994538893","0.309285"
"1994538893","1514176144","0.309285"
"1514176144","2047705244","0.206904"
"2047705244","1514176144","0.206904"
"1514176144","2056782590","0.027027"
"2056782590","1514176144","0.027027"
"1514176144","2095489005","0.0926184"
"2095489005","1514176144","0.0926184"
"1514176144","2106885798","0.0926184"
"2106885798","1514176144","0.0926184"
"1514176144","2116997964","0.141313"
"2116997964","1514176144","0.141313"
"1514176144","2128017619","0.475952"
"2128017619","1514176144","0.475952"
"1514176144","2136490353","0.0603604"
"2136490353","1514176144","0.0603604"
"1514176144","2139512969","0.807979"
"2139512969","1514176144","0.807979"
"1514176144","2145861974","0.279361"
"2145861974","1514176144","0.279361"
"1514176144","2148156724","0.0603604"
"2148156724","1514176144","0.0603604"
"1514176144","2149674197","0.027027"
"2149674197","1514176144","0.027027"
"1514176144","2153690990","0.326385"
"2153690990","1514176144","0.326385"
"1514176144","2162287894","0.027027"
"2162287894","1514176144","0.027027"
"1514176144","2162297089","0.0592851"
"2162297089","1514176144","0.0592851"
"1514176144","2229509176","0.277027"
"2229509176","1514176144","0.277027"
"1514176144","2935209093","0.117936"
"2935209093","1514176144","0.117936"
"1516161674","1528516365","0.238138"
"1528516365","1516161674","0.238138"
"1516161674","1546144472","0.114841"
"1546144472","1516161674","0.114841"
"1516161674","1547169845","0.150194"
"1547169845","1516161674","0.150194"
"1516161674","1547433844","0.45575"
"1547433844","1516161674","0.45575"
"1516161674","1554668164","0.0603604"
"1554668164","1516161674","0.0603604"
"1516161674","1561931053","0.027027"
"1561931053","1516161674","0.027027"
"1516161674","1600621077","0.0796586"
"1600621077","1516161674","0.0796586"
"1516161674","1669658597","0.0825826"
"1669658597","1516161674","0.0825826"
"1516161674","1706109527","0.0825826"
"1706109527","1516161674","0.0825826"
"1516161674","1740981409","0.173492"
"1740981409","1516161674","0.173492"
"1516161674","1742997543","0.027027"
"1742997543","1516161674","0.027027"
"1516161674","1744847198","0.173492"
"1744847198","1516161674","0.173492"
"1516161674","1774810375","0.027027"
"1774810375","1516161674","0.027027"
"1516161674","188738399","0.027027"
"188738399","1516161674","0.027027"
"1516161674","1934378076","0.150194"
"1934378076","1516161674","0.150194"
"1516161674","1986411436","0.14525"
"1986411436","1516161674","0.14525"
"1516161674","1994538893","7.85019"
"1994538893","1516161674","7.85019"
"1516161674","2047705244","0.150194"
"2047705244","1516161674","0.150194"
"1516161674","2095489005","0.270396"
"2095489005","1516161674","0.270396"
"1516161674","2106885798","0.170396"
"2106885798","1516161674","0.170396"
"1516161674","2116997964","0.027027"
"2116997964","1516161674","0.027027"
"1516161674","2128017619","0.20575"
"2128017619","1516161674","0.20575"
"1516161674","2136490353","0.238138"
"2136490353","1516161674","0.238138"
"1516161674","2139512969","0.027027"
"2139512969","1516161674","0.027027"
"1516161674","2148156724","0.277027"
"2148156724","1516161674","0.277027"
"1516161674","2149674197","0.027027"
"2149674197","1516161674","0.027027"
"1516161674","2153690990","0.866861"
"2153690990","1516161674","0.866861"
"1516161674","2162287894","0.027027"
"2162287894","1516161674","0.027027"
"1516161674","2162297089","0.114841"
"2162297089","1516161674","0.114841"
"1516161674","2229509176","0.61036"
"2229509176","1516161674","0.61036"
"1516161674","2935209093","0.027027"
"2935209093","1516161674","0.027027"
"1528516365","1546144472","0.145083"
"1546144472","1528516365","0.145083"
"1528516365","1547169845","0.027027"
"1547169845","1528516365","0.027027"
"1528516365","1547433844","0.0746461"
"1547433844","1528516365","0.0746461"
"1528516365","1554668164","1.07365"
"1554668164","1528516365","1.07365"
"1528516365","1561931053","0.0936937"
"1561931053","1528516365","0.0936937"
"1528516365","1600621077","0.027027"
"1600621077","1528516365","0.027027"
"1528516365","1669658597","0.177821"
"1669658597","1528516365","0.177821"
"1528516365","1706109527","5.42603"
"1706109527","1528516365","5.42603"
"1528516365","1740981409","0.027027"
"1740981409","1528516365","0.027027"
"1528516365","1742997543","0.027027"
"1742997543","1528516365","0.027027"
"1528516365","1744847198","0.192702"
"1744847198","1528516365","0.192702"
"1528516365","1774810375","0.027027"
"1774810375","1528516365","0.027027"
"1528516365","188738399","0.027027"
"188738399","1528516365","0.027027"
"1528516365","1934378076","0.027027"
"1934378076","1528516365","0.027027"
"1528516365","1983236952","0.089527"
"1983236952","1528516365","0.089527"
"1528516365","1986411436","0.027027"
"1986411436","1528516365","0.027027"
"1528516365","1994538893","0.027027"
"1994538893","1528516365","0.027027"
"1528516365","2047705244","0.027027"
"2047705244","1528516365","0.027027"
"1528516365","2056782590","0.527027"
"2056782590","1528516365","0.527027"
"1528516365","2095489005","0.238138"
"2095489005","1528516365","0.238138"
"1528516365","2106885798","0.138138"
"2106885798","1528516365","0.138138"
"1528516365","2116997964","0.027027"
"2116997964","1528516365","0.027027"
"1528516365","2128017619","0.0746461"
"2128017619","1528516365","0.0746461"
"1528516365","2136490353","0.238138"
"2136490353","1528516365","0.238138"
"1528516365","2139512969","0.027027"
"2139512969","1528516365","0.027027"
"1528516365","2145861974","0.027027"
"2145861974","1528516365","0.027027"
"1528516365","2148156724","0.027027"
"2148156724","1528516365","0.027027"
"1528516365","2149674197","0.145083"
"2149674197","1528516365","0.145083"
"1528516365","2153690990","0.327027"
"2153690990","1528516365","0.327027"
"1528516365","2162287894","0.0746461"
"2162287894","1528516365","0.0746461"
"1528516365","2162297089","0.0746461"
"2162297089","1528516365","0.0746461"
"1528516365","2229509176","0.027027"
"2229509176","1528516365","0.027027"
"1528516365","2935209093","0.027027"
"2935209093","1528516365","0.027027"
"1546144472","1547169845","0.106904"
"1547169845","1546144472","0.106904"
"1546144472","1547433844","0.43124"
"1547433844","1546144472","0.43124"
"1546144472","1554668164","0.216511"
"1554668164","1546144472","0.216511"
"1546144472","1561931053","0.089527"
"1561931053","1546144472","0.089527"
"1546144472","1600621077","0.089527"
"1600621077","1546144472","0.089527"
"1546144472","1669658597","0.597395"
"1669658597","1546144472","0.597395"
"1546144472","1706109527","1.07726"
"1706109527","1546144472","1.07726"
"1546144472","1740981409","0.737777"
"1740981409","1546144472","0.737777"
"1546144472","1742997543","0.027027"
"1742997543","1546144472","0.027027"
"1546144472","1744847198","1.16059"
"1744847198","1546144472","1.16059"
"1546144472","1774810375","0.0746461"
"1774810375","1546144472","0.0746461"
"1546144472","188738399","1.29299"
"188738399","1546144472","1.29299"
"1546144472","1934378076","0.368109"
"1934378076","1546144472","0.368109"
"1546144472","1983236952","0.089527"
"1983236952","1546144472","0.089527"
"1546144472","1986411436","0.121785"
"1986411436","1546144472","0.121785"
"1546144472","1994538893","0.0592851"
"1994538893","1546144472","0.0592851"
"1546144472","2047705244","0.106904"
"2047705244","1546144472","0.106904"
"1546144472","2056782590","0.027027"
"2056782590","1546144472","0.027027"
"1546144472","2095489005","0.0592851"
"2095489005","1546144472","0.0592851"
"1546144472","2106885798","0.0592851"
"2106885798","1546144472","0.0592851"
"1546144472","2116997964","0.0746461"
"2116997964","1546144472","0.0746461"
"1546144472","2128017619","0.114841"
"2128017619","1546144472","0.114841"
"1546144472","2136490353","0.027027"
"2136490353","1546144472","0.027027"
"1546144472","2139512969","0.0746461"
"2139512969","1546144472","0.0746461"
"1546144472","2145861974","0.121785"
"2145861974","1546144472","0.121785"
"1546144472","2148156724","0.027027"
"2148156724","1546144472","0.027027"
"1546144472","2149674197","0.145083"
"2149674197","1546144472","0.145083"
"1546144472","2153690990","0.0592851"
"2153690990","1546144472","0.0592851"
"1546144472","2162287894","0.169884"
"2162287894","1546144472","0.169884"
"1546144472","2162297089","0.114841"
"2162297089","1546144472","0.114841"
"1546144472","2229509176","0.443694"
"2229509176","1546144472","0.443694"
"1546144472","2935209093","0.027027"
"2935209093","1546144472","0.027027"
"1547169845","1547433844","0.289617"
"1547433844","1547169845","0.289617"
"1547169845","1554668164","0.169884"
"1554668164","1547169845","0.169884"
"1547169845","1561931053","0.0603604"
"1561931053","1547169845","0.0603604"
"1547169845","1600621077","0.027027"
"1600621077","1547169845","0.027027"
"1547169845","1669658597","1.86764"
"1669658597","1547169845","1.86764"
"1547169845","1706109527","0.169884"
"1706109527","1547169845","0.169884"
"1547169845","1740981409","1.53117"
"1740981409","1547169845","1.53117"
"1547169845","1742997543","0.089527"
"1742997543","1547169845","0.089527"
"1547169845","1744847198","0.257359"
"1744847198","1547169845","0.257359"
"1547169845","1774810375","2.51824"
"1774810375","1547169845","2.51824"
"1547169845","188738399","3.75885"
"188738399","1547169845","3.75885"
"1547169845","1934378076","0.456284"
"1934378076","1547169845","0.456284"
"1547169845","1983236952","0.0603604"
"1983236952","1547169845","0.0603604"
"1547169845","1986411436","0.0926184"
"1986411436","1547169845","0.0926184"
"1547169845","1994538893","0.150194"
"1994538893","1547169845","0.150194"
"1547169845","2047705244","11.5945"
"2047705244","1547169845","11.5945"
"1547169845","2056782590","0.027027"
"2056782590","1547169845","0.027027"
"1547169845","2095489005","0.413131"
"2095489005","1547169845","0.413131"
"1547169845","2106885798","0.336208"
"2106885798","1547169845","0.336208"
"1547169845","2116997964","3.52968"
"2116997964","1547169845","3.52968"
"1547169845","2128017619","0.30404"
"2128017619","1547169845","0.30404"
"1547169845","2136490353","0.137283"
"2136490353","1547169845","0.137283"
"1547169845","2139512969","2.85157"
"2139512969","1547169845","2.85157"
"1547169845","2145861974","0.217618"
"2145861974","1547169845","0.217618"
"1547169845","2148156724","0.027027"
"2148156724","1547169845","0.027027"
"1547169845","2149674197","0.027027"
"2149674197","1547169845","0.027027"
"1547169845","2153690990","0.150194"
"2153690990","1547169845","0.150194"
"1547169845","2162287894","0.127027"
"2162287894","1547169845","0.127027"
"1547169845","2162297089","0.213131"
"2162297089","1547169845","0.213131"
"1547169845","2229509176","1.49562"
"2229509176","1547169845","1.49562"
"1547169845","2935209093","0.027027"
"2935209093","1547169845","0.027027"
"1547433844","1554668164","0.309129"
"1554668164","1547433844","0.309129"
"1547433844","1561931053","0.636551"
"1561931053","1547433844","0.636551"
"1547433844","1600621077","0.027027"
"1600621077","1547433844","0.027027"
"1547433844","1669658597","14.0558"
"1669658597","1547433844","14.0558"
"1547433844","1706109527","1.57468"
"1706109527","1547433844","1.57468"
"1547433844","1740981409","1.60392"
"1740981409","1547433844","1.60392"
"1547433844","1742997543","0.089527"
"1742997543","1547433844","0.089527"
"1547433844","1744847198","2.69229"
"1744847198","1547433844","2.69229"
"1547433844","1774810375","0.371904"
"1774810375","1547433844","0.371904"
"1547433844","188738399","2.50028"
"188738399","1547433844","2.50028"
"1547433844","1934378076","3.27232"
"1934378076","1547433844","3.27232"
"1547433844","1983236952","0.027027"
"1983236952","1547433844","0.027027"
"1547433844","1986411436","0.0937679"
"1986411436","1547433844","0.0937679"
"1547433844","1994538893","0.150194"
"1994538893","1547433844","0.150194"
"1547433844","2047705244","0.227117"
"2047705244","1547433844","0.227117"
"1547433844","2056782590","0.027027"
"2056782590","1547433844","0.027027"
"1547433844","2095489005","1.61485"
"2095489005","1547433844","1.61485"
"1547433844","2106885798","0.861738"
"2106885798","1547433844","0.861738"
"1547433844","2116997964","0.984181"
"2116997964","1547433844","0.984181"
"1547433844","2128017619","8.37672"
"2128017619","1547433844","8.37672"
"1547433844","2136490353","1.38259"
"2136490353","1547433844","1.38259"
"1547433844","2139512969","0.448827"
"2139512969","1547433844","0.448827"
"1547433844","2145861974","0.468768"
"2145861974","1547433844","0.468768"
"1547433844","2148156724","0.027027"
"2148156724","1547433844","0.027027"
"1547433844","2149674197","0.027027"
"2149674197","1547433844","0.027027"
"1547433844","2153690990","0.434677"
"2153690990","1547433844","0.434677"
"1547433844","2162287894","0.027027"
"2162287894","1547433844","0.027027"
"1547433844","2162297089","9.74981"
"2162297089","1547433844","9.74981"
"1547433844","2229509176","2.41913"
"2229509176","1547433844","2.41913"
"1547433844","2935209093","0.027027"
"2935209093","1547433844","0.027027"
"1554668164","1561931053","0.027027"
"1561931053","1554668164","0.027027"
"1554668164","1600621077","0.0603604"
"1600621077","1554668164","0.0603604"
"1554668164","1669658597","0.520678"
"1669658597","1554668164","0.520678"
"1554668164","1706109527","1.16889"
"1706109527","1554668164","1.16889"
"1554668164","1740981409","0.027027"
"1740981409","1554668164","0.027027"
"1554668164","1742997543","0.0603604"
"1742997543","1554668164","0.0603604"
"1554668164","1744847198","0.192702"
"1744847198","1554668164","0.192702"
"1554668164","1774810375","0.027027"
"1774810375","1554668164","0.027027"
"1554668164","188738399","0.169884"
"188738399","1554668164","0.169884"
"1554668164","1934378076","0.027027"
"1934378076","1554668164","0.027027"
"1554668164","1983236952","0.089527"
"1983236952","1554668164","0.089527"
"1554668164","1986411436","0.128176"
"1986411436","1554668164","0.128176"
"1554668164","1994538893","0.0603604"
"1994538893","1554668164","0.0603604"
"1554668164","2047705244","0.169884"
"2047705244","1554668164","0.169884"
"1554668164","2056782590","0.027027"
"2056782590","1554668164","0.027027"
"1554668164","2095489005","0.227027"
"2095489005","1554668164","0.227027"
"1554668164","2106885798","0.027027"
"2106885798","1554668164","0.027027"
"1554668164","2116997964","0.169884"
"2116997964","1554668164","0.169884"
"1554668164","2128017619","0.309129"
"2128017619","1554668164","0.309129"
"1554668164","2136490353","0.027027"
"2136490353","1554668164","0.027027"
"1554668164","2139512969","0.027027"
"2139512969","1554668164","0.027027"
"1554668164","2145861974","0.0948431"
"2145861974","1554668164","0.0948431"
"1554668164","2148156724","0.0603604"
"2148156724","1554668164","0.0603604"
"1554668164","2149674197","0.145083"
"2149674197","1554668164","0.145083"
"1554668164","2153690990","0.128176"
"2153690990","1554668164","0.128176"
"1554668164","2162287894","0.0746461"
"2162287894","1554668164","0.0746461"
"1554668164","2162297089","0.274646"
"2162297089","1554668164","0.274646"
"1554668164","2229509176","0.027027"
"2229509176","1554668164","0.027027"
"1554668164","2935209093","0.027027"
"2935209093","1554668164","0.027027"
"1561931053","1600621077","0.323293"
"1600621077","1561931053","0.323293"
"1561931053","1669658597","0.077027"
"1669658597","1561931053","0.077027"
"1561931053","1706109527","0.202027"
