"1015971068","2126965652","1.075"
"2126965652","1015971068","1.075"
"1015971068","2131284663","3.575"
"2131284663","1015971068","3.575"
"2126965652","2131284663","2.10833"
"2131284663","2126965652","2.10833"
"1015971068","1583050638","0.590909"
"1583050638","1015971068","0.590909"
"1015971068","1598102197","0.590909"
"1598102197","1015971068","0.590909"
"1583050638","1598102197","7.38654"
"1598102197","1583050638","7.38654"
"1015971068","2105967376","1.09091"
"2105967376","1015971068","1.09091"
"1015971068","1603171846","1"
"1603171846","1015971068","1"
"1015971068","1494767244","0.0909091"
"1494767244","1015971068","0.0909091"
"1015971068","1533565938","0.0909091"
"1533565938","1015971068","0.0909091"
"1015971068","1828773968","0.0909091"
"1828773968","1015971068","0.0909091"
"1015971068","1904672382","0.0909091"
"1904672382","1015971068","0.0909091"
"1015971068","1917404006","0.0909091"
"1917404006","1015971068","0.0909091"
"1015971068","2051814858","0.0909091"
"2051814858","1015971068","0.0909091"
"1015971068","2126708793","0.0909091"
"2126708793","1015971068","0.0909091"
"1015971068","2170134633","0.0909091"
"2170134633","1015971068","0.0909091"
"1494767244","1533565938","0.215909"
"1533565938","1494767244","0.215909"
"1494767244","1583050638","1.04924"
"1583050638","1494767244","1.04924"
"1494767244","1598102197","0.215909"
"1598102197","1494767244","0.215909"
"1494767244","1828773968","0.181818"
"1828773968","1494767244","0.181818"
"1494767244","1904672382","0.465909"
"1904672382","1494767244","0.465909"
"1494767244","1917404006","0.965909"
"1917404006","1494767244","0.965909"
"1494767244","2051814858","3.13258"
"2051814858","1494767244","3.13258"
"1494767244","2105967376","0.0909091"
"2105967376","1494767244","0.0909091"
"1494767244","2126708793","1.29924"
"2126708793","1494767244","1.29924"
"1494767244","2170134633","0.0909091"
"2170134633","1494767244","0.0909091"
"1533565938","1583050638","4.46988"
"1583050638","1533565938","4.46988"
"1533565938","1598102197","0.969877"
"1598102197","1533565938","0.969877"
"1533565938","1828773968","0.757576"
"1828773968","1533565938","0.757576"
"1533565938","1904672382","1.88654"
"1904672382","1533565938","1.88654"
"1533565938","1917404006","1.71988"
"1917404006","1533565938","1.71988"
"1533565938","2051814858","0.215909"
"2051814858","1533565938","0.215909"
"1533565938","2105967376","0.344877"
"2105967376","1533565938","0.344877"
"1533565938","2126708793","0.215909"
"2126708793","1533565938","0.215909"
"1533565938","2170134633","0.20202"
"2170134633","1533565938","0.20202"
"1583050638","1828773968","0.290909"
"1828773968","1583050638","0.290909"
"1583050638","1904672382","4.66988"
"1904672382","1583050638","4.66988"
"1583050638","1917404006","1.41988"
"1917404006","1583050638","1.41988"
"1583050638","2051814858","3.4421"
"2051814858","1583050638","3.4421"
"1583050638","2105967376","2.77107"
"2105967376","1583050638","2.77107"
"1583050638","2126708793","3.60877"
"2126708793","1583050638","3.60877"
"1583050638","2170134633","1.04488"
"2170134633","1583050638","1.04488"
"1598102197","1828773968","0.0909091"
"1828773968","1598102197","0.0909091"
"1598102197","1904672382","0.719877"
"1904672382","1598102197","0.719877"
"1598102197","1917404006","0.719877"
"1917404006","1598102197","0.719877"
"1598102197","2051814858","0.215909"
"2051814858","1598102197","0.215909"
"1598102197","2105967376","1.42821"
"2105967376","1598102197","1.42821"
"1598102197","2126708793","0.215909"
"2126708793","1598102197","0.215909"
"1598102197","2170134633","0.20202"
"2170134633","1598102197","0.20202"
"1828773968","1904672382","2.45758"
"1904672382","1828773968","2.45758"
"1828773968","1917404006","0.290909"
"1917404006","1828773968","0.290909"
"1828773968","2051814858","0.0909091"
"2051814858","1828773968","0.0909091"
"1828773968","2105967376","0.290909"
"2105967376","1828773968","0.290909"
"1828773968","2126708793","0.340909"
"2126708793","1828773968","0.340909"
"1828773968","2170134633","0.290909"
"2170134633","1828773968","0.290909"
"1904672382","1917404006","3.16988"
"1917404006","1904672382","3.16988"
"1904672382","2051814858","0.215909"
"2051814858","1904672382","0.215909"
"1904672382","2105967376","1.04488"
"2105967376","1904672382","1.04488"
"1904672382","2126708793","0.715909"
"2126708793","1904672382","0.715909"
"1904672382","2170134633","0.90202"
"2170134633","1904672382","0.90202"
"1917404006","2051814858","2.21591"
"2051814858","1917404006","2.21591"
"1917404006","2105967376","0.544877"
"2105967376","1917404006","0.544877"
"1917404006","2126708793","0.715909"
"2126708793","1917404006","0.715909"
"1917404006","2170134633","0.40202"
"2170134633","1917404006","0.40202"
"2051814858","2105967376","0.483766"
"2105967376","2051814858","0.483766"
"2051814858","2126708793","2.6921"
"2126708793","2051814858","2.6921"
"2051814858","2170134633","0.483766"
"2170134633","2051814858","0.483766"
"2105967376","2126708793","0.733766"
"2126708793","2105967376","0.733766"
"2105967376","2170134633","5.91154"
"2170134633","2105967376","5.91154"
"2126708793","2170134633","0.733766"
"2170134633","2126708793","0.733766"
"1015971068","2117237781","0.575"
"2117237781","1015971068","0.575"
"1015971068","2129066895","0.45"
"2129066895","1015971068","0.45"
"2117237781","2126965652","1.90833"
"2126965652","2117237781","1.90833"
"2117237781","2129066895","0.783333"
"2129066895","2117237781","0.783333"
"2117237781","2131284663","0.908333"
"2131284663","2117237781","0.908333"
"2126965652","2129066895","0.783333"
"2129066895","2126965652","0.783333"
"2129066895","2131284663","0.783333"
"2131284663","2129066895","0.783333"
"1015971068","1520485355","0.125"
"1520485355","1015971068","0.125"
"1015971068","1526666265","0.125"
"1526666265","1015971068","0.125"
"1015971068","1831426187","0.125"
"1831426187","1015971068","0.125"
"1015971068","2115050216","0.125"
"2115050216","1015971068","0.125"
"1015971068","2172034240","0.125"
"2172034240","1015971068","0.125"
"1520485355","1526666265","0.125"
"1526666265","1520485355","0.125"
"1520485355","1831426187","1.125"
"1831426187","1520485355","1.125"
"1520485355","2115050216","0.125"
"2115050216","1520485355","0.125"
"1520485355","2117237781","0.125"
"2117237781","1520485355","0.125"
"1520485355","2126965652","0.325"
"2126965652","1520485355","0.325"
"1520485355","2131284663","0.325"
"2131284663","1520485355","0.325"
"1520485355","2172034240","0.125"
"2172034240","1520485355","0.125"
"1526666265","1831426187","0.125"
"1831426187","1526666265","0.125"
"1526666265","2115050216","0.125"
"2115050216","1526666265","0.125"
"1526666265","2117237781","0.125"
"2117237781","1526666265","0.125"
"1526666265","2126965652","0.125"
"2126965652","1526666265","0.125"
"1526666265","2131284663","0.125"
"2131284663","1526666265","0.125"
"1526666265","2172034240","0.125"
"2172034240","1526666265","0.125"
"1831426187","2115050216","0.625"
"2115050216","1831426187","0.625"
"1831426187","2117237781","0.125"
"2117237781","1831426187","0.125"
"1831426187","2126965652","0.125"
"2126965652","1831426187","0.125"
"1831426187","2131284663","0.125"
"2131284663","1831426187","0.125"
"1831426187","2172034240","0.125"
"2172034240","1831426187","0.125"
"2115050216","2117237781","0.125"
"2117237781","2115050216","0.125"
"2115050216","2126965652","0.125"
"2126965652","2115050216","0.125"
"2115050216","2131284663","0.125"
"2131284663","2115050216","0.125"
"2115050216","2172034240","0.125"
"2172034240","2115050216","0.125"
"2117237781","2172034240","0.125"
"2172034240","2117237781","0.125"
"2126965652","2172034240","0.125"
"2172034240","2126965652","0.125"
"2131284663","2172034240","0.125"
"2172034240","2131284663","0.125"
"1015971068","1998074979","0.25"
"1998074979","1015971068","0.25"
"1015971068","2012477680","0.25"
"2012477680","1015971068","0.25"
"1015971068","2104384523","0.25"
"2104384523","1015971068","0.25"
"1015971068","2148258840","0.25"
"2148258840","1015971068","0.25"
"1998074979","2012477680","0.583333"
"2012477680","1998074979","0.583333"
"1998074979","2104384523","0.25"
"2104384523","1998074979","0.25"
"1998074979","2148258840","0.25"
"2148258840","1998074979","0.25"
"2012477680","2104384523","1.41667"
"2104384523","2012477680","1.41667"
"2012477680","2148258840","0.75"
"2148258840","2012477680","0.75"
"2104384523","2148258840","0.25"
"2148258840","2104384523","0.25"
"1015971068","1991609060","0.5"
"1991609060","1015971068","0.5"
"1991609060","2131284663","0.5"
"2131284663","1991609060","0.5"
"1015971068","2060296418","0.2"
"2060296418","1015971068","0.2"
"2060296418","2117237781","0.2"
"2117237781","2060296418","0.2"
"2060296418","2126965652","0.4"
"2126965652","2060296418","0.4"
"2060296418","2129066895","0.2"
"2129066895","2060296418","0.2"
"2060296418","2131284663","0.4"
"2131284663","2060296418","0.4"
"1494767244","2554702232","0.125"
"2554702232","1494767244","0.125"
"1533565938","2554702232","0.375"
"2554702232","1533565938","0.375"
"1583050638","2554702232","0.375"
"2554702232","1583050638","0.375"
"1598102197","2554702232","0.375"
"2554702232","1598102197","0.375"
"1904672382","2554702232","0.125"
"2554702232","1904672382","0.125"
"1917404006","2554702232","0.125"
"2554702232","1917404006","0.125"
"2051814858","2554702232","0.125"
"2554702232","2051814858","0.125"
"2126708793","2554702232","0.125"
"2554702232","2126708793","0.125"
"1494767244","1998201987","0.25"
"1998201987","1494767244","0.25"
"1494767244","2119985794","0.524242"
"2119985794","1494767244","0.524242"
"1583050638","1998201987","1.00397"
"1998201987","1583050638","1.00397"
"1583050638","2119985794","0.25"
"2119985794","1583050638","0.25"
"1917404006","1998201987","0.361111"
"1998201987","1917404006","0.361111"
"1917404006","2119985794","0.25"
"2119985794","1917404006","0.25"
"1998201987","2119985794","0.25"
"2119985794","1998201987","0.25"
"1494767244","1543402353","0.0909091"
"1543402353","1494767244","0.0909091"
"1494767244","1566166064","0.0909091"
"1566166064","1494767244","0.0909091"
"1494767244","1611452109","0.0909091"
"1611452109","1494767244","0.0909091"
"1494767244","1811793013","0.0909091"
"1811793013","1494767244","0.0909091"
"1494767244","2025678938","0.0909091"
"2025678938","1494767244","0.0909091"
"1494767244","2030212119","0.0909091"
"2030212119","1494767244","0.0909091"
"1494767244","2136209041","0.190909"
"2136209041","1494767244","0.190909"
"1494767244","2140647031","0.0909091"
"2140647031","1494767244","0.0909091"
"1494767244","2169415164","0.0909091"
"2169415164","1494767244","0.0909091"
"1543402353","1566166064","0.0909091"
"1566166064","1543402353","0.0909091"
"1543402353","1611452109","0.0909091"
"1611452109","1543402353","0.0909091"
"1543402353","1811793013","0.0909091"
"1811793013","1543402353","0.0909091"
"1543402353","1828773968","0.0909091"
"1828773968","1543402353","0.0909091"
"1543402353","2025678938","0.0909091"
"2025678938","1543402353","0.0909091"
"1543402353","2030212119","0.0909091"
"2030212119","1543402353","0.0909091"
"1543402353","2119985794","0.0909091"
"2119985794","1543402353","0.0909091"
"1543402353","2136209041","0.0909091"
"2136209041","1543402353","0.0909091"
"1543402353","2140647031","0.0909091"
"2140647031","1543402353","0.0909091"
"1543402353","2169415164","0.0909091"
"2169415164","1543402353","0.0909091"
"1566166064","1611452109","0.0909091"
"1611452109","1566166064","0.0909091"
"1566166064","1811793013","0.0909091"
"1811793013","1566166064","0.0909091"
"1566166064","1828773968","0.340909"
"1828773968","1566166064","0.340909"
"1566166064","2025678938","0.0909091"
"2025678938","1566166064","0.0909091"
"1566166064","2030212119","0.340909"
"2030212119","1566166064","0.340909"
"1566166064","2119985794","0.0909091"
"2119985794","1566166064","0.0909091"
"1566166064","2136209041","0.340909"
"2136209041","1566166064","0.340909"
"1566166064","2140647031","0.0909091"
"2140647031","1566166064","0.0909091"
"1566166064","2169415164","0.340909"
"2169415164","1566166064","0.340909"
"1611452109","1811793013","0.0909091"
"1811793013","1611452109","0.0909091"
"1611452109","1828773968","0.0909091"
"1828773968","1611452109","0.0909091"
"1611452109","2025678938","5.09091"
"2025678938","1611452109","5.09091"
"1611452109","2030212119","0.0909091"
"2030212119","1611452109","0.0909091"
"1611452109","2119985794","0.0909091"
"2119985794","1611452109","0.0909091"
"1611452109","2136209041","0.0909091"
"2136209041","1611452109","0.0909091"
"1611452109","2140647031","0.0909091"
"2140647031","1611452109","0.0909091"
"1611452109","2169415164","0.0909091"
"2169415164","1611452109","0.0909091"
"1811793013","1828773968","0.0909091"
"1828773968","1811793013","0.0909091"
"1811793013","2025678938","0.0909091"
"2025678938","1811793013","0.0909091"
"1811793013","2030212119","0.0909091"
"2030212119","1811793013","0.0909091"
"1811793013","2119985794","0.0909091"
"2119985794","1811793013","0.0909091"
"1811793013","2136209041","0.0909091"
"2136209041","1811793013","0.0909091"
"1811793013","2140647031","0.0909091"
"2140647031","1811793013","0.0909091"
"1811793013","2169415164","0.0909091"
"2169415164","1811793013","0.0909091"
"1828773968","2025678938","0.0909091"
"2025678938","1828773968","0.0909091"
"1828773968","2030212119","0.0909091"
"2030212119","1828773968","0.0909091"
"1828773968","2119985794","0.0909091"
"2119985794","1828773968","0.0909091"
"1828773968","2136209041","0.0909091"
"2136209041","1828773968","0.0909091"
"1828773968","2140647031","0.0909091"
"2140647031","1828773968","0.0909091"
"1828773968","2169415164","0.0909091"
"2169415164","1828773968","0.0909091"
"2025678938","2030212119","0.0909091"
"2030212119","2025678938","0.0909091"
"2025678938","2119985794","0.0909091"
"2119985794","2025678938","0.0909091"
"2025678938","2136209041","0.0909091"
"2136209041","2025678938","0.0909091"
"2025678938","2140647031","0.0909091"
"2140647031","2025678938","0.0909091"
"2025678938","2169415164","0.0909091"
"2169415164","2025678938","0.0909091"
"2030212119","2119985794","0.0909091"
"2119985794","2030212119","0.0909091"
"2030212119","2136209041","0.340909"
"2136209041","2030212119","0.340909"
"2030212119","2140647031","0.0909091"
"2140647031","2030212119","0.0909091"
"2030212119","2169415164","17.8409"
"2169415164","2030212119","17.8409"
"2119985794","2136209041","0.190909"
"2136209041","2119985794","0.190909"
"2119985794","2140647031","0.0909091"
"2140647031","2119985794","0.0909091"
"2119985794","2169415164","0.0909091"
"2169415164","2119985794","0.0909091"
"2136209041","2140647031","1.09091"
"2140647031","2136209041","1.09091"
"2136209041","2169415164","0.340909"
"2169415164","2136209041","0.340909"
"2140647031","2169415164","0.0909091"
"2169415164","2140647031","0.0909091"
"1494767244","1988894481","0.333333"
"1988894481","1494767244","0.333333"
"1583050638","1988894481","0.333333"
"1988894481","1583050638","0.333333"
"1988894481","2051814858","0.333333"
"2051814858","1988894481","0.333333"
"1494767244","1498464828","0.433333"
"1498464828","1494767244","0.433333"
"1494767244","1574648717","0.1"
"1574648717","1494767244","0.1"
"1494767244","1741087670","0.1"
"1741087670","1494767244","0.1"
"1494767244","1986581064","0.183333"
"1986581064","1494767244","0.183333"
"1494767244","2084334238","0.1"
"2084334238","1494767244","0.1"
"1494767244","2103361705","0.183333"
"2103361705","1494767244","0.183333"
"1494767244","2131613723","0.183333"
"2131613723","1494767244","0.183333"
"1494767244","2162357792","0.1"
"2162357792","1494767244","0.1"
"1498464828","1574648717","0.1"
"1574648717","1498464828","0.1"
"1498464828","1741087670","0.1"
"1741087670","1498464828","0.1"
"1498464828","1986581064","0.183333"
"1986581064","1498464828","0.183333"
"1498464828","2084334238","0.1"
"2084334238","1498464828","0.1"
"1498464828","2103361705","0.183333"
"2103361705","1498464828","0.183333"
"1498464828","2119985794","0.183333"
"2119985794","1498464828","0.183333"
"1498464828","2131613723","0.183333"
"2131613723","1498464828","0.183333"
"1498464828","2136209041","0.1"
"2136209041","1498464828","0.1"
"1498464828","2162357792","0.1"
"2162357792","1498464828","0.1"
"1574648717","1741087670","0.1"
"1741087670","1574648717","0.1"
"1574648717","1986581064","1.1"
"1986581064","1574648717","1.1"
"1574648717","2084334238","1.1"
"2084334238","1574648717","1.1"
"1574648717","2103361705","0.1"
"2103361705","1574648717","0.1"
"1574648717","2119985794","0.1"
"2119985794","1574648717","0.1"
"1574648717","2131613723","0.1"
"2131613723","1574648717","0.1"
"1574648717","2136209041","0.1"
"2136209041","1574648717","0.1"
"1574648717","2162357792","0.1"
"2162357792","1574648717","0.1"
"1741087670","1986581064","0.1"
"1986581064","1741087670","0.1"
"1741087670","2084334238","0.1"
"2084334238","1741087670","0.1"
"1741087670","2103361705","0.1"
"2103361705","1741087670","0.1"
"1741087670","2119985794","0.1"
"2119985794","1741087670","0.1"
"1741087670","2131613723","0.1"
"2131613723","1741087670","0.1"
"1741087670","2136209041","0.1"
"2136209041","1741087670","0.1"
"1741087670","2162357792","2.01667"
"2162357792","1741087670","2.01667"
"1986581064","2084334238","3.43333"
"2084334238","1986581064","3.43333"
"1986581064","2103361705","8.26667"
"2103361705","1986581064","8.26667"
"1986581064","2119985794","0.183333"
"2119985794","1986581064","0.183333"
"1986581064","2131613723","8.26667"
"2131613723","1986581064","8.26667"
"1986581064","2136209041","0.1"
"2136209041","1986581064","0.1"
"1986581064","2162357792","0.1"
"2162357792","1986581064","0.1"
"2084334238","2103361705","1.93333"
"2103361705","2084334238","1.93333"
"2084334238","2119985794","0.1"
"2119985794","2084334238","0.1"
"2084334238","2131613723","1.93333"
"2131613723","2084334238","1.93333"
"2084334238","2136209041","0.1"
"2136209041","2084334238","0.1"
"2084334238","2162357792","0.1"
"2162357792","2084334238","0.1"
"2103361705","2119985794","0.183333"
"2119985794","2103361705","0.183333"
"2103361705","2131613723","8.76667"
"2131613723","2103361705","8.76667"
"2103361705","2136209041","0.1"
"2136209041","2103361705","0.1"
"2103361705","2162357792","0.1"
"2162357792","2103361705","0.1"
"2119985794","2131613723","0.183333"
"2131613723","2119985794","0.183333"
"2119985794","2162357792","0.1"
"2162357792","2119985794","0.1"
"2131613723","2136209041","0.1"
"2136209041","2131613723","0.1"
"2131613723","2162357792","0.1"
"2162357792","2131613723","0.1"
"2136209041","2162357792","0.1"
"2162357792","2136209041","0.1"
"1494767244","1514265166","0.0833333"
"1514265166","1494767244","0.0833333"
"1494767244","1598797431","0.0833333"
"1598797431","1494767244","0.0833333"
"1494767244","1607310371","0.333333"
"1607310371","1494767244","0.333333"
"1494767244","2015235845","0.0833333"
"2015235845","1494767244","0.0833333"
"1494767244","2124551295","0.0833333"
"2124551295","1494767244","0.0833333"
"1498464828","1514265166","0.0833333"
"1514265166","1498464828","0.0833333"
"1498464828","1598797431","0.0833333"
"1598797431","1498464828","0.0833333"
"1498464828","1607310371","0.333333"
"1607310371","1498464828","0.333333"
"1498464828","2015235845","0.0833333"
"2015235845","1498464828","0.0833333"
"1498464828","2051814858","0.0833333"
"2051814858","1498464828","0.0833333"
"1498464828","2124551295","0.0833333"
"2124551295","1498464828","0.0833333"
"1498464828","2126708793","0.333333"
"2126708793","1498464828","0.333333"
"1514265166","1598797431","4.75"
"1598797431","1514265166","4.75"
"1514265166","1607310371","0.0833333"
"1607310371","1514265166","0.0833333"
"1514265166","1986581064","0.0833333"
"1986581064","1514265166","0.0833333"
"1514265166","2015235845","4.75"
"2015235845","1514265166","4.75"
"1514265166","2051814858","0.0833333"
"2051814858","1514265166","0.0833333"
"1514265166","2103361705","0.25"
"2103361705","1514265166","0.25"
"1514265166","2119985794","0.333333"
"2119985794","1514265166","0.333333"
"1514265166","2124551295","1.5"
"2124551295","1514265166","1.5"
"1514265166","2126708793","0.416667"
"2126708793","1514265166","0.416667"
"1514265166","2131613723","0.0833333"
"2131613723","1514265166","0.0833333"
"1598797431","1607310371","0.0833333"
"1607310371","1598797431","0.0833333"
"1598797431","1986581064","0.333333"
"1986581064","1598797431","0.333333"
"1598797431","2015235845","15.5"
"2015235845","1598797431","15.5"
"1598797431","2051814858","0.0833333"
"2051814858","1598797431","0.0833333"
"1598797431","2103361705","0.5"
"2103361705","1598797431","0.5"
"1598797431","2119985794","0.333333"
"2119985794","1598797431","0.333333"
"1598797431","2124551295","2.16667"
"2124551295","1598797431","2.16667"
"1598797431","2126708793","1.58333"
"2126708793","1598797431","1.58333"
"1598797431","2131613723","0.333333"
"2131613723","1598797431","0.333333"
"1607310371","1986581064","0.0833333"
"1986581064","1607310371","0.0833333"
"1607310371","2015235845","0.0833333"
"2015235845","1607310371","0.0833333"
"1607310371","2051814858","0.22619"
"2051814858","1607310371","0.22619"
"1607310371","2103361705","0.0833333"
"2103361705","1607310371","0.0833333"
"1607310371","2119985794","0.0833333"
"2119985794","1607310371","0.0833333"
"1607310371","2124551295","0.0833333"
"2124551295","1607310371","0.0833333"
"1607310371","2126708793","0.47619"
"2126708793","1607310371","0.47619"
"1607310371","2131613723","0.0833333"
"2131613723","1607310371","0.0833333"
"1986581064","2015235845","0.333333"
"2015235845","1986581064","0.333333"
"1986581064","2051814858","0.0833333"
"2051814858","1986581064","0.0833333"
"1986581064","2124551295","0.0833333"
"2124551295","1986581064","0.0833333"
"1986581064","2126708793","0.0833333"
"2126708793","1986581064","0.0833333"
"2015235845","2051814858","0.0833333"
"2051814858","2015235845","0.0833333"
"2015235845","2103361705","0.5"
"2103361705","2015235845","0.5"
"2015235845","2119985794","0.333333"
"2119985794","2015235845","0.333333"
"2015235845","2124551295","2.16667"
"2124551295","2015235845","2.16667"
"2015235845","2126708793","0.583333"
"2126708793","2015235845","0.583333"
"2015235845","2131613723","0.333333"
"2131613723","2015235845","0.333333"
"2051814858","2103361705","0.0833333"
"2103361705","2051814858","0.0833333"
"2051814858","2119985794","0.0833333"
"2119985794","2051814858","0.0833333"
"2051814858","2124551295","0.0833333"
"2124551295","2051814858","0.0833333"
"2051814858","2131613723","0.0833333"
"2131613723","2051814858","0.0833333"
"2103361705","2124551295","0.25"
"2124551295","2103361705","0.25"
"2103361705","2126708793","0.0833333"
"2126708793","2103361705","0.0833333"
"2119985794","2124551295","0.0833333"
"2124551295","2119985794","0.0833333"
"2119985794","2126708793","0.0833333"
"2126708793","2119985794","0.0833333"
"2124551295","2126708793","0.416667"
"2126708793","2124551295","0.416667"
"2124551295","2131613723","0.0833333"
"2131613723","2124551295","0.0833333"
"2126708793","2131613723","0.0833333"
"2131613723","2126708793","0.0833333"
"1498464828","1917404006","0.25"
"1917404006","1498464828","0.25"
"1607310371","1917404006","0.25"
"1917404006","1607310371","0.25"
"1502308272","2030212119","1.25"
"2030212119","1502308272","1.25"
"1502308272","181858752","3.33333"
"181858752","1502308272","3.33333"
"1502308272","1607742411","1"
"1607742411","1502308272","1"
"1502308272","1802455666","0.25"
"1802455666","1502308272","0.25"
"1502308272","1998074979","0.25"
"1998074979","1502308272","0.25"
"1502308272","2140647031","0.25"
"2140647031","1502308272","0.25"
"1502308272","2140967449","0.25"
"2140967449","1502308272","0.25"
"1802455666","1998074979","0.25"
"1998074979","1802455666","0.25"
"1802455666","2140647031","0.25"
"2140647031","1802455666","0.25"
"1802455666","2140967449","1.75"
"2140967449","1802455666","1.75"
"1998074979","2140647031","0.25"
"2140647031","1998074979","0.25"
"1998074979","2140967449","0.25"
"2140967449","1998074979","0.25"
"2140647031","2140967449","0.25"
"2140967449","2140647031","0.25"
"1502308272","1566166064","0.75"
"1566166064","1502308272","0.75"
"1502308272","2136209041","0.25"
"2136209041","1502308272","0.25"
"1502308272","2169415164","0.25"
"2169415164","1502308272","0.25"
"1502308272","1989377254","0.833333"
"1989377254","1502308272","0.833333"
"1502308272","2131839987","0.333333"
"2131839987","1502308272","0.333333"
"181858752","1989377254","0.333333"
"1989377254","181858752","0.333333"
"181858752","2131839987","3.75"
"2131839987","181858752","3.75"
"1989377254","2131839987","0.333333"
"2131839987","1989377254","0.333333"
"1566166064","1989377254","0.5"
"1989377254","1566166064","0.5"
"1502308272","2105967376","1"
"2105967376","1502308272","1"
"1514265166","1836284846","0.166667"
"1836284846","1514265166","0.166667"
"1514265166","2148258840","0.166667"
"2148258840","1514265166","0.166667"
"1598797431","1836284846","0.166667"
"1836284846","1598797431","0.166667"
"1598797431","2148258840","0.166667"
"2148258840","1598797431","0.166667"
"1836284846","2015235845","0.166667"
"2015235845","1836284846","0.166667"
"1836284846","2103361705","0.166667"
"2103361705","1836284846","0.166667"
"1836284846","2124551295","0.166667"
"2124551295","1836284846","0.166667"
"1836284846","2148258840","0.166667"
"2148258840","1836284846","0.166667"
"2015235845","2148258840","0.166667"
"2148258840","2015235845","0.166667"
"2103361705","2148258840","0.166667"
"2148258840","2103361705","0.166667"
"2124551295","2148258840","0.166667"
"2148258840","2124551295","0.166667"
"1514265166","2025678938","0.333333"
"2025678938","1514265166","0.333333"
"1598797431","2025678938","0.333333"
"2025678938","1598797431","0.333333"
"2015235845","2025678938","0.333333"
"2025678938","2015235845","0.333333"
"1514265166","2136209041","0.333333"
"2136209041","1514265166","0.333333"
"2124551295","2136209041","0.333333"
"2136209041","2124551295","0.333333"
"2126708793","2136209041","0.333333"
"2136209041","2126708793","0.333333"
"1514265166","2005708665","0.5"
"2005708665","1514265166","0.5"
"1598797431","2005708665","0.5"
"2005708665","1598797431","0.5"
"2005708665","2015235845","0.5"
"2015235845","2005708665","0.5"
"2005708665","2119985794","0.25"
"2119985794","2005708665","0.25"
"2005708665","2124551295","0.25"
"2124551295","2005708665","0.25"
"1520485355","2121003579","1"
"2121003579","1520485355","1"
"1520485355","2060296418","0.2"
"2060296418","1520485355","0.2"
"1520485355","2105967376","0.7"
"2105967376","1520485355","0.7"
"1520485355","2170134633","0.7"
"2170134633","1520485355","0.7"
"2060296418","2105967376","0.2"
"2105967376","2060296418","0.2"
"2060296418","2170134633","0.2"
"2170134633","2060296418","0.2"
"2105967376","2126965652","0.2"
"2126965652","2105967376","0.2"
"2105967376","2131284663","0.2"
"2131284663","2105967376","0.2"
"2126965652","2170134633","0.2"
"2170134633","2126965652","0.2"
"2131284663","2170134633","0.2"
"2170134633","2131284663","0.2"
"1526666265","1583050638","0.666667"
"1583050638","1526666265","0.666667"
"1526666265","1598102197","1.16667"
"1598102197","1526666265","1.16667"
"1526666265","2148258840","0.333333"
"2148258840","1526666265","0.333333"
"1583050638","2148258840","0.444444"
"2148258840","1583050638","0.444444"
"1598102197","2148258840","0.444444"
"2148258840","1598102197","0.444444"
"1526666265","2105967376","0.833333"
"2105967376","1526666265","0.833333"
"1533565938","1998201987","0.361111"
"1998201987","1533565938","0.361111"
"1598102197","1998201987","0.361111"
"1998201987","1598102197","0.361111"
"1998201987","2554702232","0.25"
"2554702232","1998201987","0.25"
"1533565938","1603171846","2.5"
"1603171846","1533565938","2.5"
"1533565938","2117949357","0.5"
"2117949357","1533565938","0.5"
"1603171846","2117949357","0.5"
"2117949357","1603171846","0.5"
"1533565938","2153544841","0.142857"
"2153544841","1533565938","0.142857"
"1533565938","2563531746","0.142857"
"2563531746","1533565938","0.142857"
"1583050638","2153544841","0.142857"
"2153544841","1583050638","0.142857"
"1583050638","2563531746","0.142857"
"2563531746","1583050638","0.142857"
"1598102197","2153544841","0.142857"
"2153544841","1598102197","0.142857"
"1598102197","2563531746","0.142857"
"2563531746","1598102197","0.142857"
"1904672382","2153544841","0.142857"
"2153544841","1904672382","0.142857"
"1904672382","2563531746","0.142857"
"2563531746","1904672382","0.142857"
"1917404006","2153544841","0.142857"
"2153544841","1917404006","0.142857"
"1917404006","2563531746","0.142857"
"2563531746","1917404006","0.142857"
"2105967376","2153544841","0.142857"
"2153544841","2105967376","0.142857"
"2105967376","2563531746","0.142857"
"2563531746","2105967376","0.142857"
"2153544841","2563531746","0.142857"
"2563531746","2153544841","0.142857"
"1533565938","2148258840","0.111111"
"2148258840","1533565938","0.111111"
"1533565938","2162357792","0.111111"
"2162357792","1533565938","0.111111"
"1583050638","2162357792","0.111111"
"2162357792","1583050638","0.111111"
"1598102197","2162357792","0.111111"
"2162357792","1598102197","0.111111"
"1904672382","1998201987","0.111111"
"1998201987","1904672382","0.111111"
"1904672382","2148258840","0.111111"
"2148258840","1904672382","0.111111"
"1904672382","2162357792","0.361111"
"2162357792","1904672382","0.361111"
"1917404006","2148258840","0.111111"
"2148258840","1917404006","0.111111"
"1917404006","2162357792","0.111111"
"2162357792","1917404006","0.111111"
"1998201987","2105967376","0.503968"
"2105967376","1998201987","0.503968"
"1998201987","2148258840","0.111111"
"2148258840","1998201987","0.111111"
"1998201987","2162357792","0.111111"
"2162357792","1998201987","0.111111"
"1998201987","2170134633","0.503968"
"2170134633","1998201987","0.503968"
"2105967376","2148258840","0.111111"
"2148258840","2105967376","0.111111"
"2105967376","2162357792","0.111111"
"2162357792","2105967376","0.111111"
"2148258840","2162357792","0.111111"
"2162357792","2148258840","0.111111"
"2148258840","2170134633","0.111111"
"2170134633","2148258840","0.111111"
"2162357792","2170134633","0.111111"
"2170134633","2162357792","0.111111"
"1533565938","1607742411","0.5"
"1607742411","1533565938","0.5"
"1533565938","1741087670","0.666667"
"1741087670","1533565938","0.666667"
"1607742411","1741087670","1.5"
"1741087670","1607742411","1.5"
"1533565938","181858752","0.166667"
"181858752","1533565938","0.166667"
"1533565938","2095494974","0.166667"
"2095494974","1533565938","0.166667"
"1533565938","2131839987","0.166667"
"2131839987","1533565938","0.166667"
"1741087670","181858752","0.166667"
"181858752","1741087670","0.166667"
"1741087670","1828773968","0.416667"
"1828773968","1741087670","0.416667"
"1741087670","1904672382","0.416667"
"1904672382","1741087670","0.416667"
"1741087670","2095494974","0.166667"
"2095494974","1741087670","0.166667"
"1741087670","2131839987","0.166667"
"2131839987","1741087670","0.166667"
"181858752","1828773968","0.416667"
"1828773968","181858752","0.416667"
"181858752","1904672382","0.416667"
"1904672382","181858752","0.416667"
"181858752","2095494974","0.166667"
"2095494974","181858752","0.166667"
"1828773968","2095494974","0.166667"
"2095494974","1828773968","0.166667"
"1828773968","2131839987","1.41667"
"2131839987","1828773968","1.41667"
"1904672382","2095494974","0.166667"
"2095494974","1904672382","0.166667"
"1904672382","2131839987","0.416667"
"2131839987","1904672382","0.416667"
"2095494974","2131839987","0.166667"
"2131839987","2095494974","0.166667"
"1539818275","1816167855","9"
"1816167855","1539818275","9"
"1539818275","1607742411","2"
"1607742411","1539818275","2"
"1539818275","1741087670","0.166667"
"1741087670","1539818275","0.166667"
"1539818275","2012477680","0.166667"
"2012477680","1539818275","0.166667"
"1539818275","2025678938","0.166667"
"2025678938","1539818275","0.166667"
"1539818275","2104384523","1.66667"
"2104384523","1539818275","1.66667"
"1539818275","2162357792","0.166667"
"2162357792","1539818275","0.166667"
"1741087670","1816167855","0.166667"
"1816167855","1741087670","0.166667"
"1741087670","2012477680","0.166667"
"2012477680","1741087670","0.166667"
"1741087670","2025678938","0.166667"
"2025678938","1741087670","0.166667"
"1741087670","2104384523","0.166667"
"2104384523","1741087670","0.166667"
"1816167855","2012477680","0.166667"
"2012477680","1816167855","0.166667"
"1816167855","2025678938","1.66667"
"2025678938","1816167855","1.66667"
"1816167855","2104384523","1.66667"
"2104384523","1816167855","1.66667"
"1816167855","2162357792","0.666667"
"2162357792","1816167855","0.666667"
"2012477680","2025678938","0.166667"
"2025678938","2012477680","0.166667"
"2012477680","2162357792","0.166667"
"2162357792","2012477680","0.166667"
"2025678938","2104384523","0.166667"
"2104384523","2025678938","0.166667"
"2025678938","2162357792","1.66667"
"2162357792","2025678938","1.66667"
"2104384523","2162357792","0.166667"
"2162357792","2104384523","0.166667"
"1539818275","2103361705","1.5"
"2103361705","1539818275","1.5"
"1539818275","181858752","0.5"
"181858752","1539818275","0.5"
"1816167855","181858752","0.5"
"181858752","1816167855","0.5"
"1539818275","2060296418","1"
"2060296418","1539818275","1"
"1816167855","2103361705","1.5"
"2103361705","1816167855","1.5"
"1539818275","2030294385","0.333333"
"2030294385","1539818275","0.333333"
"1539818275","2549564015","0.333333"
"2549564015","1539818275","0.333333"
"1816167855","2030294385","0.333333"
"2030294385","1816167855","0.333333"
"1816167855","2549564015","0.333333"
"2549564015","1816167855","0.333333"
"2030294385","2549564015","1.33333"
"2549564015","2030294385","1.33333"
"1543402353","2162357792","1"
"2162357792","1543402353","1"
"1543402353","2140967449","1.5"
"2140967449","1543402353","1.5"
"1543402353","1802455666","0.5"
"1802455666","1543402353","0.5"
"1548271945","1836284846","2"
"1836284846","1548271945","2"
"1548271945","2140967449","18"
"2140967449","1548271945","18"
"1836284846","2140967449","4"
"2140967449","1836284846","4"
"1548271945","2110696556","2"
"2110696556","1548271945","2"
"2110696556","2140967449","1"
"2140967449","2110696556","1"
"1566166064","1741087670","0.25"
"1741087670","1566166064","0.25"
"1566166064","1904672382","0.25"
"1904672382","1566166064","0.25"
"1566166064","2162357792","0.25"
"2162357792","1566166064","0.25"
"1828773968","2162357792","0.25"
"2162357792","1828773968","0.25"
"1574648717","2104384523","1"
"2104384523","1574648717","1"
"1583050638","1607742411","0.25"
"1607742411","1583050638","0.25"
"1583050638","2121003579","0.25"
"2121003579","1583050638","0.25"
"1598102197","1607742411","0.25"
"1607742411","1598102197","0.25"
"1598102197","2121003579","0.25"
"2121003579","1598102197","0.25"
"1607742411","2105967376","0.416667"
"2105967376","1607742411","0.416667"
"1607742411","2121003579","1.25"
"2121003579","1607742411","1.25"
"2105967376","2121003579","0.416667"
"2121003579","2105967376","0.416667"
"1998201987","2126708793","0.392857"
"2126708793","1998201987","0.392857"
"1583050638","1607310371","0.142857"
"1607310371","1583050638","0.142857"
"1583050638","1991609060","0.142857"
"1991609060","1583050638","0.142857"
"1607310371","1991609060","0.142857"
"1991609060","1607310371","0.142857"
"1607310371","1998201987","0.142857"
"1998201987","1607310371","0.142857"
"1607310371","2105967376","0.142857"
"2105967376","1607310371","0.142857"
"1607310371","2170134633","0.142857"
"2170134633","1607310371","0.142857"
"1991609060","1998201987","1.14286"
"1998201987","1991609060","1.14286"
"1991609060","2051814858","1.64286"
"2051814858","1991609060","1.64286"
"1991609060","2105967376","0.309524"
"2105967376","1991609060","0.309524"
"1991609060","2126708793","0.142857"
"2126708793","1991609060","0.142857"
"1991609060","2170134633","0.309524"
"2170134633","1991609060","0.309524"
"1998201987","2051814858","1.14286"
"2051814858","1998201987","1.14286"
"1598797431","2126965652","0.5"
"2126965652","1598797431","0.5"
"1598797431","2131284663","0.5"
"2131284663","1598797431","0.5"
"1603171846","1607742411","0.333333"
"1607742411","1603171846","0.333333"
"1603171846","1831426187","0.333333"
"1831426187","1603171846","0.333333"
"1603171846","1991609060","0.333333"
"1991609060","1603171846","0.333333"
"1607742411","1831426187","0.833333"
"1831426187","1607742411","0.833333"
"1607742411","1991609060","0.5"
"1991609060","1607742411","0.5"
"1831426187","1991609060","0.5"
"1991609060","1831426187","0.5"
"1603171846","2121003579","2"
"2121003579","1603171846","2"
"1603171846","1917404006","2"
"1917404006","1603171846","2"
"1603171846","2170134633","1"
"2170134633","1603171846","1"
"1607742411","2162357792","2"
"2162357792","1607742411","2"
"1607742411","1904672382","1"
"1904672382","1607742411","1"
"1607742411","2115050216","1"
"2115050216","1607742411","1"
"1831426187","2121003579","0.5"
"2121003579","1831426187","0.5"
"2115050216","2121003579","1"
"2121003579","2115050216","1"
"1607742411","2170134633","0.166667"
"2170134633","1607742411","0.166667"
"1831426187","2105967376","0.166667"
"2105967376","1831426187","0.166667"
"1831426187","2170134633","0.166667"
"2170134633","1831426187","0.166667"
"1991609060","2115050216","0.166667"
"2115050216","1991609060","0.166667"
"1991609060","2121003579","0.166667"
"2121003579","1991609060","0.166667"
"2105967376","2115050216","0.166667"
"2115050216","2105967376","0.166667"
"2115050216","2170134633","0.166667"
"2170134633","2115050216","0.166667"
"2121003579","2170134633","0.166667"
"2170134633","2121003579","0.166667"
"1646476837","1672113969","1.44444"
"1672113969","1646476837","1.44444"
"1646476837","2071108539","1.02778"
"2071108539","1646476837","1.02778"
"1646476837","2550781467","2.27778"
"2550781467","1646476837","2.27778"
"1646476837","2563531746","1.86111"
"2563531746","1646476837","1.86111"
"1672113969","2071108539","0.694444"
"2071108539","1672113969","0.694444"
"1672113969","2550781467","0.777778"
"2550781467","1672113969","0.777778"
"1672113969","2563531746","1.19444"
"2563531746","1672113969","1.19444"
"2071108539","2550781467","0.444444"
"2550781467","2071108539","0.444444"
"2071108539","2563531746","11.504"
"2563531746","2071108539","11.504"
"2550781467","2563531746","0.777778"
"2563531746","2550781467","0.777778"
"1646476837","1674074141","0.569444"
"1674074141","1646476837","0.569444"
"1646476837","2016336890","0.694444"
"2016336890","1646476837","0.694444"
"1646476837","2065749518","0.208333"
"2065749518","1646476837","0.208333"
"1646476837","2555449513","0.694444"
"2555449513","1646476837","0.694444"
"1646476837","2744049423","0.569444"
"2744049423","1646476837","0.569444"
"1672113969","1674074141","0.902778"
"1674074141","1672113969","0.902778"
"1672113969","2016336890","0.694444"
"2016336890","1672113969","0.694444"
"1672113969","2065749518","1.20833"
"2065749518","1672113969","1.20833"
"1672113969","2555449513","0.694444"
"2555449513","1672113969","0.694444"
"1672113969","2744049423","0.569444"
"2744049423","1672113969","0.569444"
"1674074141","2016336890","0.712302"
"2016336890","1674074141","0.712302"
"1674074141","2065749518","0.458333"
"2065749518","1674074141","0.458333"
"1674074141","2071108539","0.712302"
"2071108539","1674074141","0.712302"
"1674074141","2555449513","0.712302"
"2555449513","1674074141","0.712302"
"1674074141","2563531746","0.962302"
"2563531746","1674074141","0.962302"
"1674074141","2744049423","0.569444"
"2744049423","1674074141","0.569444"
"2016336890","2065749518","0.208333"
"2065749518","2016336890","0.208333"
"2016336890","2071108539","1.17063"
"2071108539","2016336890","1.17063"
"2016336890","2555449513","1.67063"
"2555449513","2016336890","1.67063"
"2016336890","2563531746","1.17063"
"2563531746","2016336890","1.17063"
"2016336890","2744049423","0.819444"
"2744049423","2016336890","0.819444"
"2065749518","2071108539","0.208333"
"2071108539","2065749518","0.208333"
"2065749518","2555449513","0.208333"
"2555449513","2065749518","0.208333"
"2065749518","2563531746","0.458333"
"2563531746","2065749518","0.458333"
"2065749518","2744049423","0.208333"
"2744049423","2065749518","0.208333"
"2071108539","2555449513","0.587302"
"2555449513","2071108539","0.587302"
"2071108539","2744049423","0.319444"
"2744049423","2071108539","0.319444"
"2555449513","2563531746","0.587302"
"2563531746","2555449513","0.587302"
