"1035178397","1785948783","2"
"1785948783","1035178397","2"
"1035178397","1992020065","0.316667"
"1992020065","1035178397","0.316667"
"1035178397","2100363292","0.5"
"2100363292","1035178397","0.5"
"1035178397","2151579438","0.25"
"2151579438","1035178397","0.25"
"1035178397","2154123601","0.25"
"2154123601","1035178397","0.25"
"1992020065","2100363292","0.583333"
"2100363292","1992020065","0.583333"
"1992020065","2151579438","0.916667"
"2151579438","1992020065","0.916667"
"1992020065","2154123601","0.916667"
"2154123601","1992020065","0.916667"
"2100363292","2151579438","3.275"
"2151579438","2100363292","3.275"
"2100363292","2154123601","3.275"
"2154123601","2100363292","3.275"
"2151579438","2154123601","2.325"
"2154123601","2151579438","2.325"
"1035178397","1575672444","0.25"
"1575672444","1035178397","0.25"
"1035178397","2130276094","0.316667"
"2130276094","1035178397","0.316667"
"1035178397","2257985229","0.25"
"2257985229","1035178397","0.25"
"1575672444","2100363292","0.25"
"2100363292","1575672444","0.25"
"1575672444","2130276094","0.416667"
"2130276094","1575672444","0.416667"
"1575672444","2257985229","16.4833"
"2257985229","1575672444","16.4833"
"2100363292","2130276094","0.375"
"2130276094","2100363292","0.375"
"2100363292","2257985229","1.325"
"2257985229","2100363292","1.325"
"2130276094","2257985229","0.875"
"2257985229","2130276094","0.875"
"1035178397","128631881","0.0666667"
"128631881","1035178397","0.0666667"
"1035178397","138371643","0.0666667"
"138371643","1035178397","0.0666667"
"1035178397","1525869693","0.0666667"
"1525869693","1035178397","0.0666667"
"1035178397","1552724333","0.0666667"
"1552724333","1035178397","0.0666667"
"1035178397","1565550083","1.06667"
"1565550083","1035178397","1.06667"
"1035178397","1989158699","0.0666667"
"1989158699","1035178397","0.0666667"
"1035178397","2011392916","0.0666667"
"2011392916","1035178397","0.0666667"
"1035178397","2065075311","0.0666667"
"2065075311","1035178397","0.0666667"
"1035178397","2069568767","0.0666667"
"2069568767","1035178397","0.0666667"
"1035178397","2106953071","0.0666667"
"2106953071","1035178397","0.0666667"
"1035178397","2143625384","0.0666667"
"2143625384","1035178397","0.0666667"
"1035178397","241245035","0.0666667"
"241245035","1035178397","0.0666667"
"1035178397","65495352","0.0666667"
"65495352","1035178397","0.0666667"
"128631881","138371643","0.458824"
"138371643","128631881","0.458824"
"128631881","1525869693","0.0666667"
"1525869693","128631881","0.0666667"
"128631881","1552724333","0.12549"
"1552724333","128631881","0.12549"
"128631881","1565550083","0.0666667"
"1565550083","128631881","0.0666667"
"128631881","1989158699","0.12549"
"1989158699","128631881","0.12549"
"128631881","1992020065","0.0666667"
"1992020065","128631881","0.0666667"
"128631881","2011392916","0.12549"
"2011392916","128631881","0.12549"
"128631881","2065075311","1.72549"
"2065075311","128631881","1.72549"
"128631881","2069568767","0.0666667"
"2069568767","128631881","0.0666667"
"128631881","2106953071","0.32549"
"2106953071","128631881","0.32549"
"128631881","2130276094","0.62549"
"2130276094","128631881","0.62549"
"128631881","2143625384","1.89216"
"2143625384","128631881","1.89216"
"128631881","241245035","0.52549"
"241245035","128631881","0.52549"
"128631881","65495352","0.0666667"
"65495352","128631881","0.0666667"
"138371643","1525869693","0.4"
"1525869693","138371643","0.4"
"138371643","1552724333","0.12549"
"1552724333","138371643","0.12549"
"138371643","1565550083","0.0666667"
"1565550083","138371643","0.0666667"
"138371643","1989158699","0.12549"
"1989158699","138371643","0.12549"
"138371643","1992020065","0.0666667"
"1992020065","138371643","0.0666667"
"138371643","2011392916","0.12549"
"2011392916","138371643","0.12549"
"138371643","2065075311","1.18501"
"2065075311","138371643","1.18501"
"138371643","2069568767","0.316667"
"2069568767","138371643","0.316667"
"138371643","2106953071","7.43501"
"2106953071","138371643","7.43501"
"138371643","2130276094","0.62549"
"2130276094","138371643","0.62549"
"138371643","2143625384","0.935014"
"2143625384","138371643","0.935014"
"138371643","241245035","0.601681"
"241245035","138371643","0.601681"
"138371643","65495352","0.0666667"
"65495352","138371643","0.0666667"
"1525869693","1552724333","0.0666667"
"1552724333","1525869693","0.0666667"
"1525869693","1565550083","0.233333"
"1565550083","1525869693","0.233333"
"1525869693","1989158699","0.0666667"
"1989158699","1525869693","0.0666667"
"1525869693","1992020065","0.0666667"
"1992020065","1525869693","0.0666667"
"1525869693","2011392916","0.0666667"
"2011392916","1525869693","0.0666667"
"1525869693","2065075311","0.316667"
"2065075311","1525869693","0.316667"
"1525869693","2069568767","0.516667"
"2069568767","1525869693","0.516667"
"1525869693","2106953071","0.483333"
"2106953071","1525869693","0.483333"
"1525869693","2130276094","0.316667"
"2130276094","1525869693","0.316667"
"1525869693","2143625384","0.15"
"2143625384","1525869693","0.15"
"1525869693","241245035","0.0666667"
"241245035","1525869693","0.0666667"
"1525869693","65495352","0.0666667"
"65495352","1525869693","0.0666667"
"1552724333","1565550083","0.0666667"
"1565550083","1552724333","0.0666667"
"1552724333","1989158699","0.12549"
"1989158699","1552724333","0.12549"
"1552724333","1992020065","0.0666667"
"1992020065","1552724333","0.0666667"
"1552724333","2011392916","0.12549"
"2011392916","1552724333","0.12549"
"1552724333","2065075311","0.12549"
"2065075311","1552724333","0.12549"
"1552724333","2069568767","0.0666667"
"2069568767","1552724333","0.0666667"
"1552724333","2106953071","0.12549"
"2106953071","1552724333","0.12549"
"1552724333","2130276094","0.12549"
"2130276094","1552724333","0.12549"
"1552724333","2143625384","0.12549"
"2143625384","1552724333","0.12549"
"1552724333","241245035","0.12549"
"241245035","1552724333","0.12549"
"1552724333","65495352","0.0666667"
"65495352","1552724333","0.0666667"
"1565550083","1989158699","0.0666667"
"1989158699","1565550083","0.0666667"
"1565550083","1992020065","0.0666667"
"1992020065","1565550083","0.0666667"
"1565550083","2011392916","0.0666667"
"2011392916","1565550083","0.0666667"
"1565550083","2065075311","0.0666667"
"2065075311","1565550083","0.0666667"
"1565550083","2069568767","1.56667"
"2069568767","1565550083","1.56667"
"1565550083","2106953071","0.0666667"
"2106953071","1565550083","0.0666667"
"1565550083","2130276094","1.06667"
"2130276094","1565550083","1.06667"
"1565550083","2143625384","0.0666667"
"2143625384","1565550083","0.0666667"
"1565550083","241245035","0.0666667"
"241245035","1565550083","0.0666667"
"1565550083","65495352","0.0666667"
"65495352","1565550083","0.0666667"
"1989158699","1992020065","0.0666667"
"1992020065","1989158699","0.0666667"
"1989158699","2011392916","0.12549"
"2011392916","1989158699","0.12549"
"1989158699","2065075311","0.12549"
"2065075311","1989158699","0.12549"
"1989158699","2069568767","0.0666667"
"2069568767","1989158699","0.0666667"
"1989158699","2106953071","0.12549"
"2106953071","1989158699","0.12549"
"1989158699","2130276094","0.12549"
"2130276094","1989158699","0.12549"
"1989158699","2143625384","0.12549"
"2143625384","1989158699","0.12549"
"1989158699","241245035","0.12549"
"241245035","1989158699","0.12549"
"1989158699","65495352","0.0666667"
"65495352","1989158699","0.0666667"
"1992020065","2011392916","0.0666667"
"2011392916","1992020065","0.0666667"
"1992020065","2065075311","0.0666667"
"2065075311","1992020065","0.0666667"
"1992020065","2069568767","0.0666667"
"2069568767","1992020065","0.0666667"
"1992020065","2106953071","0.0666667"
"2106953071","1992020065","0.0666667"
"1992020065","2130276094","0.0666667"
"2130276094","1992020065","0.0666667"
"1992020065","2143625384","0.0666667"
"2143625384","1992020065","0.0666667"
"1992020065","241245035","0.0666667"
"241245035","1992020065","0.0666667"
"1992020065","65495352","0.0666667"
"65495352","1992020065","0.0666667"
"2011392916","2065075311","0.12549"
"2065075311","2011392916","0.12549"
"2011392916","2069568767","0.0666667"
"2069568767","2011392916","0.0666667"
"2011392916","2106953071","0.12549"
"2106953071","2011392916","0.12549"
"2011392916","2130276094","0.12549"
"2130276094","2011392916","0.12549"
"2011392916","2143625384","0.12549"
"2143625384","2011392916","0.12549"
"2011392916","241245035","0.12549"
"241245035","2011392916","0.12549"
"2011392916","65495352","0.0666667"
"65495352","2011392916","0.0666667"
"2065075311","2069568767","0.316667"
"2069568767","2065075311","0.316667"
"2065075311","2106953071","1.25168"
"2106953071","2065075311","1.25168"
"2065075311","2130276094","0.292157"
"2130276094","2065075311","0.292157"
"2065075311","2143625384","4.73501"
"2143625384","2065075311","4.73501"
"2065075311","241245035","1.53501"
"241245035","2065075311","1.53501"
"2065075311","65495352","0.0666667"
"65495352","2065075311","0.0666667"
"2069568767","2106953071","0.4"
"2106953071","2069568767","0.4"
"2069568767","2130276094","1.48333"
"2130276094","2069568767","1.48333"
"2069568767","2143625384","0.483333"
"2143625384","2069568767","0.483333"
"2069568767","241245035","0.0666667"
"241245035","2069568767","0.0666667"
"2069568767","65495352","0.0666667"
"65495352","2069568767","0.0666667"
"2106953071","2130276094","0.708824"
"2130276094","2106953071","0.708824"
"2106953071","2143625384","1.08501"
"2143625384","2106953071","1.08501"
"2106953071","241245035","0.801681"
"241245035","2106953071","0.801681"
"2106953071","65495352","0.0666667"
"65495352","2106953071","0.0666667"
"2130276094","2143625384","1.20882"
"2143625384","2130276094","1.20882"
"2130276094","241245035","0.292157"
"241245035","2130276094","0.292157"
"2130276094","65495352","0.0666667"
"65495352","2130276094","0.0666667"
"2143625384","241245035","3.53501"
"241245035","2143625384","3.53501"
"2143625384","65495352","0.0666667"
"65495352","2143625384","0.0666667"
"241245035","65495352","0.0666667"
"65495352","241245035","0.0666667"
"123644919","2257985229","1"
"2257985229","123644919","1"
"123644919","2151579438","1.33333"
"2151579438","123644919","1.33333"
"123644919","2290345351","0.5"
"2290345351","123644919","0.5"
"123644919","2937406434","0.583333"
"2937406434","123644919","0.583333"
"2290345351","2937406434","6.5"
"2937406434","2290345351","6.5"
"123644919","1525869693","0.0833333"
"1525869693","123644919","0.0833333"
"123644919","1532708211","0.0833333"
"1532708211","123644919","0.0833333"
"123644919","1563301027","0.0833333"
"1563301027","123644919","0.0833333"
"123644919","1601110432","0.0833333"
"1601110432","123644919","0.0833333"
"123644919","1969109761","0.0833333"
"1969109761","123644919","0.0833333"
"123644919","2040517709","0.0833333"
"2040517709","123644919","0.0833333"
"123644919","2069568767","0.0833333"
"2069568767","123644919","0.0833333"
"123644919","2106953071","0.0833333"
"2106953071","123644919","0.0833333"
"123644919","2130276094","0.0833333"
"2130276094","123644919","0.0833333"
"123644919","2143625384","0.0833333"
"2143625384","123644919","0.0833333"
"123644919","2588930679","0.0833333"
"2588930679","123644919","0.0833333"
"1525869693","1532708211","0.0833333"
"1532708211","1525869693","0.0833333"
"1525869693","1563301027","0.0833333"
"1563301027","1525869693","0.0833333"
"1525869693","1601110432","0.0833333"
"1601110432","1525869693","0.0833333"
"1525869693","1969109761","0.0833333"
"1969109761","1525869693","0.0833333"
"1525869693","2040517709","0.0833333"
"2040517709","1525869693","0.0833333"
"1525869693","2588930679","0.283333"
"2588930679","1525869693","0.283333"
"1525869693","2937406434","0.333333"
"2937406434","1525869693","0.333333"
"1532708211","1563301027","0.142157"
"1563301027","1532708211","0.142157"
"1532708211","1601110432","0.0833333"
"1601110432","1532708211","0.0833333"
"1532708211","1969109761","2.66667"
"1969109761","1532708211","2.66667"
"1532708211","2040517709","0.0833333"
"2040517709","1532708211","0.0833333"
"1532708211","2069568767","0.0833333"
"2069568767","1532708211","0.0833333"
"1532708211","2106953071","1.86835"
"2106953071","1532708211","1.86835"
"1532708211","2130276094","0.142157"
"2130276094","1532708211","0.142157"
"1532708211","2143625384","0.285014"
"2143625384","1532708211","0.285014"
"1532708211","2588930679","0.0833333"
"2588930679","1532708211","0.0833333"
"1532708211","2937406434","0.0833333"
"2937406434","1532708211","0.0833333"
"1563301027","1601110432","0.0833333"
"1601110432","1563301027","0.0833333"
"1563301027","1969109761","0.0833333"
"1969109761","1563301027","0.0833333"
"1563301027","2040517709","0.0833333"
"2040517709","1563301027","0.0833333"
"1563301027","2069568767","0.0833333"
"2069568767","1563301027","0.0833333"
"1563301027","2106953071","0.342157"
"2106953071","1563301027","0.342157"
"1563301027","2130276094","0.142157"
"2130276094","1563301027","0.142157"
"1563301027","2143625384","0.342157"
"2143625384","1563301027","0.342157"
"1563301027","2588930679","0.0833333"
"2588930679","1563301027","0.0833333"
"1563301027","2937406434","0.0833333"
"2937406434","1563301027","0.0833333"
"1601110432","1969109761","0.0833333"
"1969109761","1601110432","0.0833333"
"1601110432","2040517709","0.0833333"
"2040517709","1601110432","0.0833333"
"1601110432","2069568767","0.0833333"
"2069568767","1601110432","0.0833333"
"1601110432","2106953071","0.0833333"
"2106953071","1601110432","0.0833333"
"1601110432","2130276094","0.0833333"
"2130276094","1601110432","0.0833333"
"1601110432","2143625384","0.0833333"
"2143625384","1601110432","0.0833333"
"1601110432","2588930679","0.0833333"
"2588930679","1601110432","0.0833333"
"1601110432","2937406434","0.0833333"
"2937406434","1601110432","0.0833333"
"1969109761","2040517709","0.0833333"
"2040517709","1969109761","0.0833333"
"1969109761","2069568767","0.0833333"
"2069568767","1969109761","0.0833333"
"1969109761","2106953071","1.41667"
"2106953071","1969109761","1.41667"
"1969109761","2130276094","0.0833333"
"2130276094","1969109761","0.0833333"
"1969109761","2143625384","0.0833333"
"2143625384","1969109761","0.0833333"
"1969109761","2588930679","0.0833333"
"2588930679","1969109761","0.0833333"
"1969109761","2937406434","0.0833333"
"2937406434","1969109761","0.0833333"
"2040517709","2069568767","0.0833333"
"2069568767","2040517709","0.0833333"
"2040517709","2106953071","0.0833333"
"2106953071","2040517709","0.0833333"
"2040517709","2130276094","0.0833333"
"2130276094","2040517709","0.0833333"
"2040517709","2143625384","0.0833333"
"2143625384","2040517709","0.0833333"
"2040517709","2588930679","0.0833333"
"2588930679","2040517709","0.0833333"
"2040517709","2937406434","0.0833333"
"2937406434","2040517709","0.0833333"
"2069568767","2588930679","0.283333"
"2588930679","2069568767","0.283333"
"2069568767","2937406434","0.333333"
"2937406434","2069568767","0.333333"
"2106953071","2588930679","0.0833333"
"2588930679","2106953071","0.0833333"
"2106953071","2937406434","0.583333"
"2937406434","2106953071","0.583333"
"2130276094","2588930679","0.0833333"
"2588930679","2130276094","0.0833333"
"2130276094","2937406434","0.0833333"
"2937406434","2130276094","0.0833333"
"2143625384","2588930679","0.283333"
"2588930679","2143625384","0.283333"
"2143625384","2937406434","0.0833333"
"2937406434","2143625384","0.0833333"
"2588930679","2937406434","0.583333"
"2937406434","2588930679","0.583333"
"123644919","2045979628","0.333333"
"2045979628","123644919","0.333333"
"123644919","2129347810","0.333333"
"2129347810","123644919","0.333333"
"2045979628","2129347810","0.333333"
"2129347810","2045979628","0.333333"
"2045979628","2151579438","0.333333"
"2151579438","2045979628","0.333333"
"2129347810","2151579438","0.833333"
"2151579438","2129347810","0.833333"
"128631881","1563301027","0.258824"
"1563301027","128631881","0.258824"
"128631881","2257985229","0.733333"
"2257985229","128631881","0.733333"
"1563301027","2065075311","0.258824"
"2065075311","1563301027","0.258824"
"1563301027","2257985229","0.2"
"2257985229","1563301027","0.2"
"2065075311","2257985229","0.983333"
"2257985229","2065075311","0.983333"
"2106953071","2257985229","1.36667"
"2257985229","2106953071","1.36667"
"2143625384","2257985229","0.733333"
"2257985229","2143625384","0.733333"
"128631881","1575672444","0.2"
"1575672444","128631881","0.2"
"1575672444","2065075311","0.2"
"2065075311","1575672444","0.2"
"1575672444","2143625384","0.2"
"2143625384","1575672444","0.2"
"1575672444","241245035","0.2"
"241245035","1575672444","0.2"
"2257985229","241245035","0.2"
"241245035","2257985229","0.2"
"128631881","2290345351","0.458824"
"2290345351","128631881","0.458824"
"128631881","2523039601","0.2"
"2523039601","128631881","0.2"
"128631881","2593911197","0.592157"
"2593911197","128631881","0.592157"
"128631881","2736089194","0.258824"
"2736089194","128631881","0.258824"
"128631881","2901490087","0.2"
"2901490087","128631881","0.2"
"2290345351","2523039601","1.2"
"2523039601","2290345351","1.2"
"2290345351","2593911197","0.258824"
"2593911197","2290345351","0.258824"
"2290345351","2736089194","0.758824"
"2736089194","2290345351","0.758824"
"2290345351","2901490087","1.7"
"2901490087","2290345351","1.7"
"2523039601","2593911197","0.2"
"2593911197","2523039601","0.2"
"2523039601","2736089194","0.2"
"2736089194","2523039601","0.2"
"2523039601","2901490087","10.2595"
"2901490087","2523039601","10.2595"
"2593911197","2736089194","1.75882"
"2736089194","2593911197","1.75882"
"2593911197","2901490087","0.2"
"2901490087","2593911197","0.2"
"2736089194","2901490087","0.7"
"2901490087","2736089194","0.7"
"128631881","2588930679","0.2"
"2588930679","128631881","0.2"
"2065075311","2290345351","0.508824"
"2290345351","2065075311","0.508824"
"2065075311","2588930679","0.2"
"2588930679","2065075311","0.2"
"2143625384","2290345351","0.258824"
"2290345351","2143625384","0.258824"
"2290345351","241245035","0.258824"
"241245035","2290345351","0.258824"
"2290345351","2588930679","2.7"
"2588930679","2290345351","2.7"
"241245035","2588930679","0.2"
"2588930679","241245035","0.2"
"128631881","1501008903","0.0588235"
"1501008903","128631881","0.0588235"
"128631881","1532708211","0.392157"
"1532708211","128631881","0.392157"
"128631881","1576734341","0.0588235"
"1576734341","128631881","0.0588235"
"128631881","2509253603","0.0588235"
"2509253603","128631881","0.0588235"
"138371643","1501008903","0.0588235"
"1501008903","138371643","0.0588235"
"138371643","1532708211","3.03501"
"1532708211","138371643","3.03501"
"138371643","1563301027","0.0588235"
"1563301027","138371643","0.0588235"
"138371643","1576734341","0.0588235"
"1576734341","138371643","0.0588235"
"138371643","2290345351","0.0588235"
"2290345351","138371643","0.0588235"
"138371643","2509253603","0.0588235"
"2509253603","138371643","0.0588235"
"138371643","2593911197","0.0588235"
"2593911197","138371643","0.0588235"
"138371643","2736089194","0.0588235"
"2736089194","138371643","0.0588235"
"1501008903","1532708211","0.758824"
"1532708211","1501008903","0.758824"
"1501008903","1552724333","0.0588235"
"1552724333","1501008903","0.0588235"
"1501008903","1563301027","0.0588235"
"1563301027","1501008903","0.0588235"
"1501008903","1576734341","0.0588235"
"1576734341","1501008903","0.0588235"
"1501008903","1989158699","0.0588235"
"1989158699","1501008903","0.0588235"
"1501008903","2011392916","0.0588235"
"2011392916","1501008903","0.0588235"
"1501008903","2065075311","0.0588235"
"2065075311","1501008903","0.0588235"
"1501008903","2106953071","0.0588235"
"2106953071","1501008903","0.0588235"
"1501008903","2130276094","0.183824"
"2130276094","1501008903","0.183824"
"1501008903","2143625384","1.05882"
"2143625384","1501008903","1.05882"
"1501008903","2290345351","0.558824"
"2290345351","1501008903","0.558824"
"1501008903","241245035","0.0588235"
"241245035","1501008903","0.0588235"
"1501008903","2509253603","0.0588235"
"2509253603","1501008903","0.0588235"
"1501008903","2593911197","0.183824"
"2593911197","1501008903","0.183824"
"1501008903","2736089194","0.0588235"
"2736089194","1501008903","0.0588235"
"1532708211","1552724333","0.0588235"
"1552724333","1532708211","0.0588235"
"1532708211","1576734341","0.0588235"
"1576734341","1532708211","0.0588235"
"1532708211","1989158699","0.0588235"
"1989158699","1532708211","0.0588235"
"1532708211","2011392916","0.0588235"
"2011392916","1532708211","0.0588235"
"1532708211","2065075311","0.535014"
"2065075311","1532708211","0.535014"
"1532708211","2290345351","0.558824"
"2290345351","1532708211","0.558824"
"1532708211","241245035","0.451681"
"241245035","1532708211","0.451681"
"1532708211","2509253603","0.0588235"
"2509253603","1532708211","0.0588235"
"1532708211","2593911197","0.392157"
"2593911197","1532708211","0.392157"
"1532708211","2736089194","0.0588235"
"2736089194","1532708211","0.0588235"
"1552724333","1563301027","0.0588235"
"1563301027","1552724333","0.0588235"
"1552724333","1576734341","0.0588235"
"1576734341","1552724333","0.0588235"
"1552724333","2290345351","0.0588235"
"2290345351","1552724333","0.0588235"
"1552724333","2509253603","0.0588235"
"2509253603","1552724333","0.0588235"
"1552724333","2593911197","0.0588235"
"2593911197","1552724333","0.0588235"
"1552724333","2736089194","0.0588235"
"2736089194","1552724333","0.0588235"
"1563301027","1576734341","0.0588235"
"1576734341","1563301027","0.0588235"
"1563301027","1989158699","0.0588235"
"1989158699","1563301027","0.0588235"
"1563301027","2011392916","0.0588235"
"2011392916","1563301027","0.0588235"
"1563301027","2290345351","0.0588235"
"2290345351","1563301027","0.0588235"
"1563301027","241245035","0.0588235"
"241245035","1563301027","0.0588235"
"1563301027","2509253603","0.0588235"
"2509253603","1563301027","0.0588235"
"1563301027","2593911197","0.0588235"
"2593911197","1563301027","0.0588235"
"1563301027","2736089194","0.0588235"
"2736089194","1563301027","0.0588235"
"1576734341","1989158699","0.0588235"
"1989158699","1576734341","0.0588235"
"1576734341","2011392916","0.0588235"
"2011392916","1576734341","0.0588235"
"1576734341","2065075311","0.0588235"
"2065075311","1576734341","0.0588235"
"1576734341","2106953071","0.0588235"
"2106953071","1576734341","0.0588235"
"1576734341","2130276094","0.0588235"
"2130276094","1576734341","0.0588235"
"1576734341","2143625384","0.0588235"
"2143625384","1576734341","0.0588235"
"1576734341","2290345351","0.0588235"
"2290345351","1576734341","0.0588235"
"1576734341","241245035","0.0588235"
"241245035","1576734341","0.0588235"
"1576734341","2509253603","3.42549"
"2509253603","1576734341","3.42549"
"1576734341","2593911197","0.0588235"
"2593911197","1576734341","0.0588235"
"1576734341","2736089194","0.0588235"
"2736089194","1576734341","0.0588235"
"1989158699","2290345351","0.0588235"
"2290345351","1989158699","0.0588235"
"1989158699","2509253603","0.0588235"
"2509253603","1989158699","0.0588235"
"1989158699","2593911197","0.0588235"
"2593911197","1989158699","0.0588235"
"1989158699","2736089194","0.0588235"
"2736089194","1989158699","0.0588235"
"2011392916","2290345351","0.0588235"
"2290345351","2011392916","0.0588235"
"2011392916","2509253603","0.0588235"
"2509253603","2011392916","0.0588235"
"2011392916","2593911197","0.0588235"
"2593911197","2011392916","0.0588235"
"2011392916","2736089194","0.0588235"
"2736089194","2011392916","0.0588235"
"2065075311","2509253603","0.0588235"
"2509253603","2065075311","0.0588235"
"2065075311","2593911197","0.392157"
"2593911197","2065075311","0.392157"
"2065075311","2736089194","1.05882"
"2736089194","2065075311","1.05882"
"2106953071","2290345351","0.308824"
"2290345351","2106953071","0.308824"
"2106953071","2509253603","0.0588235"
"2509253603","2106953071","0.0588235"
"2106953071","2593911197","0.0588235"
"2593911197","2106953071","0.0588235"
"2106953071","2736089194","0.0588235"
"2736089194","2106953071","0.0588235"
"2130276094","2290345351","0.0588235"
"2290345351","2130276094","0.0588235"
"2130276094","2509253603","0.0588235"
"2509253603","2130276094","0.0588235"
"2130276094","2593911197","0.183824"
"2593911197","2130276094","0.183824"
"2130276094","2736089194","0.0588235"
"2736089194","2130276094","0.0588235"
"2143625384","2509253603","0.0588235"
"2509253603","2143625384","0.0588235"
"2143625384","2593911197","0.0588235"
"2593911197","2143625384","0.0588235"
"2143625384","2736089194","0.0588235"
"2736089194","2143625384","0.0588235"
"2290345351","2509253603","0.0588235"
"2509253603","2290345351","0.0588235"
"241245035","2509253603","0.0588235"
"2509253603","241245035","0.0588235"
"241245035","2593911197","0.0588235"
"2593911197","241245035","0.0588235"
"241245035","2736089194","0.0588235"
"2736089194","241245035","0.0588235"
"2509253603","2593911197","0.0588235"
"2593911197","2509253603","0.0588235"
"2509253603","2736089194","0.0588235"
"2736089194","2509253603","0.0588235"
"138371643","2523039601","0.642857"
"2523039601","138371643","0.642857"
"138371643","2901490087","0.47619"
"2901490087","138371643","0.47619"
"1532708211","2523039601","0.392857"
"2523039601","1532708211","0.392857"
"1532708211","2901490087","0.392857"
"2901490087","1532708211","0.392857"
"2065075311","2523039601","1.17619"
"2523039601","2065075311","1.17619"
"2065075311","2901490087","0.142857"
"2901490087","2065075311","0.142857"
"2106953071","2523039601","0.842857"
"2523039601","2106953071","0.842857"
"2106953071","2901490087","0.47619"
"2901490087","2106953071","0.47619"
"2143625384","2523039601","1.67619"
"2523039601","2143625384","1.67619"
"2143625384","2901490087","0.642857"
"2901490087","2143625384","0.642857"
"241245035","2523039601","1.09286"
"2523039601","241245035","1.09286"
"241245035","2901490087","0.392857"
"2901490087","241245035","0.392857"
"138371643","2937406434","0.25"
"2937406434","138371643","0.25"
"2065075311","2937406434","0.5"
"2937406434","2065075311","0.5"
"138371643","2154358621","0.333333"
"2154358621","138371643","0.333333"
"2065075311","2154358621","0.866667"
"2154358621","2065075311","0.866667"
"2106953071","2154358621","0.533333"
"2154358621","2106953071","0.533333"
"2143625384","2154358621","1.36667"
"2154358621","2143625384","1.36667"
"2154358621","241245035","0.533333"
"241245035","2154358621","0.533333"
"2154358621","2523039601","1.2"
"2523039601","2154358621","1.2"
"138371643","2257985229","0.916667"
"2257985229","138371643","0.916667"
"1525869693","2257985229","2.28333"
"2257985229","1525869693","2.28333"
"2130276094","2154358621","0.166667"
"2154358621","2130276094","0.166667"
"138371643","1969109761","0.333333"
"1969109761","138371643","0.333333"
"138371643","2214061994","0.25"
"2214061994","138371643","0.25"
"1532708211","2214061994","0.25"
"2214061994","1532708211","0.25"
"1532708211","2257985229","1.45"
"2257985229","1532708211","1.45"
"2106953071","2214061994","0.5"
"2214061994","2106953071","0.5"
"2214061994","2257985229","2.16667"
"2257985229","2214061994","2.16667"
"138371643","2036050276","0.25"
"2036050276","138371643","0.25"
"138371643","2100363292","0.25"
"2100363292","138371643","0.25"
"138371643","2154123601","0.25"
"2154123601","138371643","0.25"
"1532708211","2036050276","0.25"
"2036050276","1532708211","0.25"
"1532708211","2100363292","0.45"
"2100363292","1532708211","0.45"
"1532708211","2154123601","0.45"
"2154123601","1532708211","0.45"
"2036050276","2100363292","1.94167"
"2100363292","2036050276","1.94167"
"2036050276","2154123601","1.49167"
"2154123601","2036050276","1.49167"
"1501008903","1992020065","1"
"1992020065","1501008903","1"
"1501008903","2100363292","1.275"
"2100363292","1501008903","1.275"
"1501008903","2151579438","1.275"
"2151579438","1501008903","1.275"
"1501008903","2036050276","0.575"
"2036050276","1501008903","0.575"
"1501008903","2154123601","0.575"
"2154123601","1501008903","0.575"
"2036050276","2151579438","1.49167"
"2151579438","2036050276","1.49167"
"1501008903","2257985229","0.325"
"2257985229","1501008903","0.325"
"1532708211","2151579438","0.2"
"2151579438","1532708211","0.2"
"2151579438","2257985229","0.741667"
"2257985229","2151579438","0.741667"
"2154123601","2257985229","0.825"
"2257985229","2154123601","0.825"
"1501008903","2914633193","0.125"
"2914633193","1501008903","0.125"
"2036050276","2130276094","0.125"
"2130276094","2036050276","0.125"
"2036050276","2257985229","0.375"
"2257985229","2036050276","0.375"
"2036050276","2593911197","0.125"
"2593911197","2036050276","0.125"
"2036050276","2914633193","0.125"
"2914633193","2036050276","0.125"
"2100363292","2593911197","0.125"
"2593911197","2100363292","0.125"
"2100363292","2914633193","0.125"
"2914633193","2100363292","0.125"
"2130276094","2151579438","0.125"
"2151579438","2130276094","0.125"
"2130276094","2154123601","0.125"
"2154123601","2130276094","0.125"
"2130276094","2914633193","0.125"
"2914633193","2130276094","0.125"
"2151579438","2593911197","0.125"
"2593911197","2151579438","0.125"
"2151579438","2914633193","0.125"
"2914633193","2151579438","0.125"
"2154123601","2593911197","0.125"
"2593911197","2154123601","0.125"
"2154123601","2914633193","0.125"
"2914633193","2154123601","0.125"
"2257985229","2593911197","8.125"
"2593911197","2257985229","8.125"
"2257985229","2914633193","0.125"
"2914633193","2257985229","0.125"
"2593911197","2914633193","0.125"
"2914633193","2593911197","0.125"
"1501008903","1785948783","0.2"
"1785948783","1501008903","0.2"
"1501008903","1989160017","0.2"
"1989160017","1501008903","0.2"
"1785948783","1989160017","0.2"
"1989160017","1785948783","0.2"
"1785948783","2036050276","0.2"
"2036050276","1785948783","0.2"
"1785948783","2100363292","0.2"
"2100363292","1785948783","0.2"
"1785948783","2151579438","0.366667"
"2151579438","1785948783","0.366667"
"1989160017","2036050276","0.45"
"2036050276","1989160017","0.45"
"1989160017","2100363292","0.45"
"2100363292","1989160017","0.45"
"1989160017","2151579438","0.45"
"2151579438","1989160017","0.45"
"1501008903","2129347810","1"
"2129347810","1501008903","1"
"1510025668","1725744038","0.5"
"1725744038","1510025668","0.5"
"1510025668","2038889839","0.5"
"2038889839","1510025668","0.5"
"1725744038","2038889839","5.5"
"2038889839","1725744038","5.5"
"1510025668","1576900111","4"
"1576900111","1510025668","4"
"1525869693","2290345351","1.25"
"2290345351","1525869693","1.25"
"2257985229","2290345351","5.5"
"2290345351","2257985229","5.5"
"2257985229","2937406434","2.5"
"2937406434","2257985229","2.5"
"1525869693","2523039601","0.333333"
"2523039601","1525869693","0.333333"
"1525869693","2901490087","0.333333"
"2901490087","1525869693","0.333333"
"2257985229","2523039601","0.333333"
"2523039601","2257985229","0.333333"
"2257985229","2901490087","0.333333"
"2901490087","2257985229","0.333333"
"1525869693","1575672444","0.366667"
"1575672444","1525869693","0.366667"
"1525869693","2214061994","0.166667"
"2214061994","1525869693","0.166667"
"1565550083","1575672444","0.166667"
"1575672444","1565550083","0.166667"
"1565550083","2214061994","0.166667"
"2214061994","1565550083","0.166667"
"1565550083","2257985229","0.166667"
"2257985229","1565550083","0.166667"
"1575672444","2069568767","0.366667"
"2069568767","1575672444","0.366667"
"1575672444","2214061994","1.16667"
"2214061994","1575672444","1.16667"
"2069568767","2214061994","0.166667"
"2214061994","2069568767","0.166667"
"2069568767","2257985229","0.366667"
"2257985229","2069568767","0.366667"
"2130276094","2214061994","0.166667"
"2214061994","2130276094","0.166667"
"1525869693","167470973","1"
"167470973","1525869693","1"
"1525869693","2743974309","0.2"
"2743974309","1525869693","0.2"
"1575672444","2588930679","0.2"
"2588930679","1575672444","0.2"
"1575672444","2743974309","0.2"
"2743974309","1575672444","0.2"
"2069568767","2743974309","0.2"
"2743974309","2069568767","0.2"
"2257985229","2588930679","1.7"
"2588930679","2257985229","1.7"
"2257985229","2743974309","1.2"
"2743974309","2257985229","1.2"
"2588930679","2743974309","0.2"
"2743974309","2588930679","0.2"
"1969109761","241245035","0.25"
"241245035","1969109761","0.25"
"1969109761","2523039601","0.25"
"2523039601","1969109761","0.25"
"1969109761","2901490087","0.25"
"2901490087","1969109761","0.25"
"1542859005","1607334051","5.5"
"1607334051","1542859005","5.5"
"1542859005","2077011056","0.5"
"2077011056","1542859005","0.5"
"1607334051","2077011056","1.5"
"2077011056","1607334051","1.5"
"1546338006","2040517709","1"
"2040517709","1546338006","1"
"1565550083","2058464881","0.333333"
"2058464881","1565550083","0.333333"
"2058464881","2069568767","0.333333"
"2069568767","2058464881","0.333333"
"2058464881","2130276094","0.333333"
"2130276094","2058464881","0.333333"
"1565550083","45283109","0.5"
"45283109","1565550083","0.5"
"2069568767","45283109","0.5"
"45283109","2069568767","0.5"
"1575672444","1785948783","0.666667"
"1785948783","1575672444","0.666667"
"1785948783","2257985229","0.666667"
"2257985229","1785948783","0.666667"
"1575672444","1576734341","0.166667"
"1576734341","1575672444","0.166667"
"1575672444","2129347810","0.166667"
"2129347810","1575672444","0.166667"
"1575672444","2151579438","0.166667"
"2151579438","1575672444","0.166667"
"1575672444","2509253603","0.166667"
"2509253603","1575672444","0.166667"
"1576734341","1785948783","0.166667"
"1785948783","1576734341","0.166667"
"1576734341","2129347810","0.366667"
"2129347810","1576734341","0.366667"
"1576734341","2151579438","0.166667"
"2151579438","1576734341","0.166667"
"1576734341","2257985229","0.166667"
"2257985229","1576734341","0.166667"
"1785948783","2129347810","0.166667"
"2129347810","1785948783","0.166667"
"1785948783","2509253603","0.166667"
"2509253603","1785948783","0.166667"
"2129347810","2257985229","0.166667"
"2257985229","2129347810","0.166667"
"2129347810","2509253603","0.366667"
"2509253603","2129347810","0.366667"
"2151579438","2509253603","0.166667"
"2509253603","2151579438","0.166667"
"2257985229","2509253603","0.166667"
"2509253603","2257985229","0.166667"
"1575672444","2290345351","0.5"
"2290345351","1575672444","0.5"
"1575672444","2045979628","0.5"
"2045979628","1575672444","0.5"
"2045979628","2257985229","0.5"
"2257985229","2045979628","0.5"
"1576734341","2036050276","0.2"
"2036050276","1576734341","0.2"
"1576734341","2100363292","0.2"
"2100363292","1576734341","0.2"
"1576734341","2154123601","0.2"
"2154123601","1576734341","0.2"
"2036050276","2129347810","0.2"
"2129347810","2036050276","0.2"
"2036050276","2509253603","0.2"
"2509253603","2036050276","0.2"
"2100363292","2129347810","0.2"
"2129347810","2100363292","0.2"
"2100363292","2509253603","0.2"
"2509253603","2100363292","0.2"
"2129347810","2154123601","0.2"
"2154123601","2129347810","0.2"
"2154123601","2509253603","0.2"
"2509253603","2154123601","0.2"
"1576900111","2132850642","1"
"2132850642","1576900111","1"
"1607334332","2259470974","23"
"2259470974","1607334332","23"
"1607334332","2566300182","7.16667"
"2566300182","1607334332","7.16667"
"1607334332","2610056965","4.5"
"2610056965","1607334332","4.5"
"2259470974","2566300182","7.16667"
"2566300182","2259470974","7.16667"
"2259470974","2610056965","4.5"
"2610056965","2259470974","4.5"
"2566300182","2610056965","5.66667"
"2610056965","2566300182","5.66667"
"1607334332","2883479305","0.333333"
"2883479305","1607334332","0.333333"
"2259470974","2883479305","0.333333"
"2883479305","2259470974","0.333333"
"2610056965","2883479305","0.333333"
"2883479305","2610056965","0.333333"
"167470973","1969576929","1.83333"
"1969576929","167470973","1.83333"
"167470973","2134678718","3.83333"
"2134678718","167470973","3.83333"
"167470973","2292629948","2.33333"
"2292629948","167470973","2.33333"
"1969576929","2134678718","5"
"2134678718","1969576929","5"
"1969576929","2292629948","3.5"
"2292629948","1969576929","3.5"
"2134678718","2292629948","3.5"
"2292629948","2134678718","3.5"
"167470973","2004056952","2.75"
"2004056952","167470973","2.75"
"1969576929","2004056952","1.41667"
"2004056952","1969576929","1.41667"
"2004056952","2134678718","5.41667"
"2134678718","2004056952","5.41667"
"2004056952","2292629948","2.41667"
"2292629948","2004056952","2.41667"
"167470973","2059492821","0.25"
"2059492821","167470973","0.25"
"1969576929","2059492821","0.25"
"2059492821","1969576929","0.25"
"2059492821","2134678718","0.25"
"2134678718","2059492821","0.25"
"2059492821","2292629948","1.75"
"2292629948","2059492821","1.75"
"1725744038","2132850642","5"
"2132850642","1725744038","5"
"2038889839","2132850642","5"
"2132850642","2038889839","5"
"1785948783","1992020065","0.333333"
"1992020065","1785948783","0.333333"
"1785948783","2045979628","0.333333"
"2045979628","1785948783","0.333333"
"1785948783","2154123601","0.333333"
"2154123601","1785948783","0.333333"
"1992020065","2045979628","0.333333"
"2045979628","1992020065","0.333333"
"2045979628","2154123601","0.333333"
"2154123601","2045979628","0.333333"
"1785948783","2130276094","1"
"2130276094","1785948783","1"
"1989158699","2129347810","1"
"2129347810","1989158699","1"
"1989160017","65495352","1"
"65495352","1989160017","1"
"1989160017","2257985229","0.25"
"2257985229","1989160017","0.25"
"1992020065","2046362889","1.33333"
"2046362889","1992020065","1.33333"
"1992020065","2129347810","0.333333"
"2129347810","1992020065","0.333333"
"2046362889","2129347810","0.333333"
"2129347810","2046362889","0.333333"
"2046362889","2151579438","2.33333"
"2151579438","2046362889","2.33333"
"2036050276","2059492821","0.5"
"2059492821","2036050276","0.5"
"2036050276","2065075311","0.5"
"2065075311","2036050276","0.5"
"2059492821","2065075311","0.5"
"2065075311","2059492821","0.5"
"2038889839","2143625384","2"
"2143625384","2038889839","2"
"2038889839","2077011056","0.5"
"2077011056","2038889839","0.5"
"2038889839","2736089194","0.5"
"2736089194","2038889839","0.5"
"2077011056","2736089194","0.5"
"2736089194","2077011056","0.5"
"2040517709","2058464881","0.333333"
"2058464881","2040517709","0.333333"
"2040517709","2265415932","0.333333"
"2265415932","2040517709","0.333333"
"2040517709","2587847577","0.333333"
"2587847577","2040517709","0.333333"
"2058464881","2265415932","0.333333"
"2265415932","2058464881","0.333333"
"2058464881","2587847577","0.333333"
"2587847577","2058464881","0.333333"
"2265415932","2587847577","1.66667"
"2587847577","2265415932","1.66667"
"2059492821","2523039601","0.5"
"2523039601","2059492821","0.5"
"2292629948","2523039601","0.5"
"2523039601","2292629948","0.5"
"2059951390","2516078906","1"
"2516078906","2059951390","1"
"2069568767","2082202932","0.333333"
"2082202932","2069568767","0.333333"
"2082202932","2130276094","0.333333"
"2130276094","2082202932","0.333333"
"2082202932","2143625384","0.333333"
"2143625384","2082202932","0.333333"
"2082202932","2257985229","0.5"
"2257985229","2082202932","0.5"
"2082202932","2588930679","0.5"
"2588930679","2082202932","0.5"
"2100363292","2143625384","1"
"2143625384","2100363292","1"
"2214061994","2290345351","0.75"
"2290345351","2214061994","0.75"
"2214061994","2937406434","0.25"
"2937406434","2214061994","0.25"
"2143625384","2588937729","0.5"
"2588937729","2143625384","0.5"
"2588937729","2901490087","0.5"
"2901490087","2588937729","0.5"
"2154358621","2901490087","1"
"2901490087","2154358621","1"
"2265415932","2887426551","1.33333"
"2887426551","2265415932","1.33333"
"2587847577","2887426551","7.83333"
"2887426551","2587847577","7.83333"
"2265415932","2291759867","2.33333"
"2291759867","2265415932","2.33333"
"2291759867","2587847577","0.833333"
"2587847577","2291759867","0.833333"
"2291759867","2887426551","0.833333"
"2887426551","2291759867","0.833333"
"2493508814","2494069696","0.333333"
"2494069696","2493508814","0.333333"
"2493508814","2593911197","3.66667"
"2593911197","2493508814","3.66667"
"2493508814","2743974309","0.666667"
"2743974309","2493508814","0.666667"
"2494069696","2593911197","0.333333"
"2593911197","2494069696","0.333333"
"2494069696","2743974309","0.333333"
"2743974309","2494069696","0.333333"
"2593911197","2743974309","1.16667"
"2743974309","2593911197","1.16667"
"2493508814","2883479305","0.333333"
"2883479305","2493508814","0.333333"
"2593911197","2883479305","0.833333"
"2883479305","2593911197","0.833333"
"2743974309","2883479305","2.83333"
