"102593041","1532946619","2.28157"
"1532946619","102593041","2.28157"
"102593041","162139237","2.50105"
"162139237","102593041","2.50105"
"102593041","1989168465","1.12443"
"1989168465","102593041","1.12443"
"1532946619","162139237","5.31014"
"162139237","1532946619","5.31014"
"1532946619","1989168465","1.32929"
"1989168465","1532946619","1.32929"
"162139237","1989168465","2.46772"
"1989168465","162139237","2.46772"
"102593041","170866839","0.501812"
"170866839","102593041","0.501812"
"102593041","2032547610","0.780816"
"2032547610","102593041","0.780816"
"102593041","2094786220","0.168478"
"2094786220","102593041","0.168478"
"102593041","2191917188","0.125"
"2191917188","102593041","0.125"
"102593041","2217570753","0.267857"
"2217570753","102593041","0.267857"
"102593041","2467620307","0.125"
"2467620307","102593041","0.125"
"102593041","2755213347","0.458333"
"2755213347","102593041","0.458333"
"102593041","2793935299","0.458333"
"2793935299","102593041","0.458333"
"170866839","2032547610","1.40224"
"2032547610","170866839","1.40224"
"170866839","2094786220","1.65939"
"2094786220","170866839","1.65939"
"170866839","2191917188","0.125"
"2191917188","170866839","0.125"
"170866839","2217570753","1.29167"
"2217570753","170866839","1.29167"
"170866839","2467620307","0.458333"
"2467620307","170866839","0.458333"
"170866839","2755213347","0.458333"
"2755213347","170866839","0.458333"
"170866839","2793935299","0.791667"
"2793935299","170866839","0.791667"
"2032547610","2094786220","1.51141"
"2094786220","2032547610","1.51141"
"2032547610","2191917188","0.625"
"2191917188","2032547610","0.625"
"2032547610","2217570753","0.125"
"2217570753","2032547610","0.125"
"2032547610","2467620307","0.391667"
"2467620307","2032547610","0.391667"
"2032547610","2755213347","0.125"
"2755213347","2032547610","0.125"
"2032547610","2793935299","0.225"
"2793935299","2032547610","0.225"
"2094786220","2191917188","0.671703"
"2191917188","2094786220","0.671703"
"2094786220","2217570753","4.78837"
"2217570753","2094786220","4.78837"
"2094786220","2467620307","0.612179"
"2467620307","2094786220","0.612179"
"2094786220","2755213347","0.125"
"2755213347","2094786220","0.125"
"2094786220","2793935299","0.458333"
"2793935299","2094786220","0.458333"
"2191917188","2217570753","0.56456"
"2217570753","2191917188","0.56456"
"2191917188","2467620307","0.453089"
"2467620307","2191917188","0.453089"
"2191917188","2755213347","1.125"
"2755213347","2191917188","1.125"
"2191917188","2793935299","1.125"
"2793935299","2191917188","1.125"
"2217570753","2467620307","0.778846"
"2467620307","2217570753","0.778846"
"2217570753","2755213347","0.125"
"2755213347","2217570753","0.125"
"2217570753","2793935299","0.458333"
"2793935299","2217570753","0.458333"
"2467620307","2755213347","0.125"
"2755213347","2467620307","0.125"
"2467620307","2793935299","0.225"
"2793935299","2467620307","0.225"
"2755213347","2793935299","0.458333"
"2793935299","2755213347","0.458333"
"102593041","1549554234","0.134387"
"1549554234","102593041","0.134387"
"102593041","1559628144","0.277245"
"1559628144","102593041","0.277245"
"102593041","1577936578","0.134387"
"1577936578","102593041","0.134387"
"102593041","1989488733","0.205816"
"1989488733","102593041","0.205816"
"102593041","2017904798","0.205816"
"2017904798","102593041","0.205816"
"102593041","2048194152","0.205816"
"2048194152","102593041","0.205816"
"102593041","2063929696","0.405816"
"2063929696","102593041","0.405816"
"102593041","2115675247","0.0909091"
"2115675247","102593041","0.0909091"
"102593041","2130652385","0.483766"
"2130652385","102593041","0.483766"
"1549554234","1559628144","5.90529"
"1559628144","1549554234","5.90529"
"1549554234","1577936578","3.81121"
"1577936578","1549554234","3.81121"
"1549554234","162139237","0.491963"
"162139237","1549554234","0.491963"
"1549554234","1989488733","0.997284"
"1989488733","1549554234","0.997284"
"1549554234","2017904798","0.676054"
"2017904798","1549554234","0.676054"
"1549554234","2032547610","0.809063"
"2032547610","1549554234","0.809063"
"1549554234","2048194152","1.09593"
"2048194152","1549554234","1.09593"
"1549554234","2063929696","0.700296"
"2063929696","1549554234","0.700296"
"1549554234","2115675247","0.896898"
"2115675247","1549554234","0.896898"
"1549554234","2130652385","0.181818"
"2130652385","1549554234","0.181818"
"1559628144","1577936578","4.35337"
"1577936578","1559628144","4.35337"
"1559628144","162139237","0.225296"
"162139237","1559628144","0.225296"
"1559628144","1989488733","0.956108"
"1989488733","1559628144","0.956108"
"1559628144","2017904798","0.401544"
"2017904798","1559628144","0.401544"
"1559628144","2032547610","0.975729"
"2032547610","1559628144","0.975729"
"1559628144","2048194152","1.00475"
"2048194152","1559628144","1.00475"
"1559628144","2063929696","0.492453"
"2063929696","1559628144","0.492453"
"1559628144","2115675247","0.563564"
"2115675247","1559628144","0.563564"
"1559628144","2130652385","0.324675"
"2130652385","1559628144","0.324675"
"1577936578","162139237","0.387796"
"162139237","1577936578","0.387796"
"1577936578","1989488733","1.90829"
"1989488733","1577936578","1.90829"
"1577936578","2017904798","1.56127"
"2017904798","1577936578","1.56127"
"1577936578","2032547610","1.39474"
"2032547610","1577936578","1.39474"
"1577936578","2048194152","1.41107"
"2048194152","1577936578","1.41107"
"1577936578","2063929696","1.41884"
"2063929696","1577936578","1.41884"
"1577936578","2115675247","1.1846"
"2115675247","1577936578","1.1846"
"1577936578","2130652385","0.244318"
"2130652385","1577936578","0.244318"
"162139237","1989488733","0.296887"
"1989488733","162139237","0.296887"
"162139237","2017904798","1.44689"
"2017904798","162139237","1.44689"
"162139237","2032547610","1.90863"
"2032547610","162139237","1.90863"
"162139237","2048194152","0.734387"
"2048194152","162139237","0.734387"
"162139237","2063929696","2.8378"
"2063929696","162139237","2.8378"
"162139237","2115675247","0.748485"
"2115675247","162139237","0.748485"
"162139237","2130652385","1.22765"
"2130652385","162139237","1.22765"
"1989488733","2017904798","0.890174"
"2017904798","1989488733","0.890174"
"1989488733","2032547610","0.289149"
"2032547610","1989488733","0.289149"
"1989488733","2048194152","1.13998"
"2048194152","1989488733","1.13998"
"1989488733","2063929696","0.990174"
"2063929696","1989488733","0.990174"
"1989488733","2115675247","0.257576"
"2115675247","1989488733","0.257576"
"1989488733","2130652385","0.153409"
"2130652385","1989488733","0.153409"
"2017904798","2032547610","1.35859"
"2032547610","2017904798","1.35859"
"2017904798","2048194152","2.88878"
"2048194152","2017904798","2.88878"
"2017904798","2063929696","4.70962"
"2063929696","2017904798","4.70962"
"2017904798","2115675247","0.943687"
"2115675247","2017904798","0.943687"
"2017904798","2130652385","1.07008"
"2130652385","2017904798","1.07008"
"2032547610","2048194152","2.75347"
"2048194152","2032547610","2.75347"
"2032547610","2063929696","2.92728"
"2063929696","2032547610","2.92728"
"2032547610","2115675247","2.31079"
"2115675247","2032547610","2.31079"
"2032547610","2130652385","0.748485"
"2130652385","2032547610","0.748485"
"2048194152","2063929696","5.23323"
"2063929696","2048194152","5.23323"
"2048194152","2115675247","0.710354"
"2115675247","2048194152","0.710354"
"2048194152","2130652385","0.0909091"
"2130652385","2048194152","0.0909091"
"2063929696","2115675247","0.584596"
"2115675247","2063929696","0.584596"
"2063929696","2130652385","1.16098"
"2130652385","2063929696","1.16098"
"2115675247","2130652385","0.748485"
"2130652385","2115675247","0.748485"
"102593041","2069276410","0.314907"
"2069276410","102593041","0.314907"
"162139237","2069276410","0.667721"
"2069276410","162139237","0.667721"
"1989168465","2032547610","7.01256"
"2032547610","1989168465","7.01256"
"1989168465","2063929696","2.06464"
"2063929696","1989168465","2.06464"
"1989168465","2069276410","1.44519"
"2069276410","1989168465","1.44519"
"2032547610","2069276410","1.92966"
"2069276410","2032547610","1.92966"
"2063929696","2069276410","1.40545"
"2069276410","2063929696","1.40545"
"102593041","1553269470","0.0434783"
"1553269470","102593041","0.0434783"
"102593041","1605600432","0.114907"
"1605600432","102593041","0.114907"
"102593041","1827884603","0.0434783"
"1827884603","102593041","0.0434783"
"102593041","2009793926","0.0434783"
"2009793926","102593041","0.0434783"
"102593041","2085861708","0.114907"
"2085861708","102593041","0.114907"
"102593041","2155020464","0.114907"
"2155020464","102593041","0.114907"
"102593041","2249808716","0.0434783"
"2249808716","102593041","0.0434783"
"102593041","2986657889","0.114907"
"2986657889","102593041","0.114907"
"102593041","3014315792","0.0434783"
"3014315792","102593041","0.0434783"
"1532946619","1549554234","0.226812"
"1549554234","1532946619","0.226812"
"1532946619","1553269470","0.543478"
"1553269470","1532946619","0.543478"
"1532946619","1559628144","0.185635"
"1559628144","1532946619","0.185635"
"1532946619","1577936578","1.17452"
"1577936578","1532946619","1.17452"
"1532946619","1605600432","1.11176"
"1605600432","1532946619","1.11176"
"1532946619","170866839","0.102302"
"170866839","1532946619","0.102302"
"1532946619","1827884603","0.126812"
"1827884603","1532946619","0.126812"
"1532946619","1989488733","1.21176"
"1989488733","1532946619","1.21176"
"1532946619","2009793926","0.0434783"
"2009793926","1532946619","0.0434783"
"1532946619","2017904798","0.722876"
"2017904798","1532946619","0.722876"
"1532946619","2032547610","0.309351"
"2032547610","1532946619","0.309351"
"1532946619","2048194152","0.739542"
"2048194152","1532946619","0.739542"
"1532946619","2063929696","0.822876"
"2063929696","1532946619","0.822876"
"1532946619","2069276410","0.711765"
"2069276410","1532946619","0.711765"
"1532946619","2085861708","0.822876"
"2085861708","1532946619","0.822876"
"1532946619","2094786220","0.0434783"
"2094786220","1532946619","0.0434783"
"1532946619","2155020464","0.368175"
"2155020464","1532946619","0.368175"
"1532946619","2249808716","0.202302"
"2249808716","1532946619","0.202302"
"1532946619","2986657889","0.114907"
"2986657889","1532946619","0.114907"
"1532946619","3014315792","0.203735"
"3014315792","1532946619","0.203735"
"1549554234","1553269470","0.105978"
"1553269470","1549554234","0.105978"
"1549554234","1605600432","0.189312"
"1605600432","1549554234","0.189312"
"1549554234","170866839","0.613554"
"170866839","1549554234","0.613554"
"1549554234","1827884603","0.891332"
"1827884603","1549554234","0.891332"
"1549554234","1989168465","0.918911"
"1989168465","1549554234","0.918911"
"1549554234","2009793926","0.134387"
"2009793926","1549554234","0.134387"
"1549554234","2069276410","1.09593"
"2069276410","1549554234","1.09593"
"1549554234","2085861708","1.53677"
"2085861708","1549554234","1.53677"
"1549554234","2094786220","2.83641"
"2094786220","1549554234","2.83641"
"1549554234","2155020464","0.418478"
"2155020464","1549554234","0.418478"
"1549554234","2249808716","0.869741"
"2249808716","1549554234","0.869741"
"1549554234","2986657889","0.196887"
"2986657889","1549554234","0.196887"
"1549554234","3014315792","0.79328"
"3014315792","1549554234","0.79328"
"1553269470","1559628144","0.105978"
"1559628144","1553269470","0.105978"
"1553269470","1577936578","0.168478"
"1577936578","1553269470","0.168478"
"1553269470","1605600432","0.918478"
"1605600432","1553269470","0.918478"
"1553269470","162139237","0.105978"
"162139237","1553269470","0.105978"
"1553269470","170866839","0.105978"
"170866839","1553269470","0.105978"
"1553269470","1827884603","0.501812"
"1827884603","1553269470","0.501812"
"1553269470","1989168465","0.0434783"
"1989168465","1553269470","0.0434783"
"1553269470","1989488733","0.168478"
"1989488733","1553269470","0.168478"
"1553269470","2009793926","0.439312"
"2009793926","1553269470","0.439312"
"1553269470","2017904798","0.105978"
"2017904798","1553269470","0.105978"
"1553269470","2032547610","0.0434783"
"2032547610","1553269470","0.0434783"
"1553269470","2048194152","0.0434783"
"2048194152","1553269470","0.0434783"
"1553269470","2063929696","0.105978"
"2063929696","1553269470","0.105978"
"1553269470","2069276410","0.293478"
"2069276410","1553269470","0.293478"
"1553269470","2085861708","0.0434783"
"2085861708","1553269470","0.0434783"
"1553269470","2094786220","0.0434783"
"2094786220","1553269470","0.0434783"
"1553269470","2155020464","0.355978"
"2155020464","1553269470","0.355978"
"1553269470","2249808716","0.0434783"
"2249808716","1553269470","0.0434783"
"1553269470","2986657889","0.105978"
"2986657889","1553269470","0.105978"
"1553269470","3014315792","0.105978"
"3014315792","1553269470","0.105978"
"1559628144","1605600432","0.248135"
"1605600432","1559628144","0.248135"
"1559628144","170866839","0.672378"
"170866839","1559628144","0.672378"
"1559628144","1827884603","0.891332"
"1827884603","1559628144","0.891332"
"1559628144","1989168465","1.52059"
"1989168465","1559628144","1.52059"
"1559628144","2009793926","0.134387"
"2009793926","1559628144","0.134387"
"1559628144","2069276410","0.888088"
"2069276410","1559628144","0.888088"
"1559628144","2085861708","1.19559"
"2085861708","1559628144","1.19559"
"1559628144","2094786220","0.336408"
"2094786220","1559628144","0.336408"
"1559628144","2155020464","0.393968"
"2155020464","1559628144","0.393968"
"1559628144","2249808716","1.52856"
"2249808716","1559628144","1.52856"
"1559628144","2986657889","0.196887"
"2986657889","1559628144","0.196887"
"1559628144","3014315792","1.07661"
"3014315792","1559628144","1.07661"
"1577936578","1605600432","0.838413"
"1605600432","1577936578","0.838413"
"1577936578","170866839","0.525913"
"170866839","1577936578","0.525913"
"1577936578","1827884603","1.19626"
"1827884603","1577936578","1.19626"
"1577936578","1989168465","0.9321"
"1989168465","1577936578","0.9321"
"1577936578","2009793926","0.105978"
"2009793926","1577936578","0.105978"
"1577936578","2069276410","1.13329"
"2069276410","1577936578","1.13329"
"1577936578","2085861708","1.15349"
"2085861708","1577936578","1.15349"
"1577936578","2094786220","0.245498"
"2094786220","1577936578","0.245498"
"1577936578","2155020464","0.734246"
"2155020464","1577936578","0.734246"
"1577936578","2249808716","1.50432"
"2249808716","1577936578","1.50432"
"1577936578","2986657889","0.105978"
"2986657889","1577936578","0.105978"
"1577936578","3014315792","0.54328"
"3014315792","1577936578","0.54328"
"1605600432","162139237","0.105978"
"162139237","1605600432","0.105978"
"1605600432","170866839","0.164802"
"170866839","1605600432","0.164802"
"1605600432","1827884603","0.668478"
"1827884603","1605600432","0.668478"
"1605600432","1989168465","0.451508"
"1989168465","1605600432","0.451508"
"1605600432","1989488733","1.15343"
"1989488733","1605600432","1.15343"
"1605600432","2009793926","0.105978"
"2009793926","1605600432","0.105978"
"1605600432","2017904798","0.674265"
"2017904798","1605600432","0.674265"
"1605600432","2032547610","0.19824"
"2032547610","1605600432","0.19824"
"1605600432","2048194152","0.528431"
"2048194152","1605600432","0.528431"
"1605600432","2063929696","0.674265"
"2063929696","1605600432","0.674265"
"1605600432","2069276410","0.750653"
"2069276410","1605600432","0.750653"
"1605600432","2085861708","0.611765"
"2085861708","1605600432","0.611765"
"1605600432","2094786220","0.0434783"
"2094786220","1605600432","0.0434783"
"1605600432","2155020464","1.09734"
"2155020464","1605600432","1.09734"
"1605600432","2249808716","0.102302"
"2249808716","1605600432","0.102302"
"1605600432","2986657889","0.177407"
"2986657889","1605600432","0.177407"
"1605600432","3014315792","0.266235"
"3014315792","1605600432","0.266235"
"162139237","170866839","0.0434783"
"170866839","162139237","0.0434783"
"162139237","1827884603","0.105978"
"1827884603","162139237","0.105978"
"162139237","2009793926","0.105978"
"2009793926","162139237","0.105978"
"162139237","2085861708","0.143478"
"2085861708","162139237","0.143478"
"162139237","2094786220","0.134387"
"2094786220","162139237","0.134387"
"162139237","2155020464","0.105978"
"2155020464","162139237","0.105978"
"162139237","2249808716","0.601054"
"2249808716","162139237","0.601054"
"162139237","2986657889","0.0434783"
"2986657889","162139237","0.0434783"
"162139237","3014315792","0.243478"
"3014315792","162139237","0.243478"
"170866839","1827884603","4.133"
"1827884603","170866839","4.133"
"170866839","1989168465","0.602302"
"1989168465","170866839","0.602302"
"170866839","1989488733","0.331468"
"1989488733","170866839","0.331468"
"170866839","2009793926","1.33439"
"2009793926","170866839","1.33439"
"170866839","2017904798","0.102302"
"2017904798","170866839","0.102302"
"170866839","2048194152","0.645592"
"2048194152","170866839","0.645592"
"170866839","2063929696","0.102302"
"2063929696","170866839","0.102302"
"170866839","2069276410","0.536068"
"2069276410","170866839","0.536068"
"170866839","2085861708","0.55829"
"2085861708","170866839","0.55829"
"170866839","2155020464","0.102302"
"2155020464","170866839","0.102302"
"170866839","2249808716","1.21226"
"2249808716","170866839","1.21226"
"170866839","2986657889","0.196887"
"2986657889","170866839","0.196887"
"170866839","3014315792","0.815502"
"3014315792","170866839","0.815502"
"1827884603","1989168465","0.168478"
"1989168465","1827884603","0.168478"
"1827884603","1989488733","0.793478"
"1989488733","1827884603","0.793478"
"1827884603","2009793926","1.56355"
"2009793926","1827884603","1.56355"
"1827884603","2017904798","0.314312"
"2017904798","1827884603","0.314312"
"1827884603","2032547610","0.134387"
"2032547610","1827884603","0.134387"
"1827884603","2048194152","0.217721"
"2048194152","1827884603","0.217721"
"1827884603","2063929696","0.314312"
"2063929696","1827884603","0.314312"
"1827884603","2069276410","0.217721"
"2069276410","1827884603","0.217721"
"1827884603","2085861708","0.217721"
"2085861708","1827884603","0.217721"
"1827884603","2094786220","0.134387"
"2094786220","1827884603","0.134387"
"1827884603","2155020464","0.647645"
"2155020464","1827884603","0.647645"
"1827884603","2249808716","0.967721"
"2249808716","1827884603","0.967721"
"1827884603","2986657889","0.196887"
"2986657889","1827884603","0.196887"
"1827884603","3014315792","0.105978"
"3014315792","1827884603","0.105978"
"1989168465","1989488733","0.843175"
"1989488733","1989168465","0.843175"
"1989168465","2009793926","0.0434783"
"2009793926","1989168465","0.0434783"
"1989168465","2017904798","1.06262"
"2017904798","1989168465","1.06262"
"1989168465","2048194152","2.2654"
"2048194152","1989168465","2.2654"
"1989168465","2085861708","1.49159"
"2085861708","1989168465","1.49159"
"1989168465","2094786220","1.1455"
"2094786220","1989168465","1.1455"
"1989168465","2155020464","0.659841"
"2155020464","1989168465","0.659841"
"1989168465","2249808716","1.80432"
"2249808716","1989168465","1.80432"
"1989168465","2986657889","0.114907"
"2986657889","1989168465","0.114907"
"1989168465","3014315792","2.00459"
"3014315792","1989168465","2.00459"
"1989488733","2009793926","0.105978"
"2009793926","1989488733","0.105978"
"1989488733","2069276410","0.854622"
"2069276410","1989488733","0.854622"
"1989488733","2085861708","1.1324"
"2085861708","1989488733","1.1324"
"1989488733","2094786220","0.321256"
"2094786220","1989488733","0.321256"
"1989488733","2155020464","1.13901"
"2155020464","1989488733","1.13901"
"1989488733","2249808716","0.646746"
"2249808716","1989488733","0.646746"
"1989488733","2986657889","0.177407"
"2986657889","1989488733","0.177407"
"1989488733","3014315792","0.68687"
"3014315792","1989488733","0.68687"
"2009793926","2017904798","0.105978"
"2017904798","2009793926","0.105978"
"2009793926","2032547610","0.134387"
"2032547610","2009793926","0.134387"
"2009793926","2048194152","0.134387"
"2048194152","2009793926","0.134387"
"2009793926","2063929696","0.105978"
"2063929696","2009793926","0.105978"
"2009793926","2069276410","0.134387"
"2069276410","2009793926","0.134387"
"2009793926","2085861708","0.134387"
"2085861708","2009793926","0.134387"
"2009793926","2094786220","0.134387"
"2094786220","2009793926","0.134387"
"2009793926","2155020464","0.105978"
"2155020464","2009793926","0.105978"
"2009793926","2249808716","2.96772"
"2249808716","2009793926","2.96772"
"2009793926","2986657889","0.134387"
"2986657889","2009793926","0.134387"
"2009793926","3014315792","0.0434783"
"3014315792","2009793926","0.0434783"
"2017904798","2069276410","0.736765"
"2069276410","2017904798","0.736765"
"2017904798","2085861708","2.13121"
"2085861708","2017904798","2.13121"
"2017904798","2094786220","0.0434783"
"2094786220","2017904798","0.0434783"
"2017904798","2155020464","0.555675"
"2155020464","2017904798","0.555675"
"2017904798","2249808716","0.227302"
"2249808716","2017904798","0.227302"
"2017904798","2986657889","0.114907"
"2986657889","2017904798","0.114907"
"2017904798","3014315792","0.203735"
"3014315792","2017904798","0.203735"
"2032547610","2085861708","1.27209"
"2085861708","2032547610","1.27209"
"2032547610","2155020464","0.114907"
"2155020464","2032547610","0.114907"
"2032547610","2249808716","1.9126"
"2249808716","2032547610","1.9126"
"2032547610","2986657889","0.205816"
"2986657889","2032547610","0.205816"
"2032547610","3014315792","0.787923"
"3014315792","2032547610","0.787923"
"2048194152","2069276410","3.06894"
"2069276410","2048194152","3.06894"
"2048194152","2085861708","3.71339"
"2085861708","2048194152","3.71339"
"2048194152","2094786220","0.973276"
"2094786220","2048194152","0.973276"
"2048194152","2155020464","0.368175"
"2155020464","2048194152","0.368175"
"2048194152","2249808716","1.43448"
"2249808716","2048194152","1.43448"
"2048194152","2986657889","0.205816"
"2986657889","2048194152","0.205816"
"2048194152","3014315792","2.37834"
"3014315792","2048194152","2.37834"
"2063929696","2085861708","2.14232"
"2085861708","2063929696","2.14232"
"2063929696","2094786220","0.245498"
"2094786220","2063929696","0.245498"
"2063929696","2155020464","0.555675"
"2155020464","2063929696","0.555675"
"2063929696","2249808716","0.570989"
"2249808716","2063929696","0.570989"
"2063929696","2986657889","0.114907"
"2986657889","2063929696","0.114907"
"2063929696","3014315792","0.814846"
"3014315792","2063929696","0.814846"
"2069276410","2085861708","2.53561"
"2085861708","2069276410","2.53561"
"2069276410","2094786220","1.19752"
"2094786220","2069276410","1.19752"
"2069276410","2155020464","0.507064"
"2155020464","2069276410","0.507064"
"2069276410","2249808716","1.21587"
"2249808716","2069276410","1.21587"
"2069276410","2986657889","0.205816"
"2986657889","2069276410","0.205816"
"2069276410","3014315792","1.81881"
"3014315792","2069276410","1.81881"
"2085861708","2094786220","1.42328"
"2094786220","2085861708","1.42328"
"2085861708","2155020464","0.368175"
"2155020464","2085861708","0.368175"
"2085861708","2249808716","1.32496"
"2249808716","2085861708","1.32496"
"2085861708","2986657889","0.205816"
"2986657889","2085861708","0.205816"
"2085861708","3014315792","1.81881"
"3014315792","2085861708","1.81881"
"2094786220","2155020464","0.0434783"
"2155020464","2094786220","0.0434783"
"2094786220","2249808716","2.38085"
"2249808716","2094786220","2.38085"
"2094786220","2986657889","0.134387"
"2986657889","2094786220","0.134387"
"2094786220","3014315792","1.48237"
"3014315792","2094786220","1.48237"
"2155020464","2249808716","0.268968"
"2249808716","2155020464","0.268968"
"2155020464","2986657889","0.114907"
"2986657889","2155020464","0.114907"
"2155020464","3014315792","0.210145"
"3014315792","2155020464","0.210145"
"2249808716","2986657889","0.134387"
"2986657889","2249808716","0.134387"
"2249808716","3014315792","2.17522"
"3014315792","2249808716","2.17522"
"2986657889","3014315792","1.10598"
"3014315792","2986657889","1.10598"
"102593041","1161827896","0.25"
"1161827896","102593041","0.25"
"102593041","1563624434","0.25"
"1563624434","102593041","0.25"
"1161827896","1563624434","0.25"
"1563624434","1161827896","0.25"
"1161827896","2032547610","0.25"
"2032547610","1161827896","0.25"
"1161827896","2130652385","0.25"
"2130652385","1161827896","0.25"
"1563624434","2032547610","0.459524"
"2032547610","1563624434","0.459524"
"1563624434","2130652385","0.579167"
"2130652385","1563624434","0.579167"
"102593041","1545188805","0.0714286"
"1545188805","102593041","0.0714286"
"102593041","2061926529","0.0714286"
"2061926529","102593041","0.0714286"
"1532946619","1545188805","0.130252"
"1545188805","1532946619","0.130252"
"1532946619","2061926529","0.130252"
"2061926529","1532946619","0.130252"
"1545188805","1605600432","0.130252"
"1605600432","1545188805","0.130252"
"1545188805","1989168465","0.130252"
"1989168465","1545188805","0.130252"
"1545188805","1989488733","0.130252"
"1989488733","1545188805","0.130252"
"1545188805","2017904798","0.588585"
"2017904798","1545188805","0.588585"
"1545188805","2032547610","0.0714286"
"2032547610","1545188805","0.0714286"
"1545188805","2048194152","0.130252"
"2048194152","1545188805","0.130252"
"1545188805","2061926529","0.130252"
"2061926529","1545188805","0.130252"
"1545188805","2063929696","0.130252"
"2063929696","1545188805","0.130252"
"1545188805","2069276410","0.130252"
"2069276410","1545188805","0.130252"
"1545188805","2085861708","0.130252"
"2085861708","1545188805","0.130252"
"1545188805","2155020464","0.130252"
"2155020464","1545188805","0.130252"
"1545188805","2986657889","0.0714286"
"2986657889","1545188805","0.0714286"
"1605600432","2061926529","0.130252"
"2061926529","1605600432","0.130252"
"1989168465","2061926529","0.473109"
"2061926529","1989168465","0.473109"
"1989488733","2061926529","0.130252"
"2061926529","1989488733","0.130252"
"2017904798","2061926529","0.330252"
"2061926529","2017904798","0.330252"
"2032547610","2061926529","0.464286"
"2061926529","2032547610","0.464286"
"2048194152","2061926529","0.330252"
"2061926529","2048194152","0.330252"
"2061926529","2063929696","0.130252"
"2063929696","2061926529","0.130252"
"2061926529","2069276410","0.130252"
"2069276410","2061926529","0.130252"
"2061926529","2085861708","0.923109"
"2085861708","2061926529","0.923109"
"2061926529","2155020464","0.130252"
"2155020464","2061926529","0.130252"
"2061926529","2986657889","0.0714286"
"2986657889","2061926529","0.0714286"
"102593041","1521996283","0.142857"
"1521996283","102593041","0.142857"
"102593041","1578877315","0.142857"
"1578877315","102593041","0.142857"
"102593041","2071128014","0.142857"
"2071128014","102593041","0.142857"
"1521996283","1559628144","0.142857"
"1559628144","1521996283","0.142857"
"1521996283","1578877315","0.142857"
"1578877315","1521996283","0.142857"
"1521996283","1989168465","0.142857"
"1989168465","1521996283","0.142857"
"1521996283","2071128014","16.3429"
"2071128014","1521996283","16.3429"
"1521996283","2130652385","0.142857"
"2130652385","1521996283","0.142857"
"1521996283","2217570753","2.67619"
"2217570753","1521996283","2.67619"
"1559628144","1578877315","2.64286"
"1578877315","1559628144","2.64286"
"1559628144","2071128014","0.142857"
"2071128014","1559628144","0.142857"
"1559628144","2217570753","0.142857"
"2217570753","1559628144","0.142857"
"1578877315","1989168465","0.642857"
"1989168465","1578877315","0.642857"
"1578877315","2071128014","0.142857"
"2071128014","1578877315","0.142857"
"1578877315","2130652385","0.342857"
"2130652385","1578877315","0.342857"
"1578877315","2217570753","0.142857"
"2217570753","1578877315","0.142857"
"1989168465","2071128014","0.142857"
"2071128014","1989168465","0.142857"
"1989168465","2130652385","0.233766"
"2130652385","1989168465","0.233766"
"1989168465","2217570753","1.30952"
"2217570753","1989168465","1.30952"
"2071128014","2130652385","0.142857"
"2130652385","2071128014","0.142857"
"2071128014","2217570753","3.67619"
"2217570753","2071128014","3.67619"
"2130652385","2217570753","0.142857"
"2217570753","2130652385","0.142857"
"1161827896","1526809792","0.0769231"
"1526809792","1161827896","0.0769231"
"1161827896","1532946619","0.0769231"
"1532946619","1161827896","0.0769231"
"1161827896","1605600432","0.0769231"
"1605600432","1161827896","0.0769231"
"1161827896","186148024","0.0769231"
"186148024","1161827896","0.0769231"
"1161827896","1989488733","0.0769231"
"1989488733","1161827896","0.0769231"
"1161827896","2017904798","0.0769231"
"2017904798","1161827896","0.0769231"
"1161827896","2028239856","0.0769231"
"2028239856","1161827896","0.0769231"
"1161827896","2048194152","0.0769231"
"2048194152","1161827896","0.0769231"
"1161827896","2063929696","0.0769231"
"2063929696","1161827896","0.0769231"
"1161827896","2069276410","0.0769231"
"2069276410","1161827896","0.0769231"
"1161827896","2085861708","0.0769231"
"2085861708","1161827896","0.0769231"
"1161827896","3008392896","0.0769231"
"3008392896","1161827896","0.0769231"
"1161827896","3014315792","0.0769231"
"3014315792","1161827896","0.0769231"
"1526809792","1532946619","0.0769231"
"1532946619","1526809792","0.0769231"
"1526809792","1605600432","0.0769231"
"1605600432","1526809792","0.0769231"
"1526809792","186148024","0.313034"
"186148024","1526809792","0.313034"
"1526809792","1989488733","0.148352"
"1989488733","1526809792","0.148352"
"1526809792","2017904798","0.201923"
"2017904798","1526809792","0.201923"
"1526809792","2028239856","0.916209"
"2028239856","1526809792","0.916209"
"1526809792","2048194152","0.0769231"
"2048194152","1526809792","0.0769231"
"1526809792","2063929696","0.0769231"
"2063929696","1526809792","0.0769231"
"1526809792","2069276410","0.14359"
"2069276410","1526809792","0.14359"
"1526809792","2085861708","0.132479"
"2085861708","1526809792","0.132479"
"1526809792","3008392896","0.0769231"
"3008392896","1526809792","0.0769231"
"1526809792","3014315792","0.0769231"
"3014315792","1526809792","0.0769231"
"1532946619","186148024","0.0769231"
"186148024","1532946619","0.0769231"
"1532946619","2028239856","0.0769231"
"2028239856","1532946619","0.0769231"
"1532946619","3008392896","0.0769231"
"3008392896","1532946619","0.0769231"
"1605600432","186148024","0.0769231"
"186148024","1605600432","0.0769231"
"1605600432","2028239856","0.0769231"
"2028239856","1605600432","0.0769231"
"1605600432","3008392896","0.24359"
"3008392896","1605600432","0.24359"
"186148024","1989488733","0.0769231"
"1989488733","186148024","0.0769231"
"186148024","2017904798","0.0769231"
"2017904798","186148024","0.0769231"
"186148024","2028239856","0.576923"
"2028239856","186148024","0.576923"
"186148024","2048194152","0.0769231"
"2048194152","186148024","0.0769231"
"186148024","2063929696","0.0769231"
"2063929696","186148024","0.0769231"
"186148024","2069276410","0.0769231"
"2069276410","186148024","0.0769231"
"186148024","2085861708","0.0769231"
"2085861708","186148024","0.0769231"
"186148024","3008392896","6.77692"
"3008392896","186148024","6.77692"
"186148024","3014315792","0.0769231"
"3014315792","186148024","0.0769231"
"1989488733","2028239856","0.148352"
"2028239856","1989488733","0.148352"
"1989488733","3008392896","0.24359"
"3008392896","1989488733","0.24359"
"2017904798","2028239856","0.451923"
"2028239856","2017904798","0.451923"
"2017904798","3008392896","0.326923"
"3008392896","2017904798","0.326923"
"2028239856","2048194152","0.21978"
"2048194152","2028239856","0.21978"
"2028239856","2063929696","0.0769231"
"2063929696","2028239856","0.0769231"
"2028239856","2069276410","0.0769231"
"2069276410","2028239856","0.0769231"
"2028239856","2085861708","0.132479"
"2085861708","2028239856","0.132479"
"2028239856","3008392896","0.826923"
"3008392896","2028239856","0.826923"
"2028239856","3014315792","0.21978"
"3014315792","2028239856","0.21978"
"2048194152","3008392896","0.0769231"
"3008392896","2048194152","0.0769231"
"2063929696","3008392896","0.0769231"
"3008392896","2063929696","0.0769231"
"2069276410","3008392896","0.0769231"
"3008392896","2069276410","0.0769231"
"2085861708","3008392896","0.0769231"
"3008392896","2085861708","0.0769231"
"3008392896","3014315792","0.0769231"
"3014315792","3008392896","0.0769231"
"1161827896","1988383743","0.342857"
"1988383743","1161827896","0.342857"
"1161827896","1989168465","0.142857"
"1989168465","1161827896","0.142857"
"1161827896","2331349420","0.47619"
"2331349420","1161827896","0.47619"
"1161827896","2346660823","0.142857"
"2346660823","1161827896","0.142857"
"1161827896","2467335260","4.00952"
"2467335260","1161827896","4.00952"
"1161827896","2729546866","0.842857"
"2729546866","1161827896","0.842857"
"1161827896","2751141499","0.142857"
"2751141499","1161827896","0.142857"
"1988383743","1989168465","0.142857"
"1989168465","1988383743","0.142857"
"1988383743","2331349420","0.142857"
"2331349420","1988383743","0.142857"
"1988383743","2346660823","0.142857"
"2346660823","1988383743","0.142857"
"1988383743","2467335260","1.34286"
"2467335260","1988383743","1.34286"
"1988383743","2729546866","0.842857"
"2729546866","1988383743","0.842857"
"1988383743","2751141499","0.142857"
"2751141499","1988383743","0.142857"
"1989168465","2331349420","0.142857"
"2331349420","1989168465","0.142857"
"1989168465","2346660823","0.342857"
"2346660823","1989168465","0.342857"
"1989168465","2467335260","0.142857"
"2467335260","1989168465","0.142857"
"1989168465","2729546866","0.142857"
"2729546866","1989168465","0.142857"
"1989168465","2751141499","0.342857"
"2751141499","1989168465","0.342857"
"2331349420","2346660823","0.142857"
"2346660823","2331349420","0.142857"
"2331349420","2467335260","0.142857"
"2467335260","2331349420","0.142857"
"2331349420","2729546866","1.80708"
"2729546866","2331349420","1.80708"
"2331349420","2751141499","1.00428"
"2751141499","2331349420","1.00428"
"2346660823","2467335260","0.142857"
"2467335260","2346660823","0.142857"
"2346660823","2729546866","0.971861"
"2729546866","2346660823","0.971861"
"2346660823","2751141499","6.80877"
"2751141499","2346660823","6.80877"
"2467335260","2729546866","0.792857"
"2729546866","2467335260","0.792857"
"2467335260","2751141499","0.592857"
"2751141499","2467335260","0.592857"
"2729546866","2751141499","0.760689"
"2751141499","2729546866","0.760689"
"1161827896","2191917188","0.333333"
"2191917188","1161827896","0.333333"
"1161827896","2767989137","0.333333"
"2767989137","1161827896","0.333333"
"2191917188","2331349420","0.804279"
"2331349420","2191917188","0.804279"
"2191917188","2767989137","1.49359"
"2767989137","2191917188","1.49359"
"2331349420","2767989137","1.02692"
"2767989137","2331349420","1.02692"
"1161827896","2026388177","0.866667"
"2026388177","1161827896","0.866667"
"1161827896","2150887466","0.866667"
"2150887466","1161827896","0.866667"
"2026388177","2150887466","15.7625"
"2150887466","2026388177","15.7625"
"2026388177","2467335260","2.36667"
"2467335260","2026388177","2.36667"
"2150887466","2467335260","2.36667"
"2467335260","2150887466","2.36667"
"1161827896","2521243898","0.5"
"2521243898","1161827896","0.5"
"2521243898","2729546866","24.292"
"2729546866","2521243898","24.292"
"1988383743","2026388177","0.7"
"2026388177","1988383743","0.7"
"1988383743","2150887466","1.7"
"2150887466","1988383743","1.7"
"2026388177","2729546866","0.2"
"2729546866","2026388177","0.2"
"2150887466","2729546866","0.2"
"2729546866","2150887466","0.2"
"1162855944","1559707925","0.583333"
"1559707925","1162855944","0.583333"
"1162855944","2032547610","0.333333"
"2032547610","1162855944","0.333333"
"1162855944","2604086559","1.77543"
"2604086559","1162855944","1.77543"
"1559707925","2032547610","0.666667"
"2032547610","1559707925","0.666667"
"1559707925","2604086559","0.760354"
"2604086559","1559707925","0.760354"
"2032547610","2604086559","1"
"2604086559","2032547610","1"
"1162855944","1738472778","1.74924"
"1738472778","1162855944","1.74924"
"1162855944","175981956","0.994755"
"175981956","1162855944","0.994755"
"1162855944","1968725446","0.167832"
"1968725446","1162855944","0.167832"
"1162855944","2191917188","1.59595"
"2191917188","1162855944","1.59595"
"1162855944","2331349420","1.66142"
"2331349420","1162855944","1.66142"
"1162855944","2399902476","0.0909091"
"2399902476","1162855944","0.0909091"
"1162855944","2467620307","0.328089"
"2467620307","1162855944","0.328089"
"1162855944","2521921482","0.501166"
"2521921482","1162855944","0.501166"
"1162855944","2618686994","0.994755"
"2618686994","1162855944","0.994755"
"1162855944","2751141499","2.25428"
"2751141499","1162855944","2.25428"
"1738472778","175981956","0.174242"
"175981956","1738472778","0.174242"
"1738472778","1968725446","0.0909091"
"1968725446","1738472778","0.0909091"
"1738472778","2191917188","0.299242"
"2191917188","1738472778","0.299242"
"1738472778","2331349420","0.174242"
"2331349420","1738472778","0.174242"
"1738472778","2399902476","0.0909091"
"2399902476","1738472778","0.0909091"
"1738472778","2467620307","0.274242"
"2467620307","1738472778","0.274242"
"1738472778","2521921482","1.58258"
"2521921482","1738472778","1.58258"
"1738472778","2604086559","0.515152"
"2604086559","1738472778","0.515152"
"1738472778","2618686994","0.174242"
"2618686994","1738472778","0.174242"
"1738472778","2751141499","1.70682"
"2751141499","1738472778","1.70682"
"175981956","1968725446","0.167832"
"1968725446","175981956","0.167832"
"175981956","2191917188","1.57809"
"2191917188","175981956","1.57809"
"175981956","2331349420","0.328089"
"2331349420","175981956","0.328089"
"175981956","2399902476","0.0909091"
"2399902476","175981956","0.0909091"
"175981956","2467620307","0.494755"
"2467620307","175981956","0.494755"
"175981956","2521921482","0.667832"
"2521921482","175981956","0.667832"
"175981956","2604086559","1.54924"
"2604086559","175981956","1.54924"
"175981956","2618686994","0.98285"
"2618686994","175981956","0.98285"
"175981956","2751141499","1.82809"
"2751141499","175981956","1.82809"
"1968725446","2191917188","0.167832"
"2191917188","1968725446","0.167832"
"1968725446","2331349420","0.167832"
"2331349420","1968725446","0.167832"
"1968725446","2399902476","0.0909091"
"2399902476","1968725446","0.0909091"
"1968725446","2467620307","0.167832"
"2467620307","1968725446","0.167832"
"1968725446","2521921482","0.0909091"
"2521921482","1968725446","0.0909091"
"1968725446","2604086559","0.0909091"
"2604086559","1968725446","0.0909091"
"1968725446","2618686994","0.492832"
"2618686994","1968725446","0.492832"
"1968725446","2751141499","0.167832"
"2751141499","1968725446","0.167832"
"2191917188","2399902476","0.0909091"
"2399902476","2191917188","0.0909091"
"2191917188","2521921482","0.167832"
"2521921482","2191917188","0.167832"
"2191917188","2604086559","3.66829"
"2604086559","2191917188","3.66829"
"2191917188","2618686994","1.22095"
"2618686994","2191917188","1.22095"
"2191917188","2751141499","0.970946"
"2751141499","2191917188","0.970946"
"2331349420","2399902476","0.0909091"
"2399902476","2331349420","0.0909091"
"2331349420","2467620307","0.328089"
"2467620307","2331349420","0.328089"
"2331349420","2521921482","0.867832"
"2521921482","2331349420","0.867832"
"2331349420","2604086559","2.02821"
"2604086559","2331349420","2.02821"
"2331349420","2618686994","1.89714"
"2618686994","2331349420","1.89714"
"2399902476","2467620307","0.0909091"
"2467620307","2399902476","0.0909091"
"2399902476","2521921482","0.0909091"
"2521921482","2399902476","0.0909091"
"2399902476","2604086559","0.0909091"
"2604086559","2399902476","0.0909091"
"2399902476","2618686994","0.0909091"
"2618686994","2399902476","0.0909091"
"2399902476","2751141499","0.0909091"
"2751141499","2399902476","0.0909091"
"2467620307","2521921482","0.834499"
"2521921482","2467620307","0.834499"
"2467620307","2604086559","0.840909"
"2604086559","2467620307","0.840909"
"2467620307","2618686994","1.32809"
"2618686994","2467620307","1.32809"
"2467620307","2751141499","0.328089"
"2751141499","2467620307","0.328089"
"2521921482","2604086559","2.21591"
"2604086559","2521921482","2.21591"
"2521921482","2618686994","1.06783"
"2618686994","2521921482","1.06783"
"2521921482","2751141499","0.659499"
"2751141499","2521921482","0.659499"
"2604086559","2618686994","2.40043"
