"118742943","1545175007","12.1679"
"1545175007","118742943","12.1679"
"118742943","1832277845","0.917857"
"1832277845","118742943","0.917857"
"118742943","1984350393","0.917857"
"1984350393","118742943","0.917857"
"118742943","2103378897","1.54286"
"2103378897","118742943","1.54286"
"118742943","2104593144","1.70952"
"2104593144","118742943","1.70952"
"1832277845","1984350393","7.51071"
"1984350393","1832277845","7.51071"
"1832277845","2103378897","3.29286"
"2103378897","1832277845","3.29286"
"1832277845","2104593144","1.40952"
"2104593144","1832277845","1.40952"
"1984350393","2103378897","2.95952"
"2103378897","1984350393","2.95952"
"1984350393","2104593144","2.24286"
"2104593144","1984350393","2.24286"
"2103378897","2104593144","1.52202"
"2104593144","2103378897","1.52202"
"118742943","1534295949","0.333333"
"1534295949","118742943","0.333333"
"118742943","2114488082","0.833333"
"2114488082","118742943","0.833333"
"1534295949","1545175007","0.333333"
"1545175007","1534295949","0.333333"
"1534295949","2114488082","0.333333"
"2114488082","1534295949","0.333333"
"1545175007","2114488082","1.33333"
"2114488082","1545175007","1.33333"
"118742943","1485086418","0.316667"
"1485086418","118742943","0.316667"
"118742943","2097688220","0.459524"
"2097688220","118742943","0.459524"
"1485086418","2097688220","3.37917"
"2097688220","1485086418","3.37917"
"1485086418","2103378897","0.379167"
"2103378897","1485086418","0.379167"
"1485086418","2104593144","1.04583"
"2104593144","1485086418","1.04583"
"2097688220","2103378897","0.522024"
"2103378897","2097688220","0.522024"
"2097688220","2104593144","1.18869"
"2104593144","2097688220","1.18869"
"1545175007","2103378897","0.709524"
"2103378897","1545175007","0.709524"
"118742943","2210686847","0.5"
"2210686847","118742943","0.5"
"1545175007","2210686847","0.5"
"2210686847","1545175007","0.5"
"118742943","1903577715","0.525"
"1903577715","118742943","0.525"
"118742943","2042454716","0.833333"
"2042454716","118742943","0.833333"
"118742943","2167671111","0.833333"
"2167671111","118742943","0.833333"
"1903577715","2042454716","0.583333"
"2042454716","1903577715","0.583333"
"1903577715","2167671111","0.583333"
"2167671111","1903577715","0.583333"
"2042454716","2167671111","16.0128"
"2167671111","2042454716","16.0128"
"118742943","1956767865","0.691667"
"1956767865","118742943","0.691667"
"1545175007","1956767865","0.691667"
"1956767865","1545175007","0.691667"
"118742943","1537370817","0.191667"
"1537370817","118742943","0.191667"
"118742943","2164195897","0.334524"
"2164195897","118742943","0.334524"
"118742943","2631389871","0.191667"
"2631389871","118742943","0.191667"
"1537370817","1545175007","0.191667"
"1545175007","1537370817","0.191667"
"1537370817","1832277845","0.191667"
"1832277845","1537370817","0.191667"
"1537370817","1903577715","0.441667"
"1903577715","1537370817","0.441667"
"1537370817","1956767865","0.191667"
"1956767865","1537370817","0.191667"
"1537370817","1984350393","0.525"
"1984350393","1537370817","0.525"
"1537370817","2164195897","0.775"
"2164195897","1537370817","0.775"
"1537370817","2631389871","10.6917"
"2631389871","1537370817","10.6917"
"1545175007","1832277845","0.334524"
"1832277845","1545175007","0.334524"
"1545175007","1903577715","0.191667"
"1903577715","1545175007","0.191667"
"1545175007","1984350393","0.334524"
"1984350393","1545175007","0.334524"
"1545175007","2164195897","0.334524"
"2164195897","1545175007","0.334524"
"1545175007","2631389871","0.191667"
"2631389871","1545175007","0.191667"
"1832277845","1903577715","1.03452"
"1903577715","1832277845","1.03452"
"1832277845","1956767865","0.302778"
"1956767865","1832277845","0.302778"
"1832277845","2164195897","3.0623"
"2164195897","1832277845","3.0623"
"1832277845","2631389871","0.191667"
"2631389871","1832277845","0.191667"
"1903577715","1956767865","0.191667"
"1956767865","1903577715","0.191667"
"1903577715","1984350393","1.78452"
"1984350393","1903577715","1.78452"
"1903577715","2164195897","1.89167"
"2164195897","1903577715","1.89167"
"1903577715","2631389871","0.441667"
"2631389871","1903577715","0.441667"
"1956767865","1984350393","0.191667"
"1984350393","1956767865","0.191667"
"1956767865","2164195897","0.302778"
"2164195897","1956767865","0.302778"
"1956767865","2631389871","0.191667"
"2631389871","1956767865","0.191667"
"1984350393","2164195897","4.53452"
"2164195897","1984350393","4.53452"
"1984350393","2631389871","0.525"
"2631389871","1984350393","0.525"
"2164195897","2631389871","0.775"
"2631389871","2164195897","0.775"
"118742943","1531782611","0.0666667"
"1531782611","118742943","0.0666667"
"118742943","1539275741","0.0666667"
"1539275741","118742943","0.0666667"
"118742943","2125743503","0.0666667"
"2125743503","118742943","0.0666667"
"1485086418","1531782611","0.0666667"
"1531782611","1485086418","0.0666667"
"1485086418","1537370817","0.0666667"
"1537370817","1485086418","0.0666667"
"1485086418","1539275741","0.0666667"
"1539275741","1485086418","0.0666667"
"1485086418","1545175007","0.0666667"
"1545175007","1485086418","0.0666667"
"1485086418","1832277845","0.0666667"
"1832277845","1485086418","0.0666667"
"1485086418","1903577715","0.0666667"
"1903577715","1485086418","0.0666667"
"1485086418","1956767865","0.0666667"
"1956767865","1485086418","0.0666667"
"1485086418","1984350393","2.73333"
"1984350393","1485086418","2.73333"
"1485086418","2125743503","0.0666667"
"2125743503","1485086418","0.0666667"
"1485086418","2164195897","0.0666667"
"2164195897","1485086418","0.0666667"
"1485086418","2631389871","0.0666667"
"2631389871","1485086418","0.0666667"
"1531782611","1537370817","0.0666667"
"1537370817","1531782611","0.0666667"
"1531782611","1539275741","0.0666667"
"1539275741","1531782611","0.0666667"
"1531782611","1545175007","0.0666667"
"1545175007","1531782611","0.0666667"
"1531782611","1832277845","0.0666667"
"1832277845","1531782611","0.0666667"
"1531782611","1903577715","0.0666667"
"1903577715","1531782611","0.0666667"
"1531782611","1956767865","3.20223"
"1956767865","1531782611","3.20223"
"1531782611","1984350393","0.0666667"
"1984350393","1531782611","0.0666667"
"1531782611","2097688220","0.0666667"
"2097688220","1531782611","0.0666667"
"1531782611","2103378897","0.0666667"
"2103378897","1531782611","0.0666667"
"1531782611","2104593144","0.0666667"
"2104593144","1531782611","0.0666667"
"1531782611","2125743503","0.858333"
"2125743503","1531782611","0.858333"
"1531782611","2164195897","0.0666667"
"2164195897","1531782611","0.0666667"
"1531782611","2631389871","0.0666667"
"2631389871","1531782611","0.0666667"
"1537370817","1539275741","0.233333"
"1539275741","1537370817","0.233333"
"1537370817","2097688220","0.0666667"
"2097688220","1537370817","0.0666667"
"1537370817","2103378897","0.0666667"
"2103378897","1537370817","0.0666667"
"1537370817","2104593144","0.0666667"
"2104593144","1537370817","0.0666667"
"1537370817","2125743503","0.0666667"
"2125743503","1537370817","0.0666667"
"1539275741","1545175007","0.0666667"
"1545175007","1539275741","0.0666667"
"1539275741","1832277845","0.0666667"
"1832277845","1539275741","0.0666667"
"1539275741","1903577715","0.0666667"
"1903577715","1539275741","0.0666667"
"1539275741","1956767865","0.566667"
"1956767865","1539275741","0.566667"
"1539275741","1984350393","0.0666667"
"1984350393","1539275741","0.0666667"
"1539275741","2097688220","0.0666667"
"2097688220","1539275741","0.0666667"
"1539275741","2103378897","0.0666667"
"2103378897","1539275741","0.0666667"
"1539275741","2104593144","0.0666667"
"2104593144","1539275741","0.0666667"
"1539275741","2125743503","0.0666667"
"2125743503","1539275741","0.0666667"
"1539275741","2164195897","0.0666667"
"2164195897","1539275741","0.0666667"
"1539275741","2631389871","0.233333"
"2631389871","1539275741","0.233333"
"1545175007","2097688220","0.209524"
"2097688220","1545175007","0.209524"
"1545175007","2104593144","0.709524"
"2104593144","1545175007","0.709524"
"1545175007","2125743503","0.0666667"
"2125743503","1545175007","0.0666667"
"1832277845","2097688220","0.209524"
"2097688220","1832277845","0.209524"
"1832277845","2125743503","0.209524"
"2125743503","1832277845","0.209524"
"1903577715","2097688220","0.0666667"
"2097688220","1903577715","0.0666667"
"1903577715","2103378897","0.0666667"
"2103378897","1903577715","0.0666667"
"1903577715","2104593144","0.266667"
"2104593144","1903577715","0.266667"
"1903577715","2125743503","0.209524"
"2125743503","1903577715","0.209524"
"1956767865","2097688220","0.0666667"
"2097688220","1956767865","0.0666667"
"1956767865","2103378897","0.0666667"
"2103378897","1956767865","0.0666667"
"1956767865","2104593144","0.0666667"
"2104593144","1956767865","0.0666667"
"1956767865","2125743503","3.26502"
"2125743503","1956767865","3.26502"
"1984350393","2097688220","0.87619"
"2097688220","1984350393","0.87619"
"1984350393","2125743503","1.20952"
"2125743503","1984350393","1.20952"
"2097688220","2125743503","0.0666667"
"2125743503","2097688220","0.0666667"
"2097688220","2164195897","0.209524"
"2164195897","2097688220","0.209524"
"2097688220","2631389871","0.0666667"
"2631389871","2097688220","0.0666667"
"2103378897","2125743503","0.0666667"
"2125743503","2103378897","0.0666667"
"2103378897","2164195897","1.37619"
"2164195897","2103378897","1.37619"
"2103378897","2631389871","0.0666667"
"2631389871","2103378897","0.0666667"
"2104593144","2125743503","0.0666667"
"2125743503","2104593144","0.0666667"
"2104593144","2164195897","0.659524"
"2164195897","2104593144","0.659524"
"2104593144","2631389871","0.0666667"
"2631389871","2104593144","0.0666667"
"2125743503","2164195897","0.0666667"
"2164195897","2125743503","0.0666667"
"2125743503","2631389871","0.0666667"
"2631389871","2125743503","0.0666667"
"118742943","1851665508","1"
"1851665508","118742943","1"
"118742943","2109860693","0.5"
"2109860693","118742943","0.5"
"1545175007","2109860693","0.5"
"2109860693","1545175007","0.5"
"126505109","1485086418","0.395833"
"1485086418","126505109","0.395833"
"126505109","2097688220","0.395833"
"2097688220","126505109","0.395833"
"126505109","2104593144","0.395833"
"2104593144","126505109","0.395833"
"126505109","2108196245","2.14286"
"2108196245","126505109","2.14286"
"126505109","2126169116","1"
"2126169116","126505109","1"
"2108196245","2126169116","1"
"2126169116","2108196245","1"
"126505109","2888872082","1"
"2888872082","126505109","1"
"126505109","1580559113","0.3625"
"1580559113","126505109","0.3625"
"126505109","2014589236","0.390909"
"2014589236","126505109","0.390909"
"126505109","2091939272","0.2"
"2091939272","126505109","0.2"
"126505109","2514974017","0.2"
"2514974017","126505109","0.2"
"126505109","2948273719","0.7"
"2948273719","126505109","0.7"
"1580559113","2014589236","0.3"
"2014589236","1580559113","0.3"
"1580559113","2091939272","0.2"
"2091939272","1580559113","0.2"
"1580559113","2514974017","0.2"
"2514974017","1580559113","0.2"
"1580559113","2948273719","0.2"
"2948273719","1580559113","0.2"
"2014589236","2091939272","0.2"
"2091939272","2014589236","0.2"
"2014589236","2514974017","0.2"
"2514974017","2014589236","0.2"
"2014589236","2948273719","0.2"
"2948273719","2014589236","0.2"
"2091939272","2514974017","2.4"
"2514974017","2091939272","2.4"
"2091939272","2948273719","0.45"
"2948273719","2091939272","0.45"
"2514974017","2948273719","4.2"
"2948273719","2514974017","4.2"
"126505109","1508143096","0.5625"
"1508143096","126505109","0.5625"
"126505109","1552906779","0.420076"
"1552906779","126505109","0.420076"
"126505109","1554891714","0.0625"
"1554891714","126505109","0.0625"
"126505109","1761672165","0.0625"
"1761672165","126505109","0.0625"
"126505109","1916198581","0.153409"
"1916198581","126505109","0.153409"
"126505109","2053307247","0.1625"
"2053307247","126505109","0.1625"
"126505109","2069087469","0.229167"
"2069087469","126505109","0.229167"
"126505109","2103378897","0.229167"
"2103378897","126505109","0.229167"
"126505109","2109860693","0.0625"
"2109860693","126505109","0.0625"
"126505109","2114488082","0.0625"
"2114488082","126505109","0.0625"
"126505109","2121378079","0.5625"
"2121378079","126505109","0.5625"
"126505109","2137559158","0.229167"
"2137559158","126505109","0.229167"
"1485086418","1508143096","0.0625"
"1508143096","1485086418","0.0625"
"1485086418","1552906779","0.0625"
"1552906779","1485086418","0.0625"
"1485086418","1554891714","0.0625"
"1554891714","1485086418","0.0625"
"1485086418","1580559113","0.0625"
"1580559113","1485086418","0.0625"
"1485086418","1761672165","0.0625"
"1761672165","1485086418","0.0625"
"1485086418","1916198581","0.0625"
"1916198581","1485086418","0.0625"
"1485086418","2053307247","0.0625"
"2053307247","1485086418","0.0625"
"1485086418","2069087469","0.0625"
"2069087469","1485086418","0.0625"
"1485086418","2109860693","0.0625"
"2109860693","1485086418","0.0625"
"1485086418","2114488082","0.0625"
"2114488082","1485086418","0.0625"
"1485086418","2121378079","0.395833"
"2121378079","1485086418","0.395833"
"1485086418","2137559158","0.0625"
"2137559158","1485086418","0.0625"
"1508143096","1552906779","0.0625"
"1552906779","1508143096","0.0625"
"1508143096","1554891714","0.0625"
"1554891714","1508143096","0.0625"
"1508143096","1580559113","0.0625"
"1580559113","1508143096","0.0625"
"1508143096","1761672165","0.0625"
"1761672165","1508143096","0.0625"
"1508143096","1916198581","0.0625"
"1916198581","1508143096","0.0625"
"1508143096","2053307247","0.0625"
"2053307247","1508143096","0.0625"
"1508143096","2069087469","1.0625"
"2069087469","1508143096","1.0625"
"1508143096","2097688220","0.0625"
"2097688220","1508143096","0.0625"
"1508143096","2103378897","0.0625"
"2103378897","1508143096","0.0625"
"1508143096","2104593144","0.0625"
"2104593144","1508143096","0.0625"
"1508143096","2109860693","0.0625"
"2109860693","1508143096","0.0625"
"1508143096","2114488082","0.0625"
"2114488082","1508143096","0.0625"
"1508143096","2121378079","3.89583"
"2121378079","1508143096","3.89583"
"1508143096","2137559158","0.0625"
"2137559158","1508143096","0.0625"
"1552906779","1554891714","0.0625"
"1554891714","1552906779","0.0625"
"1552906779","1580559113","0.1625"
"1580559113","1552906779","0.1625"
"1552906779","1761672165","0.0625"
"1761672165","1552906779","0.0625"
"1552906779","1916198581","0.367695"
"1916198581","1552906779","0.367695"
"1552906779","2053307247","0.1625"
"2053307247","1552906779","0.1625"
"1552906779","2069087469","0.229167"
"2069087469","1552906779","0.229167"
"1552906779","2097688220","0.0625"
"2097688220","1552906779","0.0625"
"1552906779","2103378897","0.229167"
"2103378897","1552906779","0.229167"
"1552906779","2104593144","0.0625"
"2104593144","1552906779","0.0625"
"1552906779","2109860693","0.153409"
"2109860693","1552906779","0.153409"
"1552906779","2114488082","0.0625"
"2114488082","1552906779","0.0625"
"1552906779","2121378079","0.0625"
"2121378079","1552906779","0.0625"
"1552906779","2137559158","0.229167"
"2137559158","1552906779","0.229167"
"1554891714","1580559113","0.173611"
"1580559113","1554891714","0.173611"
"1554891714","1761672165","0.173611"
"1761672165","1554891714","0.173611"
"1554891714","1916198581","0.173611"
"1916198581","1554891714","0.173611"
"1554891714","2053307247","0.0625"
"2053307247","1554891714","0.0625"
"1554891714","2069087469","0.0625"
"2069087469","1554891714","0.0625"
"1554891714","2097688220","1.0625"
"2097688220","1554891714","1.0625"
"1554891714","2103378897","0.0625"
"2103378897","1554891714","0.0625"
"1554891714","2104593144","0.0625"
"2104593144","1554891714","0.0625"
"1554891714","2109860693","0.173611"
"2109860693","1554891714","0.173611"
"1554891714","2114488082","0.0625"
"2114488082","1554891714","0.0625"
"1554891714","2121378079","0.173611"
"2121378079","1554891714","0.173611"
"1554891714","2137559158","0.5625"
"2137559158","1554891714","0.5625"
"1580559113","1761672165","0.173611"
"1761672165","1580559113","0.173611"
"1580559113","1916198581","0.873611"
"1916198581","1580559113","0.873611"
"1580559113","2053307247","0.1625"
"2053307247","1580559113","0.1625"
"1580559113","2069087469","0.0625"
"2069087469","1580559113","0.0625"
"1580559113","2097688220","0.0625"
"2097688220","1580559113","0.0625"
"1580559113","2103378897","0.0625"
"2103378897","1580559113","0.0625"
"1580559113","2104593144","0.0625"
"2104593144","1580559113","0.0625"
"1580559113","2109860693","0.173611"
"2109860693","1580559113","0.173611"
"1580559113","2114488082","0.0625"
"2114488082","1580559113","0.0625"
"1580559113","2121378079","0.173611"
"2121378079","1580559113","0.173611"
"1580559113","2137559158","0.0625"
"2137559158","1580559113","0.0625"
"1761672165","1916198581","0.910058"
"1916198581","1761672165","0.910058"
"1761672165","2053307247","0.206041"
"2053307247","1761672165","0.206041"
"1761672165","2069087469","0.0625"
"2069087469","1761672165","0.0625"
"1761672165","2097688220","0.0625"
"2097688220","1761672165","0.0625"
"1761672165","2103378897","0.0625"
"2103378897","1761672165","0.0625"
"1761672165","2104593144","0.0625"
"2104593144","1761672165","0.0625"
"1761672165","2109860693","3.07146"
"2109860693","1761672165","3.07146"
"1761672165","2114488082","1.0625"
"2114488082","1761672165","1.0625"
"1761672165","2121378079","0.173611"
"2121378079","1761672165","0.173611"
"1761672165","2137559158","0.0625"
"2137559158","1761672165","0.0625"
"1916198581","2053307247","0.205357"
"2053307247","1916198581","0.205357"
"1916198581","2069087469","0.0625"
"2069087469","1916198581","0.0625"
"1916198581","2097688220","0.0625"
"2097688220","1916198581","0.0625"
"1916198581","2103378897","0.0625"
"2103378897","1916198581","0.0625"
"1916198581","2104593144","0.0625"
"2104593144","1916198581","0.0625"
"1916198581","2109860693","0.517201"
"2109860693","1916198581","0.517201"
"1916198581","2114488082","0.0625"
"2114488082","1916198581","0.0625"
"1916198581","2121378079","0.173611"
"2121378079","1916198581","0.173611"
"1916198581","2137559158","0.0625"
"2137559158","1916198581","0.0625"
"2053307247","2069087469","0.0625"
"2069087469","2053307247","0.0625"
"2053307247","2097688220","0.0625"
"2097688220","2053307247","0.0625"
"2053307247","2103378897","0.0625"
"2103378897","2053307247","0.0625"
"2053307247","2104593144","0.0625"
"2104593144","2053307247","0.0625"
"2053307247","2109860693","0.539374"
"2109860693","2053307247","0.539374"
"2053307247","2114488082","0.0625"
"2114488082","2053307247","0.0625"
"2053307247","2121378079","0.0625"
"2121378079","2053307247","0.0625"
"2053307247","2137559158","0.0625"
"2137559158","2053307247","0.0625"
"2069087469","2097688220","0.0625"
"2097688220","2069087469","0.0625"
"2069087469","2103378897","0.229167"
"2103378897","2069087469","0.229167"
"2069087469","2104593144","0.0625"
"2104593144","2069087469","0.0625"
"2069087469","2109860693","0.0625"
"2109860693","2069087469","0.0625"
"2069087469","2114488082","0.0625"
"2114488082","2069087469","0.0625"
"2069087469","2121378079","1.0625"
"2121378079","2069087469","1.0625"
"2069087469","2137559158","0.229167"
"2137559158","2069087469","0.229167"
"2097688220","2109860693","0.0625"
"2109860693","2097688220","0.0625"
"2097688220","2114488082","0.0625"
"2114488082","2097688220","0.0625"
"2097688220","2121378079","0.395833"
"2121378079","2097688220","0.395833"
"2097688220","2137559158","0.0625"
"2137559158","2097688220","0.0625"
"2103378897","2109860693","0.0625"
"2109860693","2103378897","0.0625"
"2103378897","2114488082","1.0625"
"2114488082","2103378897","1.0625"
"2103378897","2121378079","0.645833"
"2121378079","2103378897","0.645833"
"2103378897","2137559158","0.229167"
"2137559158","2103378897","0.229167"
"2104593144","2109860693","0.0625"
"2109860693","2104593144","0.0625"
"2104593144","2114488082","0.5625"
"2114488082","2104593144","0.5625"
"2104593144","2121378079","0.2625"
"2121378079","2104593144","0.2625"
"2104593144","2137559158","0.0625"
"2137559158","2104593144","0.0625"
"2109860693","2114488082","0.0625"
"2114488082","2109860693","0.0625"
"2109860693","2121378079","0.173611"
"2121378079","2109860693","0.173611"
"2109860693","2137559158","0.0625"
"2137559158","2109860693","0.0625"
"2114488082","2121378079","0.0625"
"2121378079","2114488082","0.0625"
"2114488082","2137559158","0.0625"
"2137559158","2114488082","0.0625"
"2121378079","2137559158","0.0625"
"2137559158","2121378079","0.0625"
"126505109","1564075167","0.6"
"1564075167","126505109","0.6"
"1564075167","2948273719","0.5"
"2948273719","1564075167","0.5"
"126505109","1832277845","0.142857"
"1832277845","126505109","0.142857"
"126505109","1851665508","0.142857"
"1851665508","126505109","0.142857"
"126505109","1903577715","0.142857"
"1903577715","126505109","0.142857"
"126505109","1984350393","0.309524"
"1984350393","126505109","0.309524"
"126505109","2005886648","0.142857"
"2005886648","126505109","0.142857"
"126505109","2125743503","0.142857"
"2125743503","126505109","0.142857"
"1832277845","1851665508","0.142857"
"1851665508","1832277845","0.142857"
"1832277845","2005886648","0.142857"
"2005886648","1832277845","0.142857"
"1832277845","2108196245","0.142857"
"2108196245","1832277845","0.142857"
"1851665508","1903577715","0.142857"
"1903577715","1851665508","0.142857"
"1851665508","1984350393","0.142857"
"1984350393","1851665508","0.142857"
"1851665508","2005886648","0.142857"
"2005886648","1851665508","0.142857"
"1851665508","2108196245","0.142857"
"2108196245","1851665508","0.142857"
"1851665508","2125743503","0.642857"
"2125743503","1851665508","0.642857"
"1903577715","2005886648","0.142857"
"2005886648","1903577715","0.142857"
"1903577715","2108196245","0.142857"
"2108196245","1903577715","0.142857"
"1984350393","2005886648","0.142857"
"2005886648","1984350393","0.142857"
"1984350393","2108196245","0.142857"
"2108196245","1984350393","0.142857"
"2005886648","2108196245","0.142857"
"2108196245","2005886648","0.142857"
"2005886648","2125743503","0.47619"
"2125743503","2005886648","0.47619"
"2108196245","2125743503","0.142857"
"2125743503","2108196245","0.142857"
"126505109","1956767865","0.0909091"
"1956767865","126505109","0.0909091"
"126505109","2042454716","0.0909091"
"2042454716","126505109","0.0909091"
"126505109","2115392339","0.190909"
"2115392339","126505109","0.190909"
"126505109","2117030266","0.190909"
"2117030266","126505109","0.190909"
"126505109","2132874238","0.190909"
"2132874238","126505109","0.190909"
"126505109","2150795982","0.190909"
"2150795982","126505109","0.190909"
"126505109","2167671111","0.0909091"
"2167671111","126505109","0.0909091"
"126505109","78162143","0.0909091"
"78162143","126505109","0.0909091"
"1552906779","1956767865","0.396104"
"1956767865","1552906779","0.396104"
"1552906779","2014589236","2.16277"
"2014589236","1552906779","2.16277"
"1552906779","2042454716","0.305195"
"2042454716","1552906779","0.305195"
"1552906779","2115392339","0.262338"
"2115392339","1552906779","0.262338"
"1552906779","2117030266","0.262338"
"2117030266","1552906779","0.262338"
"1552906779","2132874238","0.262338"
"2132874238","1552906779","0.262338"
"1552906779","2150795982","0.429004"
"2150795982","1552906779","0.429004"
"1552906779","2167671111","0.305195"
"2167671111","1552906779","0.305195"
"1552906779","78162143","0.162338"
"78162143","1552906779","0.162338"
"1916198581","1956767865","2.6345"
"1956767865","1916198581","2.6345"
"1916198581","2014589236","0.405195"
"2014589236","1916198581","0.405195"
"1916198581","2042454716","0.305195"
"2042454716","1916198581","0.305195"
"1916198581","2115392339","0.555195"
"2115392339","1916198581","0.555195"
"1916198581","2117030266","0.595671"
"2117030266","1916198581","0.595671"
"1916198581","2132874238","0.162338"
"2132874238","1916198581","0.162338"
"1916198581","2150795982","0.162338"
"2150795982","1916198581","0.162338"
"1916198581","2167671111","0.305195"
"2167671111","1916198581","0.305195"
"1916198581","78162143","0.162338"
"78162143","1916198581","0.162338"
"1956767865","2014589236","0.857215"
"2014589236","1956767865","0.857215"
"1956767865","2042454716","0.505195"
"2042454716","1956767865","0.505195"
"1956767865","2115392339","0.757118"
"2115392339","1956767865","0.757118"
"1956767865","2117030266","1.07537"
"2117030266","1956767865","1.07537"
"1956767865","2132874238","0.487338"
"2132874238","1956767865","0.487338"
"1956767865","2150795982","0.454004"
"2150795982","1956767865","0.454004"
"1956767865","2167671111","0.505195"
"2167671111","1956767865","0.505195"
"1956767865","78162143","0.475372"
"78162143","1956767865","0.475372"
"2014589236","2042454716","0.305195"
"2042454716","2014589236","0.305195"
"2014589236","2115392339","0.262338"
"2115392339","2014589236","0.262338"
"2014589236","2117030266","0.805195"
"2117030266","2014589236","0.805195"
"2014589236","2132874238","0.762338"
"2132874238","2014589236","0.762338"
"2014589236","2150795982","0.862338"
"2150795982","2014589236","0.862338"
"2014589236","2167671111","0.305195"
"2167671111","2014589236","0.305195"
"2014589236","78162143","0.262338"
"78162143","2014589236","0.262338"
"2042454716","2115392339","0.162338"
"2115392339","2042454716","0.162338"
"2042454716","2117030266","0.162338"
"2117030266","2042454716","0.162338"
"2042454716","2132874238","0.362338"
"2132874238","2042454716","0.362338"
"2042454716","2150795982","0.162338"
"2150795982","2042454716","0.162338"
"2042454716","78162143","0.162338"
"78162143","2042454716","0.162338"
"2115392339","2117030266","0.464261"
"2117030266","2115392339","0.464261"
"2115392339","2132874238","0.387338"
"2132874238","2115392339","0.387338"
"2115392339","2150795982","0.387338"
"2150795982","2115392339","0.387338"
"2115392339","2167671111","0.162338"
"2167671111","2115392339","0.162338"
"2115392339","78162143","0.364261"
"78162143","2115392339","0.364261"
"2117030266","2132874238","0.387338"
"2132874238","2117030266","0.387338"
"2117030266","2150795982","0.654004"
"2150795982","2117030266","0.654004"
"2117030266","2167671111","0.162338"
"2167671111","2117030266","0.162338"
"2117030266","78162143","0.575372"
"78162143","2117030266","0.575372"
"2132874238","2150795982","1.88734"
"2150795982","2132874238","1.88734"
"2132874238","2167671111","0.362338"
"2167671111","2132874238","0.362338"
"2132874238","78162143","0.287338"
"78162143","2132874238","0.287338"
"2150795982","2167671111","0.162338"
"2167671111","2150795982","0.162338"
"2150795982","78162143","1.38734"
"78162143","2150795982","1.38734"
"2167671111","78162143","0.162338"
"78162143","2167671111","0.162338"
"126505109","1968061803","0.1"
"1968061803","126505109","0.1"
"1552906779","1564075167","0.1"
"1564075167","1552906779","0.1"
"1552906779","1968061803","0.1"
"1968061803","1552906779","0.1"
"1564075167","1580559113","0.1"
"1580559113","1564075167","0.1"
"1564075167","1968061803","0.1"
"1968061803","1564075167","0.1"
"1564075167","2014589236","0.1"
"2014589236","1564075167","0.1"
"1564075167","2053307247","0.1"
"2053307247","1564075167","0.1"
"1564075167","2115392339","0.225"
"2115392339","1564075167","0.225"
"1564075167","2117030266","0.225"
"2117030266","1564075167","0.225"
"1564075167","2132874238","3.225"
"2132874238","1564075167","3.225"
"1564075167","2150795982","0.225"
"2150795982","1564075167","0.225"
"1580559113","1968061803","0.1"
"1968061803","1580559113","0.1"
"1580559113","2115392339","0.1"
"2115392339","1580559113","0.1"
"1580559113","2117030266","0.1"
"2117030266","1580559113","0.1"
"1580559113","2132874238","0.1"
"2132874238","1580559113","0.1"
"1580559113","2150795982","0.1"
"2150795982","1580559113","0.1"
"1968061803","2014589236","0.442857"
"2014589236","1968061803","0.442857"
"1968061803","2053307247","0.242857"
"2053307247","1968061803","0.242857"
"1968061803","2115392339","0.403114"
"2115392339","1968061803","0.403114"
"1968061803","2117030266","0.51978"
"2117030266","1968061803","0.51978"
"1968061803","2132874238","0.1"
"2132874238","1968061803","0.1"
"1968061803","2150795982","0.2"
"2150795982","1968061803","0.2"
"2014589236","2053307247","0.1"
"2053307247","2014589236","0.1"
"2053307247","2115392339","0.242857"
"2115392339","2053307247","0.242857"
"2053307247","2117030266","0.1"
"2117030266","2053307247","0.1"
"2053307247","2132874238","0.1"
"2132874238","2053307247","0.1"
"2053307247","2150795982","0.1"
"2150795982","2053307247","0.1"
"126505109","1985936489","0.166667"
"1985936489","126505109","0.166667"
"1552906779","1984350393","0.166667"
"1984350393","1552906779","0.166667"
"1552906779","1985936489","0.166667"
"1985936489","1552906779","0.166667"
"1984350393","1985936489","0.166667"
"1985936489","1984350393","0.166667"
"1984350393","2069087469","0.166667"
"2069087469","1984350393","0.166667"
"1984350393","2137559158","0.166667"
"2137559158","1984350393","0.166667"
"1985936489","2069087469","0.166667"
"2069087469","1985936489","0.166667"
"1985936489","2103378897","0.166667"
"2103378897","1985936489","0.166667"
"1985936489","2137559158","0.166667"
"2137559158","1985936489","0.166667"
"1433255219","1688725932","1"
"1688725932","1433255219","1"
"1433255219","1582716752","0.75"
"1582716752","1433255219","0.75"
"1433255219","2019814385","4.35"
"2019814385","1433255219","4.35"
"1582716752","2019814385","0.5"
"2019814385","1582716752","0.5"
"1433255219","2518060702","4.36667"
"2518060702","1433255219","4.36667"
"1433255219","2612281133","1.53333"
"2612281133","1433255219","1.53333"
"1433255219","2793937183","1.3"
"2793937183","1433255219","1.3"
"2518060702","2612281133","3.30952"
"2612281133","2518060702","3.30952"
"2518060702","2793937183","0.5"
"2793937183","2518060702","0.5"
"2612281133","2793937183","1.03333"
"2793937183","2612281133","1.03333"
"1433255219","1985752637","3.58333"
"1985752637","1433255219","3.58333"
"1433255219","2014390890","1.8"
"2014390890","1433255219","1.8"
"1433255219","2491928626","4.5"
"2491928626","1433255219","4.5"
"1985752637","2014390890","1.71667"
"2014390890","1985752637","1.71667"
"1985752637","2019814385","1.65952"
"2019814385","1985752637","1.65952"
"1985752637","2491928626","3.39286"
"2491928626","1985752637","3.39286"
"1985752637","2793937183","0.966667"
"2793937183","1985752637","0.966667"
"2014390890","2019814385","1.1"
"2019814385","2014390890","1.1"
"2014390890","2491928626","1.21667"
"2491928626","2014390890","1.21667"
"2014390890","2793937183","1.1"
"2793937183","2014390890","1.1"
"2019814385","2491928626","1.15952"
"2491928626","2019814385","1.15952"
"2019814385","2793937183","0.766667"
"2793937183","2019814385","0.766667"
"2491928626","2793937183","0.966667"
"2793937183","2491928626","0.966667"
"1433255219","2008810193","1.78333"
"2008810193","1433255219","1.78333"
"1985752637","2008810193","1.42619"
"2008810193","1985752637","1.42619"
"1985752637","2518060702","2.17619"
"2518060702","1985752637","2.17619"
"2008810193","2518060702","0.67619"
"2518060702","2008810193","0.67619"
"2014390890","2518060702","0.866667"
"2518060702","2014390890","0.866667"
"2491928626","2518060702","2.09286"
"2518060702","2491928626","2.09286"
"1433255219","2199478250","0.583333"
"2199478250","1433255219","0.583333"
"2199478250","2491928626","1.25"
"2491928626","2199478250","1.25"
"2199478250","2518060702","1.25"
"2518060702","2199478250","1.25"
"2199478250","2612281133","2.25"
"2612281133","2199478250","2.25"
"2491928626","2612281133","3.34286"
"2612281133","2491928626","3.34286"
"1433255219","1539275741","0.5"
"1539275741","1433255219","0.5"
"1433255219","2156262402","0.5"
"2156262402","1433255219","0.5"
"1539275741","2156262402","0.5"
"2156262402","1539275741","0.5"
"2008810193","2019814385","0.392857"
"2019814385","2008810193","0.392857"
"2008810193","2491928626","0.592857"
"2491928626","2008810193","0.592857"
"1433255219","2296051993","0.25"
"2296051993","1433255219","0.25"
"1582716752","2014390890","1.33333"
"2014390890","1582716752","1.33333"
"1582716752","2296051993","0.75"
"2296051993","1582716752","0.75"
"1582716752","2518060702","0.25"
"2518060702","1582716752","0.25"
"2014390890","2296051993","0.75"
"2296051993","2014390890","0.75"
"2296051993","2518060702","0.583333"
"2518060702","2296051993","0.583333"
"2019814385","2518060702","0.642857"
"2518060702","2019814385","0.642857"
"1433255219","2772333951","0.2"
"2772333951","1433255219","0.2"
"1985752637","2612281133","0.592857"
"2612281133","1985752637","0.592857"
"1985752637","2772333951","0.342857"
"2772333951","1985752637","0.342857"
"2491928626","2772333951","0.342857"
"2772333951","2491928626","0.342857"
"2612281133","2772333951","0.842857"
"2772333951","2612281133","0.842857"
"2772333951","2793937183","1.7"
"2793937183","2772333951","1.7"
"2008810193","2014390890","2.28333"
"2014390890","2008810193","2.28333"
"2014390890","2199478250","0.333333"
"2199478250","2014390890","0.333333"
"2019814385","2199478250","0.333333"
"2199478250","2019814385","0.333333"
"1469795891","2091939272","0.166667"
"2091939272","1469795891","0.166667"
"1469795891","2514974017","2.41667"
"2514974017","1469795891","2.41667"
"1469795891","2574017551","0.166667"
"2574017551","1469795891","0.166667"
"1469795891","2743785204","0.166667"
"2743785204","1469795891","0.166667"
"1469795891","2753332081","0.166667"
"2753332081","1469795891","0.166667"
"1469795891","2949737282","0.166667"
"2949737282","1469795891","0.166667"
"2091939272","2574017551","0.95"
"2574017551","2091939272","0.95"
"2091939272","2743785204","0.166667"
"2743785204","2091939272","0.166667"
"2091939272","2753332081","0.666667"
"2753332081","2091939272","0.666667"
"2091939272","2949737282","0.166667"
"2949737282","2091939272","0.166667"
"2514974017","2574017551","5.56667"
"2574017551","2514974017","5.56667"
"2514974017","2743785204","0.916667"
"2743785204","2514974017","0.916667"
"2514974017","2753332081","1.25"
"2753332081","2514974017","1.25"
"2514974017","2949737282","0.916667"
"2949737282","2514974017","0.916667"
"2574017551","2743785204","0.166667"
"2743785204","2574017551","0.166667"
"2574017551","2753332081","1"
"2753332081","2574017551","1"
"2574017551","2949737282","0.166667"
"2949737282","2574017551","0.166667"
"2743785204","2753332081","0.916667"
"2753332081","2743785204","0.916667"
"2743785204","2949737282","9.75"
"2949737282","2743785204","9.75"
"2753332081","2949737282","0.916667"
"2949737282","2753332081","0.916667"
"1469795891","1539275741","0.25"
"1539275741","1469795891","0.25"
"1469795891","1968061803","0.25"
"1968061803","1469795891","0.25"
"1469795891","2014390890","0.25"
"2014390890","1469795891","0.25"
"1539275741","1968061803","0.25"
"1968061803","1539275741","0.25"
"1539275741","2014390890","0.25"
"2014390890","1539275741","0.25"
"1539275741","2514974017","0.25"
"2514974017","1539275741","0.25"
"1968061803","2014390890","1.5"
"2014390890","1968061803","1.5"
"1968061803","2514974017","1.25"
"2514974017","1968061803","1.25"
"2014390890","2514974017","0.25"
"2514974017","2014390890","0.25"
"1984350393","2121378079","1.61667"
"2121378079","1984350393","1.61667"
"1485086418","2513361541","1"
"2513361541","1485086418","1"
"1508143096","2014390890","0.333333"
"2014390890","1508143096","0.333333"
"1508143096","2125743503","0.333333"
"2125743503","1508143096","0.333333"
"2014390890","2121378079","0.333333"
"2121378079","2014390890","0.333333"
"2014390890","2125743503","0.333333"
"2125743503","2014390890","0.333333"
"2121378079","2125743503","0.333333"
"2125743503","2121378079","0.333333"
"1513253020","1531782611","0.478968"
"1531782611","1513253020","0.478968"
"1513253020","1600783387","9.64563"
"1600783387","1513253020","9.64563"
"1513253020","1916198581","0.478968"
"1916198581","1513253020","0.478968"
"1513253020","2045880951","0.645635"
"2045880951","1513253020","0.645635"
"1513253020","2100307718","0.645635"
"2100307718","1513253020","0.645635"
"1513253020","2114996745","0.478968"
"2114996745","1513253020","0.478968"
"1513253020","2233384038","0.142857"
"2233384038","1513253020","0.142857"
"1531782611","1600783387","0.478968"
"1600783387","1531782611","0.478968"
"1531782611","1916198581","3.15079"
"1916198581","1531782611","3.15079"
"1531782611","2045880951","1.48557"
"2045880951","1531782611","1.48557"
"1531782611","2100307718","1.48557"
"2100307718","1531782611","1.48557"
"1531782611","2114996745","2.24841"
"2114996745","1531782611","2.24841"
"1531782611","2233384038","0.142857"
"2233384038","1531782611","0.142857"
"1600783387","1916198581","0.478968"
"1916198581","1600783387","0.478968"
"1600783387","2045880951","0.645635"
"2045880951","1600783387","0.645635"
"1600783387","2100307718","0.645635"
"2100307718","1600783387","0.645635"
"1600783387","2114996745","0.478968"
"2114996745","1600783387","0.478968"
"1600783387","2233384038","0.142857"
"2233384038","1600783387","0.142857"
"1916198581","2045880951","1.48294"
"2045880951","1916198581","1.48294"
"1916198581","2100307718","1.48294"
"2100307718","1916198581","1.48294"
"1916198581","2114996745","3.16508"
"2114996745","1916198581","3.16508"
"1916198581","2233384038","0.142857"
"2233384038","1916198581","0.142857"
"2045880951","2100307718","8.81057"
"2100307718","2045880951","8.81057"
"2045880951","2114996745","1.09008"
"2114996745","2045880951","1.09008"
"2045880951","2233384038","0.142857"
"2233384038","2045880951","0.142857"
"2100307718","2114996745","1.09008"
"2114996745","2100307718","1.09008"
"2100307718","2233384038","0.142857"
"2233384038","2100307718","0.142857"
"2114996745","2233384038","0.142857"
"2233384038","2114996745","0.142857"
"1513253020","1561608006","0.236111"
"1561608006","1513253020","0.236111"
"1513253020","2162765234","0.125"
"2162765234","1513253020","0.125"
"1531782611","1561608006","0.974854"
"1561608006","1531782611","0.974854"
"1531782611","2162765234","2.15202"
"2162765234","1531782611","2.15202"
"1561608006","1600783387","0.236111"
"1600783387","1561608006","0.236111"
"1561608006","1916198581","1.08889"
"1916198581","1561608006","1.08889"
"1561608006","2045880951","1.69152"
"2045880951","1561608006","1.69152"
"1561608006","2100307718","1.69152"
"2100307718","1561608006","1.69152"
"1561608006","2114996745","1.08889"
"2114996745","1561608006","1.08889"
"1561608006","2162765234","0.340909"
"2162765234","1561608006","0.340909"
"1600783387","2162765234","0.125"
"2162765234","1600783387","0.125"
"1916198581","2162765234","0.333333"
"2162765234","1916198581","0.333333"
"2045880951","2162765234","0.125"
"2162765234","2045880951","0.125"
"2100307718","2162765234","0.125"
"2162765234","2100307718","0.125"
"2114996745","2162765234","0.25"
"2162765234","2114996745","0.25"
"1513253020","1956767865","0.211111"
"1956767865","1513253020","0.211111"
"1513253020","1964991438","0.1"
"1964991438","1513253020","0.1"
"1513253020","2065339563","0.211111"
"2065339563","1513253020","0.211111"
"1513253020","2121008990","0.1"
"2121008990","1513253020","0.1"
"1531782611","1964991438","1.61869"
"1964991438","1531782611","1.61869"
"1531782611","2065339563","0.263743"
"2065339563","1531782611","0.263743"
"1531782611","2121008990","2.24444"
"2121008990","1531782611","2.24444"
"1600783387","1956767865","0.211111"
"1956767865","1600783387","0.211111"
"1600783387","1964991438","0.1"
"1964991438","1600783387","0.1"
"1600783387","2065339563","0.211111"
"2065339563","1600783387","0.211111"
"1600783387","2121008990","0.1"
"2121008990","1600783387","0.1"
"1916198581","1964991438","2.33803"
"1964991438","1916198581","2.33803"
"1916198581","2065339563","0.704701"
"2065339563","1916198581","0.704701"
"1916198581","2121008990","1.16111"
"2121008990","1916198581","1.16111"
"1956767865","1964991438","0.838034"
"1964991438","1956767865","0.838034"
"1956767865","2045880951","0.517711"
"2045880951","1956767865","0.517711"
"1956767865","2065339563","2.33588"
"2065339563","1956767865","2.33588"
"1956767865","2100307718","0.517711"
"2100307718","1956767865","0.517711"
"1956767865","2114996745","0.522222"
"2114996745","1956767865","0.522222"
"1956767865","2121008990","0.738034"
"2121008990","1956767865","0.738034"
"1964991438","2045880951","0.411111"
"2045880951","1964991438","0.411111"
"1964991438","2065339563","0.176923"
"2065339563","1964991438","0.176923"
"1964991438","2100307718","0.411111"
"2100307718","1964991438","0.411111"
