"112166598","1591574509","0.5"
"1591574509","112166598","0.5"
"112166598","2137287596","0.833333"
"2137287596","112166598","0.833333"
"1591574509","2137287596","2.04348"
"2137287596","1591574509","2.04348"
"112166598","1431492","0.65202"
"1431492","112166598","0.65202"
"112166598","2142448246","0.2"
"2142448246","112166598","0.2"
"112166598","2162065809","0.65202"
"2162065809","112166598","0.65202"
"112166598","2163738319","0.894444"
"2163738319","112166598","0.894444"
"112166598","2295996570","0.2"
"2295996570","112166598","0.2"
"1431492","2142448246","3.33636"
"2142448246","1431492","3.33636"
"1431492","2162065809","9.37965"
"2162065809","1431492","9.37965"
"1431492","2163738319","2.47446"
"2163738319","1431492","2.47446"
"1431492","2295996570","3.16017"
"2295996570","1431492","3.16017"
"2142448246","2162065809","14.0219"
"2162065809","2142448246","14.0219"
"2142448246","2163738319","2.41096"
"2163738319","2142448246","2.41096"
"2142448246","2295996570","11.7602"
"2295996570","2142448246","11.7602"
"2162065809","2163738319","6.43874"
"2163738319","2162065809","6.43874"
"2162065809","2295996570","4.10263"
"2295996570","2162065809","4.10263"
"2163738319","2295996570","0.744298"
"2295996570","2163738319","0.744298"
"112166598","1579331775","0.333333"
"1579331775","112166598","0.333333"
"1579331775","2137287596","3.10563"
"2137287596","1579331775","3.10563"
"1579331775","2163738319","0.47619"
"2163738319","1579331775","0.47619"
"2137287596","2163738319","0.47619"
"2163738319","2137287596","0.47619"
"112166598","1524517838","0.0909091"
"1524517838","112166598","0.0909091"
"112166598","2006355762","0.0909091"
"2006355762","112166598","0.0909091"
"112166598","2096260942","0.0909091"
"2096260942","112166598","0.0909091"
"112166598","2102329924","0.0909091"
"2102329924","112166598","0.0909091"
"112166598","2118691412","0.0909091"
"2118691412","112166598","0.0909091"
"112166598","2127473562","0.0909091"
"2127473562","112166598","0.0909091"
"112166598","2133110656","0.0909091"
"2133110656","112166598","0.0909091"
"112166598","2148316600","0.0909091"
"2148316600","112166598","0.0909091"
"112166598","2160636536","0.0909091"
"2160636536","112166598","0.0909091"
"1431492","1524517838","0.0909091"
"1524517838","1431492","0.0909091"
"1431492","2006355762","2.09091"
"2006355762","1431492","2.09091"
"1431492","2096260942","0.590909"
"2096260942","1431492","0.590909"
"1431492","2102329924","2.97092"
"2102329924","1431492","2.97092"
"1431492","2118691412","0.619731"
"2118691412","1431492","0.619731"
"1431492","2127473562","0.948052"
"2127473562","1431492","0.948052"
"1431492","2133110656","0.0909091"
"2133110656","1431492","0.0909091"
"1431492","2148316600","4.83679"
"2148316600","1431492","4.83679"
"1431492","2160636536","0.0909091"
"2160636536","1431492","0.0909091"
"1524517838","2006355762","0.0909091"
"2006355762","1524517838","0.0909091"
"1524517838","2096260942","0.424242"
"2096260942","1524517838","0.424242"
"1524517838","2102329924","0.0909091"
"2102329924","1524517838","0.0909091"
"1524517838","2118691412","0.0909091"
"2118691412","1524517838","0.0909091"
"1524517838","2127473562","6.92424"
"2127473562","1524517838","6.92424"
"1524517838","2133110656","0.424242"
"2133110656","1524517838","0.424242"
"1524517838","2148316600","0.0909091"
"2148316600","1524517838","0.0909091"
"1524517838","2160636536","0.0909091"
"2160636536","1524517838","0.0909091"
"1524517838","2162065809","0.0909091"
"2162065809","1524517838","0.0909091"
"2006355762","2096260942","0.0909091"
"2096260942","2006355762","0.0909091"
"2006355762","2102329924","0.0909091"
"2102329924","2006355762","0.0909091"
"2006355762","2118691412","0.0909091"
"2118691412","2006355762","0.0909091"
"2006355762","2127473562","0.0909091"
"2127473562","2006355762","0.0909091"
"2006355762","2133110656","0.0909091"
"2133110656","2006355762","0.0909091"
"2006355762","2148316600","0.540909"
"2148316600","2006355762","0.540909"
"2006355762","2160636536","0.0909091"
"2160636536","2006355762","0.0909091"
"2006355762","2162065809","0.924242"
"2162065809","2006355762","0.924242"
"2096260942","2102329924","0.0909091"
"2102329924","2096260942","0.0909091"
"2096260942","2118691412","0.233766"
"2118691412","2096260942","0.233766"
"2096260942","2127473562","1.23377"
"2127473562","2096260942","1.23377"
"2096260942","2133110656","0.424242"
"2133110656","2096260942","0.424242"
"2096260942","2148316600","0.590909"
"2148316600","2096260942","0.590909"
"2096260942","2160636536","0.0909091"
"2160636536","2096260942","0.0909091"
"2096260942","2162065809","1.59091"
"2162065809","2096260942","1.59091"
"2102329924","2118691412","6.92656"
"2118691412","2102329924","6.92656"
"2102329924","2127473562","0.0909091"
"2127473562","2102329924","0.0909091"
"2102329924","2133110656","2.47211"
"2133110656","2102329924","2.47211"
"2102329924","2148316600","4.09892"
"2148316600","2102329924","4.09892"
"2102329924","2160636536","0.0909091"
"2160636536","2102329924","0.0909091"
"2102329924","2162065809","1.7557"
"2162065809","2102329924","1.7557"
"2118691412","2127473562","0.233766"
"2127473562","2118691412","0.233766"
"2118691412","2133110656","5.96259"
"2133110656","2118691412","5.96259"
"2118691412","2148316600","2.33107"
"2148316600","2118691412","2.33107"
"2118691412","2160636536","0.424242"
"2160636536","2118691412","0.424242"
"2118691412","2162065809","0.196172"
"2162065809","2118691412","0.196172"
"2127473562","2133110656","1.25758"
"2133110656","2127473562","1.25758"
"2127473562","2148316600","0.971861"
"2148316600","2127473562","0.971861"
"2127473562","2160636536","0.257576"
"2160636536","2127473562","0.257576"
"2127473562","2162065809","2.59091"
"2162065809","2127473562","2.59091"
"2133110656","2148316600","3.29329"
"2148316600","2133110656","3.29329"
"2133110656","2160636536","0.0909091"
"2160636536","2133110656","0.0909091"
"2133110656","2162065809","0.286398"
"2162065809","2133110656","0.286398"
"2148316600","2160636536","1.09091"
"2160636536","2148316600","1.09091"
"2148316600","2162065809","3.40187"
"2162065809","2148316600","3.40187"
"2160636536","2162065809","0.257576"
"2162065809","2160636536","0.257576"
"112166598","2107788319","1"
"2107788319","112166598","1"
"112166598","2075707188","0.361111"
"2075707188","112166598","0.361111"
"1431492","2075707188","1.41865"
"2075707188","1431492","1.41865"
"2075707188","2162065809","2.41111"
"2162065809","2075707188","2.41111"
"2075707188","2163738319","0.936111"
"2163738319","2075707188","0.936111"
"112166598","2117602879","0.111111"
"2117602879","112166598","0.111111"
"112166598","2123106301","0.111111"
"2123106301","112166598","0.111111"
"112166598","2290985764","0.111111"
"2290985764","112166598","0.111111"
"112166598","2395398574","0.111111"
"2395398574","112166598","0.111111"
"112166598","2401523500","0.111111"
"2401523500","112166598","0.111111"
"1431492","2117602879","0.277778"
"2117602879","1431492","0.277778"
"1431492","2123106301","2.3066"
"2123106301","1431492","2.3066"
"1431492","2290985764","0.111111"
"2290985764","1431492","0.111111"
"1431492","2395398574","0.444444"
"2395398574","1431492","0.444444"
"1431492","2401523500","0.611111"
"2401523500","1431492","0.611111"
"2075707188","2117602879","0.111111"
"2117602879","2075707188","0.111111"
"2075707188","2123106301","0.111111"
"2123106301","2075707188","0.111111"
"2075707188","2290985764","0.111111"
"2290985764","2075707188","0.111111"
"2075707188","2395398574","0.111111"
"2395398574","2075707188","0.111111"
"2075707188","2401523500","0.361111"
"2401523500","2075707188","0.361111"
"2117602879","2123106301","0.236111"
"2123106301","2117602879","0.236111"
"2117602879","2162065809","0.861111"
"2162065809","2117602879","0.861111"
"2117602879","2163738319","0.111111"
"2163738319","2117602879","0.111111"
"2117602879","2290985764","0.111111"
"2290985764","2117602879","0.111111"
"2117602879","2395398574","0.111111"
"2395398574","2117602879","0.111111"
"2117602879","2401523500","0.111111"
"2401523500","2117602879","0.111111"
"2123106301","2162065809","7.6009"
"2162065809","2123106301","7.6009"
"2123106301","2163738319","0.5066"
"2163738319","2123106301","0.5066"
"2123106301","2290985764","0.111111"
"2290985764","2123106301","0.111111"
"2123106301","2395398574","0.111111"
"2395398574","2123106301","0.111111"
"2123106301","2401523500","0.111111"
"2401523500","2123106301","0.111111"
"2162065809","2290985764","0.111111"
"2290985764","2162065809","0.111111"
"2162065809","2395398574","0.111111"
"2395398574","2162065809","0.111111"
"2162065809","2401523500","0.444444"
"2401523500","2162065809","0.444444"
"2163738319","2290985764","0.111111"
"2290985764","2163738319","0.111111"
"2163738319","2395398574","0.111111"
"2395398574","2163738319","0.111111"
"2163738319","2401523500","0.111111"
"2401523500","2163738319","0.111111"
"2290985764","2395398574","0.111111"
"2395398574","2290985764","0.111111"
"2290985764","2401523500","0.111111"
"2401523500","2290985764","0.111111"
"2395398574","2401523500","0.444444"
"2401523500","2395398574","0.444444"
"1253600108","2093948066","4.25"
"2093948066","1253600108","4.25"
"1253600108","2282329880","2"
"2282329880","1253600108","2"
"2093948066","2282329880","1.16667"
"2282329880","2093948066","1.16667"
"1253600108","1996095015","0.25"
"1996095015","1253600108","0.25"
"1253600108","2000703105","0.25"
"2000703105","1253600108","0.25"
"1253600108","2037556926","0.25"
"2037556926","1253600108","0.25"
"1996095015","2000703105","0.25"
"2000703105","1996095015","0.25"
"1996095015","2037556926","0.45"
"2037556926","1996095015","0.45"
"1996095015","2093948066","0.25"
"2093948066","1996095015","0.25"
"2000703105","2037556926","0.75"
"2037556926","2000703105","0.75"
"2000703105","2093948066","4.63596"
"2093948066","2000703105","4.63596"
"2037556926","2093948066","7.97619"
"2093948066","2037556926","7.97619"
"1431492","1759602482","0.125"
"1759602482","1431492","0.125"
"1431492","2008910162","0.225"
"2008910162","1431492","0.225"
"1431492","2078542119","0.125"
"2078542119","1431492","0.125"
"1431492","2112915525","1.43636"
"2112915525","1431492","1.43636"
"1431492","2163940273","0.267857"
"2163940273","1431492","0.267857"
"1431492","2164551073","1.36255"
"2164551073","1431492","1.36255"
"1759602482","2008910162","0.168478"
"2008910162","1759602482","0.168478"
"1759602482","2078542119","0.125"
"2078542119","1759602482","0.125"
"1759602482","2102329924","0.587776"
"2102329924","1759602482","0.587776"
"1759602482","2112915525","1.82111"
"2112915525","1759602482","1.82111"
"1759602482","2148316600","0.168478"
"2148316600","1759602482","0.168478"
"1759602482","2163940273","0.22111"
"2163940273","1759602482","0.22111"
"1759602482","2164551073","0.168478"
"2164551073","1759602482","0.168478"
"2008910162","2078542119","0.125"
"2078542119","2008910162","0.125"
"2008910162","2102329924","0.418478"
"2102329924","2008910162","0.418478"
"2008910162","2112915525","0.518478"
"2112915525","2008910162","0.518478"
"2008910162","2148316600","0.518478"
"2148316600","2008910162","0.518478"
"2008910162","2163940273","0.168478"
"2163940273","2008910162","0.168478"
"2008910162","2164551073","1.76848"
"2164551073","2008910162","1.76848"
"2078542119","2102329924","0.125"
"2102329924","2078542119","0.125"
"2078542119","2112915525","0.125"
"2112915525","2078542119","0.125"
"2078542119","2148316600","0.125"
"2148316600","2078542119","0.125"
"2078542119","2163940273","0.125"
"2163940273","2078542119","0.125"
"2078542119","2164551073","1.625"
"2164551073","2078542119","1.625"
"2102329924","2112915525","1.84041"
"2112915525","2102329924","1.84041"
"2102329924","2163940273","1.98063"
"2163940273","2102329924","1.98063"
"2102329924","2164551073","0.554443"
"2164551073","2102329924","0.554443"
"2112915525","2148316600","3.14651"
"2148316600","2112915525","3.14651"
"2112915525","2163940273","1.38778"
"2163940273","2112915525","1.38778"
"2112915525","2164551073","0.846507"
"2164551073","2112915525","0.846507"
"2148316600","2163940273","0.728002"
"2163940273","2148316600","0.728002"
"2148316600","2164551073","2.35484"
"2164551073","2148316600","2.35484"
"2163940273","2164551073","0.418478"
"2164551073","2163940273","0.418478"
"1431492","1546523996","1.33333"
"1546523996","1431492","1.33333"
"1431492","2098444749","0.955952"
"2098444749","1431492","0.955952"
"2075707188","2098444749","0.396429"
"2098444749","2075707188","0.396429"
"2075707188","2142448246","1.35754"
"2142448246","2075707188","1.35754"
"2098444749","2142448246","2.95595"
"2142448246","2098444749","2.95595"
"2098444749","2162065809","1.24167"
"2162065809","2098444749","1.24167"
"2098444749","2163738319","0.325"
"2163738319","2098444749","0.325"
"1431492","1993764401","1.68611"
"1993764401","1431492","1.68611"
"1431492","2108201790","0.18254"
"2108201790","1431492","0.18254"
"1431492","2153252884","0.687552"
"2153252884","1431492","0.687552"
"1993764401","2075707188","3.43611"
"2075707188","1993764401","3.43611"
"1993764401","2108201790","0.111111"
"2108201790","1993764401","0.111111"
"1993764401","2112915525","0.111111"
"2112915525","1993764401","0.111111"
"1993764401","2142448246","1.23611"
"2142448246","1993764401","1.23611"
"1993764401","2148316600","0.111111"
"2148316600","1993764401","0.111111"
"1993764401","2153252884","0.361111"
"2153252884","1993764401","0.361111"
"1993764401","2164551073","0.561111"
"2164551073","1993764401","0.561111"
"1993764401","2295996570","0.736111"
"2295996570","1993764401","0.736111"
"2075707188","2108201790","0.43254"
"2108201790","2075707188","0.43254"
"2075707188","2112915525","0.48254"
"2112915525","2075707188","0.48254"
"2075707188","2148316600","0.78254"
"2148316600","2075707188","0.78254"
"2075707188","2153252884","1.29087"
"2153252884","2075707188","1.29087"
"2075707188","2164551073","0.85754"
"2164551073","2075707188","0.85754"
"2075707188","2295996570","3.81587"
"2295996570","2075707188","3.81587"
"2108201790","2112915525","0.38254"
"2112915525","2108201790","0.38254"
"2108201790","2142448246","0.43254"
"2142448246","2108201790","0.43254"
"2108201790","2148316600","0.18254"
"2148316600","2108201790","0.18254"
"2108201790","2153252884","0.18254"
"2153252884","2108201790","0.18254"
"2108201790","2164551073","1.18254"
"2164551073","2108201790","1.18254"
"2108201790","2295996570","0.38254"
"2295996570","2108201790","0.38254"
"2112915525","2142448246","3.64081"
"2142448246","2112915525","3.64081"
"2112915525","2153252884","1.07803"
"2153252884","2112915525","1.07803"
"2112915525","2295996570","2.45184"
"2295996570","2112915525","2.45184"
"2142448246","2148316600","2.71317"
"2148316600","2142448246","2.71317"
"2142448246","2153252884","1.21136"
"2153252884","2142448246","1.21136"
"2142448246","2164551073","1.84651"
"2164551073","2142448246","1.84651"
"2148316600","2153252884","0.878028"
"2153252884","2148316600","0.878028"
"2148316600","2295996570","2.8185"
"2295996570","2148316600","2.8185"
"2153252884","2164551073","6.42922"
"2164551073","2153252884","6.42922"
"2153252884","2295996570","8.12684"
"2295996570","2153252884","8.12684"
"2164551073","2295996570","1.52684"
"2295996570","2164551073","1.52684"
"1431492","2090088551","0.952381"
"2090088551","1431492","0.952381"
"1431492","2145199549","0.142857"
"2145199549","1431492","0.142857"
"1431492","2170183598","0.195489"
"2170183598","1431492","0.195489"
"2090088551","2127473562","0.309524"
"2127473562","2090088551","0.309524"
"2090088551","2145199549","0.142857"
"2145199549","2090088551","0.142857"
"2090088551","2153252884","0.142857"
"2153252884","2090088551","0.142857"
"2090088551","2163738319","0.285714"
"2163738319","2090088551","0.285714"
"2090088551","2164551073","0.142857"
"2164551073","2090088551","0.142857"
"2090088551","2170183598","0.142857"
"2170183598","2090088551","0.142857"
"2127473562","2145199549","0.142857"
"2145199549","2127473562","0.142857"
"2127473562","2153252884","1.22381"
"2153252884","2127473562","1.22381"
"2127473562","2163738319","0.619048"
"2163738319","2127473562","0.619048"
"2127473562","2164551073","1.52381"
"2164551073","2127473562","1.52381"
"2127473562","2170183598","1.97619"
"2170183598","2127473562","1.97619"
"2145199549","2153252884","0.142857"
"2153252884","2145199549","0.142857"
"2145199549","2163738319","0.142857"
"2163738319","2145199549","0.142857"
"2145199549","2164551073","0.342857"
"2164551073","2145199549","0.342857"
"2145199549","2170183598","0.342857"
"2170183598","2145199549","0.342857"
"2153252884","2163738319","0.395489"
"2163738319","2153252884","0.395489"
"2153252884","2170183598","0.320489"
"2170183598","2153252884","0.320489"
"2163738319","2164551073","0.195489"
"2164551073","2163738319","0.195489"
"2163738319","2170183598","0.195489"
"2170183598","2163738319","0.195489"
"2164551073","2170183598","0.613967"
"2170183598","2164551073","0.613967"
"1431492","1999445111","0.516667"
"1999445111","1431492","0.516667"
"1431492","2107788319","6.72406"
"2107788319","1431492","6.72406"
"1999445111","2107788319","1.3"
"2107788319","1999445111","1.3"
"1999445111","2148316600","1.55"
"2148316600","1999445111","1.55"
"1999445111","2164551073","0.35"
"2164551073","1999445111","0.35"
"2107788319","2148316600","20.7925"
"2148316600","2107788319","20.7925"
"2107788319","2164551073","6.60087"
"2164551073","2107788319","6.60087"
"1431492","2005425904","5.55952"
"2005425904","1431492","5.55952"
"1431492","2148185543","1"
"2148185543","1431492","1"
"1431492","2067129044","0.583333"
"2067129044","1431492","0.583333"
"2005425904","2067129044","12.3667"
"2067129044","2005425904","12.3667"
"2005425904","2142448246","8.23514"
"2142448246","2005425904","8.23514"
"2067129044","2142448246","1.7"
"2142448246","2067129044","1.7"
"1431492","1855825008","1.05263"
"1855825008","1431492","1.05263"
"2107788319","2142448246","11.6118"
"2142448246","2107788319","11.6118"
"1431492","2003278454","0.75"
"2003278454","1431492","0.75"
"2003278454","2162065809","0.5"
"2162065809","2003278454","0.5"
"1431492","1579331775","1.33333"
"1579331775","1431492","1.33333"
"1431492","2106740217","0.333333"
"2106740217","1431492","0.333333"
"1431492","3012613012","2.30263"
"3012613012","1431492","2.30263"
"2005425904","2106740217","23.4292"
"2106740217","2005425904","23.4292"
"2005425904","3012613012","1.16667"
"3012613012","2005425904","1.16667"
"2106740217","3012613012","0.333333"
"3012613012","2106740217","0.333333"
"2006355762","2107788319","3.95"
"2107788319","2006355762","3.95"
"2006355762","2295996570","0.783333"
"2295996570","2006355762","0.783333"
"2107788319","2295996570","6.11573"
"2295996570","2107788319","6.11573"
"2107788319","2162065809","9.87193"
"2162065809","2107788319","9.87193"
"2102329924","2107788319","4.04874"
"2107788319","2102329924","4.04874"
"1431492","1997673274","0.47619"
"1997673274","1431492","0.47619"
"1997673274","2102329924","0.928571"
"2102329924","1997673274","0.928571"
"1997673274","2118691412","4.09524"
"2118691412","1997673274","4.09524"
"1431492","1589148362","0.0526316"
"1589148362","1431492","0.0526316"
"1431492","2088938196","0.0526316"
"2088938196","1431492","0.0526316"
"1431492","2125399815","0.385965"
"2125399815","1431492","0.385965"
"1431492","2159514065","0.0526316"
"2159514065","1431492","0.0526316"
"1589148362","1855825008","1.55263"
"1855825008","1589148362","1.55263"
"1589148362","2088938196","0.0526316"
"2088938196","1589148362","0.0526316"
"1589148362","2102329924","0.302632"
"2102329924","1589148362","0.302632"
"1589148362","2107788319","0.552632"
"2107788319","1589148362","0.552632"
"1589148362","2112915525","0.0526316"
"2112915525","1589148362","0.0526316"
"1589148362","2118691412","0.0526316"
"2118691412","1589148362","0.0526316"
"1589148362","2123106301","0.0526316"
"2123106301","1589148362","0.0526316"
"1589148362","2125399815","0.0526316"
"2125399815","1589148362","0.0526316"
"1589148362","2142448246","0.0526316"
"2142448246","1589148362","0.0526316"
"1589148362","2148316600","0.552632"
"2148316600","1589148362","0.552632"
"1589148362","2153252884","0.0526316"
"2153252884","1589148362","0.0526316"
"1589148362","2159514065","0.0526316"
"2159514065","1589148362","0.0526316"
"1589148362","2162065809","0.0526316"
"2162065809","1589148362","0.0526316"
"1589148362","2163738319","0.0526316"
"2163738319","1589148362","0.0526316"
"1589148362","2164551073","0.0526316"
"2164551073","1589148362","0.0526316"
"1589148362","2170183598","0.0526316"
"2170183598","1589148362","0.0526316"
"1589148362","2295996570","0.0526316"
"2295996570","1589148362","0.0526316"
"1589148362","3012613012","0.0526316"
"3012613012","1589148362","0.0526316"
"1855825008","2088938196","0.0526316"
"2088938196","1855825008","0.0526316"
"1855825008","2102329924","3.97111"
"2102329924","1855825008","3.97111"
"1855825008","2107788319","0.462777"
"2107788319","1855825008","0.462777"
"1855825008","2112915525","0.629443"
"2112915525","1855825008","0.629443"
"1855825008","2118691412","7.80444"
"2118691412","1855825008","7.80444"
"1855825008","2123106301","0.0526316"
"2123106301","1855825008","0.0526316"
"1855825008","2125399815","0.0526316"
"2125399815","1855825008","0.0526316"
"1855825008","2142448246","6.21278"
"2142448246","1855825008","6.21278"
"1855825008","2148316600","1.28778"
"2148316600","1855825008","1.28778"
"1855825008","2153252884","0.0526316"
"2153252884","1855825008","0.0526316"
"1855825008","2159514065","0.177632"
"2159514065","1855825008","0.177632"
"1855825008","2162065809","0.0526316"
"2162065809","1855825008","0.0526316"
"1855825008","2163738319","0.0526316"
"2163738319","1855825008","0.0526316"
"1855825008","2164551073","0.0961098"
"2164551073","1855825008","0.0961098"
"1855825008","2170183598","2.27944"
"2170183598","1855825008","2.27944"
"1855825008","2295996570","0.0526316"
"2295996570","1855825008","0.0526316"
"1855825008","3012613012","0.0526316"
"3012613012","1855825008","0.0526316"
"2088938196","2102329924","0.0526316"
"2102329924","2088938196","0.0526316"
"2088938196","2107788319","0.752632"
"2107788319","2088938196","0.752632"
"2088938196","2112915525","0.855263"
"2112915525","2088938196","0.855263"
"2088938196","2118691412","0.552632"
"2118691412","2088938196","0.552632"
"2088938196","2123106301","0.0526316"
"2123106301","2088938196","0.0526316"
"2088938196","2125399815","1.30263"
"2125399815","2088938196","1.30263"
"2088938196","2142448246","1.25263"
"2142448246","2088938196","1.25263"
"2088938196","2148316600","0.252632"
"2148316600","2088938196","0.252632"
"2088938196","2153252884","0.0526316"
"2153252884","2088938196","0.0526316"
"2088938196","2159514065","0.105263"
"2159514065","2088938196","0.105263"
"2088938196","2162065809","0.0526316"
"2162065809","2088938196","0.0526316"
"2088938196","2163738319","0.0526316"
"2163738319","2088938196","0.0526316"
"2088938196","2164551073","0.0526316"
"2164551073","2088938196","0.0526316"
"2088938196","2170183598","0.0526316"
"2170183598","2088938196","0.0526316"
"2088938196","2295996570","0.252632"
"2295996570","2088938196","0.252632"
"2088938196","3012613012","0.0526316"
"3012613012","2088938196","0.0526316"
"2102329924","2123106301","0.765977"
"2123106301","2102329924","0.765977"
"2102329924","2125399815","1.05263"
"2125399815","2102329924","1.05263"
"2102329924","2142448246","0.965408"
"2142448246","2102329924","0.965408"
"2102329924","2153252884","0.0526316"
"2153252884","2102329924","0.0526316"
"2102329924","2159514065","0.177632"
"2159514065","2102329924","0.177632"
"2102329924","2163738319","0.195489"
"2163738319","2102329924","0.195489"
"2102329924","2170183598","3.77944"
"2170183598","2102329924","3.77944"
"2102329924","2295996570","0.969298"
"2295996570","2102329924","0.969298"
"2102329924","3012613012","0.0526316"
"3012613012","2102329924","0.0526316"
"2107788319","2112915525","2.97017"
"2112915525","2107788319","2.97017"
"2107788319","2118691412","5.51541"
"2118691412","2107788319","5.51541"
"2107788319","2123106301","2.39693"
"2123106301","2107788319","2.39693"
"2107788319","2125399815","0.177632"
"2125399815","2107788319","0.177632"
"2107788319","2153252884","2.19906"
"2153252884","2107788319","2.19906"
"2107788319","2159514065","0.385965"
"2159514065","2107788319","0.385965"
"2107788319","2163738319","1.88596"
"2163738319","2107788319","1.88596"
"2107788319","2170183598","0.22111"
"2170183598","2107788319","0.22111"
"2107788319","3012613012","0.0526316"
"3012613012","2107788319","0.0526316"
"2112915525","2118691412","3.29874"
"2118691412","2112915525","3.29874"
"2112915525","2123106301","1.18026"
"2123106301","2112915525","1.18026"
"2112915525","2125399815","0.635965"
"2125399815","2112915525","0.635965"
"2112915525","2159514065","2.67193"
"2159514065","2112915525","2.67193"
"2112915525","2162065809","1.70526"
"2162065809","2112915525","1.70526"
"2112915525","2163738319","0.552632"
"2163738319","2112915525","0.552632"
"2112915525","2170183598","0.0961098"
"2170183598","2112915525","0.0961098"
"2112915525","3012613012","0.385965"
"3012613012","2112915525","0.385965"
"2118691412","2123106301","0.105263"
"2123106301","2118691412","0.105263"
"2118691412","2125399815","0.552632"
"2125399815","2118691412","0.552632"
"2118691412","2142448246","3.06541"
"2142448246","2118691412","3.06541"
"2118691412","2153252884","0.0526316"
"2153252884","2118691412","0.0526316"
"2118691412","2159514065","0.927632"
"2159514065","2118691412","0.927632"
"2118691412","2163738319","0.195489"
"2163738319","2118691412","0.195489"
"2118691412","2164551073","0.0961098"
"2164551073","2118691412","0.0961098"
"2118691412","2170183598","0.829443"
"2170183598","2118691412","0.829443"
"2118691412","2295996570","0.0526316"
"2295996570","2118691412","0.0526316"
"2118691412","3012613012","0.0526316"
"3012613012","2118691412","0.0526316"
"2123106301","2125399815","0.252632"
"2125399815","2123106301","0.252632"
"2123106301","2142448246","2.35526"
"2142448246","2123106301","2.35526"
"2123106301","2148316600","3.18716"
"2148316600","2123106301","3.18716"
"2123106301","2153252884","1.08596"
"2153252884","2123106301","1.08596"
"2123106301","2159514065","0.252632"
"2159514065","2123106301","0.252632"
"2123106301","2164551073","0.835965"
"2164551073","2123106301","0.835965"
"2123106301","2170183598","0.469298"
"2170183598","2123106301","0.469298"
"2123106301","2295996570","0.502632"
"2295996570","2123106301","0.502632"
"2123106301","3012613012","0.0526316"
"3012613012","2123106301","0.0526316"
"2125399815","2142448246","1.67763"
"2142448246","2125399815","1.67763"
"2125399815","2148316600","0.377632"
"2148316600","2125399815","0.377632"
"2125399815","2153252884","0.0526316"
"2153252884","2125399815","0.0526316"
"2125399815","2159514065","4.58596"
"2159514065","2125399815","4.58596"
"2125399815","2162065809","5.87763"
"2162065809","2125399815","5.87763"
"2125399815","2163738319","0.552632"
"2163738319","2125399815","0.552632"
"2125399815","2164551073","0.177632"
"2164551073","2125399815","0.177632"
"2125399815","2170183598","0.0526316"
"2170183598","2125399815","0.0526316"
"2125399815","2295996570","0.219298"
"2295996570","2125399815","0.219298"
"2125399815","3012613012","0.0526316"
"3012613012","2125399815","0.0526316"
"2142448246","2159514065","1.08596"
"2159514065","2142448246","1.08596"
"2142448246","2170183598","1.42944"
"2170183598","2142448246","1.42944"
"2142448246","3012613012","0.0526316"
"3012613012","2142448246","0.0526316"
"2148316600","2159514065","0.177632"
"2159514065","2148316600","0.177632"
"2148316600","2163738319","0.445489"
"2163738319","2148316600","0.445489"
"2148316600","2170183598","1.12944"
"2170183598","2148316600","1.12944"
"2148316600","3012613012","0.385965"
"3012613012","2148316600","0.385965"
"2153252884","2159514065","0.0526316"
"2159514065","2153252884","0.0526316"
"2153252884","2162065809","1.17763"
"2162065809","2153252884","1.17763"
"2153252884","3012613012","0.0526316"
"3012613012","2153252884","0.0526316"
"2159514065","2162065809","0.385965"
"2162065809","2159514065","0.385965"
"2159514065","2163738319","0.0526316"
"2163738319","2159514065","0.0526316"
"2159514065","2164551073","0.252632"
"2164551073","2159514065","0.252632"
"2159514065","2170183598","0.0526316"
"2170183598","2159514065","0.0526316"
"2159514065","2295996570","0.0526316"
"2295996570","2159514065","0.0526316"
"2159514065","3012613012","0.0526316"
"3012613012","2159514065","0.0526316"
"2162065809","2164551073","1.73596"
"2164551073","2162065809","1.73596"
"2162065809","2170183598","0.677632"
"2170183598","2162065809","0.677632"
"2162065809","3012613012","0.385965"
"3012613012","2162065809","0.385965"
"2163738319","3012613012","0.0526316"
"3012613012","2163738319","0.0526316"
"2164551073","3012613012","0.0526316"
"3012613012","2164551073","0.0526316"
"2170183598","2295996570","0.427632"
"2295996570","2170183598","0.427632"
"2170183598","3012613012","0.0526316"
"3012613012","2170183598","0.0526316"
"2295996570","3012613012","0.385965"
"3012613012","2295996570","0.385965"
"2005425904","2102329924","13.7387"
"2102329924","2005425904","13.7387"
"2067129044","2098444749","0.25"
"2098444749","2067129044","0.25"
"2067129044","2107788319","1.7"
"2107788319","2067129044","1.7"
"2067129044","2162065809","1.75"
"2162065809","2067129044","1.75"
"2098444749","2107788319","2.2381"
"2107788319","2098444749","2.2381"
"2098444749","2127473562","0.380952"
"2127473562","2098444749","0.380952"
"2098444749","2148316600","0.380952"
"2148316600","2098444749","0.380952"
"2098444749","2153252884","0.547619"
"2153252884","2098444749","0.547619"
"2098444749","2164551073","0.547619"
"2164551073","2098444749","0.547619"
"2127473562","2142448246","1.04762"
"2142448246","2127473562","1.04762"
"1993764401","2006355762","0.583333"
"2006355762","1993764401","0.583333"
"1993764401","2163738319","0.708333"
"2163738319","1993764401","0.708333"
"2006355762","2075707188","0.25"
"2075707188","2006355762","0.25"
"2006355762","2163738319","0.583333"
"2163738319","2006355762","0.583333"
"2005425904","2162065809","4.075"
"2162065809","2005425904","4.075"
"2005425904","2090088551","2.47619"
"2090088551","2005425904","2.47619"
"2005425904","2123106301","1.79286"
"2123106301","2005425904","1.79286"
"2005425904","2148316600","9.66372"
"2148316600","2005425904","9.66372"
"2005425904","2163738319","0.142857"
"2163738319","2005425904","0.142857"
"2005425904","2163940273","1.18634"
"2163940273","2005425904","1.18634"
"2090088551","2102329924","0.309524"
"2102329924","2090088551","0.309524"
"2090088551","2123106301","0.309524"
"2123106301","2090088551","0.309524"
"2090088551","2148316600","2.30952"
"2148316600","2090088551","2.30952"
"2090088551","2163940273","0.309524"
"2163940273","2090088551","0.309524"
"2123106301","2163940273","1.69549"
"2163940273","2123106301","1.69549"
"2163738319","2163940273","0.142857"
"2163940273","2163738319","0.142857"
"2005425904","2107788319","3.28515"
"2107788319","2005425904","3.28515"
"2098444749","2112915525","0.464286"
"2112915525","2098444749","0.464286"
"2112915525","2127473562","0.214286"
"2127473562","2112915525","0.214286"
"1431492","2017748193","1"
"2017748193","1431492","1"
"1431492","1978853836","0.583333"
"1978853836","1431492","0.583333"
"1431492","2531177769","0.416667"
"2531177769","1431492","0.416667"
"1978853836","2003278454","0.25"
"2003278454","1978853836","0.25"
"1978853836","2531177769","0.833333"
"2531177769","1978853836","0.833333"
"1978853836","3012613012","0.25"
"3012613012","1978853836","0.25"
"2003278454","2531177769","2"
"2531177769","2003278454","2"
"2003278454","3012613012","0.25"
"3012613012","2003278454","0.25"
"2531177769","3012613012","0.25"
"3012613012","2531177769","0.25"
"1431492","2071558895","0.2"
"2071558895","1431492","0.2"
"1431492","2107461803","0.2"
"2107461803","1431492","0.2"
"1993764401","2071558895","0.45"
"2071558895","1993764401","0.45"
"1993764401","2107461803","0.2"
"2107461803","1993764401","0.2"
"2071558895","2075707188","0.45"
"2075707188","2071558895","0.45"
"2071558895","2107461803","0.2"
"2107461803","2071558895","0.2"
"2071558895","2164551073","3.45"
"2164551073","2071558895","3.45"
"2075707188","2107461803","1.2"
"2107461803","2075707188","1.2"
"2107461803","2164551073","0.2"
"2164551073","2107461803","0.2"
"1431492","2123118680","0.125"
"2123118680","1431492","0.125"
"1993764401","2098444749","0.625"
"2098444749","1993764401","0.625"
"1993764401","2123118680","0.458333"
"2123118680","1993764401","0.458333"
"1993764401","2162065809","0.125"
"2162065809","1993764401","0.125"
"2075707188","2123118680","0.125"
"2123118680","2075707188","0.125"
"2098444749","2123118680","0.125"
"2123118680","2098444749","0.125"
"2098444749","2295996570","1.6131"
"2295996570","2098444749","1.6131"
"2123118680","2142448246","3.125"
"2142448246","2123118680","3.125"
"2123118680","2162065809","0.625"
"2162065809","2123118680","0.625"
"2123118680","2163738319","0.125"
"2163738319","2123118680","0.125"
"2123118680","2295996570","0.125"
"2295996570","2123118680","0.125"
"1431492","2151314413","0.404762"
"2151314413","1431492","0.404762"
"2151314413","2295996570","1.7381"
"2295996570","2151314413","1.7381"
"2151314413","3012613012","0.333333"
"3012613012","2151314413","0.333333"
"1999445111","2008910162","0.1"
"2008910162","1999445111","0.1"
"1999445111","2075707188","0.1"
"2075707188","1999445111","0.1"
"1999445111","2112915525","2.01667"
"2112915525","1999445111","2.01667"
"1999445111","2142448246","1.3"
"2142448246","1999445111","1.3"
"1999445111","2162065809","2.76667"
"2162065809","1999445111","2.76667"
"1999445111","2295996570","0.466667"
"2295996570","1999445111","0.466667"
"2008910162","2075707188","0.1"
"2075707188","2008910162","0.1"
"2008910162","2107788319","0.393478"
"2107788319","2008910162","0.393478"
"2008910162","2142448246","0.393478"
"2142448246","2008910162","0.393478"
"2008910162","2162065809","0.1"
"2162065809","2008910162","0.1"
"2008910162","2295996570","0.1"
"2295996570","2008910162","0.1"
"2075707188","2107788319","1.32976"
"2107788319","2075707188","1.32976"
"2005425904","2295996570","3.4"
"2295996570","2005425904","3.4"
"2005425904","2112915525","2.69348"
"2112915525","2005425904","2.69348"
"2090088551","2112915525","0.5"
"2112915525","2090088551","0.5"
"2090088551","2162065809","1.83333"
"2162065809","2090088551","1.83333"
"2090088551","3012613012","0.333333"
"3012613012","2090088551","0.333333"
"1431492","2106183262","0.142857"
"2106183262","1431492","0.142857"
"1431492","2419369837","0.309524"
"2419369837","1431492","0.309524"
"1431492","2487331845","0.142857"
"2487331845","1431492","0.142857"
"1431492","2592023363","0.309524"
"2592023363","1431492","0.309524"
"1997673274","2106183262","0.142857"
"2106183262","1997673274","0.142857"
"1997673274","2419369837","0.142857"
"2419369837","1997673274","0.142857"
"1997673274","2487331845","0.142857"
"2487331845","1997673274","0.142857"
"1997673274","2592023363","0.142857"
"2592023363","1997673274","0.142857"
"2102329924","2106183262","3.34286"
"2106183262","2102329924","3.34286"
"2102329924","2419369837","0.142857"
"2419369837","2102329924","0.142857"
"2102329924","2487331845","0.142857"
"2487331845","2102329924","0.142857"
"2102329924","2592023363","0.142857"
"2592023363","2102329924","0.142857"
"2106183262","2118691412","7.25952"
"2118691412","2106183262","7.25952"
"2106183262","2419369837","0.142857"
"2419369837","2106183262","0.142857"
"2106183262","2487331845","0.142857"
"2487331845","2106183262","0.142857"
"2106183262","2592023363","0.142857"
"2592023363","2106183262","0.142857"
"2118691412","2419369837","0.142857"
"2419369837","2118691412","0.142857"
"2118691412","2487331845","0.142857"
"2487331845","2118691412","0.142857"
"2118691412","2592023363","0.142857"
"2592023363","2118691412","0.142857"
"2419369837","2487331845","0.642857"
"2487331845","2419369837","0.642857"
"2419369837","2592023363","1.80952"
"2592023363","2419369837","1.80952"
"2487331845","2592023363","0.642857"
"2592023363","2487331845","0.642857"
"1579331775","2107788319","2.25444"
"2107788319","1579331775","2.25444"
"1579331775","2148316600","1.12681"
"2148316600","1579331775","1.12681"
"1431492","1982130100","0.333333"
"1982130100","1431492","0.333333"
"1982130100","2127473562","2.66667"
"2127473562","1982130100","2.66667"
"1982130100","2395398574","0.333333"
"2395398574","1982130100","0.333333"
"2127473562","2395398574","0.333333"
"2395398574","2127473562","0.333333"
"1431492","2398315900","0.5"
"2398315900","1431492","0.5"
"2398315900","3012613012","0.5"
"3012613012","2398315900","0.5"
"1431492","1967879222","1.07143"
"1967879222","1431492","1.07143"
"1431492","2605760039","0.5"
"2605760039","1431492","0.5"
"1978853836","2401523500","2.25"
"2401523500","1978853836","2.25"
"1978853836","2605760039","1.33333"
"2605760039","1978853836","1.33333"
"2401523500","2605760039","0.833333"
"2605760039","2401523500","0.833333"
"1431492","2093149614","0.333333"
"2093149614","1431492","0.333333"
"2093149614","2112915525","0.333333"
"2112915525","2093149614","0.333333"
"2093149614","2163738319","0.333333"
"2163738319","2093149614","0.333333"
"1431492","1750458262","0.166667"
"1750458262","1431492","0.166667"
"1750458262","1999445111","0.833333"
"1999445111","1750458262","0.833333"
"1750458262","2112915525","0.166667"
"2112915525","1750458262","0.166667"
"1750458262","2162065809","0.166667"
"2162065809","1750458262","0.166667"
"1750458262","2163738319","0.166667"
"2163738319","1750458262","0.166667"
"1750458262","2295996570","0.166667"
"2295996570","1750458262","0.166667"
"1999445111","2163738319","0.166667"
"2163738319","1999445111","0.166667"
"1431492","2623037331","0.0714286"
"2623037331","1431492","0.0714286"
"1967879222","2075707188","0.571429"
"2075707188","1967879222","0.571429"
"1967879222","2098444749","0.0714286"
"2098444749","1967879222","0.0714286"
"1967879222","2107788319","0.0714286"
"2107788319","1967879222","0.0714286"
"1967879222","2108201790","0.0714286"
"2108201790","1967879222","0.0714286"
"1967879222","2112915525","0.0714286"
"2112915525","1967879222","0.0714286"
"1967879222","2127473562","0.0714286"
"2127473562","1967879222","0.0714286"
"1967879222","2142448246","0.0714286"
"2142448246","1967879222","0.0714286"
"1967879222","2148316600","0.0714286"
"2148316600","1967879222","0.0714286"
"1967879222","2151314413","0.0714286"
"2151314413","1967879222","0.0714286"
"1967879222","2153252884","0.0714286"
"2153252884","1967879222","0.0714286"
"1967879222","2164551073","0.0714286"
"2164551073","1967879222","0.0714286"
"1967879222","2295996570","0.571429"
"2295996570","1967879222","0.571429"
"1967879222","2623037331","0.0714286"
"2623037331","1967879222","0.0714286"
"2075707188","2127473562","1.10476"
"2127473562","2075707188","1.10476"
"2075707188","2151314413","0.0714286"
"2151314413","2075707188","0.0714286"
"2075707188","2623037331","0.471429"
"2623037331","2075707188","0.471429"
"2098444749","2108201790","0.0714286"
"2108201790","2098444749","0.0714286"
"2098444749","2151314413","0.0714286"
"2151314413","2098444749","0.0714286"
"2098444749","2623037331","0.0714286"
"2623037331","2098444749","0.0714286"
"2107788319","2108201790","0.0714286"
"2108201790","2107788319","0.0714286"
"2107788319","2127473562","0.771429"
"2127473562","2107788319","0.771429"
"2107788319","2151314413","0.0714286"
"2151314413","2107788319","0.0714286"
"2107788319","2623037331","0.271429"
"2623037331","2107788319","0.271429"
"2108201790","2127473562","0.0714286"
"2127473562","2108201790","0.0714286"
"2108201790","2151314413","0.0714286"
"2151314413","2108201790","0.0714286"
"2108201790","2623037331","0.0714286"
"2623037331","2108201790","0.0714286"
"2112915525","2151314413","0.0714286"
"2151314413","2112915525","0.0714286"
"2112915525","2623037331","0.271429"
"2623037331","2112915525","0.271429"
"2127473562","2151314413","0.0714286"
"2151314413","2127473562","0.0714286"
"2127473562","2295996570","0.771429"
"2295996570","2127473562","0.771429"
"2127473562","2623037331","0.271429"
"2623037331","2127473562","0.271429"
"2142448246","2151314413","0.321429"
"2151314413","2142448246","0.321429"
"2142448246","2623037331","0.571429"
"2623037331","2142448246","0.571429"
"2148316600","2151314413","0.0714286"
