"125355735","2032158330","0.5"
"2032158330","125355735","0.5"
"125355735","2105338439","0.958333"
"2105338439","125355735","0.958333"
"2032158330","2105338439","0.689776"
"2105338439","2032158330","0.689776"
"125355735","1993593321","2"
"1993593321","125355735","2"
"125355735","2165605851","10.3333"
"2165605851","125355735","10.3333"
"125355735","1540823594","11.75"
"1540823594","125355735","11.75"
"125355735","2086679600","1.5"
"2086679600","125355735","1.5"
"1540823594","2086679600","6.97619"
"2086679600","1540823594","6.97619"
"125355735","1487905039","4.08333"
"1487905039","125355735","4.08333"
"1487905039","2165605851","6.80952"
"2165605851","1487905039","6.80952"
"125355735","2065131671","0.333333"
"2065131671","125355735","0.333333"
"125355735","2096607457","0.333333"
"2096607457","125355735","0.333333"
"2065131671","2096607457","29.5321"
"2096607457","2065131671","29.5321"
"2065131671","2105338439","6.80618"
"2105338439","2065131671","6.80618"
"2096607457","2105338439","0.589286"
"2105338439","2096607457","0.589286"
"125355735","2010611280","0.666667"
"2010611280","125355735","0.666667"
"125355735","2143292990","0.333333"
"2143292990","125355735","0.333333"
"2010611280","2143292990","0.333333"
"2143292990","2010611280","0.333333"
"2010611280","2165605851","0.583333"
"2165605851","2010611280","0.583333"
"2143292990","2165605851","0.333333"
"2165605851","2143292990","0.333333"
"125355735","2099424113","4.66667"
"2099424113","125355735","4.66667"
"125355735","2111499431","0.833333"
"2111499431","125355735","0.833333"
"2010611280","2099424113","0.333333"
"2099424113","2010611280","0.333333"
"2010611280","2111499431","0.333333"
"2111499431","2010611280","0.333333"
"2099424113","2111499431","0.333333"
"2111499431","2099424113","0.333333"
"125355735","2068091162","2.5"
"2068091162","125355735","2.5"
"125355735","1978626025","0.125"
"1978626025","125355735","0.125"
"125355735","1983330555","0.125"
"1983330555","125355735","0.125"
"125355735","1995000203","0.125"
"1995000203","125355735","0.125"
"125355735","2011281700","0.125"
"2011281700","125355735","0.125"
"125355735","2023192402","0.125"
"2023192402","125355735","0.125"
"125355735","2028704507","0.125"
"2028704507","125355735","0.125"
"125355735","2079566271","0.125"
"2079566271","125355735","0.125"
"1978626025","1983330555","0.529762"
"1983330555","1978626025","0.529762"
"1978626025","1995000203","0.196429"
"1995000203","1978626025","0.196429"
"1978626025","2011281700","0.363095"
"2011281700","1978626025","0.363095"
"1978626025","2023192402","0.125"
"2023192402","1978626025","0.125"
"1978626025","2028704507","0.196429"
"2028704507","1978626025","0.196429"
"1978626025","2079566271","0.613095"
"2079566271","1978626025","0.613095"
"1978626025","2105338439","0.125"
"2105338439","1978626025","0.125"
"1983330555","1995000203","0.496429"
"1995000203","1983330555","0.496429"
"1983330555","2011281700","1.2131"
"2011281700","1983330555","1.2131"
"1983330555","2023192402","2.04027"
"2023192402","1983330555","2.04027"
"1983330555","2028704507","0.744048"
"2028704507","1983330555","0.744048"
"1983330555","2079566271","1.52976"
"2079566271","1983330555","1.52976"
"1983330555","2105338439","1.66451"
"2105338439","1983330555","1.66451"
"1995000203","2011281700","0.296429"
"2011281700","1995000203","0.296429"
"1995000203","2023192402","0.125"
"2023192402","1995000203","0.125"
"1995000203","2028704507","0.196429"
"2028704507","1995000203","0.196429"
"1995000203","2079566271","0.446429"
"2079566271","1995000203","0.446429"
"1995000203","2105338439","3.85833"
"2105338439","1995000203","3.85833"
"2011281700","2023192402","0.958333"
"2023192402","2011281700","0.958333"
"2011281700","2028704507","0.896429"
"2028704507","2011281700","0.896429"
"2011281700","2079566271","1.52976"
"2079566271","2011281700","1.52976"
"2011281700","2105338439","0.208333"
"2105338439","2011281700","0.208333"
"2023192402","2028704507","0.672619"
"2028704507","2023192402","0.672619"
"2023192402","2079566271","0.458333"
"2079566271","2023192402","0.458333"
"2023192402","2105338439","0.915266"
"2105338439","2023192402","0.915266"
"2028704507","2079566271","0.196429"
"2079566271","2028704507","0.196429"
"2028704507","2105338439","0.255952"
"2105338439","2028704507","0.255952"
"2079566271","2105338439","0.225"
"2105338439","2079566271","0.225"
"125355735","2134816385","2.83333"
"2134816385","125355735","2.83333"
"2068091162","2134816385","11.3929"
"2134816385","2068091162","11.3929"
"1540823594","2134816385","6.50311"
"2134816385","1540823594","6.50311"
"2099424113","2165605851","13.9917"
"2165605851","2099424113","13.9917"
"125355735","2140649312","0.5"
"2140649312","125355735","0.5"
"2099424113","2140649312","0.625"
"2140649312","2099424113","0.625"
"125355735","1995673715","0.75"
"1995673715","125355735","0.75"
"1540823594","1995673715","0.75"
"1995673715","1540823594","0.75"
"125355735","2162891824","2"
"2162891824","125355735","2"
"125355735","2141946720","0.333333"
"2141946720","125355735","0.333333"
"1540823594","2141946720","1.4"
"2141946720","1540823594","1.4"
"1540823594","2165605851","6.17619"
"2165605851","1540823594","6.17619"
"2141946720","2165605851","0.458333"
"2165605851","2141946720","0.458333"
"125355735","1979042021","1.16667"
"1979042021","125355735","1.16667"
"1487905039","1979042021","0.97619"
"1979042021","1487905039","0.97619"
"1979042021","2165605851","2.50952"
"2165605851","1979042021","2.50952"
"2111499431","2165605851","0.5"
"2165605851","2111499431","0.5"
"1979042021","2099424113","0.533333"
"2099424113","1979042021","0.533333"
"125355735","2069527335","1"
"2069527335","125355735","1"
"125355735","2063952424","0.583333"
"2063952424","125355735","0.583333"
"1487905039","1540823594","1.39286"
"1540823594","1487905039","1.39286"
"1487905039","1995673715","0.25"
"1995673715","1487905039","0.25"
"1487905039","2063952424","0.25"
"2063952424","1487905039","0.25"
"1540823594","2063952424","2.11667"
"2063952424","1540823594","2.11667"
"1995673715","2063952424","1.58333"
"2063952424","1995673715","1.58333"
"125355735","2093495548","0.666667"
"2093495548","125355735","0.666667"
"1540823594","2093495548","27.4436"
"2093495548","1540823594","27.4436"
"2063952424","2093495548","0.833333"
"2093495548","2063952424","0.833333"
"125355735","2395092677","0.5"
"2395092677","125355735","0.5"
"1540823594","2395092677","3.5"
"2395092677","1540823594","3.5"
"2093495548","2134816385","3.57692"
"2134816385","2093495548","3.57692"
"1979042021","2134816385","1.825"
"2134816385","1979042021","1.825"
"1480777261","2397702706","1"
"2397702706","1480777261","1"
"1480777261","2992730019","1"
"2992730019","1480777261","1"
"1480777261","1983330555","0.125"
"1983330555","1480777261","0.125"
"1480777261","2041311157","0.125"
"2041311157","1480777261","0.125"
"1480777261","2051389247","0.125"
"2051389247","1480777261","0.125"
"1480777261","2056826156","0.125"
"2056826156","1480777261","0.125"
"1480777261","2099424113","0.125"
"2099424113","1480777261","0.125"
"1480777261","2140649312","0.125"
"2140649312","1480777261","0.125"
"1480777261","2141946720","0.125"
"2141946720","1480777261","0.125"
"1480777261","2165605851","0.125"
"2165605851","1480777261","0.125"
"1983330555","2041311157","1.14351"
"2041311157","1983330555","1.14351"
"1983330555","2051389247","0.125"
"2051389247","1983330555","0.125"
"1983330555","2056826156","0.315909"
"2056826156","1983330555","0.315909"
"1983330555","2099424113","0.125"
"2099424113","1983330555","0.125"
"1983330555","2140649312","1.38594"
"2140649312","1983330555","1.38594"
"1983330555","2141946720","2.6131"
"2141946720","1983330555","2.6131"
"1983330555","2165605851","0.125"
"2165605851","1983330555","0.125"
"2041311157","2051389247","0.125"
"2051389247","2041311157","0.125"
"2041311157","2056826156","0.315909"
"2056826156","2041311157","0.315909"
"2041311157","2099424113","0.467857"
"2099424113","2041311157","0.467857"
"2041311157","2140649312","1.30304"
"2140649312","2041311157","1.30304"
"2041311157","2141946720","0.196429"
"2141946720","2041311157","0.196429"
"2041311157","2165605851","0.936111"
"2165605851","2041311157","0.936111"
"2051389247","2056826156","0.125"
"2056826156","2051389247","0.125"
"2051389247","2099424113","0.125"
"2099424113","2051389247","0.125"
"2051389247","2140649312","0.125"
"2140649312","2051389247","0.125"
"2051389247","2141946720","0.125"
"2141946720","2051389247","0.125"
"2051389247","2165605851","0.125"
"2165605851","2051389247","0.125"
"2056826156","2099424113","0.125"
"2099424113","2056826156","0.125"
"2056826156","2140649312","0.440909"
"2140649312","2056826156","0.440909"
"2056826156","2141946720","0.125"
"2141946720","2056826156","0.125"
"2056826156","2165605851","0.125"
"2165605851","2056826156","0.125"
"2099424113","2141946720","1.25"
"2141946720","2099424113","1.25"
"2140649312","2141946720","0.896429"
"2141946720","2140649312","0.896429"
"2140649312","2165605851","0.658333"
"2165605851","2140649312","0.658333"
"1483702717","1596703051","0.75"
"1596703051","1483702717","0.75"
"1483702717","2143292990","6.75"
"2143292990","1483702717","6.75"
"1596703051","2143292990","4.41667"
"2143292990","1596703051","4.41667"
"1483702717","2143722357","3.08333"
"2143722357","1483702717","3.08333"
"1483702717","2041311157","2.7"
"2041311157","1483702717","2.7"
"1483702717","2063048463","0.45"
"2063048463","1483702717","0.45"
"1483702717","2065131671","1.45"
"2065131671","1483702717","1.45"
"1483702717","2096607457","0.2"
"2096607457","1483702717","0.2"
"1483702717","56694535","1.2"
"56694535","1483702717","1.2"
"2041311157","2063048463","7.67133"
"2063048463","2041311157","7.67133"
"2041311157","2065131671","7.29752"
"2065131671","2041311157","7.29752"
"2041311157","2096607457","4.47778"
"2096607457","2041311157","4.47778"
"2041311157","56694535","0.567286"
"56694535","2041311157","0.567286"
"2063048463","2065131671","17.3753"
"2065131671","2063048463","17.3753"
"2063048463","2096607457","7.19762"
"2096607457","2063048463","7.19762"
"2063048463","56694535","0.456175"
"56694535","2063048463","0.456175"
"2065131671","56694535","3.08118"
"56694535","2065131671","3.08118"
"2096607457","56694535","0.48373"
"56694535","2096607457","0.48373"
"1483702717","1978738035","4.25"
"1978738035","1483702717","4.25"
"1483702717","1979581852","0.75"
"1979581852","1483702717","0.75"
"1596703051","1978738035","0.916667"
"1978738035","1596703051","0.916667"
"1596703051","1979581852","0.916667"
"1979581852","1596703051","0.916667"
"1978738035","1979581852","1.41667"
"1979581852","1978738035","1.41667"
"1978738035","2143292990","2.54167"
"2143292990","1978738035","2.54167"
"1979581852","2143292990","0.916667"
"2143292990","1979581852","0.916667"
"1483702717","2056826156","1"
"2056826156","1483702717","1"
"1483702717","2134816385","0.5"
"2134816385","1483702717","0.5"
"2041311157","2134816385","3.26303"
"2134816385","2041311157","3.26303"
"1483702717","2095956339","1"
"2095956339","1483702717","1"
"2143292990","2143722357","19.5726"
"2143722357","2143292990","19.5726"
"1483702717","2039738373","0.25"
"2039738373","1483702717","0.25"
"2039738373","2063048463","0.416667"
"2063048463","2039738373","0.416667"
"2039738373","2065131671","0.75"
"2065131671","2039738373","0.75"
"2039738373","2143722357","0.25"
"2143722357","2039738373","0.25"
"2063048463","2143722357","2.24784"
"2143722357","2063048463","2.24784"
"2065131671","2143722357","5.21451"
"2143722357","2065131671","5.21451"
"1483702717","2017018261","0.333333"
"2017018261","1483702717","0.333333"
"1483702717","2148794349","0.333333"
"2148794349","1483702717","0.333333"
"2017018261","2143722357","4.95618"
"2143722357","2017018261","4.95618"
"2017018261","2148794349","0.498599"
"2148794349","2017018261","0.498599"
"2143722357","2148794349","2.43193"
"2148794349","2143722357","2.43193"
"1483702717","2155180547","1"
"2155180547","1483702717","1"
"1483702717","2032076107","1"
"2032076107","1483702717","1"
"1485149002","1970598431","0.25"
"1970598431","1485149002","0.25"
"1485149002","2079566271","0.25"
"2079566271","1485149002","0.25"
"1485149002","2149305110","0.25"
"2149305110","1485149002","0.25"
"1485149002","56694535","0.25"
"56694535","1485149002","0.25"
"1970598431","2079566271","0.25"
"2079566271","1970598431","0.25"
"1970598431","2149305110","0.25"
"2149305110","1970598431","0.25"
"1970598431","56694535","0.25"
"56694535","1970598431","0.25"
"2079566271","2149305110","0.25"
"2149305110","2079566271","0.25"
"2079566271","56694535","0.25"
"56694535","2079566271","0.25"
"2149305110","56694535","0.25"
"56694535","2149305110","0.25"
"1487905039","170803299","0.4"
"170803299","1487905039","0.4"
"1487905039","2067871637","0.4"
"2067871637","1487905039","0.4"
"1487905039","2086679600","0.542857"
"2086679600","1487905039","0.542857"
"1487905039","2097720650","0.4"
"2097720650","1487905039","0.4"
"1487905039","2148905249","0.4"
"2148905249","1487905039","0.4"
"170803299","2067871637","0.4"
"2067871637","170803299","0.4"
"170803299","2086679600","0.4"
"2086679600","170803299","0.4"
"170803299","2097720650","0.4"
"2097720650","170803299","0.4"
"170803299","2148905249","0.4"
"2148905249","170803299","0.4"
"2067871637","2086679600","2.4"
"2086679600","2067871637","2.4"
"2067871637","2097720650","0.542857"
"2097720650","2067871637","0.542857"
"2067871637","2148905249","0.4"
"2148905249","2067871637","0.4"
"2086679600","2097720650","0.9"
"2097720650","2086679600","0.9"
"2086679600","2148905249","0.4"
"2148905249","2086679600","0.4"
"2097720650","2148905249","2.30192"
"2148905249","2097720650","2.30192"
"1487905039","2099424113","2.83333"
"2099424113","1487905039","2.83333"
"1487905039","2068091162","0.142857"
"2068091162","1487905039","0.142857"
"1487905039","2150662287","1.14286"
"2150662287","1487905039","1.14286"
"1487905039","2171288436","0.142857"
"2171288436","1487905039","0.142857"
"1540823594","1979042021","1.97619"
"1979042021","1540823594","1.97619"
"1540823594","2068091162","0.97619"
"2068091162","1540823594","0.97619"
"1540823594","2150662287","2.50952"
"2150662287","1540823594","2.50952"
"1540823594","2171288436","6.14286"
"2171288436","1540823594","6.14286"
"1979042021","2068091162","0.267857"
"2068091162","1979042021","0.267857"
"1979042021","2086679600","0.642857"
"2086679600","1979042021","0.642857"
"1979042021","2150662287","0.142857"
"2150662287","1979042021","0.142857"
"1979042021","2171288436","0.142857"
"2171288436","1979042021","0.142857"
"2068091162","2086679600","1.47619"
"2086679600","2068091162","1.47619"
"2068091162","2150662287","0.142857"
"2150662287","2068091162","0.142857"
"2068091162","2165605851","0.142857"
"2165605851","2068091162","0.142857"
"2068091162","2171288436","0.142857"
"2171288436","2068091162","0.142857"
"2086679600","2150662287","0.642857"
"2150662287","2086679600","0.642857"
"2086679600","2165605851","0.142857"
"2165605851","2086679600","0.142857"
"2086679600","2171288436","0.142857"
"2171288436","2086679600","0.142857"
"2150662287","2165605851","2.14286"
"2165605851","2150662287","2.14286"
"2150662287","2171288436","0.142857"
"2171288436","2150662287","0.142857"
"2165605851","2171288436","0.142857"
"2171288436","2165605851","0.142857"
"1487905039","2032176385","0.2"
"2032176385","1487905039","0.2"
"1487905039","2063048463","0.533333"
"2063048463","1487905039","0.533333"
"1487905039","2096607457","0.2"
"2096607457","1487905039","0.2"
"1487905039","2134816385","1.86667"
"2134816385","1487905039","1.86667"
"1487905039","2143722357","0.533333"
"2143722357","1487905039","0.533333"
"2032176385","2063048463","1.41591"
"2063048463","2032176385","1.41591"
"2032176385","2096607457","4.72778"
"2096607457","2032176385","4.72778"
"2032176385","2134816385","0.2"
"2134816385","2032176385","0.2"
"2032176385","2143722357","0.325"
"2143722357","2032176385","0.325"
"2063048463","2134816385","11.8905"
"2134816385","2063048463","11.8905"
"2096607457","2134816385","6.51944"
"2134816385","2096607457","6.51944"
"2096607457","2143722357","9.19762"
"2143722357","2096607457","9.19762"
"2134816385","2143722357","14.2393"
"2143722357","2134816385","14.2393"
"1487905039","2041311157","1.5"
"2041311157","1487905039","1.5"
"1487905039","2032158330","0.5"
"2032158330","1487905039","0.5"
"2032158330","2099424113","0.5"
"2099424113","2032158330","0.5"
"1487905039","98359883","0.333333"
"98359883","1487905039","0.333333"
"2099424113","98359883","0.833333"
"98359883","2099424113","0.833333"
"2165605851","98359883","0.833333"
"98359883","2165605851","0.833333"
"1487905039","1592833897","2"
"1592833897","1487905039","2"
"1487905039","2105338439","0.5"
"2105338439","1487905039","0.5"
"1979042021","2105338439","0.625"
"2105338439","1979042021","0.625"
"1487905039","1993593321","0.333333"
"1993593321","1487905039","0.333333"
"1487905039","2023192402","0.333333"
"2023192402","1487905039","0.333333"
"1993593321","2023192402","0.505952"
"2023192402","1993593321","0.505952"
"1993593321","2134816385","19.5655"
"2134816385","1993593321","19.5655"
"2023192402","2134816385","10.3849"
"2134816385","2023192402","10.3849"
"1488574325","1582119411","1"
"1582119411","1488574325","1"
"1488574325","2110696645","0.5"
"2110696645","1488574325","0.5"
"1488574325","2498501552","0.5"
"2498501552","1488574325","0.5"
"2110696645","2498501552","1"
"2498501552","2110696645","1"
"1488574325","2003257628","2"
"2003257628","1488574325","2"
"1509640184","1566158416","1.53333"
"1566158416","1509640184","1.53333"
"1509640184","1995000203","0.2"
"1995000203","1509640184","0.2"
"1509640184","2105338439","1.2"
"2105338439","1509640184","1.2"
"1509640184","2140649312","1.56667"
"2140649312","1509640184","1.56667"
"1509640184","2144310369","0.2"
"2144310369","1509640184","0.2"
"1566158416","1995000203","1.53333"
"1995000203","1566158416","1.53333"
"1566158416","2105338439","8.58951"
"2105338439","1566158416","8.58951"
"1566158416","2140649312","2.8832"
"2140649312","1566158416","2.8832"
"1566158416","2144310369","11.6413"
"2144310369","1566158416","11.6413"
"1995000203","2140649312","0.271429"
"2140649312","1995000203","0.271429"
"1995000203","2144310369","0.604762"
"2144310369","1995000203","0.604762"
"2105338439","2140649312","1.5486"
"2140649312","2105338439","1.5486"
"2105338439","2144310369","0.290909"
"2144310369","2105338439","0.290909"
"2140649312","2144310369","1.11234"
"2144310369","2140649312","1.11234"
"1509640184","2041311157","1"
"2041311157","1509640184","1"
"1509640184","2096636257","0.5"
"2096636257","1509640184","0.5"
"2041311157","2096636257","0.5"
"2096636257","2041311157","0.5"
"1509640184","1596703051","0.333333"
"1596703051","1509640184","0.333333"
"1509640184","1976428675","0.333333"
"1976428675","1509640184","0.333333"
"1509640184","2065131671","1.33333"
"2065131671","1509640184","1.33333"
"1596703051","1976428675","0.333333"
"1976428675","1596703051","0.333333"
"1596703051","2065131671","3"
"2065131671","1596703051","3"
"1976428675","2065131671","0.333333"
"2065131671","1976428675","0.333333"
"1509640184","2397702706","1"
"2397702706","1509640184","1"
"1509640184","2134816385","0.866667"
"2134816385","1509640184","0.866667"
"1509640184","2154316249","0.333333"
"2154316249","1509640184","0.333333"
"1566158416","2134816385","0.547619"
"2134816385","1566158416","0.547619"
"1566158416","2154316249","0.333333"
"2154316249","1566158416","0.333333"
"2134816385","2154316249","0.458333"
"2154316249","2134816385","0.458333"
"1509640184","2011281700","0.866667"
"2011281700","1509640184","0.866667"
"1509640184","2028704507","0.366667"
"2028704507","1509640184","0.366667"
"1509640184","2141946720","0.566667"
"2141946720","1509640184","0.566667"
"2011281700","2134816385","0.64359"
"2134816385","2011281700","0.64359"
"2011281700","2140649312","0.771429"
"2140649312","2011281700","0.771429"
"2011281700","2141946720","1.60476"
"2141946720","2011281700","1.60476"
"2028704507","2134816385","0.414286"
"2134816385","2028704507","0.414286"
"2028704507","2140649312","1.40238"
"2140649312","2028704507","1.40238"
"2028704507","2141946720","2.35476"
"2141946720","2028704507","2.35476"
"2134816385","2140649312","0.757143"
"2140649312","2134816385","0.757143"
"2134816385","2141946720","0.616667"
"2141946720","2134816385","0.616667"
"1509640184","2063952424","0.4"
"2063952424","1509640184","0.4"
"1509640184","2097326999","0.4"
"2097326999","1509640184","0.4"
"1509640184","2150662287","0.4"
"2150662287","1509640184","0.4"
"1509640184","2170006930","0.4"
"2170006930","1509640184","0.4"
"1509640184","2217744415","0.2"
"2217744415","1509640184","0.2"
"2063952424","2097326999","0.4"
"2097326999","2063952424","0.4"
"2063952424","2150662287","1.1"
"2150662287","2063952424","1.1"
"2063952424","2170006930","3.9"
"2170006930","2063952424","3.9"
"2063952424","2217744415","0.2"
"2217744415","2063952424","0.2"
"2097326999","2150662287","0.4"
"2150662287","2097326999","0.4"
"2097326999","2170006930","0.4"
"2170006930","2097326999","0.4"
"2097326999","2217744415","0.2"
"2217744415","2097326999","0.2"
"2150662287","2170006930","0.4"
"2170006930","2150662287","0.4"
"2150662287","2217744415","0.2"
"2217744415","2150662287","0.2"
"2170006930","2217744415","0.2"
"2217744415","2170006930","0.2"
"2063952424","2141946720","0.4"
"2141946720","2063952424","0.4"
"2097326999","2141946720","0.2"
"2141946720","2097326999","0.2"
"2141946720","2150662287","3.06667"
"2150662287","2141946720","3.06667"
"2141946720","2170006930","0.2"
"2170006930","2141946720","0.2"
"1509640184","1889343420","0.166667"
"1889343420","1509640184","0.166667"
"1509640184","1978626025","0.666667"
"1978626025","1509640184","0.666667"
"1509640184","2079566271","0.166667"
"2079566271","1509640184","0.166667"
"1509640184","2096607457","0.166667"
"2096607457","1509640184","0.166667"
"1509640184","2294527257","0.166667"
"2294527257","1509640184","0.166667"
"1889343420","1978626025","0.238095"
"1978626025","1889343420","0.238095"
"1889343420","2011281700","0.238095"
"2011281700","1889343420","0.238095"
"1889343420","2079566271","0.238095"
"2079566271","1889343420","0.238095"
"1889343420","2096607457","1.16667"
"2096607457","1889343420","1.16667"
"1889343420","2294527257","0.166667"
"2294527257","1889343420","0.166667"
"1978626025","2096607457","0.75"
"2096607457","1978626025","0.75"
"1978626025","2294527257","0.166667"
"2294527257","1978626025","0.166667"
"2011281700","2096607457","1.75"
"2096607457","2011281700","1.75"
"2011281700","2294527257","0.166667"
"2294527257","2011281700","0.166667"
"2079566271","2096607457","1.7"
"2096607457","2079566271","1.7"
"2079566271","2294527257","0.5"
"2294527257","2079566271","0.5"
"2096607457","2294527257","0.166667"
"2294527257","2096607457","0.166667"
"1509640184","56694535","0.166667"
"56694535","1509640184","0.166667"
"2011281700","56694535","0.166667"
"56694535","2011281700","0.166667"
"2028704507","56694535","0.714286"
"56694535","2028704507","0.714286"
"2134816385","56694535","2.3254"
"56694535","2134816385","2.3254"
"2140649312","56694535","0.422842"
"56694535","2140649312","0.422842"
"2141946720","56694535","0.166667"
"56694535","2141946720","0.166667"
"1509640184","2165605851","0.333333"
"2165605851","1509640184","0.333333"
"1509640184","2610474269","0.333333"
"2610474269","1509640184","0.333333"
"2011281700","2165605851","0.333333"
"2165605851","2011281700","0.333333"
"2011281700","2610474269","0.610256"
"2610474269","2011281700","0.610256"
"2165605851","2610474269","1.66667"
"2610474269","2165605851","1.66667"
"1509640184","1993593321","0.166667"
"1993593321","1509640184","0.166667"
"1509640184","2010611280","0.166667"
"2010611280","1509640184","0.166667"
"1509640184","2097720650","0.166667"
"2097720650","1509640184","0.166667"
"1509640184","2102661934","0.166667"
"2102661934","1509640184","0.166667"
"1509640184","2149305110","0.166667"
"2149305110","1509640184","0.166667"
"1993593321","2010611280","0.166667"
"2010611280","1993593321","0.166667"
"1993593321","2097720650","0.166667"
"2097720650","1993593321","0.166667"
"1993593321","2102661934","0.166667"
"2102661934","1993593321","0.166667"
"1993593321","2149305110","0.166667"
"2149305110","1993593321","0.166667"
"2010611280","2097720650","0.166667"
"2097720650","2010611280","0.166667"
"2010611280","2102661934","0.166667"
"2102661934","2010611280","0.166667"
"2010611280","2134816385","0.166667"
"2134816385","2010611280","0.166667"
"2010611280","2149305110","0.166667"
"2149305110","2010611280","0.166667"
"2097720650","2102661934","0.99359"
"2102661934","2097720650","0.99359"
"2097720650","2134816385","4.51422"
"2134816385","2097720650","4.51422"
"2097720650","2149305110","1.36859"
"2149305110","2097720650","1.36859"
"2102661934","2134816385","3.99359"
"2134816385","2102661934","3.99359"
"2102661934","2149305110","1.24359"
"2149305110","2102661934","1.24359"
"2134816385","2149305110","1.30311"
"2149305110","2134816385","1.30311"
"1978626025","2041311157","0.571429"
"2041311157","1978626025","0.571429"
"1514937954","2135552647","2"
"2135552647","1514937954","2"
"1514937954","1993593321","4.75"
"1993593321","1514937954","4.75"
"1514937954","2165838102","1.5"
"2165838102","1514937954","1.5"
"1993593321","2165838102","7.58571"
"2165838102","1993593321","7.58571"
"1514937954","2134816385","2.2"
"2134816385","1514937954","2.2"
"1514937954","1789019621","1.2"
"1789019621","1514937954","1.2"
"1514937954","2163589720","1"
"2163589720","1514937954","1"
"1789019621","2163589720","1"
"2163589720","1789019621","1"
"1514937954","1598792161","0.25"
"1598792161","1514937954","0.25"
"1514937954","2116186882","0.25"
"2116186882","1514937954","0.25"
"1514937954","2131017680","0.25"
"2131017680","1514937954","0.25"
"1598792161","1993593321","1.17063"
"1993593321","1598792161","1.17063"
"1598792161","2116186882","0.703968"
"2116186882","1598792161","0.703968"
"1598792161","2131017680","0.361111"
"2131017680","1598792161","0.361111"
"1993593321","2116186882","0.503968"
"2116186882","1993593321","0.503968"
"1993593321","2131017680","7.00397"
"2131017680","1993593321","7.00397"
"2116186882","2131017680","0.361111"
"2131017680","2116186882","0.361111"
"1514937954","2091234873","1"
"2091234873","1514937954","1"
"1514937954","1980519917","1"
"1980519917","1514937954","1"
"1514937954","1525765424","1"
"1525765424","1514937954","1"
"1514937954","2011281700","0.2"
"2011281700","1514937954","0.2"
"1514937954","2097720650","0.2"
"2097720650","1514937954","0.2"
"1514937954","2610474269","0.2"
"2610474269","1514937954","0.2"
"1789019621","2011281700","0.2"
"2011281700","1789019621","0.2"
"1789019621","2097720650","0.2"
"2097720650","1789019621","0.2"
"1789019621","2134816385","0.2"
"2134816385","1789019621","0.2"
"1789019621","2610474269","0.2"
"2610474269","1789019621","0.2"
"2011281700","2097720650","0.276923"
"2097720650","2011281700","0.276923"
"2097720650","2610474269","0.276923"
"2610474269","2097720650","0.276923"
"2134816385","2610474269","0.276923"
"2610474269","2134816385","0.276923"
"1525765424","1598792161","0.311111"
"1598792161","1525765424","0.311111"
"1525765424","1789019621","0.811111"
"1789019621","1525765424","0.811111"
"1525765424","2045130578","0.811111"
"2045130578","1525765424","0.811111"
"1525765424","2091234873","1.81111"
"2091234873","1525765424","1.81111"
"1525765424","2116186882","0.311111"
"2116186882","1525765424","0.311111"
"1598792161","1789019621","0.811111"
"1789019621","1598792161","0.811111"
"1598792161","2045130578","4.20397"
"2045130578","1598792161","4.20397"
"1598792161","2091234873","4.5373"
"2091234873","1598792161","4.5373"
"1789019621","2045130578","0.811111"
"2045130578","1789019621","0.811111"
"1789019621","2091234873","3.81111"
"2091234873","1789019621","3.81111"
"1789019621","2116186882","0.311111"
"2116186882","1789019621","0.311111"
"2045130578","2091234873","7.89841"
"2091234873","2045130578","7.89841"
"2045130578","2116186882","0.453968"
"2116186882","2045130578","0.453968"
"2091234873","2116186882","1.0373"
"2116186882","2091234873","1.0373"
"1525765424","1980519917","0.111111"
"1980519917","1525765424","0.111111"
"1525765424","1993593321","0.444444"
"1993593321","1525765424","0.444444"
"1525765424","2131017680","0.111111"
"2131017680","1525765424","0.111111"
"1525765424","2165014563","0.444444"
"2165014563","1525765424","0.444444"
"1598792161","1980519917","0.111111"
"1980519917","1598792161","0.111111"
"1598792161","2165014563","0.253968"
"2165014563","1598792161","0.253968"
"1789019621","1980519917","11.6111"
"1980519917","1789019621","11.6111"
"1789019621","1993593321","0.253968"
"1993593321","1789019621","0.253968"
"1789019621","2131017680","0.111111"
"2131017680","1789019621","0.111111"
"1789019621","2165014563","0.253968"
"2165014563","1789019621","0.253968"
"1980519917","1993593321","1.61111"
"1993593321","1980519917","1.61111"
"1980519917","2045130578","0.222222"
"2045130578","1980519917","0.222222"
"1980519917","2091234873","8.47222"
"2091234873","1980519917","8.47222"
"1980519917","2116186882","0.111111"
"2116186882","1980519917","0.111111"
"1980519917","2131017680","0.111111"
"2131017680","1980519917","0.111111"
"1980519917","2165014563","0.111111"
"2165014563","1980519917","0.111111"
"1993593321","2045130578","1.5873"
"2045130578","1993593321","1.5873"
"1993593321","2091234873","4.25397"
"2091234873","1993593321","4.25397"
"1993593321","2165014563","0.730159"
"2165014563","1993593321","0.730159"
"2045130578","2131017680","0.111111"
"2131017680","2045130578","0.111111"
"2045130578","2165014563","0.253968"
"2165014563","2045130578","0.253968"
"2091234873","2131017680","0.111111"
"2131017680","2091234873","0.111111"
"2091234873","2165014563","0.253968"
"2165014563","2091234873","0.253968"
"2116186882","2165014563","0.253968"
"2165014563","2116186882","0.253968"
"2131017680","2165014563","0.111111"
"2165014563","2131017680","0.111111"
"1525765424","2155180547","0.5"
"2155180547","1525765424","0.5"
"1789019621","2155180547","0.642857"
"2155180547","1789019621","0.642857"
"2045130578","2155180547","0.5"
"2155180547","2045130578","0.5"
"2091234873","2155180547","1"
"2155180547","2091234873","1"
"1525765424","2075578268","0.333333"
"2075578268","1525765424","0.333333"
"1993593321","2075578268","15.294"
"2075578268","1993593321","15.294"
"2075578268","2165014563","0.47619"
"2165014563","2075578268","0.47619"
"1540823594","2096758445","0.2"
"2096758445","1540823594","0.2"
"1540823594","2097720650","6.14359"
"2097720650","1540823594","6.14359"
"1540823594","2140649312","0.2"
"2140649312","1540823594","0.2"
"2096758445","2097720650","0.2"
"2097720650","2096758445","0.2"
"2096758445","2134816385","1.03333"
"2134816385","2096758445","1.03333"
"2096758445","2140649312","0.2"
"2140649312","2096758445","0.2"
"2096758445","2165605851","0.2"
"2165605851","2096758445","0.2"
"2097720650","2140649312","0.342857"
"2140649312","2097720650","0.342857"
"2097720650","2165605851","1.76111"
"2165605851","2097720650","1.76111"
"2134816385","2165605851","1.01111"
"2165605851","2134816385","1.01111"
"1540823594","2099424113","4.30952"
"2099424113","1540823594","4.30952"
"2086679600","2099424113","1"
"2099424113","2086679600","1"
"1540823594","2009957868","3.33333"
"2009957868","1540823594","3.33333"
"1540823594","2027478004","4.33333"
"2027478004","1540823594","4.33333"
"2086679600","2093495548","6.33333"
"2093495548","2086679600","6.33333"
"2093495548","2165605851","7.5"
"2165605851","2093495548","7.5"
"1540823594","2154267672","8"
"2154267672","1540823594","8"
"2093495548","2154267672","2.5"
"2154267672","2093495548","2.5"
"1540823594","2062327186","1"
"2062327186","1540823594","1"
"1540823594","2086430431","0.410256"
"2086430431","1540823594","0.410256"
"2027478004","2086430431","0.333333"
"2086430431","2027478004","0.333333"
"2027478004","2097720650","0.333333"
"2097720650","2027478004","0.333333"
"2086430431","2097720650","1.49359"
"2097720650","2086430431","1.49359"
"1540823594","2069527335","1.5"
"2069527335","1540823594","1.5"
"2069527335","2134816385","0.5"
"2134816385","2069527335","0.5"
"2068091162","2097720650","7.80952"
"2097720650","2068091162","7.80952"
"2093495548","2099424113","7"
"2099424113","2093495548","7"
"1540823594","1983330555","1"
"1983330555","1540823594","1"
"1540823594","2154316249","0.4"
"2154316249","1540823594","0.4"
"2063952424","2097720650","0.2"
"2097720650","2063952424","0.2"
"2063952424","2154316249","0.2"
"2154316249","2063952424","0.2"
"2097720650","2141946720","0.325"
"2141946720","2097720650","0.325"
"2097720650","2150662287","1.2"
"2150662287","2097720650","1.2"
"2097720650","2154316249","0.2"
"2154316249","2097720650","0.2"
"2141946720","2154316249","0.4"
"2154316249","2141946720","0.4"
"2150662287","2154316249","0.2"
"2154316249","2150662287","0.2"
"1540823594","2093707442","0.333333"
"2093707442","1540823594","0.333333"
"1540823594","2127792364","0.333333"
"2127792364","1540823594","0.333333"
"1979042021","2093707442","1"
"2093707442","1979042021","1"
"1979042021","2127792364","1.2"
"2127792364","1979042021","1.2"
"2093707442","2127792364","1.75"
"2127792364","2093707442","1.75"
"1540823594","2041311157","0.386447"
"2041311157","1540823594","0.386447"
"1540823594","2065131671","0.142857"
"2065131671","1540823594","0.142857"
"1540823594","2096607457","0.142857"
"2096607457","1540823594","0.142857"
"1540823594","2148905249","0.71978"
"2148905249","1540823594","0.71978"
"1540823594","2149305110","0.636447"
"2149305110","1540823594","0.636447"
"2041311157","2148905249","0.386447"
"2148905249","2041311157","0.386447"
"2041311157","2149305110","1.80311"
"2149305110","2041311157","1.80311"
"2065131671","2099424113","0.142857"
"2099424113","2065131671","0.142857"
"2065131671","2134816385","1.45"
"2134816385","2065131671","1.45"
"2065131671","2148905249","0.142857"
"2148905249","2065131671","0.142857"
"2065131671","2149305110","0.67619"
"2149305110","2065131671","0.67619"
"2096607457","2099424113","0.142857"
"2099424113","2096607457","0.142857"
"2096607457","2148905249","0.142857"
"2148905249","2096607457","0.142857"
"2096607457","2149305110","0.67619"
"2149305110","2096607457","0.67619"
"2099424113","2134816385","0.509524"
"2134816385","2099424113","0.509524"
"2099424113","2148905249","0.267857"
"2148905249","2099424113","0.267857"
"2099424113","2149305110","0.267857"
"2149305110","2099424113","0.267857"
"2134816385","2148905249","0.386447"
"2148905249","2134816385","0.386447"
"2148905249","2149305110","0.511447"
"2149305110","2148905249","0.511447"
"1540823594","2028704507","0.666667"
"2028704507","1540823594","0.666667"
"2028704507","2150662287","0.666667"
"2150662287","2028704507","0.666667"
"1540823594","2165014563","0.5"
"2165014563","1540823594","0.5"
"2134816385","2165014563","0.5"
"2165014563","2134816385","0.5"
"1540823594","2097326999","0.5"
"2097326999","1540823594","0.5"
"1979042021","2097326999","1.16667"
"2097326999","1979042021","1.16667"
"1540823594","2058495559","1.5"
"2058495559","1540823594","1.5"
"1540823594","2090249942","0.333333"
"2090249942","1540823594","0.333333"
"2090249942","2097720650","0.333333"
"2097720650","2090249942","0.333333"
"2090249942","2134816385","5.43333"
"2134816385","2090249942","5.43333"
"1540823594","1576556813","0.166667"
"1576556813","1540823594","0.166667"
"1576556813","2041311157","0.166667"
"2041311157","1576556813","0.166667"
"1576556813","2097720650","0.166667"
"2097720650","1576556813","0.166667"
"1576556813","2134816385","0.166667"
"2134816385","1576556813","0.166667"
"1576556813","2148905249","0.166667"
"2148905249","1576556813","0.166667"
"1576556813","2149305110","0.166667"
"2149305110","1576556813","0.166667"
"2041311157","2097720650","4.61422"
"2097720650","2041311157","4.61422"
"1540823594","2081072446","4.5"
"2081072446","1540823594","4.5"
"2009957868","2063952424","0.333333"
"2063952424","2009957868","0.333333"
"2009957868","2099424113","0.333333"
"2099424113","2009957868","0.333333"
"2063952424","2099424113","0.333333"
"2099424113","2063952424","0.333333"
"1540823594","2111499431","0.5"
"2111499431","1540823594","0.5"
"1540823594","2146271301","1.5"
"2146271301","1540823594","1.5"
"2111499431","2146271301","0.5"
"2146271301","2111499431","0.5"
"1540823594","2160785464","0.660256"
"2160785464","1540823594","0.660256"
"2097720650","2160785464","4.94359"
"2160785464","2097720650","4.94359"
"2148905249","2160785464","2.11026"
"2160785464","2148905249","2.11026"
"1540823594","2126650630","0.2"
"2126650630","1540823594","0.2"
"1540823594","2167852913","0.2"
"2167852913","1540823594","0.2"
"2093495548","2126650630","1.7"
"2126650630","2093495548","1.7"
"2093495548","2141946720","4.2"
"2141946720","2093495548","4.2"
"2093495548","2154316249","2.2"
"2154316249","2093495548","2.2"
"2093495548","2167852913","1.2"
"2167852913","2093495548","1.2"
"2126650630","2141946720","0.2"
"2141946720","2126650630","0.2"
"2126650630","2154316249","1.2"
"2154316249","2126650630","1.2"
"2126650630","2167852913","0.2"
"2167852913","2126650630","0.2"
"2141946720","2167852913","0.2"
"2167852913","2141946720","0.2"
"2154316249","2167852913","0.2"
"2167852913","2154316249","0.2"
"2081072446","2154267672","7.03333"
"2154267672","2081072446","7.03333"
"1540823594","2073087603","0.333333"
"2073087603","1540823594","0.333333"
"2073087603","2093495548","1.33333"
"2093495548","2073087603","1.33333"
"2073087603","2099424113","0.333333"
"2099424113","2073087603","0.333333"
"1540823594","2162891824","0.5"
"2162891824","1540823594","0.5"
"2099424113","2162891824","0.5"
"2162891824","2099424113","0.5"
"2093495548","2097720650","1.32692"
"2097720650","2093495548","1.32692"
"1540823594","2102661934","0.826923"
"2102661934","1540823594","0.826923"
"2102661934","2160785464","0.826923"
"2160785464","2102661934","0.826923"
"2134816385","2160785464","0.910256"
"2160785464","2134816385","0.910256"
"2149305110","2160785464","0.576923"
"2160785464","2149305110","0.576923"
"1540823594","2011281700","0.0769231"
"2011281700","1540823594","0.0769231"
"1540823594","2043062123","0.576923"
"2043062123","1540823594","0.576923"
"1540823594","2610474269","0.0769231"
"2610474269","1540823594","0.0769231"
"1540823594","2610517421","0.410256"
"2610517421","1540823594","0.410256"
"2011281700","2041311157","0.231685"
"2041311157","2011281700","0.231685"
"2011281700","2043062123","1.74359"
"2043062123","2011281700","1.74359"
"2011281700","2086430431","0.0769231"
"2086430431","2011281700","0.0769231"
"2011281700","2093495548","0.0769231"
"2093495548","2011281700","0.0769231"
"2011281700","2102661934","0.0769231"
"2102661934","2011281700","0.0769231"
"2011281700","2148905249","0.0769231"
"2148905249","2011281700","0.0769231"
"2011281700","2149305110","0.0769231"
"2149305110","2011281700","0.0769231"
"2011281700","2160785464","0.0769231"
"2160785464","2011281700","0.0769231"
"2011281700","2610517421","0.0769231"
"2610517421","2011281700","0.0769231"
"2041311157","2043062123","0.0769231"
"2043062123","2041311157","0.0769231"
"2041311157","2086430431","0.910256"
"2086430431","2041311157","0.910256"
"2041311157","2093495548","0.0769231"
"2093495548","2041311157","0.0769231"
"2041311157","2102661934","0.326923"
"2102661934","2041311157","0.326923"
"2041311157","2160785464","0.0769231"
"2160785464","2041311157","0.0769231"
"2041311157","2610474269","0.0769231"
"2610474269","2041311157","0.0769231"
"2041311157","2610517421","0.0769231"
"2610517421","2041311157","0.0769231"
"2043062123","2086430431","0.0769231"
"2086430431","2043062123","0.0769231"
"2043062123","2093495548","0.0769231"
"2093495548","2043062123","0.0769231"
"2043062123","2097720650","0.0769231"
"2097720650","2043062123","0.0769231"
"2043062123","2102661934","0.0769231"
"2102661934","2043062123","0.0769231"
"2043062123","2134816385","0.410256"
"2134816385","2043062123","0.410256"
"2043062123","2148905249","0.0769231"
"2148905249","2043062123","0.0769231"
"2043062123","2149305110","0.0769231"
"2149305110","2043062123","0.0769231"
"2043062123","2160785464","0.0769231"
"2160785464","2043062123","0.0769231"
"2043062123","2610474269","0.0769231"
"2610474269","2043062123","0.0769231"
"2043062123","2610517421","2.07692"
"2610517421","2043062123","2.07692"
