"116567419","2015659865","0.583333"
"2015659865","116567419","0.583333"
"116567419","2097385499","1.83333"
"2097385499","116567419","1.83333"
"116567419","2169616258","1.23333"
"2169616258","116567419","1.23333"
"2015659865","2097385499","1.66667"
"2097385499","2015659865","1.66667"
"2015659865","2169616258","0.583333"
"2169616258","2015659865","0.583333"
"2097385499","2169616258","25.5"
"2169616258","2097385499","25.5"
"116567419","1967011969","0.775"
"1967011969","116567419","0.775"
"116567419","2000742945","0.775"
"2000742945","116567419","0.775"
"116567419","2111799631","2.075"
"2111799631","116567419","2.075"
"1967011969","2000742945","3.10833"
"2000742945","1967011969","3.10833"
"1967011969","2111799631","5.50833"
"2111799631","1967011969","5.50833"
"1967011969","2169616258","14.3167"
"2169616258","1967011969","14.3167"
"2000742945","2111799631","5.85833"
"2111799631","2000742945","5.85833"
"2000742945","2169616258","19.2333"
"2169616258","2000742945","19.2333"
"2111799631","2169616258","9.45"
"2169616258","2111799631","9.45"
"2097385499","2111799631","11.9333"
"2111799631","2097385499","11.9333"
"116567419","1978665295","0.775"
"1978665295","116567419","0.775"
"116567419","2097495304","1.15833"
"2097495304","116567419","1.15833"
"1967011969","1978665295","0.858333"
"1978665295","1967011969","0.858333"
"1967011969","2097495304","0.908333"
"2097495304","1967011969","0.908333"
"1978665295","2000742945","1.225"
"2000742945","1978665295","1.225"
"1978665295","2097495304","2.15833"
"2097495304","1978665295","2.15833"
"1978665295","2169616258","3.23333"
"2169616258","1978665295","3.23333"
"2000742945","2097495304","0.325"
"2097495304","2000742945","0.325"
"2097495304","2169616258","1.2"
"2169616258","2097495304","1.2"
"1978665295","2111799631","1.10833"
"2111799631","1978665295","1.10833"
"116567419","2124488001","0.458333"
"2124488001","116567419","0.458333"
"116567419","2125857892","0.958333"
"2125857892","116567419","0.958333"
"2097495304","2124488001","0.458333"
"2124488001","2097495304","0.458333"
"2097495304","2125857892","0.958333"
"2125857892","2097495304","0.958333"
"2124488001","2125857892","0.458333"
"2125857892","2124488001","0.458333"
"116567419","1991479109","0.25"
"1991479109","116567419","0.25"
"1978665295","1991479109","0.7"
"1991479109","1978665295","0.7"
"1978665295","2015659865","0.7"
"2015659865","1978665295","0.7"
"1991479109","2015659865","2.7"
"2015659865","1991479109","2.7"
"1991479109","2169616258","1"
"2169616258","1991479109","1"
"116567419","2143884079","0.125"
"2143884079","116567419","0.125"
"1967011969","2124488001","0.125"
"2124488001","1967011969","0.125"
"1967011969","2125857892","1.125"
"2125857892","1967011969","1.125"
"1967011969","2143884079","3.55833"
"2143884079","1967011969","3.55833"
"1978665295","2124488001","0.125"
"2124488001","1978665295","0.125"
"1978665295","2125857892","0.125"
"2125857892","1978665295","0.125"
"1978665295","2143884079","0.575"
"2143884079","1978665295","0.575"
"2000742945","2124488001","0.125"
"2124488001","2000742945","0.125"
"2000742945","2125857892","0.125"
"2125857892","2000742945","0.125"
"2000742945","2143884079","19.6583"
"2143884079","2000742945","19.6583"
"2097495304","2111799631","4.125"
"2111799631","2097495304","4.125"
"2097495304","2143884079","5.20833"
"2143884079","2097495304","5.20833"
"2111799631","2124488001","0.125"
"2124488001","2111799631","0.125"
"2111799631","2125857892","0.125"
"2125857892","2111799631","0.125"
"2111799631","2143884079","15.0083"
"2143884079","2111799631","15.0083"
"2124488001","2143884079","0.125"
"2143884079","2124488001","0.125"
"2125857892","2143884079","0.125"
"2143884079","2125857892","0.125"
"1510706228","2097495304","1.16667"
"2097495304","1510706228","1.16667"
"1510706228","2115009463","1.16667"
"2115009463","1510706228","1.16667"
"1510706228","2143884079","0.666667"
"2143884079","1510706228","0.666667"
"2097495304","2115009463","9.75"
"2115009463","2097495304","9.75"
"2115009463","2143884079","11.1833"
"2143884079","2115009463","11.1833"
"1544259946","2000742945","0.5"
"2000742945","1544259946","0.5"
"1544259946","2030909134","0.5"
"2030909134","1544259946","0.5"
"2000742945","2030909134","1.25"
"2030909134","2000742945","1.25"
"1564948095","2079941659","1"
"2079941659","1564948095","1"
"1564948095","2097385499","1"
"2097385499","1564948095","1"
"174694798","2030909134","0.333333"
"2030909134","174694798","0.333333"
"174694798","2097385499","2"
"2097385499","174694798","2"
"174694798","2111799631","0.333333"
"2111799631","174694798","0.333333"
"2030909134","2097385499","4.41667"
"2097385499","2030909134","4.41667"
"2030909134","2111799631","1.08333"
"2111799631","2030909134","1.08333"
"174694798","1967011969","1.66667"
"1967011969","174694798","1.66667"
"174694798","2000742945","0.666667"
"2000742945","174694798","0.666667"
"1967011969","2097385499","16.7667"
"2097385499","1967011969","16.7667"
"2000742945","2097385499","14.9167"
"2097385499","2000742945","14.9167"
"174694798","2169616258","1"
"2169616258","174694798","1"
"1810024798","2000742945","5.33333"
"2000742945","1810024798","5.33333"
"1810024798","2097385499","0.333333"
"2097385499","1810024798","0.333333"
"1810024798","2169616258","1.83333"
"2169616258","1810024798","1.83333"
"1810024798","2030909134","0.5"
"2030909134","1810024798","0.5"
"1967011969","1975738737","1.25"
"1975738737","1967011969","1.25"
"1967011969","2015659865","2.08333"
"2015659865","1967011969","2.08333"
"1975738737","2015659865","0.75"
"2015659865","1975738737","0.75"
"1975738737","2097385499","1.25"
"2097385499","1975738737","1.25"
"1975738737","2143884079","0.75"
"2143884079","1975738737","0.75"
"2015659865","2143884079","1.45"
"2143884079","2015659865","1.45"
"2097385499","2143884079","6.51667"
"2143884079","2097385499","6.51667"
"1967011969","2030909134","0.583333"
"2030909134","1967011969","0.583333"
"2143884079","2169616258","7.33333"
"2169616258","2143884079","7.33333"
"1967011969","1991479109","3"
"1991479109","1967011969","3"
"1967011969","2115009463","0.85"
"2115009463","1967011969","0.85"
"2097385499","2097495304","0.916667"
"2097495304","2097385499","0.916667"
"2097385499","2115009463","0.85"
"2115009463","2097385499","0.85"
"1967011969","2059657944","0.25"
"2059657944","1967011969","0.25"
"2000742945","2059657944","0.25"
"2059657944","2000742945","0.25"
"2059657944","2097385499","0.25"
"2097385499","2059657944","0.25"
"2059657944","2111799631","0.25"
"2111799631","2059657944","0.25"
"1967011969","1986655611","0.333333"
"1986655611","1967011969","0.333333"
"1986655611","2097495304","2.66667"
"2097495304","1986655611","2.66667"
"1986655611","2143884079","11"
"2143884079","1986655611","11"
"1967011969","2243087465","0.333333"
"2243087465","1967011969","0.333333"
"2015659865","2243087465","0.333333"
"2243087465","2015659865","0.333333"
"2097385499","2243087465","0.333333"
"2243087465","2097385499","0.333333"
"1967011969","2276430283","0.6"
"2276430283","1967011969","0.6"
"2097385499","2276430283","0.6"
"2276430283","2097385499","0.6"
"2111799631","2115009463","0.6"
"2115009463","2111799631","0.6"
"2111799631","2276430283","0.6"
"2276430283","2111799631","0.6"
"2115009463","2276430283","0.6"
"2276430283","2115009463","0.6"
"2143884079","2276430283","0.6"
"2276430283","2143884079","0.6"
"1978665295","2097385499","0.666667"
"2097385499","1978665295","0.666667"
"1967011969","2111898254","1"
"2111898254","1967011969","1"
"2030909134","2169616258","1.83333"
"2169616258","2030909134","1.83333"
"1975738737","2169616258","1"
"2169616258","1975738737","1"
"1991479109","2000742945","1.2"
"2000742945","1991479109","1.2"
"1991479109","2111799631","3.2"
"2111799631","1991479109","3.2"
"1991479109","2143884079","0.45"
"2143884079","1991479109","0.45"
"2000742945","2015659865","0.7"
"2015659865","2000742945","0.7"
"2015659865","2111799631","0.45"
"2111799631","2015659865","0.45"
"1978665295","2030909134","0.833333"
"2030909134","1978665295","0.833333"
"1978665295","25524196","1.33333"
"25524196","1978665295","1.33333"
"2030909134","2097495304","0.833333"
"2097495304","2030909134","0.833333"
"2030909134","25524196","0.333333"
"25524196","2030909134","0.333333"
"2097495304","25524196","0.333333"
"25524196","2097495304","0.333333"
"1978665295","1986655611","0.25"
"1986655611","1978665295","0.25"
"1986655611","1991479109","0.25"
"1991479109","1986655611","0.25"
"1986655611","2000742945","0.25"
"2000742945","1986655611","0.25"
"1986655611","2169616258","0.25"
"2169616258","1986655611","0.25"
"1978665295","2047741194","0.333333"
"2047741194","1978665295","0.333333"
"2047741194","2097385499","1.5"
"2097385499","2047741194","1.5"
"2047741194","2111799631","1.16667"
"2111799631","2047741194","1.16667"
"1986655611","2115009463","15.6667"
"2115009463","1986655611","15.6667"
"1986655611","2097385499","0.666667"
"2097385499","1986655611","0.666667"
"1986655611","2104602739","1.66667"
"2104602739","1986655611","1.66667"
"2104602739","2115009463","0.333333"
"2115009463","2104602739","0.333333"
"2104602739","2143884079","1.16667"
"2143884079","2104602739","1.16667"
"2097495304","2104602739","0.833333"
"2104602739","2097495304","0.833333"
"1986655611","2111799631","1"
"2111799631","1986655611","1"
"1991479109","2097385499","1.25"
"2097385499","1991479109","1.25"
"2000742945","2166403405","0.5"
"2166403405","2000742945","0.5"
"2097385499","2166403405","0.833333"
"2166403405","2097385499","0.833333"
"2030909134","2143884079","0.5"
"2143884079","2030909134","0.5"
"2047741194","2169616258","3.66667"
"2169616258","2047741194","3.66667"
"2047741194","2166403405","0.333333"
"2166403405","2047741194","0.333333"
"2166403405","2169616258","0.333333"
"2169616258","2166403405","0.333333"
"2079941659","2111898254","0.5"
"2111898254","2079941659","0.5"
"2079941659","25524196","4.5"
"25524196","2079941659","4.5"
"2111898254","25524196","1.5"
"25524196","2111898254","1.5"
"2079941659","2169616258","1"
"2169616258","2079941659","1"
"2115009463","2169616258","1"
"2169616258","2115009463","1"
"2169616258","25524196","1"
"25524196","2169616258","1"
