"1011613971","1970629866","1"
"1970629866","1011613971","1"
"105025081","109051807","0.460504"
"109051807","105025081","0.460504"
"105025081","1519449047","0.189076"
"1519449047","105025081","0.189076"
"105025081","1571400175","0.258824"
"1571400175","105025081","0.258824"
"105025081","162487337","0.189076"
"162487337","105025081","0.189076"
"105025081","2005869161","0.189076"
"2005869161","105025081","0.189076"
"105025081","2007743399","0.117647"
"2007743399","105025081","0.117647"
"105025081","2014390372","0.439076"
"2014390372","105025081","0.439076"
"105025081","2030389961","0.260504"
"2030389961","105025081","0.260504"
"105025081","2041992741","0.439076"
"2041992741","105025081","0.439076"
"105025081","2056383672","0.460504"
"2056383672","105025081","0.460504"
"105025081","2070756015","0.189076"
"2070756015","105025081","0.189076"
"105025081","2071732249","0.260504"
"2071732249","105025081","0.260504"
"105025081","2079126029","0.117647"
"2079126029","105025081","0.117647"
"105025081","2086519003","0.0588235"
"2086519003","105025081","0.0588235"
"105025081","2128242991","0.260504"
"2128242991","105025081","0.260504"
"105025081","2136470809","0.189076"
"2136470809","105025081","0.189076"
"105025081","2183742249","0.189076"
"2183742249","105025081","0.189076"
"109051807","1519449047","0.189076"
"1519449047","109051807","0.189076"
"109051807","1571400175","0.508824"
"1571400175","109051807","0.508824"
"109051807","162487337","0.189076"
"162487337","109051807","0.189076"
"109051807","2005869161","0.522409"
"2005869161","109051807","0.522409"
"109051807","2007743399","0.117647"
"2007743399","109051807","0.117647"
"109051807","2014390372","0.665266"
"2014390372","109051807","0.665266"
"109051807","2030389961","0.403361"
"2030389961","109051807","0.403361"
"109051807","2041992741","0.189076"
"2041992741","109051807","0.189076"
"109051807","2056383672","0.660504"
"2056383672","109051807","0.660504"
"109051807","2070756015","0.189076"
"2070756015","109051807","0.189076"
"109051807","2071732249","0.260504"
"2071732249","109051807","0.260504"
"109051807","2079126029","0.510504"
"2079126029","109051807","0.510504"
"109051807","2086519003","0.0588235"
"2086519003","109051807","0.0588235"
"109051807","2128242991","0.260504"
"2128242991","109051807","0.260504"
"109051807","2136470809","0.189076"
"2136470809","109051807","0.189076"
"109051807","2183742249","0.189076"
"2183742249","109051807","0.189076"
"1519449047","1571400175","0.0588235"
"1571400175","1519449047","0.0588235"
"1519449047","162487337","0.189076"
"162487337","1519449047","0.189076"
"1519449047","2005869161","0.189076"
"2005869161","1519449047","0.189076"
"1519449047","2007743399","0.117647"
"2007743399","1519449047","0.117647"
"1519449047","2014390372","0.189076"
"2014390372","1519449047","0.189076"
"1519449047","2030389961","0.189076"
"2030389961","1519449047","0.189076"
"1519449047","2041992741","0.522409"
"2041992741","1519449047","0.522409"
"1519449047","2056383672","0.389076"
"2056383672","1519449047","0.389076"
"1519449047","2070756015","0.189076"
"2070756015","1519449047","0.189076"
"1519449047","2071732249","0.389076"
"2071732249","1519449047","0.389076"
"1519449047","2079126029","0.117647"
"2079126029","1519449047","0.117647"
"1519449047","2086519003","0.0588235"
"2086519003","1519449047","0.0588235"
"1519449047","2128242991","0.189076"
"2128242991","1519449047","0.189076"
"1519449047","2136470809","0.189076"
"2136470809","1519449047","0.189076"
"1519449047","2183742249","0.189076"
"2183742249","1519449047","0.189076"
"1571400175","162487337","0.0588235"
"162487337","1571400175","0.0588235"
"1571400175","2005869161","1.30882"
"2005869161","1571400175","1.30882"
"1571400175","2007743399","0.308824"
"2007743399","1571400175","0.308824"
"1571400175","2014390372","0.308824"
"2014390372","1571400175","0.308824"
"1571400175","2030389961","1.05882"
"2030389961","1571400175","1.05882"
"1571400175","2041992741","0.0588235"
"2041992741","1571400175","0.0588235"
"1571400175","2056383672","1.00882"
"2056383672","1571400175","1.00882"
"1571400175","2070756015","0.0588235"
"2070756015","1571400175","0.0588235"
"1571400175","2071732249","0.0588235"
"2071732249","1571400175","0.0588235"
"1571400175","2079126029","0.808824"
"2079126029","1571400175","0.808824"
"1571400175","2086519003","2.55882"
"2086519003","1571400175","2.55882"
"1571400175","2128242991","0.0588235"
"2128242991","1571400175","0.0588235"
"1571400175","2136470809","0.0588235"
"2136470809","1571400175","0.0588235"
"1571400175","2183742249","0.0588235"
"2183742249","1571400175","0.0588235"
"162487337","2005869161","0.189076"
"2005869161","162487337","0.189076"
"162487337","2007743399","0.117647"
"2007743399","162487337","0.117647"
"162487337","2014390372","0.189076"
"2014390372","162487337","0.189076"
"162487337","2030389961","0.189076"
"2030389961","162487337","0.189076"
"162487337","2041992741","0.189076"
"2041992741","162487337","0.189076"
"162487337","2056383672","0.189076"
"2056383672","162487337","0.189076"
"162487337","2070756015","0.689076"
"2070756015","162487337","0.689076"
"162487337","2071732249","0.189076"
"2071732249","162487337","0.189076"
"162487337","2079126029","0.117647"
"2079126029","162487337","0.117647"
"162487337","2086519003","0.0588235"
"2086519003","162487337","0.0588235"
"162487337","2128242991","0.189076"
"2128242991","162487337","0.189076"
"162487337","2136470809","0.189076"
"2136470809","162487337","0.189076"
"162487337","2183742249","0.189076"
"2183742249","162487337","0.189076"
"2005869161","2007743399","0.45098"
"2007743399","2005869161","0.45098"
"2005869161","2014390372","1.33193"
"2014390372","2005869161","1.33193"
"2005869161","2030389961","0.189076"
"2030389961","2005869161","0.189076"
"2005869161","2041992741","0.772409"
"2041992741","2005869161","0.772409"
"2005869161","2056383672","1.88193"
"2056383672","2005869161","1.88193"
"2005869161","2070756015","1.68908"
"2070756015","2005869161","1.68908"
"2005869161","2071732249","0.189076"
"2071732249","2005869161","0.189076"
"2005869161","2079126029","0.117647"
"2079126029","2005869161","0.117647"
"2005869161","2086519003","0.758824"
"2086519003","2005869161","0.758824"
"2005869161","2128242991","0.189076"
"2128242991","2005869161","0.189076"
"2005869161","2136470809","0.189076"
"2136470809","2005869161","0.189076"
"2005869161","2183742249","0.189076"
"2183742249","2005869161","0.189076"
"2007743399","2014390372","0.367647"
"2014390372","2007743399","0.367647"
"2007743399","2030389961","0.117647"
"2030389961","2007743399","0.117647"
"2007743399","2041992741","0.117647"
"2041992741","2007743399","0.117647"
"2007743399","2056383672","0.784314"
"2056383672","2007743399","0.784314"
"2007743399","2070756015","0.117647"
"2070756015","2007743399","0.117647"
"2007743399","2071732249","0.117647"
"2071732249","2007743399","0.117647"
"2007743399","2079126029","0.117647"
"2079126029","2007743399","0.117647"
"2007743399","2086519003","0.0588235"
"2086519003","2007743399","0.0588235"
"2007743399","2128242991","0.117647"
"2128242991","2007743399","0.117647"
"2007743399","2136470809","0.117647"
"2136470809","2007743399","0.117647"
"2007743399","2183742249","0.117647"
"2183742249","2007743399","0.117647"
"2014390372","2030389961","0.656933"
"2030389961","2014390372","0.656933"
"2014390372","2041992741","0.439076"
"2041992741","2014390372","0.439076"
"2014390372","2056383672","2.33193"
"2056383672","2014390372","2.33193"
"2014390372","2070756015","0.189076"
"2070756015","2014390372","0.189076"
"2014390372","2071732249","0.189076"
"2071732249","2014390372","0.189076"
"2014390372","2079126029","0.260504"
"2079126029","2014390372","0.260504"
"2014390372","2086519003","1.05882"
"2086519003","2014390372","1.05882"
"2014390372","2128242991","0.189076"
"2128242991","2014390372","0.189076"
"2014390372","2136470809","0.647409"
"2136470809","2014390372","0.647409"
"2014390372","2183742249","0.189076"
"2183742249","2014390372","0.189076"
"2030389961","2041992741","0.189076"
"2041992741","2030389961","0.189076"
"2030389961","2056383672","0.843838"
"2056383672","2030389961","0.843838"
"2030389961","2070756015","0.189076"
"2070756015","2030389961","0.189076"
"2030389961","2071732249","0.260504"
"2071732249","2030389961","0.260504"
"2030389961","2079126029","0.260504"
"2079126029","2030389961","0.260504"
"2030389961","2086519003","0.0588235"
"2086519003","2030389961","0.0588235"
"2030389961","2128242991","0.260504"
"2128242991","2030389961","0.260504"
"2030389961","2136470809","1.14741"
"2136470809","2030389961","1.14741"
"2030389961","2183742249","0.189076"
"2183742249","2030389961","0.189076"
"2041992741","2056383672","0.689076"
"2056383672","2041992741","0.689076"
"2041992741","2070756015","0.189076"
"2070756015","2041992741","0.189076"
"2041992741","2071732249","1.18908"
"2071732249","2041992741","1.18908"
"2041992741","2079126029","0.117647"
"2079126029","2041992741","0.117647"
"2041992741","2086519003","0.0588235"
"2086519003","2041992741","0.0588235"
"2041992741","2128242991","0.189076"
"2128242991","2041992741","0.189076"
"2041992741","2136470809","1.18908"
"2136470809","2041992741","1.18908"
"2041992741","2183742249","0.189076"
"2183742249","2041992741","0.189076"
"2056383672","2070756015","1.68908"
"2070756015","2056383672","1.68908"
"2056383672","2071732249","0.460504"
"2071732249","2056383672","0.460504"
"2056383672","2079126029","1.11765"
"2079126029","2056383672","1.11765"
"2056383672","2086519003","1.23501"
"2086519003","2056383672","1.23501"
"2056383672","2128242991","0.260504"
"2128242991","2056383672","0.260504"
"2056383672","2136470809","1.68908"
"2136470809","2056383672","1.68908"
"2056383672","2183742249","0.189076"
"2183742249","2056383672","0.189076"
"2070756015","2071732249","0.189076"
"2071732249","2070756015","0.189076"
"2070756015","2079126029","0.117647"
"2079126029","2070756015","0.117647"
"2070756015","2086519003","0.0588235"
"2086519003","2070756015","0.0588235"
"2070756015","2128242991","0.189076"
"2128242991","2070756015","0.189076"
"2070756015","2136470809","0.189076"
"2136470809","2070756015","0.189076"
"2070756015","2183742249","0.189076"
"2183742249","2070756015","0.189076"
"2071732249","2079126029","0.117647"
"2079126029","2071732249","0.117647"
"2071732249","2086519003","0.0588235"
"2086519003","2071732249","0.0588235"
"2071732249","2128242991","0.260504"
"2128242991","2071732249","0.260504"
"2071732249","2136470809","0.189076"
"2136470809","2071732249","0.189076"
"2071732249","2183742249","0.189076"
"2183742249","2071732249","0.189076"
"2079126029","2086519003","0.0588235"
"2086519003","2079126029","0.0588235"
"2079126029","2128242991","0.117647"
"2128242991","2079126029","0.117647"
"2079126029","2136470809","1.61765"
"2136470809","2079126029","1.61765"
"2079126029","2183742249","0.117647"
"2183742249","2079126029","0.117647"
"2086519003","2128242991","0.0588235"
"2128242991","2086519003","0.0588235"
"2086519003","2136470809","0.308824"
"2136470809","2086519003","0.308824"
"2086519003","2183742249","0.0588235"
"2183742249","2086519003","0.0588235"
"2128242991","2136470809","0.189076"
"2136470809","2128242991","0.189076"
"2128242991","2183742249","0.189076"
"2183742249","2128242991","0.189076"
"2136470809","2183742249","0.189076"
"2183742249","2136470809","0.189076"
"105025081","2131256402","0.580252"
"2131256402","105025081","0.580252"
"109051807","2131256402","1.47311"
"2131256402","109051807","1.47311"
"1519449047","2131256402","0.130252"
"2131256402","1519449047","0.130252"
"162487337","2131256402","0.630252"
"2131256402","162487337","0.630252"
"2005869161","2131256402","0.130252"
"2131256402","2005869161","0.130252"
"2014390372","2131256402","0.523109"
"2131256402","2014390372","0.523109"
"2030389961","2131256402","1.27311"
"2131256402","2030389961","1.27311"
"2041992741","2131256402","1.38025"
"2131256402","2041992741","1.38025"
"2056383672","2131256402","0.330252"
"2131256402","2056383672","0.330252"
"2070756015","2131256402","0.630252"
"2131256402","2070756015","0.630252"
"2071732249","2131256402","0.130252"
"2131256402","2071732249","0.130252"
"2128242991","2131256402","0.130252"
"2131256402","2128242991","0.130252"
"2131256402","2136470809","0.130252"
"2136470809","2131256402","0.130252"
"2131256402","2183742249","0.130252"
"2183742249","2131256402","0.130252"
"105025081","1491948915","0.0714286"
"1491948915","105025081","0.0714286"
"105025081","1514611945","0.0714286"
"1514611945","105025081","0.0714286"
"105025081","1562389842","0.0714286"
"1562389842","105025081","0.0714286"
"105025081","189775539","0.0714286"
"189775539","105025081","0.0714286"
"105025081","2046273156","0.0714286"
"2046273156","105025081","0.0714286"
"105025081","2085938378","0.0714286"
"2085938378","105025081","0.0714286"
"105025081","2088371969","0.0714286"
"2088371969","105025081","0.0714286"
"105025081","2884390704","0.0714286"
"2884390704","105025081","0.0714286"
"105025081","64051843","0.0714286"
"64051843","105025081","0.0714286"
"109051807","1491948915","0.0714286"
"1491948915","109051807","0.0714286"
"109051807","1514611945","0.271429"
"1514611945","109051807","0.271429"
"109051807","1562389842","0.0714286"
"1562389842","109051807","0.0714286"
"109051807","189775539","0.271429"
"189775539","109051807","0.271429"
"109051807","2046273156","1.32143"
"2046273156","109051807","1.32143"
"109051807","2085938378","0.214286"
"2085938378","109051807","0.214286"
"109051807","2088371969","0.0714286"
"2088371969","109051807","0.0714286"
"109051807","2884390704","0.214286"
"2884390704","109051807","0.214286"
"109051807","64051843","0.0714286"
"64051843","109051807","0.0714286"
"1491948915","1514611945","0.0714286"
"1514611945","1491948915","0.0714286"
"1491948915","1562389842","0.0714286"
"1562389842","1491948915","0.0714286"
"1491948915","189775539","0.0714286"
"189775539","1491948915","0.0714286"
"1491948915","2030389961","0.0714286"
"2030389961","1491948915","0.0714286"
"1491948915","2046273156","0.0714286"
"2046273156","1491948915","0.0714286"
"1491948915","2056383672","0.571429"
"2056383672","1491948915","0.571429"
"1491948915","2071732249","0.0714286"
"2071732249","1491948915","0.0714286"
"1491948915","2085938378","0.0714286"
"2085938378","1491948915","0.0714286"
"1491948915","2088371969","0.0714286"
"2088371969","1491948915","0.0714286"
"1491948915","2128242991","0.0714286"
"2128242991","1491948915","0.0714286"
"1491948915","2884390704","0.0714286"
"2884390704","1491948915","0.0714286"
"1491948915","64051843","0.0714286"
"64051843","1491948915","0.0714286"
"1514611945","1562389842","0.271429"
"1562389842","1514611945","0.271429"
"1514611945","189775539","0.729762"
"189775539","1514611945","0.729762"
"1514611945","2030389961","1.02976"
"2030389961","1514611945","1.02976"
"1514611945","2046273156","0.0714286"
"2046273156","1514611945","0.0714286"
"1514611945","2056383672","0.830952"
"2056383672","1514611945","0.830952"
"1514611945","2071732249","0.0714286"
"2071732249","1514611945","0.0714286"
"1514611945","2085938378","0.0714286"
"2085938378","1514611945","0.0714286"
"1514611945","2088371969","0.571429"
"2088371969","1514611945","0.571429"
"1514611945","2128242991","0.0714286"
"2128242991","1514611945","0.0714286"
"1514611945","2884390704","0.0714286"
"2884390704","1514611945","0.0714286"
"1514611945","64051843","0.0714286"
"64051843","1514611945","0.0714286"
"1562389842","189775539","0.321429"
"189775539","1562389842","0.321429"
"1562389842","2030389961","0.0714286"
"2030389961","1562389842","0.0714286"
"1562389842","2046273156","0.0714286"
"2046273156","1562389842","0.0714286"
"1562389842","2056383672","1.31548"
"2056383672","1562389842","1.31548"
"1562389842","2071732249","0.321429"
"2071732249","1562389842","0.321429"
"1562389842","2085938378","0.321429"
"2085938378","1562389842","0.321429"
"1562389842","2088371969","0.0714286"
"2088371969","1562389842","0.0714286"
"1562389842","2128242991","0.0714286"
"2128242991","1562389842","0.0714286"
"1562389842","2884390704","0.321429"
"2884390704","1562389842","0.321429"
"1562389842","64051843","0.571429"
"64051843","1562389842","0.571429"
"189775539","2030389961","0.196429"
"2030389961","189775539","0.196429"
"189775539","2046273156","0.0714286"
"2046273156","189775539","0.0714286"
"189775539","2056383672","6.32143"
"2056383672","189775539","6.32143"
"189775539","2071732249","0.321429"
"2071732249","189775539","0.321429"
"189775539","2085938378","0.321429"
"2085938378","189775539","0.321429"
"189775539","2088371969","0.571429"
"2088371969","189775539","0.571429"
"189775539","2128242991","0.0714286"
"2128242991","189775539","0.0714286"
"189775539","2884390704","0.321429"
"2884390704","189775539","0.321429"
"189775539","64051843","0.0714286"
"64051843","189775539","0.0714286"
"2030389961","2046273156","0.404762"
"2046273156","2030389961","0.404762"
"2030389961","2085938378","0.214286"
"2085938378","2030389961","0.214286"
"2030389961","2088371969","1.02143"
"2088371969","2030389961","1.02143"
"2030389961","2884390704","0.214286"
"2884390704","2030389961","0.214286"
"2030389961","64051843","0.0714286"
"64051843","2030389961","0.0714286"
"2046273156","2056383672","0.904762"
"2056383672","2046273156","0.904762"
"2046273156","2071732249","0.0714286"
"2071732249","2046273156","0.0714286"
"2046273156","2085938378","0.321429"
"2085938378","2046273156","0.321429"
"2046273156","2088371969","0.0714286"
"2088371969","2046273156","0.0714286"
"2046273156","2128242991","0.0714286"
"2128242991","2046273156","0.0714286"
"2046273156","2884390704","0.0714286"
"2884390704","2046273156","0.0714286"
"2046273156","64051843","0.0714286"
"64051843","2046273156","0.0714286"
"2056383672","2085938378","0.0714286"
"2085938378","2056383672","0.0714286"
"2056383672","2088371969","1.27143"
"2088371969","2056383672","1.27143"
"2056383672","2884390704","0.404762"
"2884390704","2056383672","0.404762"
"2056383672","64051843","0.0714286"
"64051843","2056383672","0.0714286"
"2071732249","2085938378","0.321429"
"2085938378","2071732249","0.321429"
"2071732249","2088371969","0.271429"
"2088371969","2071732249","0.271429"
"2071732249","2884390704","0.321429"
"2884390704","2071732249","0.321429"
"2071732249","64051843","0.0714286"
"64051843","2071732249","0.0714286"
"2085938378","2088371969","0.0714286"
"2088371969","2085938378","0.0714286"
"2085938378","2128242991","0.0714286"
"2128242991","2085938378","0.0714286"
"2085938378","2884390704","0.464286"
"2884390704","2085938378","0.464286"
"2085938378","64051843","0.0714286"
"64051843","2085938378","0.0714286"
"2088371969","2128242991","0.0714286"
"2128242991","2088371969","0.0714286"
"2088371969","2884390704","0.0714286"
"2884390704","2088371969","0.0714286"
"2088371969","64051843","0.0714286"
"64051843","2088371969","0.0714286"
"2128242991","2884390704","0.0714286"
"2884390704","2128242991","0.0714286"
"2128242991","64051843","0.0714286"
"64051843","2128242991","0.0714286"
"2884390704","64051843","0.0714286"
"64051843","2884390704","0.0714286"
"105025081","2270527997","0.0588235"
"2270527997","105025081","0.0588235"
"109051807","2270527997","0.0588235"
"2270527997","109051807","0.0588235"
"1519449047","2270527997","0.0588235"
"2270527997","1519449047","0.0588235"
"162487337","2270527997","0.0588235"
"2270527997","162487337","0.0588235"
"2005869161","2270527997","0.0588235"
"2270527997","2005869161","0.0588235"
"2007743399","2131256402","0.0588235"
"2131256402","2007743399","0.0588235"
"2007743399","2270527997","0.0588235"
"2270527997","2007743399","0.0588235"
"2014390372","2270527997","0.0588235"
"2270527997","2014390372","0.0588235"
"2030389961","2270527997","0.642157"
"2270527997","2030389961","0.642157"
"2041992741","2270527997","0.558824"
"2270527997","2041992741","0.558824"
"2056383672","2270527997","0.0588235"
"2270527997","2056383672","0.0588235"
"2070756015","2270527997","0.0588235"
"2270527997","2070756015","0.0588235"
"2071732249","2270527997","0.0588235"
"2270527997","2071732249","0.0588235"
"2079126029","2131256402","0.201681"
"2131256402","2079126029","0.201681"
"2079126029","2270527997","0.0588235"
"2270527997","2079126029","0.0588235"
"2128242991","2270527997","0.0588235"
"2270527997","2128242991","0.0588235"
"2131256402","2270527997","0.0588235"
"2270527997","2131256402","0.0588235"
"2136470809","2270527997","0.642157"
"2270527997","2136470809","0.642157"
"2183742249","2270527997","0.0588235"
"2270527997","2183742249","0.0588235"
"105025081","2070529898","0.2"
"2070529898","105025081","0.2"
"109051807","2070529898","0.2"
"2070529898","109051807","0.2"
"1571400175","2070529898","0.7"
"2070529898","1571400175","0.7"
"1571400175","2131256402","0.2"
"2131256402","1571400175","0.2"
"2056383672","2070529898","0.783333"
"2070529898","2056383672","0.783333"
"2070529898","2131256402","0.2"
"2131256402","2070529898","0.2"
"105025081","2610544043","0.25"
"2610544043","105025081","0.25"
"2014390372","2610544043","0.25"
"2610544043","2014390372","0.25"
"2041992741","2610544043","0.25"
"2610544043","2041992741","0.25"
"2131256402","2610544043","0.25"
"2610544043","2131256402","0.25"
"109051807","1970629866","0.45"
"1970629866","109051807","0.45"
"1571400175","1970629866","0.25"
"1970629866","1571400175","0.25"
"1571400175","2046273156","0.25"
"2046273156","1571400175","0.25"
"1970629866","2046273156","0.916667"
"2046273156","1970629866","0.916667"
"1970629866","2079126029","1.25"
"2079126029","1970629866","1.25"
"2046273156","2079126029","0.75"
"2079126029","2046273156","0.75"
"109051807","1984360397","1"
"1984360397","109051807","1"
"109051807","2099483825","0.2"
"2099483825","109051807","0.2"
"1514611945","1970629866","0.575"
"1970629866","1514611945","0.575"
"1514611945","2099483825","0.45"
"2099483825","1514611945","0.45"
"189775539","1970629866","0.825"
"1970629866","189775539","0.825"
"189775539","2099483825","0.2"
"2099483825","189775539","0.2"
"1970629866","2056383672","0.733333"
"2056383672","1970629866","0.733333"
"1970629866","2099483825","0.783333"
"2099483825","1970629866","0.783333"
"2056383672","2099483825","0.2"
"2099483825","2056383672","0.2"
"109051807","2078223121","0.333333"
"2078223121","109051807","0.333333"
"2005869161","2078223121","1.15952"
"2078223121","2005869161","1.15952"
"2014390372","2078223121","1.63452"
"2078223121","2014390372","1.63452"
"109051807","2031654481","0.142857"
"2031654481","109051807","0.142857"
"2014390372","2031654481","0.452381"
"2031654481","2014390372","0.452381"
"2014390372","2085938378","0.142857"
"2085938378","2014390372","0.142857"
"2014390372","2884390704","0.47619"
"2884390704","2014390372","0.47619"
"2030389961","2031654481","0.142857"
"2031654481","2030389961","0.142857"
"2031654481","2079126029","0.142857"
"2079126029","2031654481","0.142857"
"2031654481","2085938378","0.142857"
"2085938378","2031654481","0.142857"
"2031654481","2131256402","0.142857"
"2131256402","2031654481","0.142857"
"2031654481","2884390704","0.142857"
"2884390704","2031654481","0.142857"
"2079126029","2085938378","0.142857"
"2085938378","2079126029","0.142857"
"2079126029","2884390704","0.142857"
"2884390704","2079126029","0.142857"
"2085938378","2131256402","0.142857"
"2131256402","2085938378","0.142857"
"2131256402","2884390704","0.142857"
"2884390704","2131256402","0.142857"
"145824306","2030389961","0.333333"
"2030389961","145824306","0.333333"
"145824306","2046273156","1.66667"
"2046273156","145824306","1.66667"
"145824306","2056383672","0.333333"
"2056383672","145824306","0.333333"
"145824306","1970629866","0.833333"
"1970629866","145824306","0.833333"
"145824306","2499021223","0.5"
"2499021223","145824306","0.5"
"1970629866","2499021223","0.833333"
"2499021223","1970629866","0.833333"
"145824306","2041992741","0.333333"
"2041992741","145824306","0.333333"
"1970629866","2041992741","2.66667"
"2041992741","1970629866","2.66667"
"2041992741","2046273156","0.916667"
"2046273156","2041992741","0.916667"
"1487265462","2014390372","1.25"
"2014390372","1487265462","1.25"
"1487265462","2086519003","0.5"
"2086519003","1487265462","0.5"
"1487265462","189775539","0.966667"
"189775539","1487265462","0.966667"
"1487265462","1987674510","0.391667"
"1987674510","1487265462","0.391667"
"1487265462","2031654481","0.734524"
"2031654481","1487265462","0.734524"
"1487265462","2056383672","1.73452"
"2056383672","1487265462","1.73452"
"1487265462","2078223121","0.8"
"2078223121","1487265462","0.8"
"1487265462","2093738460","0.466667"
"2093738460","1487265462","0.466667"
"189775539","1987674510","0.266667"
"1987674510","189775539","0.266667"
"189775539","2031654481","1.3"
"2031654481","189775539","1.3"
"189775539","2078223121","3.00833"
"2078223121","189775539","3.00833"
"189775539","2093738460","0.466667"
"2093738460","189775539","0.466667"
"1987674510","2031654481","0.90119"
"2031654481","1987674510","0.90119"
"1987674510","2056383672","1.04405"
"2056383672","1987674510","1.04405"
"1987674510","2078223121","0.409524"
"2078223121","1987674510","0.409524"
"1987674510","2093738460","0.409524"
"2093738460","1987674510","0.409524"
"2031654481","2056383672","6.41071"
"2056383672","2031654481","6.41071"
"2031654481","2078223121","2.19286"
"2078223121","2031654481","2.19286"
"2031654481","2093738460","0.8"
"2093738460","2031654481","0.8"
"2056383672","2078223121","3.22619"
"2078223121","2056383672","3.22619"
"2056383672","2093738460","4.27619"
"2093738460","2056383672","4.27619"
"2078223121","2093738460","0.466667"
"2093738460","2078223121","0.466667"
"1487265462","2070529898","0.25"
"2070529898","1487265462","0.25"
"1487265462","2136470809","0.25"
"2136470809","1487265462","0.25"
"1487265462","2330659302","0.25"
"2330659302","1487265462","0.25"
"2056383672","2330659302","0.25"
"2330659302","2056383672","0.25"
"2070529898","2136470809","0.5"
"2136470809","2070529898","0.5"
"2070529898","2330659302","0.25"
"2330659302","2070529898","0.25"
"2136470809","2330659302","0.25"
"2330659302","2136470809","0.25"
"1487265462","1562389842","0.267857"
"1562389842","1487265462","0.267857"
"1487265462","1955191997","0.267857"
"1955191997","1487265462","0.267857"
"1487265462","2081001707","1.20119"
"2081001707","1487265462","1.20119"
"1487265462","2144901116","0.267857"
"2144901116","1487265462","0.267857"
"1487265462","2256577130","0.367857"
"2256577130","1487265462","0.367857"
"1562389842","1955191997","0.267857"
"1955191997","1562389842","0.267857"
"1562389842","2031654481","0.60119"
"2031654481","1562389842","0.60119"
"1562389842","2081001707","0.610714"
"2081001707","1562389842","0.610714"
"1562389842","2144901116","0.267857"
"2144901116","1562389842","0.267857"
"1562389842","2256577130","0.410714"
"2256577130","1562389842","0.410714"
"1955191997","2031654481","0.267857"
"2031654481","1955191997","0.267857"
"1955191997","2056383672","0.517857"
"2056383672","1955191997","0.517857"
"1955191997","2081001707","0.267857"
"2081001707","1955191997","0.267857"
"1955191997","2144901116","0.267857"
"2144901116","1955191997","0.267857"
"1955191997","2256577130","0.267857"
"2256577130","1955191997","0.267857"
"2031654481","2081001707","3.42738"
"2081001707","2031654481","3.42738"
"2031654481","2144901116","0.467857"
"2144901116","2031654481","0.467857"
"2031654481","2256577130","0.367857"
"2256577130","2031654481","0.367857"
"2056383672","2081001707","1.65357"
"2081001707","2056383672","1.65357"
"2056383672","2144901116","0.467857"
"2144901116","2056383672","0.467857"
"2056383672","2256577130","0.510714"
"2256577130","2056383672","0.510714"
"2081001707","2144901116","0.267857"
"2144901116","2081001707","0.267857"
"2081001707","2256577130","0.510714"
"2256577130","2081001707","0.510714"
"2144901116","2256577130","0.267857"
"2256577130","2144901116","0.267857"
"1487265462","1598787397","0.1"
"1598787397","1487265462","0.1"
"1487265462","2005869161","0.683333"
"2005869161","1487265462","0.683333"
"1598787397","189775539","0.1"
"189775539","1598787397","0.1"
"1598787397","1987674510","0.1"
"1987674510","1598787397","0.1"
"1598787397","2005869161","0.1"
"2005869161","1598787397","0.1"
"1598787397","2031654481","0.1"
"2031654481","1598787397","0.1"
"1598787397","2056383672","0.1"
"2056383672","1598787397","0.1"
"1598787397","2078223121","0.1"
"2078223121","1598787397","0.1"
"1598787397","2081001707","0.1"
"2081001707","1598787397","0.1"
"1598787397","2093738460","0.1"
"2093738460","1598787397","0.1"
"1598787397","2256577130","0.1"
"2256577130","1598787397","0.1"
"189775539","2005869161","0.433333"
"2005869161","189775539","0.433333"
"189775539","2081001707","0.6"
"2081001707","189775539","0.6"
"189775539","2256577130","0.1"
"2256577130","189775539","0.1"
"1987674510","2005869161","0.609524"
"2005869161","1987674510","0.609524"
"1987674510","2081001707","3.37738"
"2081001707","1987674510","3.37738"
"1987674510","2256577130","0.367857"
"2256577130","1987674510","0.367857"
"2005869161","2031654481","0.859524"
"2031654481","2005869161","0.859524"
"2005869161","2081001707","1.99286"
"2081001707","2005869161","1.99286"
"2005869161","2093738460","0.1"
"2093738460","2005869161","0.1"
"2005869161","2256577130","0.1"
"2256577130","2005869161","0.1"
"2078223121","2081001707","1.02619"
"2081001707","2078223121","1.02619"
"2078223121","2256577130","0.1"
"2256577130","2078223121","0.1"
"2081001707","2093738460","0.57619"
"2093738460","2081001707","0.57619"
"2093738460","2256577130","0.242857"
"2256577130","2093738460","0.242857"
"1562389842","1987674510","0.467857"
"1987674510","1562389842","0.467857"
"1955191997","1987674510","0.125"
"1987674510","1955191997","0.125"
"1987674510","2144901116","0.325"
"2144901116","1987674510","0.325"
"1487265462","1571400175","0.5"
"1571400175","1487265462","0.5"
"1487265462","2007743399","0.25"
"2007743399","1487265462","0.25"
"1487265462","2119466736","0.25"
"2119466736","1487265462","0.25"
"1571400175","2119466736","0.25"
"2119466736","1571400175","0.25"
"2007743399","2119466736","0.25"
"2119466736","2007743399","0.25"
"2014390372","2119466736","0.25"
"2119466736","2014390372","0.25"
"1487265462","55787158","0.25"
"55787158","1487265462","0.25"
"1571400175","55787158","0.25"
"55787158","1571400175","0.25"
"2005869161","55787158","2.5"
"55787158","2005869161","2.5"
"2056383672","55787158","0.25"
"55787158","2056383672","0.25"
"1491948915","2093738460","0.5"
"2093738460","1491948915","0.5"
"1514611945","2136470809","1.29167"
"2136470809","1514611945","1.29167"
"1514611945","2270527997","0.583333"
"2270527997","1514611945","0.583333"
"2088371969","2136470809","0.25"
"2136470809","2088371969","0.25"
"2088371969","2270527997","0.75"
"2270527997","2088371969","0.75"
"1514611945","2128513346","9.33333"
"2128513346","1514611945","9.33333"
"1514611945","1984360397","0.25"
"1984360397","1514611945","0.25"
"1984360397","2030389961","0.25"
"2030389961","1984360397","0.25"
"1984360397","2056383672","0.25"
"2056383672","1984360397","0.25"
"1984360397","2136470809","0.25"
"2136470809","1984360397","0.25"
"1514611945","2086519003","0.333333"
"2086519003","1514611945","0.333333"
"1514611945","2256577130","1.58333"
"2256577130","1514611945","1.58333"
"2086519003","2128513346","0.333333"
"2128513346","2086519003","0.333333"
"2086519003","2256577130","0.47619"
"2256577130","2086519003","0.47619"
"2128513346","2256577130","0.333333"
"2256577130","2128513346","0.333333"
"1514611945","1518660142","1"
"1518660142","1514611945","1"
"1514611945","2070529898","0.5"
"2070529898","1514611945","0.5"
"2070529898","2128513346","0.5"
"2128513346","2070529898","0.5"
"1514611945","1987674510","0.509524"
"1987674510","1514611945","0.509524"
"1514611945","2005869161","0.309524"
"2005869161","1514611945","0.309524"
"1514611945","2014390372","0.767857"
"2014390372","1514611945","0.767857"
"1514611945","2031654481","0.309524"
"2031654481","1514611945","0.309524"
"1514611945","2081001707","0.509524"
"2081001707","1514611945","0.509524"
"1987674510","2014390372","0.309524"
"2014390372","1987674510","0.309524"
"2014390372","2081001707","0.509524"
"2081001707","2014390372","0.509524"
"189775539","2014390372","0.458333"
"2014390372","189775539","0.458333"
"189775539","2136470809","0.458333"
"2136470809","189775539","0.458333"
"1514611945","2078223121","0.267857"
"2078223121","1514611945","0.267857"
"1514611945","1571400175","0.5"
"1571400175","1514611945","0.5"
"1571400175","2128513346","0.5"
"2128513346","1571400175","0.5"
"1514611945","2022261949","0.125"
"2022261949","1514611945","0.125"
"1514611945","2411107549","0.125"
"2411107549","1514611945","0.125"
"189775539","2022261949","0.125"
"2022261949","189775539","0.125"
"189775539","2411107549","0.125"
"2411107549","189775539","0.125"
"1970629866","2014390372","0.991667"
"2014390372","1970629866","0.991667"
"1970629866","2022261949","0.125"
"2022261949","1970629866","0.125"
"1970629866","2030389961","0.325"
"2030389961","1970629866","0.325"
"1970629866","2078223121","2.69167"
"2078223121","1970629866","2.69167"
"1970629866","2136470809","0.125"
"2136470809","1970629866","0.125"
"1970629866","2411107549","0.125"
"2411107549","1970629866","0.125"
"2014390372","2022261949","0.125"
"2022261949","2014390372","0.125"
"2014390372","2411107549","0.125"
"2411107549","2014390372","0.125"
"2022261949","2030389961","0.125"
"2030389961","2022261949","0.125"
"2022261949","2078223121","0.125"
"2078223121","2022261949","0.125"
"2022261949","2136470809","0.125"
"2136470809","2022261949","0.125"
"2022261949","2411107549","0.125"
"2411107549","2022261949","0.125"
"2030389961","2078223121","0.325"
"2078223121","2030389961","0.325"
"2030389961","2411107549","0.125"
"2411107549","2030389961","0.125"
"2078223121","2136470809","0.125"
"2136470809","2078223121","0.125"
"2078223121","2411107549","0.125"
"2411107549","2078223121","0.125"
"2136470809","2411107549","0.375"
"2411107549","2136470809","0.375"
"1970629866","2088371969","3.15"
"2088371969","1970629866","3.15"
"1970629866","2256577130","0.25"
"2256577130","1970629866","0.25"
"2088371969","2099483825","1.58333"
"2099483825","2088371969","1.58333"
"2088371969","2256577130","0.25"
"2256577130","2088371969","0.25"
"2099483825","2256577130","0.25"
"2256577130","2099483825","0.25"
"1514611945","1608199036","1"
"1608199036","1514611945","1"
"1514611945","2071317448","0.2"
"2071317448","1514611945","0.2"
"1514611945","2119466736","0.2"
"2119466736","1514611945","0.2"
"1562389842","2071317448","0.2"
"2071317448","1562389842","0.2"
"1562389842","2119466736","0.2"
"2119466736","1562389842","0.2"
"1987674510","2071317448","0.2"
"2071317448","1987674510","0.2"
"1987674510","2119466736","0.2"
"2119466736","1987674510","0.2"
"2071317448","2081001707","0.2"
"2081001707","2071317448","0.2"
"2071317448","2119466736","0.2"
"2119466736","2071317448","0.2"
"2081001707","2119466736","0.2"
"2119466736","2081001707","0.2"
"1514611945","1566342820","1"
"1566342820","1514611945","1"
"1518660142","1598787397","1"
"1598787397","1518660142","1"
"1518660142","2070529898","0.25"
"2070529898","1518660142","0.25"
"1518660142","2086519003","0.25"
"2086519003","1518660142","0.25"
"1518660142","2136470809","0.25"
"2136470809","1518660142","0.25"
"1518660142","2411107549","0.25"
"2411107549","1518660142","0.25"
"2070529898","2086519003","0.75"
"2086519003","2070529898","0.75"
"2070529898","2411107549","0.25"
"2411107549","2070529898","0.25"
"2086519003","2411107549","0.25"
"2411107549","2086519003","0.25"
"1519449047","1970629866","0.533333"
"1970629866","1519449047","0.533333"
"1519449047","2046273156","0.333333"
"2046273156","1519449047","0.333333"
"1519449047","2078223121","0.2"
"2078223121","1519449047","0.2"
"1519449047","2088371969","0.2"
"2088371969","1519449047","0.2"
"1970629866","2071732249","0.2"
"2071732249","1970629866","0.2"
"2071732249","2078223121","0.2"
"2078223121","2071732249","0.2"
"2078223121","2088371969","1.4"
"2088371969","2078223121","1.4"
"1562389842","2086519003","0.142857"
"2086519003","1562389842","0.142857"
"1562389842","2093738460","0.47619"
"2093738460","1562389842","0.47619"
"1562389842","2116199166","0.642857"
"2116199166","1562389842","0.642857"
"1987674510","2086519003","0.342857"
"2086519003","1987674510","0.342857"
"1987674510","2116199166","0.142857"
"2116199166","1987674510","0.142857"
"2056383672","2116199166","0.642857"
"2116199166","2056383672","0.642857"
"2081001707","2086519003","0.47619"
"2086519003","2081001707","0.47619"
"2081001707","2116199166","0.142857"
"2116199166","2081001707","0.142857"
"2086519003","2093738460","0.97619"
"2093738460","2086519003","0.97619"
"2086519003","2116199166","0.142857"
"2116199166","2086519003","0.142857"
"2093738460","2116199166","0.142857"
"2116199166","2093738460","0.142857"
"2116199166","2256577130","0.142857"
"2256577130","2116199166","0.142857"
"1562389842","1571400175","0.5"
"1571400175","1562389842","0.5"
"1571400175","64051843","0.5"
"64051843","1571400175","0.5"
"1566342820","1608199036","1"
"1608199036","1566342820","1"
"1585645150","1955191997","2"
"1955191997","1585645150","2"
"1769443520","2085938378","3"
"2085938378","1769443520","3"
"189775539","2041992741","2"
"2041992741","189775539","2"
"189775539","1955191997","0.25"
"1955191997","189775539","0.25"
"189775539","62779972","0.25"
"62779972","189775539","0.25"
"1955191997","2078223121","1.25"
"2078223121","1955191997","1.25"
"1955191997","62779972","0.25"
"62779972","1955191997","0.25"
"2056383672","62779972","0.25"
"62779972","2056383672","0.25"
"2078223121","62779972","0.25"
"62779972","2078223121","0.25"
"189775539","2007743399","0.666667"
"2007743399","189775539","0.666667"
"189775539","2070529898","0.333333"
"2070529898","189775539","0.333333"
"2007743399","2070529898","0.333333"
"2070529898","2007743399","0.333333"
"189775539","3005686670","0.333333"
"3005686670","189775539","0.333333"
"2056383672","3005686670","0.333333"
"3005686670","2056383672","0.333333"
"2078223121","3005686670","0.333333"
"3005686670","2078223121","0.333333"
"2031654481","2041992741","1"
"2041992741","2031654481","1"
"1955191997","55787158","0.5"
"55787158","1955191997","0.5"
"1955191997","64051843","0.5"
"64051843","1955191997","0.5"
"55787158","64051843","0.5"
"64051843","55787158","0.5"
"1970629866","2120763456","0.5"
"2120763456","1970629866","0.5"
"2078223121","2120763456","0.5"
"2120763456","2078223121","0.5"
"1970629866","1984360397","1.33333"
"1984360397","1970629866","1.33333"
"2014390372","2099483825","0.833333"
"2099483825","2014390372","0.833333"
"2078223121","2099483825","0.833333"
"2099483825","2078223121","0.833333"
"1984360397","2078223121","0.333333"
"2078223121","1984360397","0.333333"
"1984360397","2499021223","0.333333"
"2499021223","1984360397","0.333333"
"2078223121","2499021223","0.333333"
"2499021223","2078223121","0.333333"
"1970629866","2081001707","0.2"
"2081001707","1970629866","0.2"
"2014390372","2088371969","0.2"
"2088371969","2014390372","0.2"
"2030389961","2081001707","0.2"
"2081001707","2030389961","0.2"
"2081001707","2088371969","0.2"
"2088371969","2081001707","0.2"
"1970629866","2884390704","0.333333"
"2884390704","1970629866","0.333333"
"1987674510","2030389961","0.5"
"2030389961","1987674510","0.5"
"1987674510","2088371969","0.5"
"2088371969","1987674510","0.5"
"2005869161","2144901116","0.2"
"2144901116","2005869161","0.2"
"2031654481","2086519003","0.2"
"2086519003","2031654481","0.2"
"2086519003","2144901116","1.2"
"2144901116","2086519003","1.2"
"1987674510","2128513346","0.5"
"2128513346","1987674510","0.5"
"2081001707","2128513346","0.5"
"2128513346","2081001707","0.5"
"2005869161","2128513346","1"
"2128513346","2005869161","1"
"2005869161","6546994","0.25"
"6546994","2005869161","0.25"
"2031654481","6546994","0.25"
"6546994","2031654481","0.25"
"2078223121","6546994","2.25"
"6546994","2078223121","2.25"
"2081001707","6546994","0.25"
"6546994","2081001707","0.25"
"2005869161","2046273156","0.25"
"2046273156","2005869161","0.25"
"2005869161","2085938378","0.25"
"2085938378","2005869161","0.25"
"2041992741","2085938378","0.25"
"2085938378","2041992741","0.25"
"2041992741","55787158","0.25"
"55787158","2041992741","0.25"
"2046273156","55787158","0.25"
"55787158","2046273156","0.25"
