"1541096472","1965152727","2.39286"
"1965152727","1541096472","2.39286"
"1541096472","1972606328","3.80952"
"1972606328","1541096472","3.80952"
"1541096472","1976087569","4.14286"
"1976087569","1541096472","4.14286"
"1972606328","1976087569","4.50952"
"1976087569","1972606328","4.50952"
"1965152727","1976087569","0.842857"
"1976087569","1965152727","0.842857"
"1541096472","2053690843","1.80952"
"2053690843","1541096472","1.80952"
"1541096472","2116401686","0.142857"
"2116401686","1541096472","0.142857"
"1541096472","2119906652","0.142857"
"2119906652","1541096472","0.142857"
"1541096472","2173784202","0.72619"
"2173784202","1541096472","0.72619"
"1965152727","1972606328","0.342857"
"1972606328","1965152727","0.342857"
"1965152727","2053690843","0.842857"
"2053690843","1965152727","0.842857"
"1965152727","2116401686","0.342857"
"2116401686","1965152727","0.342857"
"1965152727","2119906652","0.142857"
"2119906652","1965152727","0.142857"
"1965152727","2173784202","2.39286"
"2173784202","1965152727","2.39286"
"1972606328","2053690843","1.17619"
"2053690843","1972606328","1.17619"
"1972606328","2116401686","0.342857"
"2116401686","1972606328","0.342857"
"1972606328","2119906652","0.142857"
"2119906652","1972606328","0.142857"
"1972606328","2173784202","0.97619"
"2173784202","1972606328","0.97619"
"1976087569","2053690843","17.8429"
"2053690843","1976087569","17.8429"
"1976087569","2116401686","1.80119"
"2116401686","1976087569","1.80119"
"1976087569","2119906652","0.267857"
"2119906652","1976087569","0.267857"
"1976087569","2173784202","1.64286"
"2173784202","1976087569","1.64286"
"2053690843","2116401686","6.84286"
"2116401686","2053690843","6.84286"
"2053690843","2119906652","1.14286"
"2119906652","2053690843","1.14286"
"2053690843","2173784202","0.97619"
"2173784202","2053690843","0.97619"
"2116401686","2119906652","4.60119"
"2119906652","2116401686","4.60119"
"2116401686","2173784202","0.142857"
"2173784202","2116401686","0.142857"
"2119906652","2173784202","0.142857"
"2173784202","2119906652","0.142857"
"1541096472","2038909631","0.25"
"2038909631","1541096472","0.25"
"1541096472","2087929003","0.25"
"2087929003","1541096472","0.25"
"1965152727","2038909631","8.25"
"2038909631","1965152727","8.25"
"1965152727","2087929003","0.25"
"2087929003","1965152727","0.25"
"2038909631","2087929003","0.25"
"2087929003","2038909631","0.25"
"2038909631","2173784202","0.25"
"2173784202","2038909631","0.25"
"2087929003","2173784202","0.25"
"2173784202","2087929003","0.25"
"1541096472","1977056469","1"
"1977056469","1541096472","1"
"1976087569","1977056469","4.125"
"1977056469","1976087569","4.125"
"1977056469","2053690843","2.66667"
"2053690843","1977056469","2.66667"
"1541096472","2089441955","0.666667"
"2089441955","1541096472","0.666667"
"1972606328","1977056469","0.833333"
"1977056469","1972606328","0.833333"
"1972606328","2089441955","0.533333"
"2089441955","1972606328","0.533333"
"1977056469","2089441955","0.458333"
"2089441955","1977056469","0.458333"
"1541096472","1975536719","1.83333"
"1975536719","1541096472","1.83333"
"1541096472","1589292604","0.833333"
"1589292604","1541096472","0.833333"
"1589292604","1972606328","0.5"
"1972606328","1589292604","0.5"
"1972606328","1975536719","2.83333"
"1975536719","1972606328","2.83333"
"1975536719","1976087569","1.66667"
"1976087569","1975536719","1.66667"
"1975536719","2053690843","2.66667"
"2053690843","1975536719","2.66667"
"1589292604","1975536719","0.333333"
"1975536719","1589292604","0.333333"
"1589292604","1977056469","2.16667"
"1977056469","1589292604","2.16667"
"1975536719","1977056469","0.333333"
"1977056469","1975536719","0.333333"
"1976087569","2089441955","2.15833"
"2089441955","1976087569","2.15833"
"2053690843","2089441955","1.7"
"2089441955","2053690843","1.7"
"1589292604","1976087569","2.58333"
"1976087569","1589292604","2.58333"
"1589292604","2053690843","0.333333"
"2053690843","1589292604","0.333333"
"1589292604","2108609560","0.75"
"2108609560","1589292604","0.75"
"1976087569","2108609560","12.375"
"2108609560","1976087569","12.375"
"1589292604","2009925651","0.25"
"2009925651","1589292604","0.25"
"1589292604","2015960154","0.25"
"2015960154","1589292604","0.25"
"1976087569","2009925651","0.25"
"2009925651","1976087569","0.25"
"1976087569","2015960154","2.58333"
"2015960154","1976087569","2.58333"
"2009925651","2015960154","0.25"
"2015960154","2009925651","0.25"
"2009925651","2108609560","0.25"
"2108609560","2009925651","0.25"
"2015960154","2108609560","1.75"
"2108609560","2015960154","1.75"
"1964883191","1976087569","1.125"
"1976087569","1964883191","1.125"
"1964883191","2053690843","2.83333"
"2053690843","1964883191","2.83333"
"1964883191","2120686223","1.45833"
"2120686223","1964883191","1.45833"
"1976087569","2120686223","1.45833"
"2120686223","1976087569","1.45833"
"2053690843","2120686223","0.833333"
"2120686223","2053690843","0.833333"
"1964883191","2153587307","4.95833"
"2153587307","1964883191","4.95833"
"1964883191","2009925651","2"
"2009925651","1964883191","2"
"1964883191","1965152727","0.333333"
"1965152727","1964883191","0.333333"
"1964883191","2056273727","0.333333"
"2056273727","1964883191","0.333333"
"1964883191","2144373617","1.33333"
"2144373617","1964883191","1.33333"
"1965152727","2056273727","1.33333"
"2056273727","1965152727","1.33333"
"1965152727","2144373617","0.333333"
"2144373617","1965152727","0.333333"
"2056273727","2144373617","0.333333"
"2144373617","2056273727","0.333333"
"1964883191","1984389080","0.166667"
"1984389080","1964883191","0.166667"
"1964883191","2089441955","0.291667"
"2089441955","1964883191","0.291667"
"1964883191","2108609560","0.625"
"2108609560","1964883191","0.625"
"1964883191","2125195041","0.166667"
"2125195041","1964883191","0.166667"
"1976087569","1984389080","0.166667"
"1984389080","1976087569","0.166667"
"1976087569","2125195041","0.5"
"2125195041","1976087569","0.5"
"1984389080","2053690843","0.166667"
"2053690843","1984389080","0.166667"
"1984389080","2089441955","0.166667"
"2089441955","1984389080","0.166667"
"1984389080","2108609560","0.166667"
"2108609560","1984389080","0.166667"
"1984389080","2125195041","0.166667"
"2125195041","1984389080","0.166667"
"2053690843","2108609560","5.16667"
"2108609560","2053690843","5.16667"
"2053690843","2125195041","0.166667"
"2125195041","2053690843","0.166667"
"2089441955","2108609560","0.625"
"2108609560","2089441955","0.625"
"2089441955","2125195041","0.166667"
"2125195041","2089441955","0.166667"
"2108609560","2125195041","2"
"2125195041","2108609560","2"
"2053690843","2153587307","17.5"
"2153587307","2053690843","17.5"
"2108609560","2153587307","5.125"
"2153587307","2108609560","5.125"
"1976087569","2153587307","2.79167"
"2153587307","1976087569","2.79167"
"1964883191","1977056469","0.125"
"1977056469","1964883191","0.125"
"1964883191","2116401686","2.125"
"2116401686","1964883191","2.125"
"1964883191","2119906652","0.125"
"2119906652","1964883191","0.125"
"1977056469","2108609560","2.29167"
"2108609560","1977056469","2.29167"
"1977056469","2116401686","0.125"
"2116401686","1977056469","0.125"
"1977056469","2119906652","0.125"
"2119906652","1977056469","0.125"
"1977056469","2120686223","0.125"
"2120686223","1977056469","0.125"
"1977056469","2153587307","0.791667"
"2153587307","1977056469","0.791667"
"2089441955","2116401686","0.991667"
"2116401686","2089441955","0.991667"
"2089441955","2119906652","0.125"
"2119906652","2089441955","0.125"
"2089441955","2120686223","0.125"
"2120686223","2089441955","0.125"
"2089441955","2153587307","1.125"
"2153587307","2089441955","1.125"
"2108609560","2116401686","1.95833"
"2116401686","2108609560","1.95833"
"2108609560","2119906652","0.125"
"2119906652","2108609560","0.125"
"2108609560","2120686223","0.125"
"2120686223","2108609560","0.125"
"2116401686","2120686223","0.125"
"2120686223","2116401686","0.125"
"2116401686","2153587307","3.79167"
"2153587307","2116401686","3.79167"
"2119906652","2120686223","0.125"
"2120686223","2119906652","0.125"
"2119906652","2153587307","4.125"
"2153587307","2119906652","4.125"
"2120686223","2153587307","1.625"
"2153587307","2120686223","1.625"
"1965152727","2089441955","0.2"
"2089441955","1965152727","0.2"
"1965152727","1975536719","1"
"1975536719","1965152727","1"
"1972606328","2038909631","0.5"
"2038909631","1972606328","0.5"
"1977056469","2038909631","0.5"
"2038909631","1977056469","0.5"
"1972606328","1973008108","0.5"
"1973008108","1972606328","0.5"
"1973008108","2173784202","0.5"
"2173784202","1973008108","0.5"
"1973008108","2153587307","15.3333"
"2153587307","1973008108","15.3333"
"1973008108","2053690843","7.33333"
"2053690843","1973008108","7.33333"
"1973008108","2116401686","7.83333"
"2116401686","1973008108","7.83333"
"1973008108","1976087569","1"
"1976087569","1973008108","1"
"1973008108","2144373617","0.666667"
"2144373617","1973008108","0.666667"
"1976087569","2144373617","11.5"
"2144373617","1976087569","11.5"
"2116401686","2144373617","1.5"
"2144373617","2116401686","1.5"
"1973008108","2119906652","3"
"2119906652","1973008108","3"
"1973008108","2106823347","0.333333"
"2106823347","1973008108","0.333333"
"2053690843","2106823347","1.33333"
"2106823347","2053690843","1.33333"
"2106823347","2116401686","0.333333"
"2116401686","2106823347","0.333333"
"1973008108","1984389080","1.33333"
"1984389080","1973008108","1.33333"
"1973008108","2108609560","0.5"
"2108609560","1973008108","0.5"
"1973008108","2056273727","0.666667"
"2056273727","1973008108","0.666667"
"1984389080","2056273727","0.333333"
"2056273727","1984389080","0.333333"
"1984389080","2153587307","0.333333"
"2153587307","1984389080","0.333333"
"2056273727","2153587307","0.666667"
"2153587307","2056273727","0.666667"
"1976087569","2056273727","1.66667"
"2056273727","1976087569","1.66667"
"2056273727","2116401686","1.33333"
"2116401686","2056273727","1.33333"
"1975536719","2173784202","1.33333"
"2173784202","1975536719","1.33333"
"1975536719","2108609560","2"
"2108609560","1975536719","2"
"2053690843","2144373617","7"
"2144373617","2053690843","7"
"1976087569","2072414864","1"
"2072414864","1976087569","1"
"1977056469","2072414864","10"
"2072414864","1977056469","10"
"2108609560","2144373617","2.83333"
"2144373617","2108609560","2.83333"
"2015960154","2053690843","2.33333"
"2053690843","2015960154","2.33333"
"2015960154","2089441955","0.333333"
"2089441955","2015960154","0.333333"
"2056273727","2108609560","0.666667"
"2108609560","2056273727","0.666667"
"2056273727","2125195041","0.333333"
"2125195041","2056273727","0.333333"
"1977056469","2173784202","0.333333"
"2173784202","1977056469","0.333333"
"2108609560","2173784202","1.33333"
"2173784202","2108609560","1.33333"
"2144373617","2153587307","1.5"
"2153587307","2144373617","1.5"
"1984389080","2015960154","1"
"2015960154","1984389080","1"
"1984389080","2009925651","0.333333"
"2009925651","1984389080","0.333333"
"1984389080","2116401686","0.333333"
"2116401686","1984389080","0.333333"
"1984389080","2119906652","0.333333"
"2119906652","1984389080","0.333333"
"2009925651","2116401686","0.333333"
"2116401686","2009925651","0.333333"
"2009925651","2119906652","1.33333"
"2119906652","2009925651","1.33333"
"2009925651","2144373617","1"
"2144373617","2009925651","1"
"2009925651","2053690843","1"
"2053690843","2009925651","1"
"2015960154","2125195041","0.5"
"2125195041","2015960154","0.5"
"2015960154","2153587307","1"
"2153587307","2015960154","1"
"2038909631","2116401686","1"
"2116401686","2038909631","1"
"2038909631","2153587307","1"
"2153587307","2038909631","1"
"2038909631","2053690843","1"
"2053690843","2038909631","1"
"2045745306","2053690843","1"
"2053690843","2045745306","1"
"2053690843","2056273727","0.333333"
"2056273727","2053690843","0.333333"
"2089441955","2106823347","0.333333"
"2106823347","2089441955","0.333333"
"2106823347","2108609560","0.333333"
"2108609560","2106823347","0.333333"
"2106823347","2153587307","1.33333"
"2153587307","2106823347","1.33333"
"2119906652","2148869521","1"
"2148869521","2119906652","1"
"2120316500","2120760020","17"
"2120760020","2120316500","17"
"2120686223","2144373617","1"
"2144373617","2120686223","1"
"2148869521","2153587307","1"
"2153587307","2148869521","1"
