"1515240150","1934101344","3.36194"
"1934101344","1515240150","3.36194"
"1515240150","1936819017","6.22917"
"1936819017","1515240150","6.22917"
"1515240150","1955828807","5.70777"
"1955828807","1515240150","5.70777"
"1934101344","1936819017","22.2992"
"1936819017","1934101344","22.2992"
"1934101344","1955828807","31.6429"
"1955828807","1934101344","31.6429"
"1936819017","1955828807","101.277"
"1955828807","1936819017","101.277"
"1515240150","2273947916","1.14286"
"2273947916","1515240150","1.14286"
"1515240150","1932146904","0.73158"
"1932146904","1515240150","0.73158"
"1515240150","1947481746","2.09751"
"1947481746","1515240150","2.09751"
"1515240150","2127810192","1.36561"
"2127810192","1515240150","1.36561"
"1515240150","248601294","0.392157"
"248601294","1515240150","0.392157"
"1932146904","1936819017","15.6673"
"1936819017","1932146904","15.6673"
"1932146904","1947481746","2.89275"
"1947481746","1932146904","2.89275"
"1932146904","1955828807","36.0086"
"1955828807","1932146904","36.0086"
"1932146904","2127810192","0.966407"
"2127810192","1932146904","0.966407"
"1932146904","248601294","1.80882"
"248601294","1932146904","1.80882"
"1936819017","1947481746","24.4327"
"1947481746","1936819017","24.4327"
"1936819017","2127810192","8.57123"
"2127810192","1936819017","8.57123"
"1936819017","248601294","4.82063"
"248601294","1936819017","4.82063"
"1947481746","1955828807","76.9273"
"1955828807","1947481746","76.9273"
"1947481746","2127810192","4.24583"
"2127810192","1947481746","4.24583"
"1947481746","248601294","1.93501"
"248601294","1947481746","1.93501"
"1955828807","2127810192","16.5228"
"2127810192","1955828807","16.5228"
"1955828807","248601294","3.62946"
"248601294","1955828807","3.62946"
"2127810192","248601294","0.987302"
"248601294","2127810192","0.987302"
"1515240150","1900465333","0.898247"
"1900465333","1515240150","0.898247"
"1515240150","2095712569","1.8411"
"2095712569","1515240150","1.8411"
"1900465333","2095712569","2.64825"
"2095712569","1900465333","2.64825"
"1934101344","1947481746","5.36597"
"1947481746","1934101344","5.36597"
"1515240150","1952669966","0.278604"
"1952669966","1515240150","0.278604"
"1934101344","1952669966","18.9611"
"1952669966","1934101344","18.9611"
"1934101344","2095712569","17.85"
"2095712569","1934101344","17.85"
"1934101344","2127810192","0.767399"
"2127810192","1934101344","0.767399"
"1934101344","2273947916","0.547619"
"2273947916","1934101344","0.547619"
"1947481746","1952669966","6.19454"
"1952669966","1947481746","6.19454"
"1947481746","2095712569","3.00347"
"2095712569","1947481746","3.00347"
"1947481746","2273947916","4.78571"
"2273947916","1947481746","4.78571"
"1952669966","1955828807","31.7492"
"1955828807","1952669966","31.7492"
"1952669966","2095712569","19.35"
"2095712569","1952669966","19.35"
"1952669966","2127810192","2.10232"
"2127810192","1952669966","2.10232"
"1952669966","2273947916","4.89683"
"2273947916","1952669966","4.89683"
"1955828807","2095712569","62.6471"
"2095712569","1955828807","62.6471"
"1955828807","2273947916","11.119"
"2273947916","1955828807","11.119"
"2095712569","2127810192","1.85371"
"2127810192","2095712569","1.85371"
"2095712569","2273947916","5.21429"
"2273947916","2095712569","5.21429"
"2127810192","2273947916","1.54762"
"2273947916","2127810192","1.54762"
"1515240150","2105606901","0.398247"
"2105606901","1515240150","0.398247"
"1515240150","2143690672","0.398247"
"2143690672","1515240150","0.398247"
"1900465333","1932146904","1.09825"
"1932146904","1900465333","1.09825"
"1900465333","1955828807","15.3189"
"1955828807","1900465333","15.3189"
"1900465333","2105606901","0.598247"
"2105606901","1900465333","0.598247"
"1900465333","2143690672","3.39825"
"2143690672","1900465333","3.39825"
"1932146904","2105606901","0.891897"
"2105606901","1932146904","0.891897"
"1932146904","2143690672","0.73158"
"2143690672","1932146904","0.73158"
"1955828807","2105606901","3.93475"
"2105606901","1955828807","3.93475"
"1955828807","2143690672","2.22325"
"2143690672","1955828807","2.22325"
"2105606901","2143690672","1.39825"
"2143690672","2105606901","1.39825"
"1515240150","1617624482","0.121324"
"1617624482","1515240150","0.121324"
"1515240150","1817183286","0.0588235"
"1817183286","1515240150","0.0588235"
"1515240150","1848098826","0.121324"
"1848098826","1515240150","0.121324"
"1515240150","1943791664","0.198247"
"1943791664","1515240150","0.198247"
"1515240150","2096427982","0.198247"
"2096427982","1515240150","0.198247"
"1515240150","2131977678","0.0588235"
"2131977678","1515240150","0.0588235"
"1515240150","2305794999","0.198247"
"2305794999","1515240150","0.198247"
"1617624482","1817183286","0.42549"
"1817183286","1617624482","0.42549"
"1617624482","1848098826","9.45466"
"1848098826","1617624482","9.45466"
"1617624482","1900465333","2.28799"
"1900465333","1617624482","2.28799"
"1617624482","1932146904","1.53799"
"1932146904","1617624482","1.53799"
"1617624482","1934101344","0.0588235"
"1934101344","1617624482","0.0588235"
"1617624482","1943791664","1.12132"
"1943791664","1617624482","1.12132"
"1617624482","1947481746","1.18085"
"1947481746","1617624482","1.18085"
"1617624482","1952669966","0.0588235"
"1952669966","1617624482","0.0588235"
"1617624482","1955828807","5.13085"
"1955828807","1617624482","5.13085"
"1617624482","2095712569","0.514181"
"2095712569","1617624482","0.514181"
"1617624482","2096427982","19.8713"
"2096427982","1617624482","19.8713"
"1617624482","2105606901","0.821324"
"2105606901","1617624482","0.821324"
"1617624482","2131977678","0.258824"
"2131977678","1617624482","0.258824"
"1617624482","2143690672","0.28799"
"2143690672","1617624482","0.28799"
"1617624482","2305794999","0.321324"
"2305794999","1617624482","0.321324"
"1617624482","248601294","10.4755"
"248601294","1617624482","10.4755"
"1817183286","1848098826","0.0588235"
"1848098826","1817183286","0.0588235"
"1817183286","1900465333","0.535014"
"1900465333","1817183286","0.535014"
"1817183286","1932146904","0.796919"
"1932146904","1817183286","0.796919"
"1817183286","1934101344","0.273109"
"1934101344","1817183286","0.273109"
"1817183286","1943791664","2.80168"
"1943791664","1817183286","2.80168"
"1817183286","1947481746","5.11239"
"1947481746","1817183286","5.11239"
"1817183286","1952669966","1.30168"
"1952669966","1817183286","1.30168"
"1817183286","1955828807","9.97906"
"1955828807","1817183286","9.97906"
"1817183286","2095712569","0.655252"
"2095712569","1817183286","0.655252"
"1817183286","2096427982","0.392157"
"2096427982","1817183286","0.392157"
"1817183286","2105606901","1.47311"
"2105606901","1817183286","1.47311"
"1817183286","2131977678","0.592157"
"2131977678","1817183286","0.592157"
"1817183286","2143690672","0.35049"
"2143690672","1817183286","0.35049"
"1817183286","2305794999","0.258824"
"2305794999","1817183286","0.258824"
"1817183286","248601294","0.201681"
"248601294","1817183286","0.201681"
"1848098826","1900465333","0.121324"
"1900465333","1848098826","0.121324"
"1848098826","1932146904","0.121324"
"1932146904","1848098826","0.121324"
"1848098826","1934101344","0.0588235"
"1934101344","1848098826","0.0588235"
"1848098826","1943791664","0.121324"
"1943791664","1848098826","0.121324"
"1848098826","1947481746","0.121324"
"1947481746","1848098826","0.121324"
"1848098826","1952669966","0.0588235"
"1952669966","1848098826","0.0588235"
"1848098826","1955828807","0.121324"
"1955828807","1848098826","0.121324"
"1848098826","2095712569","0.121324"
"2095712569","1848098826","0.121324"
"1848098826","2096427982","8.12132"
"2096427982","1848098826","8.12132"
"1848098826","2105606901","0.121324"
"2105606901","1848098826","0.121324"
"1848098826","2131977678","0.0588235"
"2131977678","1848098826","0.0588235"
"1848098826","2143690672","0.121324"
"2143690672","1848098826","0.121324"
"1848098826","2305794999","0.121324"
"2305794999","1848098826","0.121324"
"1848098826","248601294","5.72549"
"248601294","1848098826","5.72549"
"1900465333","1934101344","0.446858"
"1934101344","1900465333","0.446858"
"1900465333","1943791664","1.39825"
"1943791664","1900465333","1.39825"
"1900465333","1947481746","2.58085"
"1947481746","1900465333","2.58085"
"1900465333","1952669966","1.11352"
"1952669966","1900465333","1.11352"
"1900465333","2096427982","2.64825"
"2096427982","1900465333","2.64825"
"1900465333","2131977678","1.59216"
"2131977678","1900465333","1.59216"
"1900465333","2305794999","0.448247"
"2305794999","1900465333","0.448247"
"1900465333","248601294","3.79613"
"248601294","1900465333","3.79613"
"1932146904","1934101344","18.4627"
"1934101344","1932146904","18.4627"
"1932146904","1943791664","4.4919"
"1943791664","1932146904","4.4919"
"1932146904","1952669966","16.4072"
"1952669966","1932146904","16.4072"
"1932146904","2095712569","19.603"
"2095712569","1932146904","19.603"
"1932146904","2096427982","1.61491"
"2096427982","1932146904","1.61491"
"1932146904","2131977678","0.281046"
"2131977678","1932146904","0.281046"
"1932146904","2305794999","0.198247"
"2305794999","1932146904","0.198247"
"1934101344","1943791664","4.6294"
"1943791664","1934101344","4.6294"
"1934101344","2096427982","0.135747"
"2096427982","1934101344","0.135747"
"1934101344","2105606901","0.972255"
"2105606901","1934101344","0.972255"
"1934101344","2131977678","0.281046"
"2131977678","1934101344","0.281046"
"1934101344","2143690672","0.135747"
"2143690672","1934101344","0.135747"
"1934101344","2305794999","0.135747"
"2305794999","1934101344","0.135747"
"1934101344","248601294","0.169935"
"248601294","1934101344","0.169935"
"1943791664","1947481746","10.2808"
"1947481746","1943791664","10.2808"
"1943791664","1952669966","5.6286"
"1952669966","1943791664","5.6286"
"1943791664","1955828807","24.8133"
"1955828807","1943791664","24.8133"
"1943791664","2095712569","5.30301"
"2095712569","1943791664","5.30301"
"1943791664","2096427982","0.78158"
"2096427982","1943791664","0.78158"
"1943791664","2105606901","6.1919"
"2105606901","1943791664","6.1919"
"1943791664","2131977678","2.69771"
"2131977678","1943791664","2.69771"
"1943791664","2143690672","0.198247"
"2143690672","1943791664","0.198247"
"1943791664","2305794999","0.53158"
"2305794999","1943791664","0.53158"
"1943791664","248601294","0.0588235"
"248601294","1943791664","0.0588235"
"1947481746","2096427982","0.454657"
"2096427982","1947481746","0.454657"
"1947481746","2105606901","4.53561"
"2105606901","1947481746","4.53561"
"1947481746","2131977678","1.72549"
"2131977678","1947481746","1.72549"
"1947481746","2143690672","0.61299"
"2143690672","1947481746","0.61299"
"1947481746","2305794999","0.871324"
"2305794999","1947481746","0.871324"
"1952669966","2096427982","0.135747"
"2096427982","1952669966","0.135747"
"1952669966","2105606901","0.207175"
"2105606901","1952669966","0.207175"
"1952669966","2131977678","0.0588235"
"2131977678","1952669966","0.0588235"
"1952669966","2143690672","0.135747"
"2143690672","1952669966","0.135747"
"1952669966","2305794999","0.135747"
"2305794999","1952669966","0.135747"
"1952669966","248601294","0.169935"
"248601294","1952669966","0.169935"
"1955828807","2096427982","10.6482"
"2096427982","1955828807","10.6482"
"1955828807","2131977678","4.68105"
"2131977678","1955828807","4.68105"
"1955828807","2305794999","6.81491"
"2305794999","1955828807","6.81491"
"2095712569","2096427982","8.56491"
"2096427982","2095712569","8.56491"
"2095712569","2105606901","1.26968"
"2105606901","2095712569","1.26968"
"2095712569","2131977678","0.42549"
"2131977678","2095712569","0.42549"
"2095712569","2143690672","1.32325"
"2143690672","2095712569","1.32325"
"2095712569","2305794999","0.864913"
"2305794999","2095712569","0.864913"
"2095712569","248601294","0.0588235"
"248601294","2095712569","0.0588235"
"2096427982","2105606901","1.69825"
"2105606901","2096427982","1.69825"
"2096427982","2131977678","0.508824"
"2131977678","2096427982","0.508824"
"2096427982","2143690672","0.198247"
"2143690672","2096427982","0.198247"
"2096427982","2305794999","0.53158"
"2305794999","2096427982","0.53158"
"2096427982","248601294","23.1422"
"248601294","2096427982","23.1422"
"2105606901","2131977678","0.481046"
"2131977678","2105606901","0.481046"
"2105606901","2305794999","0.398247"
"2305794999","2105606901","0.398247"
"2105606901","248601294","0.0588235"
"248601294","2105606901","0.0588235"
"2131977678","2143690672","0.0588235"
"2143690672","2131977678","0.0588235"
"2131977678","2305794999","0.258824"
"2305794999","2131977678","0.258824"
"2131977678","248601294","0.0588235"
"248601294","2131977678","0.0588235"
"2143690672","2305794999","0.198247"
"2305794999","2143690672","0.198247"
"2143690672","248601294","0.0588235"
"248601294","2143690672","0.0588235"
"2305794999","248601294","0.0588235"
"248601294","2305794999","0.0588235"
"1515240150","2109380953","0.139423"
"2109380953","1515240150","0.139423"
"1900465333","2109380953","0.417201"
"2109380953","1900465333","0.417201"
"1900465333","2127810192","2.66006"
"2127810192","1900465333","2.66006"
"1932146904","2109380953","0.139423"
"2109380953","1932146904","0.139423"
"1934101344","2109380953","0.188034"
"2109380953","1934101344","0.188034"
"1943791664","2109380953","1.13942"
"2109380953","1943791664","1.13942"
"1943791664","2127810192","5.68307"
"2127810192","1943791664","5.68307"
"1952669966","2109380953","0.188034"
"2109380953","1952669966","0.188034"
"1955828807","2109380953","4.41839"
"2109380953","1955828807","4.41839"
"2095712569","2109380953","1.30728"
"2109380953","2095712569","1.30728"
"2096427982","2109380953","0.139423"
"2109380953","2096427982","0.139423"
"2096427982","2127810192","1.22276"
"2127810192","2096427982","1.22276"
"2105606901","2109380953","0.139423"
"2109380953","2105606901","0.139423"
"2105606901","2127810192","1.07593"
"2127810192","2105606901","1.07593"
"2109380953","2127810192","0.250534"
"2127810192","2109380953","0.250534"
"2109380953","2143690672","0.93109"
"2143690672","2109380953","0.93109"
"2109380953","2305794999","0.639423"
"2305794999","2109380953","0.639423"
"2127810192","2143690672","0.339423"
"2143690672","2127810192","0.339423"
"2127810192","2305794999","0.139423"
"2305794999","2127810192","0.139423"
"1515240150","1875381156","0.0625"
"1875381156","1515240150","0.0625"
"1617624482","1875381156","0.0625"
"1875381156","1617624482","0.0625"
"1617624482","1936819017","0.455357"
"1936819017","1617624482","0.455357"
"1617624482","2109380953","0.372024"
"2109380953","1617624482","0.372024"
"1617624482","2127810192","0.0625"
"2127810192","1617624482","0.0625"
"1848098826","1875381156","0.0625"
"1875381156","1848098826","0.0625"
"1848098826","1936819017","0.0625"
"1936819017","1848098826","0.0625"
"1848098826","2109380953","0.0625"
"2109380953","1848098826","0.0625"
"1848098826","2127810192","0.0625"
"2127810192","1848098826","0.0625"
"1875381156","1900465333","0.8125"
"1900465333","1875381156","0.8125"
"1875381156","1932146904","0.133929"
"1932146904","1875381156","0.133929"
"1875381156","1936819017","14.372"
"1936819017","1875381156","14.372"
"1875381156","1943791664","5.20536"
"1943791664","1875381156","5.20536"
"1875381156","1947481746","5.53869"
"1947481746","1875381156","5.53869"
"1875381156","1955828807","13.7887"
"1955828807","1875381156","13.7887"
"1875381156","2095712569","5.38393"
"2095712569","1875381156","5.38393"
"1875381156","2096427982","5.3125"
"2096427982","1875381156","5.3125"
"1875381156","2105606901","3.13393"
"2105606901","1875381156","3.13393"
"1875381156","2109380953","0.0625"
"2109380953","1875381156","0.0625"
"1875381156","2127810192","0.133929"
"2127810192","1875381156","0.133929"
"1875381156","2143690672","0.0625"
"2143690672","1875381156","0.0625"
"1875381156","2305794999","0.0625"
"2305794999","1875381156","0.0625"
"1900465333","1936819017","4.91647"
"1936819017","1900465333","4.91647"
"1936819017","1943791664","7.92202"
"1943791664","1936819017","7.92202"
"1936819017","2095712569","23.6351"
"2095712569","1936819017","23.6351"
"1936819017","2096427982","8.92917"
"2096427982","1936819017","8.92917"
"1936819017","2105606901","1.33393"
"2105606901","1936819017","1.33393"
"1936819017","2109380953","0.441468"
"2109380953","1936819017","0.441468"
"1936819017","2143690672","0.3875"
"2143690672","1936819017","0.3875"
"1936819017","2305794999","0.3125"
"2305794999","1936819017","0.3125"
"1947481746","2109380953","2.73036"
"2109380953","1947481746","2.73036"
"1546464291","1892580702","0.666667"
"1892580702","1546464291","0.666667"
"1546464291","1952669966","9.27778"
"1952669966","1546464291","9.27778"
"1546464291","2095712569","13.4679"
"2095712569","1546464291","13.4679"
"1892580702","1952669966","1.66667"
"1952669966","1892580702","1.66667"
"1892580702","2095712569","1.91667"
"2095712569","1892580702","1.91667"
"1546464291","1955828807","12.079"
"1955828807","1546464291","12.079"
"1546464291","2305794999","9.5"
"2305794999","1546464291","9.5"
"1546464291","1932146904","10.8333"
"1932146904","1546464291","10.8333"
"1546464291","1934101344","8.61111"
"1934101344","1546464291","8.61111"
"1546464291","1936819017","7.07897"
"1936819017","1546464291","7.07897"
"1936819017","1952669966","23.104"
"1952669966","1936819017","23.104"
"1546464291","1617624482","0.142857"
"1617624482","1546464291","0.142857"
"1546464291","1947481746","0.267857"
"1947481746","1546464291","0.267857"
"1546464291","2107373214","0.267857"
"2107373214","1546464291","0.267857"
"1546464291","2109380953","0.378968"
"2109380953","1546464291","0.378968"
"1617624482","2107373214","1.64286"
"2107373214","1617624482","1.64286"
"1936819017","2107373214","0.467857"
"2107373214","1936819017","0.467857"
"1947481746","2107373214","0.467857"
"2107373214","1947481746","0.467857"
"1955828807","2107373214","0.967857"
"2107373214","1955828807","0.967857"
"2095712569","2107373214","0.267857"
"2107373214","2095712569","0.267857"
"2107373214","2109380953","30.2679"
"2109380953","2107373214","30.2679"
"1546464291","1943791664","2.53333"
"1943791664","1546464291","2.53333"
"1546464291","1817183286","0.125"
"1817183286","1546464291","0.125"
"1546464291","2143690672","0.125"
"2143690672","1546464291","0.125"
"1817183286","1936819017","2.51071"
"1936819017","1817183286","2.51071"
"1817183286","2107373214","0.125"
"2107373214","1817183286","0.125"
"1817183286","2109380953","1.69167"
"2109380953","1817183286","1.69167"
"2107373214","2143690672","0.325"
"2143690672","2107373214","0.325"
"1546464291","1900465333","0.111111"
"1900465333","1546464291","0.111111"
"1546464291","2127810192","0.111111"
"2127810192","1546464291","0.111111"
"1546464291","2273947916","0.111111"
"2273947916","1546464291","0.111111"
"1546464291","248601294","0.111111"
"248601294","1546464291","0.111111"
"1900465333","2273947916","0.361111"
"2273947916","1900465333","0.361111"
"1936819017","2273947916","13.1706"
"2273947916","1936819017","13.1706"
"2109380953","2273947916","0.111111"
"2273947916","2109380953","0.111111"
"2109380953","248601294","0.111111"
"248601294","2109380953","0.111111"
"2273947916","248601294","0.361111"
"248601294","2273947916","0.361111"
"1546464291","1776570433","0.2"
"1776570433","1546464291","0.2"
"1776570433","1936819017","0.866667"
"1936819017","1776570433","0.866667"
"1776570433","1943791664","0.866667"
"1943791664","1776570433","0.866667"
"1776570433","1955828807","4.36667"
"1955828807","1776570433","4.36667"
"1776570433","2095712569","4.36667"
"2095712569","1776570433","4.36667"
"1557842486","1943791664","0.25"
"1943791664","1557842486","0.25"
"1557842486","2096427982","0.25"
"2096427982","1557842486","0.25"
"1557842486","2127810192","0.25"
"2127810192","1557842486","0.25"
"1557842486","2131977678","0.25"
"2131977678","1557842486","0.25"
"2127810192","2131977678","0.638889"
"2131977678","2127810192","0.638889"
"1617624482","1776570433","15.3333"
"1776570433","1617624482","15.3333"
"1776570433","1848098826","7"
"1848098826","1776570433","7"
"1776570433","2096427982","9.5"
"2096427982","1776570433","9.5"
"1776570433","248601294","3.16667"
"248601294","1776570433","3.16667"
"1617624482","2406963241","1"
"2406963241","1617624482","1"
"1617624482","2273947916","1"
"2273947916","1617624482","1"
"1776570433","1875381156","0.666667"
"1875381156","1776570433","0.666667"
"1776570433","2273947916","0.666667"
"2273947916","1776570433","0.666667"
"1875381156","2273947916","13.0595"
"2273947916","1875381156","13.0595"
"1817183286","1916213872","2.11429"
"1916213872","1817183286","2.11429"
"1916213872","1947481746","3.94762"
"1947481746","1916213872","3.94762"
"1916213872","1955828807","22.8698"
"1955828807","1916213872","22.8698"
"1916213872","2109380953","1.73333"
"2109380953","1916213872","1.73333"
"1817183286","2127810192","1.52381"
"2127810192","1817183286","1.52381"
"1817183286","2272319506","0.214286"
"2272319506","1817183286","0.214286"
"1916213872","1934101344","1.43651"
"1934101344","1916213872","1.43651"
"1916213872","2105606901","1.93651"
"2105606901","1916213872","1.93651"
"1916213872","2127810192","0.969841"
"2127810192","1916213872","0.969841"
"1916213872","2272319506","0.436508"
"2272319506","1916213872","0.436508"
"1934101344","2272319506","0.436508"
"2272319506","1934101344","0.436508"
"1947481746","2272319506","2.21429"
"2272319506","1947481746","2.21429"
"1955828807","2272319506","3.43651"
"2272319506","1955828807","3.43651"
"2105606901","2272319506","0.436508"
"2272319506","2105606901","0.436508"
"2127810192","2272319506","0.436508"
"2272319506","2127810192","0.436508"
"1817183286","1875381156","0.642857"
"1875381156","1817183286","0.642857"
"1817183286","2273947916","0.642857"
"2273947916","1817183286","0.642857"
"1875381156","1952669966","4.64286"
"1952669966","1875381156","4.64286"
"1943791664","2273947916","4.86508"
"2273947916","1943791664","4.86508"
"1916213872","2095712569","10.3048"
"2095712569","1916213872","10.3048"
"1817183286","1892580702","0.142857"
"1892580702","1817183286","0.142857"
"1892580702","1900465333","0.392857"
"1900465333","1892580702","0.392857"
"1892580702","1936819017","2.05952"
"1936819017","1892580702","2.05952"
"1892580702","1947481746","4.30952"
"1947481746","1892580702","4.30952"
"1892580702","1955828807","13.3095"
"1955828807","1892580702","13.3095"
"1892580702","2127810192","0.142857"
"2127810192","1892580702","0.142857"
"1892580702","248601294","0.392857"
"248601294","1892580702","0.392857"
"1875381156","1916213872","0.0714286"
"1916213872","1875381156","0.0714286"
"1875381156","1934101344","0.0714286"
"1934101344","1875381156","0.0714286"
"1875381156","2272319506","0.0714286"
"2272319506","1875381156","0.0714286"
"1916213872","1932146904","0.993651"
"1932146904","1916213872","0.993651"
"1916213872","1936819017","2.07143"
"1936819017","1916213872","2.07143"
"1916213872","1943791664","1.29365"
"1943791664","1916213872","1.29365"
"1916213872","1952669966","1.10476"
"1952669966","1916213872","1.10476"
"1916213872","2273947916","7.29365"
"2273947916","1916213872","7.29365"
"1932146904","2272319506","0.293651"
"2272319506","1932146904","0.293651"
"1932146904","2273947916","0.293651"
"2273947916","1932146904","0.293651"
"1936819017","2272319506","1.07143"
"2272319506","1936819017","1.07143"
"1943791664","2272319506","0.293651"
"2272319506","1943791664","0.293651"
"1952669966","2272319506","0.0714286"
"2272319506","1952669966","0.0714286"
"2095712569","2272319506","0.0714286"
"2272319506","2095712569","0.0714286"
"2105606901","2273947916","0.293651"
"2273947916","2105606901","0.293651"
"2272319506","2273947916","1.29365"
"2273947916","2272319506","1.29365"
"1848098826","1892580702","1"
"1892580702","1848098826","1"
"1848098826","2273947916","1"
"2273947916","1848098826","1"
"2096427982","2273947916","5"
"2273947916","2096427982","5"
"1875381156","2131977678","4.83333"
"2131977678","1875381156","4.83333"
"1875381156","1877154000","0.5"
"1877154000","1875381156","0.5"
"1877154000","1955828807","1.66667"
"1955828807","1877154000","1.66667"
"1875381156","248601294","0.25"
"248601294","1875381156","0.25"
"1877154000","1910251784","14.5"
"1910251784","1877154000","14.5"
"1877154000","2140826043","13.5"
"2140826043","1877154000","13.5"
"1910251784","2140826043","18.5"
"2140826043","1910251784","18.5"
"1877154000","1936819017","0.166667"
"1936819017","1877154000","0.166667"
"1877154000","1947481746","0.166667"
"1947481746","1877154000","0.166667"
"1877154000","2095712569","0.166667"
"2095712569","1877154000","0.166667"
"1877154000","2127810192","0.166667"
"2127810192","1877154000","0.166667"
"1877154000","2131977678","0.166667"
"2131977678","1877154000","0.166667"
"1936819017","2131977678","0.366667"
"2131977678","1936819017","0.366667"
"1877154000","1943791664","1"
"1943791664","1877154000","1"
"1892580702","2109380953","1"
"2109380953","1892580702","1"
"1900465333","1916213872","0.2"
"1916213872","1900465333","0.2"
"1900465333","2406963241","1"
"2406963241","1900465333","1"
"1900465333","2476118814","1.2"
"2476118814","1900465333","1.2"
"1934101344","2476118814","0.2"
"2476118814","1934101344","0.2"
"1943791664","2476118814","0.2"
"2476118814","1943791664","0.2"
"1955828807","2476118814","0.2"
"2476118814","1955828807","0.2"
"2105606901","2476118814","0.2"
"2476118814","2105606901","0.2"
"1916213872","2131977678","0.222222"
"2131977678","1916213872","0.222222"
"2131977678","2272319506","0.222222"
"2272319506","2131977678","0.222222"
"2131977678","2273947916","0.222222"
"2273947916","2131977678","0.222222"
"1934101344","2406963241","7.5"
"2406963241","1934101344","7.5"
"1943791664","2406963241","0.5"
"2406963241","1943791664","0.5"
"2107373214","2127810192","0.2"
"2127810192","2107373214","0.2"
"1955828807","2208788091","1"
"2208788091","1955828807","1"
"1955828807","2275199113","3"
"2275199113","1955828807","3"
"2096427982","2107373214","1"
"2107373214","2096427982","1"
"2272319506","248601294","1"
"248601294","2272319506","1"
