"11144793","1964053818","1"
"1964053818","11144793","1"
"1562491171","2016110579","1.5"
"2016110579","1562491171","1.5"
"1562491171","2033026902","0.5"
"2033026902","1562491171","0.5"
"2016110579","2033026902","0.5"
"2033026902","2016110579","0.5"
"1562491171","1964053818","0.333333"
"1964053818","1562491171","0.333333"
"1562491171","1984249915","0.333333"
"1984249915","1562491171","0.333333"
"1562491171","2113843210","0.333333"
"2113843210","1562491171","0.333333"
"1964053818","1984249915","1.2381"
"1984249915","1964053818","1.2381"
"1964053818","2113843210","3.68333"
"2113843210","1964053818","3.68333"
"1984249915","2113843210","1.83333"
"2113843210","1984249915","1.83333"
"1562491171","1965447681","1"
"1965447681","1562491171","1"
"1562491171","2106351401","0.333333"
"2106351401","1562491171","0.333333"
"1562491171","2145373803","1.33333"
"2145373803","1562491171","1.33333"
"1562491171","2161401111","0.333333"
"2161401111","1562491171","0.333333"
"2106351401","2145373803","2.2381"
"2145373803","2106351401","2.2381"
"2106351401","2161401111","4.16667"
"2161401111","2106351401","4.16667"
"2145373803","2161401111","0.333333"
"2161401111","2145373803","0.333333"
"15976199","2016110579","0.5"
"2016110579","15976199","0.5"
"15976199","2021486453","0.5"
"2021486453","15976199","0.5"
"2016110579","2021486453","0.5"
"2021486453","2016110579","0.5"
"1644694178","2294226227","3"
"2294226227","1644694178","3"
"1644694178","2007321502","0.333333"
"2007321502","1644694178","0.333333"
"1644694178","2162456078","0.333333"
"2162456078","1644694178","0.333333"
"1644694178","2295393607","0.333333"
"2295393607","1644694178","0.333333"
"2007321502","2162456078","0.424242"
"2162456078","2007321502","0.424242"
"2007321502","2295393607","0.674242"
"2295393607","2007321502","0.674242"
"2162456078","2295393607","0.751166"
"2295393607","2162456078","0.751166"
"1792293334","2166540415","1"
"2166540415","1792293334","1"
"1792293334","2150792958","1.5"
"2150792958","1792293334","1.5"
"1792293334","1965447681","0.5"
"1965447681","1792293334","0.5"
"1965447681","2150792958","37.1"
"2150792958","1965447681","37.1"
"1792293334","2009840077","0.333333"
"2009840077","1792293334","0.333333"
"1792293334","2111175667","0.333333"
"2111175667","1792293334","0.333333"
"1792293334","2294226227","0.333333"
"2294226227","1792293334","0.333333"
"2009840077","2111175667","3.08333"
"2111175667","2009840077","3.08333"
"2009840077","2294226227","0.333333"
"2294226227","2009840077","0.333333"
"2111175667","2294226227","12.4167"
"2294226227","2111175667","12.4167"
"1892821285","2150792958","1.95"
"2150792958","1892821285","1.95"
"1892821285","1965447681","3.87424"
"1965447681","1892821285","3.87424"
"1892821285","2096147482","0.540909"
"2096147482","1892821285","0.540909"
"1892821285","2162456078","15.1742"
"2162456078","1892821285","15.1742"
"1965447681","2096147482","15.3623"
"2096147482","1965447681","15.3623"
"1965447681","2162456078","21.6059"
"2162456078","1965447681","21.6059"
"2096147482","2150792958","5.05"
"2150792958","2096147482","5.05"
"2096147482","2162456078","1.49567"
"2162456078","2096147482","1.49567"
"2150792958","2162456078","4.97778"
"2162456078","2150792958","4.97778"
"1892821285","2149962092","0.7"
"2149962092","1892821285","0.7"
"1892821285","2163125245","0.290909"
"2163125245","1892821285","0.290909"
"1965447681","2149962092","5.31026"
"2149962092","1965447681","5.31026"
"1965447681","2163125245","4.37424"
"2163125245","1965447681","4.37424"
"2096147482","2149962092","0.6"
"2149962092","2096147482","0.6"
"2096147482","2163125245","0.957576"
"2163125245","2096147482","0.957576"
"2149962092","2150792958","4.06667"
"2150792958","2149962092","4.06667"
"2149962092","2163125245","1.5125"
"2163125245","2149962092","1.5125"
"2150792958","2163125245","1.97778"
"2163125245","2150792958","1.97778"
"1892821285","2155107494","6"
"2155107494","1892821285","6"
"1892821285","2294226227","0.5"
"2294226227","1892821285","0.5"
"2162456078","2294226227","6.16783"
"2294226227","2162456078","6.16783"
"1892821285","2033026902","0.0909091"
"2033026902","1892821285","0.0909091"
"1892821285","2083344757","0.0909091"
"2083344757","1892821285","0.0909091"
"1892821285","2102773632","0.0909091"
"2102773632","1892821285","0.0909091"
"1892821285","2139510634","0.0909091"
"2139510634","1892821285","0.0909091"
"1892821285","2148884993","0.0909091"
"2148884993","1892821285","0.0909091"
"1892821285","2156665908","0.0909091"
"2156665908","1892821285","0.0909091"
"1892821285","2169551463","0.0909091"
"2169551463","1892821285","0.0909091"
"1965447681","2033026902","0.340909"
"2033026902","1965447681","0.340909"
"1965447681","2083344757","2.529"
"2083344757","1965447681","2.529"
"1965447681","2102773632","5.12424"
"2102773632","1965447681","5.12424"
"1965447681","2139510634","0.840909"
"2139510634","1965447681","0.840909"
"1965447681","2148884993","2.73926"
"2148884993","1965447681","2.73926"
"1965447681","2156665908","0.957576"
"2156665908","1965447681","0.957576"
"1965447681","2169551463","1.54091"
"2169551463","1965447681","1.54091"
"2033026902","2083344757","0.0909091"
"2083344757","2033026902","0.0909091"
"2033026902","2096147482","0.0909091"
"2096147482","2033026902","0.0909091"
"2033026902","2102773632","2.04091"
"2102773632","2033026902","2.04091"
"2033026902","2139510634","1.42424"
"2139510634","2033026902","1.42424"
"2033026902","2148884993","0.790909"
"2148884993","2033026902","0.790909"
"2033026902","2156665908","0.0909091"
"2156665908","2033026902","0.0909091"
"2033026902","2162456078","0.0909091"
"2162456078","2033026902","0.0909091"
"2033026902","2163125245","0.215909"
"2163125245","2033026902","0.215909"
"2033026902","2169551463","1.29091"
"2169551463","2033026902","1.29091"
"2083344757","2096147482","0.362338"
"2096147482","2083344757","0.362338"
"2083344757","2102773632","0.0909091"
"2102773632","2083344757","0.0909091"
"2083344757","2139510634","0.0909091"
"2139510634","2083344757","0.0909091"
"2083344757","2148884993","0.162338"
"2148884993","2083344757","0.162338"
"2083344757","2156665908","0.0909091"
"2156665908","2083344757","0.0909091"
"2083344757","2162456078","2.49567"
"2162456078","2083344757","2.49567"
"2083344757","2163125245","0.924242"
"2163125245","2083344757","0.924242"
"2083344757","2169551463","0.0909091"
"2169551463","2083344757","0.0909091"
"2096147482","2102773632","0.290909"
"2102773632","2096147482","0.290909"
"2096147482","2139510634","1.09091"
"2139510634","2096147482","1.09091"
"2096147482","2148884993","4.62186"
"2148884993","2096147482","4.62186"
"2096147482","2156665908","1.42424"
"2156665908","2096147482","1.42424"
"2096147482","2169551463","0.340909"
"2169551463","2096147482","0.340909"
"2102773632","2139510634","0.590909"
"2139510634","2102773632","0.590909"
"2102773632","2148884993","0.790909"
"2148884993","2102773632","0.790909"
"2102773632","2156665908","0.0909091"
"2156665908","2102773632","0.0909091"
"2102773632","2162456078","0.340909"
"2162456078","2102773632","0.340909"
"2102773632","2163125245","0.715909"
"2163125245","2102773632","0.715909"
"2102773632","2169551463","3.79091"
"2169551463","2102773632","3.79091"
"2139510634","2148884993","0.590909"
"2148884993","2139510634","0.590909"
"2139510634","2156665908","2.42424"
"2156665908","2139510634","2.42424"
"2139510634","2162456078","0.340909"
"2162456078","2139510634","0.340909"
"2139510634","2163125245","0.0909091"
"2163125245","2139510634","0.0909091"
"2139510634","2169551463","3.59091"
"2169551463","2139510634","3.59091"
"2148884993","2156665908","0.827652"
"2156665908","2148884993","0.827652"
"2148884993","2162456078","1.08017"
"2162456078","2148884993","1.08017"
"2148884993","2163125245","2.23674"
"2163125245","2148884993","2.23674"
"2148884993","2169551463","0.740909"
"2169551463","2148884993","0.740909"
"2156665908","2162456078","0.292929"
"2162456078","2156665908","0.292929"
"2156665908","2163125245","1.93119"
"2163125245","2156665908","1.93119"
"2156665908","2169551463","0.0909091"
"2169551463","2156665908","0.0909091"
"2162456078","2163125245","0.70202"
"2163125245","2162456078","0.70202"
"2162456078","2169551463","0.0909091"
"2169551463","2162456078","0.0909091"
"2163125245","2169551463","0.0909091"
"2169551463","2163125245","0.0909091"
"1892821285","2118803988","1"
"2118803988","1892821285","1"
"1892821285","2171322730","0.333333"
"2171322730","1892821285","0.333333"
"1965447681","2171322730","5.61667"
"2171322730","1965447681","5.61667"
"2162456078","2171322730","4.69444"
"2171322730","2162456078","4.69444"
"1892821285","2106351401","1"
"2106351401","1892821285","1"
"2106351401","2162456078","1.73168"
"2162456078","2106351401","1.73168"
"1892821285","2113798154","2"
"2113798154","1892821285","2"
"1963545996","2145930572","24.7833"
"2145930572","1963545996","24.7833"
"1963545996","2131598794","1"
"2131598794","1963545996","1"
"1963545996","2101102204","5.33333"
"2101102204","1963545996","5.33333"
"1963545996","1965447681","0.2"
"1965447681","1963545996","0.2"
"1963545996","2050427684","0.2"
"2050427684","1963545996","0.2"
"1963545996","2096147482","0.2"
"2096147482","1963545996","0.2"
"1963545996","2102005779","0.2"
"2102005779","1963545996","0.2"
"1965447681","2050427684","5.84359"
"2050427684","1965447681","5.84359"
"1965447681","2102005779","22.1167"
"2102005779","1965447681","22.1167"
"1965447681","2145930572","0.95"
"2145930572","1965447681","0.95"
"2050427684","2096147482","0.45"
"2096147482","2050427684","0.45"
"2050427684","2102005779","6.9"
"2102005779","2050427684","6.9"
"2050427684","2145930572","0.2"
"2145930572","2050427684","0.2"
"2096147482","2102005779","5.35"
"2102005779","2096147482","5.35"
"2096147482","2145930572","0.2"
"2145930572","2096147482","0.2"
"2102005779","2145930572","0.45"
"2145930572","2102005779","0.45"
"1963545996","2165865052","2.25"
"2165865052","1963545996","2.25"
"1963545996","2007580360","0.5"
"2007580360","1963545996","0.5"
"2007580360","2145930572","0.833333"
"2145930572","2007580360","0.833333"
"2101102204","2145930572","17.5"
"2145930572","2101102204","17.5"
"1963545996","2534509533","0.5"
"2534509533","1963545996","0.5"
"2145930572","2534509533","1.83333"
"2534509533","2145930572","1.83333"
"1963545996","2007144424","0.25"
"2007144424","1963545996","0.25"
"1963545996","2145946022","0.25"
"2145946022","1963545996","0.25"
"2007144424","2145930572","0.25"
"2145930572","2007144424","0.25"
"2007144424","2145946022","1.25"
"2145946022","2007144424","1.25"
"2007144424","2165865052","0.25"
"2165865052","2007144424","0.25"
"2145930572","2145946022","0.25"
"2145946022","2145930572","0.25"
"2145930572","2165865052","3.91667"
"2165865052","2145930572","3.91667"
"2145946022","2165865052","0.25"
"2165865052","2145946022","0.25"
"1963545996","1986446161","0.333333"
"1986446161","1963545996","0.333333"
"1986446161","2101102204","4.33333"
"2101102204","1986446161","4.33333"
"1986446161","2145930572","2.33333"
"2145930572","1986446161","2.33333"
"1964053818","2118302132","1.33333"
"2118302132","1964053818","1.33333"
"1964053818","2141716420","2.08095"
"2141716420","1964053818","2.08095"
"2118302132","2141716420","1"
"2141716420","2118302132","1"
"1964053818","2169551463","2.2"
"2169551463","1964053818","2.2"
"1964053818","2025904186","4.30311"
"2025904186","1964053818","4.30311"
"1964053818","2112103637","9.91429"
"2112103637","1964053818","9.91429"
"2025904186","2112103637","43.9796"
"2112103637","2025904186","43.9796"
"1964053818","1965447681","9.84835"
"1965447681","1964053818","9.84835"
"1964053818","2009840077","3.36429"
"2009840077","1964053818","3.36429"
"2009840077","2113843210","1.86667"
"2113843210","2009840077","1.86667"
"1964053818","2111175667","1.58333"
"2111175667","1964053818","1.58333"
"1965447681","2111175667","0.7"
"2111175667","1965447681","0.7"
"1964053818","2165500877","12.531"
"2165500877","1964053818","12.531"
"1964053818","2055465369","1.16026"
"2055465369","1964053818","1.16026"
"1964053818","2294226227","1.57692"
"2294226227","1964053818","1.57692"
"2025904186","2055465369","1.24359"
"2055465369","2025904186","1.24359"
"2025904186","2294226227","1.74359"
"2294226227","2025904186","1.74359"
"2055465369","2112103637","2"
"2112103637","2055465369","2"
"2055465369","2294226227","11.3345"
"2294226227","2055465369","11.3345"
"2112103637","2294226227","3.33333"
"2294226227","2112103637","3.33333"
"1964053818","2096316847","3.50952"
"2096316847","1964053818","3.50952"
"1964053818","2295393607","0.660256"
"2295393607","1964053818","0.660256"
"2096316847","2112103637","26.7796"
"2112103637","2096316847","26.7796"
"2096316847","2295393607","0.583333"
"2295393607","2096316847","0.583333"
"2112103637","2295393607","0.583333"
"2295393607","2112103637","0.583333"
"1964053818","2122723787","0.25"
"2122723787","1964053818","0.25"
"2055465369","2111175667","2.25"
"2111175667","2055465369","2.25"
"2055465369","2122723787","0.25"
"2122723787","2055465369","0.25"
"2111175667","2112103637","4.08333"
"2112103637","2111175667","4.08333"
"2111175667","2122723787","4.5"
"2122723787","2111175667","4.5"
"2112103637","2122723787","1.45"
"2122723787","2112103637","1.45"
"1964053818","2096147482","2.19762"
"2096147482","1964053818","2.19762"
"2009840077","2096147482","4.73095"
"2096147482","2009840077","4.73095"
"2009840077","2096316847","0.2"
"2096316847","2009840077","0.2"
"2009840077","2112103637","1.27143"
"2112103637","2009840077","1.27143"
"2009840077","2165500877","7.64762"
"2165500877","2009840077","7.64762"
"2096147482","2096316847","0.2"
"2096316847","2096147482","0.2"
"2096147482","2112103637","2.77143"
"2112103637","2096147482","2.77143"
"2096147482","2165500877","18.0643"
"2165500877","2096147482","18.0643"
"2096316847","2165500877","2.95758"
"2165500877","2096316847","2.95758"
"2112103637","2165500877","18.7068"
"2165500877","2112103637","18.7068"
"1964053818","2027164646","1.41667"
"2027164646","1964053818","1.41667"
"1964053818","2149962092","2.99359"
"2149962092","1964053818","2.99359"
"1964053818","2162456078","2.23168"
"2162456078","1964053818","2.23168"
"2025904186","2027164646","4.85833"
"2027164646","2025904186","4.85833"
"2025904186","2149962092","0.972756"
"2149962092","2025904186","0.972756"
"2025904186","2162456078","2.57692"
"2162456078","2025904186","2.57692"
"2027164646","2112103637","9.06667"
"2112103637","2027164646","9.06667"
"2027164646","2149962092","2.16667"
"2149962092","2027164646","2.16667"
"2027164646","2162456078","1.16667"
"2162456078","2027164646","1.16667"
"2027164646","2294226227","0.166667"
"2294226227","2027164646","0.166667"
"2112103637","2149962092","2.0625"
"2149962092","2112103637","2.0625"
"2112103637","2162456078","2.09921"
"2162456078","2112103637","2.09921"
"2149962092","2162456078","3.7845"
"2162456078","2149962092","3.7845"
"2149962092","2294226227","14.2012"
"2294226227","2149962092","14.2012"
"2149962092","2165500877","2.61667"
"2165500877","2149962092","2.61667"
"1964053818","2148884993","5.44121"
"2148884993","1964053818","5.44121"
"1964053818","2122544819","2.90238"
"2122544819","1964053818","2.90238"
"1965447681","2113843210","0.7"
"2113843210","1965447681","0.7"
"1965447681","2122544819","1.45"
"2122544819","1965447681","1.45"
"2113843210","2122544819","0.2"
"2122544819","2113843210","0.2"
"2113843210","2148884993","0.733333"
"2148884993","2113843210","0.733333"
"2113843210","2169551463","1.7"
"2169551463","2113843210","1.7"
"2122544819","2148884993","1.23869"
"2148884993","2122544819","1.23869"
"2122544819","2169551463","0.45"
"2169551463","2122544819","0.45"
"1964053818","2102005779","2.91667"
"2102005779","1964053818","2.91667"
"1964053818","2106351401","0.565018"
"2106351401","1964053818","0.565018"
"1964053818","2144258930","0.780952"
"2144258930","1964053818","0.780952"
"2009840077","2106351401","1.2381"
"2106351401","2009840077","1.2381"
"2009840077","2144258930","2.49762"
"2144258930","2009840077","2.49762"
"2096147482","2106351401","7.35476"
"2106351401","2096147482","7.35476"
"2096147482","2113843210","0.95"
"2113843210","2096147482","0.95"
"2096147482","2144258930","1.49762"
"2144258930","2096147482","1.49762"
"2106351401","2113843210","2.16667"
"2113843210","2106351401","2.16667"
"2106351401","2144258930","2.07143"
"2144258930","2106351401","2.07143"
"2106351401","2165500877","27.6964"
"2165500877","2106351401","27.6964"
"2113843210","2144258930","0.566667"
"2144258930","2113843210","0.566667"
"2113843210","2165500877","1.28333"
"2165500877","2113843210","1.28333"
"2144258930","2165500877","1.49762"
"2165500877","2144258930","1.49762"
"1964053818","2101102258","0.666667"
"2101102258","1964053818","0.666667"
"2101102258","2141716420","0.666667"
"2141716420","2101102258","0.666667"
"2101102258","2162456078","2.91667"
"2162456078","2101102258","2.91667"
"2141716420","2162456078","0.738095"
"2162456078","2141716420","0.738095"
"1964053818","2007321502","0.75"
"2007321502","1964053818","0.75"
"1965447681","2007321502","0.5"
"2007321502","1965447681","0.5"
"2007321502","2096147482","1.5"
"2096147482","2007321502","1.5"
"2007321502","2148884993","2.25758"
"2148884993","2007321502","2.25758"
"1965447681","2025904186","2.20192"
"2025904186","1965447681","2.20192"
"1965447681","2112103637","5.32143"
"2112103637","1965447681","5.32143"
"2025904186","2122544819","15.2387"
"2122544819","2025904186","15.2387"
"2112103637","2122544819","23.3554"
"2122544819","2112103637","23.3554"
"1965447681","2165500877","9.01309"
"2165500877","1965447681","9.01309"
"1964053818","1986446161","0.271429"
"1986446161","1964053818","0.271429"
"1986446161","2113843210","0.2"
"2113843210","1986446161","0.2"
"1986446161","2141716420","0.271429"
"2141716420","1986446161","0.271429"
"1986446161","2144258930","4.10476"
"2144258930","1986446161","4.10476"
"1986446161","2148884993","0.271429"
"2148884993","1986446161","0.271429"
"2113843210","2141716420","0.2"
"2141716420","2113843210","0.2"
"2141716420","2144258930","0.271429"
"2144258930","2141716420","0.271429"
"2141716420","2148884993","0.438095"
"2148884993","2141716420","0.438095"
"2144258930","2148884993","2.06012"
"2148884993","2144258930","2.06012"
"1964053818","2156665908","0.333333"
"2156665908","1964053818","0.333333"
"1965447681","2009840077","4.6881"
"2009840077","1965447681","4.6881"
"2009840077","2156665908","1.16667"
"2156665908","2009840077","1.16667"
"2148884993","2165500877","13.9476"
"2165500877","2148884993","13.9476"
"1964053818","2137455203","0.142857"
"2137455203","1964053818","0.142857"
"1964053818","2146425614","0.142857"
"2146425614","1964053818","0.142857"
"2025904186","2096316847","14.1629"
"2096316847","2025904186","14.1629"
"2025904186","2137455203","1.00952"
"2137455203","2025904186","1.00952"
"2025904186","2141716420","0.142857"
"2141716420","2025904186","0.142857"
"2025904186","2146425614","0.342857"
"2146425614","2025904186","0.342857"
"2096316847","2122544819","13.4054"
"2122544819","2096316847","13.4054"
"2096316847","2137455203","2.84286"
"2137455203","2096316847","2.84286"
"2096316847","2141716420","0.142857"
"2141716420","2096316847","0.142857"
"2096316847","2146425614","0.342857"
"2146425614","2096316847","0.342857"
"2112103637","2137455203","2.67619"
"2137455203","2112103637","2.67619"
"2112103637","2141716420","1.21429"
"2141716420","2112103637","1.21429"
"2112103637","2146425614","1.59286"
"2146425614","2112103637","1.59286"
"2122544819","2137455203","1.34286"
"2137455203","2122544819","1.34286"
"2122544819","2141716420","0.142857"
"2141716420","2122544819","0.142857"
"2122544819","2146425614","0.342857"
"2146425614","2122544819","0.342857"
"2137455203","2141716420","0.142857"
"2141716420","2137455203","0.142857"
"2137455203","2146425614","0.342857"
"2146425614","2137455203","0.342857"
"2141716420","2146425614","2.89286"
"2146425614","2141716420","2.89286"
"1984249915","2118302132","0.333333"
"2118302132","1984249915","0.333333"
"1984249915","2165500877","1.16234"
"2165500877","1984249915","1.16234"
"2118302132","2165500877","0.958333"
"2165500877","2118302132","0.958333"
"1964053818","2016110579","0.25"
"2016110579","1964053818","0.25"
"2016110579","2096147482","0.25"
"2096147482","2016110579","0.25"
"2016110579","2106351401","0.25"
"2106351401","2016110579","0.25"
"2016110579","2165500877","0.25"
"2165500877","2016110579","0.25"
"2007321502","2027164646","2.08333"
"2027164646","2007321502","2.08333"
"2007321502","2096316847","2.50758"
"2096316847","2007321502","2.50758"
"2007321502","2102005779","2.87424"
"2102005779","2007321502","2.87424"
"2027164646","2096316847","3.91667"
"2096316847","2027164646","3.91667"
"2027164646","2102005779","0.916667"
"2102005779","2027164646","0.916667"
"2096316847","2102005779","0.840909"
"2102005779","2096316847","0.840909"
"2102005779","2165500877","4.12424"
"2165500877","2102005779","4.12424"
"1964053818","2166540415","0.5"
"2166540415","1964053818","0.5"
"2165500877","2166540415","6.08333"
"2166540415","2165500877","6.08333"
"2111175667","2122544819","0.333333"
"2122544819","2111175667","0.333333"
"2025904186","2165500877","3.78258"
"2165500877","2025904186","3.78258"
"2122544819","2165500877","4.39286"
"2165500877","2122544819","4.39286"
"1964053818","2118803988","0.826923"
"2118803988","1964053818","0.826923"
"2096147482","2118803988","1.58333"
"2118803988","2096147482","1.58333"
"2113843210","2118803988","0.25"
"2118803988","2113843210","0.25"
"2118803988","2165500877","2.08333"
"2165500877","2118803988","2.08333"
"2007321502","2149962092","3.75758"
"2149962092","2007321502","3.75758"
"2102005779","2148884993","3.26667"
"2148884993","2102005779","3.26667"
"2102005779","2149962092","2.13333"
"2149962092","2102005779","2.13333"
"2148884993","2149962092","1.947"
"2149962092","2148884993","1.947"
"1964053818","1987676305","0.25"
"1987676305","1964053818","0.25"
"1987676305","2112103637","0.25"
"2112103637","1987676305","0.25"
"1987676305","2148884993","0.25"
"2148884993","1987676305","0.25"
"1987676305","2165500877","0.75"
"2165500877","1987676305","0.75"
"2112103637","2148884993","4.11726"
"2148884993","2112103637","4.11726"
"1964053818","2083344757","0.0714286"
"2083344757","1964053818","0.0714286"
"1964053818","2145373803","0.404762"
"2145373803","1964053818","0.404762"
"1965447681","1984249915","0.321429"
"1984249915","1965447681","0.321429"
"1965447681","1986446161","0.904762"
"1986446161","1965447681","0.904762"
"1965447681","2106351401","11.9234"
"2106351401","1965447681","11.9234"
"1965447681","2141716420","0.0714286"
"2141716420","1965447681","0.0714286"
"1965447681","2144258930","1.9381"
"2144258930","1965447681","1.9381"
"1965447681","2145373803","0.404762"
"2145373803","1965447681","0.404762"
"1984249915","1986446161","0.0714286"
"1986446161","1984249915","0.0714286"
"1984249915","2009840077","0.404762"
"2009840077","1984249915","0.404762"
"1984249915","2083344757","1.07143"
"2083344757","1984249915","1.07143"
"1984249915","2096147482","1.2381"
"2096147482","1984249915","1.2381"
"1984249915","2106351401","1.27143"
"2106351401","1984249915","1.27143"
"1984249915","2112103637","0.495671"
"2112103637","1984249915","0.495671"
"1984249915","2141716420","2.07143"
"2141716420","1984249915","2.07143"
"1984249915","2144258930","2.07143"
"2144258930","1984249915","2.07143"
"1984249915","2145373803","3.90476"
"2145373803","1984249915","3.90476"
"1984249915","2148884993","1.07143"
"2148884993","1984249915","1.07143"
"1984249915","2162456078","1.90476"
"2162456078","1984249915","1.90476"
"1986446161","2009840077","0.404762"
"2009840077","1986446161","0.404762"
"1986446161","2083344757","0.0714286"
"2083344757","1986446161","0.0714286"
"1986446161","2096147482","0.571429"
"2096147482","1986446161","0.571429"
"1986446161","2106351401","0.0714286"
"2106351401","1986446161","0.0714286"
"1986446161","2112103637","0.18254"
"2112103637","1986446161","0.18254"
"1986446161","2145373803","0.0714286"
"2145373803","1986446161","0.0714286"
"1986446161","2162456078","0.43254"
"2162456078","1986446161","0.43254"
"1986446161","2165500877","0.68254"
"2165500877","1986446161","0.68254"
"2009840077","2083344757","0.771429"
"2083344757","2009840077","0.771429"
"2009840077","2141716420","0.0714286"
"2141716420","2009840077","0.0714286"
"2009840077","2145373803","0.0714286"
"2145373803","2009840077","0.0714286"
"2009840077","2148884993","1.04762"
"2148884993","2009840077","1.04762"
"2009840077","2162456078","0.0714286"
"2162456078","2009840077","0.0714286"
"2083344757","2106351401","2.40476"
"2106351401","2083344757","2.40476"
"2083344757","2112103637","0.0714286"
"2112103637","2083344757","0.0714286"
"2083344757","2141716420","0.0714286"
"2141716420","2083344757","0.0714286"
"2083344757","2144258930","0.0714286"
"2144258930","2083344757","0.0714286"
"2083344757","2145373803","0.0714286"
"2145373803","2083344757","0.0714286"
"2083344757","2165500877","0.271429"
"2165500877","2083344757","0.271429"
"2096147482","2141716420","0.0714286"
"2141716420","2096147482","0.0714286"
"2096147482","2145373803","0.404762"
"2145373803","2096147482","0.404762"
"2106351401","2112103637","1.32143"
"2112103637","2106351401","1.32143"
"2106351401","2141716420","2.57143"
"2141716420","2106351401","2.57143"
"2106351401","2148884993","1.09835"
"2148884993","2106351401","1.09835"
"2112103637","2144258930","1.13393"
"2144258930","2112103637","1.13393"
"2112103637","2145373803","0.0714286"
"2145373803","2112103637","0.0714286"
"2141716420","2145373803","0.0714286"
"2145373803","2141716420","0.0714286"
"2141716420","2165500877","0.238095"
"2165500877","2141716420","0.238095"
"2144258930","2145373803","0.0714286"
"2145373803","2144258930","0.0714286"
"2144258930","2162456078","0.0714286"
"2162456078","2144258930","0.0714286"
"2145373803","2148884993","0.0714286"
"2148884993","2145373803","0.0714286"
"2145373803","2162456078","0.0714286"
"2162456078","2145373803","0.0714286"
"2145373803","2165500877","1.7381"
"2165500877","2145373803","1.7381"
"2162456078","2165500877","4.68254"
"2165500877","2162456078","4.68254"
"1964053818","1999156983","1"
"1999156983","1964053818","1"
"2102005779","2145373803","2.33333"
"2145373803","2102005779","2.33333"
"1964053818","2150792958","0.333333"
"2150792958","1964053818","0.333333"
"1964053818","2155385126","0.5"
"2155385126","1964053818","0.5"
"1964053818","2164952518","0.333333"
"2164952518","1964053818","0.333333"
"2150792958","2155385126","1.33333"
"2155385126","2150792958","1.33333"
"2150792958","2164952518","2.09444"
"2164952518","2150792958","2.09444"
"2155385126","2164952518","0.333333"
"2164952518","2155385126","0.333333"
"1964053818","2007580360","0.0769231"
"2007580360","1964053818","0.0769231"
"1964053818","2023597586","0.0769231"
"2023597586","1964053818","0.0769231"
"1964053818","2050427684","0.0769231"
"2050427684","1964053818","0.0769231"
"1965447681","2007580360","2.47692"
"2007580360","1965447681","2.47692"
"1965447681","2023597586","0.0769231"
"2023597586","1965447681","0.0769231"
"1965447681","2055465369","30.7769"
"2055465369","1965447681","30.7769"
"1965447681","2118803988","4.41026"
"2118803988","1965447681","4.41026"
"1965447681","2294226227","10.0269"
"2294226227","1965447681","10.0269"
"1965447681","2295393607","0.0769231"
"2295393607","1965447681","0.0769231"
"2007580360","2023597586","0.334499"
"2023597586","2007580360","0.334499"
"2007580360","2025904186","0.0769231"
"2025904186","2007580360","0.0769231"
"2007580360","2050427684","0.326923"
"2050427684","2007580360","0.326923"
"2007580360","2055465369","0.167832"
"2055465369","2007580360","0.167832"
"2007580360","2106351401","0.476923"
"2106351401","2007580360","0.476923"
"2007580360","2118803988","0.326923"
"2118803988","2007580360","0.326923"
"2007580360","2148884993","0.367832"
"2148884993","2007580360","0.367832"
"2007580360","2149962092","2.90117"
"2149962092","2007580360","2.90117"
"2007580360","2162456078","0.667832"
"2162456078","2007580360","0.667832"
"2007580360","2294226227","3.66783"
"2294226227","2007580360","3.66783"
"2007580360","2295393607","0.417832"
"2295393607","2007580360","0.417832"
"2023597586","2025904186","4.38033"
"2025904186","2023597586","4.38033"
"2023597586","2050427684","1.13942"
"2050427684","2023597586","1.13942"
"2023597586","2055465369","2.25117"
"2055465369","2023597586","2.25117"
"2023597586","2106351401","1.07692"
"2106351401","2023597586","1.07692"
"2023597586","2118803988","0.139423"
"2118803988","2023597586","0.139423"
"2023597586","2148884993","1.63033"
"2148884993","2023597586","1.63033"
"2023597586","2149962092","2.48033"
"2149962092","2023597586","2.48033"
"2023597586","2162456078","0.167832"
"2162456078","2023597586","0.167832"
"2023597586","2294226227","2.00117"
"2294226227","2023597586","2.00117"
"2023597586","2295393607","1.50117"
"2295393607","2023597586","1.50117"
"2025904186","2050427684","0.139423"
"2050427684","2025904186","0.139423"
"2025904186","2106351401","0.201923"
"2106351401","2025904186","0.201923"
"2025904186","2118803988","0.472756"
"2118803988","2025904186","0.472756"
"2025904186","2148884993","2.28942"
"2148884993","2025904186","2.28942"
"2025904186","2295393607","0.410256"
"2295393607","2025904186","0.410256"
"2050427684","2055465369","2.41026"
"2055465369","2050427684","2.41026"
"2050427684","2106351401","0.0769231"
"2106351401","2050427684","0.0769231"
"2050427684","2118803988","0.889423"
"2118803988","2050427684","0.889423"
"2050427684","2148884993","0.139423"
"2148884993","2050427684","0.139423"
"2050427684","2149962092","1.22276"
"2149962092","2050427684","1.22276"
"2050427684","2162456078","1.68803"
"2162456078","2050427684","1.68803"
"2050427684","2294226227","0.660256"
"2294226227","2050427684","0.660256"
"2050427684","2295393607","0.910256"
"2295393607","2050427684","0.910256"
"2055465369","2106351401","0.0769231"
"2106351401","2055465369","0.0769231"
"2055465369","2118803988","0.576923"
"2118803988","2055465369","0.576923"
"2055465369","2148884993","0.584499"
"2148884993","2055465369","0.584499"
"2055465369","2149962092","1.20117"
"2149962092","2055465369","1.20117"
"2055465369","2162456078","1.25117"
"2162456078","2055465369","1.25117"
"2055465369","2295393607","3.91783"
"2295393607","2055465369","3.91783"
"2106351401","2118803988","1.07692"
"2118803988","2106351401","1.07692"
"2106351401","2149962092","1.44359"
"2149962092","2106351401","1.44359"
"2106351401","2294226227","0.0769231"
"2294226227","2106351401","0.0769231"
"2106351401","2295393607","0.0769231"
"2295393607","2106351401","0.0769231"
"2118803988","2148884993","0.889423"
"2148884993","2118803988","0.889423"
"2118803988","2149962092","6.80609"
"2149962092","2118803988","6.80609"
"2118803988","2162456078","0.326923"
"2162456078","2118803988","0.326923"
"2118803988","2294226227","3.66026"
"2294226227","2118803988","3.66026"
"2118803988","2295393607","1.57692"
"2295393607","2118803988","1.57692"
"2148884993","2294226227","1.20117"
"2294226227","2148884993","1.20117"
"2148884993","2295393607","0.167832"
"2295393607","2148884993","0.167832"
"2149962092","2295393607","3.00117"
"2295393607","2149962092","3.00117"
"2294226227","2295393607","26.3345"
"2295393607","2294226227","26.3345"
"2009840077","2102005779","0.25"
"2102005779","2009840077","0.25"
"2009840077","2027164646","0.5"
"2027164646","2009840077","0.5"
"2096316847","2162456078","0.75"
"2162456078","2096316847","0.75"
"1964053818","2102773632","1"
"2102773632","1964053818","1"
"1964053818","2156435695","0.333333"
"2156435695","1964053818","0.333333"
"1964053818","2161401111","0.333333"
"2161401111","1964053818","0.333333"
"1965447681","2156435695","0.333333"
"2156435695","1965447681","0.333333"
"1965447681","2161401111","6.625"
"2161401111","1965447681","6.625"
"2156435695","2161401111","1.33333"
"2161401111","2156435695","1.33333"
"1964053818","2163179691","1"
"2163179691","1964053818","1"
"1964053818","2103614292","0.142857"
"2103614292","1964053818","0.142857"
"2009840077","2103614292","0.142857"
"2103614292","2009840077","0.142857"
"2009840077","2122544819","0.142857"
"2122544819","2009840077","0.142857"
"2096147482","2103614292","0.142857"
"2103614292","2096147482","0.142857"
"2096147482","2122544819","0.142857"
"2122544819","2096147482","0.142857"
"2103614292","2122544819","0.142857"
"2122544819","2103614292","0.142857"
"2103614292","2144258930","0.142857"
"2144258930","2103614292","0.142857"
"2103614292","2148884993","0.642857"
"2148884993","2103614292","0.642857"
"2103614292","2165500877","0.642857"
"2165500877","2103614292","0.642857"
"2122544819","2144258930","0.205357"
"2144258930","2122544819","0.205357"
"1964053818","2139510634","0.166667"
"2139510634","1964053818","0.166667"
"1965447681","2155385126","2.08333"
"2155385126","1965447681","2.08333"
"2096147482","2155385126","0.416667"
"2155385126","2096147482","0.416667"
"2102005779","2139510634","3.53333"
"2139510634","2102005779","3.53333"
"2102005779","2155385126","1.91667"
"2155385126","2102005779","1.91667"
"2139510634","2155385126","0.166667"
"2155385126","2139510634","0.166667"
"2148884993","2155385126","1.75758"
"2155385126","2148884993","1.75758"
"1965447681","2164952518","7.15"
"2164952518","1965447681","7.15"
"2102005779","2164952518","3.23333"
"2164952518","2102005779","3.23333"
"1965447681","2166540415","2.5"
"2166540415","1965447681","2.5"
"2118803988","2166540415","0.5"
"2166540415","2118803988","0.5"
"1965447681","2077269583","1.45"
"2077269583","1965447681","1.45"
"2077269583","2161401111","3"
"2161401111","2077269583","3"
"2102005779","2102773632","0.783333"
"2102773632","2102005779","0.783333"
"2102005779","2150792958","16.75"
"2150792958","2102005779","16.75"
"2102773632","2150792958","3.03333"
"2150792958","2102773632","3.03333"
"2102005779","2169551463","2.7"
"2169551463","2102005779","2.7"
"2155385126","2169551463","0.5"
"2169551463","2155385126","0.5"
"2106351401","2150792958","2.11667"
"2150792958","2106351401","2.11667"
"2050427684","2164952518","7.04028"
"2164952518","2050427684","7.04028"
"2050427684","2111175667","0.45"
"2111175667","2050427684","0.45"
"2050427684","2144258930","0.2625"
"2144258930","2050427684","0.2625"
"2050427684","2156665908","1.37361"
"2156665908","2050427684","1.37361"
"2050427684","2171322730","7.45694"
"2171322730","2050427684","7.45694"
"2111175667","2144258930","0.2"
"2144258930","2111175667","0.2"
"2111175667","2156665908","2.86667"
"2156665908","2111175667","2.86667"
"2111175667","2171322730","0.2"
"2171322730","2111175667","0.2"
"2144258930","2156665908","0.2625"
"2156665908","2144258930","0.2625"
"2144258930","2171322730","1.09583"
"2171322730","2144258930","1.09583"
"2156665908","2171322730","2.70694"
"2171322730","2156665908","2.70694"
"2009840077","2118803988","2.25"
"2118803988","2009840077","2.25"
"2102005779","2106351401","1.95"
"2106351401","2102005779","1.95"
"2162456078","2164952518","2.31111"
"2164952518","2162456078","2.31111"
"2164952518","2171322730","16.2569"
"2171322730","2164952518","16.2569"
"2164952518","2294226227","4.08333"
"2294226227","2164952518","4.08333"
"2171322730","2294226227","2"
"2294226227","2171322730","2"
"2112103637","2163125245","2.50694"
"2163125245","2112103637","2.50694"
"2163125245","2294226227","2"
"2294226227","2163125245","2"
"2102005779","2171322730","0.833333"
"2171322730","2102005779","0.833333"
"2148884993","2171322730","1.14583"
"2171322730","2148884993","1.14583"
"1965447681","2122723787","3.75"
"2122723787","1965447681","3.75"
"2106351401","2155385126","0.666667"
"2155385126","2106351401","0.666667"
"2155385126","2161401111","0.333333"
"2161401111","2155385126","0.333333"
"2102005779","2294226227","3.16667"
"2294226227","2102005779","3.16667"
"2150792958","2294226227","3.36667"
"2294226227","2150792958","3.36667"
"2050427684","2150792958","2.22778"
"2150792958","2050427684","2.22778"
"2118803988","2122723787","6.83333"
"2122723787","2118803988","6.83333"
"1965447681","2150337334","1.7"
"2150337334","1965447681","1.7"
"2118803988","2150337334","1.08333"
"2150337334","2118803988","1.08333"
"2150337334","2162456078","0.5"
"2162456078","2150337334","0.5"
"2145930572","2150792958","0.75"
"2150792958","2145930572","0.75"
"2145930572","2155385126","0.25"
"2155385126","2145930572","0.25"
"2102005779","2163125245","2.70833"
"2163125245","2102005779","2.70833"
"2102005779","2162456078","2.86667"
"2162456078","2102005779","2.86667"
"2149962092","2164952518","1.5125"
"2164952518","2149962092","1.5125"
"1965447681","2145946022","3"
"2145946022","1965447681","3"
"1965447681","2141964067","0.833333"
"2141964067","1965447681","0.833333"
"2141964067","2163125245","1.5625"
"2163125245","2141964067","1.5625"
"1965447681","1994304205","0.45"
"1994304205","1965447681","0.45"
"1994304205","2007580360","0.666667"
"2007580360","1994304205","0.666667"
"1994304205","2150337334","0.916667"
"2150337334","1994304205","0.916667"
"1994304205","2155385126","1.66667"
"2155385126","1994304205","1.66667"
"2007580360","2150337334","0.616667"
"2150337334","2007580360","0.616667"
"2007580360","2155385126","0.507576"
"2155385126","2007580360","0.507576"
"2150337334","2155385126","4.16667"
"2155385126","2150337334","4.16667"
"2102005779","2161401111","3.45833"
"2161401111","2102005779","3.45833"
"1965447681","2144007431","1"
"2144007431","1965447681","1"
"2118803988","2144007431","10.6667"
"2144007431","2118803988","10.6667"
"1965447681","2007144424","0.5"
"2007144424","1965447681","0.5"
"1965447681","2101461675","0.5"
"2101461675","1965447681","0.5"
"1965447681","2118302132","0.375"
"2118302132","1965447681","0.375"
"2007144424","2033026902","0.25"
"2033026902","2007144424","0.25"
"2007144424","2101461675","1.5"
"2101461675","2007144424","1.5"
"2007144424","2102005779","0.25"
"2102005779","2007144424","0.25"
"2007144424","2102773632","1"
"2102773632","2007144424","1"
"2007144424","2118302132","0.25"
"2118302132","2007144424","0.25"
"2007144424","2163125245","1.1875"
"2163125245","2007144424","1.1875"
"2007144424","2171322730","0.8125"
"2171322730","2007144424","0.8125"
"2033026902","2101461675","0.25"
"2101461675","2033026902","0.25"
"2033026902","2102005779","1.11667"
"2102005779","2033026902","1.11667"
"2033026902","2118302132","5.41667"
"2118302132","2033026902","5.41667"
"2033026902","2171322730","0.25"
"2171322730","2033026902","0.25"
"2101461675","2102005779","0.25"
"2102005779","2101461675","0.25"
"2101461675","2102773632","1.75"
"2102773632","2101461675","1.75"
"2101461675","2118302132","1.5"
"2118302132","2101461675","1.5"
"2101461675","2163125245","0.125"
"2163125245","2101461675","0.125"
"2101461675","2171322730","0.25"
"2171322730","2101461675","0.25"
"2102005779","2118302132","2.08333"
"2118302132","2102005779","2.08333"
"2102773632","2118302132","5"
"2118302132","2102773632","5"
"2102773632","2171322730","0.25"
"2171322730","2102773632","0.25"
"2118302132","2163125245","0.25"
"2163125245","2118302132","0.25"
"2118302132","2171322730","0.25"
"2171322730","2118302132","0.25"
"2163125245","2171322730","0.798611"
"2171322730","2163125245","0.798611"
"1984249915","2102005779","0.540909"
"2102005779","1984249915","0.540909"
"1984249915","2155385126","1.75"
"2155385126","1984249915","1.75"
"1984249915","2169551463","0.25"
"2169551463","1984249915","0.25"
"2007321502","2050427684","0.5"
"2050427684","2007321502","0.5"
"1965447681","2165865052","0.333333"
"2165865052","1965447681","0.333333"
"1986446161","2165865052","4.16667"
"2165865052","1986446161","4.16667"
"2144258930","2165865052","1.33333"
"2165865052","2144258930","1.33333"
"2163125245","2165500877","2.65278"
"2165500877","2163125245","2.65278"
"1965447681","2113798154","1.33333"
"2113798154","1965447681","1.33333"
"2050427684","2113798154","0.333333"
"2113798154","2050427684","0.333333"
"2113798154","2164952518","1.16667"
"2164952518","2113798154","1.16667"
"1965447681","2155107494","0.25"
"2155107494","1965447681","0.25"
"1986446161","2150792958","1.97778"
"2150792958","1986446161","1.97778"
"1986446161","2155107494","1.95"
"2155107494","1986446161","1.95"
"2150792958","2155107494","3.11667"
"2155107494","2150792958","3.11667"
"2155107494","2162456078","2"
"2162456078","2155107494","2"
"2096147482","2164952518","0.25"
