"1495335682","1986123875","0.28254"
"1986123875","1495335682","0.28254"
"1495335682","1994838062","0.28254"
"1994838062","1495335682","0.28254"
"1495335682","1996958808","0.78254"
"1996958808","1495335682","0.78254"
"1495335682","2007046992","0.28254"
"2007046992","1495335682","0.28254"
"1495335682","2020516462","0.53254"
"2020516462","1495335682","0.53254"
"1495335682","2059574400","0.28254"
"2059574400","1495335682","0.28254"
"1495335682","2072040293","2.21111"
"2072040293","1495335682","2.21111"
"1495335682","2096967357","0.43254"
"2096967357","1495335682","0.43254"
"1495335682","2137670025","0.28254"
"2137670025","1495335682","0.28254"
"1986123875","1994838062","13.7627"
"1994838062","1986123875","13.7627"
"1986123875","1996958808","26.446"
"1996958808","1986123875","26.446"
"1986123875","2007046992","6.6627"
"2007046992","1986123875","6.6627"
"1986123875","2020516462","9.32778"
"2020516462","1986123875","9.32778"
"1986123875","2059574400","6.73889"
"2059574400","1986123875","6.73889"
"1986123875","2072040293","7.16349"
"2072040293","1986123875","7.16349"
"1986123875","2096967357","5.84603"
"2096967357","1986123875","5.84603"
"1986123875","2137670025","0.28254"
"2137670025","1986123875","0.28254"
"1994838062","1996958808","21.9992"
"1996958808","1994838062","21.9992"
"1994838062","2007046992","5.30517"
"2007046992","1994838062","5.30517"
"1994838062","2020516462","6.01192"
"2020516462","1994838062","6.01192"
"1994838062","2059574400","9.23256"
"2059574400","1994838062","9.23256"
"1994838062","2072040293","4.82382"
"2072040293","1994838062","4.82382"
"1994838062","2096967357","4.75655"
"2096967357","1994838062","4.75655"
"1994838062","2137670025","0.28254"
"2137670025","1994838062","0.28254"
"1996958808","2007046992","21.9457"
"2007046992","1996958808","21.9457"
"1996958808","2020516462","18.3453"
"2020516462","1996958808","18.3453"
"1996958808","2059574400","20.248"
"2059574400","1996958808","20.248"
"1996958808","2072040293","16.9226"
"2072040293","1996958808","16.9226"
"1996958808","2096967357","28.3054"
"2096967357","1996958808","28.3054"
"1996958808","2137670025","0.449206"
"2137670025","1996958808","0.449206"
"2007046992","2020516462","6.7774"
"2020516462","2007046992","6.7774"
"2007046992","2059574400","5.8647"
"2059574400","2007046992","5.8647"
"2007046992","2072040293","3.5893"
"2072040293","2007046992","3.5893"
"2007046992","2096967357","9.81964"
"2096967357","2007046992","9.81964"
"2007046992","2137670025","0.28254"
"2137670025","2007046992","0.28254"
"2020516462","2059574400","3.94525"
"2059574400","2020516462","3.94525"
"2020516462","2072040293","4.5143"
"2072040293","2020516462","4.5143"
"2020516462","2096967357","5.94306"
"2096967357","2020516462","5.94306"
"2020516462","2137670025","0.28254"
"2137670025","2020516462","0.28254"
"2059574400","2072040293","6.30835"
"2072040293","2059574400","6.30835"
"2059574400","2096967357","6.32202"
"2096967357","2059574400","6.32202"
"2059574400","2137670025","0.28254"
"2137670025","2059574400","0.28254"
"2072040293","2096967357","5.71329"
"2096967357","2072040293","5.71329"
"2072040293","2137670025","0.211111"
"2137670025","2072040293","0.211111"
"2096967357","2137670025","0.93254"
"2137670025","2096967357","0.93254"
"1495335682","2069876997","0.5"
"2069876997","1495335682","0.5"
"1996958808","2069876997","1.43452"
"2069876997","1996958808","1.43452"
"2020516462","2069876997","2.09286"
"2069876997","2020516462","2.09286"
"2069876997","2096967357","1.80119"
"2096967357","2069876997","1.80119"
"1495335682","2035248116","0.421429"
"2035248116","1495335682","0.421429"
"1495335682","2143813851","0.171429"
"2143813851","1495335682","0.171429"
"1986123875","2035248116","4.35159"
"2035248116","1986123875","4.35159"
"1986123875","2143813851","2.70476"
"2143813851","1986123875","2.70476"
"1994838062","2035248116","5.68454"
"2035248116","1994838062","5.68454"
"1994838062","2143813851","0.504762"
"2143813851","1994838062","0.504762"
"1996958808","2035248116","11.7262"
"2035248116","1996958808","11.7262"
"1996958808","2143813851","1.12976"
"2143813851","1996958808","1.12976"
"2007046992","2035248116","2.76787"
"2035248116","2007046992","2.76787"
"2007046992","2143813851","0.504762"
"2143813851","2007046992","0.504762"
"2020516462","2035248116","1.93295"
"2035248116","2020516462","1.93295"
"2020516462","2143813851","0.504762"
"2143813851","2020516462","0.504762"
"2035248116","2059574400","3.73573"
"2059574400","2035248116","3.73573"
"2035248116","2072040293","1.65319"
"2072040293","2035248116","1.65319"
"2035248116","2137670025","0.171429"
"2137670025","2035248116","0.171429"
"2035248116","2143813851","1.1631"
"2143813851","2035248116","1.1631"
"2059574400","2143813851","0.629762"
"2143813851","2059574400","0.629762"
"2072040293","2143813851","0.725"
"2143813851","2072040293","0.725"
"2137670025","2143813851","0.171429"
"2143813851","2137670025","0.171429"
"1495335682","1964178158","0.0714286"
"1964178158","1495335682","0.0714286"
"1495335682","2117307129","0.0714286"
"2117307129","1495335682","0.0714286"
"1495335682","2145630041","0.0714286"
"2145630041","1495335682","0.0714286"
"1495335682","2162728337","0.0714286"
"2162728337","1495335682","0.0714286"
"1964178158","1986123875","7.34921"
"1986123875","1964178158","7.34921"
"1964178158","1994838062","0.349206"
"1994838062","1964178158","0.349206"
"1964178158","1996958808","9.84921"
"1996958808","1964178158","9.84921"
"1964178158","2007046992","0.515873"
"2007046992","1964178158","0.515873"
"1964178158","2020516462","0.0714286"
"2020516462","1964178158","0.0714286"
"1964178158","2035248116","0.18254"
"2035248116","1964178158","0.18254"
"1964178158","2059574400","0.18254"
"2059574400","1964178158","0.18254"
"1964178158","2096967357","0.18254"
"2096967357","1964178158","0.18254"
"1964178158","2117307129","0.0714286"
"2117307129","1964178158","0.0714286"
"1964178158","2137670025","0.0714286"
"2137670025","1964178158","0.0714286"
"1964178158","2143813851","0.238095"
"2143813851","1964178158","0.238095"
"1964178158","2145630041","0.0714286"
"2145630041","1964178158","0.0714286"
"1964178158","2162728337","0.0714286"
"2162728337","1964178158","0.0714286"
"1986123875","2117307129","0.0714286"
"2117307129","1986123875","0.0714286"
"1986123875","2145630041","0.404762"
"2145630041","1986123875","0.404762"
"1986123875","2162728337","0.0714286"
"2162728337","1986123875","0.0714286"
"1994838062","2117307129","0.0714286"
"2117307129","1994838062","0.0714286"
"1994838062","2145630041","0.0714286"
"2145630041","1994838062","0.0714286"
"1994838062","2162728337","0.0714286"
"2162728337","1994838062","0.0714286"
"1996958808","2117307129","0.0714286"
"2117307129","1996958808","0.0714286"
"1996958808","2145630041","0.404762"
"2145630041","1996958808","0.404762"
"1996958808","2162728337","0.321429"
"2162728337","1996958808","0.321429"
"2007046992","2117307129","0.571429"
"2117307129","2007046992","0.571429"
"2007046992","2145630041","0.0714286"
"2145630041","2007046992","0.0714286"
"2007046992","2162728337","0.0714286"
"2162728337","2007046992","0.0714286"
"2020516462","2117307129","0.0714286"
"2117307129","2020516462","0.0714286"
"2020516462","2145630041","0.0714286"
"2145630041","2020516462","0.0714286"
"2020516462","2162728337","0.321429"
"2162728337","2020516462","0.321429"
"2035248116","2096967357","3.49067"
"2096967357","2035248116","3.49067"
"2035248116","2117307129","0.0714286"
"2117307129","2035248116","0.0714286"
"2035248116","2145630041","0.0714286"
"2145630041","2035248116","0.0714286"
"2035248116","2162728337","0.0714286"
"2162728337","2035248116","0.0714286"
"2059574400","2117307129","0.0714286"
"2117307129","2059574400","0.0714286"
"2059574400","2145630041","0.0714286"
"2145630041","2059574400","0.0714286"
"2059574400","2162728337","0.0714286"
"2162728337","2059574400","0.0714286"
"2096967357","2117307129","0.571429"
"2117307129","2096967357","0.571429"
"2096967357","2143813851","1.8631"
"2143813851","2096967357","1.8631"
"2096967357","2145630041","0.0714286"
"2145630041","2096967357","0.0714286"
"2096967357","2162728337","0.321429"
"2162728337","2096967357","0.321429"
"2117307129","2137670025","0.0714286"
"2137670025","2117307129","0.0714286"
"2117307129","2143813851","0.0714286"
"2143813851","2117307129","0.0714286"
"2117307129","2145630041","0.0714286"
"2145630041","2117307129","0.0714286"
"2117307129","2162728337","0.0714286"
"2162728337","2117307129","0.0714286"
"2137670025","2145630041","0.0714286"
"2145630041","2137670025","0.0714286"
"2137670025","2162728337","0.0714286"
"2162728337","2137670025","0.0714286"
"2143813851","2145630041","0.0714286"
"2145630041","2143813851","0.0714286"
"2143813851","2162728337","0.0714286"
"2162728337","2143813851","0.0714286"
"2145630041","2162728337","0.0714286"
"2162728337","2145630041","0.0714286"
"1495335682","2062890819","0.25"
"2062890819","1495335682","0.25"
"1996958808","2062890819","1.74821"
"2062890819","1996958808","1.74821"
"2035248116","2062890819","0.645833"
"2062890819","2035248116","0.645833"
"2035248116","2069876997","3.54167"
"2069876997","2035248116","3.54167"
"2062890819","2069876997","2.09286"
"2069876997","2062890819","2.09286"
"1534555470","1986123875","3.14286"
"1986123875","1534555470","3.14286"
"1534555470","2007046992","0.392857"
"2007046992","1534555470","0.392857"
"1534555470","2020516462","0.392857"
"2020516462","1534555470","0.392857"
"1534555470","2035248116","0.142857"
"2035248116","1534555470","0.142857"
"1534555470","2047354536","1.39286"
"2047354536","1534555470","1.39286"
"1534555470","2059574400","1.14286"
"2059574400","1534555470","1.14286"
"1534555470","2072040293","0.142857"
"2072040293","1534555470","0.142857"
"1986123875","2047354536","3.39683"
"2047354536","1986123875","3.39683"
"2007046992","2047354536","1.51152"
"2047354536","2007046992","1.51152"
"2020516462","2047354536","2.40041"
"2047354536","2020516462","2.40041"
"2035248116","2047354536","1.11867"
"2047354536","2035248116","1.11867"
"2047354536","2059574400","3.09486"
"2059574400","2047354536","3.09486"
"2047354536","2072040293","0.707555"
"2072040293","2047354536","0.707555"
"1534555470","1996958808","2.25"
"1996958808","1534555470","2.25"
"1996958808","2047354536","17.6187"
"2047354536","1996958808","17.6187"
"1585940816","1998342376","0.916667"
"1998342376","1585940816","0.916667"
"1585940816","2007046992","1.45"
"2007046992","1585940816","1.45"
"1585940816","2096967357","1.45"
"2096967357","1585940816","1.45"
"1998342376","2007046992","1.25"
"2007046992","1998342376","1.25"
"1998342376","2096967357","1.25"
"2096967357","1998342376","1.25"
"1585940816","1996383616","0.783333"
"1996383616","1585940816","0.783333"
"1996383616","1998342376","0.25"
"1998342376","1996383616","0.25"
"1996383616","2007046992","2.92581"
"2007046992","1996383616","2.92581"
"1996383616","2096967357","6.96766"
"2096967357","1996383616","6.96766"
"1585940816","2035248116","0.2"
"2035248116","1585940816","0.2"
"1585940816","2059574400","0.2"
"2059574400","1585940816","0.2"
"1996383616","2035248116","1.17581"
"2035248116","1996383616","1.17581"
"1996383616","2059574400","1.61033"
"2059574400","1996383616","1.61033"
"1893681926","1975176769","0.866667"
"1975176769","1893681926","0.866667"
"1893681926","2018013541","2.7"
"2018013541","1893681926","2.7"
"1893681926","2035248116","0.866667"
"2035248116","1893681926","0.866667"
"1975176769","2018013541","7.48333"
"2018013541","1975176769","7.48333"
"1975176769","2035248116","0.533333"
"2035248116","1975176769","0.533333"
"2018013541","2035248116","2.59248"
"2035248116","2018013541","2.59248"
"1893681926","1996958808","9.34286"
"1996958808","1893681926","9.34286"
"1893681926","1964178158","6.83333"
"1964178158","1893681926","6.83333"
"1893681926","1986123875","4.56667"
"1986123875","1893681926","4.56667"
"1893681926","2143813851","0.2"
"2143813851","1893681926","0.2"
"1975176769","1986123875","4.81667"
"1986123875","1975176769","4.81667"
"1975176769","2143813851","0.2"
"2143813851","1975176769","0.2"
"1986123875","2018013541","3.51667"
"2018013541","1986123875","3.51667"
"2018013541","2143813851","0.2"
"2143813851","2018013541","0.2"
"1964178158","2018013541","2.33333"
"2018013541","1964178158","2.33333"
"1893681926","2020516462","0.97619"
"2020516462","1893681926","0.97619"
"1893681926","1994838062","0.642857"
"1994838062","1893681926","0.642857"
"1893681926","2007046992","0.7"
"2007046992","1893681926","0.7"
"1893681926","1996383616","0.142857"
"1996383616","1893681926","0.142857"
"1893681926","2062890819","0.142857"
"2062890819","1893681926","0.142857"
"1893681926","2069876997","0.97619"
"2069876997","1893681926","0.97619"
"1893681926","2096967357","0.67619"
"2096967357","1893681926","0.67619"
"1994838062","1996383616","1.66986"
"1996383616","1994838062","1.66986"
"1994838062","2062890819","1.0244"
"2062890819","1994838062","1.0244"
"1994838062","2069876997","0.392857"
"2069876997","1994838062","0.392857"
"1996383616","1996958808","2.36986"
"1996958808","1996383616","2.36986"
"1996383616","2020516462","0.943666"
"2020516462","1996383616","0.943666"
"1996383616","2062890819","2.31488"
"2062890819","1996383616","2.31488"
"1996383616","2069876997","1.50952"
"2069876997","1996383616","1.50952"
"2020516462","2062890819","0.905357"
"2062890819","2020516462","0.905357"
"2062890819","2096967357","1.34107"
"2096967357","2062890819","1.34107"
"1893681926","2012287860","0.5"
"2012287860","1893681926","0.5"
"1964178158","2012287860","0.611111"
"2012287860","1964178158","0.611111"
"1893681926","2059807746","0.333333"
"2059807746","1893681926","0.333333"
"2059807746","2069876997","1.83333"
"2069876997","2059807746","1.83333"
"2059807746","2096967357","1.09583"
"2096967357","2059807746","1.09583"
"1893681926","1982115512","0.2"
"1982115512","1893681926","0.2"
"1982115512","1986123875","1.11667"
"1986123875","1982115512","1.11667"
"1982115512","1996958808","6.98333"
"1996958808","1982115512","6.98333"
"1982115512","2007046992","1.31667"
"2007046992","1982115512","1.31667"
"1982115512","2096967357","1.36667"
"2096967357","1982115512","1.36667"
"1996958808","2018013541","12.7925"
"2018013541","1996958808","12.7925"
"1964178158","2069876997","0.666667"
"2069876997","1964178158","0.666667"
"1893681926","2145630041","0.333333"
"2145630041","1893681926","0.333333"
"1964178158","2047354536","0.444444"
"2047354536","1964178158","0.444444"
"2018013541","2047354536","2.28136"
"2047354536","2018013541","2.28136"
"1964178158","1975176769","0.833333"
"1975176769","1964178158","0.833333"
"1975176769","1996958808","1.61667"
"1996958808","1975176769","1.61667"
"1964178158","2059807746","1"
"2059807746","1964178158","1"
"1964178158","1982115512","0.333333"
"1982115512","1964178158","0.333333"
"1986123875","2012287860","0.111111"
"2012287860","1986123875","0.111111"
"1994838062","2012287860","0.111111"
"2012287860","1994838062","0.111111"
"1994838062","2047354536","2.53533"
"2047354536","1994838062","2.53533"
"1996958808","2012287860","0.111111"
"2012287860","1996958808","0.111111"
"2007046992","2012287860","0.111111"
"2012287860","2007046992","0.111111"
"2012287860","2035248116","0.111111"
"2035248116","2012287860","0.111111"
"2012287860","2047354536","0.111111"
"2047354536","2012287860","0.111111"
"2012287860","2059574400","0.111111"
"2059574400","2012287860","0.111111"
"2012287860","2096967357","0.111111"
"2096967357","2012287860","0.111111"
"2047354536","2096967357","0.316468"
"2096967357","2047354536","0.316468"
"1964178158","1996383616","0.333333"
"1996383616","1964178158","0.333333"
"1964178158","2062890819","0.333333"
"2062890819","1964178158","0.333333"
"1986123875","1996383616","1.06667"
"1996383616","1986123875","1.06667"
"1986123875","2062890819","0.733333"
"2062890819","1986123875","0.733333"
"1986123875","2069876997","1.2"
"2069876997","1986123875","1.2"
"1996383616","2143813851","0.166667"
"2143813851","1996383616","0.166667"
"2007046992","2062890819","1.20536"
"2062890819","2007046992","1.20536"
"2007046992","2069876997","0.166667"
"2069876997","2007046992","0.166667"
"2062890819","2143813851","0.166667"
"2143813851","2062890819","0.166667"
"2069876997","2143813851","1.29167"
"2143813851","2069876997","1.29167"
"1975176769","1994838062","2.16667"
"1994838062","1975176769","2.16667"
"1975176769","1996383616","0.166667"
"1996383616","1975176769","0.166667"
"1975176769","2007046992","1.41667"
"2007046992","1975176769","1.41667"
"1975176769","2062890819","0.166667"
"2062890819","1975176769","0.166667"
"1969147848","2062324260","1"
"2062324260","1969147848","1"
"1969147848","2018013541","2"
"2018013541","1969147848","2"
"1969147848","2072040293","1"
"2072040293","1969147848","1"
"1969433651","1996958808","2.24922"
"1996958808","1969433651","2.24922"
"1969433651","2069648394","2.11726"
"2069648394","1969433651","2.11726"
"1996958808","2069648394","4.8256"
"2069648394","1996958808","4.8256"
"1969433651","1994838062","1.45755"
"1994838062","1969433651","1.45755"
"1994838062","2069648394","1.30179"
"2069648394","1994838062","1.30179"
"1969433651","1996383616","1.37422"
"1996383616","1969433651","1.37422"
"1969433651","2096967357","0.91369"
"2096967357","1969433651","0.91369"
"1996383616","2069648394","1.0756"
"2069648394","1996383616","1.0756"
"2069648394","2096967357","1.86369"
"2096967357","2069648394","1.86369"
"1969433651","2059574400","0.999222"
"2059574400","1969433651","0.999222"
"1969433651","2062890819","1.57202"
"2062890819","1969433651","1.57202"
"1969433651","2072040293","0.832555"
"2072040293","1969433651","0.832555"
"1996383616","2072040293","1.777"
"2072040293","1996383616","1.777"
"2059574400","2062890819","0.514881"
"2062890819","2059574400","0.514881"
"2062890819","2072040293","0.798214"
"2072040293","2062890819","0.798214"
"1969433651","2029499721","0.625"
"2029499721","1969433651","0.625"
"1969433651","2035248116","0.689698"
"2035248116","1969433651","0.689698"
"1969433651","2069876997","0.375"
"2069876997","1969433651","0.375"
"1969433651","2143813851","0.125"
"2143813851","1969433651","0.125"
"1996958808","2029499721","2.125"
"2029499721","1996958808","2.125"
"2029499721","2035248116","0.125"
"2035248116","2029499721","0.125"
"2029499721","2059574400","0.125"
"2059574400","2029499721","0.125"
"2029499721","2069876997","0.125"
"2069876997","2029499721","0.125"
"2029499721","2072040293","0.125"
"2072040293","2029499721","0.125"
"2029499721","2096967357","0.125"
"2096967357","2029499721","0.125"
"2029499721","2143813851","0.125"
"2143813851","2029499721","0.125"
"2059574400","2069876997","0.125"
"2069876997","2059574400","0.125"
"2069876997","2072040293","0.125"
"2072040293","2069876997","0.125"
"2035248116","2069648394","0.333929"
"2069648394","2035248116","0.333929"
"2059574400","2069648394","1.26845"
"2069648394","2059574400","1.26845"
"1969433651","2047354536","0.564698"
"2047354536","1969433651","0.564698"
"1996383616","2047354536","0.564698"
"2047354536","1996383616","0.564698"
"2047354536","2062890819","0.7625"
"2062890819","2047354536","0.7625"
"2047354536","2069648394","0.833929"
"2069648394","2047354536","0.833929"
"2062890819","2069648394","1.02202"
"2069648394","2062890819","1.02202"
"2069648394","2072040293","0.851786"
"2072040293","2069648394","0.851786"
"1969433651","2588515328","0.864698"
"2588515328","1969433651","0.864698"
"2029499721","2588515328","0.5"
"2588515328","2029499721","0.5"
"1969433651","2007046992","0.531364"
"2007046992","1969433651","0.531364"
"2007046992","2069648394","0.443452"
"2069648394","2007046992","0.443452"
"1969433651","2018013541","0.364698"
"2018013541","1969433651","0.364698"
"1969433651","2020516462","0.364698"
"2020516462","1969433651","0.364698"
"1969433651","2059807746","0.364698"
"2059807746","1969433651","0.364698"
"1969433651","2067095775","0.302198"
"2067095775","1969433651","0.302198"
"1994838062","2018013541","8.06867"
"2018013541","1994838062","8.06867"
"1994838062","2059807746","0.364698"
"2059807746","1994838062","0.364698"
"1994838062","2067095775","0.302198"
"2067095775","1994838062","0.302198"
"1994838062","2588515328","0.489698"
"2588515328","1994838062","0.489698"
"1996383616","2018013541","0.475809"
"2018013541","1996383616","0.475809"
"1996383616","2059807746","0.564698"
"2059807746","1996383616","0.564698"
"1996383616","2067095775","0.302198"
"2067095775","1996383616","0.302198"
"1996383616","2588515328","0.656364"
"2588515328","1996383616","0.656364"
"1996958808","2059807746","1.5647"
"2059807746","1996958808","1.5647"
"1996958808","2067095775","0.302198"
"2067095775","1996958808","0.302198"
"1996958808","2588515328","0.656364"
"2588515328","1996958808","0.656364"
"2007046992","2018013541","1.952"
"2018013541","2007046992","1.952"
"2007046992","2059807746","0.364698"
"2059807746","2007046992","0.364698"
"2007046992","2067095775","0.302198"
"2067095775","2007046992","0.302198"
"2007046992","2588515328","0.364698"
"2588515328","2007046992","0.364698"
"2018013541","2020516462","1.25914"
"2020516462","2018013541","1.25914"
"2018013541","2059574400","2.31867"
"2059574400","2018013541","2.31867"
"2018013541","2059807746","0.364698"
"2059807746","2018013541","0.364698"
"2018013541","2067095775","0.302198"
"2067095775","2018013541","0.302198"
"2018013541","2072040293","1.26867"
"2072040293","2018013541","1.26867"
"2018013541","2588515328","0.364698"
"2588515328","2018013541","0.364698"
"2020516462","2059807746","0.864698"
"2059807746","2020516462","0.864698"
"2020516462","2067095775","0.302198"
"2067095775","2020516462","0.302198"
"2020516462","2588515328","0.489698"
"2588515328","2020516462","0.489698"
"2035248116","2059807746","0.364698"
"2059807746","2035248116","0.364698"
"2035248116","2067095775","0.302198"
"2067095775","2035248116","0.302198"
"2035248116","2588515328","0.364698"
"2588515328","2035248116","0.364698"
"2047354536","2059807746","0.364698"
"2059807746","2047354536","0.364698"
"2047354536","2067095775","0.302198"
"2067095775","2047354536","0.302198"
"2047354536","2588515328","0.364698"
"2588515328","2047354536","0.364698"
"2059574400","2059807746","0.364698"
"2059807746","2059574400","0.364698"
"2059574400","2067095775","0.302198"
"2067095775","2059574400","0.302198"
"2059574400","2588515328","0.489698"
"2588515328","2059574400","0.489698"
"2059807746","2067095775","0.302198"
"2067095775","2059807746","0.302198"
"2059807746","2072040293","0.364698"
"2072040293","2059807746","0.364698"
"2059807746","2588515328","0.364698"
"2588515328","2059807746","0.364698"
"2067095775","2072040293","0.302198"
"2072040293","2067095775","0.302198"
"2067095775","2588515328","0.302198"
"2588515328","2067095775","0.302198"
"2072040293","2588515328","0.489698"
"2588515328","2072040293","0.489698"
"2018013541","2069648394","0.276786"
"2069648394","2018013541","0.276786"
"2020516462","2069648394","0.258929"
"2069648394","2020516462","0.258929"
"2059807746","2069648394","0.133929"
"2069648394","2059807746","0.133929"
"2067095775","2069648394","0.0714286"
"2069648394","2067095775","0.0714286"
"2069648394","2588515328","0.258929"
"2588515328","2069648394","0.258929"
"1969433651","2610774014","0.0625"
"2610774014","1969433651","0.0625"
"1994838062","2610774014","0.0625"
"2610774014","1994838062","0.0625"
"1996383616","2610774014","0.0625"
"2610774014","1996383616","0.0625"
"1996958808","2610774014","0.0625"
"2610774014","1996958808","0.0625"
"2007046992","2610774014","0.0625"
"2610774014","2007046992","0.0625"
"2018013541","2062890819","0.205357"
"2062890819","2018013541","0.205357"
"2018013541","2096967357","0.649802"
"2096967357","2018013541","0.649802"
"2018013541","2610774014","0.0625"
"2610774014","2018013541","0.0625"
"2020516462","2610774014","0.0625"
"2610774014","2020516462","0.0625"
"2035248116","2610774014","0.0625"
"2610774014","2035248116","0.0625"
"2047354536","2610774014","0.0625"
"2610774014","2047354536","0.0625"
"2059574400","2610774014","0.0625"
"2610774014","2059574400","0.0625"
"2059807746","2062890819","0.2625"
"2062890819","2059807746","0.2625"
"2059807746","2610774014","0.0625"
"2610774014","2059807746","0.0625"
"2062890819","2588515328","0.229167"
"2588515328","2062890819","0.229167"
"2062890819","2610774014","0.0625"
"2610774014","2062890819","0.0625"
"2069648394","2610774014","0.0625"
"2610774014","2069648394","0.0625"
"2072040293","2610774014","0.0625"
"2610774014","2072040293","0.0625"
"2096967357","2588515328","0.1875"
"2588515328","2096967357","0.1875"
"2096967357","2610774014","0.0625"
"2610774014","2096967357","0.0625"
"2588515328","2610774014","0.0625"
"2610774014","2588515328","0.0625"
"1969433651","2123666635","0.25"
"2123666635","1969433651","0.25"
"1994838062","2123666635","0.25"
"2123666635","1994838062","0.25"
"1996383616","2123666635","0.416667"
"2123666635","1996383616","0.416667"
"2069876997","2123666635","0.25"
"2123666635","2069876997","0.25"
"1975176769","2047354536","0.25"
"2047354536","1975176769","0.25"
"1975176769","2059574400","0.866667"
"2059574400","1975176769","0.866667"
"1975176769","2114546539","0.166667"
"2114546539","1975176769","0.166667"
"1986123875","2114546539","0.166667"
"2114546539","1986123875","0.166667"
"1994838062","2114546539","0.166667"
"2114546539","1994838062","0.166667"
"1996958808","2114546539","0.166667"
"2114546539","1996958808","0.166667"
"2018013541","2114546539","0.166667"
"2114546539","2018013541","0.166667"
"2059574400","2114546539","0.166667"
"2114546539","2059574400","0.166667"
"1975176769","2072040293","0.2"
"2072040293","1975176769","0.2"
"1975176769","2020516462","0.25"
"2020516462","1975176769","0.25"
"1980979625","1996383616","0.416667"
"1996383616","1980979625","0.416667"
"1980979625","2069876997","0.25"
"2069876997","1980979625","0.25"
"1980979625","2096967357","0.25"
"2096967357","1980979625","0.25"
"1980979625","2137670025","1.41667"
"2137670025","1980979625","1.41667"
"1996383616","2137670025","0.916667"
"2137670025","1996383616","0.916667"
"2069876997","2137670025","0.25"
"2137670025","2069876997","0.25"
"1980979625","1996958808","0.166667"
"1996958808","1980979625","0.166667"
"1980979625","2062890819","0.166667"
"2062890819","1980979625","0.166667"
"1980979625","2123666635","0.166667"
"2123666635","1980979625","0.166667"
"1980979625","2588515328","0.166667"
"2588515328","1980979625","0.166667"
"1996958808","2123666635","0.166667"
"2123666635","1996958808","0.166667"
"2062890819","2123666635","0.166667"
"2123666635","2062890819","0.166667"
"2062890819","2137670025","0.166667"
"2137670025","2062890819","0.166667"
"2123666635","2137670025","0.166667"
"2137670025","2123666635","0.166667"
"2123666635","2588515328","0.166667"
"2588515328","2123666635","0.166667"
"2137670025","2588515328","0.166667"
"2588515328","2137670025","0.166667"
"1982115512","1994838062","0.783333"
"1994838062","1982115512","0.783333"
"1982115512","2020516462","0.783333"
"2020516462","1982115512","0.783333"
"1982115512","2072040293","1.86667"
"2072040293","1982115512","1.86667"
"1982115512","2059574400","1.25"
"2059574400","1982115512","1.25"
"1986123875","2157233321","0.5"
"2157233321","1986123875","0.5"
"2007046992","2157233321","1.5"
"2157233321","2007046992","1.5"
"1986123875","2059807746","1.7"
"2059807746","1986123875","1.7"
"1986123875","2611006519","0.5"
"2611006519","1986123875","0.5"
"1996958808","2611006519","0.5"
"2611006519","1996958808","0.5"
"2072040293","2162728337","0.25"
"2162728337","2072040293","0.25"
"1998342376","2035248116","0.333333"
"2035248116","1998342376","0.333333"
"2020516462","2029499721","1"
"2029499721","2020516462","1"
"2047354536","2143813851","1"
"2143813851","2047354536","1"
