"1552721381","1757668483","2.7631"
"1757668483","1552721381","2.7631"
"1552721381","1961647136","10.0131"
"1961647136","1552721381","10.0131"
"1552721381","2107084678","1.47976"
"2107084678","1552721381","1.47976"
"1552721381","2142723198","1.07143"
"2142723198","1552721381","1.07143"
"1552721381","2152316548","21.1798"
"2152316548","1552721381","21.1798"
"1552721381","2164631889","1.0631"
"2164631889","1552721381","1.0631"
"1757668483","1961647136","2.5131"
"1961647136","1757668483","2.5131"
"1757668483","2107084678","1.14643"
"2107084678","1757668483","1.14643"
"1757668483","2142723198","0.238095"
"2142723198","1757668483","0.238095"
"1757668483","2152316548","5.67976"
"2152316548","1757668483","5.67976"
"1757668483","2164631889","0.563095"
"2164631889","1757668483","0.563095"
"1961647136","2107084678","3.92976"
"2107084678","1961647136","3.92976"
"1961647136","2142723198","1.7381"
"2142723198","1961647136","1.7381"
"1961647136","2152316548","19.7226"
"2152316548","1961647136","19.7226"
"1961647136","2164631889","3.0631"
"2164631889","1961647136","3.0631"
"2107084678","2142723198","0.238095"
"2142723198","2107084678","0.238095"
"2107084678","2152316548","2.0131"
"2152316548","2107084678","2.0131"
"2107084678","2164631889","1.5631"
"2164631889","2107084678","1.5631"
"2142723198","2152316548","1.2381"
"2152316548","2142723198","1.2381"
"2142723198","2164631889","0.238095"
"2164631889","2142723198","0.238095"
"2152316548","2164631889","4.0631"
"2164631889","2152316548","4.0631"
"1552721381","1981874287","2.2381"
"1981874287","1552721381","2.2381"
"1981874287","2152316548","0.904762"
"2152316548","1981874287","0.904762"
"1552721381","2025873817","0.333333"
"2025873817","1552721381","0.333333"
"1981874287","2025873817","1.33333"
"2025873817","1981874287","1.33333"
"2025873817","2152316548","0.333333"
"2152316548","2025873817","0.333333"
"1552721381","2017161937","1.85476"
"2017161937","1552721381","1.85476"
"2017161937","2152316548","3.35476"
"2152316548","2017161937","3.35476"
"1552721381","2082214255","0.979762"
"2082214255","1552721381","0.979762"
"1757668483","2017161937","0.521429"
"2017161937","1757668483","0.521429"
"1757668483","2082214255","0.646429"
"2082214255","1757668483","0.646429"
"2017161937","2082214255","0.521429"
"2082214255","2017161937","0.521429"
"2082214255","2152316548","0.979762"
"2152316548","2082214255","0.979762"
"1552721381","2139794670","0.333333"
"2139794670","1552721381","0.333333"
"1981874287","2139794670","0.333333"
"2139794670","1981874287","0.333333"
"1981874287","2142723198","0.404762"
"2142723198","1981874287","0.404762"
"2139794670","2142723198","0.333333"
"2142723198","2139794670","0.333333"
"1961647136","2082214255","2.22976"
"2082214255","1961647136","2.22976"
"1552721381","8342981","2"
"8342981","1552721381","2"
"1552721381","2096284813","0.446429"
"2096284813","1552721381","0.446429"
"1552721381","2098800169","0.625"
"2098800169","1552721381","0.625"
"1757668483","2096284813","0.446429"
"2096284813","1757668483","0.446429"
"1757668483","2098800169","0.125"
"2098800169","1757668483","0.125"
"1961647136","2096284813","11.656"
"2096284813","1961647136","11.656"
"1961647136","2098800169","1.125"
"2098800169","1961647136","1.125"
"2082214255","2096284813","0.196429"
"2096284813","2082214255","0.196429"
"2082214255","2098800169","0.125"
"2098800169","2082214255","0.125"
"2082214255","2107084678","0.196429"
"2107084678","2082214255","0.196429"
"2082214255","2164631889","0.696429"
"2164631889","2082214255","0.696429"
"2096284813","2098800169","0.125"
"2098800169","2096284813","0.125"
"2096284813","2107084678","0.646429"
"2107084678","2096284813","0.646429"
"2096284813","2152316548","3.23929"
"2152316548","2096284813","3.23929"
"2096284813","2164631889","0.196429"
"2164631889","2096284813","0.196429"
"2098800169","2107084678","0.125"
"2107084678","2098800169","0.125"
"2098800169","2152316548","0.125"
"2152316548","2098800169","0.125"
"2098800169","2164631889","0.125"
"2164631889","2098800169","0.125"
"1961647136","2017161937","1.60476"
"2017161937","1961647136","1.60476"
"2017161937","2098800169","0.5"
"2098800169","2017161937","0.5"
"1552721381","2045235821","0.333333"
"2045235821","1552721381","0.333333"
"1961647136","2045235821","5.45952"
"2045235821","1961647136","5.45952"
"2045235821","2107084678","0.783333"
"2107084678","2045235821","0.783333"
"1552721381","1565199019","0.0714286"
"1565199019","1552721381","0.0714286"
"1552721381","1984262409","0.0714286"
"1984262409","1552721381","0.0714286"
"1552721381","2021576668","0.0714286"
"2021576668","1552721381","0.0714286"
"1552721381","2039527009","0.0714286"
"2039527009","1552721381","0.0714286"
"1565199019","1757668483","0.0714286"
"1757668483","1565199019","0.0714286"
"1565199019","1961647136","2.07143"
"1961647136","1565199019","2.07143"
"1565199019","1981874287","0.0714286"
"1981874287","1565199019","0.0714286"
"1565199019","1984262409","0.0714286"
"1984262409","1565199019","0.0714286"
"1565199019","2017161937","0.0714286"
"2017161937","1565199019","0.0714286"
"1565199019","2021576668","0.0714286"
"2021576668","1565199019","0.0714286"
"1565199019","2039527009","0.0714286"
"2039527009","1565199019","0.0714286"
"1565199019","2082214255","0.0714286"
"2082214255","1565199019","0.0714286"
"1565199019","2096284813","0.0714286"
"2096284813","1565199019","0.0714286"
"1565199019","2107084678","0.0714286"
"2107084678","1565199019","0.0714286"
"1565199019","2142723198","0.0714286"
"2142723198","1565199019","0.0714286"
"1565199019","2152316548","0.0714286"
"2152316548","1565199019","0.0714286"
"1565199019","2164631889","0.0714286"
"2164631889","1565199019","0.0714286"
"1757668483","1981874287","0.0714286"
"1981874287","1757668483","0.0714286"
"1757668483","1984262409","0.0714286"
"1984262409","1757668483","0.0714286"
"1757668483","2021576668","0.0714286"
"2021576668","1757668483","0.0714286"
"1757668483","2039527009","0.0714286"
"2039527009","1757668483","0.0714286"
"1961647136","1981874287","1.07143"
"1981874287","1961647136","1.07143"
"1961647136","1984262409","0.0714286"
"1984262409","1961647136","0.0714286"
"1961647136","2021576668","0.0714286"
"2021576668","1961647136","0.0714286"
"1961647136","2039527009","0.0714286"
"2039527009","1961647136","0.0714286"
"1981874287","1984262409","0.0714286"
"1984262409","1981874287","0.0714286"
"1981874287","2017161937","0.0714286"
"2017161937","1981874287","0.0714286"
"1981874287","2021576668","0.0714286"
"2021576668","1981874287","0.0714286"
"1981874287","2039527009","41.0714"
"2039527009","1981874287","41.0714"
"1981874287","2082214255","0.0714286"
"2082214255","1981874287","0.0714286"
"1981874287","2096284813","0.0714286"
"2096284813","1981874287","0.0714286"
"1981874287","2107084678","0.0714286"
"2107084678","1981874287","0.0714286"
"1981874287","2164631889","1.07143"
"2164631889","1981874287","1.07143"
"1984262409","2017161937","0.0714286"
"2017161937","1984262409","0.0714286"
"1984262409","2021576668","0.0714286"
"2021576668","1984262409","0.0714286"
"1984262409","2039527009","0.0714286"
"2039527009","1984262409","0.0714286"
"1984262409","2082214255","0.0714286"
"2082214255","1984262409","0.0714286"
"1984262409","2096284813","0.0714286"
"2096284813","1984262409","0.0714286"
"1984262409","2107084678","0.0714286"
"2107084678","1984262409","0.0714286"
"1984262409","2142723198","0.0714286"
"2142723198","1984262409","0.0714286"
"1984262409","2152316548","0.0714286"
"2152316548","1984262409","0.0714286"
"1984262409","2164631889","0.0714286"
"2164631889","1984262409","0.0714286"
"2017161937","2021576668","0.0714286"
"2021576668","2017161937","0.0714286"
"2017161937","2039527009","0.0714286"
"2039527009","2017161937","0.0714286"
"2017161937","2096284813","0.0714286"
"2096284813","2017161937","0.0714286"
"2017161937","2107084678","0.0714286"
"2107084678","2017161937","0.0714286"
"2017161937","2142723198","0.0714286"
"2142723198","2017161937","0.0714286"
"2017161937","2164631889","0.0714286"
"2164631889","2017161937","0.0714286"
"2021576668","2039527009","0.0714286"
"2039527009","2021576668","0.0714286"
"2021576668","2082214255","0.0714286"
"2082214255","2021576668","0.0714286"
"2021576668","2096284813","0.0714286"
"2096284813","2021576668","0.0714286"
"2021576668","2107084678","0.0714286"
"2107084678","2021576668","0.0714286"
"2021576668","2142723198","0.0714286"
"2142723198","2021576668","0.0714286"
"2021576668","2152316548","2.07143"
"2152316548","2021576668","2.07143"
"2021576668","2164631889","0.0714286"
"2164631889","2021576668","0.0714286"
"2039527009","2082214255","0.0714286"
"2082214255","2039527009","0.0714286"
"2039527009","2096284813","0.0714286"
"2096284813","2039527009","0.0714286"
"2039527009","2107084678","0.0714286"
"2107084678","2039527009","0.0714286"
"2039527009","2142723198","0.0714286"
"2142723198","2039527009","0.0714286"
"2039527009","2152316548","0.0714286"
"2152316548","2039527009","0.0714286"
"2039527009","2164631889","2.07143"
"2164631889","2039527009","2.07143"
"2082214255","2142723198","0.0714286"
"2142723198","2082214255","0.0714286"
"2096284813","2142723198","0.0714286"
"2142723198","2096284813","0.0714286"
"1565199019","2075585737","1"
"2075585737","1565199019","1"
"1961647136","2402869920","0.75"
"2402869920","1961647136","0.75"
"2045235821","2152316548","2.12619"
"2152316548","2045235821","2.12619"
"2045235821","2402869920","0.75"
"2402869920","2045235821","0.75"
"2107084678","2402869920","0.25"
"2402869920","2107084678","0.25"
"2152316548","2402869920","0.25"
"2402869920","2152316548","0.25"
"1961647136","2139794670","3"
"2139794670","1961647136","3"
"1961647136","2029731463","1.54286"
"2029731463","1961647136","1.54286"
"2029731463","2045235821","0.87619"
"2045235821","2029731463","0.87619"
"2029731463","2096284813","55.2095"
"2096284813","2029731463","55.2095"
"2029731463","2107084678","0.2"
"2107084678","2029731463","0.2"
"2029731463","2152316548","0.87619"
"2152316548","2029731463","0.87619"
"2045235821","2096284813","0.542857"
"2096284813","2045235821","0.542857"
"1961647136","2066555922","0.342857"
"2066555922","1961647136","0.342857"
"2029731463","2066555922","0.342857"
"2066555922","2029731463","0.342857"
"2045235821","2066555922","0.342857"
"2066555922","2045235821","0.342857"
"2066555922","2096284813","0.342857"
"2096284813","2066555922","0.342857"
"2066555922","2152316548","0.342857"
"2152316548","2066555922","0.342857"
"1961647136","2146715903","0.5"
"2146715903","1961647136","0.5"
"2096284813","2146715903","0.5"
"2146715903","2096284813","0.5"
"1961647136","2142226037","0.666667"
"2142226037","1961647136","0.666667"
"2029731463","2142226037","1.66667"
"2142226037","2029731463","1.66667"
"2096284813","2142226037","0.666667"
"2142226037","2096284813","0.666667"
"1961647136","2130723705","0.142857"
"2130723705","1961647136","0.142857"
"1961647136","2339802110","1.14286"
"2339802110","1961647136","1.14286"
"2029731463","2130723705","0.142857"
"2130723705","2029731463","0.142857"
"2029731463","2339802110","1.14286"
"2339802110","2029731463","1.14286"
"2045235821","2130723705","0.142857"
"2130723705","2045235821","0.142857"
"2045235821","2339802110","0.142857"
"2339802110","2045235821","0.142857"
"2066555922","2130723705","0.142857"
"2130723705","2066555922","0.142857"
"2066555922","2339802110","0.142857"
"2339802110","2066555922","0.142857"
"2096284813","2130723705","0.142857"
"2130723705","2096284813","0.142857"
"2096284813","2339802110","1.14286"
"2339802110","2096284813","1.14286"
"2130723705","2152316548","0.142857"
"2152316548","2130723705","0.142857"
"2130723705","2339802110","0.142857"
"2339802110","2130723705","0.142857"
"2152316548","2339802110","0.142857"
"2339802110","2152316548","0.142857"
"1961647136","2155546279","0.5"
"2155546279","1961647136","0.5"
"2045235821","2155546279","2"
"2155546279","2045235821","2"
"1961647136","1963774351","1"
"1963774351","1961647136","1"
"2025873817","2039527009","1"
"2039527009","2025873817","1"
"1984262409","2025873817","2"
"2025873817","1984262409","2"
"1984262409","2181748599","1"
"2181748599","1984262409","1"
"1986422448","2030781883","3.5"
"2030781883","1986422448","3.5"
"1986422448","2150623765","0.5"
"2150623765","1986422448","0.5"
"2030781883","2150623765","1.5"
"2150623765","2030781883","1.5"
"2045235821","2142723198","1.5"
"2142723198","2045235821","1.5"
"2142723198","2155546279","0.5"
"2155546279","2142723198","0.5"
"2045235821","2139794670","2"
"2139794670","2045235821","2"
"2139794670","2152316548","1"
"2152316548","2139794670","1"
"2142723198","8342981","2"
"8342981","2142723198","2"
