"112166598","2137287596","1.5"
"2137287596","112166598","1.5"
"112166598","2163738319","1.83333"
"2163738319","112166598","1.83333"
"112166598","2295996570","0.5"
"2295996570","112166598","0.5"
"2163738319","2295996570","2.45833"
"2295996570","2163738319","2.45833"
"2137287596","2163738319","0.75"
"2163738319","2137287596","0.75"
"112166598","121309595","0.25"
"121309595","112166598","0.25"
"112166598","1524517838","0.25"
"1524517838","112166598","0.25"
"112166598","2102329924","0.25"
"2102329924","112166598","0.25"
"112166598","2118691412","0.25"
"2118691412","112166598","0.25"
"121309595","1524517838","0.25"
"1524517838","121309595","0.25"
"121309595","2102329924","0.75"
"2102329924","121309595","0.75"
"121309595","2118691412","0.25"
"2118691412","121309595","0.25"
"1524517838","2102329924","0.25"
"2102329924","1524517838","0.25"
"1524517838","2118691412","0.25"
"2118691412","1524517838","0.25"
"2102329924","2118691412","13.1762"
"2118691412","2102329924","13.1762"
"112166598","2075707188","0.833333"
"2075707188","112166598","0.833333"
"2075707188","2163738319","3.16667"
"2163738319","2075707188","3.16667"
"112166598","2401523500","0.333333"
"2401523500","112166598","0.333333"
"2075707188","2401523500","0.666667"
"2401523500","2075707188","0.666667"
"2163738319","2401523500","0.333333"
"2401523500","2163738319","0.333333"
"121309595","2170183598","1.5"
"2170183598","121309595","1.5"
"2102329924","2170183598","5.58333"
"2170183598","2102329924","5.58333"
"1509532406","1988730997","1.5"
"1988730997","1509532406","1.5"
"1509532406","2030967234","3.325"
"2030967234","1509532406","3.325"
"1988730997","2030967234","9.75516"
"2030967234","1988730997","9.75516"
"1509532406","2017748193","0.958333"
"2017748193","1509532406","0.958333"
"1509532406","2064780509","1.83333"
"2064780509","1509532406","1.83333"
"1509532406","2093948066","5.16667"
"2093948066","1509532406","5.16667"
"2017748193","2064780509","2.97549"
"2064780509","2017748193","2.97549"
"2017748193","2093948066","5.67549"
"2093948066","2017748193","5.67549"
"2064780509","2093948066","15.0683"
"2093948066","2064780509","15.0683"
"1509532406","1518518238","0.658333"
"1518518238","1509532406","0.658333"
"1509532406","1836366273","0.658333"
"1836366273","1509532406","0.658333"
"1518518238","1836366273","3.77738"
"1836366273","1518518238","3.77738"
"1518518238","2030967234","1.64405"
"2030967234","1518518238","1.64405"
"1836366273","2030967234","2.57787"
"2030967234","1836366273","2.57787"
"2017748193","2030967234","3.08382"
"2030967234","2017748193","3.08382"
"2030967234","2093948066","4.67549"
"2093948066","2030967234","4.67549"
"2030967234","2064780509","2.69573"
"2064780509","2030967234","2.69573"
"1509532406","2145639828","0.2"
"2145639828","1509532406","0.2"
"1509532406","7371413","0.2"
"7371413","1509532406","0.2"
"1518518238","2145639828","0.2"
"2145639828","1518518238","0.2"
"1518518238","7371413","1.53333"
"7371413","1518518238","1.53333"
"1836366273","2145639828","0.45"
"2145639828","1836366273","0.45"
"1836366273","7371413","0.383824"
"7371413","1836366273","0.383824"
"2030967234","2145639828","1.93611"
"2145639828","2030967234","1.93611"
"2030967234","7371413","0.383824"
"7371413","2030967234","0.383824"
"2145639828","7371413","0.2"
"7371413","2145639828","0.2"
"1509532406","2024975023","1"
"2024975023","1509532406","1"
"1509532406","2006994525","1"
"2006994525","1509532406","1"
"2006994525","2030967234","1.67619"
"2030967234","2006994525","1.67619"
"1509532406","2100911854","2"
"2100911854","1509532406","2"
"1988730997","2064780509","6.42857"
"2064780509","1988730997","6.42857"
"1509532406","2032998643","0.25"
"2032998643","1509532406","0.25"
"1509532406","2098032141","0.25"
"2098032141","1509532406","0.25"
"1509532406","2110621799","0.25"
"2110621799","1509532406","0.25"
"1509532406","2129770723","0.25"
"2129770723","1509532406","0.25"
"2032998643","2098032141","8.72619"
"2098032141","2032998643","8.72619"
"2032998643","2110621799","0.892157"
"2110621799","2032998643","0.892157"
"2032998643","2129770723","0.937792"
"2129770723","2032998643","0.937792"
"2098032141","2110621799","4.00952"
"2110621799","2098032141","4.00952"
"2098032141","2129770723","0.392857"
"2129770723","2098032141","0.392857"
"2110621799","2129770723","1.93382"
"2129770723","2110621799","1.93382"
"1509532406","1796276786","0.5"
"1796276786","1509532406","0.5"
"1796276786","2030967234","6.97113"
"2030967234","1796276786","6.97113"
"1988730997","2093948066","15.3429"
"2093948066","1988730997","15.3429"
"1509532406","2111932147","1.125"
"2111932147","1509532406","1.125"
"1509532406","2060728967","0.125"
"2060728967","1509532406","0.125"
"1509532406","3021280188","0.125"
"3021280188","1509532406","0.125"
"1509532406","77014356","0.125"
"77014356","1509532406","0.125"
"1518518238","2017748193","2.325"
"2017748193","1518518238","2.325"
"1518518238","2060728967","0.458333"
"2060728967","1518518238","0.458333"
"1518518238","2111932147","0.125"
"2111932147","1518518238","0.125"
"1518518238","3021280188","1.79167"
"3021280188","1518518238","1.79167"
"1518518238","77014356","0.125"
"77014356","1518518238","0.125"
"1836366273","2017748193","3.71716"
"2017748193","1836366273","3.71716"
"1836366273","2060728967","0.458333"
"2060728967","1836366273","0.458333"
"1836366273","2111932147","0.183824"
"2111932147","1836366273","0.183824"
"1836366273","3021280188","0.625"
"3021280188","1836366273","0.625"
"1836366273","77014356","0.433824"
"77014356","1836366273","0.433824"
"2017748193","2060728967","0.125"
"2060728967","2017748193","0.125"
"2017748193","2111932147","0.683824"
"2111932147","2017748193","0.683824"
"2017748193","3021280188","0.125"
"3021280188","2017748193","0.125"
"2017748193","77014356","0.183824"
"77014356","2017748193","0.183824"
"2030967234","2060728967","0.125"
"2060728967","2030967234","0.125"
"2030967234","2111932147","0.562792"
"2111932147","2030967234","0.562792"
"2030967234","3021280188","0.125"
"3021280188","2030967234","0.125"
"2030967234","77014356","0.433824"
"77014356","2030967234","0.433824"
"2060728967","2111932147","0.125"
"2111932147","2060728967","0.125"
"2060728967","3021280188","0.125"
"3021280188","2060728967","0.125"
"2060728967","77014356","0.125"
"77014356","2060728967","0.125"
"2111932147","3021280188","0.125"
"3021280188","2111932147","0.125"
"2111932147","77014356","0.183824"
"77014356","2111932147","0.183824"
"3021280188","77014356","0.125"
"77014356","3021280188","0.125"
"1509532406","2125399815","0.166667"
"2125399815","1509532406","0.166667"
"1509532406","2159418635","0.166667"
"2159418635","1509532406","0.166667"
"1509532406","2295996570","0.166667"
"2295996570","1509532406","0.166667"
"2017748193","2125399815","5.08333"
"2125399815","2017748193","5.08333"
"2017748193","2159418635","0.166667"
"2159418635","2017748193","0.166667"
"2017748193","2295996570","0.166667"
"2295996570","2017748193","0.166667"
"2064780509","2125399815","3.61905"
"2125399815","2064780509","3.61905"
"2064780509","2159418635","0.166667"
"2159418635","2064780509","0.166667"
"2064780509","2295996570","0.166667"
"2295996570","2064780509","0.166667"
"2093948066","2125399815","0.5"
"2125399815","2093948066","0.5"
"2093948066","2159418635","0.767857"
"2159418635","2093948066","0.767857"
"2093948066","2295996570","1.16667"
"2295996570","2093948066","1.16667"
"2125399815","2159418635","0.666667"
"2159418635","2125399815","0.666667"
"2125399815","2295996570","0.291667"
"2295996570","2125399815","0.291667"
"2159418635","2295996570","6.66667"
"2295996570","2159418635","6.66667"
"1518518238","2099227977","1"
"2099227977","1518518238","1"
"1518518238","2007218308","1"
"2007218308","1518518238","1"
"1518518238","2110621799","0.333333"
"2110621799","1518518238","0.333333"
"1518518238","2118299703","0.333333"
"2118299703","1518518238","0.333333"
"2007218308","2110621799","0.533333"
"2110621799","2007218308","0.533333"
"2007218308","2118299703","0.333333"
"2118299703","2007218308","0.333333"
"2110621799","2118299703","1.5"
"2118299703","2110621799","1.5"
"1518518238","2106183262","1"
"2106183262","1518518238","1"
"1518518238","1796276786","1.33333"
"1796276786","1518518238","1.33333"
"1518518238","2056287096","9.33333"
"2056287096","1518518238","9.33333"
"1796276786","2056287096","0.833333"
"2056287096","1796276786","0.833333"
"1518518238","2100911854","5.5"
"2100911854","1518518238","5.5"
"1518518238","2093948066","1.03333"
"2093948066","1518518238","1.03333"
"1836366273","2093948066","0.892157"
"2093948066","1836366273","0.892157"
"1518518238","1988730997","3.65238"
"1988730997","1518518238","3.65238"
"1988730997","3021280188","3"
"3021280188","1988730997","3"
"1518518238","2024975023","1.2"
"2024975023","1518518238","1.2"
"2007218308","2024975023","1.33333"
"2024975023","2007218308","1.33333"
"2007218308","3021280188","0.666667"
"3021280188","2007218308","0.666667"
"2024975023","3021280188","0.809524"
"3021280188","2024975023","0.809524"
"2056287096","2100911854","5.5"
"2100911854","2056287096","5.5"
"1518518238","1996095015","0.285714"
"1996095015","1518518238","0.285714"
"1518518238","2064780509","0.285714"
"2064780509","1518518238","0.285714"
"1518518238","2100229533","0.285714"
"2100229533","1518518238","0.285714"
"1518518238","2125399815","0.285714"
"2125399815","1518518238","0.285714"
"1836366273","1988730997","2.81905"
"1988730997","1836366273","2.81905"
"1836366273","1996095015","0.785714"
"1996095015","1836366273","0.785714"
"1836366273","2064780509","1.1362"
"2064780509","1836366273","1.1362"
"1836366273","2100229533","2.57738"
"2100229533","1836366273","2.57738"
"1836366273","2125399815","1.78571"
"2125399815","1836366273","1.78571"
"1988730997","1996095015","1.35516"
"1996095015","1988730997","1.35516"
"1988730997","2100229533","3.59524"
"2100229533","1988730997","3.59524"
"1988730997","2125399815","4.70238"
"2125399815","1988730997","4.70238"
"1996095015","2030967234","2.02183"
"2030967234","1996095015","2.02183"
"1996095015","2064780509","0.452381"
"2064780509","1996095015","0.452381"
"1996095015","2100229533","0.452381"
"2100229533","1996095015","0.452381"
"1996095015","2125399815","0.452381"
"2125399815","1996095015","0.452381"
"2030967234","2100229533","1.24405"
"2100229533","2030967234","1.24405"
"2030967234","2125399815","1.11905"
"2125399815","2030967234","1.11905"
"2064780509","2100229533","1.47024"
"2100229533","2064780509","1.47024"
"2100229533","2125399815","1.61905"
"2125399815","2100229533","1.61905"
"2024975023","2060728967","0.333333"
"2060728967","2024975023","0.333333"
"2024975023","7371413","2.25"
"7371413","2024975023","2.25"
"2060728967","7371413","0.333333"
"7371413","2060728967","0.333333"
"1988730997","2017748193","9.4"
"2017748193","1988730997","9.4"
"1988730997","2024975023","2.61667"
"2024975023","1988730997","2.61667"
"2017748193","2024975023","0.533333"
"2024975023","2017748193","0.533333"
"2024975023","2030967234","2.56667"
"2030967234","2024975023","2.56667"
"2024975023","2093948066","1.2"
"2093948066","2024975023","1.2"
"1796276786","1988730997","8.73611"
"1988730997","1796276786","8.73611"
"1988730997","2056287096","0.333333"
"2056287096","1988730997","0.333333"
"1518518238","2125688234","0.5"
"2125688234","1518518238","0.5"
"2125688234","3021280188","0.5"
"3021280188","2125688234","0.5"
"1524517838","2152560486","1"
"2152560486","1524517838","1"
"1546523996","2118691412","3.5"
"2118691412","1546523996","3.5"
"1546523996","2158809348","0.5"
"2158809348","1546523996","0.5"
"2118691412","2158809348","0.75"
"2158809348","2118691412","0.75"
"1546523996","1836366273","0.666667"
"1836366273","1546523996","0.666667"
"1546523996","2017748193","1.91667"
"2017748193","1546523996","1.91667"
"1546523996","2125399815","4.45"
"2125399815","1546523996","4.45"
"1546523996","2110621799","1"
"2110621799","1546523996","1"
"1546523996","2059613686","1.2"
"2059613686","1546523996","1.2"
"1546523996","2125688234","0.2"
"2125688234","1546523996","0.2"
"1546523996","2137287596","0.2"
"2137287596","1546523996","0.2"
"1546523996","2159514065","1.45"
"2159514065","1546523996","1.45"
"2059613686","2125399815","1.2"
"2125399815","2059613686","1.2"
"2059613686","2125688234","0.2"
"2125688234","2059613686","0.2"
"2059613686","2137287596","0.2"
"2137287596","2059613686","0.2"
"2059613686","2159514065","1.2"
"2159514065","2059613686","1.2"
"2125399815","2125688234","0.2"
"2125688234","2125399815","0.2"
"2125399815","2137287596","0.2"
"2137287596","2125399815","0.2"
"2125399815","2159514065","4.90833"
"2159514065","2125399815","4.90833"
"2125688234","2137287596","0.533333"
"2137287596","2125688234","0.533333"
"2125688234","2159514065","0.2"
"2159514065","2125688234","0.2"
"2137287596","2159514065","1.03333"
"2159514065","2137287596","1.03333"
"1546523996","2106183262","1"
"2106183262","1546523996","1"
"1546523996","2112915525","1.5"
"2112915525","1546523996","1.5"
"1546523996","1988730997","0.333333"
"1988730997","1546523996","0.333333"
"1546523996","2006994525","0.583333"
"2006994525","1546523996","0.583333"
"1988730997","2006994525","7.86667"
"2006994525","1988730997","7.86667"
"2006994525","2125399815","1.08333"
"2125399815","2006994525","1.08333"
"2112915525","2159514065","4.85049"
"2159514065","2112915525","4.85049"
"1546523996","2030967234","0.5"
"2030967234","1546523996","0.5"
"2006994525","2017748193","0.783333"
"2017748193","2006994525","0.783333"
"2006994525","2159514065","0.75"
"2159514065","2006994525","0.75"
"2017748193","2159514065","0.308824"
"2159514065","2017748193","0.308824"
"156802570","2093948066","1.33333"
"2093948066","156802570","1.33333"
"156802570","2083973706","0.5"
"2083973706","156802570","0.5"
"156802570","2158809348","0.5"
"2158809348","156802570","0.5"
"2083973706","2158809348","1.5"
"2158809348","2083973706","1.5"
"156802570","1988730997","1"
"1988730997","156802570","1"
"156802570","2064780509","0.333333"
"2064780509","156802570","0.333333"
"156802570","2098032141","0.333333"
"2098032141","156802570","0.333333"
"2064780509","2098032141","5.65238"
"2098032141","2064780509","5.65238"
"2093948066","2098032141","3.75952"
"2098032141","2093948066","3.75952"
"1598266420","2102329924","1.25"
"2102329924","1598266420","1.25"
"1598266420","2106183262","0.5"
"2106183262","1598266420","0.5"
"2102329924","2106183262","5.28333"
"2106183262","2102329924","5.28333"
"1598266420","2118691412","1.75"
"2118691412","1598266420","1.75"
"1598266420","1997673274","0.25"
"1997673274","1598266420","0.25"
"1598266420","2112915525","0.25"
"2112915525","1598266420","0.25"
"1997673274","2102329924","1.75"
"2102329924","1997673274","1.75"
"1997673274","2112915525","1.25"
"2112915525","1997673274","1.25"
"1997673274","2118691412","5.25"
"2118691412","1997673274","5.25"
"2102329924","2112915525","6.42619"
"2112915525","2102329924","6.42619"
"2112915525","2118691412","5.34286"
"2118691412","2112915525","5.34286"
"1759602482","2102329924","1.21786"
"2102329924","1759602482","1.21786"
"1759602482","2112915525","2.71786"
"2112915525","1759602482","2.71786"
"1759602482","2100911854","1.25"
"2100911854","1759602482","1.25"
"1759602482","2093948066","0.267857"
"2093948066","1759602482","0.267857"
"1759602482","2118691412","1.13452"
"2118691412","1759602482","1.13452"
"1759602482","2137287596","0.60119"
"2137287596","1759602482","0.60119"
"1759602482","2145639828","0.767857"
"2145639828","1759602482","0.767857"
"1759602482","2159418635","0.267857"
"2159418635","1759602482","0.267857"
"1759602482","2170183598","0.125"
"2170183598","1759602482","0.125"
"2093948066","2102329924","0.85119"
"2102329924","2093948066","0.85119"
"2093948066","2112915525","1.16001"
"2112915525","2093948066","1.16001"
"2093948066","2118691412","0.267857"
"2118691412","2093948066","0.267857"
"2093948066","2137287596","0.267857"
"2137287596","2093948066","0.267857"
"2093948066","2145639828","0.60119"
"2145639828","2093948066","0.60119"
"2093948066","2170183598","0.125"
"2170183598","2093948066","0.125"
"2102329924","2137287596","0.267857"
"2137287596","2102329924","0.267857"
"2102329924","2145639828","0.267857"
"2145639828","2102329924","0.267857"
"2102329924","2159418635","1.26786"
"2159418635","2102329924","1.26786"
"2112915525","2137287596","3.60119"
"2137287596","2112915525","3.60119"
"2112915525","2145639828","0.517857"
"2145639828","2112915525","0.517857"
"2112915525","2159418635","0.60119"
"2159418635","2112915525","0.60119"
"2112915525","2170183598","0.25"
"2170183598","2112915525","0.25"
"2118691412","2137287596","5.35119"
"2137287596","2118691412","5.35119"
"2118691412","2145639828","0.267857"
"2145639828","2118691412","0.267857"
"2118691412","2159418635","1.93452"
"2159418635","2118691412","1.93452"
"2118691412","2170183598","1.58333"
"2170183598","2118691412","1.58333"
"2137287596","2145639828","0.267857"
"2145639828","2137287596","0.267857"
"2137287596","2159418635","1.26786"
"2159418635","2137287596","1.26786"
"2137287596","2170183598","0.125"
"2170183598","2137287596","0.125"
"2145639828","2159418635","0.267857"
"2159418635","2145639828","0.267857"
"2145639828","2170183598","0.125"
"2170183598","2145639828","0.125"
"2159418635","2170183598","0.625"
"2170183598","2159418635","0.625"
"1759602482","2011772782","0.583333"
"2011772782","1759602482","0.583333"
"2011772782","2112915525","0.583333"
"2112915525","2011772782","0.583333"
"2011772782","2118691412","0.333333"
"2118691412","2011772782","0.333333"
"1759602482","2060728967","1.5"
"2060728967","1759602482","1.5"
"1759602482","2088938196","0.75"
"2088938196","1759602482","0.75"
"1759602482","2125399815","0.25"
"2125399815","1759602482","0.25"
"2011772782","2088938196","0.25"
"2088938196","2011772782","0.25"
"2011772782","2125399815","2.25"
"2125399815","2011772782","2.25"
"2088938196","2112915525","0.933824"
"2112915525","2088938196","0.933824"
"2088938196","2125399815","1.375"
"2125399815","2088938196","1.375"
"2112915525","2125399815","0.708333"
"2125399815","2112915525","0.708333"
"1759602482","2100229533","0.866667"
"2100229533","1759602482","0.866667"
"1759602482","2118299703","1.16667"
"2118299703","1759602482","1.16667"
"1759602482","2125688234","0.333333"
"2125688234","1759602482","0.333333"
"2100229533","2118299703","0.333333"
"2118299703","2100229533","0.333333"
"2100229533","2125688234","0.333333"
"2125688234","2100229533","0.333333"
"2118299703","2125688234","6.83333"
"2125688234","2118299703","6.83333"
"2060728967","2088938196","0.5"
"2088938196","2060728967","0.5"
"1759602482","1978219384","0.583333"
"1978219384","1759602482","0.583333"
"1978219384","2112915525","2.97549"
"2112915525","1978219384","2.97549"
"1978219384","2118299703","3.91667"
"2118299703","1978219384","3.91667"
"1978219384","2145639828","0.25"
"2145639828","1978219384","0.25"
"2112915525","2118299703","0.916667"
"2118299703","2112915525","0.916667"
"2118299703","2145639828","0.5"
"2145639828","2118299703","0.5"
"1759602482","2106183262","0.45"
"2106183262","1759602482","0.45"
"1759602482","2166017748","0.25"
"2166017748","1759602482","0.25"
"2102329924","2166017748","0.25"
"2166017748","2102329924","0.25"
"2106183262","2112915525","1.78333"
"2112915525","2106183262","1.78333"
"2106183262","2166017748","0.25"
"2166017748","2106183262","0.25"
"2112915525","2166017748","0.25"
"2166017748","2112915525","0.25"
"2100229533","2112915525","1.03333"
"2112915525","2100229533","1.03333"
"2100229533","2118691412","0.533333"
"2118691412","2100229533","0.533333"
"1759602482","2159514065","0.333333"
"2159514065","1759602482","0.333333"
"2100229533","2102329924","0.2"
"2102329924","2100229533","0.2"
"2100229533","2106183262","0.2"
"2106183262","2100229533","0.2"
"2106183262","2118691412","9.86667"
"2118691412","2106183262","9.86667"
"1759602482","2110621799","0.333333"
"2110621799","1759602482","0.333333"
"1978219384","2110621799","0.535014"
"2110621799","1978219384","0.535014"
"1759602482","2030967234","0.25"
"2030967234","1759602482","0.25"
"2030967234","2100911854","4.64216"
"2100911854","2030967234","4.64216"
"2030967234","2118299703","0.392857"
"2118299703","2030967234","0.392857"
"2100911854","2118299703","0.25"
"2118299703","2100911854","0.25"
"2100911854","2145639828","0.5"
"2145639828","2100911854","0.5"
"1796276786","2000703105","3.09216"
"2000703105","1796276786","3.09216"
"1796276786","2093948066","3.05882"
"2093948066","1796276786","3.05882"
"1988730997","2000703105","12"
"2000703105","1988730997","12"
"2000703105","2093948066","6.22549"
"2093948066","2000703105","6.22549"
"1796276786","1836366273","0.558824"
"1836366273","1796276786","0.558824"
"1796276786","1978219384","0.0588235"
"1978219384","1796276786","0.0588235"
"1796276786","2017748193","1.39216"
"2017748193","1796276786","1.39216"
"1796276786","2032998643","0.544935"
"2032998643","1796276786","0.544935"
"1796276786","2064780509","0.535014"
"2064780509","1796276786","0.535014"
"1796276786","2088938196","0.0588235"
"2088938196","1796276786","0.0588235"
"1796276786","2100911854","0.558824"
"2100911854","1796276786","0.558824"
"1796276786","2110621799","0.508824"
"2110621799","1796276786","0.508824"
"1796276786","2111932147","3.10446"
"2111932147","1796276786","3.10446"
"1796276786","2112915525","0.0588235"
"2112915525","1796276786","0.0588235"
"1796276786","2129770723","0.711601"
"2129770723","1796276786","0.711601"
"1796276786","2159514065","0.0588235"
"2159514065","1796276786","0.0588235"
"1796276786","7371413","0.0588235"
"7371413","1796276786","0.0588235"
"1796276786","77014356","0.0588235"
"77014356","1796276786","0.0588235"
"1836366273","1978219384","0.0588235"
"1978219384","1836366273","0.0588235"
"1836366273","2000703105","0.0588235"
"2000703105","1836366273","0.0588235"
"1836366273","2032998643","0.0588235"
"2032998643","1836366273","0.0588235"
"1836366273","2088938196","0.892157"
"2088938196","1836366273","0.892157"
"1836366273","2100911854","0.642157"
"2100911854","1836366273","0.642157"
"1836366273","2110621799","1.18382"
"2110621799","1836366273","1.18382"
"1836366273","2112915525","0.0588235"
"2112915525","1836366273","0.0588235"
"1836366273","2129770723","2.68382"
"2129770723","1836366273","2.68382"
"1836366273","2159514065","0.183824"
"2159514065","1836366273","0.183824"
"1978219384","2000703105","0.558824"
"2000703105","1978219384","0.558824"
"1978219384","2017748193","0.0588235"
"2017748193","1978219384","0.0588235"
"1978219384","2030967234","1.05882"
"2030967234","1978219384","1.05882"
"1978219384","2032998643","0.0588235"
"2032998643","1978219384","0.0588235"
"1978219384","2064780509","0.201681"
"2064780509","1978219384","0.201681"
"1978219384","2088938196","0.558824"
"2088938196","1978219384","0.558824"
"1978219384","2093948066","0.701681"
"2093948066","1978219384","0.701681"
"1978219384","2100911854","0.201681"
"2100911854","1978219384","0.201681"
"1978219384","2111932147","0.0588235"
"2111932147","1978219384","0.0588235"
"1978219384","2129770723","0.0588235"
"2129770723","1978219384","0.0588235"
"1978219384","2159514065","0.0588235"
"2159514065","1978219384","0.0588235"
"1978219384","7371413","0.0588235"
"7371413","1978219384","0.0588235"
"1978219384","77014356","0.0588235"
"77014356","1978219384","0.0588235"
"2000703105","2017748193","0.558824"
"2017748193","2000703105","0.558824"
"2000703105","2030967234","3.09216"
"2030967234","2000703105","3.09216"
"2000703105","2032998643","1.20168"
"2032998643","2000703105","1.20168"
"2000703105","2064780509","2.39216"
"2064780509","2000703105","2.39216"
"2000703105","2088938196","0.558824"
"2088938196","2000703105","0.558824"
"2000703105","2100911854","6.22549"
"2100911854","2000703105","6.22549"
"2000703105","2110621799","1.75882"
"2110621799","2000703105","1.75882"
"2000703105","2111932147","2.05882"
"2111932147","2000703105","2.05882"
"2000703105","2112915525","0.558824"
"2112915525","2000703105","0.558824"
"2000703105","2129770723","1.53501"
"2129770723","2000703105","1.53501"
"2000703105","2159514065","0.0588235"
"2159514065","2000703105","0.0588235"
"2000703105","7371413","2.05882"
"7371413","2000703105","2.05882"
"2000703105","77014356","0.0588235"
"77014356","2000703105","0.0588235"
"2017748193","2032998643","0.0588235"
"2032998643","2017748193","0.0588235"
"2017748193","2088938196","0.0588235"
"2088938196","2017748193","0.0588235"
"2017748193","2100911854","1.14216"
"2100911854","2017748193","1.14216"
"2017748193","2110621799","0.0588235"
"2110621799","2017748193","0.0588235"
"2017748193","2112915525","0.0588235"
"2112915525","2017748193","0.0588235"
"2017748193","2129770723","0.0588235"
"2129770723","2017748193","0.0588235"
"2017748193","7371413","0.558824"
"7371413","2017748193","0.558824"
"2030967234","2032998643","0.544935"
"2032998643","2030967234","0.544935"
"2030967234","2088938196","0.392157"
"2088938196","2030967234","0.392157"
"2030967234","2110621799","1.88382"
"2110621799","2030967234","1.88382"
"2030967234","2112915525","0.0588235"
"2112915525","2030967234","0.0588235"
"2030967234","2129770723","1.41993"
"2129770723","2030967234","1.41993"
"2030967234","2159514065","0.183824"
"2159514065","2030967234","0.183824"
"2032998643","2064780509","0.308824"
"2064780509","2032998643","0.308824"
"2032998643","2088938196","0.0588235"
"2088938196","2032998643","0.0588235"
"2032998643","2093948066","5.30882"
"2093948066","2032998643","5.30882"
"2032998643","2100911854","1.30882"
"2100911854","2032998643","1.30882"
"2032998643","2111932147","0.628268"
"2111932147","2032998643","0.628268"
"2032998643","2112915525","0.0588235"
"2112915525","2032998643","0.0588235"
"2032998643","2159514065","0.0588235"
"2159514065","2032998643","0.0588235"
"2032998643","7371413","0.0588235"
"7371413","2032998643","0.0588235"
"2032998643","77014356","1.05882"
"77014356","2032998643","1.05882"
"2064780509","2088938196","0.0588235"
"2088938196","2064780509","0.0588235"
"2064780509","2100911854","6.06835"
"2100911854","2064780509","6.06835"
"2064780509","2110621799","11.0267"
"2110621799","2064780509","11.0267"
"2064780509","2111932147","0.201681"
"2111932147","2064780509","0.201681"
"2064780509","2112915525","0.558824"
"2112915525","2064780509","0.558824"
"2064780509","2129770723","1.43382"
"2129770723","2064780509","1.43382"
"2064780509","2159514065","0.183824"
"2159514065","2064780509","0.183824"
"2064780509","7371413","1.18382"
"7371413","2064780509","1.18382"
"2064780509","77014356","1.55882"
"77014356","2064780509","1.55882"
"2088938196","2093948066","0.558824"
"2093948066","2088938196","0.558824"
"2088938196","2100911854","1.39216"
"2100911854","2088938196","1.39216"
"2088938196","2110621799","1.05882"
"2110621799","2088938196","1.05882"
"2088938196","2111932147","0.0588235"
"2111932147","2088938196","0.0588235"
"2088938196","2129770723","0.0588235"
"2129770723","2088938196","0.0588235"
"2088938196","2159514065","0.183824"
"2159514065","2088938196","0.183824"
"2088938196","7371413","0.0588235"
"7371413","2088938196","0.0588235"
"2088938196","77014356","0.0588235"
"77014356","2088938196","0.0588235"
"2093948066","2100911854","15.0683"
"2100911854","2093948066","15.0683"
"2093948066","2110621799","7.98501"
"2110621799","2093948066","7.98501"
"2093948066","2111932147","0.22549"
"2111932147","2093948066","0.22549"
"2093948066","2129770723","3.30882"
"2129770723","2093948066","3.30882"
"2093948066","2159514065","0.0588235"
"2159514065","2093948066","0.0588235"
"2093948066","7371413","1.05882"
"7371413","2093948066","1.05882"
"2093948066","77014356","2.55882"
"77014356","2093948066","2.55882"
"2100911854","2110621799","3.98501"
"2110621799","2100911854","3.98501"
"2100911854","2111932147","0.72549"
"2111932147","2100911854","0.72549"
"2100911854","2112915525","0.0588235"
"2112915525","2100911854","0.0588235"
"2100911854","2129770723","4.22549"
"2129770723","2100911854","4.22549"
"2100911854","2159514065","0.392157"
"2159514065","2100911854","0.392157"
"2100911854","7371413","0.0588235"
"7371413","2100911854","0.0588235"
"2100911854","77014356","0.308824"
"77014356","2100911854","0.308824"
"2110621799","2111932147","0.0588235"
"2111932147","2110621799","0.0588235"
"2110621799","2112915525","0.0588235"
"2112915525","2110621799","0.0588235"
"2110621799","2159514065","1.51716"
"2159514065","2110621799","1.51716"
"2110621799","7371413","0.933824"
"7371413","2110621799","0.933824"
"2110621799","77014356","0.0588235"
"77014356","2110621799","0.0588235"
"2111932147","2112915525","0.0588235"
"2112915525","2111932147","0.0588235"
"2111932147","2129770723","1.9616"
"2129770723","2111932147","1.9616"
"2111932147","2159514065","0.0588235"
"2159514065","2111932147","0.0588235"
"2111932147","7371413","0.392157"
"7371413","2111932147","0.392157"
"2112915525","2129770723","0.0588235"
"2129770723","2112915525","0.0588235"
"2112915525","7371413","0.0588235"
"7371413","2112915525","0.0588235"
"2112915525","77014356","0.0588235"
"77014356","2112915525","0.0588235"
"2129770723","2159514065","0.183824"
"2159514065","2129770723","0.183824"
"2129770723","7371413","0.933824"
"7371413","2129770723","0.933824"
"2129770723","77014356","0.0588235"
"77014356","2129770723","0.0588235"
"2159514065","7371413","0.183824"
"7371413","2159514065","0.183824"
"2159514065","77014356","0.0588235"
"77014356","2159514065","0.0588235"
"7371413","77014356","0.0588235"
"77014356","7371413","0.0588235"
"1796276786","2007218308","0.5"
"2007218308","1796276786","0.5"
"2007218308","2017748193","1.2"
"2017748193","2007218308","1.2"
"1796276786","2184318420","1"
"2184318420","1796276786","1"
"1796276786","1996095015","0.569444"
"1996095015","1796276786","0.569444"
"1796276786","2100229533","0.5"
"2100229533","1796276786","0.5"
"1796276786","1999295929","1.59286"
"1999295929","1796276786","1.59286"
"1796276786","2024975023","0.2"
"2024975023","1796276786","0.2"
"1999295929","2000703105","0.2"
"2000703105","1999295929","0.2"
"1999295929","2024975023","0.2"
"2024975023","1999295929","0.2"
"1999295929","2030967234","0.342857"
"2030967234","1999295929","0.342857"
"1999295929","2110621799","0.45"
"2110621799","1999295929","0.45"
"2000703105","2024975023","2.84286"
"2024975023","2000703105","2.84286"
"2024975023","2110621799","1.45"
"2110621799","2024975023","1.45"
"1796276786","2083973706","0.111111"
"2083973706","1796276786","0.111111"
"1796276786","2145639828","0.569444"
"2145639828","1796276786","0.569444"
"1796276786","2166017748","0.236111"
"2166017748","1796276786","0.236111"
"1988730997","2032998643","4.56944"
"2032998643","1988730997","4.56944"
"1988730997","2083973706","0.611111"
"2083973706","1988730997","0.611111"
"1988730997","2111932147","6.56944"
"2111932147","1988730997","6.56944"
"1988730997","2129770723","5.65278"
"2129770723","1988730997","5.65278"
"1988730997","2145639828","0.236111"
"2145639828","1988730997","0.236111"
"1988730997","2166017748","0.569444"
"2166017748","1988730997","0.569444"
"1996095015","2032998643","0.236111"
"2032998643","1996095015","0.236111"
"1996095015","2083973706","0.111111"
"2083973706","1996095015","0.111111"
"1996095015","2111932147","0.236111"
"2111932147","1996095015","0.236111"
"1996095015","2129770723","0.569444"
"2129770723","1996095015","0.569444"
"1996095015","2145639828","0.236111"
"2145639828","1996095015","0.236111"
"1996095015","2166017748","0.236111"
"2166017748","1996095015","0.236111"
"2030967234","2083973706","0.111111"
"2083973706","2030967234","0.111111"
"2030967234","2166017748","0.236111"
"2166017748","2030967234","0.236111"
"2032998643","2083973706","0.111111"
"2083973706","2032998643","0.111111"
"2032998643","2145639828","0.236111"
"2145639828","2032998643","0.236111"
"2032998643","2166017748","15.7123"
"2166017748","2032998643","15.7123"
"2083973706","2111932147","0.111111"
"2111932147","2083973706","0.111111"
"2083973706","2129770723","0.111111"
"2129770723","2083973706","0.111111"
"2083973706","2145639828","0.111111"
"2145639828","2083973706","0.111111"
"2083973706","2166017748","0.111111"
"2166017748","2083973706","0.111111"
"2111932147","2145639828","0.236111"
"2145639828","2111932147","0.236111"
"2111932147","2166017748","0.569444"
"2166017748","2111932147","0.569444"
"2129770723","2145639828","0.236111"
"2145639828","2129770723","0.236111"
"2129770723","2166017748","0.378968"
"2166017748","2129770723","0.378968"
"2145639828","2166017748","0.236111"
"2166017748","2145639828","0.236111"
"1796276786","2098032141","1.14286"
"2098032141","1796276786","1.14286"
"2098032141","2111932147","0.642857"
"2111932147","2098032141","0.642857"
"1999295929","2032998643","0.25"
"2032998643","1999295929","0.25"
"1999295929","2129770723","0.25"
"2129770723","1999295929","0.25"
"1988730997","2098032141","0.97619"
"2098032141","1988730997","0.97619"
"1796276786","2079430546","0.166667"
"2079430546","1796276786","0.166667"
"1988730997","2079430546","0.166667"
"2079430546","1988730997","0.166667"
"1988730997","2100911854","13.2262"
"2100911854","1988730997","13.2262"
"2079430546","2093948066","2.16667"
"2093948066","2079430546","2.16667"
"2079430546","2100911854","0.166667"
"2100911854","2079430546","0.166667"
"2079430546","2111932147","0.166667"
"2111932147","2079430546","0.166667"
"2079430546","2129770723","1.16667"
"2129770723","2079430546","1.16667"
"1796276786","2006994525","0.47619"
"2006994525","1796276786","0.47619"
"1796276786","2118299703","0.142857"
"2118299703","1796276786","0.142857"
"1999295929","2006994525","0.142857"
"2006994525","1999295929","0.142857"
"1999295929","2064780509","0.142857"
"2064780509","1999295929","0.142857"
"1999295929","2098032141","0.142857"
"2098032141","1999295929","0.142857"
"1999295929","2111932147","0.142857"
"2111932147","1999295929","0.142857"
"1999295929","2118299703","0.142857"
"2118299703","1999295929","0.142857"
"2006994525","2064780509","0.392857"
"2064780509","2006994525","0.392857"
"2006994525","2098032141","0.142857"
"2098032141","2006994525","0.142857"
"2006994525","2111932147","0.142857"
"2111932147","2006994525","0.142857"
"2006994525","2118299703","0.142857"
"2118299703","2006994525","0.142857"
"2030967234","2098032141","1.14286"
"2098032141","2030967234","1.14286"
"2064780509","2118299703","0.142857"
"2118299703","2064780509","0.142857"
"2098032141","2118299703","0.47619"
"2118299703","2098032141","0.47619"
"2111932147","2118299703","0.142857"
"2118299703","2111932147","0.142857"
"2006994525","2093948066","1.58333"
"2093948066","2006994525","1.58333"
"2006994525","2145639828","0.333333"
"2145639828","2006994525","0.333333"
"2088938196","3021280188","0.5"
"3021280188","2088938196","0.5"
"1836366273","2006994525","1.03333"
"2006994525","1836366273","1.03333"
"1988730997","2060728967","2.41667"
"2060728967","1988730997","2.41667"
"1996095015","2060728967","0.333333"
"2060728967","1996095015","0.333333"
"2017748193","2100229533","0.333333"
"2100229533","2017748193","0.333333"
"1836366273","2007218308","0.866667"
"2007218308","1836366273","0.866667"
"1836366273","2024975023","0.666667"
"2024975023","1836366273","0.666667"
"1988730997","2007218308","0.366667"
"2007218308","1988730997","0.366667"
"2007218308","2030967234","1.36667"
"2030967234","2007218308","1.36667"
"2007218308","2100229533","1.16667"
"2100229533","2007218308","1.16667"
"2007218308","2125399815","0.166667"
"2125399815","2007218308","0.166667"
"2024975023","2100229533","0.166667"
"2100229533","2024975023","0.166667"
"2024975023","2125399815","3"
"2125399815","2024975023","3"
"2006994525","2007218308","0.2"
"2007218308","2006994525","0.2"
"2145639828","77014356","0.25"
"77014356","2145639828","0.25"
"2006994525","2100229533","0.5"
"2100229533","2006994525","0.5"
"1836366273","2099227977","0.125"
"2099227977","1836366273","0.125"
"2030967234","2099227977","0.125"
"2099227977","2030967234","0.125"
"2064780509","2099227977","1.125"
"2099227977","2064780509","1.125"
"2099227977","2100229533","0.125"
"2100229533","2099227977","0.125"
"2099227977","2110621799","1.625"
"2110621799","2099227977","1.625"
"2099227977","2129770723","0.125"
"2129770723","2099227977","0.125"
"2099227977","2159514065","0.125"
"2159514065","2099227977","0.125"
"2099227977","7371413","0.125"
"7371413","2099227977","0.125"
"2100229533","2110621799","0.517857"
"2110621799","2100229533","0.517857"
"2100229533","2129770723","0.125"
"2129770723","2100229533","0.125"
"2100229533","2159514065","0.125"
"2159514065","2100229533","0.125"
"2100229533","7371413","0.125"
"7371413","2100229533","0.125"
"1865003625","2085084852","1"
"2085084852","1865003625","1"
"1865003625","2106183262","1"
"2106183262","1865003625","1"
"1967879222","2075707188","1.33333"
"2075707188","1967879222","1.33333"
"1967879222","2112915525","0.333333"
"2112915525","1967879222","0.333333"
"1967879222","2295996570","1.33333"
"2295996570","1967879222","1.33333"
"2075707188","2112915525","2.33333"
"2112915525","2075707188","2.33333"
"2075707188","2295996570","8.5"
"2295996570","2075707188","8.5"
"2112915525","2295996570","5.95833"
"2295996570","2112915525","5.95833"
"1978219384","2106183262","0.333333"
"2106183262","1978219384","0.333333"
"1978219384","2118691412","0.333333"
"2118691412","1978219384","0.333333"
"1978219384","2125688234","1"
"2125688234","1978219384","1"
"1978219384","2098032141","1.14286"
"2098032141","1978219384","1.14286"
"1978219384","2137287596","0.5"
"2137287596","1978219384","0.5"
"1978219384","2171992727","0.833333"
"2171992727","1978219384","0.833333"
"2137287596","2171992727","6"
"2171992727","2137287596","6"
"2112915525","2171992727","0.833333"
"2171992727","2112915525","0.833333"
"2118299703","2171992727","0.333333"
"2171992727","2118299703","0.333333"
"1978219384","1988730997","0.142857"
"1988730997","1978219384","0.142857"
"1978219384","2100229533","1.14286"
"2100229533","1978219384","1.14286"
"1988730997","2110621799","6.97619"
"2110621799","1988730997","6.97619"
"2093948066","2100229533","0.142857"
"2100229533","2093948066","0.142857"
"2098032141","2100229533","0.392857"
"2100229533","2098032141","0.392857"
"2098032141","2100911854","2.25952"
"2100911854","2098032141","2.25952"
"2100229533","2100911854","0.142857"
"2100911854","2100229533","0.142857"
"1978219384","2006994525","0.5"
"2006994525","1978219384","0.5"
"2006994525","2112915525","0.5"
"2112915525","2006994525","0.5"
"1982927590","2163738319","1.25"
"2163738319","1982927590","1.25"
"1982927590","2159418635","1"
"2159418635","1982927590","1"
"1982927590","2085084852","0.25"
"2085084852","1982927590","0.25"
"1982927590","2118691412","0.25"
"2118691412","1982927590","0.25"
"1982927590","2137287596","0.25"
"2137287596","1982927590","0.25"
"2085084852","2118691412","0.25"
"2118691412","2085084852","0.25"
"2085084852","2137287596","0.25"
"2137287596","2085084852","0.25"
"2085084852","2163738319","0.583333"
"2163738319","2085084852","0.583333"
"2118691412","2163738319","0.375"
"2163738319","2118691412","0.375"
"1988730997","7371413","7.75"
"7371413","1988730997","7.75"
"2100911854","2125399815","3.58333"
"2125399815","2100911854","3.58333"
"2060728967","2064780509","2"
"2064780509","2060728967","2"
"1988730997","2151241599","1"
"2151241599","1988730997","1"
"1988730997","2125688234","1.33333"
"2125688234","1988730997","1.33333"
"2000703105","2125688234","0.333333"
"2125688234","2000703105","0.333333"
"2030967234","2125688234","0.333333"
"2125688234","2030967234","0.333333"
"1988730997","2088938196","1"
"2088938196","1988730997","1"
"2125399815","7371413","2.16667"
"7371413","2125399815","2.16667"
"1988730997","2118299703","0.5"
"2118299703","1988730997","0.5"
"2024975023","2118299703","0.5"
"2118299703","2024975023","0.5"
"1988730997","2102329924","0.5"
"2102329924","1988730997","0.5"
"2083973706","2102329924","0.75"
"2102329924","2083973706","0.75"
"1988730997","2118691412","1"
"2118691412","1988730997","1"
"2000703105","2098032141","0.47619"
"2098032141","2000703105","0.47619"
"1988730997","2137287596","1"
"2137287596","1988730997","1"
"2100229533","3021280188","0.5"
"3021280188","2100229533","0.5"
"2060728967","2100911854","2.58333"
"2100911854","2060728967","2.58333"
"2060728967","2110621799","1.91667"
"2110621799","2060728967","1.91667"
"2060728967","2125399815","0.25"
"2125399815","2060728967","0.25"
"2110621799","2125399815","1.75"
