"113603777","1568245210","1"
"1568245210","113603777","1"
"113603777","2083675321","1.75"
"2083675321","113603777","1.75"
"113603777","2155068847","0.75"
"2155068847","113603777","0.75"
"2083675321","2155068847","4.73611"
"2155068847","2083675321","4.73611"
"113603777","1604934725","1.5"
"1604934725","113603777","1.5"
"113603777","2100853787","2.5"
"2100853787","113603777","2.5"
"1604934725","2100853787","6.75"
"2100853787","1604934725","6.75"
"113603777","2041593403","0.25"
"2041593403","113603777","0.25"
"113603777","2108038113","0.25"
"2108038113","113603777","0.25"
"2041593403","2083675321","0.936111"
"2083675321","2041593403","0.936111"
"2041593403","2108038113","0.5"
"2108038113","2041593403","0.5"
"2041593403","2155068847","1.73611"
"2155068847","2041593403","1.73611"
"2083675321","2108038113","5.16667"
"2108038113","2083675321","5.16667"
"2108038113","2155068847","1.08333"
"2155068847","2108038113","1.08333"
"2083675321","2100853787","12.9167"
"2100853787","2083675321","12.9167"
"115100454","202154642","2"
"202154642","115100454","2"
"115100454","1844042977","0.333333"
"1844042977","115100454","0.333333"
"115100454","2011741072","0.333333"
"2011741072","115100454","0.333333"
"115100454","2062499875","0.333333"
"2062499875","115100454","0.333333"
"1844042977","2011741072","1.86667"
"2011741072","1844042977","1.86667"
"1844042977","2062499875","2.03333"
"2062499875","1844042977","2.03333"
"2011741072","2062499875","13.7929"
"2062499875","2011741072","13.7929"
"115100454","1765826514","1"
"1765826514","115100454","1"
"1152621877","1765826514","0.2"
"1765826514","1152621877","0.2"
"1152621877","2015581928","0.4"
"2015581928","1152621877","0.4"
"1152621877","2104927684","0.2"
"2104927684","1152621877","0.2"
"1152621877","2111279428","0.4"
"2111279428","1152621877","0.4"
"1152621877","2155735325","0.4"
"2155735325","1152621877","0.4"
"1765826514","2015581928","4.44127"
"2015581928","1765826514","4.44127"
"1765826514","2104927684","2.90238"
"2104927684","1765826514","2.90238"
"1765826514","2111279428","0.2"
"2111279428","1765826514","0.2"
"1765826514","2155735325","25.8873"
"2155735325","1765826514","25.8873"
"2015581928","2104927684","2.20357"
"2104927684","2015581928","2.20357"
"2015581928","2111279428","2.28452"
"2111279428","2015581928","2.28452"
"2015581928","2155735325","31.194"
"2155735325","2015581928","31.194"
"2104927684","2111279428","0.842857"
"2111279428","2104927684","0.842857"
"2104927684","2155735325","7.23333"
"2155735325","2104927684","7.23333"
"2111279428","2155735325","2.76667"
"2155735325","2111279428","2.76667"
"1152621877","1984157384","0.2"
"1984157384","1152621877","0.2"
"1152621877","2041593403","0.2"
"2041593403","1152621877","0.2"
"1984157384","2015581928","2.28333"
"2015581928","1984157384","2.28333"
"1984157384","2041593403","0.45"
"2041593403","1984157384","0.45"
"1984157384","2111279428","0.533333"
"2111279428","1984157384","0.533333"
"1984157384","2155735325","1.28333"
"2155735325","1984157384","1.28333"
"2015581928","2041593403","17.054"
"2041593403","2015581928","17.054"
"2041593403","2111279428","0.45"
"2111279428","2041593403","0.45"
"2041593403","2155735325","22.9325"
"2155735325","2041593403","22.9325"
"1152621877","2075925848","1"
"2075925848","1152621877","1"
"125148691","1527810023","0.142857"
"1527810023","125148691","0.142857"
"125148691","17134785","0.142857"
"17134785","125148691","0.142857"
"125148691","2011201505","0.142857"
"2011201505","125148691","0.142857"
"125148691","2051767200","0.142857"
"2051767200","125148691","0.142857"
"125148691","2069533912","0.142857"
"2069533912","125148691","0.142857"
"125148691","2116964974","0.142857"
"2116964974","125148691","0.142857"
"125148691","2155735325","0.47619"
"2155735325","125148691","0.47619"
"1527810023","17134785","1.59286"
"17134785","1527810023","1.59286"
"1527810023","2011201505","0.535714"
"2011201505","1527810023","0.535714"
"1527810023","2051767200","2.80238"
"2051767200","1527810023","2.80238"
"1527810023","2069533912","0.642857"
"2069533912","1527810023","0.642857"
"1527810023","2116964974","0.392857"
"2116964974","1527810023","0.392857"
"1527810023","2155735325","10.504"
"2155735325","1527810023","10.504"
"17134785","2011201505","0.142857"
"2011201505","17134785","0.142857"
"17134785","2051767200","0.453968"
"2051767200","17134785","0.453968"
"17134785","2069533912","5.89286"
"2069533912","17134785","5.89286"
"17134785","2116964974","0.392857"
"2116964974","17134785","0.392857"
"17134785","2155735325","4.87619"
"2155735325","17134785","4.87619"
"2011201505","2051767200","0.670635"
"2051767200","2011201505","0.670635"
"2011201505","2069533912","0.642857"
"2069533912","2011201505","0.642857"
"2011201505","2116964974","0.214286"
"2116964974","2011201505","0.214286"
"2011201505","2155735325","3.24686"
"2155735325","2011201505","3.24686"
"2051767200","2069533912","6.64286"
"2069533912","2051767200","6.64286"
"2051767200","2116964974","0.142857"
"2116964974","2051767200","0.142857"
"2051767200","2155735325","22.2262"
"2155735325","2051767200","22.2262"
"2069533912","2116964974","0.97619"
"2116964974","2069533912","0.97619"
"2069533912","2155735325","15.7262"
"2155735325","2069533912","15.7262"
"2116964974","2155735325","5.38095"
"2155735325","2116964974","5.38095"
"125148691","2015117092","0.1"
"2015117092","125148691","0.1"
"125148691","2046067602","0.1"
"2046067602","125148691","0.1"
"125148691","2048193086","0.1"
"2048193086","125148691","0.1"
"125148691","2060696172","0.1"
"2060696172","125148691","0.1"
"125148691","2105123831","0.1"
"2105123831","125148691","0.1"
"125148691","2113725822","0.1"
"2113725822","125148691","0.1"
"125148691","2117298058","1.1"
"2117298058","125148691","1.1"
"125148691","2127555702","0.1"
"2127555702","125148691","0.1"
"125148691","2130025274","0.1"
"2130025274","125148691","0.1"
"125148691","2163282741","0.1"
"2163282741","125148691","0.1"
"2015117092","2046067602","0.171429"
"2046067602","2015117092","0.171429"
"2015117092","2048193086","0.1"
"2048193086","2015117092","0.1"
"2015117092","2060696172","0.314286"
"2060696172","2015117092","0.314286"
"2015117092","2105123831","0.242857"
"2105123831","2015117092","0.242857"
"2015117092","2113725822","0.171429"
"2113725822","2015117092","0.171429"
"2015117092","2117298058","0.1"
"2117298058","2015117092","0.1"
"2015117092","2127555702","0.1"
"2127555702","2015117092","0.1"
"2015117092","2130025274","0.314286"
"2130025274","2015117092","0.314286"
"2015117092","2163282741","0.1"
"2163282741","2015117092","0.1"
"2046067602","2048193086","0.960714"
"2048193086","2046067602","0.960714"
"2046067602","2060696172","4.80394"
"2060696172","2046067602","4.80394"
"2046067602","2105123831","3.41978"
"2105123831","2046067602","3.41978"
"2046067602","2113725822","1.40914"
"2113725822","2046067602","1.40914"
"2046067602","2117298058","0.1"
"2117298058","2046067602","0.1"
"2046067602","2127555702","1.86829"
"2127555702","2046067602","1.86829"
"2046067602","2130025274","1.14805"
"2130025274","2046067602","1.14805"
"2046067602","2163282741","3.94491"
"2163282741","2046067602","3.94491"
"2048193086","2060696172","1.06786"
"2060696172","2048193086","1.06786"
"2048193086","2105123831","0.1"
"2105123831","2048193086","0.1"
"2048193086","2113725822","0.367857"
"2113725822","2048193086","0.367857"
"2048193086","2117298058","0.1"
"2117298058","2048193086","0.1"
"2048193086","2127555702","2.04405"
"2127555702","2048193086","2.04405"
"2048193086","2130025274","0.492857"
"2130025274","2048193086","0.492857"
"2048193086","2163282741","3.29405"
"2163282741","2048193086","3.29405"
"2060696172","2105123831","5.52021"
"2105123831","2060696172","5.52021"
"2060696172","2113725822","3.63295"
"2113725822","2060696172","3.63295"
"2060696172","2117298058","0.1"
"2117298058","2060696172","0.1"
"2060696172","2127555702","4.64968"
"2127555702","2060696172","4.64968"
"2060696172","2130025274","1.84805"
"2130025274","2060696172","1.84805"
"2060696172","2163282741","2.05206"
"2163282741","2060696172","2.05206"
"2105123831","2113725822","2.05117"
"2113725822","2105123831","2.05117"
"2105123831","2117298058","0.1"
"2117298058","2105123831","0.1"
"2105123831","2127555702","1.09091"
"2127555702","2105123831","1.09091"
"2105123831","2130025274","0.926623"
"2130025274","2105123831","0.926623"
"2105123831","2163282741","0.900433"
"2163282741","2105123831","0.900433"
"2113725822","2117298058","0.1"
"2117298058","2113725822","0.1"
"2113725822","2127555702","3.79968"
"2127555702","2113725822","3.79968"
"2113725822","2130025274","12.2128"
"2130025274","2113725822","12.2128"
"2113725822","2163282741","3.14058"
"2163282741","2113725822","3.14058"
"2117298058","2127555702","0.1"
"2127555702","2117298058","0.1"
"2117298058","2130025274","0.1"
"2130025274","2117298058","0.1"
"2117298058","2163282741","0.1"
"2163282741","2117298058","0.1"
"2127555702","2130025274","2.00043"
"2130025274","2127555702","2.00043"
"2127555702","2163282741","3.37587"
"2163282741","2127555702","3.37587"
"2130025274","2163282741","1.06753"
"2163282741","2130025274","1.06753"
"125148691","129678574","0.333333"
"129678574","125148691","0.333333"
"125148691","2104927684","0.333333"
"2104927684","125148691","0.333333"
"129678574","2104927684","2.36667"
"2104927684","129678574","2.36667"
"129678574","2155735325","1.25952"
"2155735325","129678574","1.25952"
"125148691","1986841213","1"
"1986841213","125148691","1"
"125148691","2111297944","1"
"2111297944","125148691","1"
"125148691","2170001221","1"
"2170001221","125148691","1"
"126071024","1991351467","1"
"1991351467","126071024","1"
"126071024","2155735325","2.07143"
"2155735325","126071024","2.07143"
"126071024","1568090905","0.0714286"
"1568090905","126071024","0.0714286"
"126071024","1995496333","0.0714286"
"1995496333","126071024","0.0714286"
"126071024","2011201505","0.0714286"
"2011201505","126071024","0.0714286"
"126071024","2024544358","0.0714286"
"2024544358","126071024","0.0714286"
"126071024","2041593403","0.0714286"
"2041593403","126071024","0.0714286"
"126071024","2067390851","0.0714286"
"2067390851","126071024","0.0714286"
"126071024","2071747415","0.0714286"
"2071747415","126071024","0.0714286"
"126071024","2104170998","0.0714286"
"2104170998","126071024","0.0714286"
"126071024","2116964974","0.0714286"
"2116964974","126071024","0.0714286"
"126071024","2126594993","0.0714286"
"2126594993","126071024","0.0714286"
"126071024","2279934621","0.0714286"
"2279934621","126071024","0.0714286"
"126071024","2548462885","0.0714286"
"2548462885","126071024","0.0714286"
"126071024","2796219087","0.0714286"
"2796219087","126071024","0.0714286"
"1568090905","1995496333","0.0714286"
"1995496333","1568090905","0.0714286"
"1568090905","2011201505","0.0714286"
"2011201505","1568090905","0.0714286"
"1568090905","2024544358","0.0714286"
"2024544358","1568090905","0.0714286"
"1568090905","2041593403","4.86151"
"2041593403","1568090905","4.86151"
"1568090905","2067390851","0.90873"
"2067390851","1568090905","0.90873"
"1568090905","2071747415","0.0714286"
"2071747415","1568090905","0.0714286"
"1568090905","2104170998","1.07143"
"2104170998","1568090905","1.07143"
"1568090905","2116964974","0.0714286"
"2116964974","1568090905","0.0714286"
"1568090905","2126594993","0.654762"
"2126594993","1568090905","0.654762"
"1568090905","2155735325","9.60754"
"2155735325","1568090905","9.60754"
"1568090905","2279934621","0.0714286"
"2279934621","1568090905","0.0714286"
"1568090905","2548462885","0.0714286"
"2548462885","1568090905","0.0714286"
"1568090905","2796219087","0.0714286"
"2796219087","1568090905","0.0714286"
"1995496333","2011201505","0.0714286"
"2011201505","1995496333","0.0714286"
"1995496333","2024544358","0.0714286"
"2024544358","1995496333","0.0714286"
"1995496333","2041593403","0.0714286"
"2041593403","1995496333","0.0714286"
"1995496333","2067390851","0.0714286"
"2067390851","1995496333","0.0714286"
"1995496333","2071747415","0.0714286"
"2071747415","1995496333","0.0714286"
"1995496333","2104170998","0.0714286"
"2104170998","1995496333","0.0714286"
"1995496333","2116964974","0.0714286"
"2116964974","1995496333","0.0714286"
"1995496333","2126594993","0.238095"
"2126594993","1995496333","0.238095"
"1995496333","2155735325","4.90476"
"2155735325","1995496333","4.90476"
"1995496333","2279934621","0.0714286"
"2279934621","1995496333","0.0714286"
"1995496333","2548462885","0.0714286"
"2548462885","1995496333","0.0714286"
"1995496333","2796219087","0.0714286"
"2796219087","1995496333","0.0714286"
"2011201505","2024544358","0.937338"
"2024544358","2011201505","0.937338"
"2011201505","2041593403","1.26587"
"2041593403","2011201505","1.26587"
"2011201505","2067390851","0.196429"
"2067390851","2011201505","0.196429"
"2011201505","2071747415","0.363095"
"2071747415","2011201505","0.363095"
"2011201505","2104170998","5.02067"
"2104170998","2011201505","5.02067"
"2011201505","2126594993","0.229004"
"2126594993","2011201505","0.229004"
"2011201505","2279934621","0.0714286"
"2279934621","2011201505","0.0714286"
"2011201505","2548462885","0.0714286"
"2548462885","2011201505","0.0714286"
"2011201505","2796219087","0.0714286"
"2796219087","2011201505","0.0714286"
"2024544358","2041593403","0.196429"
"2041593403","2024544358","0.196429"
"2024544358","2067390851","0.0714286"
"2067390851","2024544358","0.0714286"
"2024544358","2071747415","0.93254"
"2071747415","2024544358","0.93254"
"2024544358","2104170998","1.054"
"2104170998","2024544358","1.054"
"2024544358","2116964974","0.0714286"
"2116964974","2024544358","0.0714286"
"2024544358","2126594993","0.229004"
"2126594993","2024544358","0.229004"
"2024544358","2155735325","0.979004"
"2155735325","2024544358","0.979004"
"2024544358","2279934621","0.0714286"
"2279934621","2024544358","0.0714286"
"2024544358","2548462885","0.0714286"
"2548462885","2024544358","0.0714286"
"2024544358","2796219087","0.0714286"
"2796219087","2024544358","0.0714286"
"2041593403","2067390851","11.9433"
"2067390851","2041593403","11.9433"
"2041593403","2071747415","0.363095"
"2071747415","2041593403","0.363095"
"2041593403","2104170998","0.529762"
"2104170998","2041593403","0.529762"
"2041593403","2116964974","1.32143"
"2116964974","2041593403","1.32143"
"2041593403","2126594993","0.0714286"
"2126594993","2041593403","0.0714286"
"2041593403","2279934621","0.0714286"
"2279934621","2041593403","0.0714286"
"2041593403","2548462885","0.0714286"
"2548462885","2041593403","0.0714286"
"2041593403","2796219087","0.0714286"
"2796219087","2041593403","0.0714286"
"2067390851","2071747415","0.446429"
"2071747415","2067390851","0.446429"
"2067390851","2104170998","0.404762"
"2104170998","2067390851","0.404762"
"2067390851","2116964974","0.654762"
"2116964974","2067390851","0.654762"
"2067390851","2126594993","0.321429"
"2126594993","2067390851","0.321429"
"2067390851","2155735325","13.1798"
"2155735325","2067390851","13.1798"
"2067390851","2279934621","0.0714286"
"2279934621","2067390851","0.0714286"
"2067390851","2548462885","0.0714286"
"2548462885","2067390851","0.0714286"
"2067390851","2796219087","0.0714286"
"2796219087","2067390851","0.0714286"
"2071747415","2104170998","0.571429"
"2104170998","2071747415","0.571429"
"2071747415","2116964974","0.0714286"
"2116964974","2071747415","0.0714286"
"2071747415","2126594993","0.0714286"
"2126594993","2071747415","0.0714286"
"2071747415","2155735325","6.64762"
"2155735325","2071747415","6.64762"
"2071747415","2279934621","0.271429"
"2279934621","2071747415","0.271429"
"2071747415","2548462885","0.0714286"
"2548462885","2071747415","0.0714286"
"2071747415","2796219087","0.0714286"
"2796219087","2071747415","0.0714286"
"2104170998","2116964974","0.0714286"
"2116964974","2104170998","0.0714286"
"2104170998","2126594993","0.229004"
"2126594993","2104170998","0.229004"
"2104170998","2155735325","4.81234"
"2155735325","2104170998","4.81234"
"2104170998","2279934621","0.0714286"
"2279934621","2104170998","0.0714286"
"2104170998","2548462885","0.0714286"
"2548462885","2104170998","0.0714286"
"2104170998","2796219087","0.0714286"
"2796219087","2104170998","0.0714286"
"2116964974","2126594993","0.0714286"
"2126594993","2116964974","0.0714286"
"2116964974","2279934621","0.0714286"
"2279934621","2116964974","0.0714286"
"2116964974","2548462885","0.0714286"
"2548462885","2116964974","0.0714286"
"2116964974","2796219087","0.0714286"
"2796219087","2116964974","0.0714286"
"2126594993","2155735325","8.39567"
"2155735325","2126594993","8.39567"
"2126594993","2279934621","0.404762"
"2279934621","2126594993","0.404762"
"2126594993","2548462885","0.0714286"
"2548462885","2126594993","0.0714286"
"2126594993","2796219087","0.404762"
"2796219087","2126594993","0.404762"
"2155735325","2279934621","2.1381"
"2279934621","2155735325","2.1381"
"2155735325","2548462885","1.07143"
"2548462885","2155735325","1.07143"
"2155735325","2796219087","0.738095"
"2796219087","2155735325","0.738095"
"2279934621","2548462885","0.0714286"
"2548462885","2279934621","0.0714286"
"2279934621","2796219087","0.404762"
"2796219087","2279934621","0.404762"
"2548462885","2796219087","0.0714286"
"2796219087","2548462885","0.0714286"
"129678574","1941435808","1"
"1941435808","129678574","1"
"129678574","2109891159","1.5"
"2109891159","129678574","1.5"
"129678574","2011632128","3"
"2011632128","129678574","3"
"129678574","2015581928","1.79286"
"2015581928","129678574","1.79286"
"129678574","2146038408","5.34286"
"2146038408","129678574","5.34286"
"2104927684","2146038408","8.39286"
"2146038408","2104927684","8.39286"
"129678574","2144162366","2"
"2144162366","129678574","2"
"129678574","1568090905","1"
"1568090905","129678574","1"
"129678574","1995571854","0.7"
"1995571854","129678574","0.7"
"129678574","2041593403","0.2"
"2041593403","129678574","0.2"
"129678574","2051767200","0.2"
"2051767200","129678574","0.2"
"129678574","2067390851","0.45"
"2067390851","129678574","0.45"
"1995571854","2015581928","8.14841"
"2015581928","1995571854","8.14841"
"1995571854","2041593403","8.68056"
"2041593403","1995571854","8.68056"
"1995571854","2051767200","4.88889"
"2051767200","1995571854","4.88889"
"1995571854","2067390851","5.71944"
"2067390851","1995571854","5.71944"
"2015581928","2051767200","5.62778"
"2051767200","2015581928","5.62778"
"2015581928","2067390851","10.5706"
"2067390851","2015581928","10.5706"
"2041593403","2051767200","5.34841"
"2051767200","2041593403","5.34841"
"2051767200","2067390851","4.40397"
"2067390851","2051767200","4.40397"
"129678574","2096244445","0.333333"
"2096244445","129678574","0.333333"
"129678574","2135273364","0.333333"
"2135273364","129678574","0.333333"
"129678574","2155127622","0.333333"
"2155127622","129678574","0.333333"
"2096244445","2135273364","0.5"
"2135273364","2096244445","0.5"
"2096244445","2155127622","4.33333"
"2155127622","2096244445","4.33333"
"2135273364","2155127622","0.333333"
"2155127622","2135273364","0.333333"
"2109891159","2146038408","0.657576"
"2146038408","2109891159","0.657576"
"129678574","2071572528","0.5"
"2071572528","129678574","0.5"
"129678574","2151528523","0.5"
"2151528523","129678574","0.5"
"2071572528","2151528523","0.833333"
"2151528523","2071572528","0.833333"
"129678574","1527810023","0.5"
"1527810023","129678574","0.5"
"1527810023","1995571854","3.85952"
"1995571854","1527810023","3.85952"
"129678574","1970924458","0.342857"
"1970924458","129678574","0.342857"
"1970924458","2015581928","1.06905"
"2015581928","1970924458","1.06905"
"1970924458","2104927684","1.34286"
"2104927684","1970924458","1.34286"
"1970924458","2146038408","0.735714"
"2146038408","1970924458","0.735714"
"1970924458","2155735325","1.62619"
"2155735325","1970924458","1.62619"
"2015581928","2146038408","3.12738"
"2146038408","2015581928","3.12738"
"2146038408","2155735325","5.50043"
"2155735325","2146038408","5.50043"
"129678574","1985381061","0.333333"
"1985381061","129678574","0.333333"
"1985381061","2104927684","1.43333"
"2104927684","1985381061","1.43333"
"1985381061","2155735325","4.79924"
"2155735325","1985381061","4.79924"
"129678574","182062719","0.25"
"182062719","129678574","0.25"
"182062719","2015581928","0.25"
"2015581928","182062719","0.25"
"182062719","2067390851","0.25"
"2067390851","182062719","0.25"
"182062719","2155735325","0.25"
"2155735325","182062719","0.25"
"129678574","2129896776","0.5"
"2129896776","129678574","0.5"
"129678574","2155068847","0.5"
"2155068847","129678574","0.5"
"2129896776","2155068847","3.77345"
"2155068847","2129896776","3.77345"
"129678574","1765826514","0.142857"
"1765826514","129678574","0.142857"
"129678574","2010007259","0.142857"
"2010007259","129678574","0.142857"
"129678574","2162533426","0.142857"
"2162533426","129678574","0.142857"
"1765826514","1970924458","0.892857"
"1970924458","1765826514","0.892857"
"1765826514","2010007259","0.342857"
"2010007259","1765826514","0.342857"
"1765826514","2146038408","0.742857"
"2146038408","1765826514","0.742857"
"1765826514","2162533426","0.392857"
"2162533426","1765826514","0.392857"
"1970924458","2010007259","0.142857"
"2010007259","1970924458","0.142857"
"1970924458","2162533426","0.142857"
"2162533426","1970924458","0.142857"
"2010007259","2015581928","0.142857"
"2015581928","2010007259","0.142857"
"2010007259","2146038408","0.142857"
"2146038408","2010007259","0.142857"
"2010007259","2155735325","1.34286"
"2155735325","2010007259","1.34286"
"2010007259","2162533426","0.142857"
"2162533426","2010007259","0.142857"
"2015581928","2162533426","1.39286"
"2162533426","2015581928","1.39286"
"2146038408","2162533426","0.142857"
"2162533426","2146038408","0.142857"
"2155735325","2162533426","0.142857"
"2162533426","2155735325","0.142857"
"1482124653","2011741072","1.05952"
"2011741072","1482124653","1.05952"
"1482124653","2062499875","1.25952"
"2062499875","1482124653","1.25952"
"1482124653","2159456281","2.75952"
"2159456281","1482124653","2.75952"
"2011741072","2159456281","3.7873"
"2159456281","2011741072","3.7873"
"2062499875","2159456281","4.08452"
"2159456281","2062499875","4.08452"
"1482124653","2155456415","2.64286"
"2155456415","1482124653","2.64286"
"1482124653","1697827404","7.53333"
"1697827404","1482124653","7.53333"
"1482124653","2015581928","1.47619"
"2015581928","1482124653","1.47619"
"1482124653","2071747415","3.34286"
"2071747415","1482124653","3.34286"
"1482124653","2155735325","1.39286"
"2155735325","1482124653","1.39286"
"2011741072","2015581928","2.25397"
"2015581928","2011741072","2.25397"
"2011741072","2071747415","1.0373"
"2071747415","2011741072","1.0373"
"2011741072","2155456415","0.142857"
"2155456415","2011741072","0.142857"
"2011741072","2155735325","1.30952"
"2155735325","2011741072","1.30952"
"2015581928","2062499875","0.767857"
"2062499875","2015581928","0.767857"
"2015581928","2071747415","4.52897"
"2071747415","2015581928","4.52897"
"2015581928","2155456415","0.142857"
"2155456415","2015581928","0.142857"
"2015581928","2159456281","1.8623"
"2159456281","2015581928","1.8623"
"2062499875","2071747415","2.66786"
"2071747415","2062499875","2.66786"
"2062499875","2155456415","0.642857"
"2155456415","2062499875","0.642857"
"2062499875","2155735325","0.767857"
"2155735325","2062499875","0.767857"
"2071747415","2155456415","0.142857"
"2155456415","2071747415","0.142857"
"2071747415","2159456281","3.99564"
"2159456281","2071747415","3.99564"
"2155456415","2155735325","0.142857"
"2155735325","2155456415","0.142857"
"2155456415","2159456281","0.892857"
"2159456281","2155456415","0.892857"
"2155735325","2159456281","3.57821"
"2159456281","2155735325","3.57821"
"1482124653","2130025274","1"
"2130025274","1482124653","1"
"1482124653","2129896776","2"
"2129896776","1482124653","2"
"1482124653","1604934725","1"
"1604934725","1482124653","1"
"1482124653","1972359875","2.2"
"1972359875","1482124653","2.2"
"1482124653","2034717219","0.833333"
"2034717219","1482124653","0.833333"
"2034717219","2071747415","0.5"
"2071747415","2034717219","0.5"
"1482124653","2109891159","0.25"
"2109891159","1482124653","0.25"
"1482124653","2131433770","0.25"
"2131433770","1482124653","0.25"
"1482124653","62472983","0.25"
"62472983","1482124653","0.25"
"2109891159","2131433770","0.25"
"2131433770","2109891159","0.25"
"2109891159","2155735325","11.2242"
"2155735325","2109891159","11.2242"
"2109891159","62472983","0.25"
"62472983","2109891159","0.25"
"2131433770","2155735325","0.75"
"2155735325","2131433770","0.75"
"2131433770","62472983","0.25"
"62472983","2131433770","0.25"
"2155735325","62472983","0.45"
"62472983","2155735325","0.45"
"1697827404","1972359875","0.2"
"1972359875","1697827404","0.2"
"1697827404","2062499875","0.2"
"2062499875","1697827404","0.2"
"1697827404","2071747415","1.36667"
"2071747415","1697827404","1.36667"
"1697827404","2159456281","0.366667"
"2159456281","1697827404","0.366667"
"1972359875","2062499875","5.025"
"2062499875","1972359875","5.025"
"1972359875","2071747415","2.10833"
"2071747415","1972359875","2.10833"
"1972359875","2159456281","4.825"
"2159456281","1972359875","4.825"
"1482124653","2108038113","0.5"
"2108038113","1482124653","0.5"
"2108038113","2155456415","6.33333"
"2155456415","2108038113","6.33333"
"1482124653","2787747450","0.25"
"2787747450","1482124653","0.25"
"2011741072","2787747450","2.5"
"2787747450","2011741072","2.5"
"2062499875","2787747450","0.25"
"2787747450","2062499875","0.25"
"2159456281","2787747450","0.5"
"2787747450","2159456281","0.5"
"1482124653","1986841213","0.142857"
"1986841213","1482124653","0.142857"
"1482124653","2046067602","0.142857"
"2046067602","1482124653","0.142857"
"1482124653","2048193086","0.142857"
"2048193086","1482124653","0.142857"
"1482124653","2060696172","0.142857"
"2060696172","1482124653","0.142857"
"1482124653","2127555702","0.142857"
"2127555702","1482124653","0.142857"
"1482124653","2163282741","0.142857"
"2163282741","1482124653","0.142857"
"1482124653","2247341832","0.142857"
"2247341832","1482124653","0.142857"
"1986841213","2046067602","1.86115"
"2046067602","1986841213","1.86115"
"1986841213","2048193086","3.69405"
"2048193086","1986841213","3.69405"
"1986841213","2060696172","1.87738"
"2060696172","1986841213","1.87738"
"1986841213","2127555702","4.59405"
"2127555702","1986841213","4.59405"
"1986841213","2163282741","2.32781"
"2163282741","1986841213","2.32781"
"1986841213","2247341832","0.675433"
"2247341832","1986841213","0.675433"
"2046067602","2247341832","0.502356"
"2247341832","2046067602","0.502356"
"2048193086","2247341832","0.267857"
"2247341832","2048193086","0.267857"
"2060696172","2247341832","0.411447"
"2247341832","2060696172","0.411447"
"2127555702","2247341832","0.334524"
"2247341832","2127555702","0.334524"
"2163282741","2247341832","0.425433"
"2247341832","2163282741","0.425433"
"1697827404","2015581928","0.5"
"2015581928","1697827404","0.5"
"1697827404","2034717219","0.333333"
"2034717219","1697827404","0.333333"
"2015581928","2034717219","0.333333"
"2034717219","2015581928","0.333333"
"1498950659","1568090905","0.2"
"1568090905","1498950659","0.2"
"1498950659","1765826514","0.2"
"1765826514","1498950659","0.2"
"1498950659","2051767200","0.2"
"2051767200","1498950659","0.2"
"1498950659","2076076251","0.2"
"2076076251","1498950659","0.2"
"1498950659","2086743307","0.2"
"2086743307","1498950659","0.2"
"1568090905","1765826514","3.91508"
"1765826514","1568090905","3.91508"
"1568090905","2051767200","1.56111"
"2051767200","1568090905","1.56111"
"1568090905","2076076251","2.62778"
"2076076251","1568090905","2.62778"
"1568090905","2086743307","0.45"
"2086743307","1568090905","0.45"
"1765826514","2051767200","3.8873"
"2051767200","1765826514","3.8873"
"1765826514","2076076251","5.9873"
"2076076251","1765826514","5.9873"
"1765826514","2086743307","0.533333"
"2086743307","1765826514","0.533333"
"2051767200","2076076251","5.50397"
"2076076251","2051767200","5.50397"
"2051767200","2086743307","0.533333"
"2086743307","2051767200","0.533333"
"2076076251","2086743307","0.2"
"2086743307","2076076251","0.2"
"1514911927","1985381061","0.708333"
"1985381061","1514911927","0.708333"
"1514911927","2126594993","0.333333"
"2126594993","1514911927","0.333333"
"1514911927","2155735325","0.333333"
"2155735325","1514911927","0.333333"
"1985381061","2126594993","0.824242"
"2126594993","1985381061","0.824242"
"1514911927","1765826514","0.25"
"1765826514","1514911927","0.25"
"1514911927","2041593403","0.25"
"2041593403","1514911927","0.25"
"1514911927","2069533912","0.25"
"2069533912","1514911927","0.25"
"1765826514","1985381061","0.6"
"1985381061","1765826514","0.6"
"1765826514","2041593403","7.80794"
"2041593403","1765826514","7.80794"
"1765826514","2069533912","12.2"
"2069533912","1765826514","12.2"
"1985381061","2041593403","2.075"
"2041593403","1985381061","2.075"
"1985381061","2069533912","1.58333"
"2069533912","1985381061","1.58333"
"2041593403","2069533912","9.91667"
"2069533912","2041593403","9.91667"
"1514911927","1990786726","0.125"
"1990786726","1514911927","0.125"
"1514911927","2015581928","0.125"
"2015581928","1514911927","0.125"
"1514911927","2089444016","0.125"
"2089444016","1514911927","0.125"
"1514911927","2111279428","0.125"
"2111279428","1514911927","0.125"
"1514911927","2120064877","0.125"
"2120064877","1514911927","0.125"
"1514911927","2122705039","0.125"
"2122705039","1514911927","0.125"
"1514911927","2146038408","0.125"
"2146038408","1514911927","0.125"
"1985381061","1990786726","0.125"
"1990786726","1985381061","0.125"
"1985381061","2015581928","2.85833"
"2015581928","1985381061","2.85833"
"1985381061","2089444016","0.125"
"2089444016","1985381061","0.125"
"1985381061","2111279428","0.125"
"2111279428","1985381061","0.125"
"1985381061","2120064877","0.125"
"2120064877","1985381061","0.125"
"1985381061","2122705039","0.125"
"2122705039","1985381061","0.125"
"1985381061","2146038408","0.632576"
"2146038408","1985381061","0.632576"
"1990786726","2015581928","0.291667"
"2015581928","1990786726","0.291667"
"1990786726","2089444016","0.125"
"2089444016","1990786726","0.125"
"1990786726","2111279428","0.125"
"2111279428","1990786726","0.125"
"1990786726","2120064877","0.291667"
"2120064877","1990786726","0.291667"
"1990786726","2122705039","0.125"
"2122705039","1990786726","0.125"
"1990786726","2146038408","0.125"
"2146038408","1990786726","0.125"
"2015581928","2089444016","0.392857"
"2089444016","2015581928","0.392857"
"2015581928","2120064877","0.691667"
"2120064877","2015581928","0.691667"
"2015581928","2122705039","1.825"
"2122705039","2015581928","1.825"
"2089444016","2111279428","0.467857"
"2111279428","2089444016","0.467857"
"2089444016","2120064877","0.125"
"2120064877","2089444016","0.125"
"2089444016","2122705039","0.125"
"2122705039","2089444016","0.125"
"2089444016","2146038408","1.00119"
"2146038408","2089444016","1.00119"
"2111279428","2120064877","0.125"
"2120064877","2111279428","0.125"
"2111279428","2122705039","0.125"
"2122705039","2111279428","0.125"
"2111279428","2146038408","0.267857"
"2146038408","2111279428","0.267857"
"2120064877","2122705039","0.125"
"2122705039","2120064877","0.125"
"2120064877","2146038408","0.325"
"2146038408","2120064877","0.325"
"2122705039","2146038408","0.125"
"2146038408","2122705039","0.125"
"1514911927","2760875302","1"
"2760875302","1514911927","1"
"1527810023","2067390851","4.23571"
"2067390851","1527810023","4.23571"
"1527810023","2109891159","1.86667"
"2109891159","1527810023","1.86667"
"2067390851","2109891159","2.58333"
"2109891159","2067390851","2.58333"
"1527810023","1551330137","0.142857"
"1551330137","1527810023","0.142857"
"1527810023","2015581928","3.61905"
"2015581928","1527810023","3.61905"
"1527810023","2104927684","1.47857"
"2104927684","1527810023","1.47857"
"1527810023","2127848723","1.89286"
"2127848723","1527810023","1.89286"
"1527810023","2171534374","1.14286"
"2171534374","1527810023","1.14286"
"1551330137","1995571854","0.142857"
"1995571854","1551330137","0.142857"
"1551330137","2011201505","0.142857"
"2011201505","1551330137","0.142857"
"1551330137","2015581928","0.142857"
"2015581928","1551330137","0.142857"
"1551330137","2104927684","0.142857"
"2104927684","1551330137","0.142857"
"1551330137","2127848723","2.75952"
"2127848723","1551330137","2.75952"
"1551330137","2171534374","0.392857"
"2171534374","1551330137","0.392857"
"1995571854","2011201505","2.69683"
"2011201505","1995571854","2.69683"
"1995571854","2104927684","2.98452"
"2104927684","1995571854","2.98452"
"1995571854","2127848723","5.7373"
"2127848723","1995571854","5.7373"
"1995571854","2171534374","2.74405"
"2171534374","1995571854","2.74405"
"2011201505","2015581928","0.459524"
"2015581928","2011201505","0.459524"
"2011201505","2104927684","0.142857"
"2104927684","2011201505","0.142857"
"2011201505","2127848723","11.7449"
"2127848723","2011201505","11.7449"
"2011201505","2171534374","7.57738"
"2171534374","2011201505","7.57738"
"2015581928","2127848723","3.29286"
"2127848723","2015581928","3.29286"
"2015581928","2171534374","0.142857"
"2171534374","2015581928","0.142857"
"2104927684","2127848723","0.342857"
"2127848723","2104927684","0.342857"
"2104927684","2171534374","0.142857"
"2171534374","2104927684","0.142857"
"2127848723","2171534374","9.43452"
"2171534374","2127848723","9.43452"
"2015581928","2069533912","3.33333"
"2069533912","2015581928","3.33333"
"2067390851","2069533912","3.08333"
"2069533912","2067390851","3.08333"
"1527810023","2104170998","2.25"
"2104170998","1527810023","2.25"
"1527810023","1765826514","18.8968"
"1765826514","1527810023","18.8968"
"1765826514","2011201505","1.08333"
"2011201505","1765826514","1.08333"
"1765826514","2104170998","4.2"
"2104170998","1765826514","4.2"
"1765826514","2127848723","2.86667"
"2127848723","1765826514","2.86667"
"2104170998","2127848723","18.8159"
"2127848723","2104170998","18.8159"
"1527810023","2041593403","4.46349"
"2041593403","1527810023","4.46349"
"17134785","1765826514","4.46111"
"1765826514","17134785","4.46111"
"17134785","2015581928","0.811111"
"2015581928","17134785","0.811111"
"17134785","2041593403","1.51111"
"2041593403","17134785","1.51111"
"17134785","2067390851","1.09444"
"2067390851","17134785","1.09444"
"1765826514","2067390851","5.21349"
"2067390851","1765826514","5.21349"
"1765826514","2116964974","1.58333"
"2116964974","1765826514","1.58333"
"2015581928","2116964974","0.25"
"2116964974","2015581928","0.25"
"1527810023","1568090905","4.75397"
"1568090905","1527810023","4.75397"
"2041593403","2104927684","8.22738"
"2104927684","2041593403","8.22738"
"2067390851","2104927684","0.985714"
"2104927684","2067390851","0.985714"
"1995571854","2155735325","18.7833"
"2155735325","1995571854","18.7833"
"1527810023","2076076251","0.57619"
"2076076251","1527810023","0.57619"
"1527810023","2126736976","0.142857"
"2126736976","1527810023","0.142857"
"1765826514","2126736976","0.392857"
"2126736976","1765826514","0.392857"
"2041593403","2076076251","5.77064"
"2076076251","2041593403","5.77064"
"2041593403","2126736976","0.47619"
"2126736976","2041593403","0.47619"
"2051767200","2104927684","1.32619"
"2104927684","2051767200","1.32619"
"2051767200","2126736976","0.142857"
"2126736976","2051767200","0.142857"
"2067390851","2076076251","1.20397"
"2076076251","2067390851","1.20397"
"2067390851","2126736976","0.47619"
"2126736976","2067390851","0.47619"
"2076076251","2104927684","0.492857"
"2104927684","2076076251","0.492857"
"2076076251","2126736976","2.47619"
"2126736976","2076076251","2.47619"
"2104927684","2126736976","0.142857"
"2126736976","2104927684","0.142857"
"1527810023","182062719","1"
"182062719","1527810023","1"
"1527810023","2112887891","0.142857"
"2112887891","1527810023","0.142857"
"1568090905","2015581928","0.903968"
"2015581928","1568090905","0.903968"
"1568090905","2104927684","2.41786"
"2104927684","1568090905","2.41786"
"1568090905","2112887891","0.892857"
"2112887891","1568090905","0.892857"
"1765826514","2112887891","0.809524"
"2112887891","1765826514","0.809524"
"2015581928","2112887891","0.142857"
"2112887891","2015581928","0.142857"
"2041593403","2112887891","0.892857"
"2112887891","2041593403","0.892857"
"2067390851","2112887891","0.142857"
"2112887891","2067390851","0.142857"
"2104927684","2112887891","0.892857"
"2112887891","2104927684","0.892857"
"2041593403","2127848723","2.61111"
"2127848723","2041593403","2.61111"
"2127848723","2155735325","4.86591"
"2155735325","2127848723","4.86591"
"1765826514","1995571854","5.22222"
"1995571854","1765826514","5.22222"
"1527810023","2011632128","0.35"
"2011632128","1527810023","0.35"
"1527810023","2146038408","0.85"
"2146038408","1527810023","0.85"
"1995571854","2011632128","1"
"2011632128","1995571854","1"
"1995571854","2146038408","1.78333"
"2146038408","1995571854","1.78333"
"2011632128","2104927684","0.933333"
"2104927684","2011632128","0.933333"
"2011632128","2146038408","2.09091"
"2146038408","2011632128","2.09091"
"1527810023","2071747415","0.2"
"2071747415","1527810023","0.2"
"1527810023","2096244445","0.2"
"2096244445","1527810023","0.2"
"1527810023","2122705039","0.533333"
"2122705039","1527810023","0.533333"
"2071747415","2096244445","0.2"
"2096244445","2071747415","0.2"
"2071747415","2109891159","2.14444"
"2109891159","2071747415","2.14444"
"2071747415","2122705039","0.2"
"2122705039","2071747415","0.2"
"2096244445","2109891159","0.266667"
"2109891159","2096244445","0.266667"
"2096244445","2122705039","1.53333"
"2122705039","2096244445","1.53333"
"2096244445","2155735325","0.933333"
"2155735325","2096244445","0.933333"
"2109891159","2122705039","1.4"
"2122705039","2109891159","1.4"
"2122705039","2155735325","8.98333"
"2155735325","2122705039","8.98333"
"1527810023","2135273364","0.411111"
"2135273364","1527810023","0.411111"
"17134785","2104927684","0.2"
"2104927684","17134785","0.2"
"17134785","2135273364","0.2"
"2135273364","17134785","0.2"
"1765826514","2135273364","0.411111"
"2135273364","1765826514","0.411111"
"2041593403","2135273364","0.602778"
"2135273364","2041593403","0.602778"
"2104927684","2135273364","1.925"
"2135273364","2104927684","1.925"
"2104170998","2146038408","0.657576"
"2146038408","2104170998","0.657576"
"1527810023","2166017748","0.333333"
"2166017748","1527810023","0.333333"
"2051767200","2122705039","0.533333"
"2122705039","2051767200","0.533333"
"2051767200","2166017748","0.333333"
"2166017748","2051767200","0.333333"
"2122705039","2166017748","0.333333"
"2166017748","2122705039","0.333333"
"1527810023","1574837241","0.111111"
"1574837241","1527810023","0.111111"
"1527810023","2083675321","0.111111"
"2083675321","1527810023","0.111111"
"1527810023","2155068847","0.111111"
"2155068847","1527810023","0.111111"
"1527810023","2159456281","0.111111"
"2159456281","1527810023","0.111111"
"1568090905","1574837241","0.111111"
"1574837241","1568090905","0.111111"
"1568090905","2083675321","0.436111"
"2083675321","1568090905","0.436111"
"1568090905","2135273364","0.402778"
"2135273364","1568090905","0.402778"
"1568090905","2155068847","0.486111"
"2155068847","1568090905","0.486111"
"1568090905","2159456281","0.236111"
"2159456281","1568090905","0.236111"
"1574837241","1765826514","0.111111"
"1765826514","1574837241","0.111111"
"1574837241","2041593403","0.111111"
"2041593403","1574837241","0.111111"
"1574837241","2083675321","0.111111"
"2083675321","1574837241","0.111111"
"1574837241","2135273364","0.111111"
"2135273364","1574837241","0.111111"
"1574837241","2155068847","0.111111"
"2155068847","1574837241","0.111111"
"1574837241","2155735325","0.811111"
"2155735325","1574837241","0.811111"
"1574837241","2159456281","0.111111"
"2159456281","1574837241","0.111111"
"1765826514","2083675321","0.361111"
"2083675321","1765826514","0.361111"
"1765826514","2155068847","0.111111"
"2155068847","1765826514","0.111111"
"1765826514","2159456281","0.472222"
"2159456281","1765826514","0.472222"
"2041593403","2159456281","0.236111"
"2159456281","2041593403","0.236111"
"2083675321","2135273364","0.236111"
"2135273364","2083675321","0.236111"
"2083675321","2155735325","0.436111"
"2155735325","2083675321","0.436111"
"2083675321","2159456281","0.236111"
"2159456281","2083675321","0.236111"
