"121344252","2111754733","3"
"2111754733","121344252","3"
"121344252","2235920218","2"
"2235920218","121344252","2"
"2111754733","2235920218","49.5429"
"2235920218","2111754733","49.5429"
"1506925106","1576737706","0.25"
"1576737706","1506925106","0.25"
"1506925106","1967747542","0.25"
"1967747542","1506925106","0.25"
"1506925106","1985945240","0.25"
"1985945240","1506925106","0.25"
"1506925106","2017297220","0.25"
"2017297220","1506925106","0.25"
"1506925106","2113519839","0.25"
"2113519839","1506925106","0.25"
"1506925106","2118812872","0.25"
"2118812872","1506925106","0.25"
"1506925106","2136058926","0.25"
"2136058926","1506925106","0.25"
"1506925106","2157611404","0.25"
"2157611404","1506925106","0.25"
"1576737706","1967747542","0.25"
"1967747542","1576737706","0.25"
"1576737706","1985945240","0.25"
"1985945240","1576737706","0.25"
"1576737706","2017297220","0.416667"
"2017297220","1576737706","0.416667"
"1576737706","2113519839","0.416667"
"2113519839","1576737706","0.416667"
"1576737706","2118812872","0.25"
"2118812872","1576737706","0.25"
"1576737706","2136058926","0.25"
"2136058926","1576737706","0.25"
"1576737706","2157611404","0.25"
"2157611404","1576737706","0.25"
"1967747542","1985945240","0.833333"
"1985945240","1967747542","0.833333"
"1967747542","2017297220","0.833333"
"2017297220","1967747542","0.833333"
"1967747542","2113519839","0.583333"
"2113519839","1967747542","0.583333"
"1967747542","2118812872","2.83333"
"2118812872","1967747542","2.83333"
"1967747542","2136058926","1.66667"
"2136058926","1967747542","1.66667"
"1967747542","2157611404","0.25"
"2157611404","1967747542","0.25"
"1985945240","2017297220","31.2"
"2017297220","1985945240","31.2"
"1985945240","2113519839","8.11667"
"2113519839","1985945240","8.11667"
"1985945240","2118812872","2.91667"
"2118812872","1985945240","2.91667"
"1985945240","2136058926","29.5333"
"2136058926","1985945240","29.5333"
"1985945240","2157611404","9.2"
"2157611404","1985945240","9.2"
"2017297220","2113519839","3.95"
"2113519839","2017297220","3.95"
"2017297220","2118812872","1.91667"
"2118812872","2017297220","1.91667"
"2017297220","2136058926","2.16667"
"2136058926","2017297220","2.16667"
"2017297220","2157611404","4"
"2157611404","2017297220","4"
"2113519839","2118812872","0.5"
"2118812872","2113519839","0.5"
"2113519839","2136058926","0.583333"
"2136058926","2113519839","0.583333"
"2113519839","2157611404","2.33333"
"2157611404","2113519839","2.33333"
"2118812872","2136058926","1.33333"
"2136058926","2118812872","1.33333"
"2118812872","2157611404","0.25"
"2157611404","2118812872","0.25"
"2136058926","2157611404","5.53333"
"2157611404","2136058926","5.53333"
"1542449019","2053744410","1.66667"
"2053744410","1542449019","1.66667"
"1542449019","2235920218","1.33333"
"2235920218","1542449019","1.33333"
"2053744410","2235920218","3.08333"
"2235920218","2053744410","3.08333"
"1542449019","1985945240","0.333333"
"1985945240","1542449019","0.333333"
"1985945240","2053744410","2.08333"
"2053744410","1985945240","2.08333"
"1985945240","2235920218","20.7333"
"2235920218","1985945240","20.7333"
"1542449019","2016126398","0.333333"
"2016126398","1542449019","0.333333"
"1542449019","2061698256","0.333333"
"2061698256","1542449019","0.333333"
"2016126398","2053744410","1.33333"
"2053744410","2016126398","1.33333"
"2016126398","2061698256","2.16667"
"2061698256","2016126398","2.16667"
"2053744410","2061698256","1.5"
"2061698256","2053744410","1.5"
"1542449019","2017297220","0.5"
"2017297220","1542449019","0.5"
"1542449019","2153973618","0.5"
"2153973618","1542449019","0.5"
"2017297220","2153973618","1"
"2153973618","2017297220","1"
"1576737706","1792543140","0.166667"
"1792543140","1576737706","0.166667"
"1576737706","2053744410","0.166667"
"2053744410","1576737706","0.166667"
"1576737706","2061698256","0.166667"
"2061698256","1576737706","0.166667"
"1576737706","2235920218","0.166667"
"2235920218","1576737706","0.166667"
"1792543140","2017297220","2.7"
"2017297220","1792543140","2.7"
"1792543140","2053744410","0.166667"
"2053744410","1792543140","0.166667"
"1792543140","2061698256","0.366667"
"2061698256","1792543140","0.366667"
"1792543140","2113519839","1.86667"
"2113519839","1792543140","1.86667"
"1792543140","2235920218","2.2"
"2235920218","1792543140","2.2"
"2017297220","2053744410","0.75"
"2053744410","2017297220","0.75"
"2017297220","2061698256","1.95"
"2061698256","2017297220","1.95"
"2017297220","2235920218","5.45"
"2235920218","2017297220","5.45"
"2053744410","2113519839","0.166667"
"2113519839","2053744410","0.166667"
"2061698256","2113519839","1.36667"
"2113519839","2061698256","1.36667"
"2061698256","2235920218","1.36667"
"2235920218","2061698256","1.36667"
"2113519839","2235920218","1.36667"
"2235920218","2113519839","1.36667"
"1748696506","1985945240","1.91667"
"1985945240","1748696506","1.91667"
"1748696506","2111754733","2.41667"
"2111754733","1748696506","2.41667"
"1748696506","2136058926","4.83333"
"2136058926","1748696506","4.83333"
"1985945240","2111754733","9.36667"
"2111754733","1985945240","9.36667"
"2111754733","2136058926","18.6262"
"2136058926","2111754733","18.6262"
"1748696506","2139202955","2.5"
"2139202955","1748696506","2.5"
"1748696506","2235920218","0.5"
"2235920218","1748696506","0.5"
"2139202955","2235920218","8.64286"
"2235920218","2139202955","8.64286"
"1748696506","2088956580","1"
"2088956580","1748696506","1"
"1748696506","2113519839","0.333333"
"2113519839","1748696506","0.333333"
"2111754733","2113519839","0.333333"
"2113519839","2111754733","0.333333"
"1748696506","2157611404","0.25"
"2157611404","1748696506","0.25"
"1748696506","2157986953","0.25"
"2157986953","1748696506","0.25"
"1985945240","2157986953","3.25"
"2157986953","1985945240","3.25"
"2111754733","2157611404","2.45"
"2157611404","2111754733","2.45"
"2111754733","2157986953","9.33333"
"2157986953","2111754733","9.33333"
"2157611404","2157986953","0.25"
"2157986953","2157611404","0.25"
"1748696506","2119268950","1"
"2119268950","1748696506","1"
"1792543140","1985945240","4.53333"
"1985945240","1792543140","4.53333"
"1985945240","2061698256","4.53333"
"2061698256","1985945240","4.53333"
"1792543140","2016126398","1"
"2016126398","1792543140","1"
"1792543140","2111754733","1"
"2111754733","1792543140","1"
"1967747542","2235920218","0.5"
"2235920218","1967747542","0.5"
"2118812872","2235920218","0.833333"
"2235920218","2118812872","0.833333"
"1967747542","2107725136","0.333333"
"2107725136","1967747542","0.333333"
"2107725136","2113519839","0.333333"
"2113519839","2107725136","0.333333"
"2107725136","2136058926","0.333333"
"2136058926","2107725136","0.333333"
"1967747542","1974329059","0.0833333"
"1974329059","1967747542","0.0833333"
"1967747542","2000749609","0.0833333"
"2000749609","1967747542","0.0833333"
"1967747542","2016126398","0.0833333"
"2016126398","1967747542","0.0833333"
"1967747542","2041439744","0.0833333"
"2041439744","1967747542","0.0833333"
"1967747542","2088956580","0.0833333"
"2088956580","1967747542","0.0833333"
"1967747542","2111754733","0.0833333"
"2111754733","1967747542","0.0833333"
"1967747542","2132266358","0.0833333"
"2132266358","1967747542","0.0833333"
"1967747542","2139202955","0.0833333"
"2139202955","1967747542","0.0833333"
"1974329059","1985945240","2.08333"
"1985945240","1974329059","2.08333"
"1974329059","2000749609","0.0833333"
"2000749609","1974329059","0.0833333"
"1974329059","2016126398","0.0833333"
"2016126398","1974329059","0.0833333"
"1974329059","2017297220","1.08333"
"2017297220","1974329059","1.08333"
"1974329059","2041439744","0.0833333"
"2041439744","1974329059","0.0833333"
"1974329059","2088956580","0.0833333"
"2088956580","1974329059","0.0833333"
"1974329059","2111754733","0.0833333"
"2111754733","1974329059","0.0833333"
"1974329059","2118812872","0.0833333"
"2118812872","1974329059","0.0833333"
"1974329059","2132266358","0.0833333"
"2132266358","1974329059","0.0833333"
"1974329059","2136058926","0.0833333"
"2136058926","1974329059","0.0833333"
"1974329059","2139202955","0.0833333"
"2139202955","1974329059","0.0833333"
"1985945240","2000749609","2.41667"
"2000749609","1985945240","2.41667"
"1985945240","2016126398","5.5"
"2016126398","1985945240","5.5"
"1985945240","2041439744","3.08333"
"2041439744","1985945240","3.08333"
"1985945240","2088956580","2.28333"
"2088956580","1985945240","2.28333"
"1985945240","2132266358","0.0833333"
"2132266358","1985945240","0.0833333"
"1985945240","2139202955","4.08333"
"2139202955","1985945240","4.08333"
"2000749609","2016126398","0.0833333"
"2016126398","2000749609","0.0833333"
"2000749609","2017297220","2.91667"
"2017297220","2000749609","2.91667"
"2000749609","2041439744","0.0833333"
"2041439744","2000749609","0.0833333"
"2000749609","2088956580","0.0833333"
"2088956580","2000749609","0.0833333"
"2000749609","2111754733","0.0833333"
"2111754733","2000749609","0.0833333"
"2000749609","2118812872","0.0833333"
"2118812872","2000749609","0.0833333"
"2000749609","2132266358","0.0833333"
"2132266358","2000749609","0.0833333"
"2000749609","2136058926","0.0833333"
"2136058926","2000749609","0.0833333"
"2000749609","2139202955","0.0833333"
"2139202955","2000749609","0.0833333"
"2016126398","2017297220","8.16667"
"2017297220","2016126398","8.16667"
"2016126398","2041439744","1.08333"
"2041439744","2016126398","1.08333"
"2016126398","2088956580","0.0833333"
"2088956580","2016126398","0.0833333"
"2016126398","2111754733","0.583333"
"2111754733","2016126398","0.583333"
"2016126398","2118812872","0.0833333"
"2118812872","2016126398","0.0833333"
"2016126398","2132266358","0.0833333"
"2132266358","2016126398","0.0833333"
"2016126398","2136058926","1.58333"
"2136058926","2016126398","1.58333"
"2016126398","2139202955","0.0833333"
"2139202955","2016126398","0.0833333"
"2017297220","2041439744","0.0833333"
"2041439744","2017297220","0.0833333"
"2017297220","2088956580","0.0833333"
"2088956580","2017297220","0.0833333"
"2017297220","2111754733","1.08333"
"2111754733","2017297220","1.08333"
"2017297220","2132266358","0.0833333"
"2132266358","2017297220","0.0833333"
"2017297220","2139202955","0.0833333"
"2139202955","2017297220","0.0833333"
"2041439744","2088956580","0.0833333"
"2088956580","2041439744","0.0833333"
"2041439744","2111754733","0.0833333"
"2111754733","2041439744","0.0833333"
"2041439744","2118812872","0.0833333"
"2118812872","2041439744","0.0833333"
"2041439744","2132266358","0.0833333"
"2132266358","2041439744","0.0833333"
"2041439744","2136058926","0.0833333"
"2136058926","2041439744","0.0833333"
"2041439744","2139202955","0.0833333"
"2139202955","2041439744","0.0833333"
"2088956580","2111754733","2.87619"
"2111754733","2088956580","2.87619"
"2088956580","2118812872","0.0833333"
"2118812872","2088956580","0.0833333"
"2088956580","2132266358","0.0833333"
"2132266358","2088956580","0.0833333"
"2088956580","2136058926","4.62619"
"2136058926","2088956580","4.62619"
"2088956580","2139202955","1.97619"
"2139202955","2088956580","1.97619"
"2111754733","2118812872","0.0833333"
"2118812872","2111754733","0.0833333"
"2111754733","2132266358","0.0833333"
"2132266358","2111754733","0.0833333"
"2111754733","2139202955","8.47619"
"2139202955","2111754733","8.47619"
"2118812872","2132266358","0.0833333"
"2132266358","2118812872","0.0833333"
"2118812872","2139202955","0.0833333"
"2139202955","2118812872","0.0833333"
"2132266358","2136058926","0.0833333"
"2136058926","2132266358","0.0833333"
"2132266358","2139202955","0.0833333"
"2139202955","2132266358","0.0833333"
"2136058926","2139202955","2.72619"
"2139202955","2136058926","2.72619"
"1985945240","2119268950","1.66667"
"2119268950","1985945240","1.66667"
"2119268950","2139202955","1.55952"
"2139202955","2119268950","1.55952"
"2119268950","2235920218","1.30952"
"2235920218","2119268950","1.30952"
"1985945240","2100763109","3.5"
"2100763109","1985945240","3.5"
"2017297220","2100763109","1.33333"
"2100763109","2017297220","1.33333"
"1985945240","2105063068","1.08333"
"2105063068","1985945240","1.08333"
"2105063068","2111754733","2.17619"
"2111754733","2105063068","2.17619"
"2157611404","2235920218","0.7"
"2235920218","2157611404","0.7"
"1985945240","2111687321","1.08333"
"2111687321","1985945240","1.08333"
"2017297220","2111687321","1.58333"
"2111687321","2017297220","1.58333"
"2111687321","2157611404","0.333333"
"2157611404","2111687321","0.333333"
"2017297220","2105063068","0.583333"
"2105063068","2017297220","0.583333"
"2105063068","2235920218","1.92619"
"2235920218","2105063068","1.92619"
"2100763109","2235920218","3.33333"
"2235920218","2100763109","3.33333"
"2053744410","2105063068","0.25"
"2105063068","2053744410","0.25"
"1985945240","2153973618","1.5"
"2153973618","1985945240","1.5"
"2053744410","2157611404","0.5"
"2157611404","2053744410","0.5"
"1985945240","2054562387","4.16667"
"2054562387","1985945240","4.16667"
"2136058926","2153973618","1"
"2153973618","2136058926","1"
"2111687321","2136058926","3.5"
"2136058926","2111687321","3.5"
"2088956580","2157611404","0.2"
"2157611404","2088956580","0.2"
"2088956580","2235920218","5.04286"
"2235920218","2088956580","5.04286"
"2136058926","2235920218","7.12619"
"2235920218","2136058926","7.12619"
"2119268950","2136058926","1.64286"
"2136058926","2119268950","1.64286"
"2054562387","2136058926","19.0095"
"2136058926","2054562387","19.0095"
"1985945240","2407231356","0.333333"
"2407231356","1985945240","0.333333"
"2016126398","2235920218","4.58333"
"2235920218","2016126398","4.58333"
"2016126398","2407231356","0.333333"
"2407231356","2016126398","0.333333"
"2235920218","2407231356","0.333333"
"2407231356","2235920218","0.333333"
"2111754733","2119268950","3.89286"
"2119268950","2111754733","3.89286"
"1985945240","2253453815","0.583333"
"2253453815","1985945240","0.583333"
"2000749609","2253453815","1.33333"
"2253453815","2000749609","1.33333"
"2017297220","2253453815","0.583333"
"2253453815","2017297220","0.583333"
"2041439744","2113519839","2"
"2113519839","2041439744","2"
"1985945240","2247042622","0.25"
"2247042622","1985945240","0.25"
"2016126398","2247042622","0.75"
"2247042622","2016126398","0.75"
"2136058926","2247042622","0.25"
"2247042622","2136058926","0.25"
"2235920218","2247042622","0.75"
"2247042622","2235920218","0.75"
"2111687321","2113519839","0.25"
"2113519839","2111687321","0.25"
"2111687321","2118812872","0.25"
"2118812872","2111687321","0.25"
"2113519839","2253453815","0.25"
"2253453815","2113519839","0.25"
"2157611404","2253453815","0.25"
"2253453815","2157611404","0.25"
"2054562387","2111754733","7.67619"
"2111754733","2054562387","7.67619"
"1985945240","2130723705","1"
"2130723705","1985945240","1"
"1985945240","2536415881","0.25"
"2536415881","1985945240","0.25"
"2016126398","2536415881","0.25"
"2536415881","2016126398","0.25"
"2017297220","2536415881","0.75"
"2536415881","2017297220","0.75"
"2061698256","2536415881","0.25"
"2536415881","2061698256","0.25"
"2054562387","2139202955","1.80952"
"2139202955","2054562387","1.80952"
"2016126398","2157611404","0.25"
"2157611404","2016126398","0.25"
"2061698256","2136058926","1.75"
"2136058926","2061698256","1.75"
"2061698256","2157611404","0.25"
"2157611404","2061698256","0.25"
"2000749609","2235920218","1"
"2235920218","2000749609","1"
"2000749609","2061698256","1"
"2061698256","2000749609","1"
"2000749609","2130723705","0.5"
"2130723705","2000749609","0.5"
"2017297220","2130723705","0.5"
"2130723705","2017297220","0.5"
"2000749609","2100763109","1"
"2100763109","2000749609","1"
"2016126398","2157986953","1.5"
"2157986953","2016126398","1.5"
"2053744410","2100763109","0.333333"
"2100763109","2053744410","0.333333"
"2017297220","2054562387","2"
"2054562387","2017297220","2"
"2061698256","2100763109","0.5"
"2100763109","2061698256","0.5"
"2157611404","2536415881","0.5"
"2536415881","2157611404","0.5"
"2017297220","2407231356","1"
"2407231356","2017297220","1"
"2017297220","2884126467","1"
"2884126467","2017297220","1"
"2041439744","2235920218","1"
"2235920218","2041439744","1"
"2054210054","2235920218","2"
"2235920218","2054210054","2"
"2054562387","2119268950","2.14286"
"2119268950","2054562387","2.14286"
"2054562387","2088956580","2.34286"
"2088956580","2054562387","2.34286"
"2054562387","2105063068","0.67619"
"2105063068","2054562387","0.67619"
"2054562387","2235920218","2.17619"
"2235920218","2054562387","2.17619"
"2088956580","2105063068","0.342857"
"2105063068","2088956580","0.342857"
"2088956580","2119268950","0.392857"
"2119268950","2088956580","0.392857"
"2105063068","2119268950","0.142857"
"2119268950","2105063068","0.142857"
"2105063068","2136058926","0.342857"
"2136058926","2105063068","0.342857"
"2105063068","2139202955","0.47619"
"2139202955","2105063068","0.47619"
"2054562387","2157986953","1"
"2157986953","2054562387","1"
"2088956580","2157986953","2.25"
"2157986953","2088956580","2.25"
"2054562387","2157611404","1"
"2157611404","2054562387","1"
"2061698256","2407231356","0.5"
"2407231356","2061698256","0.5"
"2136058926","2407231356","0.5"
"2407231356","2136058926","0.5"
"2119268950","2157986953","0.25"
"2157986953","2119268950","0.25"
"2139202955","2157986953","1.08333"
"2157986953","2139202955","1.08333"
"2088956580","2113519839","1"
"2113519839","2088956580","1"
"2100763109","2136058926","1"
"2136058926","2100763109","1"
"2107725136","2235920218","3.33333"
"2235920218","2107725136","3.33333"
"2107725136","2111754733","0.333333"
"2111754733","2107725136","0.333333"
"2107725136","2533799995","0.333333"
"2533799995","2107725136","0.333333"
"2111754733","2533799995","0.333333"
"2533799995","2111754733","0.333333"
"2235920218","2533799995","0.333333"
"2533799995","2235920218","0.333333"
"2157986953","2235920218","9.33333"
"2235920218","2157986953","9.33333"
"2119268950","2157611404","4"
"2157611404","2119268950","4"
"2136058926","2157986953","1.5"
"2157986953","2136058926","1.5"
