"1488637157","959014253","1"
"959014253","1488637157","1"
"1672641055","1921321549","8.39121"
"1921321549","1672641055","8.39121"
"1672641055","2112978432","10.5583"
"2112978432","1672641055","10.5583"
"1672641055","2116072401","7.06029"
"2116072401","1672641055","7.06029"
"1672641055","2144593664","3.45083"
"2144593664","1672641055","3.45083"
"1672641055","2150291289","1.76111"
"2150291289","1672641055","1.76111"
"1672641055","2160176465","1.69643"
"2160176465","1672641055","1.69643"
"1672641055","2166184037","10.0579"
"2166184037","1672641055","10.0579"
"1921321549","2112978432","11.0579"
"2112978432","1921321549","11.0579"
"1921321549","2116072401","15.0293"
"2116072401","1921321549","15.0293"
"1921321549","2144593664","1.46905"
"2144593664","1921321549","1.46905"
"1921321549","2150291289","1.29762"
"2150291289","1921321549","1.29762"
"1921321549","2160176465","0.619048"
"2160176465","1921321549","0.619048"
"1921321549","2166184037","11.0579"
"2166184037","1921321549","11.0579"
"2112978432","2116072401","4.02974"
"2116072401","2112978432","4.02974"
"2112978432","2144593664","12.3611"
"2144593664","2112978432","12.3611"
"2112978432","2150291289","2.13095"
"2150291289","2112978432","2.13095"
"2112978432","2160176465","0.744048"
"2160176465","2112978432","0.744048"
"2112978432","2166184037","26.1412"
"2166184037","2112978432","26.1412"
"2116072401","2144593664","6.7675"
"2144593664","2116072401","6.7675"
"2116072401","2150291289","7.49921"
"2150291289","2116072401","7.49921"
"2116072401","2160176465","13.5298"
"2160176465","2116072401","13.5298"
"2116072401","2166184037","4.86264"
"2166184037","2116072401","4.86264"
"2144593664","2150291289","10.8548"
"2150291289","2144593664","10.8548"
"2144593664","2160176465","17.9464"
"2160176465","2144593664","17.9464"
"2144593664","2166184037","1.46905"
"2166184037","2144593664","1.46905"
"2150291289","2160176465","23.6548"
"2160176465","2150291289","23.6548"
"2150291289","2166184037","0.964286"
"2166184037","2150291289","0.964286"
"2160176465","2166184037","4.61905"
"2166184037","2160176465","4.61905"
"1672641055","2112102730","3.70672"
"2112102730","1672641055","3.70672"
"1672641055","2149734738","3.70672"
"2149734738","1672641055","3.70672"
"2112102730","2149734738","21.0067"
"2149734738","2112102730","21.0067"
"2112102730","2160176465","1.2"
"2160176465","2112102730","1.2"
"2149734738","2160176465","1.2"
"2160176465","2149734738","1.2"
"1672641055","1835970573","0.97061"
"1835970573","1672641055","0.97061"
"1672641055","1918236224","5.77458"
"1918236224","1672641055","5.77458"
"1672641055","1927446391","5.32458"
"1927446391","1672641055","5.32458"
"1672641055","2100955994","3.0222"
"2100955994","1672641055","3.0222"
"1672641055","2158816430","6.77458"
"2158816430","1672641055","6.77458"
"1835970573","1918236224","0.97061"
"1918236224","1835970573","0.97061"
"1835970573","1927446391","0.97061"
"1927446391","1835970573","0.97061"
"1835970573","2100955994","2.95394"
"2100955994","1835970573","2.95394"
"1835970573","2112102730","2.95394"
"2112102730","1835970573","2.95394"
"1835970573","2116072401","0.97061"
"2116072401","1835970573","0.97061"
"1835970573","2149734738","3.45394"
"2149734738","1835970573","3.45394"
"1835970573","2158816430","0.97061"
"2158816430","1835970573","0.97061"
"1918236224","1927446391","7.12458"
"1927446391","1918236224","7.12458"
"1918236224","2100955994","2.34363"
"2100955994","1918236224","2.34363"
"1918236224","2112102730","2.61148"
"2112102730","1918236224","2.61148"
"1918236224","2116072401","6.27458"
"2116072401","1918236224","6.27458"
"1918236224","2149734738","2.61148"
"2149734738","1918236224","2.61148"
"1918236224","2158816430","11.7746"
"2158816430","1918236224","11.7746"
"1927446391","2100955994","2.67696"
"2100955994","1927446391","2.67696"
"1927446391","2112102730","2.94482"
"2112102730","1927446391","2.94482"
"1927446391","2116072401","6.87458"
"2116072401","1927446391","6.87458"
"1927446391","2149734738","2.94482"
"2149734738","1927446391","2.94482"
"1927446391","2158816430","5.12458"
"2158816430","1927446391","5.12458"
"2100955994","2112102730","31.4889"
"2112102730","2100955994","31.4889"
"2100955994","2116072401","2.92696"
"2116072401","2100955994","2.92696"
"2100955994","2149734738","15.9889"
"2149734738","2100955994","15.9889"
"2100955994","2158816430","2.09363"
"2158816430","2100955994","2.09363"
"2112102730","2116072401","3.27815"
"2116072401","2112102730","3.27815"
"2112102730","2158816430","2.36148"
"2158816430","2112102730","2.36148"
"2116072401","2149734738","2.94482"
"2149734738","2116072401","2.94482"
"2116072401","2158816430","7.52458"
"2158816430","2116072401","7.52458"
"2149734738","2158816430","2.36148"
"2158816430","2149734738","2.36148"
"1921321549","2100955994","1.08883"
"2100955994","1921321549","1.08883"
"2100955994","2112978432","6.47974"
"2112978432","2100955994","6.47974"
"2100955994","2166184037","1.33883"
"2166184037","2100955994","1.33883"
"1672641055","2097185558","2.41624"
"2097185558","1672641055","2.41624"
"1918236224","2097185558","1.58291"
"2097185558","1918236224","1.58291"
"1927446391","2097185558","1.58291"
"2097185558","1927446391","1.58291"
"2097185558","2112102730","3.49958"
"2112102730","2097185558","3.49958"
"2097185558","2116072401","2.16624"
"2116072401","2097185558","2.16624"
"2097185558","2149734738","2.49958"
"2149734738","2097185558","2.49958"
"2097185558","2158816430","2.08291"
"2158816430","2097185558","2.08291"
"1918236224","2112978432","8.49402"
"2112978432","1918236224","8.49402"
"1927446391","2112978432","1.69402"
"2112978432","1927446391","1.69402"
"2097185558","2112978432","3.87617"
"2112978432","2097185558","3.87617"
"2112102730","2112978432","4.93807"
"2112978432","2112102730","4.93807"
"2112978432","2149734738","7.43807"
"2149734738","2112978432","7.43807"
"2112978432","2158816430","2.99402"
"2158816430","2112978432","2.99402"
"1918236224","2144593664","2.73178"
"2144593664","1918236224","2.73178"
"1927446391","2144593664","1.51512"
"2144593664","1927446391","1.51512"
"2097185558","2100955994","2.23172"
"2100955994","2097185558","2.23172"
"2097185558","2144593664","11.702"
"2144593664","2097185558","11.702"
"2100955994","2144593664","2.18535"
"2144593664","2100955994","2.18535"
"2112102730","2144593664","2.26869"
"2144593664","2112102730","2.26869"
"2144593664","2149734738","1.93535"
"2149734738","2144593664","1.93535"
"2144593664","2158816430","3.31512"
"2158816430","2144593664","3.31512"
"1672641055","1918295516","0.682479"
"1918295516","1672641055","0.682479"
"1835970573","1918295516","0.860256"
"1918295516","1835970573","0.860256"
"1835970573","2097185558","1.07894"
"2097185558","1835970573","1.07894"
"1918236224","1918295516","0.682479"
"1918295516","1918236224","0.682479"
"1918295516","1927446391","0.682479"
"1927446391","1918295516","0.682479"
"1918295516","2097185558","1.68248"
"2097185558","1918295516","1.68248"
"1918295516","2100955994","3.64915"
"2100955994","1918295516","3.64915"
"1918295516","2112102730","5.73248"
"2112102730","1918295516","5.73248"
"1918295516","2116072401","5.68248"
"2116072401","1918295516","5.68248"
"1918295516","2149734738","44.7325"
"2149734738","1918295516","44.7325"
"1918295516","2158816430","0.682479"
"2158816430","1918295516","0.682479"
"1918236224","2166184037","0.49359"
"2166184037","1918236224","0.49359"
"1927446391","2166184037","0.69359"
"2166184037","1927446391","0.69359"
"2158816430","2166184037","3.49359"
"2166184037","2158816430","3.49359"
"1918236224","2150291289","2.21349"
"2150291289","1918236224","2.21349"
"1918236224","2160176465","2.41071"
"2160176465","1918236224","2.41071"
"1927446391","2150291289","0.396825"
"2150291289","1927446391","0.396825"
"1927446391","2160176465","0.744048"
"2160176465","1927446391","0.744048"
"2150291289","2158816430","0.796825"
"2158816430","2150291289","0.796825"
"2158816430","2160176465","1.74405"
"2160176465","2158816430","1.74405"
"1672641055","1899144410","2.43571"
"1899144410","1672641055","2.43571"
"1835970573","1899144410","0.266667"
"1899144410","1835970573","0.266667"
"1835970573","2112978432","0.434499"
"2112978432","1835970573","0.434499"
"1899144410","1918236224","2.43571"
"1918236224","1899144410","2.43571"
"1899144410","1927446391","2.03571"
"1927446391","1899144410","2.03571"
"1899144410","2100955994","0.641667"
"2100955994","1899144410","0.641667"
"1899144410","2112102730","0.641667"
"2112102730","1899144410","0.641667"
"1899144410","2112978432","0.784524"
"2112978432","1899144410","0.784524"
"1899144410","2116072401","2.43571"
"2116072401","1899144410","2.43571"
"1899144410","2149734738","0.641667"
"2149734738","1899144410","0.641667"
"1899144410","2158816430","2.43571"
"2158816430","1899144410","2.43571"
"1672641055","1861080269","1.06667"
"1861080269","1672641055","1.06667"
"1861080269","2144593664","2.4"
"2144593664","1861080269","2.4"
"1835970573","1921321549","0.660256"
"1921321549","1835970573","0.660256"
"1835970573","2166184037","0.160256"
"2166184037","1835970573","0.160256"
"1899144410","1921321549","0.0833333"
"1921321549","1899144410","0.0833333"
"1899144410","2166184037","0.25"
"2166184037","1899144410","0.25"
"1918236224","1921321549","0.160256"
"1921321549","1918236224","0.160256"
"1921321549","1927446391","0.360256"
"1927446391","1921321549","0.360256"
"1921321549","2112102730","3.17216"
"2112102730","1921321549","3.17216"
"1921321549","2149734738","1.33883"
"2149734738","1921321549","1.33883"
"1921321549","2158816430","0.160256"
"2158816430","1921321549","0.160256"
"2112102730","2166184037","1.08883"
"2166184037","2112102730","1.08883"
"2149734738","2166184037","2.08883"
"2166184037","2149734738","2.08883"
"1899144410","2144593664","0.827381"
"2144593664","1899144410","0.827381"
"2097185558","2166184037","0.910256"
"2166184037","2097185558","0.910256"
"1921321549","2097185558","0.576923"
"2097185558","1921321549","0.576923"
"2097185558","2150291289","1.02778"
"2150291289","2097185558","1.02778"
"2100955994","2150291289","1.15635"
"2150291289","2100955994","1.15635"
"2112102730","2150291289","1.15635"
"2150291289","2112102730","1.15635"
"2149734738","2150291289","1.65635"
"2150291289","2149734738","1.65635"
"1899144410","2160176465","0.458333"
"2160176465","1899144410","0.458333"
"1918295516","1921321549","0.0769231"
"1921321549","1918295516","0.0769231"
"1918295516","2112978432","5.11026"
"2112978432","1918295516","5.11026"
"1918295516","2166184037","1.57692"
"2166184037","1918295516","1.57692"
"1835970573","2160176465","2.28333"
"2160176465","1835970573","2.28333"
"1899144410","1918295516","0.0833333"
"1918295516","1899144410","0.0833333"
"1918295516","2160176465","4.28333"
"2160176465","1918295516","4.28333"
"2100955994","2160176465","0.783333"
"2160176465","2100955994","0.783333"
"1835970573","2144593664","0.590909"
"2144593664","1835970573","0.590909"
"1899144410","2150291289","0.4"
"2150291289","1899144410","0.4"
"1672641055","2262088261","0.142857"
"2262088261","1672641055","0.142857"
"1899144410","2262088261","0.142857"
"2262088261","1899144410","0.142857"
"1918236224","2262088261","0.142857"
"2262088261","1918236224","0.142857"
"1927446391","2262088261","0.142857"
"2262088261","1927446391","0.142857"
"2116072401","2262088261","0.642857"
"2262088261","2116072401","0.642857"
"2144593664","2262088261","0.142857"
"2262088261","2144593664","0.142857"
"2158816430","2262088261","0.642857"
"2262088261","2158816430","0.642857"
"1861080269","1918236224","0.166667"
"1918236224","1861080269","0.166667"
"1861080269","1927446391","0.166667"
"1927446391","1861080269","0.166667"
"1861080269","2097185558","0.166667"
"2097185558","1861080269","0.166667"
"1861080269","2116072401","1.16667"
"2116072401","1861080269","1.16667"
"1861080269","2158816430","0.166667"
"2158816430","1861080269","0.166667"
"1861080269","1921321549","0.4"
"1921321549","1861080269","0.4"
"1861080269","2112978432","1.4"
"2112978432","1861080269","1.4"
"1861080269","2166184037","0.4"
"2166184037","1861080269","0.4"
"1835970573","2131418169","0.25"
"2131418169","1835970573","0.25"
"2100955994","2131418169","0.25"
"2131418169","2100955994","0.25"
"2112102730","2131418169","0.25"
"2131418169","2112102730","0.25"
"2131418169","2149734738","0.25"
"2149734738","2131418169","0.25"
"1835970573","2408130730","0.2"
"2408130730","1835970573","0.2"
"1918295516","2408130730","0.533333"
"2408130730","1918295516","0.533333"
"2100955994","2408130730","9.7"
"2408130730","2100955994","9.7"
"2112102730","2408130730","9.7"
"2408130730","2112102730","9.7"
"2149734738","2408130730","0.2"
"2408130730","2149734738","0.2"
"1861080269","2160176465","0.5"
"2160176465","1861080269","0.5"
"1861080269","1918295516","1"
"1918295516","1861080269","1"
"1889661747","2116072401","3"
"2116072401","1889661747","3"
"1889661747","2150291289","1"
"2150291289","1889661747","1"
"1918295516","2144593664","9.06667"
"2144593664","1918295516","9.06667"
"1918295516","2150291289","3.7"
"2150291289","1918295516","3.7"
"1918295516","2131418169","5.5"
"2131418169","1918295516","5.5"
"2097185558","2408130730","0.333333"
"2408130730","2097185558","0.333333"
"2150291289","2408130730","0.333333"
"2408130730","2150291289","0.333333"
"2131418169","2144593664","4"
"2144593664","2131418169","4"
"1927446391","2756988371","5"
"2756988371","1927446391","5"
"2097185558","2131418169","1"
"2131418169","2097185558","1"
"2097185558","2160176465","0.583333"
"2160176465","2097185558","0.583333"
"2112978432","2131418169","1"
"2131418169","2112978432","1"
"2112978432","2262088261","1"
"2262088261","2112978432","1"
"2131418169","2262088261","15"
"2262088261","2131418169","15"
"2112978432","2756988371","0.333333"
"2756988371","2112978432","0.333333"
"2116072401","2756988371","0.333333"
"2756988371","2116072401","0.333333"
"2166184037","2756988371","0.333333"
"2756988371","2166184037","0.333333"
"2116072401","2131418169","1"
"2131418169","2116072401","1"
"2131418169","2160176465","4.5"
"2160176465","2131418169","4.5"
"2131418169","2158816430","0.5"
"2158816430","2131418169","0.5"
"2160176465","2262088261","0.5"
"2262088261","2160176465","0.5"
"2131418169","2408130730","0.5"
"2408130730","2131418169","0.5"
"2262088261","2408130730","0.5"
"2408130730","2262088261","0.5"
"2149734738","2262088261","1"
"2262088261","2149734738","1"
