"104592437","138330923","0.111111"
"138330923","104592437","0.111111"
"104592437","1596932356","0.644444"
"1596932356","104592437","0.644444"
"104592437","2009803366","0.111111"
"2009803366","104592437","0.111111"
"104592437","2023192402","0.311111"
"2023192402","104592437","0.311111"
"104592437","2068091162","2.64444"
"2068091162","104592437","2.64444"
"104592437","2068753989","0.444444"
"2068753989","104592437","0.444444"
"104592437","2069341015","0.111111"
"2069341015","104592437","0.111111"
"104592437","2110234508","0.111111"
"2110234508","104592437","0.111111"
"104592437","2134202846","1.11111"
"2134202846","104592437","1.11111"
"138330923","1596932356","0.311111"
"1596932356","138330923","0.311111"
"138330923","2009803366","0.18254"
"2009803366","138330923","0.18254"
"138330923","2023192402","4.20992"
"2023192402","138330923","4.20992"
"138330923","2068091162","0.759921"
"2068091162","138330923","0.759921"
"138330923","2068753989","0.486111"
"2068753989","138330923","0.486111"
"138330923","2069341015","0.111111"
"2069341015","138330923","0.111111"
"138330923","2110234508","0.38254"
"2110234508","138330923","0.38254"
"138330923","2134202846","3.3254"
"2134202846","138330923","3.3254"
"1596932356","2009803366","0.111111"
"2009803366","1596932356","0.111111"
"1596932356","2023192402","3.12778"
"2023192402","1596932356","3.12778"
"1596932356","2068091162","3.72778"
"2068091162","1596932356","3.72778"
"1596932356","2068753989","1.94444"
"2068753989","1596932356","1.94444"
"1596932356","2069341015","0.111111"
"2069341015","1596932356","0.111111"
"1596932356","2110234508","1.01111"
"2110234508","1596932356","1.01111"
"1596932356","2134202846","0.611111"
"2134202846","1596932356","0.611111"
"2009803366","2023192402","2.52742"
"2023192402","2009803366","2.52742"
"2009803366","2068091162","1.3254"
"2068091162","2009803366","1.3254"
"2009803366","2068753989","0.611111"
"2068753989","2009803366","0.611111"
"2009803366","2069341015","0.111111"
"2069341015","2009803366","0.111111"
"2009803366","2110234508","0.63456"
"2110234508","2009803366","0.63456"
"2009803366","2134202846","0.492063"
"2134202846","2009803366","0.492063"
"2023192402","2068091162","32.3169"
"2068091162","2023192402","32.3169"
"2023192402","2068753989","0.652778"
"2068753989","2023192402","0.652778"
"2023192402","2069341015","8.44444"
"2069341015","2023192402","8.44444"
"2023192402","2110234508","11.71"
"2110234508","2023192402","11.71"
"2023192402","2134202846","52.9324"
"2134202846","2023192402","52.9324"
"2068091162","2068753989","1.06944"
"2068753989","2068091162","1.06944"
"2068091162","2069341015","2.31111"
"2069341015","2068091162","2.31111"
"2068091162","2110234508","28.7746"
"2110234508","2068091162","28.7746"
"2068091162","2134202846","25.9657"
"2134202846","2068091162","25.9657"
"2068753989","2069341015","0.111111"
"2069341015","2068753989","0.111111"
"2068753989","2110234508","0.277778"
"2110234508","2068753989","0.277778"
"2068753989","2134202846","0.111111"
"2134202846","2068753989","0.111111"
"2069341015","2110234508","0.111111"
"2110234508","2069341015","0.111111"
"2069341015","2134202846","0.111111"
"2134202846","2069341015","0.111111"
"2110234508","2134202846","4.52461"
"2134202846","2110234508","4.52461"
"104592437","120406158","0.2"
"120406158","104592437","0.2"
"104592437","194792144","0.2"
"194792144","104592437","0.2"
"120406158","1596932356","0.2"
"1596932356","120406158","0.2"
"120406158","194792144","4.23571"
"194792144","120406158","4.23571"
"120406158","2023192402","1.15238"
"2023192402","120406158","1.15238"
"120406158","2068091162","0.485714"
"2068091162","120406158","0.485714"
"1596932356","194792144","0.2"
"194792144","1596932356","0.2"
"194792144","2023192402","2.4619"
"2023192402","194792144","2.4619"
"194792144","2068091162","5.4619"
"2068091162","194792144","5.4619"
"120406158","138330923","0.535714"
"138330923","120406158","0.535714"
"120406158","1972051027","0.142857"
"1972051027","120406158","0.142857"
"120406158","2019036574","0.869048"
"2019036574","120406158","0.869048"
"120406158","2171264341","1.53571"
"2171264341","120406158","1.53571"
"138330923","194792144","1.36905"
"194792144","138330923","1.36905"
"138330923","1972051027","3.33929"
"1972051027","138330923","3.33929"
"138330923","2019036574","3.27738"
"2019036574","138330923","3.27738"
"138330923","2171264341","3.90238"
"2171264341","138330923","3.90238"
"194792144","1972051027","0.142857"
"1972051027","194792144","0.142857"
"194792144","2019036574","1.67857"
"2019036574","194792144","1.67857"
"194792144","2171264341","3.84524"
"2171264341","194792144","3.84524"
"1972051027","2019036574","0.532377"
"2019036574","1972051027","0.532377"
"1972051027","2023192402","4.90692"
"2023192402","1972051027","4.90692"
"1972051027","2068091162","4.07157"
"2068091162","1972051027","4.07157"
"1972051027","2171264341","0.342857"
"2171264341","1972051027","0.342857"
"2019036574","2023192402","6.51809"
"2023192402","2019036574","6.51809"
"2019036574","2068091162","1.61607"
"2068091162","2019036574","1.61607"
"2019036574","2171264341","16.3369"
"2171264341","2019036574","16.3369"
"2023192402","2171264341","8.49524"
"2171264341","2023192402","8.49524"
"2068091162","2171264341","7.5119"
"2171264341","2068091162","7.5119"
"120406158","1993176724","2.33333"
"1993176724","120406158","2.33333"
"120406158","2134202846","0.47619"
"2134202846","120406158","0.47619"
"194792144","1993176724","1.33333"
"1993176724","194792144","1.33333"
"194792144","2134202846","0.785714"
"2134202846","194792144","0.785714"
"1993176724","2134202846","15.0167"
"2134202846","1993176724","15.0167"
"120406158","2009803366","0.5"
"2009803366","120406158","0.5"
"194792144","2009803366","0.5"
"2009803366","194792144","0.5"
"2019036574","2134202846","2.34821"
"2134202846","2019036574","2.34821"
"2134202846","2171264341","3.70238"
"2171264341","2134202846","3.70238"
"120406158","2032176385","0.333333"
"2032176385","120406158","0.333333"
"194792144","2032176385","0.97619"
"2032176385","194792144","0.97619"
"2023192402","2032176385","6.14286"
"2032176385","2023192402","6.14286"
"120406158","2001390349","1"
"2001390349","120406158","1"
"120406158","2132235889","1"
"2132235889","120406158","1"
"138330923","1964125368","0.0714286"
"1964125368","138330923","0.0714286"
"138330923","1971117094","1.07143"
"1971117094","138330923","1.07143"
"138330923","1987185763","0.0714286"
"1987185763","138330923","0.0714286"
"138330923","1987507144","0.0714286"
"1987507144","138330923","0.0714286"
"138330923","2018782564","0.0714286"
"2018782564","138330923","0.0714286"
"138330923","2097653014","0.0714286"
"2097653014","138330923","0.0714286"
"138330923","2158757185","0.0714286"
"2158757185","138330923","0.0714286"
"138330923","2306645719","0.0714286"
"2306645719","138330923","0.0714286"
"1964125368","1971117094","0.271429"
"1971117094","1964125368","0.271429"
"1964125368","1972051027","1.41429"
"1972051027","1964125368","1.41429"
"1964125368","1987185763","0.0714286"
"1987185763","1964125368","0.0714286"
"1964125368","1987507144","0.0714286"
"1987507144","1964125368","0.0714286"
"1964125368","2009803366","0.214286"
"2009803366","1964125368","0.214286"
"1964125368","2018782564","0.0714286"
"2018782564","1964125368","0.0714286"
"1964125368","2023192402","0.547619"
"2023192402","1964125368","0.547619"
"1964125368","2068091162","0.714286"
"2068091162","1964125368","0.714286"
"1964125368","2097653014","0.214286"
"2097653014","1964125368","0.214286"
"1964125368","2110234508","0.571429"
"2110234508","1964125368","0.571429"
"1964125368","2134202846","1.24762"
"2134202846","1964125368","1.24762"
"1964125368","2158757185","0.271429"
"2158757185","1964125368","0.271429"
"1964125368","2306645719","0.0714286"
"2306645719","1964125368","0.0714286"
"1971117094","1972051027","0.667262"
"1972051027","1971117094","0.667262"
"1971117094","1987185763","0.224838"
"1987185763","1971117094","0.224838"
"1971117094","1987507144","0.383929"
"1987507144","1971117094","0.383929"
"1971117094","2009803366","1.07143"
"2009803366","1971117094","1.07143"
"1971117094","2018782564","0.0714286"
"2018782564","1971117094","0.0714286"
"1971117094","2023192402","3.89908"
"2023192402","1971117094","3.89908"
"1971117094","2068091162","7.68241"
"2068091162","1971117094","7.68241"
"1971117094","2097653014","2.80817"
"2097653014","1971117094","2.80817"
"1971117094","2110234508","4.45325"
"2110234508","1971117094","4.45325"
"1971117094","2134202846","7.21575"
"2134202846","1971117094","7.21575"
"1971117094","2158757185","0.591504"
"2158757185","1971117094","0.591504"
"1971117094","2306645719","0.362338"
"2306645719","1971117094","0.362338"
"1972051027","1987185763","0.883929"
"1987185763","1972051027","0.883929"
"1972051027","1987507144","0.383929"
"1987507144","1972051027","0.383929"
"1972051027","2009803366","3.08297"
"2009803366","1972051027","3.08297"
"1972051027","2018782564","0.0714286"
"2018782564","1972051027","0.0714286"
"1972051027","2097653014","0.798153"
"2097653014","1972051027","0.798153"
"1972051027","2110234508","1.46704"
"2110234508","1972051027","1.46704"
"1972051027","2134202846","8.17038"
"2134202846","1972051027","8.17038"
"1972051027","2158757185","0.767262"
"2158757185","1972051027","0.767262"
"1972051027","2306645719","2.14835"
"2306645719","1972051027","2.14835"
"1987185763","1987507144","0.133929"
"1987507144","1987185763","0.133929"
"1987185763","2009803366","0.0714286"
"2009803366","1987185763","0.0714286"
"1987185763","2018782564","0.0714286"
"2018782564","1987185763","0.0714286"
"1987185763","2023192402","10.7248"
"2023192402","1987185763","10.7248"
"1987185763","2068091162","1.1415"
"2068091162","1987185763","1.1415"
"1987185763","2097653014","0.133929"
"2097653014","1987185763","0.133929"
"1987185763","2110234508","1.24567"
"2110234508","1987185763","1.24567"
"1987185763","2134202846","8.8915"
"2134202846","1987185763","8.8915"
"1987185763","2158757185","0.224838"
"2158757185","1987185763","0.224838"
"1987185763","2306645719","0.162338"
"2306645719","1987185763","0.162338"
"1987507144","2009803366","0.0714286"
"2009803366","1987507144","0.0714286"
"1987507144","2018782564","0.0714286"
"2018782564","1987507144","0.0714286"
"1987507144","2023192402","3.0506"
"2023192402","1987507144","3.0506"
"1987507144","2068091162","4.13393"
"2068091162","1987507144","4.13393"
"1987507144","2097653014","0.133929"
"2097653014","1987507144","0.133929"
"1987507144","2110234508","1.82143"
"2110234508","1987507144","1.82143"
"1987507144","2134202846","1.46726"
"2134202846","1987507144","1.46726"
"1987507144","2158757185","0.550595"
"2158757185","1987507144","0.550595"
"1987507144","2306645719","0.0714286"
"2306645719","1987507144","0.0714286"
"2009803366","2018782564","0.0714286"
"2018782564","2009803366","0.0714286"
"2009803366","2097653014","0.325397"
"2097653014","2009803366","0.325397"
"2009803366","2158757185","1.07143"
"2158757185","2009803366","1.07143"
"2009803366","2306645719","0.0714286"
"2306645719","2009803366","0.0714286"
"2018782564","2023192402","2.7381"
"2023192402","2018782564","2.7381"
"2018782564","2068091162","3.7381"
"2068091162","2018782564","3.7381"
"2018782564","2097653014","0.0714286"
"2097653014","2018782564","0.0714286"
"2018782564","2110234508","0.0714286"
"2110234508","2018782564","0.0714286"
"2018782564","2134202846","0.404762"
"2134202846","2018782564","0.404762"
"2018782564","2158757185","0.404762"
"2158757185","2018782564","0.404762"
"2018782564","2306645719","0.0714286"
"2306645719","2018782564","0.0714286"
"2023192402","2097653014","1.6724"
"2097653014","2023192402","1.6724"
"2023192402","2158757185","9.52484"
"2158757185","2023192402","9.52484"
"2023192402","2306645719","0.239261"
"2306645719","2023192402","0.239261"
"2068091162","2097653014","3.69462"
"2097653014","2068091162","3.69462"
"2068091162","2158757185","8.30817"
"2158757185","2068091162","8.30817"
"2068091162","2306645719","0.239261"
"2306645719","2068091162","0.239261"
"2097653014","2110234508","0.600372"
"2110234508","2097653014","0.600372"
"2097653014","2134202846","4.84462"
"2134202846","2097653014","4.84462"
"2097653014","2158757185","0.333929"
"2158757185","2097653014","0.333929"
"2097653014","2306645719","0.148352"
"2306645719","2097653014","0.148352"
"2110234508","2158757185","0.162338"
"2158757185","2110234508","0.162338"
"2110234508","2306645719","0.439261"
"2306645719","2110234508","0.439261"
"2134202846","2158757185","3.80817"
"2158757185","2134202846","3.80817"
"2134202846","2306645719","0.239261"
"2306645719","2134202846","0.239261"
"2158757185","2306645719","0.162338"
"2306645719","2158757185","0.162338"
"138330923","1993176724","1.5"
"1993176724","138330923","1.5"
"1596932356","2019036574","0.2"
"2019036574","1596932356","0.2"
"1596932356","2171264341","0.566667"
"2171264341","1596932356","0.566667"
"2019036574","2110234508","3.40202"
"2110234508","2019036574","3.40202"
"2110234508","2171264341","2.4"
"2171264341","2110234508","2.4"
"138330923","2132235889","0.25"
"2132235889","138330923","0.25"
"2019036574","2068753989","2.04167"
"2068753989","2019036574","2.04167"
"2019036574","2132235889","1.54167"
"2132235889","2019036574","1.54167"
"2023192402","2132235889","1.59091"
"2132235889","2023192402","1.59091"
"2068753989","2132235889","0.416667"
"2132235889","2068753989","0.416667"
"138330923","2102390536","0.125"
"2102390536","138330923","0.125"
"138330923","2108816886","0.125"
"2108816886","138330923","0.125"
"138330923","2141964067","0.125"
"2141964067","138330923","0.125"
"1972051027","2068753989","0.625"
"2068753989","1972051027","0.625"
"1972051027","2102390536","0.725"
"2102390536","1972051027","0.725"
"1972051027","2108816886","0.625"
"2108816886","1972051027","0.625"
"1972051027","2141964067","0.125"
"2141964067","1972051027","0.125"
"2019036574","2102390536","0.125"
"2102390536","2019036574","0.125"
"2019036574","2108816886","0.625"
"2108816886","2019036574","0.625"
"2019036574","2141964067","0.583333"
"2141964067","2019036574","0.583333"
"2023192402","2102390536","0.808333"
"2102390536","2023192402","0.808333"
"2023192402","2108816886","0.125"
"2108816886","2023192402","0.125"
"2023192402","2141964067","0.125"
"2141964067","2023192402","0.125"
"2068091162","2102390536","0.375"
"2102390536","2068091162","0.375"
"2068091162","2108816886","0.125"
"2108816886","2068091162","0.125"
"2068091162","2141964067","0.125"
"2141964067","2068091162","0.125"
"2068753989","2102390536","0.125"
"2102390536","2068753989","0.125"
"2068753989","2108816886","0.625"
"2108816886","2068753989","0.625"
"2068753989","2141964067","0.125"
"2141964067","2068753989","0.125"
"2102390536","2108816886","0.125"
"2108816886","2102390536","0.125"
"2102390536","2141964067","0.125"
"2141964067","2102390536","0.125"
"2108816886","2141964067","0.125"
"2141964067","2108816886","0.125"
"1482163634","2134202846","1"
"2134202846","1482163634","1"
"1482163634","1987185763","0.25"
"1987185763","1482163634","0.25"
"1482163634","2001390349","0.25"
"2001390349","1482163634","0.25"
"1482163634","2019036574","0.25"
"2019036574","1482163634","0.25"
"1482163634","2023192402","0.583333"
"2023192402","1482163634","0.583333"
"1987185763","2001390349","0.403409"
"2001390349","1987185763","0.403409"
"1987185763","2019036574","0.479167"
"2019036574","1987185763","0.479167"
"2001390349","2019036574","0.8125"
"2019036574","2001390349","0.8125"
"2001390349","2023192402","3.24432"
"2023192402","2001390349","3.24432"
"1482163634","2018860888","0.333333"
"2018860888","1482163634","0.333333"
"1482163634","2068091162","0.333333"
"2068091162","1482163634","0.333333"
"2018860888","2023192402","7.94895"
"2023192402","2018860888","7.94895"
"2018860888","2068091162","4.98228"
"2068091162","2018860888","4.98228"
"1487369357","2068091162","1"
"2068091162","1487369357","1"
"1487369357","2018860888","1"
"2018860888","1487369357","1"
"1492737313","1971117094","0.2"
"1971117094","1492737313","0.2"
"1492737313","198094096","0.2"
"198094096","1492737313","0.2"
"1492737313","2018860888","0.533333"
"2018860888","1492737313","0.533333"
"1492737313","2068091162","0.2"
"2068091162","1492737313","0.2"
"1492737313","2134202846","0.733333"
"2134202846","1492737313","0.733333"
"1971117094","198094096","0.2"
"198094096","1971117094","0.2"
"1971117094","2018860888","1.7125"
"2018860888","1971117094","1.7125"
"198094096","2018860888","0.2"
"2018860888","198094096","0.2"
"198094096","2068091162","0.2"
"2068091162","198094096","0.2"
"198094096","2134202846","0.2"
"2134202846","198094096","0.2"
"2018860888","2134202846","27.5656"
"2134202846","2018860888","27.5656"
"1492737313","2023192402","0.533333"
"2023192402","1492737313","0.533333"
"1492737313","2094793656","0.7"
"2094793656","1492737313","0.7"
"1492737313","2097653014","0.2"
"2097653014","1492737313","0.2"
"1492737313","2158757185","0.2"
"2158757185","1492737313","0.2"
"2023192402","2094793656","4.99902"
"2094793656","2023192402","4.99902"
"2094793656","2097653014","5.98387"
"2097653014","2094793656","5.98387"
"2094793656","2134202846","8.16367"
"2134202846","2094793656","8.16367"
"2094793656","2158757185","1.77008"
"2158757185","2094793656","1.77008"
"1492737313","2110234508","0.5"
"2110234508","1492737313","0.5"
"2094793656","2110234508","3.70319"
"2110234508","2094793656","3.70319"
"1496684800","2019036574","0.5"
"2019036574","1496684800","0.5"
"1496684800","2171264341","1.5"
"2171264341","1496684800","1.5"
"1501960591","2068091162","2.34091"
"2068091162","1501960591","2.34091"
"1501960591","2110234508","1.75758"
"2110234508","1501960591","1.75758"
"1501960591","2114779318","2"
"2114779318","1501960591","2"
"2068091162","2114779318","5.58333"
"2114779318","2068091162","5.58333"
"1501960591","2001390349","0.590909"
"2001390349","1501960591","0.590909"
"2001390349","2114779318","1"
"2114779318","2001390349","1"
"1501960591","2018860888","0.583333"
"2018860888","1501960591","0.583333"
"1501960591","2097653014","0.674242"
"2097653014","1501960591","0.674242"
"2018860888","2097653014","5.55609"
"2097653014","2018860888","5.55609"
"1501960591","2023192402","1.59091"
"2023192402","1501960591","1.59091"
"2023192402","2114779318","7.08333"
"2114779318","2023192402","7.08333"
"1501960591","2134202846","2.09091"
"2134202846","1501960591","2.09091"
"1501960591","2099407581","0.340909"
"2099407581","1501960591","0.340909"
"2018860888","2099407581","0.75"
"2099407581","2018860888","0.75"
"2068091162","2099407581","1.25758"
"2099407581","2068091162","1.25758"
"2097653014","2099407581","0.424242"
"2099407581","2097653014","0.424242"
"1501960591","1972051027","0.166667"
"1972051027","1501960591","0.166667"
"1501960591","1991563873","0.166667"
"1991563873","1501960591","0.166667"
"1501960591","2128955871","0.166667"
"2128955871","1501960591","0.166667"
"1501960591","2153052098","0.257576"
"2153052098","1501960591","0.257576"
"1972051027","1991563873","0.334499"
"1991563873","1972051027","0.334499"
"1972051027","2128955871","3.06667"
"2128955871","1972051027","3.06667"
"1972051027","2153052098","10.7187"
"2153052098","1972051027","10.7187"
"1991563873","2068091162","0.24359"
"2068091162","1991563873","0.24359"
"1991563873","2110234508","2.25117"
"2110234508","1991563873","2.25117"
"1991563873","2128955871","0.166667"
"2128955871","1991563873","0.166667"
"1991563873","2153052098","3.25758"
"2153052098","1991563873","3.25758"
"2068091162","2128955871","0.366667"
"2128955871","2068091162","0.366667"
"2068091162","2153052098","2.92424"
"2153052098","2068091162","2.92424"
"2110234508","2128955871","0.166667"
"2128955871","2110234508","0.166667"
"2110234508","2153052098","1.87626"
"2153052098","2110234508","1.87626"
"2128955871","2153052098","2.86667"
"2153052098","2128955871","2.86667"
"1501960591","1507718081","0.0909091"
"1507718081","1501960591","0.0909091"
"1501960591","1971117094","0.0909091"
"1971117094","1501960591","0.0909091"
"1501960591","2132235889","0.0909091"
"2132235889","1501960591","0.0909091"
"1507718081","1971117094","0.0909091"
"1971117094","1507718081","0.0909091"
"1507718081","2001390349","0.0909091"
"2001390349","1507718081","0.0909091"
"1507718081","2023192402","0.0909091"
"2023192402","1507718081","0.0909091"
"1507718081","2068091162","0.590909"
"2068091162","1507718081","0.590909"
"1507718081","2097653014","0.0909091"
"2097653014","1507718081","0.0909091"
"1507718081","2099407581","0.0909091"
"2099407581","1507718081","0.0909091"
"1507718081","2110234508","0.0909091"
"2110234508","1507718081","0.0909091"
"1507718081","2132235889","0.0909091"
"2132235889","1507718081","0.0909091"
"1507718081","2134202846","0.0909091"
"2134202846","1507718081","0.0909091"
"1507718081","2153052098","0.0909091"
"2153052098","1507718081","0.0909091"
"1971117094","2001390349","2.49432"
"2001390349","1971117094","2.49432"
"1971117094","2099407581","0.0909091"
"2099407581","1971117094","0.0909091"
"1971117094","2132235889","0.0909091"
"2132235889","1971117094","0.0909091"
"1971117094","2153052098","1.42424"
"2153052098","1971117094","1.42424"
"2001390349","2068091162","2.74432"
"2068091162","2001390349","2.74432"
"2001390349","2097653014","1.35341"
"2097653014","2001390349","1.35341"
"2001390349","2099407581","1.84091"
"2099407581","2001390349","1.84091"
"2001390349","2110234508","0.181818"
"2110234508","2001390349","0.181818"
"2001390349","2132235889","2.25758"
"2132235889","2001390349","2.25758"
"2001390349","2134202846","3.86098"
"2134202846","2001390349","3.86098"
"2001390349","2153052098","0.840909"
"2153052098","2001390349","0.840909"
"2023192402","2099407581","4.84091"
"2099407581","2023192402","4.84091"
"2023192402","2153052098","2.22626"
"2153052098","2023192402","2.22626"
"2068091162","2132235889","0.757576"
"2132235889","2068091162","0.757576"
"2097653014","2132235889","0.0909091"
"2132235889","2097653014","0.0909091"
"2097653014","2153052098","0.535354"
"2153052098","2097653014","0.535354"
"2099407581","2110234508","0.540909"
"2110234508","2099407581","0.540909"
"2099407581","2132235889","0.590909"
"2132235889","2099407581","0.590909"
"2099407581","2134202846","6.95758"
"2134202846","2099407581","6.95758"
"2099407581","2153052098","1.14091"
"2153052098","2099407581","1.14091"
"2110234508","2132235889","3.25758"
"2132235889","2110234508","3.25758"
"2132235889","2134202846","3.50758"
"2134202846","2132235889","3.50758"
"2132235889","2153052098","0.0909091"
"2153052098","2132235889","0.0909091"
"2134202846","2153052098","1.44091"
"2153052098","2134202846","1.44091"
"1507718081","2114779318","0.5"
"2114779318","1507718081","0.5"
"1553657860","2056201098","19.3333"
"2056201098","1553657860","19.3333"
"1553657860","345593293","1.5"
"345593293","1553657860","1.5"
"1553657860","2042452443","1.5"
"2042452443","1553657860","1.5"
"1553657860","2048659249","0.5"
"2048659249","1553657860","0.5"
"2042452443","2048659249","10.9167"
"2048659249","2042452443","10.9167"
"1553657860","2167146080","6.83333"
"2167146080","1553657860","6.83333"
"1553657860","2153052098","2.33333"
"2153052098","1553657860","2.33333"
"2056201098","345593293","2.5"
"345593293","2056201098","2.5"
"2056201098","2153052098","0.333333"
"2153052098","2056201098","0.333333"
"2056201098","2167146080","0.833333"
"2167146080","2056201098","0.833333"
"2153052098","2167146080","0.833333"
"2167146080","2153052098","0.833333"
"1553657860","2165741325","1"
"2165741325","1553657860","1"
"1553711670","1987507144","0.25"
"1987507144","1553711670","0.25"
"1553711670","1991563873","0.25"
"1991563873","1553711670","0.25"
"1553711670","2023192402","3.25"
"2023192402","1553711670","3.25"
"1553711670","2110234508","0.25"
"2110234508","1553711670","0.25"
"1987507144","1991563873","0.25"
"1991563873","1987507144","0.25"
"1991563873","2023192402","1.41783"
"2023192402","1991563873","1.41783"
"1553711670","1987185763","0.25"
"1987185763","1553711670","0.25"
"1553711670","1993176724","0.25"
"1993176724","1553711670","0.25"
"1553711670","2032176385","0.25"
"2032176385","1553711670","0.25"
"1553711670","2613516008","0.25"
"2613516008","1553711670","0.25"
"1987185763","1993176724","0.25"
"1993176724","1987185763","0.25"
"1987185763","2032176385","0.25"
"2032176385","1987185763","0.25"
"1987185763","2613516008","0.25"
"2613516008","1987185763","0.25"
"1993176724","2032176385","0.25"
"2032176385","1993176724","0.25"
"1993176724","2613516008","0.25"
"2613516008","1993176724","0.25"
"2032176385","2613516008","0.25"
"2613516008","2032176385","0.25"
"1588468485","2114779318","1"
"2114779318","1588468485","1"
"1596932356","2158757185","0.916667"
"2158757185","1596932356","0.916667"
"1596932356","2001390349","1"
"2001390349","1596932356","1"
"1596932356","1993176724","1.16667"
"1993176724","1596932356","1.16667"
"1993176724","2023192402","6.2"
"2023192402","1993176724","6.2"
"1993176724","2068091162","4.25"
"2068091162","1993176724","4.25"
"1596932356","1987507144","0.25"
"1987507144","1596932356","0.25"
"1596932356","2018860888","0.166667"
"2018860888","1596932356","0.166667"
"1596932356","2114779318","0.166667"
"2114779318","1596932356","0.166667"
"1596932356","2132235889","0.166667"
"2132235889","1596932356","0.166667"
"1993176724","2018860888","2.16667"
"2018860888","1993176724","2.16667"
"1993176724","2114779318","1.58333"
"2114779318","1993176724","1.58333"
"1993176724","2132235889","1.16667"
"2132235889","1993176724","1.16667"
"1993176724","2171264341","0.166667"
"2171264341","1993176724","0.166667"
"2018860888","2114779318","0.416667"
"2114779318","2018860888","0.416667"
"2018860888","2132235889","0.166667"
"2132235889","2018860888","0.166667"
"2018860888","2171264341","0.72619"
"2171264341","2018860888","0.72619"
"2114779318","2132235889","4.16667"
"2132235889","2114779318","4.16667"
"2114779318","2134202846","1.75"
"2134202846","2114779318","1.75"
"2114779318","2171264341","0.166667"
"2171264341","2114779318","0.166667"
"2132235889","2171264341","1.29167"
"2171264341","2132235889","1.29167"
"1596932356","1972051027","0.2"
"1972051027","1596932356","0.2"
"1596932356","2099407581","0.2"
"2099407581","1596932356","0.2"
"1972051027","2099407581","6.9"
"2099407581","1972051027","6.9"
"2099407581","2171264341","0.2"
"2171264341","2099407581","0.2"
"1602852495","2009803366","2"
"2009803366","1602852495","2"
"1602852495","2102072895","2.6"
"2102072895","1602852495","2.6"
"1602852495","2110234508","10.9436"
"2110234508","1602852495","10.9436"
"1602852495","2134202846","1.17692"
"2134202846","1602852495","1.17692"
"1602852495","1922431694","0.533333"
"1922431694","1602852495","0.533333"
"1602852495","1971117094","0.2"
"1971117094","1602852495","0.2"
"1602852495","2018860888","0.610256"
"2018860888","1602852495","0.610256"
"1602852495","2306645719","0.276923"
"2306645719","1602852495","0.276923"
"1922431694","1971117094","0.2"
"1971117094","1922431694","0.2"
"1922431694","2018860888","0.2"
"2018860888","1922431694","0.2"
"1922431694","2110234508","0.533333"
"2110234508","1922431694","0.533333"
"1922431694","2306645719","0.2"
"2306645719","1922431694","0.2"
"2018860888","2110234508","2.86026"
"2110234508","2018860888","2.86026"
"2018860888","2306645719","0.276923"
"2306645719","2018860888","0.276923"
"1602852495","1984950009","0.5"
"1984950009","1602852495","0.5"
"1602852495","2167146080","0.833333"
"2167146080","1602852495","0.833333"
"1984950009","2167146080","13"
"2167146080","1984950009","13"
"1602852495","1991563873","0.410256"
"1991563873","1602852495","0.410256"
"1922431694","1991563873","0.333333"
"1991563873","1922431694","0.333333"
"1602852495","1972051027","0.176923"
"1972051027","1602852495","0.176923"
"1602852495","2023192402","0.176923"
"2023192402","1602852495","0.176923"
"1602852495","2042452443","0.1"
"2042452443","1602852495","0.1"
"1602852495","2089562763","0.433333"
"2089562763","1602852495","0.433333"
"1602852495","2099407581","0.6"
"2099407581","1602852495","0.6"
"1602852495","2102390536","0.1"
"2102390536","1602852495","0.1"
"1602852495","2153052098","0.433333"
"2153052098","1602852495","0.433333"
"1602852495","2158757185","0.1"
"2158757185","1602852495","0.1"
"1972051027","2042452443","4.08333"
"2042452443","1972051027","4.08333"
"1972051027","2089562763","0.6"
"2089562763","1972051027","0.6"
"1972051027","2102072895","0.1"
"2102072895","1972051027","0.1"
"2023192402","2042452443","0.1"
"2042452443","2023192402","0.1"
"2023192402","2089562763","0.1"
"2089562763","2023192402","0.1"
"2023192402","2102072895","1.18333"
"2102072895","2023192402","1.18333"
"2042452443","2089562763","2.6"
"2089562763","2042452443","2.6"
"2042452443","2099407581","0.916667"
"2099407581","2042452443","0.916667"
"2042452443","2102072895","0.1"
"2102072895","2042452443","0.1"
"2042452443","2102390536","4.68333"
"2102390536","2042452443","4.68333"
"2042452443","2134202846","0.916667"
"2134202846","2042452443","0.916667"
"2042452443","2153052098","1.76667"
"2153052098","2042452443","1.76667"
"2042452443","2158757185","0.1"
"2158757185","2042452443","0.1"
"2089562763","2099407581","0.1"
"2099407581","2089562763","0.1"
"2089562763","2102072895","0.1"
"2102072895","2089562763","0.1"
"2089562763","2102390536","0.1"
"2102390536","2089562763","0.1"
"2089562763","2134202846","0.1"
"2134202846","2089562763","0.1"
"2089562763","2153052098","0.1"
"2153052098","2089562763","0.1"
"2089562763","2158757185","0.1"
"2158757185","2089562763","0.1"
"2099407581","2102072895","0.6"
"2102072895","2099407581","0.6"
"2099407581","2102390536","0.633333"
"2102390536","2099407581","0.633333"
"2099407581","2158757185","0.6"
"2158757185","2099407581","0.6"
"2102072895","2102390536","1.35"
"2102390536","2102072895","1.35"
"2102072895","2134202846","0.6"
"2134202846","2102072895","0.6"
"2102072895","2153052098","0.1"
"2153052098","2102072895","0.1"
"2102072895","2158757185","0.1"
"2158757185","2102072895","0.1"
"2102390536","2134202846","0.766667"
"2134202846","2102390536","0.766667"
"2102390536","2153052098","2.71667"
"2153052098","2102390536","2.71667"
"2102390536","2158757185","0.1"
"2158757185","2102390536","0.1"
"2153052098","2158757185","0.1"
"2158757185","2153052098","0.1"
"2110234508","2167146080","0.424242"
"2167146080","2110234508","0.424242"
"1602852495","2041133827","0.0769231"
"2041133827","1602852495","0.0769231"
"1602852495","2068091162","0.0769231"
"2068091162","1602852495","0.0769231"
"1602852495","2094793656","1.07692"
"2094793656","1602852495","1.07692"
"1602852495","2097653014","0.0769231"
"2097653014","1602852495","0.0769231"
"1602852495","2160288944","0.0769231"
"2160288944","1602852495","0.0769231"
"1602852495","89639727","0.0769231"
"89639727","1602852495","0.0769231"
"1972051027","2018860888","0.139423"
"2018860888","1972051027","0.139423"
"1972051027","2041133827","0.139423"
"2041133827","1972051027","0.139423"
"1972051027","2094793656","0.991443"
"2094793656","1972051027","0.991443"
"1972051027","2160288944","2.3047"
"2160288944","1972051027","2.3047"
"1972051027","89639727","0.0769231"
"89639727","1972051027","0.0769231"
"1991563873","2018860888","0.0769231"
"2018860888","1991563873","0.0769231"
"1991563873","2041133827","0.0769231"
"2041133827","1991563873","0.0769231"
"1991563873","2094793656","0.167832"
"2094793656","1991563873","0.167832"
"1991563873","2097653014","0.0769231"
"2097653014","1991563873","0.0769231"
"1991563873","2134202846","0.0769231"
"2134202846","1991563873","0.0769231"
"1991563873","2160288944","0.410256"
"2160288944","1991563873","0.410256"
"1991563873","2306645719","0.0769231"
"2306645719","1991563873","0.0769231"
"1991563873","89639727","0.0769231"
"89639727","1991563873","0.0769231"
"2018860888","2041133827","0.389423"
"2041133827","2018860888","0.389423"
"2018860888","2094793656","3.88942"
"2094793656","2018860888","3.88942"
"2018860888","2160288944","0.0769231"
"2160288944","2018860888","0.0769231"
"2018860888","89639727","0.576923"
"89639727","2018860888","0.576923"
"2023192402","2041133827","1.88942"
"2041133827","2023192402","1.88942"
"2023192402","2160288944","2.43803"
"2160288944","2023192402","2.43803"
"2023192402","89639727","1.07692"
"89639727","2023192402","1.07692"
"2041133827","2068091162","0.639423"
"2068091162","2041133827","0.639423"
"2041133827","2094793656","23.0561"
"2094793656","2041133827","23.0561"
"2041133827","2097653014","2.13942"
"2097653014","2041133827","2.13942"
"2041133827","2110234508","1.57692"
"2110234508","2041133827","1.57692"
"2041133827","2134202846","0.389423"
"2134202846","2041133827","0.389423"
"2041133827","2160288944","1.41026"
"2160288944","2041133827","1.41026"
"2041133827","2306645719","0.0769231"
"2306645719","2041133827","0.0769231"
"2041133827","89639727","0.0769231"
"89639727","2041133827","0.0769231"
"2068091162","2094793656","3.76367"
"2094793656","2068091162","3.76367"
"2068091162","2160288944","1.86026"
"2160288944","2068091162","1.86026"
"2068091162","89639727","0.0769231"
"89639727","2068091162","0.0769231"
"2094793656","2160288944","10.138"
"2160288944","2094793656","10.138"
"2094793656","2306645719","0.167832"
"2306645719","2094793656","0.167832"
"2094793656","89639727","0.0769231"
"89639727","2094793656","0.0769231"
"2097653014","2160288944","1.27137"
"2160288944","2097653014","1.27137"
"2097653014","89639727","0.0769231"
"89639727","2097653014","0.0769231"
"2110234508","2160288944","2.68803"
"2160288944","2110234508","2.68803"
"2110234508","89639727","0.410256"
"89639727","2110234508","0.410256"
"2134202846","2160288944","0.910256"
"2160288944","2134202846","0.910256"
"2134202846","89639727","0.0769231"
"89639727","2134202846","0.0769231"
"2160288944","2306645719","0.0769231"
"2306645719","2160288944","0.0769231"
"2160288944","89639727","0.410256"
"89639727","2160288944","0.410256"
"2306645719","89639727","0.0769231"
"89639727","2306645719","0.0769231"
"1602852495","1987507144","0.333333"
"1987507144","1602852495","0.333333"
"1987507144","2018860888","1.0625"
"2018860888","1987507144","1.0625"
"1987507144","2089562763","0.333333"
"2089562763","1987507144","0.333333"
"2018860888","2089562763","0.333333"
"2089562763","2018860888","0.333333"
"1602852495","2045593418","1"
"2045593418","1602852495","1"
"1922431694","2102072895","1.33333"
"2102072895","1922431694","1.33333"
"1922431694","2131837103","1"
"2131837103","1922431694","1"
"1922431694","2164097948","0.333333"
"2164097948","1922431694","0.333333"
"1922431694","2167146080","0.333333"
"2167146080","1922431694","0.333333"
"2102072895","2164097948","1.08333"
"2164097948","2102072895","1.08333"
"2102072895","2167146080","1.33333"
"2167146080","2102072895","1.33333"
"2164097948","2167146080","19.8333"
"2167146080","2164097948","19.8333"
"1922431694","1993176724","1"
"1993176724","1922431694","1"
"194792144","2018860888","0.142857"
"2018860888","194792144","0.142857"
"2018860888","2019036574","0.53869"
"2019036574","2018860888","0.53869"
"2018860888","2032176385","0.142857"
"2032176385","2018860888","0.142857"
"2019036574","2032176385","6.26786"
"2032176385","2019036574","6.26786"
"2032176385","2068091162","0.142857"
"2068091162","2032176385","0.142857"
"2032176385","2134202846","2.14286"
"2134202846","2032176385","2.14286"
"2032176385","2171264341","0.934524"
"2171264341","2032176385","0.934524"
"194792144","2110580119","1"
"2110580119","194792144","1"
"194792144","2132235889","0.333333"
"2132235889","194792144","0.333333"
"194792144","2001390349","0.666667"
"2001390349","194792144","0.666667"
"194792144","2018782564","1.66667"
"2018782564","194792144","1.66667"
"2001390349","2018782564","0.666667"
"2018782564","2001390349","0.666667"
"1964125368","2001051966","0.2"
"2001051966","1964125368","0.2"
"1971117094","2001051966","0.353409"
"2001051966","1971117094","0.353409"
"1972051027","2001051966","0.5125"
"2001051966","1972051027","0.5125"
"2001051966","2134202846","0.936742"
"2134202846","2001051966","0.936742"
"2001051966","2158757185","0.353409"
"2158757185","2001051966","0.353409"
"1964125368","2171898335","0.142857"
"2171898335","1964125368","0.142857"
"1972051027","2171898335","0.733766"
"2171898335","1972051027","0.733766"
"2009803366","2171898335","1.73377"
"2171898335","2009803366","1.73377"
"2023192402","2171898335","0.233766"
"2171898335","2023192402","0.233766"
"2068091162","2171898335","0.142857"
"2171898335","2068091162","0.142857"
"2097653014","2171898335","0.142857"
"2171898335","2097653014","0.142857"
"2134202846","2171898335","0.142857"
"2171898335","2134202846","0.142857"
"1964125368","2018860888","0.833333"
"2018860888","1964125368","0.833333"
"1971117094","2032176385","3.83333"
"2032176385","1971117094","3.83333"
"1971117094","2019036574","1.5625"
"2019036574","1971117094","1.5625"
"1971117094","2094793656","1.23674"
"2094793656","1971117094","1.23674"
"2018860888","2158757185","1.64583"
"2158757185","2018860888","1.64583"
"2019036574","2094793656","1.43119"
"2094793656","2019036574","1.43119"
"2019036574","2158757185","0.395833"
"2158757185","2019036574","0.395833"
"1971117094","2171264341","1.75"
"2171264341","1971117094","1.75"
"1971117094","2167146080","0.0909091"
"2167146080","1971117094","0.0909091"
"1987185763","2001051966","0.486742"
"2001051966","1987185763","0.486742"
"1987185763","2094793656","0.403409"
"2094793656","1987185763","0.403409"
"1987185763","2167146080","0.0909091"
"2167146080","1987185763","0.0909091"
"2001051966","2001390349","0.153409"
"2001390349","2001051966","0.153409"
"2001051966","2023192402","0.486742"
"2023192402","2001051966","0.486742"
"2001051966","2068091162","0.403409"
"2068091162","2001051966","0.403409"
"2001051966","2094793656","0.153409"
"2094793656","2001051966","0.153409"
"2001051966","2110234508","0.340909"
"2110234508","2001051966","0.340909"
"2001051966","2167146080","0.0909091"
"2167146080","2001051966","0.0909091"
"2001051966","2306645719","0.0909091"
"2306645719","2001051966","0.0909091"
"2001390349","2094793656","2.52008"
"2094793656","2001390349","2.52008"
"2001390349","2158757185","0.153409"
"2158757185","2001390349","0.153409"
"2001390349","2167146080","0.0909091"
"2167146080","2001390349","0.0909091"
"2001390349","2306645719","0.0909091"
"2306645719","2001390349","0.0909091"
"2023192402","2167146080","0.424242"
"2167146080","2023192402","0.424242"
"2068091162","2167146080","0.0909091"
"2167146080","2068091162","0.0909091"
"2094793656","2167146080","0.424242"
"2167146080","2094793656","0.424242"
"2134202846","2167146080","0.424242"
"2167146080","2134202846","0.424242"
"2158757185","2167146080","0.0909091"
"2167146080","2158757185","0.0909091"
"2167146080","2306645719","0.0909091"
"2306645719","2167146080","0.0909091"
"1971117094","1993176724","1.83333"
"1993176724","1971117094","1.83333"
"1993176724","2094793656","2.2"
"2094793656","1993176724","2.2"
"1993176724","2110234508","2.08333"
"2110234508","1993176724","2.08333"
"1971117094","1998012358","0.0625"
"1998012358","1971117094","0.0625"
"1971117094","2041133827","0.0625"
"2041133827","1971117094","0.0625"
"1971117094","2046629158","0.0625"
"2046629158","1971117094","0.0625"
"1972051027","1998012358","0.145833"
"1998012358","1972051027","0.145833"
"1972051027","2001390349","0.895833"
"2001390349","1972051027","0.895833"
"1972051027","2046629158","0.0625"
"2046629158","1972051027","0.0625"
"1987185763","1998012358","0.0625"
"1998012358","1987185763","0.0625"
"1987185763","2018860888","0.0625"
"2018860888","1987185763","0.0625"
"1987185763","2041133827","0.0625"
"2041133827","1987185763","0.0625"
"1987185763","2046629158","0.0625"
"2046629158","1987185763","0.0625"
"1987507144","1998012358","0.0625"
"1998012358","1987507144","0.0625"
"1987507144","2001051966","0.3125"
"2001051966","1987507144","0.3125"
"1987507144","2001390349","0.395833"
"2001390349","1987507144","0.395833"
"1987507144","2019036574","0.729167"
"2019036574","1987507144","0.729167"
"1987507144","2041133827","0.0625"
"2041133827","1987507144","0.0625"
"1987507144","2046629158","0.0625"
"2046629158","1987507144","0.0625"
"1987507144","2094793656","0.0625"
"2094793656","1987507144","0.0625"
"1998012358","2001051966","7.39583"
"2001051966","1998012358","7.39583"
"1998012358","2001390349","0.0625"
"2001390349","1998012358","0.0625"
"1998012358","2018860888","0.0625"
