"101440203","149007361","1.62424"
"149007361","101440203","1.62424"
"101440203","1512269963","0.0909091"
"1512269963","101440203","0.0909091"
"101440203","1569934599","2.33258"
"1569934599","101440203","2.33258"
"101440203","1599800629","0.174242"
"1599800629","101440203","0.174242"
"101440203","1833039386","0.174242"
"1833039386","101440203","0.174242"
"101440203","2005054345","0.299242"
"2005054345","101440203","0.299242"
"101440203","2032930477","0.707576"
"2032930477","101440203","0.707576"
"101440203","2116898524","0.499242"
"2116898524","101440203","0.499242"
"101440203","2916713316","0.632576"
"2916713316","101440203","0.632576"
"101440203","2917560707","0.299242"
"2917560707","101440203","0.299242"
"101440203","3572470","0.590909"
"3572470","101440203","0.590909"
"149007361","1512269963","0.233766"
"1512269963","149007361","0.233766"
"149007361","1569934599","3.48615"
"1569934599","149007361","3.48615"
"149007361","1599800629","0.674242"
"1599800629","149007361","0.674242"
"149007361","1833039386","0.6671"
"1833039386","149007361","0.6671"
"149007361","2005054345","0.9421"
"2005054345","149007361","0.9421"
"149007361","2032930477","0.4171"
"2032930477","149007361","0.4171"
"149007361","2116898524","0.4421"
"2116898524","149007361","0.4421"
"149007361","2916713316","0.399242"
"2916713316","149007361","0.399242"
"149007361","2917560707","0.684957"
"2917560707","149007361","0.684957"
"149007361","3572470","0.690909"
"3572470","149007361","0.690909"
"1512269963","1569934599","0.376623"
"1569934599","1512269963","0.376623"
"1512269963","1599800629","2.36436"
"1599800629","1512269963","2.36436"
"1512269963","1833039386","1.56512"
"1833039386","1512269963","1.56512"
"1512269963","2005054345","2.30083"
"2005054345","1512269963","2.30083"
"1512269963","2032930477","1.69012"
"2032930477","1512269963","1.69012"
"1512269963","2116898524","0.759163"
"2116898524","1512269963","0.759163"
"1512269963","2916713316","0.624242"
"2916713316","1512269963","0.624242"
"1512269963","2917560707","0.233766"
"2917560707","1512269963","0.233766"
"1512269963","3572470","0.0909091"
"3572470","1512269963","0.0909091"
"1569934599","1599800629","0.674242"
"1599800629","1569934599","0.674242"
"1569934599","1833039386","1.6671"
"1833039386","1569934599","1.6671"
"1569934599","2005054345","0.459957"
"2005054345","1569934599","0.459957"
"1569934599","2032930477","1.1171"
"2032930477","1569934599","1.1171"
"1569934599","2116898524","1.65996"
"2116898524","1569934599","1.65996"
"1569934599","2916713316","1.44091"
"2916713316","1569934599","1.44091"
"1569934599","2917560707","0.559957"
"2917560707","1569934599","0.559957"
"1569934599","3572470","5.69091"
"3572470","1569934599","5.69091"
"1599800629","1833039386","0.642496"
"1833039386","1599800629","0.642496"
"1599800629","2005054345","2.85678"
"2005054345","1599800629","2.85678"
"1599800629","2032930477","0.642496"
"2032930477","1599800629","0.642496"
"1599800629","2116898524","0.356782"
"2116898524","1599800629","0.356782"
"1599800629","2916713316","0.174242"
"2916713316","1599800629","0.174242"
"1599800629","2917560707","0.174242"
"2917560707","1599800629","0.174242"
"1599800629","3572470","4.09091"
"3572470","1599800629","4.09091"
"1833039386","2005054345","2.98178"
"2005054345","1833039386","2.98178"
"1833039386","2032930477","1.21869"
"2032930477","1833039386","1.21869"
"1833039386","2116898524","1.35678"
"2116898524","1833039386","1.35678"
"1833039386","2916713316","0.274242"
"2916713316","1833039386","0.274242"
"1833039386","2917560707","0.4171"
"2917560707","1833039386","0.4171"
"1833039386","3572470","0.190909"
"3572470","1833039386","0.190909"
"2005054345","2032930477","0.690115"
"2032930477","2005054345","0.690115"
"2005054345","2116898524","4.9675"
"2116898524","2005054345","4.9675"
"2005054345","2916713316","0.499242"
"2916713316","2005054345","0.499242"
"2005054345","2917560707","0.4421"
"2917560707","2005054345","0.4421"
"2005054345","3572470","0.924242"
"3572470","2005054345","0.924242"
"2032930477","2116898524","0.556782"
"2116898524","2032930477","0.556782"
"2032930477","2916713316","0.774242"
"2916713316","2032930477","0.774242"
"2032930477","2917560707","0.4171"
"2917560707","2032930477","0.4171"
"2032930477","3572470","0.190909"
"3572470","2032930477","0.190909"
"2116898524","2916713316","0.499242"
"2916713316","2116898524","0.499242"
"2116898524","2917560707","0.4421"
"2917560707","2116898524","0.4421"
"2116898524","3572470","0.0909091"
"3572470","2116898524","0.0909091"
"2916713316","2917560707","0.399242"
"2917560707","2916713316","0.399242"
"2916713316","3572470","0.190909"
"3572470","2916713316","0.190909"
"2917560707","3572470","0.190909"
"3572470","2917560707","0.190909"
"101440203","1991523306","0.95"
"1991523306","101440203","0.95"
"101440203","2010071303","0.208333"
"2010071303","101440203","0.208333"
"101440203","2127996664","0.45"
"2127996664","101440203","0.45"
"149007361","1991523306","1.08452"
"1991523306","149007361","1.08452"
"149007361","2010071303","0.35119"
"2010071303","149007361","0.35119"
"149007361","2127996664","1.38452"
"2127996664","149007361","1.38452"
"1991523306","2005054345","2.125"
"2005054345","1991523306","2.125"
"1991523306","2010071303","0.125"
"2010071303","1991523306","0.125"
"1991523306","2116898524","0.125"
"2116898524","1991523306","0.125"
"1991523306","2127996664","3.11071"
"2127996664","1991523306","3.11071"
"1991523306","2916713316","0.125"
"2916713316","1991523306","0.125"
"1991523306","2917560707","0.125"
"2917560707","1991523306","0.125"
"2005054345","2010071303","5.44206"
"2010071303","2005054345","5.44206"
"2005054345","2127996664","0.458333"
"2127996664","2005054345","0.458333"
"2010071303","2116898524","1.73373"
"2116898524","2010071303","1.73373"
"2010071303","2127996664","0.125"
"2127996664","2010071303","0.125"
"2010071303","2916713316","0.408333"
"2916713316","2010071303","0.408333"
"2010071303","2917560707","0.35119"
"2917560707","2010071303","0.35119"
"2116898524","2127996664","0.125"
"2127996664","2116898524","0.125"
"2127996664","2916713316","0.458333"
"2916713316","2127996664","0.458333"
"2127996664","2917560707","0.125"
"2917560707","2127996664","0.125"
"101440203","114612135","0.2"
"114612135","101440203","0.2"
"101440203","2916758287","0.2"
"2916758287","101440203","0.2"
"114612135","1569934599","4.7"
"1569934599","114612135","4.7"
"114612135","2032930477","1.2"
"2032930477","114612135","1.2"
"114612135","2116898524","0.533333"
"2116898524","114612135","0.533333"
"114612135","2916758287","0.2"
"2916758287","114612135","0.2"
"1569934599","2916758287","0.7"
"2916758287","1569934599","0.7"
"2032930477","2916758287","0.2"
"2916758287","2032930477","0.2"
"2116898524","2916758287","0.4"
"2916758287","2116898524","0.4"
"101440203","1596117566","0.333333"
"1596117566","101440203","0.333333"
"101440203","2090588614","0.416667"
"2090588614","101440203","0.416667"
"1596117566","2032930477","0.404762"
"2032930477","1596117566","0.404762"
"1596117566","2090588614","0.404762"
"2090588614","1596117566","0.404762"
"2032930477","2090588614","0.730952"
"2090588614","2032930477","0.730952"
"101440203","117394037","0.125"
"117394037","101440203","0.125"
"101440203","192507771","0.125"
"192507771","101440203","0.125"
"101440203","2022728909","0.325"
"2022728909","101440203","0.325"
"101440203","2121432589","0.658333"
"2121432589","101440203","0.658333"
"117394037","149007361","0.125"
"149007361","117394037","0.125"
"117394037","1569934599","0.125"
"1569934599","117394037","0.125"
"117394037","192507771","2.125"
"192507771","117394037","2.125"
"117394037","1991523306","0.125"
"1991523306","117394037","0.125"
"117394037","2022728909","0.125"
"2022728909","117394037","0.125"
"117394037","2121432589","0.125"
"2121432589","117394037","0.125"
"117394037","2127996664","0.125"
"2127996664","117394037","0.125"
"149007361","192507771","0.125"
"192507771","149007361","0.125"
"149007361","2022728909","1.4"
"2022728909","149007361","1.4"
"149007361","2121432589","1.15833"
"2121432589","149007361","1.15833"
"1569934599","192507771","0.125"
"192507771","1569934599","0.125"
"1569934599","1991523306","2.25952"
"1991523306","1569934599","2.25952"
"1569934599","2022728909","1.2"
"2022728909","1569934599","1.2"
"1569934599","2121432589","17.7917"
"2121432589","1569934599","17.7917"
"1569934599","2127996664","1.55952"
"2127996664","1569934599","1.55952"
"192507771","1991523306","0.125"
"1991523306","192507771","0.125"
"192507771","2022728909","0.125"
"2022728909","192507771","0.125"
"192507771","2121432589","0.125"
"2121432589","192507771","0.125"
"192507771","2127996664","0.125"
"2127996664","192507771","0.125"
"1991523306","2022728909","4.31667"
"2022728909","1991523306","4.31667"
"1991523306","2121432589","2.325"
"2121432589","1991523306","2.325"
"2022728909","2121432589","1.325"
"2121432589","2022728909","1.325"
"2022728909","2127996664","1.03333"
"2127996664","2022728909","1.03333"
"2121432589","2127996664","0.325"
"2127996664","2121432589","0.325"
"101440203","2046810530","1"
"2046810530","101440203","1"
"2121432589","2916713316","0.666667"
"2916713316","2121432589","0.666667"
"101440203","2056844217","0.0833333"
"2056844217","101440203","0.0833333"
"149007361","2056844217","0.0833333"
"2056844217","149007361","0.0833333"
"149007361","2090588614","0.32619"
"2090588614","149007361","0.32619"
"1569934599","2010071303","0.22619"
"2010071303","1569934599","0.22619"
"1569934599","2056844217","0.0833333"
"2056844217","1569934599","0.0833333"
"1569934599","2090588614","0.969048"
"2090588614","1569934599","0.969048"
"1599800629","2010071303","0.265873"
"2010071303","1599800629","0.265873"
"1599800629","2056844217","0.551587"
"2056844217","1599800629","0.551587"
"1599800629","2090588614","1.63095"
"2090588614","1599800629","1.63095"
"1833039386","2010071303","0.724206"
"2010071303","1833039386","0.724206"
"1833039386","2056844217","0.843254"
"2056844217","1833039386","0.843254"
"1833039386","2090588614","0.397619"
"2090588614","1833039386","0.397619"
"2005054345","2056844217","0.55754"
"2056844217","2005054345","0.55754"
"2005054345","2090588614","0.297619"
"2090588614","2005054345","0.297619"
"2010071303","2032930477","0.265873"
"2032930477","2010071303","0.265873"
"2010071303","2056844217","0.390873"
"2056844217","2010071303","0.390873"
"2010071303","2090588614","0.154762"
"2090588614","2010071303","0.154762"
"2032930477","2056844217","0.968254"
"2056844217","2032930477","0.968254"
"2056844217","2090588614","1.29762"
"2090588614","2056844217","1.29762"
"2056844217","2116898524","0.265873"
"2116898524","2056844217","0.265873"
"2056844217","2916713316","0.0833333"
"2916713316","2056844217","0.0833333"
"2056844217","2917560707","0.0833333"
"2917560707","2056844217","0.0833333"
"2090588614","2116898524","0.297619"
"2116898524","2090588614","0.297619"
"2090588614","2916713316","0.183333"
"2916713316","2090588614","0.183333"
"2090588614","2917560707","0.183333"
"2917560707","2090588614","0.183333"
"101440203","1503105306","0.5"
"1503105306","101440203","0.5"
"1503105306","1991523306","0.833333"
"1991523306","1503105306","0.833333"
"1014451784","138177020","0.333333"
"138177020","1014451784","0.333333"
"1014451784","2165483253","0.333333"
"2165483253","1014451784","0.333333"
"1014451784","2279049481","0.333333"
"2279049481","1014451784","0.333333"
"138177020","2165483253","0.333333"
"2165483253","138177020","0.333333"
"138177020","2279049481","0.333333"
"2279049481","138177020","0.333333"
"2165483253","2279049481","0.333333"
"2279049481","2165483253","0.333333"
"1033949525","2279049481","1.5"
"2279049481","1033949525","1.5"
"1033949525","2179970743","0.5"
"2179970743","1033949525","0.5"
"2179970743","2279049481","1.5"
"2279049481","2179970743","1.5"
"114612135","1599800629","3.42424"
"1599800629","114612135","3.42424"
"114612135","1967645506","0.833333"
"1967645506","114612135","0.833333"
"1599800629","1967645506","0.5"
"1967645506","1599800629","0.5"
"114612135","2127996664","2"
"2127996664","114612135","2"
"114612135","2010071303","2.33333"
"2010071303","114612135","2.33333"
"114612135","584697031","3"
"584697031","114612135","3"
"114612135","1564474233","1"
"1564474233","114612135","1"
"1564474233","1569934599","0.742857"
"1569934599","1564474233","0.742857"
"114612135","1539122983","0.5"
"1539122983","114612135","0.5"
"114612135","3572470","4.5"
"3572470","114612135","4.5"
"1539122983","3572470","0.5"
"3572470","1539122983","0.5"
"114612135","63015854","1"
"63015854","114612135","1"
"1564474233","584697031","1.5"
"584697031","1564474233","1.5"
"114612135","149007361","1.5"
"149007361","114612135","1.5"
"114612135","2005054345","1.83333"
"2005054345","114612135","1.83333"
"114612135","1547770852","1"
"1547770852","114612135","1"
"114612135","1606108066","1.5"
"1606108066","114612135","1.5"
"114612135","1495568570","0.333333"
"1495568570","114612135","0.333333"
"114612135","2018252048","0.424242"
"2018252048","114612135","0.424242"
"114612135","2051419098","1.42424"
"2051419098","114612135","1.42424"
"1495568570","2018252048","0.333333"
"2018252048","1495568570","0.333333"
"1495568570","2051419098","0.666667"
"2051419098","1495568570","0.666667"
"2018252048","2051419098","0.424242"
"2051419098","2018252048","0.424242"
"3572470","584697031","1.5"
"584697031","3572470","1.5"
"114612135","2171040622","1.59091"
"2171040622","114612135","1.59091"
"114612135","2490778806","0.5"
"2490778806","114612135","0.5"
"114612135","2576879277","0.5"
"2576879277","114612135","0.5"
"2490778806","2576879277","2.5"
"2576879277","2490778806","2.5"
"114612135","612181922","0.5"
"612181922","114612135","0.5"
"1606108066","612181922","0.5"
"612181922","1606108066","0.5"
"114612135","2043085612","0.333333"
"2043085612","114612135","0.333333"
"114612135","2090588614","0.833333"
"2090588614","114612135","0.833333"
"1599800629","2043085612","0.333333"
"2043085612","1599800629","0.333333"
"2043085612","2090588614","0.333333"
"2090588614","2043085612","0.333333"
"114612135","2121432589","0.5"
"2121432589","114612135","0.5"
"114612135","2023158493","0.333333"
"2023158493","114612135","0.333333"
"114612135","2182999031","0.333333"
"2182999031","114612135","0.333333"
"1967645506","2023158493","0.666667"
"2023158493","1967645506","0.666667"
"1967645506","2182999031","0.333333"
"2182999031","1967645506","0.333333"
"2023158493","2182999031","1.33333"
"2182999031","2023158493","1.33333"
"114612135","157276555","1"
"157276555","114612135","1"
"114612135","1520315878","0.5"
"1520315878","114612135","0.5"
"1520315878","2171040622","0.5"
"2171040622","1520315878","0.5"
"114612135","1494719749","0.0909091"
"1494719749","114612135","0.0909091"
"114612135","1512269963","0.0909091"
"1512269963","114612135","0.0909091"
"114612135","1520307305","0.0909091"
"1520307305","114612135","0.0909091"
"114612135","1826971838","0.0909091"
"1826971838","114612135","0.0909091"
"114612135","1995780730","0.0909091"
"1995780730","114612135","0.0909091"
"114612135","2039114537","0.0909091"
"2039114537","114612135","0.0909091"
"114612135","2096674386","0.0909091"
"2096674386","114612135","0.0909091"
"1494719749","1512269963","0.0909091"
"1512269963","1494719749","0.0909091"
"1494719749","1520307305","0.0909091"
"1520307305","1494719749","0.0909091"
"1494719749","1599800629","1.09091"
"1599800629","1494719749","1.09091"
"1494719749","1826971838","0.0909091"
"1826971838","1494719749","0.0909091"
"1494719749","1995780730","1.09091"
"1995780730","1494719749","1.09091"
"1494719749","2018252048","0.0909091"
"2018252048","1494719749","0.0909091"
"1494719749","2039114537","0.0909091"
"2039114537","1494719749","0.0909091"
"1494719749","2051419098","0.590909"
"2051419098","1494719749","0.590909"
"1494719749","2096674386","0.0909091"
"2096674386","1494719749","0.0909091"
"1494719749","2171040622","0.0909091"
"2171040622","1494719749","0.0909091"
"1512269963","1520307305","0.0909091"
"1520307305","1512269963","0.0909091"
"1512269963","1826971838","0.0909091"
"1826971838","1512269963","0.0909091"
"1512269963","1995780730","0.0909091"
"1995780730","1512269963","0.0909091"
"1512269963","2018252048","0.0909091"
"2018252048","1512269963","0.0909091"
"1512269963","2039114537","0.0909091"
"2039114537","1512269963","0.0909091"
"1512269963","2051419098","0.0909091"
"2051419098","1512269963","0.0909091"
"1512269963","2096674386","0.0909091"
"2096674386","1512269963","0.0909091"
"1512269963","2171040622","2.09091"
"2171040622","1512269963","2.09091"
"1520307305","1599800629","0.0909091"
"1599800629","1520307305","0.0909091"
"1520307305","1826971838","0.0909091"
"1826971838","1520307305","0.0909091"
"1520307305","1995780730","0.0909091"
"1995780730","1520307305","0.0909091"
"1520307305","2018252048","0.0909091"
"2018252048","1520307305","0.0909091"
"1520307305","2039114537","0.0909091"
"2039114537","1520307305","0.0909091"
"1520307305","2051419098","0.0909091"
"2051419098","1520307305","0.0909091"
"1520307305","2096674386","0.0909091"
"2096674386","1520307305","0.0909091"
"1520307305","2171040622","0.0909091"
"2171040622","1520307305","0.0909091"
"1599800629","1826971838","0.0909091"
"1826971838","1599800629","0.0909091"
"1599800629","1995780730","0.0909091"
"1995780730","1599800629","0.0909091"
"1599800629","2018252048","0.0909091"
"2018252048","1599800629","0.0909091"
"1599800629","2039114537","0.0909091"
"2039114537","1599800629","0.0909091"
"1599800629","2051419098","0.0909091"
"2051419098","1599800629","0.0909091"
"1599800629","2096674386","0.0909091"
"2096674386","1599800629","0.0909091"
"1599800629","2171040622","0.0909091"
"2171040622","1599800629","0.0909091"
"1826971838","1995780730","0.0909091"
"1995780730","1826971838","0.0909091"
"1826971838","2018252048","0.0909091"
"2018252048","1826971838","0.0909091"
"1826971838","2039114537","0.0909091"
"2039114537","1826971838","0.0909091"
"1826971838","2051419098","0.0909091"
"2051419098","1826971838","0.0909091"
"1826971838","2096674386","0.0909091"
"2096674386","1826971838","0.0909091"
"1826971838","2171040622","0.0909091"
"2171040622","1826971838","0.0909091"
"1995780730","2018252048","0.0909091"
"2018252048","1995780730","0.0909091"
"1995780730","2039114537","0.0909091"
"2039114537","1995780730","0.0909091"
"1995780730","2051419098","1.09091"
"2051419098","1995780730","1.09091"
"1995780730","2096674386","0.0909091"
"2096674386","1995780730","0.0909091"
"1995780730","2171040622","0.0909091"
"2171040622","1995780730","0.0909091"
"2018252048","2039114537","0.0909091"
"2039114537","2018252048","0.0909091"
"2018252048","2096674386","0.0909091"
"2096674386","2018252048","0.0909091"
"2018252048","2171040622","0.0909091"
"2171040622","2018252048","0.0909091"
"2039114537","2051419098","0.0909091"
"2051419098","2039114537","0.0909091"
"2039114537","2096674386","0.0909091"
"2096674386","2039114537","0.0909091"
"2039114537","2171040622","0.0909091"
"2171040622","2039114537","0.0909091"
"2051419098","2096674386","0.0909091"
"2096674386","2051419098","0.0909091"
"2051419098","2171040622","1.09091"
"2171040622","2051419098","1.09091"
"2096674386","2171040622","0.0909091"
"2171040622","2096674386","0.0909091"
"114612135","2026583582","1"
"2026583582","114612135","1"
"114612135","1991523306","1"
"1991523306","114612135","1"
"2090588614","3572470","0.6"
"3572470","2090588614","0.6"
"117635903","320820144","1"
"320820144","117635903","1"
"125446146","1488465245","0.833333"
"1488465245","125446146","0.833333"
"125446146","2165483253","0.833333"
"2165483253","125446146","0.833333"
"125446146","4320308","0.333333"
"4320308","125446146","0.333333"
"1488465245","2165483253","0.333333"
"2165483253","1488465245","0.333333"
"1488465245","4320308","0.333333"
"4320308","1488465245","0.333333"
"2165483253","4320308","0.583333"
"4320308","2165483253","0.583333"
"125446146","1436938223","0.5"
"1436938223","125446146","0.5"
"1436938223","2165483253","0.5"
"2165483253","1436938223","0.5"
"125446146","2806048216","1"
"2806048216","125446146","1"
"125446146","971992255","0.5"
"971992255","125446146","0.5"
"1488465245","971992255","0.5"
"971992255","1488465245","0.5"
"136359756","164598617","0.333333"
"164598617","136359756","0.333333"
"136359756","2771039791","0.533333"
"2771039791","136359756","0.533333"
"136359756","2805970633","0.533333"
"2805970633","136359756","0.533333"
"164598617","2771039791","0.333333"
"2771039791","164598617","0.333333"
"164598617","2805970633","0.333333"
"2805970633","164598617","0.333333"
"2771039791","2805970633","0.533333"
"2805970633","2771039791","0.533333"
"136359756","2492603114","0.2"
"2492603114","136359756","0.2"
"136359756","2774433181","0.2"
"2774433181","136359756","0.2"
"136359756","2887472676","0.2"
"2887472676","136359756","0.2"
"2492603114","2771039791","0.2"
"2771039791","2492603114","0.2"
"2492603114","2774433181","0.2"
"2774433181","2492603114","0.2"
"2492603114","2805970633","0.2"
"2805970633","2492603114","0.2"
"2492603114","2887472676","0.2"
"2887472676","2492603114","0.2"
"2771039791","2774433181","4.2"
"2774433181","2771039791","4.2"
"2771039791","2887472676","0.2"
"2887472676","2771039791","0.2"
"2774433181","2805970633","0.2"
"2805970633","2774433181","0.2"
"2774433181","2887472676","0.2"
"2887472676","2774433181","0.2"
"2805970633","2887472676","0.2"
"2887472676","2805970633","0.2"
"136359756","1411075475","0.2"
"1411075475","136359756","0.2"
"136359756","2095240343","0.2"
"2095240343","136359756","0.2"
"136359756","2141031444","0.2"
"2141031444","136359756","0.2"
"136359756","2147337497","0.2"
"2147337497","136359756","0.2"
"136359756","2152902185","0.2"
"2152902185","136359756","0.2"
"1411075475","2095240343","0.2"
"2095240343","1411075475","0.2"
"1411075475","2141031444","1.34286"
"2141031444","1411075475","1.34286"
"1411075475","2147337497","0.92619"
"2147337497","1411075475","0.92619"
"1411075475","2152902185","0.866667"
"2152902185","1411075475","0.866667"
"2095240343","2141031444","1.4"
"2141031444","2095240343","1.4"
"2095240343","2147337497","0.2"
"2147337497","2095240343","0.2"
"2095240343","2152902185","0.2"
"2152902185","2095240343","0.2"
"2141031444","2147337497","0.342857"
"2147337497","2141031444","0.342857"
"2141031444","2152902185","1.2"
"2152902185","2141031444","1.2"
"2147337497","2152902185","0.866667"
"2152902185","2147337497","0.866667"
"1411075475","89765293","1.25"
"89765293","1411075475","1.25"
"1411075475","1571249337","0.809524"
"1571249337","1411075475","0.809524"
"1411075475","2104673221","0.833333"
"2104673221","1411075475","0.833333"
"1411075475","2576879277","0.333333"
"2576879277","1411075475","0.333333"
"1571249337","2104673221","0.333333"
"2104673221","1571249337","0.333333"
"1571249337","2576879277","0.333333"
"2576879277","1571249337","0.333333"
"2104673221","2576879277","0.333333"
"2576879277","2104673221","0.333333"
"1411075475","2492603114","4.39286"
"2492603114","1411075475","4.39286"
"1411075475","164598617","2.22619"
"164598617","1411075475","2.22619"
"164598617","2152902185","0.666667"
"2152902185","164598617","0.666667"
"164598617","2492603114","1.11905"
"2492603114","164598617","1.11905"
"2152902185","2492603114","1.66667"
"2492603114","2152902185","1.66667"
"164598617","2147337497","0.72619"
"2147337497","164598617","0.72619"
"164598617","89765293","0.833333"
"89765293","164598617","0.833333"
"2147337497","2492603114","1.72619"
"2492603114","2147337497","1.72619"
"2147337497","89765293","0.583333"
"89765293","2147337497","0.583333"
"2492603114","89765293","0.5"
"89765293","2492603114","0.5"
"164598617","2104673221","0.5"
"2104673221","164598617","0.5"
"1411075475","191498051","0.142857"
"191498051","1411075475","0.142857"
"1411075475","2033340","0.142857"
"2033340","1411075475","0.142857"
"1571249337","164598617","0.142857"
"164598617","1571249337","0.142857"
"1571249337","191498051","0.142857"
"191498051","1571249337","0.142857"
"1571249337","2033340","0.142857"
"2033340","1571249337","0.142857"
"1571249337","2141031444","0.142857"
"2141031444","1571249337","0.142857"
"1571249337","2147337497","0.142857"
"2147337497","1571249337","0.142857"
"1571249337","2492603114","0.47619"
"2492603114","1571249337","0.47619"
"164598617","191498051","0.285714"
"191498051","164598617","0.285714"
"164598617","2033340","0.142857"
"2033340","164598617","0.142857"
"164598617","2141031444","2.39286"
"2141031444","164598617","2.39286"
"191498051","2033340","0.142857"
"2033340","191498051","0.142857"
"191498051","2141031444","0.142857"
"2141031444","191498051","0.142857"
"191498051","2147337497","0.142857"
"2147337497","191498051","0.142857"
"191498051","2492603114","0.285714"
"2492603114","191498051","0.285714"
"2033340","2141031444","0.142857"
"2141031444","2033340","0.142857"
"2033340","2147337497","0.142857"
"2147337497","2033340","0.142857"
"2033340","2492603114","0.142857"
"2492603114","2033340","0.142857"
"2141031444","2492603114","0.392857"
"2492603114","2141031444","0.392857"
"1411075475","2096674386","0.333333"
"2096674386","1411075475","0.333333"
"1571249337","2096674386","0.583333"
"2096674386","1571249337","0.583333"
"2096674386","2492603114","0.333333"
"2492603114","2096674386","0.333333"
"1436938223","2771039791","1"
"2771039791","1436938223","1"
"143724978","1569934599","1"
"1569934599","143724978","1"
"145549907","2029931637","2"
"2029931637","145549907","2"
"145549907","1494719749","1"
"1494719749","145549907","1"
"1484763542","1833039386","0.333333"
"1833039386","1484763542","0.333333"
"1484763542","2005054345","1.83333"
"2005054345","1484763542","1.83333"
"1484763542","2010071303","0.833333"
"2010071303","1484763542","0.833333"
"1488465245","2576879277","0.5"
"2576879277","1488465245","0.5"
"1488465245","613031071","0.5"
"613031071","1488465245","0.5"
"2576879277","613031071","44.3333"
"613031071","2576879277","44.3333"
"1488465245","1571249337","0.5"
"1571249337","1488465245","0.5"
"1488465245","1991523306","0.5"
"1991523306","1488465245","0.5"
"1571249337","1991523306","0.5"
"1991523306","1571249337","0.5"
"149007361","1537607666","0.309524"
"1537607666","149007361","0.309524"
"149007361","2061146283","0.875"
"2061146283","149007361","0.875"
"149007361","402724","0.309524"
"402724","149007361","0.309524"
"1537607666","1569934599","0.309524"
"1569934599","1537607666","0.309524"
"1537607666","1991523306","0.309524"
"1991523306","1537607666","0.309524"
"1537607666","2061146283","0.166667"
"2061146283","1537607666","0.166667"
"1537607666","2127996664","0.559524"
"2127996664","1537607666","0.559524"
"1537607666","402724","0.309524"
"402724","1537607666","0.309524"
"1569934599","2061146283","0.875"
"2061146283","1569934599","0.875"
"1569934599","402724","0.309524"
"402724","1569934599","0.309524"
"1991523306","2061146283","1.625"
"2061146283","1991523306","1.625"
"1991523306","402724","0.809524"
"402724","1991523306","0.809524"
"2061146283","2127996664","1.29167"
"2127996664","2061146283","1.29167"
"2061146283","402724","0.666667"
"402724","2061146283","0.666667"
"2127996664","402724","0.309524"
"402724","2127996664","0.309524"
"149007361","157276555","0.47619"
"157276555","149007361","0.47619"
"1537607666","157276555","0.142857"
"157276555","1537607666","0.142857"
"1537607666","2090588614","0.142857"
"2090588614","1537607666","0.142857"
"1569934599","157276555","1.47619"
"157276555","1569934599","1.47619"
"157276555","1991523306","0.142857"
"1991523306","157276555","0.142857"
"157276555","2090588614","0.142857"
"2090588614","157276555","0.142857"
"157276555","2127996664","0.142857"
"2127996664","157276555","0.142857"
"157276555","402724","0.142857"
"402724","157276555","0.142857"
"1991523306","2090588614","0.142857"
"2090588614","1991523306","0.142857"
"2090588614","2127996664","0.142857"
"2127996664","2090588614","0.142857"
"2090588614","402724","0.142857"
"402724","2090588614","0.142857"
"149007361","1967645506","0.333333"
"1967645506","149007361","0.333333"
"149007361","2026583582","0.333333"
"2026583582","149007361","0.333333"
"1967645506","2026583582","0.333333"
"2026583582","1967645506","0.333333"
"1967645506","2121432589","0.333333"
"2121432589","1967645506","0.333333"
"2026583582","2121432589","0.333333"
"2121432589","2026583582","0.333333"
"149007361","2039114537","0.2"
"2039114537","149007361","0.2"
"149007361","2043085612","0.533333"
"2043085612","149007361","0.533333"
"1569934599","2039114537","0.2"
"2039114537","1569934599","0.2"
"1569934599","2043085612","0.533333"
"2043085612","1569934599","0.533333"
"1991523306","2039114537","1.59286"
"2039114537","1991523306","1.59286"
"1991523306","2043085612","1.28333"
"2043085612","1991523306","1.28333"
"2022728909","2039114537","0.2"
"2039114537","2022728909","0.2"
"2022728909","2043085612","1.03333"
"2043085612","2022728909","1.03333"
"2039114537","2043085612","0.2"
"2043085612","2039114537","0.2"
"2043085612","2061146283","0.333333"
"2061146283","2043085612","0.333333"
"149007361","2077494303","0.25"
"2077494303","149007361","0.25"
"149007361","35393581","0.25"
"35393581","149007361","0.25"
"1569934599","2077494303","0.25"
"2077494303","1569934599","0.25"
"1569934599","35393581","0.25"
"35393581","1569934599","0.25"
"1833039386","2077494303","0.702381"
"2077494303","1833039386","0.702381"
"1833039386","35393581","0.25"
"35393581","1833039386","0.25"
"2077494303","35393581","0.25"
"35393581","2077494303","0.25"
"149007361","1533192090","0.125"
"1533192090","149007361","0.125"
"149007361","2395873983","0.375"
"2395873983","149007361","0.375"
"149007361","2576879277","0.125"
"2576879277","149007361","0.125"
"1533192090","1569934599","0.125"
"1569934599","1533192090","0.125"
"1533192090","1991523306","2.625"
"1991523306","1533192090","2.625"
"1533192090","2022728909","0.125"
"2022728909","1533192090","0.125"
"1533192090","2061146283","0.125"
"2061146283","1533192090","0.125"
"1533192090","2127996664","0.375"
"2127996664","1533192090","0.375"
"1533192090","2395873983","0.125"
"2395873983","1533192090","0.125"
"1533192090","2576879277","2.625"
"2576879277","1533192090","2.625"
"1569934599","2395873983","0.375"
"2395873983","1569934599","0.375"
"1569934599","2576879277","0.625"
"2576879277","1569934599","0.625"
"1991523306","2395873983","0.125"
"2395873983","1991523306","0.125"
"1991523306","2576879277","2.95833"
"2576879277","1991523306","2.95833"
"2022728909","2061146283","2.70833"
"2061146283","2022728909","2.70833"
"2022728909","2395873983","0.375"
"2395873983","2022728909","0.375"
"2022728909","2576879277","0.458333"
"2576879277","2022728909","0.458333"
"2061146283","2395873983","0.375"
"2395873983","2061146283","0.375"
"2061146283","2576879277","0.125"
"2576879277","2061146283","0.125"
"2127996664","2395873983","0.125"
"2395873983","2127996664","0.125"
"2127996664","2576879277","0.125"
"2576879277","2127996664","0.125"
"2395873983","2576879277","0.125"
"2576879277","2395873983","0.125"
"149007361","1564474233","0.242857"
"1564474233","149007361","0.242857"
"149007361","1826971838","0.242857"
"1826971838","149007361","0.242857"
"149007361","2034635672","0.142857"
"2034635672","149007361","0.142857"
"1564474233","1826971838","0.242857"
"1826971838","1564474233","0.242857"
"1564474233","1833039386","0.242857"
"1833039386","1564474233","0.242857"
"1564474233","2032930477","0.242857"
"2032930477","1564474233","0.242857"
"1564474233","2034635672","0.142857"
"2034635672","1564474233","0.142857"
"1564474233","2917560707","0.242857"
"2917560707","1564474233","0.242857"
"1569934599","1826971838","0.242857"
"1826971838","1569934599","0.242857"
"1569934599","2034635672","0.142857"
"2034635672","1569934599","0.142857"
"1826971838","1833039386","0.242857"
"1833039386","1826971838","0.242857"
"1826971838","2032930477","0.242857"
"2032930477","1826971838","0.242857"
"1826971838","2034635672","0.142857"
"2034635672","1826971838","0.142857"
"1826971838","2917560707","0.242857"
"2917560707","1826971838","0.242857"
"1833039386","2034635672","0.142857"
"2034635672","1833039386","0.142857"
"2032930477","2034635672","0.142857"
"2034635672","2032930477","0.142857"
"2034635672","2917560707","0.142857"
"2917560707","2034635672","0.142857"
"149007361","2025163386","0.142857"
"2025163386","149007361","0.142857"
"1512269963","2010071303","0.900397"
"2010071303","1512269963","0.900397"
"1512269963","2025163386","0.589286"
"2025163386","1512269963","0.589286"
"1569934599","2025163386","0.142857"
"2025163386","1569934599","0.142857"
"2005054345","2025163386","3.42262"
"2025163386","2005054345","3.42262"
"2010071303","2025163386","1.08929"
"2025163386","2010071303","1.08929"
"2025163386","2116898524","1.21429"
"2116898524","2025163386","1.21429"
"2025163386","2917560707","0.142857"
"2917560707","2025163386","0.142857"
"149007361","2108480737","0.333333"
"2108480737","149007361","0.333333"
"1569934599","2108480737","0.333333"
"2108480737","1569934599","0.333333"
"157276555","2108480737","3.33333"
"2108480737","157276555","3.33333"
"2121432589","3572470","2.5"
"3572470","2121432589","2.5"
"149007361","2046810530","0.1"
"2046810530","149007361","0.1"
"1564474233","2046810530","0.1"
"2046810530","1564474233","0.1"
"1564474233","2090588614","0.1"
"2090588614","1564474233","0.1"
"1564474233","2916713316","0.1"
"2916713316","1564474233","0.1"
"1564474233","3572470","0.1"
"3572470","1564474233","0.1"
"1569934599","2046810530","0.1"
"2046810530","1569934599","0.1"
"1826971838","2046810530","0.1"
"2046810530","1826971838","0.1"
"1826971838","2090588614","0.1"
"2090588614","1826971838","0.1"
"1826971838","2916713316","0.1"
"2916713316","1826971838","0.1"
"1826971838","3572470","0.1"
"3572470","1826971838","0.1"
"1833039386","2046810530","0.1"
"2046810530","1833039386","0.1"
"2032930477","2046810530","0.1"
"2046810530","2032930477","0.1"
"2046810530","2090588614","1.1"
"2090588614","2046810530","1.1"
"2046810530","2916713316","0.1"
"2916713316","2046810530","0.1"
"2046810530","2917560707","0.1"
"2917560707","2046810530","0.1"
"2046810530","3572470","0.1"
"3572470","2046810530","0.1"
"149007361","1571249337","0.5"
"1571249337","149007361","0.5"
"1571249337","2127996664","0.75"
"2127996664","1571249337","0.75"
"1494719749","2501694342","1"
"2501694342","1494719749","1"
"1494719749","2107155128","0.5"
"2107155128","1494719749","0.5"
"1494719749","33934461","0.75"
"33934461","1494719749","0.75"
"2107155128","33934461","0.5"
"33934461","2107155128","0.5"
"1494719749","1533192090","0.25"
"1533192090","1494719749","0.25"
"1494719749","1991523306","0.25"
"1991523306","1494719749","0.25"
"1494719749","2127996664","0.25"
"2127996664","1494719749","0.25"
"1533192090","33934461","4.83333"
"33934461","1533192090","4.83333"
"1991523306","33934461","2.5"
"33934461","1991523306","2.5"
"2127996664","33934461","0.25"
"33934461","2127996664","0.25"
"1494719749","1495568570","0.5"
"1495568570","1494719749","0.5"
"1495568570","1995780730","0.5"
"1995780730","1495568570","0.5"
"1495568570","2107155128","0.333333"
"2107155128","1495568570","0.333333"
"1495568570","2492603114","0.333333"
"2492603114","1495568570","0.333333"
"2051419098","2107155128","0.333333"
"2107155128","2051419098","0.333333"
"2051419098","2492603114","0.333333"
"2492603114","2051419098","0.333333"
"2107155128","2492603114","0.333333"
"2492603114","2107155128","0.333333"
"1503105306","2127996664","0.47619"
"2127996664","1503105306","0.47619"
"1503105306","2916758287","0.333333"
"2916758287","1503105306","0.333333"
"1991523306","2916758287","0.333333"
"2916758287","1991523306","0.333333"
"2127996664","2916758287","0.333333"
"2916758287","2127996664","0.333333"
"1503105306","1597746903","0.142857"
"1597746903","1503105306","0.142857"
"1503105306","164598617","0.142857"
"164598617","1503105306","0.142857"
"1503105306","1833039386","0.142857"
"1833039386","1503105306","0.142857"
"1503105306","191498051","0.142857"
"191498051","1503105306","0.142857"
"1503105306","2043085612","0.142857"
"2043085612","1503105306","0.142857"
"1503105306","2492603114","0.142857"
"2492603114","1503105306","0.142857"
"1597746903","164598617","0.142857"
"164598617","1597746903","0.142857"
"1597746903","1833039386","0.142857"
"1833039386","1597746903","0.142857"
"1597746903","191498051","0.142857"
"191498051","1597746903","0.142857"
"1597746903","2043085612","0.142857"
"2043085612","1597746903","0.142857"
"1597746903","2127996664","0.142857"
"2127996664","1597746903","0.142857"
"1597746903","2492603114","0.142857"
"2492603114","1597746903","0.142857"
"164598617","1833039386","0.142857"
"1833039386","164598617","0.142857"
"164598617","2043085612","0.142857"
"2043085612","164598617","0.142857"
"164598617","2127996664","0.142857"
"2127996664","164598617","0.142857"
"1833039386","191498051","0.142857"
"191498051","1833039386","0.142857"
"1833039386","2043085612","0.142857"
"2043085612","1833039386","0.142857"
"1833039386","2127996664","0.142857"
"2127996664","1833039386","0.142857"
"1833039386","2492603114","0.142857"
"2492603114","1833039386","0.142857"
"191498051","2043085612","0.142857"
"2043085612","191498051","0.142857"
"191498051","2127996664","0.142857"
"2127996664","191498051","0.142857"
"2043085612","2127996664","1.14286"
"2127996664","2043085612","1.14286"
"2043085612","2492603114","0.142857"
"2492603114","2043085612","0.142857"
"2127996664","2492603114","0.142857"
"2492603114","2127996664","0.142857"
"1512269963","1551661741","0.0714286"
"1551661741","1512269963","0.0714286"
"1512269963","1565604642","0.0714286"
"1565604642","1512269963","0.0714286"
"1512269963","1596117566","0.0714286"
"1596117566","1512269963","0.0714286"
"1512269963","1965933925","0.30754"
"1965933925","1512269963","0.30754"
"1512269963","2056844217","0.724206"
"2056844217","1512269963","0.724206"
"1512269963","2090588614","0.214286"
"2090588614","1512269963","0.214286"
"1512269963","63015854","0.196429"
"63015854","1512269963","0.196429"
"1551661741","1565604642","0.0714286"
"1565604642","1551661741","0.0714286"
"1551661741","1596117566","0.0714286"
"1596117566","1551661741","0.0714286"
"1551661741","1599800629","0.0714286"
"1599800629","1551661741","0.0714286"
"1551661741","1833039386","0.0714286"
"1833039386","1551661741","0.0714286"
"1551661741","1965933925","0.0714286"
"1965933925","1551661741","0.0714286"
"1551661741","2005054345","0.0714286"
"2005054345","1551661741","0.0714286"
"1551661741","2010071303","0.0714286"
"2010071303","1551661741","0.0714286"
"1551661741","2025163386","0.0714286"
"2025163386","1551661741","0.0714286"
"1551661741","2032930477","0.0714286"
"2032930477","1551661741","0.0714286"
"1551661741","2056844217","0.0714286"
"2056844217","1551661741","0.0714286"
"1551661741","2090588614","0.0714286"
"2090588614","1551661741","0.0714286"
"1551661741","2116898524","0.0714286"
"2116898524","1551661741","0.0714286"
"1551661741","63015854","0.0714286"
"63015854","1551661741","0.0714286"
"1565604642","1596117566","0.0714286"
"1596117566","1565604642","0.0714286"
"1565604642","1599800629","0.0714286"
"1599800629","1565604642","0.0714286"
"1565604642","1833039386","0.0714286"
"1833039386","1565604642","0.0714286"
"1565604642","1965933925","0.0714286"
"1965933925","1565604642","0.0714286"
"1565604642","2005054345","0.0714286"
"2005054345","1565604642","0.0714286"
"1565604642","2010071303","0.0714286"
"2010071303","1565604642","0.0714286"
"1565604642","2025163386","0.0714286"
"2025163386","1565604642","0.0714286"
"1565604642","2032930477","0.0714286"
"2032930477","1565604642","0.0714286"
"1565604642","2056844217","0.0714286"
"2056844217","1565604642","0.0714286"
"1565604642","2090588614","0.0714286"
"2090588614","1565604642","0.0714286"
"1565604642","2116898524","0.0714286"
"2116898524","1565604642","0.0714286"
"1565604642","63015854","0.0714286"
"63015854","1565604642","0.0714286"
"1596117566","1599800629","0.0714286"
"1599800629","1596117566","0.0714286"
"1596117566","1833039386","0.0714286"
"1833039386","1596117566","0.0714286"
"1596117566","1965933925","0.0714286"
"1965933925","1596117566","0.0714286"
"1596117566","2005054345","0.0714286"
"2005054345","1596117566","0.0714286"
"1596117566","2010071303","0.0714286"
"2010071303","1596117566","0.0714286"
"1596117566","2025163386","0.0714286"
