"122397150","179192149","0.142857"
"179192149","122397150","0.142857"
"122397150","1984930913","0.142857"
"1984930913","122397150","0.142857"
"122397150","1988840697","0.285714"
"1988840697","122397150","0.285714"
"122397150","2100396957","0.142857"
"2100396957","122397150","0.142857"
"122397150","2107472597","0.142857"
"2107472597","122397150","0.142857"
"122397150","2161449369","3.97619"
"2161449369","122397150","3.97619"
"122397150","2460177214","0.72619"
"2460177214","122397150","0.72619"
"179192149","1984930913","0.142857"
"1984930913","179192149","0.142857"
"179192149","1988840697","0.142857"
"1988840697","179192149","0.142857"
"179192149","2100396957","0.642857"
"2100396957","179192149","0.642857"
"179192149","2107472597","0.142857"
"2107472597","179192149","0.142857"
"179192149","2161449369","0.142857"
"2161449369","179192149","0.142857"
"179192149","2460177214","0.142857"
"2460177214","179192149","0.142857"
"1984930913","1988840697","0.142857"
"1988840697","1984930913","0.142857"
"1984930913","2100396957","0.142857"
"2100396957","1984930913","0.142857"
"1984930913","2107472597","0.142857"
"2107472597","1984930913","0.142857"
"1984930913","2161449369","0.142857"
"2161449369","1984930913","0.142857"
"1984930913","2460177214","0.142857"
"2460177214","1984930913","0.142857"
"1988840697","2100396957","0.142857"
"2100396957","1988840697","0.142857"
"1988840697","2107472597","0.142857"
"2107472597","1988840697","0.142857"
"1988840697","2161449369","0.142857"
"2161449369","1988840697","0.142857"
"1988840697","2460177214","0.142857"
"2460177214","1988840697","0.142857"
"2100396957","2107472597","0.142857"
"2107472597","2100396957","0.142857"
"2100396957","2161449369","0.142857"
"2161449369","2100396957","0.142857"
"2100396957","2460177214","0.142857"
"2460177214","2100396957","0.142857"
"2107472597","2161449369","0.142857"
"2161449369","2107472597","0.142857"
"2107472597","2460177214","0.142857"
"2460177214","2107472597","0.142857"
"2161449369","2460177214","0.392857"
"2460177214","2161449369","0.392857"
"122397150","2005545462","2.25"
"2005545462","122397150","2.25"
"122397150","2094356966","0.916667"
"2094356966","122397150","0.916667"
"2005545462","2094356966","0.916667"
"2094356966","2005545462","0.916667"
"2005545462","2161449369","1.75"
"2161449369","2005545462","1.75"
"2094356966","2161449369","0.916667"
"2161449369","2094356966","0.916667"
"122397150","1487621980","1.91667"
"1487621980","122397150","1.91667"
"122397150","2040146653","0.47619"
"2040146653","122397150","0.47619"
"1487621980","2040146653","0.333333"
"2040146653","1487621980","0.333333"
"1487621980","2161449369","2.41667"
"2161449369","1487621980","2.41667"
"2040146653","2161449369","0.333333"
"2161449369","2040146653","0.333333"
"122397150","2248420120","3.66667"
"2248420120","122397150","3.66667"
"122397150","182006308","0.72619"
"182006308","122397150","0.72619"
"122397150","1974853862","0.72619"
"1974853862","122397150","0.72619"
"182006308","1974853862","5.27619"
"1974853862","182006308","5.27619"
"182006308","2248420120","0.333333"
"2248420120","182006308","0.333333"
"1974853862","2248420120","0.333333"
"2248420120","1974853862","0.333333"
"1487621980","2005545462","1.08333"
"2005545462","1487621980","1.08333"
"182006308","2161449369","0.25"
"2161449369","182006308","0.25"
"182006308","2460177214","0.25"
"2460177214","182006308","0.25"
"1974853862","2161449369","0.25"
"2161449369","1974853862","0.25"
"1974853862","2460177214","0.25"
"2460177214","1974853862","0.25"
"1487621980","2094356966","1.25"
"2094356966","1487621980","1.25"
"122397150","2129230445","0.142857"
"2129230445","122397150","0.142857"
"122397150","2143319313","0.47619"
"2143319313","122397150","0.47619"
"122397150","2148588501","0.142857"
"2148588501","122397150","0.142857"
"182006308","1988840697","0.842857"
"1988840697","182006308","0.842857"
"182006308","2040146653","1.46905"
"2040146653","182006308","1.46905"
"182006308","2129230445","5.05238"
"2129230445","182006308","5.05238"
"182006308","2143319313","3.20952"
"2143319313","182006308","3.20952"
"182006308","2148588501","7.50238"
"2148588501","182006308","7.50238"
"1974853862","1988840697","0.67619"
"1988840697","1974853862","0.67619"
"1974853862","2040146653","1.49286"
"2040146653","1974853862","1.49286"
"1974853862","2129230445","6.65952"
"2129230445","1974853862","6.65952"
"1974853862","2143319313","2.54286"
"2143319313","1974853862","2.54286"
"1974853862","2148588501","4.69286"
"2148588501","1974853862","4.69286"
"1988840697","2040146653","1.17619"
"2040146653","1988840697","1.17619"
"1988840697","2129230445","0.642857"
"2129230445","1988840697","0.642857"
"1988840697","2143319313","2.17619"
"2143319313","1988840697","2.17619"
"1988840697","2148588501","0.342857"
"2148588501","1988840697","0.342857"
"2040146653","2129230445","5.60238"
"2129230445","2040146653","5.60238"
"2040146653","2143319313","4.34286"
"2143319313","2040146653","4.34286"
"2040146653","2148588501","3.71905"
"2148588501","2040146653","3.71905"
"2129230445","2143319313","4.62619"
"2143319313","2129230445","4.62619"
"2129230445","2148588501","8.83571"
"2148588501","2129230445","8.83571"
"2143319313","2148588501","3.65952"
"2148588501","2143319313","3.65952"
"2143319313","2248420120","0.666667"
"2248420120","2143319313","0.666667"
"2143319313","2460177214","0.333333"
"2460177214","2143319313","0.333333"
"2248420120","2460177214","0.333333"
"2460177214","2248420120","0.333333"
"1487621980","2417082479","2"
"2417082479","1487621980","2"
"1487621980","179192149","2"
"179192149","1487621980","2"
"1487621980","2069930535","0.5"
"2069930535","1487621980","0.5"
"1487621980","2143319313","0.5"
"2143319313","1487621980","0.5"
"2069930535","2143319313","5.08333"
"2143319313","2069930535","5.08333"
"1497931070","182006308","0.366667"
"182006308","1497931070","0.366667"
"1497931070","1974853862","0.366667"
"1974853862","1497931070","0.366667"
"1497931070","2107472597","0.166667"
"2107472597","1497931070","0.166667"
"1497931070","2129230445","0.616667"
"2129230445","1497931070","0.616667"
"1497931070","2143319313","0.75"
"2143319313","1497931070","0.75"
"1497931070","2148588501","0.95"
"2148588501","1497931070","0.95"
"182006308","2107472597","0.533333"
"2107472597","182006308","0.533333"
"1974853862","2107472597","0.533333"
"2107472597","1974853862","0.533333"
"2107472597","2129230445","0.733333"
"2129230445","2107472597","0.733333"
"2107472597","2143319313","0.733333"
"2143319313","2107472597","0.733333"
"2107472597","2148588501","0.733333"
"2148588501","2107472597","0.733333"
"1497931070","2135092074","1"
"2135092074","1497931070","1"
"1497931070","2040146653","0.2"
"2040146653","1497931070","0.2"
"1497931070","2069930535","0.583333"
"2069930535","1497931070","0.583333"
"2069930535","2148588501","5.39286"
"2148588501","2069930535","5.39286"
"2069930535","2129230445","1.89286"
"2129230445","2069930535","1.89286"
"1546966874","182006308","0.309524"
"182006308","1546966874","0.309524"
"1546966874","2040146653","0.809524"
"2040146653","1546966874","0.809524"
"1546966874","2135092074","0.166667"
"2135092074","1546966874","0.166667"
"1546966874","2148588501","1.30952"
"2148588501","1546966874","1.30952"
"1546966874","2148932048","2.30952"
"2148932048","1546966874","2.30952"
"1546966874","2165104457","0.809524"
"2165104457","1546966874","0.809524"
"182006308","2135092074","1.58333"
"2135092074","182006308","1.58333"
"182006308","2148932048","0.842857"
"2148932048","182006308","0.842857"
"182006308","2165104457","0.309524"
"2165104457","182006308","0.309524"
"2040146653","2135092074","2.16667"
"2135092074","2040146653","2.16667"
"2040146653","2148932048","1.25952"
"2148932048","2040146653","1.25952"
"2040146653","2165104457","1.55952"
"2165104457","2040146653","1.55952"
"2135092074","2148588501","3.11667"
"2148588501","2135092074","3.11667"
"2135092074","2148932048","0.166667"
"2148932048","2135092074","0.166667"
"2135092074","2165104457","0.166667"
"2165104457","2135092074","0.166667"
"2148588501","2148932048","0.842857"
"2148932048","2148588501","0.842857"
"2148588501","2165104457","0.309524"
"2165104457","2148588501","0.309524"
"2148932048","2165104457","2.05952"
"2165104457","2148932048","2.05952"
"1546966874","2199268668","1"
"2199268668","1546966874","1"
"1546966874","1753238443","1"
"1753238443","1546966874","1"
"1546966874","2129230445","1.64286"
"2129230445","1546966874","1.64286"
"1546966874","2143319313","0.5"
"2143319313","1546966874","0.5"
"1546966874","2069930535","0.142857"
"2069930535","1546966874","0.142857"
"182006308","2069930535","2.97619"
"2069930535","182006308","2.97619"
"2040146653","2069930535","0.142857"
"2069930535","2040146653","0.142857"
"2069930535","2148932048","0.142857"
"2148932048","2069930535","0.142857"
"2069930535","2165104457","0.142857"
"2165104457","2069930535","0.142857"
"2129230445","2148932048","0.67619"
"2148932048","2129230445","0.67619"
"2129230445","2165104457","0.142857"
"2165104457","2129230445","0.142857"
"1546966874","2161449369","0.5"
"2161449369","1546966874","0.5"
"1546966874","2417082479","0.5"
"2417082479","1546966874","0.5"
"2161449369","2417082479","0.5"
"2417082479","2161449369","0.5"
"1753238443","2553353139","1"
"2553353139","1753238443","1"
"1763557163","2143319313","0.5"
"2143319313","1763557163","0.5"
"1763557163","2161449369","0.5"
"2161449369","1763557163","0.5"
"2143319313","2161449369","0.5"
"2161449369","2143319313","0.5"
"1763557163","2300646295","1"
"2300646295","1763557163","1"
"1763557163","2553353139","1"
"2553353139","1763557163","1"
"179192149","2967586975","2"
"2967586975","179192149","2"
"179192149","2215117647","0.5"
"2215117647","179192149","0.5"
"2100396957","2215117647","0.5"
"2215117647","2100396957","0.5"
"182006308","2107490596","0.916667"
"2107490596","182006308","0.916667"
"182006308","2312736360","1.25"
"2312736360","182006308","1.25"
"2107490596","2129230445","3.25"
"2129230445","2107490596","3.25"
"2107490596","2135092074","1.25"
"2135092074","2107490596","1.25"
"2107490596","2143319313","1.33333"
"2143319313","2107490596","1.33333"
"2107490596","2148588501","1.75"
"2148588501","2107490596","1.75"
"2107490596","2312736360","0.666667"
"2312736360","2107490596","0.666667"
"2129230445","2135092074","2.45"
"2135092074","2129230445","2.45"
"2129230445","2312736360","1.7"
"2312736360","2129230445","1.7"
"2135092074","2143319313","0.366667"
"2143319313","2135092074","0.366667"
"2135092074","2312736360","1.36667"
"2312736360","2135092074","1.36667"
"2143319313","2312736360","0.7"
"2312736360","2143319313","0.7"
"2148588501","2312736360","0.7"
"2312736360","2148588501","0.7"
"1974853862","2107490596","0.166667"
"2107490596","1974853862","0.166667"
"2040146653","2107490596","5.66667"
"2107490596","2040146653","5.66667"
"1974853862","2069930535","0.166667"
"2069930535","1974853862","0.166667"
"2069930535","2107472597","0.166667"
"2107472597","2069930535","0.166667"
"1974853862","2148932048","1.2"
"2148932048","1974853862","1.2"
"2069930535","2312736360","0.333333"
"2312736360","2069930535","0.333333"
"1974853862","2041930947","0.333333"
"2041930947","1974853862","0.333333"
"2041930947","2129230445","0.333333"
"2129230445","2041930947","0.333333"
"2041930947","2143319313","0.333333"
"2143319313","2041930947","0.333333"
"1974853862","2095210285","2"
"2095210285","1974853862","2"
"1974853862","2312736360","0.333333"
"2312736360","1974853862","0.333333"
"1988840697","2041930947","1"
"2041930947","1988840697","1"
"1988840697","2069930535","0.5"
"2069930535","1988840697","0.5"
"1988840697","2095210285","0.5"
"2095210285","1988840697","0.5"
"2069930535","2095210285","1.5"
"2095210285","2069930535","1.5"
"2040146653","2312736360","0.75"
"2312736360","2040146653","0.75"
"2040146653","2460177214","0.25"
"2460177214","2040146653","0.25"
"2040146653","2561763654","0.25"
"2561763654","2040146653","0.25"
"2148932048","2460177214","0.25"
"2460177214","2148932048","0.25"
"2148932048","2561763654","0.25"
"2561763654","2148932048","0.25"
"2165104457","2460177214","0.25"
"2460177214","2165104457","0.25"
"2165104457","2561763654","0.25"
"2561763654","2165104457","0.25"
"2460177214","2561763654","0.25"
"2561763654","2460177214","0.25"
"2041930947","2095210285","1"
"2095210285","2041930947","1"
"2069930535","2110473454","0.333333"
"2110473454","2069930535","0.333333"
"2110473454","2143319313","0.333333"
"2143319313","2110473454","0.333333"
"2110473454","2148588501","0.333333"
"2148588501","2110473454","0.333333"
"2077752496","2143319313","1"
"2143319313","2077752496","1"
"2095210285","2129230445","1"
"2129230445","2095210285","1"
"2095210285","2143319313","1"
"2143319313","2095210285","1"
"2107472597","2120007963","5"
"2120007963","2107472597","5"
"2107472597","2135092074","0.2"
"2135092074","2107472597","0.2"
"2107472597","2312736360","0.2"
"2312736360","2107472597","0.2"
"2109364068","2144255846","2"
"2144255846","2109364068","2"
"2143319313","2417082479","0.333333"
"2417082479","2143319313","0.333333"
"2148588501","2248420120","0.333333"
"2248420120","2148588501","0.333333"
"2148588501","2417082479","0.333333"
"2417082479","2148588501","0.333333"
"2248420120","2417082479","0.333333"
"2417082479","2248420120","0.333333"
"2148588501","63852194","1"
"63852194","2148588501","1"
"23377630","2417082479","1"
"2417082479","23377630","1"
"2417082479","2460177214","1"
"2460177214","2417082479","1"
