"109567448","2071182165","0.392157"
"2071182165","109567448","0.392157"
"109567448","2105705345","0.642157"
"2105705345","109567448","0.642157"
"109567448","2167723973","0.642157"
"2167723973","109567448","0.642157"
"2071182165","2105705345","0.642157"
"2105705345","2071182165","0.642157"
"2071182165","2167723973","0.892157"
"2167723973","2071182165","0.892157"
"2105705345","2167723973","0.642157"
"2167723973","2105705345","0.642157"
"109567448","1521543017","0.0588235"
"1521543017","109567448","0.0588235"
"109567448","1576229456","0.0588235"
"1576229456","109567448","0.0588235"
"109567448","1973365093","0.0588235"
"1973365093","109567448","0.0588235"
"109567448","1984600652","0.0588235"
"1984600652","109567448","0.0588235"
"109567448","2041321475","0.0588235"
"2041321475","109567448","0.0588235"
"109567448","2053994556","0.0588235"
"2053994556","109567448","0.0588235"
"109567448","2082751019","0.0588235"
"2082751019","109567448","0.0588235"
"109567448","2109744610","0.0588235"
"2109744610","109567448","0.0588235"
"109567448","2111235296","0.0588235"
"2111235296","109567448","0.0588235"
"109567448","2125658663","0.0588235"
"2125658663","109567448","0.0588235"
"109567448","2127577568","0.0588235"
"2127577568","109567448","0.0588235"
"109567448","2136725199","0.0588235"
"2136725199","109567448","0.0588235"
"109567448","2150306632","0.0588235"
"2150306632","109567448","0.0588235"
"109567448","2166255748","1.05882"
"2166255748","109567448","1.05882"
"1521543017","1576229456","0.392157"
"1576229456","1521543017","0.392157"
"1521543017","1973365093","0.0588235"
"1973365093","1521543017","0.0588235"
"1521543017","1984600652","0.0588235"
"1984600652","1521543017","0.0588235"
"1521543017","2041321475","0.0588235"
"2041321475","1521543017","0.0588235"
"1521543017","2053994556","0.392157"
"2053994556","1521543017","0.392157"
"1521543017","2071182165","0.0588235"
"2071182165","1521543017","0.0588235"
"1521543017","2082751019","0.0588235"
"2082751019","1521543017","0.0588235"
"1521543017","2105705345","0.0588235"
"2105705345","1521543017","0.0588235"
"1521543017","2109744610","0.0588235"
"2109744610","1521543017","0.0588235"
"1521543017","2111235296","0.0588235"
"2111235296","1521543017","0.0588235"
"1521543017","2125658663","0.0588235"
"2125658663","1521543017","0.0588235"
"1521543017","2127577568","0.0588235"
"2127577568","1521543017","0.0588235"
"1521543017","2136725199","0.0588235"
"2136725199","1521543017","0.0588235"
"1521543017","2150306632","0.0588235"
"2150306632","1521543017","0.0588235"
"1521543017","2166255748","0.392157"
"2166255748","1521543017","0.392157"
"1521543017","2167723973","0.392157"
"2167723973","1521543017","0.392157"
"1576229456","1973365093","0.0588235"
"1973365093","1576229456","0.0588235"
"1576229456","1984600652","0.0588235"
"1984600652","1576229456","0.0588235"
"1576229456","2041321475","1.72549"
"2041321475","1576229456","1.72549"
"1576229456","2053994556","3.3164"
"2053994556","1576229456","3.3164"
"1576229456","2071182165","1.05882"
"2071182165","1576229456","1.05882"
"1576229456","2082751019","0.0588235"
"2082751019","1576229456","0.0588235"
"1576229456","2105705345","0.0588235"
"2105705345","1576229456","0.0588235"
"1576229456","2109744610","0.149733"
"2109744610","1576229456","0.149733"
"1576229456","2111235296","0.0588235"
"2111235296","1576229456","0.0588235"
"1576229456","2125658663","0.149733"
"2125658663","1576229456","0.149733"
"1576229456","2127577568","0.0588235"
"2127577568","1576229456","0.0588235"
"1576229456","2136725199","0.0588235"
"2136725199","1576229456","0.0588235"
"1576229456","2150306632","0.816399"
"2150306632","1576229456","0.816399"
"1576229456","2166255748","0.649733"
"2166255748","1576229456","0.649733"
"1576229456","2167723973","0.483066"
"2167723973","1576229456","0.483066"
"1973365093","1984600652","0.0588235"
"1984600652","1973365093","0.0588235"
"1973365093","2041321475","1.05882"
"2041321475","1973365093","1.05882"
"1973365093","2053994556","0.72549"
"2053994556","1973365093","0.72549"
"1973365093","2071182165","0.72549"
"2071182165","1973365093","0.72549"
"1973365093","2082751019","0.0588235"
"2082751019","1973365093","0.0588235"
"1973365093","2105705345","0.0588235"
"2105705345","1973365093","0.0588235"
"1973365093","2109744610","0.0588235"
"2109744610","1973365093","0.0588235"
"1973365093","2111235296","0.0588235"
"2111235296","1973365093","0.0588235"
"1973365093","2125658663","0.0588235"
"2125658663","1973365093","0.0588235"
"1973365093","2127577568","1.05882"
"2127577568","1973365093","1.05882"
"1973365093","2136725199","0.0588235"
"2136725199","1973365093","0.0588235"
"1973365093","2150306632","0.0588235"
"2150306632","1973365093","0.0588235"
"1973365093","2166255748","0.72549"
"2166255748","1973365093","0.72549"
"1973365093","2167723973","0.0588235"
"2167723973","1973365093","0.0588235"
"1984600652","2041321475","0.392157"
"2041321475","1984600652","0.392157"
"1984600652","2053994556","0.0588235"
"2053994556","1984600652","0.0588235"
"1984600652","2071182165","1.05882"
"2071182165","1984600652","1.05882"
"1984600652","2082751019","0.0588235"
"2082751019","1984600652","0.0588235"
"1984600652","2105705345","0.0588235"
"2105705345","1984600652","0.0588235"
"1984600652","2109744610","0.0588235"
"2109744610","1984600652","0.0588235"
"1984600652","2111235296","0.0588235"
"2111235296","1984600652","0.0588235"
"1984600652","2125658663","0.0588235"
"2125658663","1984600652","0.0588235"
"1984600652","2127577568","0.0588235"
"2127577568","1984600652","0.0588235"
"1984600652","2136725199","0.0588235"
"2136725199","1984600652","0.0588235"
"1984600652","2150306632","0.392157"
"2150306632","1984600652","0.392157"
"1984600652","2166255748","0.392157"
"2166255748","1984600652","0.392157"
"1984600652","2167723973","0.0588235"
"2167723973","1984600652","0.0588235"
"2041321475","2053994556","1.72549"
"2053994556","2041321475","1.72549"
"2041321475","2071182165","2.05882"
"2071182165","2041321475","2.05882"
"2041321475","2082751019","0.0588235"
"2082751019","2041321475","0.0588235"
"2041321475","2105705345","0.558824"
"2105705345","2041321475","0.558824"
"2041321475","2109744610","0.892157"
"2109744610","2041321475","0.892157"
"2041321475","2111235296","0.0588235"
"2111235296","2041321475","0.0588235"
"2041321475","2125658663","1.55882"
"2125658663","2041321475","1.55882"
"2041321475","2127577568","0.0588235"
"2127577568","2041321475","0.0588235"
"2041321475","2136725199","0.0588235"
"2136725199","2041321475","0.0588235"
"2041321475","2150306632","7.89216"
"2150306632","2041321475","7.89216"
"2041321475","2166255748","2.39216"
"2166255748","2041321475","2.39216"
"2041321475","2167723973","0.0588235"
"2167723973","2041321475","0.0588235"
"2053994556","2071182165","1.72549"
"2071182165","2053994556","1.72549"
"2053994556","2082751019","0.0588235"
"2082751019","2053994556","0.0588235"
"2053994556","2105705345","0.0588235"
"2105705345","2053994556","0.0588235"
"2053994556","2109744610","0.149733"
"2109744610","2053994556","0.149733"
"2053994556","2111235296","0.0588235"
"2111235296","2053994556","0.0588235"
"2053994556","2125658663","0.149733"
"2125658663","2053994556","0.149733"
"2053994556","2127577568","0.0588235"
"2127577568","2053994556","0.0588235"
"2053994556","2136725199","0.0588235"
"2136725199","2053994556","0.0588235"
"2053994556","2150306632","0.816399"
"2150306632","2053994556","0.816399"
"2053994556","2166255748","3.14973"
"2166255748","2053994556","3.14973"
"2053994556","2167723973","1.14973"
"2167723973","2053994556","1.14973"
"2071182165","2082751019","0.0588235"
"2082751019","2071182165","0.0588235"
"2071182165","2109744610","1.39216"
"2109744610","2071182165","1.39216"
"2071182165","2111235296","0.0588235"
"2111235296","2071182165","0.0588235"
"2071182165","2125658663","1.89216"
"2125658663","2071182165","1.89216"
"2071182165","2127577568","0.22549"
"2127577568","2071182165","0.22549"
"2071182165","2136725199","0.0588235"
"2136725199","2071182165","0.0588235"
"2071182165","2150306632","10.8922"
"2150306632","2071182165","10.8922"
"2071182165","2166255748","2.64216"
"2166255748","2071182165","2.64216"
"2082751019","2105705345","0.0588235"
"2105705345","2082751019","0.0588235"
"2082751019","2109744610","1.05882"
"2109744610","2082751019","1.05882"
"2082751019","2111235296","0.0588235"
"2111235296","2082751019","0.0588235"
"2082751019","2125658663","0.0588235"
"2125658663","2082751019","0.0588235"
"2082751019","2127577568","1.05882"
"2127577568","2082751019","1.05882"
"2082751019","2136725199","3.55882"
"2136725199","2082751019","3.55882"
"2082751019","2150306632","0.0588235"
"2150306632","2082751019","0.0588235"
"2082751019","2166255748","0.0588235"
"2166255748","2082751019","0.0588235"
"2082751019","2167723973","0.0588235"
"2167723973","2082751019","0.0588235"
"2105705345","2109744610","1.05882"
"2109744610","2105705345","1.05882"
"2105705345","2111235296","0.0588235"
"2111235296","2105705345","0.0588235"
"2105705345","2125658663","0.558824"
"2125658663","2105705345","0.558824"
"2105705345","2127577568","0.0588235"
"2127577568","2105705345","0.0588235"
"2105705345","2136725199","0.0588235"
"2136725199","2105705345","0.0588235"
"2105705345","2150306632","0.0588235"
"2150306632","2105705345","0.0588235"
"2105705345","2166255748","0.308824"
"2166255748","2105705345","0.308824"
"2109744610","2111235296","0.0588235"
"2111235296","2109744610","0.0588235"
"2109744610","2125658663","0.483066"
"2125658663","2109744610","0.483066"
"2109744610","2127577568","1.22549"
"2127577568","2109744610","1.22549"
"2109744610","2136725199","0.0588235"
"2136725199","2109744610","0.0588235"
"2109744610","2150306632","3.8164"
"2150306632","2109744610","3.8164"
"2109744610","2166255748","0.316399"
"2166255748","2109744610","0.316399"
"2109744610","2167723973","0.649733"
"2167723973","2109744610","0.649733"
"2111235296","2125658663","0.0588235"
"2125658663","2111235296","0.0588235"
"2111235296","2127577568","0.0588235"
"2127577568","2111235296","0.0588235"
"2111235296","2136725199","0.0588235"
"2136725199","2111235296","0.0588235"
"2111235296","2150306632","0.0588235"
"2150306632","2111235296","0.0588235"
"2111235296","2166255748","0.0588235"
"2166255748","2111235296","0.0588235"
"2111235296","2167723973","0.0588235"
"2167723973","2111235296","0.0588235"
"2125658663","2127577568","0.22549"
"2127577568","2125658663","0.22549"
"2125658663","2136725199","0.0588235"
"2136725199","2125658663","0.0588235"
"2125658663","2150306632","0.983066"
"2150306632","2125658663","0.983066"
"2125658663","2166255748","0.316399"
"2166255748","2125658663","0.316399"
"2125658663","2167723973","0.149733"
"2167723973","2125658663","0.149733"
"2127577568","2136725199","0.0588235"
"2136725199","2127577568","0.0588235"
"2127577568","2150306632","0.22549"
"2150306632","2127577568","0.22549"
"2127577568","2166255748","0.22549"
"2166255748","2127577568","0.22549"
"2127577568","2167723973","0.0588235"
"2167723973","2127577568","0.0588235"
"2136725199","2150306632","0.0588235"
"2150306632","2136725199","0.0588235"
"2136725199","2166255748","0.0588235"
"2166255748","2136725199","0.0588235"
"2136725199","2167723973","0.0588235"
"2167723973","2136725199","0.0588235"
"2150306632","2166255748","0.649733"
"2166255748","2150306632","0.649733"
"2150306632","2167723973","1.64973"
"2167723973","2150306632","1.64973"
"2166255748","2167723973","0.649733"
"2167723973","2166255748","0.649733"
"109567448","2052404562","0.25"
"2052404562","109567448","0.25"
"109567448","2066295403","0.25"
"2066295403","109567448","0.25"
"2052404562","2066295403","1.25"
"2066295403","2052404562","1.25"
"2052404562","2105705345","0.25"
"2105705345","2052404562","0.25"
"2052404562","2167723973","0.25"
"2167723973","2052404562","0.25"
"2066295403","2105705345","0.25"
"2105705345","2066295403","0.25"
"2066295403","2167723973","0.25"
"2167723973","2066295403","0.25"
"1521543017","2010285037","0.333333"
"2010285037","1521543017","0.333333"
"1576229456","2010285037","0.333333"
"2010285037","1576229456","0.333333"
"2010285037","2167723973","0.333333"
"2167723973","2010285037","0.333333"
"1521543017","2277001631","1"
"2277001631","1521543017","1"
"1521543017","2048539114","0.333333"
"2048539114","1521543017","0.333333"
"2048539114","2053994556","0.924242"
"2053994556","2048539114","0.924242"
"2048539114","2166255748","0.424242"
"2166255748","2048539114","0.424242"
"1576229456","1966635846","0.0909091"
"1966635846","1576229456","0.0909091"
"1576229456","2048539114","0.0909091"
"2048539114","1576229456","0.0909091"
"1576229456","2140868713","0.0909091"
"2140868713","1576229456","0.0909091"
"1576229456","2244367971","0.0909091"
"2244367971","1576229456","0.0909091"
"1576229456","2732038601","0.0909091"
"2732038601","1576229456","0.0909091"
"1966635846","2048539114","0.0909091"
"2048539114","1966635846","0.0909091"
"1966635846","2053994556","0.0909091"
"2053994556","1966635846","0.0909091"
"1966635846","2109744610","0.924242"
"2109744610","1966635846","0.924242"
"1966635846","2125658663","0.424242"
"2125658663","1966635846","0.424242"
"1966635846","2140868713","1.25758"
"2140868713","1966635846","1.25758"
"1966635846","2150306632","1.42424"
"2150306632","1966635846","1.42424"
"1966635846","2166255748","0.257576"
"2166255748","1966635846","0.257576"
"1966635846","2167723973","0.0909091"
"2167723973","1966635846","0.0909091"
"1966635846","2244367971","0.0909091"
"2244367971","1966635846","0.0909091"
"1966635846","2732038601","0.0909091"
"2732038601","1966635846","0.0909091"
"2048539114","2109744610","0.0909091"
"2109744610","2048539114","0.0909091"
"2048539114","2125658663","0.0909091"
"2125658663","2048539114","0.0909091"
"2048539114","2140868713","0.590909"
"2140868713","2048539114","0.590909"
"2048539114","2150306632","0.0909091"
"2150306632","2048539114","0.0909091"
"2048539114","2167723973","0.0909091"
"2167723973","2048539114","0.0909091"
"2048539114","2244367971","0.0909091"
"2244367971","2048539114","0.0909091"
"2048539114","2732038601","0.0909091"
"2732038601","2048539114","0.0909091"
"2053994556","2140868713","2.09091"
"2140868713","2053994556","2.09091"
"2053994556","2244367971","0.0909091"
"2244367971","2053994556","0.0909091"
"2053994556","2732038601","0.0909091"
"2732038601","2053994556","0.0909091"
"2109744610","2140868713","0.590909"
"2140868713","2109744610","0.590909"
"2109744610","2244367971","0.0909091"
"2244367971","2109744610","0.0909091"
"2109744610","2732038601","0.0909091"
"2732038601","2109744610","0.0909091"
"2125658663","2140868713","0.257576"
"2140868713","2125658663","0.257576"
"2125658663","2244367971","0.0909091"
"2244367971","2125658663","0.0909091"
"2125658663","2732038601","0.0909091"
"2732038601","2125658663","0.0909091"
"2140868713","2150306632","4.34091"
"2150306632","2140868713","4.34091"
"2140868713","2166255748","2.84091"
"2166255748","2140868713","2.84091"
"2140868713","2167723973","0.0909091"
"2167723973","2140868713","0.0909091"
"2140868713","2244367971","0.0909091"
"2244367971","2140868713","0.0909091"
"2140868713","2732038601","0.0909091"
"2732038601","2140868713","0.0909091"
"2150306632","2244367971","0.0909091"
"2244367971","2150306632","0.0909091"
"2150306632","2732038601","0.0909091"
"2732038601","2150306632","0.0909091"
"2166255748","2244367971","0.0909091"
"2244367971","2166255748","0.0909091"
"2166255748","2732038601","0.0909091"
"2732038601","2166255748","0.0909091"
"2167723973","2244367971","0.0909091"
"2244367971","2167723973","0.0909091"
"2167723973","2732038601","0.0909091"
"2732038601","2167723973","0.0909091"
"2244367971","2732038601","0.0909091"
"2732038601","2244367971","0.0909091"
"1686183535","2082751019","1"
"2082751019","1686183535","1"
"1966635846","2082751019","1.16667"
"2082751019","1966635846","1.16667"
"1966635846","2110802487","0.833333"
"2110802487","1966635846","0.833333"
"1966635846","2136725199","1.16667"
"2136725199","1966635846","1.16667"
"2082751019","2110802487","1"
"2110802487","2082751019","1"
"2110802487","2136725199","1"
"2136725199","2110802487","1"
"1966635846","2010285037","0.5"
"2010285037","1966635846","0.5"
"2010285037","2109744610","0.5"
"2109744610","2010285037","0.5"
"1966635846","2071182165","0.333333"
"2071182165","1966635846","0.333333"
"2071182165","2110802487","0.166667"
"2110802487","2071182165","0.166667"
"2071182165","2140868713","0.916667"
"2140868713","2071182165","0.916667"
"2109744610","2110802487","0.166667"
"2110802487","2109744610","0.166667"
"2110802487","2125658663","0.166667"
"2125658663","2110802487","0.166667"
"2110802487","2140868713","0.166667"
"2140868713","2110802487","0.166667"
"2110802487","2150306632","0.166667"
"2150306632","2110802487","0.166667"
"1966635846","2127577568","0.166667"
"2127577568","1966635846","0.166667"
"1966635846","2100964723","1"
"2100964723","1966635846","1"
"1983382150","2017693553","2"
"2017693553","1983382150","2"
"2002939146","2130582128","5"
"2130582128","2002939146","5"
"2002939146","2150306632","1.25"
"2150306632","2002939146","1.25"
"2002939146","2098572995","0.583333"
"2098572995","2002939146","0.583333"
"2002939146","2140868713","0.583333"
"2140868713","2002939146","0.583333"
"2002939146","2167184189","0.583333"
"2167184189","2002939146","0.583333"
"2098572995","2140868713","0.583333"
"2140868713","2098572995","0.583333"
"2098572995","2150306632","0.25"
"2150306632","2098572995","0.25"
"2098572995","2167184189","0.583333"
"2167184189","2098572995","0.583333"
"2140868713","2167184189","0.583333"
"2167184189","2140868713","0.583333"
"2150306632","2167184189","0.25"
"2167184189","2150306632","0.25"
"2002939146","2109744610","1"
"2109744610","2002939146","1"
"2010285037","2071182165","1.25"
"2071182165","2010285037","1.25"
"2010285037","2100964723","1"
"2100964723","2010285037","1"
"2010285037","2105705345","0.25"
"2105705345","2010285037","0.25"
"2010285037","2140868713","0.25"
"2140868713","2010285037","0.25"
"2010285037","2166255748","0.25"
"2166255748","2010285037","0.25"
"2105705345","2140868713","0.25"
"2140868713","2105705345","0.25"
"2013706351","2049727950","1"
"2049727950","2013706351","1"
"2017693553","2082751019","1"
"2082751019","2017693553","1"
"2041321475","2140868713","0.333333"
"2140868713","2041321475","0.333333"
"2049727950","2150306632","1"
"2150306632","2049727950","1"
"2049727950","2052404562","1.5"
"2052404562","2049727950","1.5"
"2049727950","2109744610","0.5"
"2109744610","2049727950","0.5"
"2052404562","2109744610","0.5"
"2109744610","2052404562","0.5"
"2052404562","2150306632","1"
"2150306632","2052404562","1"
"2052404562","2277001631","1"
"2277001631","2052404562","1"
"2071182165","2160500406","1.5"
"2160500406","2071182165","1.5"
"2150306632","2160500406","0.5"
"2160500406","2150306632","0.5"
"2082751019","2167184189","1"
"2167184189","2082751019","1"
"2082751019","2401459105","0.333333"
"2401459105","2082751019","0.333333"
"2110802487","2401459105","0.333333"
"2401459105","2110802487","0.333333"
"2136725199","2401459105","0.333333"
"2401459105","2136725199","0.333333"
"2098572995","2130582128","1"
"2130582128","2098572995","1"
"2098572995","2100964723","1"
"2100964723","2098572995","1"
"2100964723","2167184189","2"
"2167184189","2100964723","2"
"2109744610","2401459105","1"
"2401459105","2109744610","1"
"2109744610","2763920626","1"
"2763920626","2109744610","1"
"2110802487","2127577568","1"
"2127577568","2110802487","1"
"2127577568","2167184189","1"
"2167184189","2127577568","1"
"2130582128","2763920626","2"
"2763920626","2130582128","2"
"2136725199","2167184189","1"
"2167184189","2136725199","1"
"2143679371","2150306632","1"
"2150306632","2143679371","1"
"2167723973","2744202812","1"
"2744202812","2167723973","1"
"2277001631","2463239836","1"
"2463239836","2277001631","1"
"2277001631","2977682533","1"
"2977682533","2277001631","1"
"2463239836","2977682533","2"
"2977682533","2463239836","2"
