"102770551","2036254310","2"
"2036254310","102770551","2"
"102770551","1499751726","1.83333"
"1499751726","102770551","1.83333"
"102770551","2002699719","2.66667"
"2002699719","102770551","2.66667"
"102770551","2120953715","0.333333"
"2120953715","102770551","0.333333"
"2002699719","2036254310","2.66667"
"2036254310","2002699719","2.66667"
"2002699719","2120953715","1.66667"
"2120953715","2002699719","1.66667"
"2036254310","2120953715","0.333333"
"2120953715","2036254310","0.333333"
"102770551","2076896788","0.333333"
"2076896788","102770551","0.333333"
"1499751726","2036254310","0.833333"
"2036254310","1499751726","0.833333"
"1499751726","2076896788","0.333333"
"2076896788","1499751726","0.333333"
"2036254310","2076896788","1.33333"
"2076896788","2036254310","1.33333"
"102770551","2163509922","1"
"2163509922","102770551","1"
"102770551","2005925215","0.833333"
"2005925215","102770551","0.833333"
"1499751726","2005925215","0.5"
"2005925215","1499751726","0.5"
"2002699719","2005925215","0.333333"
"2005925215","2002699719","0.333333"
"2005925215","2036254310","0.333333"
"2036254310","2005925215","0.333333"
"108140294","1490259388","3"
"1490259388","108140294","3"
"108140294","2046466923","5.16667"
"2046466923","108140294","5.16667"
"108140294","1973477315","5.66667"
"1973477315","108140294","5.66667"
"108140294","2168924105","4.66667"
"2168924105","108140294","4.66667"
"2046466923","2168924105","20.7567"
"2168924105","2046466923","20.7567"
"1973477315","2046466923","24.1762"
"2046466923","1973477315","24.1762"
"1973477315","2168924105","15.1381"
"2168924105","1973477315","15.1381"
"108140294","2169294099","0.5"
"2169294099","108140294","0.5"
"1973477315","2169294099","4.75952"
"2169294099","1973477315","4.75952"
"108140294","1918878574","1"
"1918878574","108140294","1"
"108140294","1985933438","1"
"1985933438","108140294","1"
"114843461","2169294099","1"
"2169294099","114843461","1"
"1482879895","2083649271","2.14835"
"2083649271","1482879895","2.14835"
"1482879895","1516047904","0.148352"
"1516047904","1482879895","0.148352"
"1482879895","1564436296","0.148352"
"1564436296","1482879895","0.148352"
"1482879895","1597825602","0.0714286"
"1597825602","1482879895","0.0714286"
"1482879895","1978932592","0.148352"
"1978932592","1482879895","0.148352"
"1482879895","1980003077","0.148352"
"1980003077","1482879895","0.148352"
"1482879895","1980031143","0.148352"
"1980031143","1482879895","0.148352"
"1482879895","1995620802","0.148352"
"1995620802","1482879895","0.148352"
"1482879895","2046466923","0.148352"
"2046466923","1482879895","0.148352"
"1482879895","2048963798","0.148352"
"2048963798","1482879895","0.148352"
"1482879895","2056107463","0.148352"
"2056107463","1482879895","0.148352"
"1482879895","2076033542","0.148352"
"2076033542","1482879895","0.148352"
"1482879895","2168924105","0.148352"
"2168924105","1482879895","0.148352"
"1482879895","2553709183","0.148352"
"2553709183","1482879895","0.148352"
"1516047904","1564436296","0.348352"
"1564436296","1516047904","0.348352"
"1516047904","1597825602","0.0714286"
"1597825602","1516047904","0.0714286"
"1516047904","1978932592","0.148352"
"1978932592","1516047904","0.148352"
"1516047904","1980003077","1.14835"
"1980003077","1516047904","1.14835"
"1516047904","1980031143","0.473352"
"1980031143","1516047904","0.473352"
"1516047904","1995620802","7.57811"
"1995620802","1516047904","7.57811"
"1516047904","2046466923","0.148352"
"2046466923","1516047904","0.148352"
"1516047904","2048963798","20.2067"
"2048963798","1516047904","20.2067"
"1516047904","2056107463","0.148352"
"2056107463","1516047904","0.148352"
"1516047904","2076033542","0.148352"
"2076033542","1516047904","0.148352"
"1516047904","2083649271","1.34478"
"2083649271","1516047904","1.34478"
"1516047904","2168924105","1.61978"
"2168924105","1516047904","1.61978"
"1516047904","2553709183","0.21978"
"2553709183","1516047904","0.21978"
"1564436296","1597825602","0.0714286"
"1597825602","1564436296","0.0714286"
"1564436296","1978932592","0.148352"
"1978932592","1564436296","0.148352"
"1564436296","1980003077","0.148352"
"1980003077","1564436296","0.148352"
"1564436296","1980031143","0.148352"
"1980031143","1564436296","0.148352"
"1564436296","1995620802","0.148352"
"1995620802","1564436296","0.148352"
"1564436296","2046466923","0.148352"
"2046466923","1564436296","0.148352"
"1564436296","2048963798","1.82454"
"2048963798","1564436296","1.82454"
"1564436296","2056107463","0.291209"
"2056107463","1564436296","0.291209"
"1564436296","2076033542","0.148352"
"2076033542","1564436296","0.148352"
"1564436296","2083649271","0.148352"
"2083649271","1564436296","0.148352"
"1564436296","2168924105","0.348352"
"2168924105","1564436296","0.348352"
"1564436296","2553709183","0.592796"
"2553709183","1564436296","0.592796"
"1597825602","1978932592","0.0714286"
"1978932592","1597825602","0.0714286"
"1597825602","1980003077","0.0714286"
"1980003077","1597825602","0.0714286"
"1597825602","1980031143","0.0714286"
"1980031143","1597825602","0.0714286"
"1597825602","1995620802","0.0714286"
"1995620802","1597825602","0.0714286"
"1597825602","2046466923","0.0714286"
"2046466923","1597825602","0.0714286"
"1597825602","2048963798","0.0714286"
"2048963798","1597825602","0.0714286"
"1597825602","2056107463","0.0714286"
"2056107463","1597825602","0.0714286"
"1597825602","2076033542","0.0714286"
"2076033542","1597825602","0.0714286"
"1597825602","2083649271","0.0714286"
"2083649271","1597825602","0.0714286"
"1597825602","2168924105","0.0714286"
"2168924105","1597825602","0.0714286"
"1597825602","2553709183","0.0714286"
"2553709183","1597825602","0.0714286"
"1978932592","1980003077","0.148352"
"1980003077","1978932592","0.148352"
"1978932592","1980031143","0.148352"
"1980031143","1978932592","0.148352"
"1978932592","1995620802","0.148352"
"1995620802","1978932592","0.148352"
"1978932592","2046466923","0.148352"
"2046466923","1978932592","0.148352"
"1978932592","2048963798","1.14835"
"2048963798","1978932592","1.14835"
"1978932592","2056107463","0.148352"
"2056107463","1978932592","0.148352"
"1978932592","2076033542","0.148352"
"2076033542","1978932592","0.148352"
"1978932592","2083649271","0.148352"
"2083649271","1978932592","0.148352"
"1978932592","2168924105","0.148352"
"2168924105","1978932592","0.148352"
"1978932592","2553709183","0.148352"
"2553709183","1978932592","0.148352"
"1980003077","1980031143","0.481685"
"1980031143","1980003077","0.481685"
"1980003077","1995620802","1.48168"
"1995620802","1980003077","1.48168"
"1980003077","2046466923","1.14835"
"2046466923","1980003077","1.14835"
"1980003077","2048963798","0.148352"
"2048963798","1980003077","0.148352"
"1980003077","2056107463","1.48168"
"2056107463","1980003077","1.48168"
"1980003077","2076033542","0.231685"
"2076033542","1980003077","0.231685"
"1980003077","2083649271","3.48168"
"2083649271","1980003077","3.48168"
"1980003077","2168924105","0.231685"
"2168924105","1980003077","0.231685"
"1980003077","2553709183","0.148352"
"2553709183","1980003077","0.148352"
"1980031143","1995620802","10.0995"
"1995620802","1980031143","10.0995"
"1980031143","2046466923","0.148352"
"2046466923","1980031143","0.148352"
"1980031143","2048963798","0.940018"
"2048963798","1980031143","0.940018"
"1980031143","2056107463","0.931685"
"2056107463","1980031143","0.931685"
"1980031143","2076033542","0.898352"
"2076033542","1980031143","0.898352"
"1980031143","2083649271","2.27335"
"2083649271","1980031143","2.27335"
"1980031143","2168924105","0.231685"
"2168924105","1980031143","0.231685"
"1980031143","2553709183","0.148352"
"2553709183","1980031143","0.148352"
"1995620802","2046466923","0.291209"
"2046466923","1995620802","0.291209"
"1995620802","2048963798","1.39399"
"2048963798","1995620802","1.39399"
"1995620802","2056107463","1.06502"
"2056107463","1995620802","1.06502"
"1995620802","2076033542","1.89835"
"2076033542","1995620802","1.89835"
"1995620802","2083649271","8.46542"
"2083649271","1995620802","8.46542"
"1995620802","2168924105","0.414225"
"2168924105","1995620802","0.414225"
"1995620802","2553709183","1.21978"
"2553709183","1995620802","1.21978"
"2046466923","2048963798","0.866209"
"2048963798","2046466923","0.866209"
"2046466923","2056107463","0.848352"
"2056107463","2046466923","0.848352"
"2046466923","2076033542","1.64835"
"2076033542","2046466923","1.64835"
"2046466923","2083649271","0.291209"
"2083649271","2046466923","0.291209"
"2046466923","2553709183","1.14835"
"2553709183","2046466923","1.14835"
"2048963798","2056107463","0.291209"
"2056107463","2048963798","0.291209"
"2048963798","2076033542","0.815018"
"2076033542","2048963798","0.815018"
"2048963798","2083649271","1.52732"
"2083649271","2048963798","1.52732"
"2048963798","2168924105","2.23446"
"2168924105","2048963798","2.23446"
"2048963798","2553709183","0.815018"
"2553709183","2048963798","0.815018"
"2056107463","2076033542","12.2317"
"2076033542","2056107463","12.2317"
"2056107463","2083649271","3.39835"
"2083649271","2056107463","3.39835"
"2056107463","2168924105","0.431685"
"2168924105","2056107463","0.431685"
"2056107463","2553709183","0.148352"
"2553709183","2056107463","0.148352"
"2076033542","2083649271","1.23168"
"2083649271","2076033542","1.23168"
"2076033542","2168924105","0.231685"
"2168924105","2076033542","0.231685"
"2076033542","2553709183","0.148352"
"2553709183","2076033542","0.148352"
"2083649271","2168924105","0.914225"
"2168924105","2083649271","0.914225"
"2083649271","2553709183","1.05311"
"2553709183","2083649271","1.05311"
"2168924105","2553709183","1.21978"
"2553709183","2168924105","1.21978"
"1490259388","2168924105","12.125"
"2168924105","1490259388","12.125"
"1490259388","1973477315","2.66667"
"1973477315","1490259388","2.66667"
"1490259388","2046466923","2.29167"
"2046466923","1490259388","2.29167"
"1490259388","2163509922","0.5"
"2163509922","1490259388","0.5"
"2163509922","2168924105","1"
"2168924105","2163509922","1"
"1490259388","1998575585","0.325"
"1998575585","1490259388","0.325"
"1490259388","2003623337","0.125"
"2003623337","1490259388","0.125"
"1490259388","2048963798","0.125"
"2048963798","1490259388","0.125"
"1490259388","2057229779","0.325"
"2057229779","1490259388","0.325"
"1490259388","2109324000","0.125"
"2109324000","1490259388","0.125"
"1490259388","2169294099","0.791667"
"2169294099","1490259388","0.791667"
"1998575585","2003623337","0.236111"
"2003623337","1998575585","0.236111"
"1998575585","2046466923","0.125"
"2046466923","1998575585","0.125"
"1998575585","2048963798","0.902778"
"2048963798","1998575585","0.902778"
"1998575585","2057229779","0.886111"
"2057229779","1998575585","0.886111"
"1998575585","2109324000","0.569444"
"2109324000","1998575585","0.569444"
"1998575585","2168924105","0.236111"
"2168924105","1998575585","0.236111"
"1998575585","2169294099","13.8361"
"2169294099","1998575585","13.8361"
"2003623337","2046466923","0.125"
"2046466923","2003623337","0.125"
"2003623337","2048963798","1.37897"
"2048963798","2003623337","1.37897"
"2003623337","2057229779","0.125"
"2057229779","2003623337","0.125"
"2003623337","2109324000","5.26786"
"2109324000","2003623337","5.26786"
"2003623337","2168924105","0.236111"
"2168924105","2003623337","0.236111"
"2003623337","2169294099","0.569444"
"2169294099","2003623337","0.569444"
"2046466923","2057229779","0.575"
"2057229779","2046466923","0.575"
"2046466923","2109324000","2.125"
"2109324000","2046466923","2.125"
"2046466923","2169294099","5.26786"
"2169294099","2046466923","5.26786"
"2048963798","2057229779","2.2"
"2057229779","2048963798","2.2"
"2048963798","2109324000","4.42619"
"2109324000","2048963798","4.42619"
"2048963798","2169294099","0.378968"
"2169294099","2048963798","0.378968"
"2057229779","2109324000","0.361111"
"2109324000","2057229779","0.361111"
"2057229779","2168924105","0.646429"
"2168924105","2057229779","0.646429"
"2057229779","2169294099","0.325"
"2169294099","2057229779","0.325"
"2109324000","2168924105","1.625"
"2168924105","2109324000","1.625"
"2109324000","2169294099","0.958333"
"2169294099","2109324000","0.958333"
"2168924105","2169294099","1.56944"
"2169294099","2168924105","1.56944"
"1490259388","1516047904","2.33333"
"1516047904","1490259388","2.33333"
"1490259388","1567351366","2.86667"
"1567351366","1490259388","2.86667"
"1516047904","1567351366","0.333333"
"1567351366","1516047904","0.333333"
"1516047904","1973477315","1.10476"
"1973477315","1516047904","1.10476"
"1567351366","1973477315","5.89286"
"1973477315","1567351366","5.89286"
"1490259388","2553709183","1"
"2553709183","1490259388","1"
"1490259388","1492495719","3.5"
"1492495719","1490259388","3.5"
"1490259388","1672932266","2.5"
"1672932266","1490259388","2.5"
"1490259388","2030117220","0.2"
"2030117220","1490259388","0.2"
"1490259388","4487788","0.2"
"4487788","1490259388","0.2"
"1567351366","1998575585","2.23333"
"1998575585","1567351366","2.23333"
"1567351366","2030117220","1.65238"
"2030117220","1567351366","1.65238"
"1567351366","2057229779","0.533333"
"2057229779","1567351366","0.533333"
"1567351366","4487788","2.79286"
"4487788","1567351366","2.79286"
"1998575585","2030117220","2.15"
"2030117220","1998575585","2.15"
"1998575585","4487788","0.9"
"4487788","1998575585","0.9"
"2030117220","2057229779","0.471429"
"2057229779","2030117220","0.471429"
"2030117220","4487788","0.342857"
"4487788","2030117220","0.342857"
"2057229779","4487788","0.7"
"4487788","2057229779","0.7"
"1490259388","1918878574","2.33333"
"1918878574","1490259388","2.33333"
"1492495719","1918878574","0.842857"
"1918878574","1492495719","0.842857"
"1492495719","1672932266","15"
"1672932266","1492495719","15"
"1490259388","2081950716","0.833333"
"2081950716","1490259388","0.833333"
"1918878574","2081950716","0.833333"
"2081950716","1918878574","0.833333"
"1567351366","2169294099","7.92619"
"2169294099","1567351366","7.92619"
"1490259388","2005427824","0.333333"
"2005427824","1490259388","0.333333"
"1918878574","2005427824","13.6595"
"2005427824","1918878574","13.6595"
"2005427824","2081950716","0.333333"
"2081950716","2005427824","0.333333"
"1490259388","2078937965","0.5"
"2078937965","1490259388","0.5"
"1492495719","2078937965","0.5"
"2078937965","1492495719","0.5"
"1490259388","2000149314","1"
"2000149314","1490259388","1"
"1492495719","1516047904","1.07143"
"1516047904","1492495719","1.07143"
"1492495719","1815889469","0.0714286"
"1815889469","1492495719","0.0714286"
"1492495719","1973477315","0.0714286"
"1973477315","1492495719","0.0714286"
"1492495719","1985343852","0.0714286"
"1985343852","1492495719","0.0714286"
"1492495719","1995620802","1.21429"
"1995620802","1492495719","1.21429"
"1492495719","2017539821","0.214286"
"2017539821","1492495719","0.214286"
"1492495719","2030117220","0.0714286"
"2030117220","1492495719","0.0714286"
"1492495719","2051399625","0.0714286"
"2051399625","1492495719","0.0714286"
"1492495719","2057229779","0.0714286"
"2057229779","1492495719","0.0714286"
"1492495719","2083649271","0.214286"
"2083649271","1492495719","0.214286"
"1492495719","2112822585","0.0714286"
"2112822585","1492495719","0.0714286"
"1492495719","2150173247","0.0714286"
"2150173247","1492495719","0.0714286"
"1492495719","2168924105","0.0714286"
"2168924105","1492495719","0.0714286"
"1492495719","2553709183","0.571429"
"2553709183","1492495719","0.571429"
"1516047904","1815889469","0.571429"
"1815889469","1516047904","0.571429"
"1516047904","1985343852","0.0714286"
"1985343852","1516047904","0.0714286"
"1516047904","2017539821","0.0714286"
"2017539821","1516047904","0.0714286"
"1516047904","2030117220","0.0714286"
"2030117220","1516047904","0.0714286"
"1516047904","2051399625","0.0714286"
"2051399625","1516047904","0.0714286"
"1516047904","2057229779","0.196429"
"2057229779","1516047904","0.196429"
"1516047904","2112822585","0.0714286"
"2112822585","1516047904","0.0714286"
"1516047904","2150173247","0.0714286"
"2150173247","1516047904","0.0714286"
"1815889469","1973477315","0.0714286"
"1973477315","1815889469","0.0714286"
"1815889469","1985343852","0.0714286"
"1985343852","1815889469","0.0714286"
"1815889469","1995620802","5.54921"
"1995620802","1815889469","5.54921"
"1815889469","2017539821","0.0714286"
"2017539821","1815889469","0.0714286"
"1815889469","2030117220","0.0714286"
"2030117220","1815889469","0.0714286"
"1815889469","2051399625","1.79762"
"2051399625","1815889469","1.79762"
"1815889469","2057229779","0.0714286"
"2057229779","1815889469","0.0714286"
"1815889469","2083649271","3.84921"
"2083649271","1815889469","3.84921"
"1815889469","2112822585","0.571429"
"2112822585","1815889469","0.571429"
"1815889469","2150173247","0.0714286"
"2150173247","1815889469","0.0714286"
"1815889469","2168924105","3.26587"
"2168924105","1815889469","3.26587"
"1815889469","2553709183","0.0714286"
"2553709183","1815889469","0.0714286"
"1973477315","1985343852","0.0714286"
"1985343852","1973477315","0.0714286"
"1973477315","1995620802","0.0714286"
"1995620802","1973477315","0.0714286"
"1973477315","2017539821","0.0714286"
"2017539821","1973477315","0.0714286"
"1973477315","2030117220","0.547619"
"2030117220","1973477315","0.547619"
"1973477315","2051399625","0.0714286"
"2051399625","1973477315","0.0714286"
"1973477315","2057229779","0.18254"
"2057229779","1973477315","0.18254"
"1973477315","2083649271","0.0714286"
"2083649271","1973477315","0.0714286"
"1973477315","2112822585","0.0714286"
"2112822585","1973477315","0.0714286"
"1973477315","2150173247","0.0714286"
"2150173247","1973477315","0.0714286"
"1973477315","2553709183","0.715873"
"2553709183","1973477315","0.715873"
"1985343852","1995620802","0.0714286"
"1995620802","1985343852","0.0714286"
"1985343852","2017539821","0.0714286"
"2017539821","1985343852","0.0714286"
"1985343852","2030117220","0.238095"
"2030117220","1985343852","0.238095"
"1985343852","2051399625","0.0714286"
"2051399625","1985343852","0.0714286"
"1985343852","2057229779","0.0714286"
"2057229779","1985343852","0.0714286"
"1985343852","2083649271","0.0714286"
"2083649271","1985343852","0.0714286"
"1985343852","2112822585","0.0714286"
"2112822585","1985343852","0.0714286"
"1985343852","2150173247","0.0714286"
"2150173247","1985343852","0.0714286"
"1985343852","2168924105","0.0714286"
"2168924105","1985343852","0.0714286"
"1985343852","2553709183","0.0714286"
"2553709183","1985343852","0.0714286"
"1995620802","2017539821","0.214286"
"2017539821","1995620802","0.214286"
"1995620802","2030117220","0.0714286"
"2030117220","1995620802","0.0714286"
"1995620802","2051399625","0.154762"
"2051399625","1995620802","0.154762"
"1995620802","2057229779","0.196429"
"2057229779","1995620802","0.196429"
"1995620802","2112822585","1.07143"
"2112822585","1995620802","1.07143"
"1995620802","2150173247","0.271429"
"2150173247","1995620802","0.271429"
"2017539821","2030117220","0.0714286"
"2030117220","2017539821","0.0714286"
"2017539821","2051399625","0.0714286"
"2051399625","2017539821","0.0714286"
"2017539821","2057229779","0.0714286"
"2057229779","2017539821","0.0714286"
"2017539821","2083649271","0.214286"
"2083649271","2017539821","0.214286"
"2017539821","2112822585","4.0881"
"2112822585","2017539821","4.0881"
"2017539821","2150173247","3.97143"
"2150173247","2017539821","3.97143"
"2017539821","2168924105","0.0714286"
"2168924105","2017539821","0.0714286"
"2017539821","2553709183","0.0714286"
"2553709183","2017539821","0.0714286"
"2030117220","2051399625","0.0714286"
"2051399625","2030117220","0.0714286"
"2030117220","2083649271","0.571429"
"2083649271","2030117220","0.571429"
"2030117220","2112822585","0.571429"
"2112822585","2030117220","0.571429"
"2030117220","2150173247","0.321429"
"2150173247","2030117220","0.321429"
"2030117220","2168924105","0.0714286"
"2168924105","2030117220","0.0714286"
"2030117220","2553709183","5.29762"
"2553709183","2030117220","5.29762"
"2051399625","2057229779","0.0714286"
"2057229779","2051399625","0.0714286"
"2051399625","2083649271","5.2381"
"2083649271","2051399625","5.2381"
"2051399625","2112822585","0.0714286"
"2112822585","2051399625","0.0714286"
"2051399625","2150173247","0.0714286"
"2150173247","2051399625","0.0714286"
"2051399625","2168924105","0.154762"
"2168924105","2051399625","0.154762"
"2051399625","2553709183","1.32143"
"2553709183","2051399625","1.32143"
"2057229779","2083649271","0.446429"
"2083649271","2057229779","0.446429"
"2057229779","2112822585","0.0714286"
"2112822585","2057229779","0.0714286"
"2057229779","2150173247","0.0714286"
"2150173247","2057229779","0.0714286"
"2057229779","2553709183","0.18254"
"2553709183","2057229779","0.18254"
"2083649271","2112822585","0.571429"
"2112822585","2083649271","0.571429"
"2083649271","2150173247","0.521429"
"2150173247","2083649271","0.521429"
"2112822585","2150173247","6.22143"
"2150173247","2112822585","6.22143"
"2112822585","2168924105","0.0714286"
"2168924105","2112822585","0.0714286"
"2112822585","2553709183","0.321429"
"2553709183","2112822585","0.321429"
"2150173247","2168924105","0.0714286"
"2168924105","2150173247","0.0714286"
"2150173247","2553709183","0.0714286"
"2553709183","2150173247","0.0714286"
"1492495719","2005925215","0.2"
"2005925215","1492495719","0.2"
"1492495719","2058770803","0.2"
"2058770803","1492495719","0.2"
"1492495719","2076120164","0.2"
"2076120164","1492495719","0.2"
"1492495719","2120953715","0.2"
"2120953715","1492495719","0.2"
"1918878574","2005925215","1.7"
"2005925215","1918878574","1.7"
"1918878574","2058770803","2.98333"
"2058770803","1918878574","2.98333"
"1918878574","2076120164","0.2"
"2076120164","1918878574","0.2"
"1918878574","2120953715","6.06667"
"2120953715","1918878574","6.06667"
"2005925215","2058770803","3.61667"
"2058770803","2005925215","3.61667"
"2005925215","2076120164","2.03333"
"2076120164","2005925215","2.03333"
"2005925215","2120953715","15.6167"
"2120953715","2005925215","15.6167"
"2058770803","2076120164","0.533333"
"2076120164","2058770803","0.533333"
"2058770803","2120953715","14.2"
"2120953715","2058770803","14.2"
"2076120164","2120953715","1.03333"
"2120953715","2076120164","1.03333"
"1672932266","2553709183","0.5"
"2553709183","1672932266","0.5"
"1492495719","2046466923","1.14286"
"2046466923","1492495719","1.14286"
"1492495719","1536446181","1"
"1536446181","1492495719","1"
"1492495719","2053665053","1"
"2053665053","1492495719","1"
"1492495719","4487788","1"
"4487788","1492495719","1"
"1492495719","2048963798","0.142857"
"2048963798","1492495719","0.142857"
"1492495719","2169928418","0.142857"
"2169928418","1492495719","0.142857"
"1918878574","1995620802","12.619"
"1995620802","1918878574","12.619"
"1918878574","2017539821","0.92619"
"2017539821","1918878574","0.92619"
"1918878574","2046466923","0.142857"
"2046466923","1918878574","0.142857"
"1918878574","2048963798","0.842857"
"2048963798","1918878574","0.842857"
"1918878574","2083649271","0.42619"
"2083649271","1918878574","0.42619"
"1918878574","2169928418","0.342857"
"2169928418","1918878574","0.342857"
"1995620802","2169928418","0.342857"
"2169928418","1995620802","0.342857"
"2017539821","2046466923","0.142857"
"2046466923","2017539821","0.142857"
"2017539821","2048963798","0.142857"
"2048963798","2017539821","0.142857"
"2017539821","2169928418","1.14286"
"2169928418","2017539821","1.14286"
"2046466923","2169928418","0.142857"
"2169928418","2046466923","0.142857"
"2048963798","2169928418","0.142857"
"2169928418","2048963798","0.142857"
"2083649271","2169928418","0.842857"
"2169928418","2083649271","0.842857"
"1499751726","1998571077","0.5"
"1998571077","1499751726","0.5"
"1998571077","2036254310","0.5"
"2036254310","1998571077","0.5"
"1499751726","1803400206","0.2"
"1803400206","1499751726","0.2"
"1499751726","1918878574","0.45"
"1918878574","1499751726","0.45"
"1499751726","2040994656","0.2"
"2040994656","1499751726","0.2"
"1499751726","2120953715","0.2"
"2120953715","1499751726","0.2"
"1499751726","2151402468","0.2"
"2151402468","1499751726","0.2"
"1803400206","1918878574","0.533333"
"1918878574","1803400206","0.533333"
"1803400206","2040994656","0.2"
"2040994656","1803400206","0.2"
"1803400206","2120953715","0.2"
"2120953715","1803400206","0.2"
"1803400206","2151402468","0.533333"
"2151402468","1803400206","0.533333"
"1918878574","2040994656","0.7"
"2040994656","1918878574","0.7"
"1918878574","2151402468","4.15"
"2151402468","1918878574","4.15"
"2040994656","2120953715","1.61667"
"2120953715","2040994656","1.61667"
"2040994656","2151402468","0.2"
"2151402468","2040994656","0.2"
"2120953715","2151402468","0.7"
"2151402468","2120953715","0.7"
"1499751726","2003623337","0.25"
"2003623337","1499751726","0.25"
"1499751726","2017539821","0.25"
"2017539821","1499751726","0.25"
"1499751726","2112822585","0.25"
"2112822585","1499751726","0.25"
"1918878574","2003623337","2.25"
"2003623337","1918878574","2.25"
"1918878574","2112822585","3.53333"
"2112822585","1918878574","3.53333"
"2003623337","2017539821","0.25"
"2017539821","2003623337","0.25"
"2003623337","2112822585","0.25"
"2112822585","2003623337","0.25"
"1516047904","2169294099","2"
"2169294099","1516047904","2"
"1516047904","2109324000","3.35833"
"2109324000","1516047904","3.35833"
"1516047904","2036254310","1"
"2036254310","1516047904","1"
"1516047904","1536446181","2"
"1536446181","1516047904","2"
"1516047904","2024686268","0.2"
"2024686268","1516047904","0.2"
"1516047904","2053665053","0.2"
"2053665053","1516047904","0.2"
"1973477315","2024686268","0.2"
"2024686268","1973477315","0.2"
"1973477315","2048963798","2.7"
"2048963798","1973477315","2.7"
"1973477315","2053665053","2.65397"
"2053665053","1973477315","2.65397"
"2024686268","2048963798","0.342857"
"2048963798","2024686268","0.342857"
"2024686268","2053665053","0.342857"
"2053665053","2024686268","0.342857"
"2024686268","2168924105","0.2"
"2168924105","2024686268","0.2"
"2048963798","2053665053","2.45397"
"2053665053","2048963798","2.45397"
"2053665053","2168924105","0.311111"
"2168924105","2053665053","0.311111"
"1516047904","1636162662","1.2"
"1636162662","1516047904","1.2"
"1516047904","2138168968","0.2"
"2138168968","1516047904","0.2"
"1564436296","1636162662","0.2"
"1636162662","1564436296","0.2"
"1564436296","2138168968","0.2"
"2138168968","1564436296","0.2"
"1636162662","2048963798","0.2"
"2048963798","1636162662","0.2"
"1636162662","2138168968","0.2"
"2138168968","1636162662","0.2"
"1636162662","2168924105","0.2"
"2168924105","1636162662","0.2"
"2048963798","2138168968","0.65"
"2138168968","2048963798","0.65"
"2138168968","2168924105","0.65"
"2168924105","2138168968","0.65"
"1516047904","2053613003","2"
"2053613003","1516047904","2"
"1516047904","2003623337","3"
"2003623337","1516047904","3"
"1516047904","2071466878","1"
"2071466878","1516047904","1"
"1516047904","1986479407","0.5"
"1986479407","1516047904","0.5"
"1986479407","1995620802","0.5"
"1995620802","1986479407","0.5"
"1516047904","1918878574","7.4"
"1918878574","1516047904","7.4"
"1516047904","2005427824","0.4"
"2005427824","1516047904","0.4"
"1918878574","1980031143","5.79286"
"1980031143","1918878574","5.79286"
"1918878574","2109324000","8.87619"
"2109324000","1918878574","8.87619"
"1980031143","2005427824","9.15952"
"2005427824","1980031143","9.15952"
"1980031143","2109324000","1.50119"
"2109324000","1980031143","1.50119"
"1995620802","2005427824","16.9429"
"2005427824","1995620802","16.9429"
"1995620802","2109324000","6.11786"
"2109324000","1995620802","6.11786"
"2005427824","2109324000","7.74286"
"2109324000","2005427824","7.74286"
"1516047904","2163509922","1.66667"
"2163509922","1516047904","1.66667"
"1516047904","3025574268","1.16667"
"3025574268","1516047904","1.16667"
"2048963798","2163509922","2.66667"
"2163509922","2048963798","2.66667"
"2048963798","3025574268","1.16667"
"3025574268","2048963798","1.16667"
"2163509922","3025574268","55.8333"
"3025574268","2163509922","55.8333"
"1516047904","2076896788","0.5"
"2076896788","1516047904","0.5"
"2076896788","2083649271","0.5"
"2083649271","2076896788","0.5"
"1516047904","1580025058","0.125"
"1580025058","1516047904","0.125"
"1516047904","2079338956","0.125"
"2079338956","1516047904","0.125"
"1580025058","1980031143","0.125"
"1980031143","1580025058","0.125"
"1580025058","1995620802","0.125"
"1995620802","1580025058","0.125"
"1580025058","2048963798","0.267857"
"2048963798","1580025058","0.267857"
"1580025058","2057229779","0.125"
"2057229779","1580025058","0.125"
"1580025058","2079338956","0.125"
"2079338956","1580025058","0.125"
"1580025058","2083649271","0.958333"
"2083649271","1580025058","0.958333"
"1580025058","2109324000","0.267857"
"2109324000","1580025058","0.267857"
"1980031143","2057229779","0.125"
"2057229779","1980031143","0.125"
"1980031143","2079338956","0.125"
"2079338956","1980031143","0.125"
"1995620802","2079338956","0.236111"
"2079338956","1995620802","0.236111"
"2048963798","2079338956","0.736111"
"2079338956","2048963798","0.736111"
"2057229779","2079338956","3.68611"
"2079338956","2057229779","3.68611"
"2079338956","2083649271","0.652778"
"2083649271","2079338956","0.652778"
"2079338956","2109324000","0.236111"
"2109324000","2079338956","0.236111"
"2083649271","2109324000","5.625"
"2109324000","2083649271","5.625"
"2048963798","2053613003","1"
"2053613003","2048963798","1"
"2109324000","2163509922","4"
"2163509922","2109324000","4"
"2109324000","3025574268","0.97619"
"3025574268","2109324000","0.97619"
"1516047904","1985933438","2"
"1985933438","1516047904","2"
"1516047904","1992007286","0.333333"
"1992007286","1516047904","0.333333"
"1516047904","4487788","0.333333"
"4487788","1516047904","0.333333"
"1992007286","1995620802","0.333333"
"1995620802","1992007286","0.333333"
"1992007286","4487788","0.333333"
"4487788","1992007286","0.333333"
"1995620802","4487788","0.333333"
"4487788","1995620802","0.333333"
"1516047904","1975623945","0.5"
"1975623945","1516047904","0.5"
"1975623945","2083649271","0.75"
"2083649271","1975623945","0.75"
"1516047904","2337340590","1"
"2337340590","1516047904","1"
"2005427824","2048963798","0.2"
"2048963798","2005427824","0.2"
"1815889469","2163509922","0.7"
"2163509922","1815889469","0.7"
"1516047904","2078937965","1"
"2078937965","1516047904","1"
"1536446181","2046466923","1"
"2046466923","1536446181","1"
"1536446181","2119342773","1"
"2119342773","1536446181","1"
"1536446181","2163509922","1.5"
"2163509922","1536446181","1.5"
"1536446181","1918878574","3.5"
"1918878574","1536446181","3.5"
"1536446181","2058770803","1"
"2058770803","1536446181","1"
"1536446181","2078937965","2"
"2078937965","1536446181","2"
"1536446181","2057229779","0.5"
"2057229779","1536446181","0.5"
"1536446181","2071466878","0.5"
"2071466878","1536446181","0.5"
"2057229779","2071466878","8.44444"
"2071466878","2057229779","8.44444"
"1536446181","2040994656","2"
"2040994656","1536446181","2"
"1918878574","2163509922","9.03333"
"2163509922","1918878574","9.03333"
"1536446181","2025697228","1.5"
"2025697228","1536446181","1.5"
"1536446181","2112822585","0.5"
"2112822585","1536446181","0.5"
"2025697228","2112822585","1.9"
"2112822585","2025697228","1.9"
"1536446181","1579959243","1"
"1579959243","1536446181","1"
"1543690719","2046466923","5.64286"
"2046466923","1543690719","5.64286"
"1543690719","1567351366","2.14286"
"1567351366","1543690719","2.14286"
"1543690719","1973477315","0.642857"
"1973477315","1543690719","0.642857"
"1543690719","2030117220","0.142857"
"2030117220","1543690719","0.142857"
"1543690719","2053665053","0.142857"
"2053665053","1543690719","0.142857"
"1543690719","2079338956","0.142857"
"2079338956","1543690719","0.142857"
"1543690719","2169294099","0.142857"
"2169294099","1543690719","0.142857"
"1567351366","2046466923","4.64286"
"2046466923","1567351366","4.64286"
"1567351366","2053665053","5.20238"
"2053665053","1567351366","5.20238"
"1567351366","2079338956","4.65238"
"2079338956","1567351366","4.65238"
"1973477315","2079338956","1.70397"
"2079338956","1973477315","1.70397"
"2030117220","2046466923","0.142857"
"2046466923","2030117220","0.142857"
"2030117220","2053665053","1.2619"
"2053665053","2030117220","1.2619"
"2030117220","2079338956","1.23571"
"2079338956","2030117220","1.23571"
"2030117220","2169294099","4.48571"
"2169294099","2030117220","4.48571"
"2046466923","2053665053","1.64286"
"2053665053","2046466923","1.64286"
"2046466923","2079338956","2.34286"
"2079338956","2046466923","2.34286"
"2053665053","2079338956","16.0413"
"2079338956","2053665053","16.0413"
"2053665053","2169294099","9.51349"
"2169294099","2053665053","9.51349"
"2079338956","2169294099","7.2373"
"2169294099","2079338956","7.2373"
"1546989854","1974599104","2"
"1974599104","1546989854","2"
"1546989854","2026562880","0.5"
"2026562880","1546989854","0.5"
"1546989854","2057229779","0.5"
"2057229779","1546989854","0.5"
"2026562880","2057229779","0.611111"
"2057229779","2026562880","0.611111"
"1564436296","1580025058","0.142857"
"1580025058","1564436296","0.142857"
"1564436296","1815889469","0.142857"
"1815889469","1564436296","0.142857"
"1564436296","2003623337","0.142857"
"2003623337","1564436296","0.142857"
"1564436296","2051399625","0.142857"
"2051399625","1564436296","0.142857"
"1564436296","2109324000","1.25397"
"2109324000","1564436296","1.25397"
"1580025058","1815889469","0.142857"
"1815889469","1580025058","0.142857"
"1580025058","2003623337","0.142857"
"2003623337","1580025058","0.142857"
"1580025058","2051399625","0.97619"
"2051399625","1580025058","0.97619"
"1580025058","2056107463","0.47619"
"2056107463","1580025058","0.47619"
"1815889469","2003623337","1.0873"
"2003623337","1815889469","1.0873"
"1815889469","2048963798","0.253968"
"2048963798","1815889469","0.253968"
"1815889469","2056107463","1.55952"
"2056107463","1815889469","1.55952"
"1815889469","2109324000","1.97619"
"2109324000","1815889469","1.97619"
"2003623337","2051399625","0.142857"
"2051399625","2003623337","0.142857"
"2003623337","2056107463","0.142857"
"2056107463","2003623337","0.142857"
"2048963798","2051399625","0.142857"
"2051399625","2048963798","0.142857"
"2051399625","2056107463","0.759524"
"2056107463","2051399625","0.759524"
"2051399625","2109324000","0.642857"
"2109324000","2051399625","0.642857"
"2056107463","2109324000","0.142857"
"2109324000","2056107463","0.142857"
"1564436296","1973477315","0.111111"
"1973477315","1564436296","0.111111"
"1564436296","1998575585","0.444444"
"1998575585","1564436296","0.444444"
"1564436296","2026562880","0.111111"
"2026562880","1564436296","0.111111"
"1564436296","2053665053","0.111111"
"2053665053","1564436296","0.111111"
"1564436296","2057229779","0.111111"
"2057229779","1564436296","0.111111"
"1564436296","2071466878","0.111111"
"2071466878","1564436296","0.111111"
"1564436296","2079338956","0.111111"
"2079338956","1564436296","0.111111"
"1973477315","1998575585","0.311111"
"1998575585","1973477315","0.311111"
"1973477315","2026562880","0.311111"
"2026562880","1973477315","0.311111"
"1973477315","2071466878","0.111111"
"2071466878","1973477315","0.111111"
"1973477315","2109324000","0.111111"
"2109324000","1973477315","0.111111"
"1998575585","2026562880","0.111111"
"2026562880","1998575585","0.111111"
"1998575585","2053665053","4.57222"
"2053665053","1998575585","4.57222"
"1998575585","2071466878","1.44444"
"2071466878","1998575585","1.44444"
"1998575585","2079338956","5.48889"
"2079338956","1998575585","5.48889"
"1998575585","2553709183","8.96111"
"2553709183","1998575585","8.96111"
"2026562880","2053665053","0.111111"
"2053665053","2026562880","0.111111"
"2026562880","2071466878","0.111111"
"2071466878","2026562880","0.111111"
"2026562880","2079338956","0.311111"
"2079338956","2026562880","0.311111"
"2026562880","2109324000","1.11111"
"2109324000","2026562880","1.11111"
"2026562880","2553709183","0.111111"
"2553709183","2026562880","0.111111"
"2053665053","2057229779","1.86111"
"2057229779","2053665053","1.86111"
"2053665053","2071466878","3.61111"
"2071466878","2053665053","3.61111"
"2053665053","2109324000","0.111111"
"2109324000","2053665053","0.111111"
"2053665053","2553709183","4.7373"
"2553709183","2053665053","4.7373"
"2071466878","2079338956","1.86111"
"2079338956","2071466878","1.86111"
"2071466878","2109324000","0.111111"
"2109324000","2071466878","0.111111"
"2071466878","2553709183","0.611111"
"2553709183","2071466878","0.611111"
"2079338956","2553709183","6.82063"
"2553709183","2079338956","6.82063"
"2109324000","2553709183","0.944444"
"2553709183","2109324000","0.944444"
"1566688784","1995620802","1.95"
"1995620802","1566688784","1.95"
"1566688784","1918878574","0.7"
"1918878574","1566688784","0.7"
"1566688784","2112822585","0.5"
"2112822585","1566688784","0.5"
"1566688784","2150173247","1.2"
"2150173247","1566688784","1.2"
"1566688784","1815889469","0.25"
"1815889469","1566688784","0.25"
"1566688784","1980031143","0.25"
"1980031143","1566688784","0.25"
"1566688784","2083649271","0.45"
"2083649271","1566688784","0.45"
"1815889469","1980031143","0.333333"
"1980031143","1815889469","0.333333"
"1566688784","2017539821","0.5"
"2017539821","1566688784","0.5"
"1566688784","2169928418","0.2"
"2169928418","1566688784","0.2"
"1918878574","2150173247","1.7"
"2150173247","1918878574","1.7"
"2150173247","2169928418","0.45"
"2169928418","2150173247","0.45"
"1567351366","2553709183","3.84286"
"2553709183","1567351366","3.84286"
"2079338956","4487788","3.84286"
"4487788","2079338956","3.84286"
"2169294099","2553709183","10.2333"
"2553709183","2169294099","10.2333"
"2169294099","4487788","3.45"
"4487788","2169294099","3.45"
"2553709183","4487788","0.67619"
"4487788","2553709183","0.67619"
"1567351366","2071466878","1"
"2071466878","1567351366","1"
"1567351366","2062934986","1"
"2062934986","1567351366","1"
"1998575585","2062934986","2.43333"
"2062934986","1998575585","2.43333"
"2053665053","2062934986","3.15"
"2062934986","2053665053","3.15"
"1567351366","2083649271","2"
"2083649271","1567351366","2"
"1567351366","18242114","0.5"
"18242114","1567351366","0.5"
"1567351366","2109324000","0.5"
"2109324000","1567351366","0.5"
"18242114","2109324000","0.5"
"2109324000","18242114","0.5"
"1973477315","2062934986","1.95"
"2062934986","1973477315","1.95"
"1567351366","2168924105","0.5"
"2168924105","1567351366","0.5"
"1973477315","4487788","0.25"
"4487788","1973477315","0.25"
"2053665053","4487788","3.05952"
"4487788","2053665053","3.05952"
"1567351366","2163509922","1.33333"
"2163509922","1567351366","1.33333"
"1567351366","3025574268","0.333333"
"3025574268","1567351366","0.333333"
"2057229779","2163509922","0.583333"
"2163509922","2057229779","0.583333"
"2057229779","3025574268","0.333333"
"3025574268","2057229779","0.333333"
"1567351366","1982248357","0.5"
"1982248357","1567351366","0.5"
"1982248357","2053665053","0.75"
"2053665053","1982248357","0.75"
"1567351366","1918878574","1"
"1918878574","1567351366","1"
"1567351366","1974599104","0.166667"
"1974599104","1567351366","0.166667"
"1567351366","2051399625","0.166667"
"2051399625","1567351366","0.166667"
"1974599104","2051399625","0.366667"
"2051399625","1974599104","0.366667"
"1974599104","2053665053","0.366667"
"2053665053","1974599104","0.366667"
"1974599104","2062934986","0.166667"
"2062934986","1974599104","0.166667"
"1974599104","2079338956","0.166667"
"2079338956","1974599104","0.166667"
"1974599104","2553709183","0.166667"
"2553709183","1974599104","0.166667"
"2051399625","2053665053","0.7"
"2053665053","2051399625","0.7"
"2051399625","2062934986","0.333333"
"2062934986","2051399625","0.333333"
"2051399625","2079338956","0.75"
"2079338956","2051399625","0.75"
"2062934986","2079338956","10.9"
"2079338956","2062934986","10.9"
"2062934986","2553709183","1.48333"
"2553709183","2062934986","1.48333"
"1567351366","2099900288","1.14286"
"2099900288","1567351366","1.14286"
"1567351366","1986479407","0.142857"
"1986479407","1567351366","0.142857"
"1986479407","2030117220","0.392857"
"2030117220","1986479407","0.392857"
"1986479407","2053665053","0.142857"
"2053665053","1986479407","0.142857"
"1986479407","2079338956","0.392857"
"2079338956","1986479407","0.392857"
"1986479407","2099900288","0.142857"
"2099900288","1986479407","0.142857"
