"1226869406","2148766288","12.544"
"2148766288","1226869406","12.544"
"1226869406","2012573326","0.760965"
"2012573326","1226869406","0.760965"
"1226869406","2100355365","5.21332"
"2100355365","1226869406","5.21332"
"1226869406","2143280386","0.851874"
"2143280386","1226869406","0.851874"
"2012573326","2100355365","2.01096"
"2100355365","2012573326","2.01096"
"2012573326","2143280386","6.80263"
"2143280386","2012573326","6.80263"
"2100355365","2143280386","3.96854"
"2143280386","2100355365","3.96854"
"1226869406","1577936768","11.2967"
"1577936768","1226869406","11.2967"
"1226869406","2144258930","1.47241"
"2144258930","1226869406","1.47241"
"1577936768","2144258930","1.87955"
"2144258930","1577936768","1.87955"
"1577936768","2148766288","8.81783"
"2148766288","1577936768","8.81783"
"2144258930","2148766288","3.36026"
"2148766288","2144258930","3.36026"
"1226869406","1491525961","2.26786"
"1491525961","1226869406","2.26786"
"1226869406","2051572365","11.4391"
"2051572365","1226869406","11.4391"
"1226869406","2095956339","8.05618"
"2095956339","1226869406","8.05618"
"1226869406","2166565937","5.30575"
"2166565937","1226869406","5.30575"
"1491525961","2051572365","0.392857"
"2051572365","1491525961","0.392857"
"1491525961","2095956339","1.76786"
"2095956339","1491525961","1.76786"
"1491525961","2166565937","0.392857"
"2166565937","1491525961","0.392857"
"2051572365","2095956339","2.43908"
"2095956339","2051572365","2.43908"
"2051572365","2166565937","10.5557"
"2166565937","2051572365","10.5557"
"2095956339","2166565937","1.78194"
"2166565937","2095956339","1.78194"
"2051572365","2148766288","14.3364"
"2148766288","2051572365","14.3364"
"2148766288","2166565937","22.896"
"2166565937","2148766288","22.896"
"1226869406","1514286851","0.166667"
"1514286851","1226869406","0.166667"
"1226869406","2053702789","0.919298"
"2053702789","1226869406","0.919298"
"1226869406","2150874632","13.5819"
"2150874632","1226869406","13.5819"
"1226869406","2167686873","4.16527"
"2167686873","1226869406","4.16527"
"1514286851","2053702789","0.166667"
"2053702789","1514286851","0.166667"
"1514286851","2095956339","2.08333"
"2095956339","1514286851","2.08333"
"1514286851","2100355365","0.583333"
"2100355365","1514286851","0.583333"
"1514286851","2150874632","0.333333"
"2150874632","1514286851","0.333333"
"1514286851","2167686873","0.166667"
"2167686873","1514286851","0.166667"
"2053702789","2095956339","0.219298"
"2095956339","2053702789","0.219298"
"2053702789","2100355365","0.219298"
"2100355365","2053702789","0.219298"
"2053702789","2150874632","2.9193"
"2150874632","2053702789","2.9193"
"2053702789","2167686873","0.719298"
"2167686873","2053702789","0.719298"
"2095956339","2100355365","49.4895"
"2100355365","2095956339","49.4895"
"2095956339","2150874632","55.0331"
"2150874632","2095956339","55.0331"
"2095956339","2167686873","17.4974"
"2167686873","2095956339","17.4974"
"2100355365","2150874632","30.0069"
"2150874632","2100355365","30.0069"
"2100355365","2167686873","9.13074"
"2167686873","2100355365","9.13074"
"2150874632","2167686873","23.2557"
"2167686873","2150874632","23.2557"
"1226869406","2067534690","7.5171"
"2067534690","1226869406","7.5171"
"2051572365","2067534690","10.0095"
"2067534690","2051572365","10.0095"
"1226869406","138265054","0.0526316"
"138265054","1226869406","0.0526316"
"1226869406","1577855553","0.320489"
"1577855553","1226869406","0.320489"
"1226869406","1598576028","0.395489"
"1598576028","1226869406","0.395489"
"1226869406","1975142584","0.504555"
"1975142584","1226869406","0.504555"
"1226869406","2043657629","0.129555"
"2043657629","1226869406","0.129555"
"1226869406","2076656908","0.629555"
"2076656908","1226869406","0.629555"
"1226869406","2147160183","1.2864"
"2147160183","1226869406","1.2864"
"1226869406","2154677055","1.21289"
"2154677055","1226869406","1.21289"
"138265054","1577855553","0.0526316"
"1577855553","138265054","0.0526316"
"138265054","1577936768","0.0526316"
"1577936768","138265054","0.0526316"
"138265054","1598576028","0.0526316"
"1598576028","138265054","0.0526316"
"138265054","1975142584","0.0526316"
"1975142584","138265054","0.0526316"
"138265054","2012573326","0.0526316"
"2012573326","138265054","0.0526316"
"138265054","2043657629","0.0526316"
"2043657629","138265054","0.0526316"
"138265054","2051572365","0.0526316"
"2051572365","138265054","0.0526316"
"138265054","2053702789","0.0526316"
"2053702789","138265054","0.0526316"
"138265054","2076656908","0.0526316"
"2076656908","138265054","0.0526316"
"138265054","2095956339","0.0526316"
"2095956339","138265054","0.0526316"
"138265054","2100355365","0.0526316"
"2100355365","138265054","0.0526316"
"138265054","2143280386","0.0526316"
"2143280386","138265054","0.0526316"
"138265054","2144258930","0.0526316"
"2144258930","138265054","0.0526316"
"138265054","2147160183","0.0526316"
"2147160183","138265054","0.0526316"
"138265054","2150874632","0.0526316"
"2150874632","138265054","0.0526316"
"138265054","2154677055","0.0526316"
"2154677055","138265054","0.0526316"
"138265054","2166565937","0.0526316"
"2166565937","138265054","0.0526316"
"138265054","2167686873","0.0526316"
"2167686873","138265054","0.0526316"
"1577855553","1577936768","0.195489"
"1577936768","1577855553","0.195489"
"1577855553","1598576028","0.0526316"
"1598576028","1577855553","0.0526316"
"1577855553","1975142584","0.0526316"
"1975142584","1577855553","0.0526316"
"1577855553","2012573326","0.0526316"
"2012573326","1577855553","0.0526316"
"1577855553","2043657629","0.0526316"
"2043657629","1577855553","0.0526316"
"1577855553","2051572365","0.0526316"
"2051572365","1577855553","0.0526316"
"1577855553","2053702789","0.0526316"
"2053702789","1577855553","0.0526316"
"1577855553","2076656908","1.05263"
"2076656908","1577855553","1.05263"
"1577855553","2095956339","0.520489"
"2095956339","1577855553","0.520489"
"1577855553","2100355365","1.52049"
"2100355365","1577855553","1.52049"
"1577855553","2143280386","0.177632"
"2143280386","1577855553","0.177632"
"1577855553","2144258930","0.0526316"
"2144258930","1577855553","0.0526316"
"1577855553","2147160183","0.195489"
"2147160183","1577855553","0.195489"
"1577855553","2150874632","1.52049"
"2150874632","1577855553","1.52049"
"1577855553","2154677055","0.0526316"
"2154677055","1577855553","0.0526316"
"1577855553","2166565937","0.0526316"
"2166565937","1577855553","0.0526316"
"1577855553","2167686873","0.520489"
"2167686873","1577855553","0.520489"
"1577936768","1598576028","0.419298"
"1598576028","1577936768","0.419298"
"1577936768","1975142584","0.587888"
"1975142584","1577936768","0.587888"
"1577936768","2012573326","1.05263"
"2012573326","1577936768","1.05263"
"1577936768","2043657629","0.129555"
"2043657629","1577936768","0.129555"
"1577936768","2051572365","14.0462"
"2051572365","1577936768","14.0462"
"1577936768","2053702789","1.75263"
"2053702789","1577936768","1.75263"
"1577936768","2076656908","4.74622"
"2076656908","1577936768","4.74622"
"1577936768","2095956339","6.62999"
"2095956339","1577936768","6.62999"
"1577936768","2100355365","4.06332"
"2100355365","1577936768","4.06332"
"1577936768","2143280386","2.31021"
"2143280386","1577936768","2.31021"
"1577936768","2147160183","5.45306"
"2147160183","1577936768","5.45306"
"1577936768","2150874632","9.86408"
"2150874632","1577936768","9.86408"
"1577936768","2154677055","0.129555"
"2154677055","1577936768","0.129555"
"1577936768","2166565937","1.49622"
"2166565937","1577936768","1.49622"
"1577936768","2167686873","7.43075"
"2167686873","1577936768","7.43075"
"1598576028","1975142584","0.885965"
"1975142584","1598576028","0.885965"
"1598576028","2012573326","0.0526316"
"2012573326","1598576028","0.0526316"
"1598576028","2043657629","0.0526316"
"2043657629","1598576028","0.0526316"
"1598576028","2051572365","1.05263"
"2051572365","1598576028","1.05263"
"1598576028","2053702789","0.252632"
"2053702789","1598576028","0.252632"
"1598576028","2076656908","0.0526316"
"2076656908","1598576028","0.0526316"
"1598576028","2095956339","1.55263"
"2095956339","1598576028","1.55263"
"1598576028","2100355365","0.0526316"
"2100355365","1598576028","0.0526316"
"1598576028","2143280386","0.0526316"
"2143280386","1598576028","0.0526316"
"1598576028","2144258930","2.19549"
"2144258930","1598576028","2.19549"
"1598576028","2147160183","0.719298"
"2147160183","1598576028","0.719298"
"1598576028","2150874632","1.75263"
"2150874632","1598576028","1.75263"
"1598576028","2154677055","0.0526316"
"2154677055","1598576028","0.0526316"
"1598576028","2166565937","0.0526316"
"2166565937","1598576028","0.0526316"
"1598576028","2167686873","1.52882"
"2167686873","1598576028","1.52882"
"1975142584","2012573326","0.177632"
"2012573326","1975142584","0.177632"
"1975142584","2043657629","0.629555"
"2043657629","1975142584","0.629555"
"1975142584","2051572365","0.879555"
"2051572365","1975142584","0.879555"
"1975142584","2053702789","0.0526316"
"2053702789","1975142584","0.0526316"
"1975142584","2076656908","0.129555"
"2076656908","1975142584","0.129555"
"1975142584","2095956339","7.07955"
"2095956339","1975142584","7.07955"
"1975142584","2100355365","4.99622"
"2100355365","1975142584","4.99622"
"1975142584","2143280386","0.0526316"
"2143280386","1975142584","0.0526316"
"1975142584","2144258930","0.129555"
"2144258930","1975142584","0.129555"
"1975142584","2147160183","3.55263"
"2147160183","1975142584","3.55263"
"1975142584","2150874632","4.12122"
"2150874632","1975142584","4.12122"
"1975142584","2154677055","0.129555"
"2154677055","1975142584","0.129555"
"1975142584","2166565937","0.129555"
"2166565937","1975142584","0.129555"
"1975142584","2167686873","48.1296"
"2167686873","1975142584","48.1296"
"2012573326","2043657629","6.2193"
"2043657629","2012573326","6.2193"
"2012573326","2051572365","0.302632"
"2051572365","2012573326","0.302632"
"2012573326","2053702789","0.0526316"
"2053702789","2012573326","0.0526316"
"2012573326","2076656908","0.302632"
"2076656908","2012573326","0.302632"
"2012573326","2095956339","0.510965"
"2095956339","2012573326","0.510965"
"2012573326","2144258930","1.05263"
"2144258930","2012573326","1.05263"
"2012573326","2147160183","0.302632"
"2147160183","2012573326","0.302632"
"2012573326","2150874632","5.67763"
"2150874632","2012573326","5.67763"
"2012573326","2154677055","0.0526316"
"2154677055","2012573326","0.0526316"
"2012573326","2166565937","0.0526316"
"2166565937","2012573326","0.0526316"
"2012573326","2167686873","0.177632"
"2167686873","2012573326","0.177632"
"2043657629","2051572365","0.879555"
"2051572365","2043657629","0.879555"
"2043657629","2053702789","0.0526316"
"2053702789","2043657629","0.0526316"
"2043657629","2076656908","0.579555"
"2076656908","2043657629","0.579555"
"2043657629","2095956339","0.129555"
"2095956339","2043657629","0.129555"
"2043657629","2100355365","1.07955"
"2100355365","2043657629","1.07955"
"2043657629","2143280386","2.83596"
"2143280386","2043657629","2.83596"
"2043657629","2144258930","0.629555"
"2144258930","2043657629","0.629555"
"2043657629","2147160183","0.0526316"
"2147160183","2043657629","0.0526316"
"2043657629","2150874632","24.0796"
"2150874632","2043657629","24.0796"
"2043657629","2154677055","0.129555"
"2154677055","2043657629","0.129555"
"2043657629","2166565937","1.37955"
"2166565937","2043657629","1.37955"
"2043657629","2167686873","0.129555"
"2167686873","2043657629","0.129555"
"2051572365","2053702789","0.0526316"
"2053702789","2051572365","0.0526316"
"2051572365","2076656908","2.12955"
"2076656908","2051572365","2.12955"
"2051572365","2100355365","1.71289"
"2100355365","2051572365","1.71289"
"2051572365","2143280386","0.302632"
"2143280386","2051572365","0.302632"
"2051572365","2144258930","1.12955"
"2144258930","2051572365","1.12955"
"2051572365","2147160183","1.75263"
"2147160183","2051572365","1.75263"
"2051572365","2150874632","11.4391"
"2150874632","2051572365","11.4391"
"2051572365","2154677055","0.462888"
"2154677055","2051572365","0.462888"
"2051572365","2167686873","0.712888"
"2167686873","2051572365","0.712888"
"2053702789","2076656908","0.0526316"
"2076656908","2053702789","0.0526316"
"2053702789","2143280386","0.0526316"
"2143280386","2053702789","0.0526316"
"2053702789","2144258930","0.0526316"
"2144258930","2053702789","0.0526316"
"2053702789","2147160183","0.0526316"
"2147160183","2053702789","0.0526316"
"2053702789","2154677055","0.0526316"
"2154677055","2053702789","0.0526316"
"2053702789","2166565937","0.0526316"
"2166565937","2053702789","0.0526316"
"2076656908","2095956339","6.66289"
"2095956339","2076656908","6.66289"
"2076656908","2100355365","2.24622"
"2100355365","2076656908","2.24622"
"2076656908","2143280386","21.586"
"2143280386","2076656908","21.586"
"2076656908","2144258930","1.12955"
"2144258930","2076656908","1.12955"
"2076656908","2147160183","7.80263"
"2147160183","2076656908","7.80263"
"2076656908","2150874632","8.11289"
"2150874632","2076656908","8.11289"
"2076656908","2154677055","0.129555"
"2154677055","2076656908","0.129555"
"2076656908","2166565937","0.296221"
"2166565937","2076656908","0.296221"
"2076656908","2167686873","0.496221"
"2167686873","2076656908","0.496221"
"2095956339","2143280386","7.35187"
"2143280386","2095956339","7.35187"
"2095956339","2144258930","0.779555"
"2144258930","2095956339","0.779555"
"2095956339","2147160183","5.56973"
"2147160183","2095956339","5.56973"
"2095956339","2154677055","0.629555"
"2154677055","2095956339","0.629555"
"2100355365","2144258930","1.11289"
"2144258930","2100355365","1.11289"
"2100355365","2147160183","1.2364"
"2147160183","2100355365","1.2364"
"2100355365","2154677055","0.129555"
"2154677055","2100355365","0.129555"
"2100355365","2166565937","2.35575"
"2166565937","2100355365","2.35575"
"2143280386","2144258930","0.0526316"
"2144258930","2143280386","0.0526316"
"2143280386","2147160183","2.39354"
"2147160183","2143280386","2.39354"
"2143280386","2150874632","7.71096"
"2150874632","2143280386","7.71096"
"2143280386","2154677055","0.0526316"
"2154677055","2143280386","0.0526316"
"2143280386","2166565937","0.219298"
"2166565937","2143280386","0.219298"
"2143280386","2167686873","7.3443"
"2167686873","2143280386","7.3443"
"2144258930","2147160183","0.0526316"
"2147160183","2144258930","0.0526316"
"2144258930","2150874632","1.99622"
"2150874632","2144258930","1.99622"
"2144258930","2154677055","0.129555"
"2154677055","2144258930","0.129555"
"2144258930","2166565937","0.129555"
"2166565937","2144258930","0.129555"
"2144258930","2167686873","7.05575"
"2167686873","2144258930","7.05575"
"2147160183","2150874632","2.06216"
"2150874632","2147160183","2.06216"
"2147160183","2154677055","1.05263"
"2154677055","2147160183","1.05263"
"2147160183","2166565937","0.252632"
"2166565937","2147160183","0.252632"
"2147160183","2167686873","1.19549"
"2167686873","2147160183","1.19549"
"2150874632","2154677055","0.129555"
"2154677055","2150874632","0.129555"
"2150874632","2166565937","3.4486"
"2166565937","2150874632","3.4486"
"2154677055","2166565937","1.12955"
"2166565937","2154677055","1.12955"
"2154677055","2167686873","0.129555"
"2167686873","2154677055","0.129555"
"2166565937","2167686873","1.12955"
"2167686873","2166565937","1.12955"
"1226869406","2028251991","0.25"
"2028251991","1226869406","0.25"
"2028251991","2067534690","0.25"
"2067534690","2028251991","0.25"
"2028251991","2154677055","0.25"
"2154677055","2028251991","0.25"
"2028251991","2166565937","0.25"
"2166565937","2028251991","0.25"
"2067534690","2154677055","1.83333"
"2154677055","2067534690","1.83333"
"2067534690","2166565937","20.6262"
"2166565937","2067534690","20.6262"
"1226869406","1539777654","3.7671"
"1539777654","1226869406","3.7671"
"1226869406","1976024593","2.0671"
"1976024593","1226869406","2.0671"
"1226869406","2083096783","1.20758"
"2083096783","1226869406","1.20758"
"1226869406","2126480875","0.590909"
"2126480875","1226869406","0.590909"
"1539777654","1577936768","3.91591"
"1577936768","1539777654","3.91591"
"1539777654","1976024593","0.233766"
"1976024593","1539777654","0.233766"
"1539777654","2067534690","0.0909091"
"2067534690","1539777654","0.0909091"
"1539777654","2083096783","1.71591"
"2083096783","1539777654","1.71591"
"1539777654","2095956339","12.2826"
"2095956339","1539777654","12.2826"
"1539777654","2100355365","2.41591"
"2100355365","1539777654","2.41591"
"1539777654","2126480875","0.0909091"
"2126480875","1539777654","0.0909091"
"1539777654","2143280386","1.09091"
"2143280386","1539777654","1.09091"
"1539777654","2147160183","1.62424"
"2147160183","1539777654","1.62424"
"1539777654","2148766288","0.590909"
"2148766288","1539777654","0.590909"
"1577936768","1976024593","0.0909091"
"1976024593","1577936768","0.0909091"
"1577936768","2067534690","3.65758"
"2067534690","1577936768","3.65758"
"1577936768","2083096783","2.59091"
"2083096783","1577936768","2.59091"
"1577936768","2126480875","0.0909091"
"2126480875","1577936768","0.0909091"
"1976024593","2067534690","0.924242"
"2067534690","1976024593","0.924242"
"1976024593","2083096783","0.590909"
"2083096783","1976024593","0.590909"
"1976024593","2095956339","0.0909091"
"2095956339","1976024593","0.0909091"
"1976024593","2100355365","0.0909091"
"2100355365","1976024593","0.0909091"
"1976024593","2126480875","0.0909091"
"2126480875","1976024593","0.0909091"
"1976024593","2143280386","0.0909091"
"2143280386","1976024593","0.0909091"
"1976024593","2147160183","0.0909091"
"2147160183","1976024593","0.0909091"
"1976024593","2148766288","0.0909091"
"2148766288","1976024593","0.0909091"
"2067534690","2083096783","1.25758"
"2083096783","2067534690","1.25758"
"2067534690","2095956339","2.38377"
"2095956339","2067534690","2.38377"
"2067534690","2100355365","4.90758"
"2100355365","2067534690","4.90758"
"2067534690","2126480875","0.340909"
"2126480875","2067534690","0.340909"
"2067534690","2143280386","4.25758"
"2143280386","2067534690","4.25758"
"2067534690","2147160183","7.45758"
"2147160183","2067534690","7.45758"
"2067534690","2148766288","27.5838"
"2148766288","2067534690","27.5838"
"2083096783","2095956339","5.7671"
"2095956339","2083096783","5.7671"
"2083096783","2100355365","7.58377"
"2100355365","2083096783","7.58377"
"2083096783","2126480875","0.0909091"
"2126480875","2083096783","0.0909091"
"2083096783","2143280386","1.95758"
"2143280386","2083096783","1.95758"
"2083096783","2147160183","0.0909091"
"2147160183","2083096783","0.0909091"
"2083096783","2148766288","6.55043"
"2148766288","2083096783","6.55043"
"2095956339","2126480875","0.924242"
"2126480875","2095956339","0.924242"
"2095956339","2148766288","4.80355"
"2148766288","2095956339","4.80355"
"2100355365","2126480875","0.0909091"
"2126480875","2100355365","0.0909091"
"2100355365","2148766288","8.81069"
"2148766288","2100355365","8.81069"
"2126480875","2143280386","0.0909091"
"2143280386","2126480875","0.0909091"
"2126480875","2147160183","1.09091"
"2147160183","2126480875","1.09091"
"2126480875","2148766288","0.340909"
"2148766288","2126480875","0.340909"
"2143280386","2148766288","2.34091"
"2148766288","2143280386","2.34091"
"2147160183","2148766288","2.79091"
"2148766288","2147160183","2.79091"
"2067534690","2150874632","19.1595"
"2150874632","2067534690","19.1595"
"1226869406","1986446161","1.66667"
"1986446161","1226869406","1.66667"
"1577936768","1986446161","2.65833"
"1986446161","1577936768","2.65833"
"1986446161","2051572365","5.66667"
"2051572365","1986446161","5.66667"
"2148766288","2150874632","18.5293"
"2150874632","2148766288","18.5293"
"1226869406","1993448335","2.89167"
"1993448335","1226869406","2.89167"
"1993448335","2083096783","0.759524"
"2083096783","1993448335","0.759524"
"1993448335","2100355365","14.5179"
"2100355365","1993448335","14.5179"
"1993448335","2148766288","1.04286"
"2148766288","1993448335","1.04286"
"1993448335","2150874632","18.6429"
"2150874632","1993448335","18.6429"
"2083096783","2150874632","36.6179"
"2150874632","2083096783","36.6179"
"1226869406","2147771055","2.16667"
"2147771055","1226869406","2.16667"
"1491525961","1577855553","0.125"
"1577855553","1491525961","0.125"
"1491525961","2100355365","0.125"
"2100355365","1491525961","0.125"
"1491525961","2143280386","0.125"
"2143280386","1491525961","0.125"
"1491525961","2147771055","0.375"
"2147771055","1491525961","0.375"
"1491525961","2150874632","1.01786"
"2150874632","1491525961","1.01786"
"1491525961","2167686873","0.125"
"2167686873","1491525961","0.125"
"1577855553","2147771055","0.325"
"2147771055","1577855553","0.325"
"2095956339","2147771055","16.6762"
"2147771055","2095956339","16.6762"
"2100355365","2147771055","7.92619"
"2147771055","2100355365","7.92619"
"2143280386","2147771055","0.541667"
"2147771055","2143280386","0.541667"
"2147771055","2150874632","4.88452"
"2150874632","2147771055","4.88452"
"2147771055","2167686873","1.15833"
"2167686873","2147771055","1.15833"
"1226869406","1975397943","0.45"
"1975397943","1226869406","0.45"
"1975397943","1993448335","1.325"
"1993448335","1975397943","1.325"
"1975397943","2095956339","0.825"
"2095956339","1975397943","0.825"
"1975397943","2100355365","0.575"
"2100355365","1975397943","0.575"
"1975397943","2150874632","32.6583"
"2150874632","1975397943","32.6583"
"1993448335","2095956339","77.5679"
"2095956339","1993448335","77.5679"
"1226869406","1585256313","0.142857"
"1585256313","1226869406","0.142857"
"1226869406","2113335784","0.142857"
"2113335784","1226869406","0.142857"
"1539777654","1585256313","0.142857"
"1585256313","1539777654","0.142857"
"1539777654","1598576028","1.97619"
"1598576028","1539777654","1.97619"
"1539777654","2113335784","0.642857"
"2113335784","1539777654","0.642857"
"1539777654","2144258930","0.142857"
"2144258930","1539777654","0.142857"
"1539777654","2167686873","6.10119"
"2167686873","1539777654","6.10119"
"1585256313","1598576028","0.142857"
"1598576028","1585256313","0.142857"
"1585256313","1976024593","0.142857"
"1976024593","1585256313","0.142857"
"1585256313","2113335784","0.142857"
"2113335784","1585256313","0.142857"
"1585256313","2144258930","0.142857"
"2144258930","1585256313","0.142857"
"1585256313","2167686873","0.142857"
"2167686873","1585256313","0.142857"
"1598576028","1976024593","0.142857"
"1976024593","1598576028","0.142857"
"1598576028","2113335784","0.142857"
"2113335784","1598576028","0.142857"
"1976024593","2113335784","0.142857"
"2113335784","1976024593","0.142857"
"1976024593","2144258930","0.142857"
"2144258930","1976024593","0.142857"
"1976024593","2167686873","0.142857"
"2167686873","1976024593","0.142857"
"2113335784","2144258930","1.14286"
"2144258930","2113335784","1.14286"
"2113335784","2167686873","1.64286"
"2167686873","2113335784","1.64286"
"1226869406","2003999500","0.5"
"2003999500","1226869406","0.5"
"1226869406","2144310369","0.7"
"2144310369","1226869406","0.7"
"2003999500","2144310369","7.5"
"2144310369","2003999500","7.5"
"1993448335","2051572365","0.5"
"2051572365","1993448335","0.5"
"1975142584","1993448335","3.83333"
"1993448335","1975142584","3.83333"
"1975142584","2147771055","1.33333"
"2147771055","1975142584","1.33333"
"1993448335","2012573326","0.125"
"2012573326","1993448335","0.125"
"1993448335","2147771055","3.68452"
"2147771055","1993448335","3.68452"
"1993448335","2167686873","11.25"
"2167686873","1993448335","11.25"
"2012573326","2147771055","0.291667"
"2147771055","2012573326","0.291667"
"1975397943","2051572365","0.25"
"2051572365","1975397943","0.25"
"1226869406","1581845889","0.166667"
"1581845889","1226869406","0.166667"
"1581845889","2095956339","0.5"
"2095956339","1581845889","0.5"
"1581845889","2100355365","0.5"
"2100355365","1581845889","0.5"
"1581845889","2147771055","0.5"
"2147771055","1581845889","0.5"
"1581845889","2148766288","0.166667"
"2148766288","1581845889","0.166667"
"1581845889","2167686873","0.166667"
"2167686873","1581845889","0.166667"
"2147771055","2148766288","2.00952"
"2148766288","2147771055","2.00952"
"2148766288","2167686873","2.94359"
"2167686873","2148766288","2.94359"
"1226869406","155942091","0.2"
"155942091","1226869406","0.2"
"1539777654","155942091","0.2"
"155942091","1539777654","0.2"
"1539777654","2144310369","3.7"
"2144310369","1539777654","3.7"
"155942091","1577936768","0.2"
"1577936768","155942091","0.2"
"155942091","2095956339","1.7"
"2095956339","155942091","1.7"
"155942091","2144310369","0.7"
"2144310369","155942091","0.7"
"1577936768","2144310369","0.7"
"2144310369","1577936768","0.7"
"2095956339","2144310369","7.7"
"2144310369","2095956339","7.7"
"1986446161","2095956339","2.94167"
"2095956339","1986446161","2.94167"
"1539777654","1993448335","1.49167"
"1993448335","1539777654","1.49167"
"2012573326","2148766288","1.25"
"2148766288","2012573326","1.25"
"1975142584","2148766288","0.44359"
"2148766288","1975142584","0.44359"
"2043657629","2148766288","0.326923"
"2148766288","2043657629","0.326923"
"2076656908","2148766288","1.57692"
"2148766288","2076656908","1.57692"
"2148766288","2154677055","0.326923"
"2154677055","2148766288","0.326923"
"1598576028","2148766288","0.2"
"2148766288","1598576028","0.2"
"2053702789","2148766288","0.2"
"2148766288","2053702789","0.2"
"1491525961","2067534690","0.142857"
"2067534690","1491525961","0.142857"
"1491525961","2148766288","1.14286"
"2148766288","1491525961","1.14286"
"1993448335","2144258930","0.533333"
"2144258930","1993448335","0.533333"
"1976024593","2051572365","2.66667"
"2051572365","1976024593","2.66667"
"1976024593","2150874632","0.833333"
"2150874632","1976024593","0.833333"
"1975142584","2083096783","1.99167"
"2083096783","1975142584","1.99167"
"2083096783","2167686873","3.125"
"2167686873","2083096783","3.125"
"137036777","1539777654","1"
"1539777654","137036777","1"
"1491525961","1514286851","0.666667"
"1514286851","1491525961","0.666667"
"1491525961","1577936768","3.16667"
"1577936768","1491525961","3.16667"
"1491525961","1598576028","0.666667"
"1598576028","1491525961","0.666667"
"1491525961","1878718657","0.166667"
"1878718657","1491525961","0.166667"
"1491525961","1982067415","0.166667"
"1982067415","1491525961","0.166667"
"1491525961","2147160183","1.16667"
"2147160183","1491525961","1.16667"
"1514286851","1577936768","0.333333"
"1577936768","1514286851","0.333333"
"1514286851","1598576028","2.16667"
"1598576028","1514286851","2.16667"
"1514286851","1878718657","17.1667"
"1878718657","1514286851","17.1667"
"1514286851","1982067415","1.16667"
"1982067415","1514286851","1.16667"
"1514286851","2147160183","0.666667"
"2147160183","1514286851","0.666667"
"1577936768","1878718657","0.166667"
"1878718657","1577936768","0.166667"
"1577936768","1982067415","0.166667"
"1982067415","1577936768","0.166667"
"1598576028","1878718657","0.166667"
"1878718657","1598576028","0.166667"
"1598576028","1982067415","0.166667"
"1982067415","1598576028","0.166667"
"1878718657","1982067415","0.166667"
"1982067415","1878718657","0.166667"
"1878718657","2147160183","0.166667"
"2147160183","1878718657","0.166667"
"1982067415","2147160183","0.166667"
"2147160183","1982067415","0.166667"
"1491525961","2155029812","1"
"2155029812","1491525961","1"
"1511914405","2127550323","1.25"
"2127550323","1511914405","1.25"
"1511914405","1982067415","0.25"
"1982067415","1511914405","0.25"
"1511914405","1982481270","0.25"
"1982481270","1511914405","0.25"
"1511914405","2155029812","0.25"
"2155029812","1511914405","0.25"
"1982067415","1982481270","4.25"
"1982481270","1982067415","4.25"
"1982067415","2127550323","1.25"
"2127550323","1982067415","1.25"
"1982067415","2155029812","89.5833"
"2155029812","1982067415","89.5833"
"1982481270","2127550323","2.25"
"2127550323","1982481270","2.25"
"1982481270","2155029812","1.25"
"2155029812","1982481270","1.25"
"2127550323","2155029812","0.75"
"2155029812","2127550323","0.75"
"1514286851","1539777654","3.83333"
"1539777654","1514286851","3.83333"
"1514286851","2399411781","1.5"
"2399411781","1514286851","1.5"
"1539777654","2399411781","0.5"
"2399411781","1539777654","0.5"
"1514286851","2155029812","1.5"
"2155029812","1514286851","1.5"
"1514286851","1585256313","2.5"
"1585256313","1514286851","2.5"
"2095956339","2155029812","0.5"
"2155029812","2095956339","0.5"
"1514286851","1975142584","0.333333"
"1975142584","1514286851","0.333333"
"1514286851","2147771055","0.75"
"2147771055","1514286851","0.75"
"1539777654","1975142584","1.95833"
"1975142584","1539777654","1.95833"
"1539777654","2147771055","1.29167"
"2147771055","1539777654","1.29167"
"1585256313","1878718657","1.5"
"1878718657","1585256313","1.5"
"1514286851","2083096783","1.25"
"2083096783","1514286851","1.25"
"2083096783","2147771055","1.47619"
"2147771055","2083096783","1.47619"
"1514286851","1993448335","0.166667"
"1993448335","1514286851","0.166667"
"1577936768","1993448335","3.25"
"1993448335","1577936768","3.25"
"1577936768","2147771055","0.916667"
"2147771055","1577936768","0.916667"
"1514286851","2144310369","0.5"
"2144310369","1514286851","0.5"
"1878718657","2144310369","0.5"
"2144310369","1878718657","0.5"
"1514286851","1581845889","1"
"1581845889","1514286851","1"
"1514286851","2076656908","1"
"2076656908","1514286851","1"
"1539777654","1542264733","2.66667"
"1542264733","1539777654","2.66667"
"1542264733","1975142584","10.5833"
"1975142584","1542264733","10.5833"
"1542264733","2167686873","41.75"
"2167686873","1542264733","41.75"
"1539777654","2150874632","2.03333"
"2150874632","1539777654","2.03333"
"1542264733","2150874632","3.83333"
"2150874632","1542264733","3.83333"
"1539777654","1878718657","1"
"1878718657","1539777654","1"
"1993448335","2147160183","0.783333"
"2147160183","1993448335","0.783333"
"1539777654","2051572365","0.5"
"2051572365","1539777654","0.5"
"2051572365","2144310369","0.5"
"2144310369","2051572365","0.5"
"1539777654","2003999500","1"
"2003999500","1539777654","1"
"1539777654","1986446161","0.5"
"1986446161","1539777654","0.5"
"1986446161","2083096783","0.958333"
"2083096783","1986446161","0.958333"
"1539777654","1975397943","1"
"1975397943","1539777654","1"
"1539777654","1577855553","1"
"1577855553","1539777654","1"
"1539777654","2028069128","0.5"
"2028069128","1539777654","0.5"
"2028069128","2147771055","0.5"
"2147771055","2028069128","0.5"
"1542264733","1993448335","1.25"
"1993448335","1542264733","1.25"
"1542264733","2095956339","2.16667"
"2095956339","1542264733","2.16667"
"1542264733","2100355365","1.25"
"2100355365","1542264733","1.25"
"1542264733","2144258930","1"
"2144258930","1542264733","1"
"1542264733","1577936768","1.33333"
"1577936768","1542264733","1.33333"
"1542264733","2127550323","0.833333"
"2127550323","1542264733","0.833333"
"2127550323","2150874632","0.333333"
"2150874632","2127550323","0.333333"
"2127550323","2167686873","5.83333"
"2167686873","2127550323","5.83333"
"1542264733","2083096783","1"
"2083096783","1542264733","1"
"1542264733","1986446161","0.333333"
"1986446161","1542264733","0.333333"
"1975142584","1986446161","1.58333"
"1986446161","1975142584","1.58333"
"1542264733","2163653637","1"
"2163653637","1542264733","1"
"1542264733","2539796051","1"
"2539796051","1542264733","1"
"1550925638","1585256313","1"
"1585256313","1550925638","1"
"155942091","1760632003","1"
"1760632003","155942091","1"
"1577936768","1766643225","2.28333"
"1766643225","1577936768","2.28333"
"1766643225","2083096783","3.75"
"2083096783","1766643225","3.75"
"1766643225","2095956339","1.33333"
"2095956339","1766643225","1.33333"
"1766643225","2150874632","1.53333"
"2150874632","1766643225","1.53333"
"1577936768","1995732009","0.5"
"1995732009","1577936768","0.5"
"1995732009","2083096783","1.83333"
"2083096783","1995732009","1.83333"
"1577936768","2036027374","1.5"
"2036027374","1577936768","1.5"
"1766643225","2067534690","0.2"
"2067534690","1766643225","0.2"
"1766643225","2100355365","0.2"
"2100355365","1766643225","0.2"
"1766643225","2148766288","1.45"
"2148766288","1766643225","1.45"
"1577936768","1581845889","1.5"
"1581845889","1577936768","1.5"
"1577936768","1585256313","0.5"
"1585256313","1577936768","0.5"
"1581845889","1585256313","0.5"
"1585256313","1581845889","0.5"
"1577936768","2163653637","0.5"
"2163653637","1577936768","0.5"
"1993448335","2163653637","0.833333"
"2163653637","1993448335","0.833333"
"1577936768","1936084052","0.5"
"1936084052","1577936768","0.5"
"1766643225","1936084052","11"
"1936084052","1766643225","11"
"1766643225","2144258930","0.75"
"2144258930","1766643225","0.75"
"1766643225","2144310369","0.5"
"2144310369","1766643225","0.5"
"1936084052","2083096783","1"
"2083096783","1936084052","1"
"1936084052","2144258930","0.5"
"2144258930","1936084052","0.5"
"1936084052","2144310369","0.5"
"2144310369","1936084052","0.5"
"1936084052","2148766288","1.5"
"2148766288","1936084052","1.5"
"2083096783","2144258930","3.08333"
"2144258930","2083096783","3.08333"
"2083096783","2144310369","3.5"
"2144310369","2083096783","3.5"
"2144258930","2144310369","0.5"
"2144310369","2144258930","0.5"
"2144310369","2148766288","0.5"
"2148766288","2144310369","0.5"
"1993448335","2076656908","0.166667"
"2076656908","1993448335","0.166667"
"1993448335","2143280386","1.66667"
"2143280386","1993448335","1.66667"
"2036027374","2095956339","2.33333"
"2095956339","2036027374","2.33333"
"1993448335","2067534690","0.783333"
"2067534690","1993448335","0.783333"
"1993448335","2166565937","0.392857"
"2166565937","1993448335","0.392857"
"1577936768","1975397943","1.125"
"1975397943","1577936768","1.125"
"1975397943","1986446161","0.125"
"1986446161","1975397943","0.125"
"1975397943","2083096783","0.125"
"2083096783","1975397943","0.125"
"1975397943","2147771055","0.125"
"2147771055","1975397943","0.125"
"1986446161","1993448335","2.70833"
"1993448335","1986446161","2.70833"
"1986446161","2100355365","1.49167"
"2100355365","1986446161","1.49167"
"1986446161","2147771055","0.125"
"2147771055","1986446161","0.125"
"1986446161","2150874632","3.49167"
"2150874632","1986446161","3.49167"
"1986446161","2076656908","0.2"
"2076656908","1986446161","0.2"
"1986446161","2167686873","8.9"
"2167686873","1986446161","8.9"
"2067534690","2147771055","1.7"
"2147771055","2067534690","1.7"
"2147160183","2147771055","7.86667"
"2147771055","2147160183","7.86667"
"1581845889","2150874632","23"
"2150874632","1581845889","23"
"1581845889","2043657629","1.16667"
"2043657629","1581845889","1.16667"
"1581845889","2143280386","0.666667"
"2143280386","1581845889","0.666667"
"1581845889","1975397943","0.333333"
"1975397943","1581845889","0.333333"
"1581845889","2012573326","0.333333"
"2012573326","1581845889","0.333333"
"1975397943","2012573326","0.333333"
"2012573326","1975397943","0.333333"
"1581845889","2067534690","0.5"
"2067534690","1581845889","0.5"
"2043657629","2067534690","4.25"
"2067534690","2043657629","4.25"
"1585256313","60117122","1"
"60117122","1585256313","1"
"1585256313","2155029812","2"
"2155029812","1585256313","2"
"1585256313","2147160183","3"
"2147160183","1585256313","3"
"1585256313","1982067415","1"
"1982067415","1585256313","1"
"1585256313","2148766288","1"
"2148766288","1585256313","1"
"1598576028","2147771055","2"
"2147771055","1598576028","2"
"2051572365","2147771055","1.2"
"2147771055","2051572365","1.2"
"1598576028","2067534690","2"
"2067534690","1598576028","2"
"1705812070","2067534690","0.5"
"2067534690","1705812070","0.5"
"1705812070","2169120955","0.5"
"2169120955","1705812070","0.5"
"2067534690","2169120955","0.5"
"2169120955","2067534690","0.5"
"1936084052","2043657629","9"
"2043657629","1936084052","9"
"1936084052","2012573326","5.5"
"2012573326","1936084052","5.5"
"1936084052","2150874632","1.5"
"2150874632","1936084052","1.5"
"2043657629","2083096783","6.36667"
"2083096783","2043657629","6.36667"
"1975142584","2067534690","1.33333"
"2067534690","1975142584","1.33333"
"1975142584","2163653637","0.333333"
"2163653637","1975142584","0.333333"
"2067534690","2163653637","0.333333"
"2163653637","2067534690","0.333333"
"2095956339","2163653637","2.83333"
"2163653637","2095956339","2.83333"
"2147771055","2163653637","1.5"
"2163653637","2147771055","1.5"
"2150874632","2163653637","1.5"
"2163653637","2150874632","1.5"
"1975142584","2113335784","1"
"2113335784","1975142584","1"
"2051572365","2083096783","4.58333"
"2083096783","2051572365","4.58333"
"1975397943","2148766288","0.5"
"2148766288","1975397943","0.5"
"1975397943","2167686873","0.25"
"2167686873","1975397943","0.25"
"1975397943","2067534690","1"
"2067534690","1975397943","1"
"1976024593","2155029812","1.83333"
"2155029812","1976024593","1.83333"
"1976024593","2043657629","0.5"
"2043657629","1976024593","0.5"
"2043657629","2155029812","0.5"
"2155029812","2043657629","0.5"
"1976024593","1982067415","0.333333"
"1982067415","1976024593","0.333333"
"1976024593","2163653637","0.333333"
"2163653637","1976024593","0.333333"
"1982067415","2163653637","23.8333"
"2163653637","1982067415","23.8333"
"2155029812","2163653637","7.33333"
"2163653637","2155029812","7.33333"
"1976024593","2166565937","0.333333"
"2166565937","1976024593","0.333333"
"1982067415","2043657629","2"
"2043657629","1982067415","2"
"1982067415","2113335784","0.5"
"2113335784","1982067415","0.5"
"2113335784","2155029812","2.5"
"2155029812","2113335784","2.5"
"1982067415","2095956339","1"
"2095956339","1982067415","1"
"1982481270","2095956339","0.5"
"2095956339","1982481270","0.5"
"1982481270","2163653637","3.5"
"2163653637","1982481270","3.5"
"1982481270","2167686873","1"
"2167686873","1982481270","1"
"1986446161","2144258930","4.61667"
"2144258930","1986446161","4.61667"
"1986446161","2113335784","1"
"2113335784","1986446161","1"
"1986446161","2148766288","2.03333"
"2148766288","1986446161","2.03333"
"1993448335","2036027374","0.5"
"2036027374","1993448335","0.5"
"1993448335","2539796051","0.333333"
"2539796051","1993448335","0.333333"
"2095956339","2539796051","0.333333"
"2539796051","2095956339","0.333333"
"2100355365","2539796051","0.333333"
"2539796051","2100355365","0.333333"
"2083096783","2166565937","0.642857"
"2166565937","2083096783","0.642857"
"2147771055","2166565937","0.342857"
"2166565937","2147771055","0.342857"
"1993448335","2126480875","1"
"2126480875","1993448335","1"
"1995732009","2067534690","0.333333"
"2067534690","1995732009","0.333333"
"1995732009","2150874632","0.333333"
"2150874632","1995732009","0.333333"
"2003999500","2095956339","2.5"
"2095956339","2003999500","2.5"
"2003999500","2150874632","1"
"2150874632","2003999500","1"
"2003999500","2215669843","0.5"
"2215669843","2003999500","0.5"
"2095956339","2215669843","0.5"
"2215669843","2095956339","0.5"
"2012573326","2163653637","0.166667"
"2163653637","2012573326","0.166667"
"2043657629","2147771055","0.166667"
"2147771055","2043657629","0.166667"
"2043657629","2163653637","0.5"
"2163653637","2043657629","0.5"
"2100355365","2163653637","2"
"2163653637","2100355365","2"
"2143280386","2163653637","4"
"2163653637","2143280386","4"
"2012573326","2083096783","1.33333"
"2083096783","2012573326","1.33333"
"2014941198","2399411781","3"
"2399411781","2014941198","3"
"2028069128","2076656908","2"
"2076656908","2028069128","2"
"2028251991","2150874632","1"
"2150874632","2028251991","1"
"2036027374","2126480875","3.83333"
"2126480875","2036027374","3.83333"
"2036027374","2129470193","2"
"2129470193","2036027374","2"
"2036027374","2154677055","3.5"
"2154677055","2036027374","3.5"
"2126480875","2129470193","1"
"2129470193","2126480875","1"
"2126480875","2154677055","5.75"
"2154677055","2126480875","5.75"
"2129470193","2154677055","1"
"2154677055","2129470193","1"
"2036027374","2067534690","1"
"2067534690","2036027374","1"
"2036027374","2147160183","1"
"2147160183","2036027374","1"
"2036027374","2147771055","0.333333"
"2147771055","2036027374","0.333333"
"2126480875","2147771055","0.333333"
"2147771055","2126480875","0.333333"
"2076656908","2083096783","0.2"
"2083096783","2076656908","0.2"
"2067534690","2399411781","1"
"2399411781","2067534690","1"
"2067534690","2076656908","2.66667"
"2076656908","2067534690","2.66667"
"2067534690","2167686873","2.5"
"2167686873","2067534690","2.5"
"2067534690","2129470193","1"
"2129470193","2067534690","1"
"2147771055","2154677055","2.5"
"2154677055","2147771055","2.5"
