"1540839829","1979149046","0.2"
"1979149046","1540839829","0.2"
"1540839829","2050062128","0.2"
"2050062128","1540839829","0.2"
"1540839829","2157105625","0.533333"
"2157105625","1540839829","0.533333"
"1540839829","2161794541","0.2"
"2161794541","1540839829","0.2"
"1540839829","228376480","0.2"
"228376480","1540839829","0.2"
"1979149046","2050062128","0.2"
"2050062128","1979149046","0.2"
"1979149046","2157105625","3.56667"
"2157105625","1979149046","3.56667"
"1979149046","2161794541","3.9"
"2161794541","1979149046","3.9"
"1979149046","228376480","0.2"
"228376480","1979149046","0.2"
"2050062128","2157105625","1.03333"
"2157105625","2050062128","1.03333"
"2050062128","2161794541","0.2"
"2161794541","2050062128","0.2"
"2050062128","228376480","0.2"
"228376480","2050062128","0.2"
"2157105625","2161794541","9.12619"
"2161794541","2157105625","9.12619"
"2157105625","228376480","0.67619"
"228376480","2157105625","0.67619"
"2161794541","228376480","1.17619"
"228376480","2161794541","1.17619"
"1540839829","2082210232","0.333333"
"2082210232","1540839829","0.333333"
"1540839829","2147155775","0.333333"
"2147155775","1540839829","0.333333"
"2082210232","2147155775","5.78333"
"2147155775","2082210232","5.78333"
"2082210232","2157105625","1.33333"
"2157105625","2082210232","1.33333"
"2147155775","2157105625","3.08333"
"2157105625","2147155775","3.08333"
"1551005385","2170748977","2.88889"
"2170748977","1551005385","2.88889"
"1551005385","2135469644","2.22222"
"2135469644","1551005385","2.22222"
"1551005385","2061309618","0.333333"
"2061309618","1551005385","0.333333"
"1551005385","63886951","2.83333"
"63886951","1551005385","2.83333"
"2061309618","2170748977","14.11"
"2170748977","2061309618","14.11"
"2061309618","63886951","0.666667"
"63886951","2061309618","0.666667"
"2170748977","63886951","3.53333"
"63886951","2170748977","3.53333"
"1551005385","2104057751","0.388889"
"2104057751","1551005385","0.388889"
"1551005385","2161082723","0.333333"
"2161082723","1551005385","0.333333"
"2104057751","2135469644","0.388889"
"2135469644","2104057751","0.388889"
"2104057751","2161082723","5.84216"
"2161082723","2104057751","5.84216"
"2135469644","2161082723","0.333333"
"2161082723","2135469644","0.333333"
"1551005385","1965730536","0.0555556"
"1965730536","1551005385","0.0555556"
"1551005385","1991228313","0.0555556"
"1991228313","1551005385","0.0555556"
"1551005385","2011532213","0.0555556"
"2011532213","1551005385","0.0555556"
"1551005385","2028029365","0.0555556"
"2028029365","1551005385","0.0555556"
"1551005385","2032412711","0.0555556"
"2032412711","1551005385","0.0555556"
"1551005385","2072933891","0.0555556"
"2072933891","1551005385","0.0555556"
"1551005385","2089807485","0.0555556"
"2089807485","1551005385","0.0555556"
"1551005385","2101818688","0.0555556"
"2101818688","1551005385","0.0555556"
"1551005385","2123076731","0.0555556"
"2123076731","1551005385","0.0555556"
"1551005385","2124153811","2.38889"
"2124153811","1551005385","2.38889"
"1551005385","2132446817","0.0555556"
"2132446817","1551005385","0.0555556"
"1551005385","2147122006","0.0555556"
"2147122006","1551005385","0.0555556"
"1551005385","2147155775","0.388889"
"2147155775","1551005385","0.388889"
"1551005385","2255575970","0.0555556"
"2255575970","1551005385","0.0555556"
"1551005385","2989924095","0.0555556"
"2989924095","1551005385","0.0555556"
"1965730536","1991228313","0.0555556"
"1991228313","1965730536","0.0555556"
"1965730536","2011532213","0.0555556"
"2011532213","1965730536","0.0555556"
"1965730536","2028029365","0.364379"
"2028029365","1965730536","0.364379"
"1965730536","2032412711","0.0555556"
"2032412711","1965730536","0.0555556"
"1965730536","2072933891","0.0555556"
"2072933891","1965730536","0.0555556"
"1965730536","2089807485","0.0555556"
"2089807485","1965730536","0.0555556"
"1965730536","2101818688","0.0555556"
"2101818688","1965730536","0.0555556"
"1965730536","2104057751","0.114379"
"2104057751","1965730536","0.114379"
"1965730536","2123076731","0.447712"
"2123076731","1965730536","0.447712"
"1965730536","2124153811","0.0555556"
"2124153811","1965730536","0.0555556"
"1965730536","2132446817","0.0555556"
"2132446817","1965730536","0.0555556"
"1965730536","2135469644","0.0555556"
"2135469644","1965730536","0.0555556"
"1965730536","2147122006","1.05556"
"2147122006","1965730536","1.05556"
"1965730536","2147155775","0.0555556"
"2147155775","1965730536","0.0555556"
"1965730536","2170748977","0.114379"
"2170748977","1965730536","0.114379"
"1965730536","2255575970","0.0555556"
"2255575970","1965730536","0.0555556"
"1965730536","2989924095","0.0555556"
"2989924095","1965730536","0.0555556"
"1991228313","2011532213","0.198413"
"2011532213","1991228313","0.198413"
"1991228313","2028029365","0.0555556"
"2028029365","1991228313","0.0555556"
"1991228313","2032412711","0.899603"
"2032412711","1991228313","0.899603"
"1991228313","2072933891","0.266667"
"2072933891","1991228313","0.266667"
"1991228313","2089807485","0.531746"
"2089807485","1991228313","0.531746"
"1991228313","2101818688","1.01071"
"2101818688","1991228313","1.01071"
"1991228313","2104057751","0.0555556"
"2104057751","1991228313","0.0555556"
"1991228313","2123076731","0.899603"
"2123076731","1991228313","0.899603"
"1991228313","2124153811","0.0555556"
"2124153811","1991228313","0.0555556"
"1991228313","2132446817","0.323413"
"2132446817","1991228313","0.323413"
"1991228313","2135469644","0.0555556"
"2135469644","1991228313","0.0555556"
"1991228313","2147122006","0.0555556"
"2147122006","1991228313","0.0555556"
"1991228313","2147155775","0.674603"
"2147155775","1991228313","0.674603"
"1991228313","2170748977","0.198413"
"2170748977","1991228313","0.198413"
"1991228313","2255575970","0.0555556"
"2255575970","1991228313","0.0555556"
"1991228313","2989924095","0.0555556"
"2989924095","1991228313","0.0555556"
"2011532213","2028029365","0.0555556"
"2028029365","2011532213","0.0555556"
"2011532213","2032412711","0.198413"
"2032412711","2011532213","0.198413"
"2011532213","2072933891","0.0555556"
"2072933891","2011532213","0.0555556"
"2011532213","2089807485","0.0555556"
"2089807485","2011532213","0.0555556"
"2011532213","2101818688","0.0555556"
"2101818688","2011532213","0.0555556"
"2011532213","2104057751","1.05556"
"2104057751","2011532213","1.05556"
"2011532213","2123076731","1.19841"
"2123076731","2011532213","1.19841"
"2011532213","2124153811","0.0555556"
"2124153811","2011532213","0.0555556"
"2011532213","2132446817","0.0555556"
"2132446817","2011532213","0.0555556"
"2011532213","2135469644","0.0555556"
"2135469644","2011532213","0.0555556"
"2011532213","2147122006","1.55556"
"2147122006","2011532213","1.55556"
"2011532213","2147155775","0.0555556"
"2147155775","2011532213","0.0555556"
"2011532213","2170748977","0.0555556"
"2170748977","2011532213","0.0555556"
"2011532213","2255575970","0.0555556"
"2255575970","2011532213","0.0555556"
"2011532213","2989924095","0.0555556"
"2989924095","2011532213","0.0555556"
"2028029365","2032412711","0.0555556"
"2032412711","2028029365","0.0555556"
"2028029365","2072933891","0.0555556"
"2072933891","2028029365","0.0555556"
"2028029365","2089807485","0.0555556"
"2089807485","2028029365","0.0555556"
"2028029365","2101818688","1.42222"
"2101818688","2028029365","1.42222"
"2028029365","2104057751","1.11438"
"2104057751","2028029365","1.11438"
"2028029365","2123076731","8.03105"
"2123076731","2028029365","8.03105"
"2028029365","2124153811","0.805556"
"2124153811","2028029365","0.805556"
"2028029365","2132446817","2.08889"
"2132446817","2028029365","2.08889"
"2028029365","2135469644","0.888889"
"2135469644","2028029365","0.888889"
"2028029365","2147122006","0.588889"
"2147122006","2028029365","0.588889"
"2028029365","2147155775","1.30556"
"2147155775","2028029365","1.30556"
"2028029365","2170748977","48.981"
"2170748977","2028029365","48.981"
"2028029365","2255575970","0.0555556"
"2255575970","2028029365","0.0555556"
"2028029365","2989924095","0.0555556"
"2989924095","2028029365","0.0555556"
"2032412711","2072933891","2.32222"
"2072933891","2032412711","2.32222"
"2032412711","2089807485","1.53175"
"2089807485","2032412711","1.53175"
"2032412711","2101818688","1.88175"
"2101818688","2032412711","1.88175"
"2032412711","2104057751","0.388889"
"2104057751","2032412711","0.388889"
"2032412711","2123076731","1.6496"
"2123076731","2032412711","1.6496"
"2032412711","2124153811","0.0555556"
"2124153811","2032412711","0.0555556"
"2032412711","2132446817","0.180556"
"2132446817","2032412711","0.180556"
"2032412711","2135469644","0.0555556"
"2135469644","2032412711","0.0555556"
"2032412711","2147122006","0.0555556"
"2147122006","2032412711","0.0555556"
"2032412711","2147155775","0.823413"
"2147155775","2032412711","0.823413"
"2032412711","2170748977","0.680556"
"2170748977","2032412711","0.680556"
"2032412711","2255575970","0.0555556"
"2255575970","2032412711","0.0555556"
"2032412711","2989924095","0.0555556"
"2989924095","2032412711","0.0555556"
"2072933891","2089807485","0.0555556"
"2089807485","2072933891","0.0555556"
"2072933891","2101818688","0.266667"
"2101818688","2072933891","0.266667"
"2072933891","2104057751","0.0555556"
"2104057751","2072933891","0.0555556"
"2072933891","2123076731","1.15556"
"2123076731","2072933891","1.15556"
"2072933891","2124153811","0.0555556"
"2124153811","2072933891","0.0555556"
"2072933891","2132446817","0.0555556"
"2132446817","2072933891","0.0555556"
"2072933891","2135469644","0.0555556"
"2135469644","2072933891","0.0555556"
"2072933891","2147122006","0.0555556"
"2147122006","2072933891","0.0555556"
"2072933891","2147155775","1.05556"
"2147155775","2072933891","1.05556"
"2072933891","2170748977","0.0555556"
"2170748977","2072933891","0.0555556"
"2072933891","2255575970","0.0555556"
"2255575970","2072933891","0.0555556"
"2072933891","2989924095","0.0555556"
"2989924095","2072933891","0.0555556"
"2089807485","2101818688","1.73175"
"2101818688","2089807485","1.73175"
"2089807485","2104057751","0.0555556"
"2104057751","2089807485","0.0555556"
"2089807485","2123076731","0.531746"
"2123076731","2089807485","0.531746"
"2089807485","2124153811","0.0555556"
"2124153811","2089807485","0.0555556"
"2089807485","2132446817","0.0555556"
"2132446817","2089807485","0.0555556"
"2089807485","2135469644","0.0555556"
"2135469644","2089807485","0.0555556"
"2089807485","2147122006","0.0555556"
"2147122006","2089807485","0.0555556"
"2089807485","2147155775","0.198413"
"2147155775","2089807485","0.198413"
"2089807485","2170748977","0.255556"
"2170748977","2089807485","0.255556"
"2089807485","2255575970","0.0555556"
"2255575970","2089807485","0.0555556"
"2089807485","2989924095","0.0555556"
"2989924095","2089807485","0.0555556"
"2101818688","2104057751","0.555556"
"2104057751","2101818688","0.555556"
"2101818688","2123076731","1.09008"
"2123076731","2101818688","1.09008"
"2101818688","2124153811","0.0555556"
"2124153811","2101818688","0.0555556"
"2101818688","2132446817","0.740079"
"2132446817","2101818688","0.740079"
"2101818688","2135469644","0.0555556"
"2135469644","2101818688","0.0555556"
"2101818688","2147122006","0.0555556"
"2147122006","2101818688","0.0555556"
"2101818688","2147155775","0.632937"
"2147155775","2101818688","0.632937"
"2101818688","2170748977","2.47341"
"2170748977","2101818688","2.47341"
"2101818688","2255575970","0.0555556"
"2255575970","2101818688","0.0555556"
"2101818688","2989924095","0.0555556"
"2989924095","2101818688","0.0555556"
"2104057751","2123076731","1.81438"
"2123076731","2104057751","1.81438"
"2104057751","2124153811","0.0555556"
"2124153811","2104057751","0.0555556"
"2104057751","2132446817","3.22222"
"2132446817","2104057751","3.22222"
"2104057751","2147122006","0.555556"
"2147122006","2104057751","0.555556"
"2104057751","2147155775","0.722222"
"2147155775","2104057751","0.722222"
"2104057751","2170748977","0.647712"
"2170748977","2104057751","0.647712"
"2104057751","2255575970","0.0555556"
"2255575970","2104057751","0.0555556"
"2104057751","2989924095","0.0555556"
"2989924095","2104057751","0.0555556"
"2123076731","2124153811","1.30556"
"2124153811","2123076731","1.30556"
"2123076731","2132446817","2.26389"
"2132446817","2123076731","2.26389"
"2123076731","2135469644","0.788889"
"2135469644","2123076731","0.788889"
"2123076731","2147122006","0.888889"
"2147122006","2123076731","0.888889"
"2123076731","2147155775","1.44841"
"2147155775","2123076731","1.44841"
"2123076731","2170748977","4.45724"
"2170748977","2123076731","4.45724"
"2123076731","2255575970","0.0555556"
"2255575970","2123076731","0.0555556"
"2123076731","2989924095","0.0555556"
"2989924095","2123076731","0.0555556"
"2124153811","2132446817","0.0555556"
"2132446817","2124153811","0.0555556"
"2124153811","2135469644","3.38889"
"2135469644","2124153811","3.38889"
"2124153811","2147122006","0.0555556"
"2147122006","2124153811","0.0555556"
"2124153811","2147155775","1.72222"
"2147155775","2124153811","1.72222"
"2124153811","2170748977","2.97222"
"2170748977","2124153811","2.97222"
"2124153811","2255575970","0.0555556"
"2255575970","2124153811","0.0555556"
"2124153811","2989924095","0.0555556"
"2989924095","2124153811","0.0555556"
"2132446817","2135469644","0.0555556"
"2135469644","2132446817","0.0555556"
"2132446817","2147122006","0.0555556"
"2147122006","2132446817","0.0555556"
"2132446817","2147155775","7.09841"
"2147155775","2132446817","7.09841"
"2132446817","2170748977","9.47341"
"2170748977","2132446817","9.47341"
"2132446817","2255575970","0.0555556"
"2255575970","2132446817","0.0555556"
"2132446817","2989924095","1.80556"
"2989924095","2132446817","1.80556"
"2135469644","2147122006","0.0555556"
"2147122006","2135469644","0.0555556"
"2135469644","2147155775","5.67222"
"2147155775","2135469644","5.67222"
"2135469644","2170748977","2.88889"
"2170748977","2135469644","2.88889"
"2135469644","2255575970","0.0555556"
"2255575970","2135469644","0.0555556"
"2135469644","2989924095","0.0555556"
"2989924095","2135469644","0.0555556"
"2147122006","2147155775","0.0555556"
"2147155775","2147122006","0.0555556"
"2147122006","2170748977","0.388889"
"2170748977","2147122006","0.388889"
"2147122006","2255575970","0.0555556"
"2255575970","2147122006","0.0555556"
"2147122006","2989924095","0.0555556"
"2989924095","2147122006","0.0555556"
"2147155775","2170748977","14.6067"
"2170748977","2147155775","14.6067"
"2147155775","2255575970","0.0555556"
"2255575970","2147155775","0.0555556"
"2147155775","2989924095","0.805556"
"2989924095","2147155775","0.805556"
"2170748977","2255575970","0.0555556"
"2255575970","2170748977","0.0555556"
"2170748977","2989924095","2.55556"
"2989924095","2170748977","2.55556"
"2255575970","2989924095","0.0555556"
"2989924095","2255575970","0.0555556"
"1551005385","2153036769","0.5"
"2153036769","1551005385","0.5"
"2153036769","2170748977","16.6012"
"2170748977","2153036769","16.6012"
"2135469644","63886951","4.45"
"63886951","2135469644","4.45"
"162906327","34509302","1.33333"
"34509302","162906327","1.33333"
"162906327","1983423649","0.333333"
"1983423649","162906327","0.333333"
"162906327","2126764680","0.333333"
"2126764680","162906327","0.333333"
"1983423649","2126764680","0.333333"
"2126764680","1983423649","0.333333"
"1983423649","34509302","0.333333"
"34509302","1983423649","0.333333"
"2126764680","34509302","0.333333"
"34509302","2126764680","0.333333"
"162906327","1963990783","1"
"1963990783","162906327","1"
"1965730536","2143427281","1.05882"
"2143427281","1965730536","1.05882"
"2143427281","2147122006","1.11111"
"2147122006","2143427281","1.11111"
"1965730536","2031833949","0.25"
"2031833949","1965730536","0.25"
"1965730536","2037694216","0.25"
"2037694216","1965730536","0.25"
"1965730536","2161082723","0.308824"
"2161082723","1965730536","0.308824"
"2028029365","2031833949","0.25"
"2031833949","2028029365","0.25"
"2028029365","2037694216","0.25"
"2037694216","2028029365","0.25"
"2028029365","2161082723","0.508824"
"2161082723","2028029365","0.508824"
"2031833949","2037694216","0.25"
"2037694216","2031833949","0.25"
"2031833949","2161082723","0.25"
"2161082723","2031833949","0.25"
"2037694216","2161082723","0.25"
"2161082723","2037694216","0.25"
"1965730536","2024986232","0.392157"
"2024986232","1965730536","0.392157"
"1965730536","2132049110","0.333333"
"2132049110","1965730536","0.333333"
"2024986232","2123076731","0.785014"
"2123076731","2024986232","0.785014"
"2024986232","2132049110","1.83333"
"2132049110","2024986232","1.83333"
"2123076731","2132049110","4.41071"
"2132049110","2123076731","4.41071"
"1965730536","1976587136","0.0588235"
"1976587136","1965730536","0.0588235"
"1965730536","2026429632","0.0588235"
"2026429632","1965730536","0.0588235"
"1965730536","2039742305","0.0588235"
"2039742305","1965730536","0.0588235"
"1965730536","2046939742","0.0588235"
"2046939742","1965730536","0.0588235"
"1965730536","2061309618","0.0588235"
"2061309618","1965730536","0.0588235"
"1965730536","2108979926","0.0588235"
"2108979926","1965730536","0.0588235"
"1965730536","2113587925","0.0588235"
"2113587925","1965730536","0.0588235"
"1965730536","2141563716","0.0588235"
"2141563716","1965730536","0.0588235"
"1965730536","2161794541","0.0588235"
"2161794541","1965730536","0.0588235"
"1965730536","2516310909","0.0588235"
"2516310909","1965730536","0.0588235"
"1976587136","2024986232","0.0588235"
"2024986232","1976587136","0.0588235"
"1976587136","2026429632","0.0588235"
"2026429632","1976587136","0.0588235"
"1976587136","2028029365","0.392157"
"2028029365","1976587136","0.392157"
"1976587136","2039742305","0.0588235"
"2039742305","1976587136","0.0588235"
"1976587136","2046939742","0.0588235"
"2046939742","1976587136","0.0588235"
"1976587136","2061309618","0.308824"
"2061309618","1976587136","0.308824"
"1976587136","2104057751","0.0588235"
"2104057751","1976587136","0.0588235"
"1976587136","2108979926","0.0588235"
"2108979926","1976587136","0.0588235"
"1976587136","2113587925","0.0588235"
"2113587925","1976587136","0.0588235"
"1976587136","2123076731","1.05882"
"2123076731","1976587136","1.05882"
"1976587136","2141563716","0.0588235"
"2141563716","1976587136","0.0588235"
"1976587136","2143427281","0.0588235"
"2143427281","1976587136","0.0588235"
"1976587136","2161082723","0.0588235"
"2161082723","1976587136","0.0588235"
"1976587136","2161794541","0.642157"
"2161794541","1976587136","0.642157"
"1976587136","2170748977","1.05882"
"2170748977","1976587136","1.05882"
"1976587136","2516310909","0.0588235"
"2516310909","1976587136","0.0588235"
"2024986232","2026429632","0.0588235"
"2026429632","2024986232","0.0588235"
"2024986232","2028029365","0.0588235"
"2028029365","2024986232","0.0588235"
"2024986232","2039742305","0.0588235"
"2039742305","2024986232","0.0588235"
"2024986232","2046939742","0.0588235"
"2046939742","2024986232","0.0588235"
"2024986232","2061309618","0.308824"
"2061309618","2024986232","0.308824"
"2024986232","2104057751","0.0588235"
"2104057751","2024986232","0.0588235"
"2024986232","2108979926","0.0588235"
"2108979926","2024986232","0.0588235"
"2024986232","2113587925","1.22549"
"2113587925","2024986232","1.22549"
"2024986232","2141563716","0.0588235"
"2141563716","2024986232","0.0588235"
"2024986232","2143427281","1.55882"
"2143427281","2024986232","1.55882"
"2024986232","2161082723","10.3088"
"2161082723","2024986232","10.3088"
"2024986232","2161794541","0.0588235"
"2161794541","2024986232","0.0588235"
"2024986232","2170748977","0.558824"
"2170748977","2024986232","0.558824"
"2024986232","2516310909","0.0588235"
"2516310909","2024986232","0.0588235"
"2026429632","2028029365","0.392157"
"2028029365","2026429632","0.392157"
"2026429632","2039742305","0.0588235"
"2039742305","2026429632","0.0588235"
"2026429632","2046939742","0.0588235"
"2046939742","2026429632","0.0588235"
"2026429632","2061309618","2.64216"
"2061309618","2026429632","2.64216"
"2026429632","2104057751","0.258824"
"2104057751","2026429632","0.258824"
"2026429632","2108979926","0.0588235"
"2108979926","2026429632","0.0588235"
"2026429632","2113587925","0.0588235"
"2113587925","2026429632","0.0588235"
"2026429632","2123076731","0.592157"
"2123076731","2026429632","0.592157"
"2026429632","2141563716","0.0588235"
"2141563716","2026429632","0.0588235"
"2026429632","2143427281","3.34216"
"2143427281","2026429632","3.34216"
"2026429632","2161082723","0.392157"
"2161082723","2026429632","0.392157"
"2026429632","2161794541","1.14216"
"2161794541","2026429632","1.14216"
"2026429632","2170748977","3.09216"
"2170748977","2026429632","3.09216"
"2026429632","2516310909","0.0588235"
"2516310909","2026429632","0.0588235"
"2028029365","2039742305","0.392157"
"2039742305","2028029365","0.392157"
"2028029365","2046939742","0.0588235"
"2046939742","2028029365","0.0588235"
"2028029365","2061309618","2.55882"
"2061309618","2028029365","2.55882"
"2028029365","2108979926","0.758824"
"2108979926","2028029365","0.758824"
"2028029365","2113587925","0.0588235"
"2113587925","2028029365","0.0588235"
"2028029365","2141563716","1.05882"
"2141563716","2028029365","1.05882"
"2028029365","2143427281","1.72549"
"2143427281","2028029365","1.72549"
"2028029365","2161794541","1.80882"
"2161794541","2028029365","1.80882"
"2028029365","2516310909","0.258824"
"2516310909","2028029365","0.258824"
"2039742305","2046939742","0.0588235"
"2046939742","2039742305","0.0588235"
"2039742305","2061309618","0.0588235"
"2061309618","2039742305","0.0588235"
"2039742305","2104057751","0.0588235"
"2104057751","2039742305","0.0588235"
"2039742305","2108979926","0.201681"
"2108979926","2039742305","0.201681"
"2039742305","2113587925","0.0588235"
"2113587925","2039742305","0.0588235"
"2039742305","2123076731","0.558824"
"2123076731","2039742305","0.558824"
"2039742305","2141563716","1.05882"
"2141563716","2039742305","1.05882"
"2039742305","2143427281","0.312792"
"2143427281","2039742305","0.312792"
"2039742305","2161082723","0.0588235"
"2161082723","2039742305","0.0588235"
"2039742305","2161794541","0.0588235"
"2161794541","2039742305","0.0588235"
"2039742305","2170748977","0.0588235"
"2170748977","2039742305","0.0588235"
"2039742305","2516310909","0.0588235"
"2516310909","2039742305","0.0588235"
"2046939742","2061309618","0.0588235"
"2061309618","2046939742","0.0588235"
"2046939742","2104057751","0.0588235"
"2104057751","2046939742","0.0588235"
"2046939742","2108979926","0.308824"
"2108979926","2046939742","0.308824"
"2046939742","2113587925","0.0588235"
"2113587925","2046939742","0.0588235"
"2046939742","2123076731","0.0588235"
"2123076731","2046939742","0.0588235"
"2046939742","2141563716","0.308824"
"2141563716","2046939742","0.308824"
"2046939742","2143427281","0.0588235"
"2143427281","2046939742","0.0588235"
"2046939742","2161082723","0.0588235"
"2161082723","2046939742","0.0588235"
"2046939742","2161794541","0.0588235"
"2161794541","2046939742","0.0588235"
"2046939742","2170748977","0.0588235"
"2170748977","2046939742","0.0588235"
"2046939742","2516310909","0.0588235"
"2516310909","2046939742","0.0588235"
"2061309618","2104057751","0.0588235"
"2104057751","2061309618","0.0588235"
"2061309618","2108979926","2.76716"
"2108979926","2061309618","2.76716"
"2061309618","2113587925","0.0588235"
"2113587925","2061309618","0.0588235"
"2061309618","2123076731","3.26001"
"2123076731","2061309618","3.26001"
"2061309618","2141563716","0.308824"
"2141563716","2061309618","0.308824"
"2061309618","2143427281","1.21716"
"2143427281","2061309618","1.21716"
"2061309618","2161082723","1.16716"
"2161082723","2061309618","1.16716"
"2061309618","2161794541","0.618347"
"2161794541","2061309618","0.618347"
"2061309618","2516310909","0.0588235"
"2516310909","2061309618","0.0588235"
"2104057751","2108979926","0.22549"
"2108979926","2104057751","0.22549"
"2104057751","2113587925","2.89216"
"2113587925","2104057751","2.89216"
"2104057751","2141563716","0.558824"
"2141563716","2104057751","0.558824"
"2104057751","2143427281","3.29216"
"2143427281","2104057751","3.29216"
"2104057751","2161794541","0.808824"
"2161794541","2104057751","0.808824"
"2104057751","2516310909","0.0588235"
"2516310909","2104057751","0.0588235"
"2108979926","2113587925","0.72549"
"2113587925","2108979926","0.72549"
"2108979926","2123076731","0.535014"
"2123076731","2108979926","0.535014"
"2108979926","2141563716","4.03501"
"2141563716","2108979926","4.03501"
"2108979926","2143427281","0.826681"
"2143427281","2108979926","0.826681"
"2108979926","2161082723","5.60049"
"2161082723","2108979926","5.60049"
"2108979926","2161794541","0.22549"
"2161794541","2108979926","0.22549"
"2108979926","2170748977","5.71716"
"2170748977","2108979926","5.71716"
"2108979926","2516310909","0.0588235"
"2516310909","2108979926","0.0588235"
"2113587925","2123076731","0.0588235"
"2123076731","2113587925","0.0588235"
"2113587925","2141563716","1.05882"
"2141563716","2113587925","1.05882"
"2113587925","2143427281","1.22549"
"2143427281","2113587925","1.22549"
"2113587925","2161082723","5.22549"
"2161082723","2113587925","5.22549"
"2113587925","2161794541","0.0588235"
"2161794541","2113587925","0.0588235"
"2113587925","2170748977","3.80882"
"2170748977","2113587925","3.80882"
"2113587925","2516310909","0.0588235"
"2516310909","2113587925","0.0588235"
"2123076731","2141563716","0.0588235"
"2141563716","2123076731","0.0588235"
"2123076731","2143427281","2.25882"
"2143427281","2123076731","2.25882"
"2123076731","2161082723","3.30882"
"2161082723","2123076731","3.30882"
"2123076731","2161794541","0.451681"
"2161794541","2123076731","0.451681"
"2123076731","2516310909","0.0588235"
"2516310909","2123076731","0.0588235"
"2141563716","2143427281","0.0588235"
"2143427281","2141563716","0.0588235"
"2141563716","2161082723","0.0588235"
"2161082723","2141563716","0.0588235"
"2141563716","2161794541","0.0588235"
"2161794541","2141563716","0.0588235"
"2141563716","2170748977","1.30882"
"2170748977","2141563716","1.30882"
"2141563716","2516310909","0.0588235"
"2516310909","2141563716","0.0588235"
"2143427281","2161082723","6.75049"
"2161082723","2143427281","6.75049"
"2143427281","2161794541","4.00882"
"2161794541","2143427281","4.00882"
"2143427281","2170748977","1.88382"
"2170748977","2143427281","1.88382"
"2143427281","2516310909","0.22549"
"2516310909","2143427281","0.22549"
"2161082723","2161794541","0.0588235"
"2161794541","2161082723","0.0588235"
"2161082723","2170748977","3.84216"
"2170748977","2161082723","3.84216"
"2161082723","2516310909","0.42549"
"2516310909","2161082723","0.42549"
"2161794541","2170748977","2.20168"
"2170748977","2161794541","2.20168"
"2161794541","2516310909","0.0588235"
"2516310909","2161794541","0.0588235"
"2170748977","2516310909","0.808824"
"2516310909","2170748977","0.808824"
"1966794903","2123076731","1.25"
"2123076731","1966794903","1.25"
"1966794903","2061309618","1"
"2061309618","1966794903","1"
"1966794903","2028029365","2.25"
"2028029365","1966794903","2.25"
"1966794903","2124153811","0.25"
"2124153811","1966794903","0.25"
"1966794903","2147155775","0.25"
"2147155775","1966794903","0.25"
"1966794903","2108979926","1.5"
"2108979926","1966794903","1.5"
"1966794903","2141563716","0.5"
"2141563716","1966794903","0.5"
"1966794903","2170748977","2"
"2170748977","1966794903","2"
"1966794903","2036263953","0.25"
"2036263953","1966794903","0.25"
"1966794903","2101818688","0.25"
"2101818688","1966794903","0.25"
"1966794903","2104057751","0.25"
"2104057751","1966794903","0.25"
"1966794903","2146156285","0.25"
"2146156285","1966794903","0.25"
"2036263953","2101818688","0.25"
"2101818688","2036263953","0.25"
"2036263953","2104057751","1.08333"
"2104057751","2036263953","1.08333"
"2036263953","2146156285","0.25"
"2146156285","2036263953","0.25"
"2101818688","2146156285","0.861111"
"2146156285","2101818688","0.861111"
"2104057751","2146156285","0.416667"
"2146156285","2104057751","0.416667"
"1966794903","2255575970","1"
"2255575970","1966794903","1"
"1966794903","2060773038","1"
"2060773038","1966794903","1"
"1966794903","2108615342","1"
"2108615342","1966794903","1"
"1970239077","2092287437","1.25"
"2092287437","1970239077","1.25"
"1970239077","2104057751","0.25"
"2104057751","1970239077","0.25"
"1970239077","2161082723","0.875"
"2161082723","1970239077","0.875"
"1970239077","2293250997","0.25"
"2293250997","1970239077","0.25"
"2092287437","2104057751","0.25"
"2104057751","2092287437","0.25"
"2092287437","2161082723","0.416667"
"2161082723","2092287437","0.416667"
"2092287437","2293250997","0.416667"
"2293250997","2092287437","0.416667"
"2104057751","2293250997","6.81667"
"2293250997","2104057751","6.81667"
"2161082723","2293250997","11.9"
"2293250997","2161082723","11.9"
"1970239077","2108979926","0.833333"
"2108979926","1970239077","0.833333"
"1970239077","1991228313","0.544444"
"1991228313","1970239077","0.544444"
"1970239077","2055922100","0.211111"
"2055922100","1970239077","0.211111"
"1970239077","2072933891","0.544444"
"2072933891","1970239077","0.544444"
"1970239077","2101818688","0.336111"
"2101818688","1970239077","0.336111"
"1970239077","2116357777","0.211111"
"2116357777","1970239077","0.211111"
"1970239077","2130407544","0.211111"
"2130407544","1970239077","0.211111"
"1970239077","2132049110","3.06944"
"2132049110","1970239077","3.06944"
"1970239077","2146156285","0.111111"
"2146156285","1970239077","0.111111"
"1970239077","2153036769","2.15278"
"2153036769","1970239077","2.15278"
"1991228313","2055922100","0.211111"
"2055922100","1991228313","0.211111"
"1991228313","2116357777","1.83611"
"2116357777","1991228313","1.83611"
"1991228313","2130407544","0.853968"
"2130407544","1991228313","0.853968"
"1991228313","2132049110","0.855159"
"2132049110","1991228313","0.855159"
"1991228313","2146156285","0.253968"
"2146156285","1991228313","0.253968"
"1991228313","2153036769","0.730159"
"2153036769","1991228313","0.730159"
"2055922100","2072933891","0.211111"
"2072933891","2055922100","0.211111"
"2055922100","2101818688","0.211111"
"2101818688","2055922100","0.211111"
"2055922100","2116357777","0.211111"
"2116357777","2055922100","0.211111"
"2055922100","2130407544","0.211111"
"2130407544","2055922100","0.211111"
"2055922100","2132049110","0.111111"
"2132049110","2055922100","0.111111"
"2055922100","2146156285","0.222222"
"2146156285","2055922100","0.222222"
"2055922100","2153036769","1.27778"
"2153036769","2055922100","1.27778"
"2072933891","2116357777","0.211111"
"2116357777","2072933891","0.211111"
"2072933891","2130407544","0.544444"
"2130407544","2072933891","0.544444"
"2072933891","2132049110","0.253968"
"2132049110","2072933891","0.253968"
"2072933891","2146156285","0.111111"
"2146156285","2072933891","0.111111"
"2072933891","2153036769","0.111111"
"2153036769","2072933891","0.111111"
"2101818688","2116357777","0.702778"
"2116357777","2101818688","0.702778"
"2101818688","2130407544","1.1373"
"2130407544","2101818688","1.1373"
"2101818688","2132049110","3.01349"
"2132049110","2101818688","3.01349"
"2101818688","2153036769","1.12897"
"2153036769","2101818688","1.12897"
"2116357777","2130407544","1.21111"
"2130407544","2116357777","1.21111"
"2116357777","2132049110","0.936111"
"2132049110","2116357777","0.936111"
"2116357777","2146156285","0.444444"
"2146156285","2116357777","0.444444"
"2116357777","2153036769","0.277778"
"2153036769","2116357777","0.277778"
"2130407544","2132049110","1.2873"
"2132049110","2130407544","1.2873"
"2130407544","2146156285","0.444444"
"2146156285","2130407544","0.444444"
"2130407544","2153036769","0.670635"
"2153036769","2130407544","0.670635"
"2132049110","2146156285","2.94444"
"2146156285","2132049110","2.94444"
"2132049110","2153036769","5.7123"
"2153036769","2132049110","5.7123"
"2146156285","2153036769","0.253968"
"2153036769","2146156285","0.253968"
"1970239077","2147155775","0.708333"
"2147155775","1970239077","0.708333"
"1970239077","2162932021","1.25"
"2162932021","1970239077","1.25"
"1970239077","2170748977","0.875"
"2170748977","1970239077","0.875"
"2147155775","2153036769","4.26786"
"2153036769","2147155775","4.26786"
"2147155775","2162932021","0.25"
"2162932021","2147155775","0.25"
"2153036769","2162932021","0.25"
"2162932021","2153036769","0.25"
"2162932021","2170748977","1.25"
"2170748977","2162932021","1.25"
"1970239077","2024986232","0.833333"
"2024986232","1970239077","0.833333"
"1970239077","2032412711","0.558333"
"2032412711","1970239077","0.558333"
"1970239077","2044123854","0.1"
"2044123854","1970239077","0.1"
"1970239077","2061309618","1.6"
"2061309618","1970239077","1.6"
"1970239077","2123076731","1.6"
"2123076731","1970239077","1.6"
"1991228313","2044123854","0.1"
"2044123854","1991228313","0.1"
"1991228313","2061309618","0.225"
"2061309618","1991228313","0.225"
"2032412711","2044123854","0.933333"
"2044123854","2032412711","0.933333"
"2032412711","2055922100","0.1"
"2055922100","2032412711","0.1"
"2032412711","2061309618","0.225"
"2061309618","2032412711","0.225"
"2032412711","2116357777","0.225"
"2116357777","2032412711","0.225"
"2032412711","2130407544","0.683333"
"2130407544","2032412711","0.683333"
"2044123854","2055922100","0.1"
"2055922100","2044123854","0.1"
"2044123854","2061309618","0.35"
"2061309618","2044123854","0.35"
"2044123854","2072933891","0.933333"
"2072933891","2044123854","0.933333"
"2044123854","2101818688","0.1"
"2101818688","2044123854","0.1"
"2044123854","2116357777","0.1"
"2116357777","2044123854","0.1"
"2044123854","2123076731","0.1"
"2123076731","2044123854","0.1"
"2044123854","2130407544","0.433333"
"2130407544","2044123854","0.433333"
"2055922100","2061309618","0.6"
"2061309618","2055922100","0.6"
"2055922100","2123076731","0.6"
"2123076731","2055922100","0.6"
"2061309618","2072933891","0.1"
"2072933891","2061309618","0.1"
"2061309618","2101818688","1.225"
"2101818688","2061309618","1.225"
"2061309618","2116357777","0.225"
"2116357777","2061309618","0.225"
"2061309618","2130407544","0.1"
"2130407544","2061309618","0.1"
"2116357777","2123076731","0.225"
"2123076731","2116357777","0.225"
"2123076731","2130407544","0.35"
"2130407544","2123076731","0.35"
"2061309618","2132049110","5.76786"
"2132049110","2061309618","5.76786"
"2032412711","2108979926","0.809524"
"2108979926","2032412711","0.809524"
"2072933891","2108979926","0.47619"
"2108979926","2072933891","0.47619"
"2024986232","2153036769","0.72619"
"2153036769","2024986232","0.72619"
"1970239077","2343170776","0.5"
"2343170776","1970239077","0.5"
"2123076731","2343170776","1.5"
"2343170776","2123076731","1.5"
"1970239077","2146867644","0.125"
"2146867644","1970239077","0.125"
"2032412711","2132049110","1.05952"
"2132049110","2032412711","1.05952"
"2032412711","2146867644","1.26786"
"2146867644","2032412711","1.26786"
"2032412711","2153036769","0.85119"
"2153036769","2032412711","0.85119"
"2032412711","2161082723","0.458333"
"2161082723","2032412711","0.458333"
"2101818688","2146867644","0.125"
"2146867644","2101818688","0.125"
"2101818688","2161082723","0.125"
"2161082723","2101818688","0.125"
"2132049110","2146867644","0.267857"
"2146867644","2132049110","0.267857"
"2132049110","2147155775","2.52738"
"2147155775","2132049110","2.52738"
"2132049110","2161082723","5.20833"
"2161082723","2132049110","5.20833"
"2132049110","2170748977","5.97738"
"2170748977","2132049110","5.97738"
"2146867644","2147155775","0.875"
"2147155775","2146867644","0.875"
"2146867644","2153036769","1.10119"
"2153036769","2146867644","1.10119"
"2146867644","2161082723","1.575"
"2161082723","2146867644","1.575"
"2146867644","2170748977","0.875"
"2170748977","2146867644","0.875"
"2147155775","2161082723","2.075"
"2161082723","2147155775","2.075"
"2153036769","2161082723","2.29167"
"2161082723","2153036769","2.29167"
"1972706146","1995172021","0.5"
"1995172021","1972706146","0.5"
"1972706146","2061309618","0.5"
"2061309618","1972706146","0.5"
"1995172021","2061309618","1.33333"
"2061309618","1995172021","1.33333"
"1973635726","2082302771","1"
"2082302771","1973635726","1"
"1973635726","2164780916","1"
"2164780916","1973635726","1"
"1976201425","2170748977","4.33333"
"2170748977","1976201425","4.33333"
"1976201425","2028029365","1"
"2028029365","1976201425","1"
"1976201425","2026429632","3.25"
"2026429632","1976201425","3.25"
"1976201425","2143046752","0.25"
"2143046752","1976201425","0.25"
"1976201425","2143427281","0.45"
"2143427281","1976201425","0.45"
"1976201425","2153036769","1.25"
"2153036769","1976201425","1.25"
"2026429632","2143046752","5.16667"
"2143046752","2026429632","5.16667"
"2026429632","2153036769","1.83333"
"2153036769","2026429632","1.83333"
"2143046752","2143427281","0.416667"
"2143427281","2143046752","0.416667"
"2143046752","2153036769","0.583333"
"2153036769","2143046752","0.583333"
"2143427281","2153036769","1.08333"
"2153036769","2143427281","1.08333"
"1976201425","2107310183","0.25"
"2107310183","1976201425","0.25"
"1976201425","2108979926","0.25"
"2108979926","1976201425","0.25"
"1976201425","2132049110","0.25"
"2132049110","1976201425","0.25"
"1976201425","2132446817","0.25"
"2132446817","1976201425","0.25"
"2107310183","2108979926","0.95"
"2108979926","2107310183","0.95"
"2107310183","2132049110","2.40833"
"2132049110","2107310183","2.40833"
"2107310183","2132446817","4.19167"
"2132446817","2107310183","4.19167"
"2108979926","2132049110","2.0119"
"2132049110","2108979926","2.0119"
"2108979926","2132446817","0.958333"
"2132446817","2108979926","0.958333"
"2132049110","2132446817","4.30119"
"2132446817","2132049110","4.30119"
"1976201425","1983423649","1.2"
"1983423649","1976201425","1.2"
"1976201425","2092287437","0.2"
"2092287437","1976201425","0.2"
"1976201425","2161794541","0.2"
"2161794541","1976201425","0.2"
"1976201425","2317407941","0.2"
"2317407941","1976201425","0.2"
"1983423649","2092287437","1.36667"
"2092287437","1983423649","1.36667"
"1983423649","2143427281","15.8944"
"2143427281","1983423649","15.8944"
"1983423649","2161794541","0.2"
"2161794541","1983423649","0.2"
"1983423649","2317407941","0.2"
"2317407941","1983423649","0.2"
"2092287437","2143427281","2.36667"
"2143427281","2092287437","2.36667"
"2092287437","2161794541","0.7"
"2161794541","2092287437","0.7"
"2092287437","2317407941","0.2"
"2317407941","2092287437","0.2"
"2143427281","2317407941","0.533333"
"2317407941","2143427281","0.533333"
"2161794541","2317407941","0.2"
"2317407941","2161794541","0.2"
"1976201425","2103825197","0.333333"
"2103825197","1976201425","0.333333"
"1976201425","2127200744","0.333333"
"2127200744","1976201425","0.333333"
"2103825197","2127200744","3.83333"
"2127200744","2103825197","3.83333"
"2103825197","2170748977","2.16667"
"2170748977","2103825197","2.16667"
"2127200744","2170748977","0.333333"
"2170748977","2127200744","0.333333"
"1976587136","2064027801","1.5"
"2064027801","1976587136","1.5"
"1976587136","2092287437","0.5"
"2092287437","1976587136","0.5"
"2064027801","2092287437","1.5"
"2092287437","2064027801","1.5"
"1976587136","2028811593","0.333333"
"2028811593","1976587136","0.333333"
"1976587136","2082302771","0.333333"
"2082302771","1976587136","0.333333"
"1976587136","2123973075","0.333333"
"2123973075","1976587136","0.333333"
"2028811593","2082302771","0.833333"
"2082302771","2028811593","0.833333"
"2028811593","2123973075","0.333333"
"2123973075","2028811593","0.333333"
"2082302771","2123973075","0.333333"
"2123973075","2082302771","0.333333"
"1976587136","63886951","0.5"
"63886951","1976587136","0.5"
"2123076731","63886951","0.833333"
"63886951","2123076731","0.833333"
"1976587136","2312988177","1.33333"
"2312988177","1976587136","1.33333"
"1976587136","2343170776","0.5"
"2343170776","1976587136","0.5"
"1976587136","2088107467","0.333333"
"2088107467","1976587136","0.333333"
"1976587136","2519886833","0.333333"
"2519886833","1976587136","0.333333"
"2088107467","2161794541","1.33333"
"2161794541","2088107467","1.33333"
"2088107467","2519886833","0.666667"
"2519886833","2088107467","0.666667"
"2161794541","2519886833","0.333333"
"2519886833","2161794541","0.333333"
"1976587136","2050062128","0.333333"
"2050062128","1976587136","0.333333"
"1976587136","2132049110","0.916667"
"2132049110","1976587136","0.916667"
"1976587136","2157105625","1.33333"
