"1483000560","1562949466","1.84091"
"1562949466","1483000560","1.84091"
"1483000560","1556150873","6.87821"
"1556150873","1483000560","6.87821"
"1483000560","1966525569","0.299242"
"1966525569","1483000560","0.299242"
"1483000560","2015655161","6.95397"
"2015655161","1483000560","6.95397"
"1483000560","2027423678","0.375"
"2027423678","1483000560","0.375"
"1483000560","2103014813","2.13654"
"2103014813","1483000560","2.13654"
"1483000560","2137237725","1.95202"
"2137237725","1483000560","1.95202"
"1483000560","2160110857","2.34488"
"2160110857","1483000560","2.34488"
"1556150873","1562949466","1.21515"
"1562949466","1556150873","1.21515"
"1556150873","1966525569","0.390909"
"1966525569","1556150873","0.390909"
"1556150873","2015655161","9.6044"
"2015655161","1556150873","9.6044"
"1556150873","2027423678","1.45278"
"2027423678","1556150873","1.45278"
"1556150873","2103014813","4.91317"
"2103014813","1556150873","4.91317"
"1556150873","2137237725","2.32864"
"2137237725","1556150873","2.32864"
"1556150873","2160110857","5.85642"
"2160110857","1556150873","5.85642"
"1562949466","1966525569","0.765909"
"1966525569","1562949466","0.765909"
"1562949466","2015655161","5.67424"
"2015655161","1562949466","5.67424"
"1562949466","2027423678","0.341667"
"2027423678","1562949466","0.341667"
"1562949466","2103014813","2.84015"
"2103014813","1562949466","2.84015"
"1562949466","2137237725","2.39848"
"2137237725","1562949466","2.39848"
"1562949466","2160110857","1.64848"
"2160110857","1562949466","1.64848"
"1966525569","2015655161","1.375"
"2015655161","1966525569","1.375"
"1966525569","2027423678","0.508333"
"2027423678","1966525569","0.508333"
"1966525569","2103014813","1.05758"
"2103014813","1966525569","1.05758"
"1966525569","2137237725","0.557576"
"2137237725","1966525569","0.557576"
"1966525569","2160110857","2.00758"
"2160110857","1966525569","2.00758"
"2015655161","2027423678","0.341667"
"2027423678","2015655161","0.341667"
"2015655161","2103014813","3.44607"
"2103014813","2015655161","3.44607"
"2015655161","2137237725","4.81154"
"2137237725","2015655161","4.81154"
"2015655161","2160110857","10.0949"
"2160110857","2015655161","10.0949"
"2027423678","2103014813","0.591667"
"2103014813","2027423678","0.591667"
"2027423678","2137237725","0.175"
"2137237725","2027423678","0.175"
"2027423678","2160110857","1.34563"
"2160110857","2027423678","1.34563"
"2103014813","2137237725","2.67031"
"2137237725","2103014813","2.67031"
"2103014813","2160110857","2.87031"
"2160110857","2103014813","2.87031"
"2137237725","2160110857","2.31912"
"2160110857","2137237725","2.31912"
"1483000560","2590916945","1.48377"
"2590916945","1483000560","1.48377"
"1483000560","325550458","1.34091"
"325550458","1483000560","1.34091"
"2590916945","325550458","2.34091"
"325550458","2590916945","2.34091"
"1483000560","2731580228","0.916667"
"2731580228","1483000560","0.916667"
"2015655161","2731580228","1.25"
"2731580228","2015655161","1.25"
"1483000560","2527715661","1.42424"
"2527715661","1483000560","1.42424"
"1483000560","5015309","2.27702"
"5015309","1483000560","2.27702"
"1483000560","64862633","0.0909091"
"64862633","1483000560","0.0909091"
"1556150873","2527715661","0.833009"
"2527715661","1556150873","0.833009"
"1556150873","2590916945","2.43377"
"2590916945","1556150873","2.43377"
"1556150873","325550458","1.70364"
"325550458","1556150873","1.70364"
"1556150873","5015309","10.2536"
"5015309","1556150873","10.2536"
"1556150873","64862633","0.507576"
"64862633","1556150873","0.507576"
"1562949466","2527715661","1.73182"
"2527715661","1562949466","1.73182"
"1562949466","2590916945","0.924242"
"2590916945","1562949466","0.924242"
"1562949466","325550458","0.931818"
"325550458","1562949466","0.931818"
"1562949466","5015309","1.00682"
"5015309","1562949466","1.00682"
"1562949466","64862633","1.00758"
"64862633","1562949466","1.00758"
"1966525569","2527715661","2.29924"
"2527715661","1966525569","2.29924"
"1966525569","2590916945","3.42424"
"2590916945","1966525569","3.42424"
"1966525569","325550458","3.00758"
"325550458","1966525569","3.00758"
"1966525569","5015309","0.765909"
"5015309","1966525569","0.765909"
"1966525569","64862633","0.140909"
"64862633","1966525569","0.140909"
"2103014813","2527715661","0.999675"
"2527715661","2103014813","0.999675"
"2103014813","2590916945","0.733766"
"2590916945","2103014813","0.733766"
"2103014813","325550458","0.842532"
"325550458","2103014813","0.842532"
"2103014813","5015309","3.39531"
"5015309","2103014813","3.39531"
"2103014813","64862633","0.507576"
"64862633","2103014813","0.507576"
"2137237725","2527715661","0.499675"
"2527715661","2137237725","0.499675"
"2137237725","2590916945","1.45758"
"2590916945","2137237725","1.45758"
"2137237725","325550458","0.809199"
"325550458","2137237725","0.809199"
"2137237725","5015309","3.53698"
"5015309","2137237725","3.53698"
"2137237725","64862633","0.140909"
"64862633","2137237725","0.140909"
"2160110857","2527715661","1.55682"
"2527715661","2160110857","1.55682"
"2160110857","2590916945","1.40043"
"2590916945","2160110857","1.40043"
"2160110857","325550458","3.92031"
"325550458","2160110857","3.92031"
"2160110857","5015309","4.64412"
"5015309","2160110857","4.64412"
"2160110857","64862633","0.140909"
"64862633","2160110857","0.140909"
"2527715661","2590916945","0.340909"
"2590916945","2527715661","0.340909"
"2527715661","325550458","1.04134"
"325550458","2527715661","1.04134"
"2527715661","5015309","0.999675"
"5015309","2527715661","0.999675"
"2527715661","64862633","0.140909"
"64862633","2527715661","0.140909"
"2590916945","5015309","1.12424"
"5015309","2590916945","1.12424"
"2590916945","64862633","0.257576"
"64862633","2590916945","0.257576"
"325550458","5015309","2.17587"
"5015309","325550458","2.17587"
"325550458","64862633","0.390909"
"64862633","325550458","0.390909"
"5015309","64862633","0.674242"
"64862633","5015309","0.674242"
"1483000560","2125604843","1.95"
"2125604843","1483000560","1.95"
"2103014813","2125604843","2.60952"
"2125604843","2103014813","2.60952"
"1562949466","2731580228","1.58333"
"2731580228","1562949466","1.58333"
"2015655161","2590916945","0.97619"
"2590916945","2015655161","0.97619"
"2015655161","325550458","1.28377"
"325550458","2015655161","1.28377"
"2160110857","2731580228","1.85119"
"2731580228","2160110857","1.85119"
"2590916945","2731580228","2.9"
"2731580228","2590916945","2.9"
"2731580228","325550458","0.892857"
"325550458","2731580228","0.892857"
"1483000560","2130333229","0.809524"
"2130333229","1483000560","0.809524"
"2015655161","2130333229","3.64286"
"2130333229","2015655161","3.64286"
"2130333229","2160110857","1.98016"
"2160110857","2130333229","1.98016"
"1483000560","2105438329","0.962302"
"2105438329","1483000560","0.962302"
"1483000560","2229463187","0.402778"
"2229463187","1483000560","0.402778"
"1556150873","2105438329","1.60718"
"2105438329","1556150873","1.60718"
"1556150873","2229463187","1.9298"
"2229463187","1556150873","1.9298"
"1562949466","2105438329","0.849242"
"2105438329","1562949466","0.849242"
"1562949466","2229463187","0.965909"
"2229463187","1562949466","0.965909"
"2015655161","2105438329","3.43654"
"2105438329","2015655161","3.43654"
"2015655161","2229463187","0.543687"
"2229463187","2015655161","0.543687"
"2015655161","5015309","5.00321"
"5015309","2015655161","5.00321"
"2105438329","2137237725","0.769877"
"2137237725","2105438329","0.769877"
"2105438329","2160110857","3.60718"
"2160110857","2105438329","3.60718"
"2105438329","2229463187","1.89646"
"2229463187","2105438329","1.89646"
"2105438329","5015309","1.43654"
"5015309","2105438329","1.43654"
"2137237725","2229463187","1.08535"
"2229463187","2137237725","1.08535"
"2160110857","2229463187","3.06313"
"2229463187","2160110857","3.06313"
"2229463187","5015309","3.23535"
"5015309","2229463187","3.23535"
"2105438329","2590916945","2.05952"
"2590916945","2105438329","2.05952"
"1556150873","2731580228","0.491667"
"2731580228","1556150873","0.491667"
"2137237725","2731580228","0.741667"
"2731580228","2137237725","0.741667"
"2229463187","2731580228","0.866667"
"2731580228","2229463187","0.866667"
"2229463187","325550458","5.86035"
"325550458","2229463187","5.86035"
"1483000560","2167716931","0.283333"
"2167716931","1483000560","0.283333"
"1483000560","2916607348","0.0833333"
"2916607348","1483000560","0.0833333"
"1562949466","2130333229","0.333333"
"2130333229","1562949466","0.333333"
"1562949466","2167716931","0.466667"
"2167716931","1562949466","0.466667"
"1562949466","2916607348","0.466667"
"2916607348","1562949466","0.466667"
"1966525569","2105438329","10.4583"
"2105438329","1966525569","10.4583"
"1966525569","2130333229","3.11667"
"2130333229","1966525569","3.11667"
"1966525569","2167716931","0.633333"
"2167716931","1966525569","0.633333"
"1966525569","2731580228","1.20833"
"2731580228","1966525569","1.20833"
"1966525569","2916607348","0.133333"
"2916607348","1966525569","0.133333"
"2015655161","2167716931","1.33333"
"2167716931","2015655161","1.33333"
"2015655161","2916607348","0.133333"
"2916607348","2015655161","0.133333"
"2105438329","2130333229","2.7873"
"2130333229","2105438329","2.7873"
"2105438329","2167716931","1.46667"
"2167716931","2105438329","1.46667"
"2105438329","2731580228","1.875"
"2731580228","2105438329","1.875"
"2105438329","2916607348","0.133333"
"2916607348","2105438329","0.133333"
"2105438329","325550458","3.30321"
"325550458","2105438329","3.30321"
"2130333229","2167716931","0.583333"
"2167716931","2130333229","0.583333"
"2130333229","2590916945","3.00952"
"2590916945","2130333229","3.00952"
"2130333229","2731580228","2.67619"
"2731580228","2130333229","2.67619"
"2130333229","2916607348","0.0833333"
"2916607348","2130333229","0.0833333"
"2130333229","325550458","5.62064"
"325550458","2130333229","5.62064"
"2130333229","5015309","0.616667"
"5015309","2130333229","0.616667"
"2160110857","2167716931","1.63333"
"2167716931","2160110857","1.63333"
"2160110857","2916607348","1.13333"
"2916607348","2160110857","1.13333"
"2167716931","2590916945","0.416667"
"2590916945","2167716931","0.416667"
"2167716931","2731580228","0.416667"
"2731580228","2167716931","0.416667"
"2167716931","2916607348","0.466667"
"2916607348","2167716931","0.466667"
"2167716931","325550458","1.13333"
"325550458","2167716931","1.13333"
"2167716931","5015309","0.333333"
"5015309","2167716931","0.333333"
"2590916945","2916607348","0.0833333"
"2916607348","2590916945","0.0833333"
"2731580228","2916607348","0.416667"
"2916607348","2731580228","0.416667"
"2731580228","5015309","1.15833"
"5015309","2731580228","1.15833"
"2916607348","325550458","0.383333"
"325550458","2916607348","0.383333"
"2916607348","5015309","0.133333"
"5015309","2916607348","0.133333"
"1483000560","159119704","0.277778"
"159119704","1483000560","0.277778"
"1483000560","2576750107","0.166667"
"2576750107","1483000560","0.166667"
"159119704","2103014813","0.777778"
"2103014813","159119704","0.777778"
"159119704","2105438329","0.277778"
"2105438329","159119704","0.277778"
"159119704","2125604843","0.166667"
"2125604843","159119704","0.166667"
"159119704","2576750107","0.166667"
"2576750107","159119704","0.166667"
"159119704","2590916945","0.166667"
"2590916945","159119704","0.166667"
"2103014813","2105438329","1.9544"
"2105438329","2103014813","1.9544"
"2103014813","2576750107","0.333333"
"2576750107","2103014813","0.333333"
"2105438329","2125604843","1.80397"
"2125604843","2105438329","1.80397"
"2105438329","2576750107","0.166667"
"2576750107","2105438329","0.166667"
"2125604843","2576750107","0.166667"
"2576750107","2125604843","0.166667"
"2125604843","2590916945","0.533333"
"2590916945","2125604843","0.533333"
"2576750107","2590916945","0.166667"
"2590916945","2576750107","0.166667"
"1556150873","159119704","0.111111"
"159119704","1556150873","0.111111"
"159119704","2015655161","0.111111"
"2015655161","159119704","0.111111"
"159119704","2137237725","0.111111"
"2137237725","159119704","0.111111"
"159119704","2160110857","0.111111"
"2160110857","159119704","0.111111"
"159119704","2229463187","0.611111"
"2229463187","159119704","0.611111"
"159119704","5015309","0.111111"
"5015309","159119704","0.111111"
"2103014813","2229463187","1.11035"
"2229463187","2103014813","1.11035"
"1556150873","2125604843","4.42063"
"2125604843","1556150873","4.42063"
"1556150873","2167716931","0.25"
"2167716931","1556150873","0.25"
"2015655161","2125604843","4.08333"
"2125604843","2015655161","4.08333"
"2125604843","2167716931","0.25"
"2167716931","2125604843","0.25"
"2125604843","5015309","2.89286"
"5015309","2125604843","2.89286"
"1556150873","2130333229","0.703968"
"2130333229","1556150873","0.703968"
"2027423678","2130333229","0.503968"
"2130333229","2027423678","0.503968"
"2103014813","2130333229","0.72619"
"2130333229","2103014813","0.72619"
"1483000560","2096033609","0.5"
"2096033609","1483000560","0.5"
"2096033609","2103014813","1.19286"
"2103014813","2096033609","1.19286"
"1483000560","2116795950","0.25"
"2116795950","1483000560","0.25"
"2015655161","2116795950","0.25"
"2116795950","2015655161","0.25"
"2116795950","2125604843","0.25"
"2125604843","2116795950","0.25"
"2116795950","2137237725","0.25"
"2137237725","2116795950","0.25"
"2125604843","2137237725","1.52619"
"2137237725","2125604843","1.52619"
"1534679077","2229463187","1.56111"
"2229463187","1534679077","1.56111"
"1534679077","2916607348","0.25"
"2916607348","1534679077","0.25"
"1534679077","325550458","1.67063"
"325550458","1534679077","1.67063"
"1534679077","64862633","0.25"
"64862633","1534679077","0.25"
"2229463187","2916607348","0.3"
"2916607348","2229463187","0.3"
"2229463187","64862633","0.633333"
"64862633","2229463187","0.633333"
"2916607348","64862633","0.3"
"64862633","2916607348","0.3"
"1534679077","2137237725","1.41667"
"2137237725","1534679077","1.41667"
"1534679077","2160110857","0.953968"
"2160110857","1534679077","0.953968"
"1534679077","2995539552","0.309524"
"2995539552","1534679077","0.309524"
"1534679077","5015309","0.166667"
"5015309","1534679077","0.166667"
"1534679077","83132180","1"
"83132180","1534679077","1"
"2137237725","2995539552","0.916667"
"2995539552","2137237725","0.916667"
"2137237725","83132180","0.341667"
"83132180","2137237725","0.341667"
"2160110857","2995539552","0.309524"
"2995539552","2160110857","0.309524"
"2160110857","83132180","1.20833"
"83132180","2160110857","1.20833"
"2229463187","2995539552","1.41667"
"2995539552","2229463187","1.41667"
"2229463187","83132180","9.075"
"83132180","2229463187","9.075"
"2995539552","5015309","0.416667"
"5015309","2995539552","0.416667"
"2995539552","83132180","0.916667"
"83132180","2995539552","0.916667"
"5015309","83132180","0.875"
"83132180","5015309","0.875"
"1534679077","1966525569","0.2"
"1966525569","1534679077","0.2"
"1534679077","2015655161","0.783333"
"2015655161","1534679077","0.783333"
"1534679077","2527715661","0.2"
"2527715661","1534679077","0.2"
"1534679077","2618970489","0.311111"
"2618970489","1534679077","0.311111"
"1966525569","2618970489","0.75"
"2618970489","1966525569","0.75"
"2015655161","2527715661","2.48377"
"2527715661","2015655161","2.48377"
"2015655161","2618970489","0.340909"
"2618970489","2015655161","0.340909"
"2160110857","2618970489","0.70202"
"2618970489","2160110857","0.70202"
"2527715661","2618970489","0.340909"
"2618970489","2527715661","0.340909"
"1534679077","2125604843","5.0373"
"2125604843","1534679077","5.0373"
"1534679077","2130333229","1.0873"
"2130333229","1534679077","1.0873"
"1534679077","2103014813","1"
"2103014813","1534679077","1"
"1534679077","2105438329","1.27778"
"2105438329","1534679077","1.27778"
"1534679077","2027423678","1.7873"
"2027423678","1534679077","1.7873"
"2027423678","2105438329","0.744444"
"2105438329","2027423678","0.744444"
"2027423678","2125604843","2.3373"
"2125604843","2027423678","2.3373"
"1534679077","2590916945","0.2"
"2590916945","1534679077","0.2"
"1534679077","2731580228","0.67619"
"2731580228","1534679077","0.67619"
"2027423678","2229463187","0.361111"
"2229463187","2027423678","0.361111"
"2027423678","2590916945","0.2"
"2590916945","2027423678","0.2"
"2027423678","2731580228","0.342857"
"2731580228","2027423678","0.342857"
"2125604843","2229463187","0.361111"
"2229463187","2125604843","0.361111"
"2125604843","2731580228","0.342857"
"2731580228","2125604843","0.342857"
"2229463187","2590916945","1.95"
"2590916945","2229463187","1.95"
"1534679077","1556150873","0.361111"
"1556150873","1534679077","0.361111"
"1556150873","2618970489","0.50202"
"2618970489","1556150873","0.50202"
"2027423678","2618970489","0.411111"
"2618970489","2027423678","0.411111"
"2027423678","325550458","1.6373"
"325550458","2027423678","1.6373"
"2105438329","2618970489","1.08535"
"2618970489","2105438329","1.08535"
"2125604843","2130333229","2.25397"
"2130333229","2125604843","2.25397"
"2125604843","2160110857","2.44683"
"2160110857","2125604843","2.44683"
"2125604843","2618970489","0.161111"
"2618970489","2125604843","0.161111"
"2125604843","325550458","1.28016"
"325550458","2125604843","1.28016"
"2130333229","2229463187","6.14444"
"2229463187","2130333229","6.14444"
"2130333229","2618970489","1.11111"
"2618970489","2130333229","1.11111"
"2229463187","2618970489","2.00202"
"2618970489","2229463187","2.00202"
"2618970489","325550458","1.75202"
"325550458","2618970489","1.75202"
"2027423678","2995539552","0.142857"
"2995539552","2027423678","0.142857"
"2125604843","2995539552","1.14286"
"2995539552","2125604843","1.14286"
"2130333229","2995539552","9.97619"
"2995539552","2130333229","9.97619"
"2731580228","2995539552","0.392857"
"2995539552","2731580228","0.392857"
"2995539552","325550458","2.89286"
"325550458","2995539552","2.89286"
"1534679077","2167716931","0.5"
"2167716931","1534679077","0.5"
"2027423678","2167716931","0.55"
"2167716931","2027423678","0.55"
"2027423678","83132180","0.55"
"83132180","2027423678","0.55"
"1556150873","2137682928","1.21667"
"2137682928","1556150873","1.21667"
"2015655161","2137682928","10.2167"
"2137682928","2015655161","10.2167"
"2027423678","5015309","1.55"
"5015309","2027423678","1.55"
"2103014813","2731580228","0.625"
"2731580228","2103014813","0.625"
"2105438329","2527715661","0.265909"
"2527715661","2105438329","0.265909"
"2527715661","2731580228","2.375"
"2731580228","2527715661","2.375"
"2130333229","2137237725","0.7"
"2137237725","2130333229","0.7"
"1556150873","2576750107","0.166667"
"2576750107","1556150873","0.166667"
"1562949466","2576750107","0.166667"
"2576750107","1562949466","0.166667"
"2015655161","2576750107","0.166667"
"2576750107","2015655161","0.166667"
"2027423678","2576750107","0.166667"
"2576750107","2027423678","0.166667"
"2160110857","2576750107","0.166667"
"2576750107","2160110857","0.166667"
"2137682928","2160110857","0.883333"
"2160110857","2137682928","0.883333"
"1556150873","2096033609","0.442857"
"2096033609","1556150873","0.442857"
"1556150873","2916607348","0.05"
"2916607348","1556150873","0.05"
"1556150873","83132180","0.375"
"83132180","1556150873","0.375"
"1562949466","2096033609","0.3"
"2096033609","1562949466","0.3"
"1562949466","2125604843","0.55"
"2125604843","1562949466","0.55"
"1562949466","2137682928","0.05"
"2137682928","1562949466","0.05"
"1562949466","2618970489","0.140909"
"2618970489","1562949466","0.140909"
"1562949466","83132180","0.05"
"83132180","1562949466","0.05"
"1966525569","2096033609","0.05"
"2096033609","1966525569","0.05"
"1966525569","2125604843","0.55"
"2125604843","1966525569","0.55"
"1966525569","2137682928","0.05"
"2137682928","1966525569","0.05"
"1966525569","2229463187","2.08333"
"2229463187","1966525569","2.08333"
"1966525569","83132180","1.08333"
"83132180","1966525569","1.08333"
"2015655161","2096033609","0.442857"
"2096033609","2015655161","0.442857"
"2015655161","64862633","0.916667"
"64862633","2015655161","0.916667"
"2015655161","83132180","0.05"
"83132180","2015655161","0.05"
"2027423678","2096033609","0.05"
"2096033609","2027423678","0.05"
"2027423678","2137682928","0.05"
"2137682928","2027423678","0.05"
"2027423678","2527715661","0.383333"
"2527715661","2027423678","0.383333"
"2027423678","2916607348","0.05"
"2916607348","2027423678","0.05"
"2027423678","64862633","0.05"
"64862633","2027423678","0.05"
"2096033609","2105438329","0.05"
"2105438329","2096033609","0.05"
"2096033609","2125604843","1.13333"
"2125604843","2096033609","1.13333"
"2096033609","2137237725","0.192857"
"2137237725","2096033609","0.192857"
"2096033609","2137682928","0.05"
"2137682928","2096033609","0.05"
"2096033609","2160110857","0.8"
"2160110857","2096033609","0.8"
"2096033609","2167716931","0.05"
"2167716931","2096033609","0.05"
"2096033609","2229463187","0.05"
"2229463187","2096033609","0.05"
"2096033609","2527715661","0.192857"
"2527715661","2096033609","0.192857"
"2096033609","2618970489","0.05"
"2618970489","2096033609","0.05"
"2096033609","2916607348","0.05"
"2916607348","2096033609","0.05"
"2096033609","325550458","0.52619"
"325550458","2096033609","0.52619"
"2096033609","5015309","0.77619"
"5015309","2096033609","0.77619"
"2096033609","64862633","0.05"
"64862633","2096033609","0.05"
"2096033609","83132180","0.05"
"83132180","2096033609","0.05"
"2103014813","2137682928","0.05"
"2137682928","2103014813","0.05"
"2103014813","2167716931","0.05"
"2167716931","2103014813","0.05"
"2103014813","2618970489","0.140909"
"2618970489","2103014813","0.140909"
"2103014813","2916607348","0.05"
"2916607348","2103014813","0.05"
"2103014813","83132180","0.375"
"83132180","2103014813","0.375"
"2105438329","2137682928","0.05"
"2137682928","2105438329","0.05"
"2105438329","64862633","0.05"
"64862633","2105438329","0.05"
"2105438329","83132180","0.375"
"83132180","2105438329","0.375"
"2125604843","2137682928","0.383333"
"2137682928","2125604843","0.383333"
"2125604843","2527715661","0.05"
"2527715661","2125604843","0.05"
"2125604843","2916607348","0.05"
"2916607348","2125604843","0.05"
"2125604843","64862633","0.216667"
"64862633","2125604843","0.216667"
"2125604843","83132180","0.05"
"83132180","2125604843","0.05"
"2137237725","2137682928","0.05"
"2137682928","2137237725","0.05"
"2137237725","2167716931","0.05"
"2167716931","2137237725","0.05"
"2137237725","2618970489","0.140909"
"2618970489","2137237725","0.140909"
"2137237725","2916607348","0.05"
"2916607348","2137237725","0.05"
"2137682928","2167716931","0.05"
"2167716931","2137682928","0.05"
"2137682928","2229463187","0.05"
"2229463187","2137682928","0.05"
"2137682928","2527715661","0.05"
"2527715661","2137682928","0.05"
"2137682928","2618970489","0.05"
"2618970489","2137682928","0.05"
"2137682928","2916607348","0.05"
"2916607348","2137682928","0.05"
"2137682928","325550458","0.05"
"325550458","2137682928","0.05"
"2137682928","5015309","0.05"
"5015309","2137682928","0.05"
"2137682928","64862633","0.05"
"64862633","2137682928","0.05"
"2137682928","83132180","0.05"
"83132180","2137682928","0.05"
"2167716931","2229463187","0.05"
"2229463187","2167716931","0.05"
"2167716931","2527715661","1.05"
"2527715661","2167716931","1.05"
"2167716931","2618970489","0.383333"
"2618970489","2167716931","0.383333"
"2167716931","64862633","0.05"
"64862633","2167716931","0.05"
"2167716931","83132180","0.05"
"83132180","2167716931","0.05"
"2229463187","2527715661","0.390909"
"2527715661","2229463187","0.390909"
"2527715661","2916607348","0.05"
"2916607348","2527715661","0.05"
"2527715661","83132180","0.05"
"83132180","2527715661","0.05"
"2618970489","2916607348","0.05"
"2916607348","2618970489","0.05"
"2618970489","5015309","0.390909"
"5015309","2618970489","0.390909"
"2618970489","64862633","0.05"
"64862633","2618970489","0.05"
"2618970489","83132180","0.8"
"83132180","2618970489","0.8"
"2916607348","83132180","0.05"
"83132180","2916607348","0.05"
"325550458","83132180","1.20833"
"83132180","325550458","1.20833"
"64862633","83132180","0.383333"
"83132180","64862633","0.383333"
"1556150873","2995539552","1"
"2995539552","1556150873","1"
"1562949466","2995539552","0.25"
"2995539552","1562949466","0.25"
"2015655161","2995539552","1.25"
"2995539552","2015655161","1.25"
"2096033609","2130333229","0.25"
"2130333229","2096033609","0.25"
"2096033609","2995539552","0.25"
"2995539552","2096033609","0.25"
"1562949466","159119704","0.5"
"159119704","1562949466","0.5"
"159119704","2096033609","0.5"
"2096033609","159119704","0.5"
"1966525569","2995539552","1.08333"
"2995539552","1966525569","1.08333"
"2590916945","2995539552","3.08333"
"2995539552","2590916945","3.08333"
"2130333229","83132180","1.53333"
"83132180","2130333229","1.53333"
"2590916945","2618970489","0.833333"
"2618970489","2590916945","0.833333"
"2590916945","83132180","0.5"
"83132180","2590916945","0.5"
"2130333229","2137682928","0.5"
"2137682928","2130333229","0.5"
"2105438329","2995539552","0.25"
"2995539552","2105438329","0.25"
"2116795950","2167716931","0.5"
"2167716931","2116795950","0.5"
"2116795950","2995539552","0.5"
"2995539552","2116795950","0.5"
"2167716931","2995539552","1"
"2995539552","2167716931","1"
"2130333229","2527715661","0.25"
"2527715661","2130333229","0.25"
"2137237725","2576750107","1"
"2576750107","2137237725","1"
"2137682928","2590916945","1"
"2590916945","2137682928","1"
"2618970489","2995539552","1.5"
"2995539552","2618970489","1.5"
