"1002833383","2579414847","2.58333"
"2579414847","1002833383","2.58333"
"1002833383","2031423545","0.25"
"2031423545","1002833383","0.25"
"1002833383","2287332754","0.583333"
"2287332754","1002833383","0.583333"
"1002833383","2507822934","0.25"
"2507822934","1002833383","0.25"
"2031423545","2287332754","0.886111"
"2287332754","2031423545","0.886111"
"2031423545","2507822934","1.88611"
"2507822934","2031423545","1.88611"
"2031423545","2579414847","0.486111"
"2579414847","2031423545","0.486111"
"2287332754","2507822934","0.552778"
"2507822934","2287332754","0.552778"
"2287332754","2579414847","0.819444"
"2579414847","2287332754","0.819444"
"2507822934","2579414847","1.36111"
"2579414847","2507822934","1.36111"
"1002833383","2573316795","0.333333"
"2573316795","1002833383","0.333333"
"2287332754","2573316795","2.35833"
"2573316795","2287332754","2.35833"
"2573316795","2579414847","2.04167"
"2579414847","2573316795","2.04167"
"1512503174","1972661656","12.9179"
"1972661656","1512503174","12.9179"
"1512503174","1996738648","0.333333"
"1996738648","1512503174","0.333333"
"1512503174","2143914176","0.95"
"2143914176","1512503174","0.95"
"1972661656","1996738648","0.783333"
"1996738648","1972661656","0.783333"
"1972661656","2143914176","3.53333"
"2143914176","1972661656","3.53333"
"1996738648","2143914176","2"
"2143914176","1996738648","2"
"1512503174","1974799469","1.15"
"1974799469","1512503174","1.15"
"1512503174","2113410615","2.46786"
"2113410615","1512503174","2.46786"
"1512503174","2126045183","0.783333"
"2126045183","1512503174","0.783333"
"1972661656","1974799469","9.93333"
"1974799469","1972661656","9.93333"
"1972661656","2113410615","3.00119"
"2113410615","1972661656","3.00119"
"1972661656","2126045183","0.783333"
"2126045183","1972661656","0.783333"
"1974799469","2113410615","1.93333"
"2113410615","1974799469","1.93333"
"1974799469","2126045183","5.7"
"2126045183","1974799469","5.7"
"2113410615","2126045183","1.14286"
"2126045183","2113410615","1.14286"
"1512503174","1833831729","1.46786"
"1833831729","1512503174","1.46786"
"1512503174","2184262367","0.47619"
"2184262367","1512503174","0.47619"
"1512503174","2224682476","1.14286"
"2224682476","1512503174","1.14286"
"1512503174","2800046249","0.767857"
"2800046249","1512503174","0.767857"
"1512503174","2810283326","1.59286"
"2810283326","1512503174","1.59286"
"1833831729","1972661656","1.21786"
"1972661656","1833831729","1.21786"
"1833831729","2113410615","0.267857"
"2113410615","1833831729","0.267857"
"1833831729","2184262367","0.142857"
"2184262367","1833831729","0.142857"
"1833831729","2224682476","0.142857"
"2224682476","1833831729","0.142857"
"1833831729","2800046249","0.267857"
"2800046249","1833831729","0.267857"
"1833831729","2810283326","0.342857"
"2810283326","1833831729","0.342857"
"1972661656","2184262367","0.72619"
"2184262367","1972661656","0.72619"
"1972661656","2224682476","0.142857"
"2224682476","1972661656","0.142857"
"1972661656","2800046249","4.26786"
"2800046249","1972661656","4.26786"
"1972661656","2810283326","1.09286"
"2810283326","1972661656","1.09286"
"2113410615","2184262367","20.4452"
"2184262367","2113410615","20.4452"
"2113410615","2224682476","5.28571"
"2224682476","2113410615","5.28571"
"2113410615","2800046249","0.267857"
"2800046249","2113410615","0.267857"
"2113410615","2810283326","1.14286"
"2810283326","2113410615","1.14286"
"2184262367","2224682476","1.53571"
"2224682476","2184262367","1.53571"
"2184262367","2800046249","0.142857"
"2800046249","2184262367","0.142857"
"2184262367","2810283326","0.142857"
"2810283326","2184262367","0.142857"
"2224682476","2800046249","0.142857"
"2800046249","2224682476","0.142857"
"2224682476","2810283326","1.64286"
"2810283326","2224682476","1.64286"
"2800046249","2810283326","0.142857"
"2810283326","2800046249","0.142857"
"1512503174","2098476033","0.366667"
"2098476033","1512503174","0.366667"
"1972661656","2098476033","1.15"
"2098476033","1972661656","1.15"
"1974799469","2098476033","1.76667"
"2098476033","1974799469","1.76667"
"1974799469","2143914176","5.15"
"2143914176","1974799469","5.15"
"2098476033","2113410615","5.99286"
"2113410615","2098476033","5.99286"
"2098476033","2143914176","2.98333"
"2143914176","2098476033","2.98333"
"2113410615","2143914176","2.9"
"2143914176","2113410615","2.9"
"1512503174","2128112807","0.25"
"2128112807","1512503174","0.25"
"1512503174","2771828117","0.583333"
"2771828117","1512503174","0.583333"
"1972661656","2128112807","0.25"
"2128112807","1972661656","0.25"
"1972661656","2771828117","0.583333"
"2771828117","1972661656","0.583333"
"2128112807","2771828117","0.25"
"2771828117","2128112807","0.25"
"2128112807","2810283326","0.25"
"2810283326","2128112807","0.25"
"2771828117","2810283326","0.25"
"2810283326","2771828117","0.25"
"1512503174","2397749706","0.291667"
"2397749706","1512503174","0.291667"
"1972661656","2397749706","0.291667"
"2397749706","1972661656","0.291667"
"1974799469","2397749706","0.366667"
"2397749706","1974799469","0.366667"
"2098476033","2397749706","0.366667"
"2397749706","2098476033","0.366667"
"2113410615","2397749706","0.991667"
"2397749706","2113410615","0.991667"
"2143914176","2397749706","0.366667"
"2397749706","2143914176","0.366667"
"1512503174","2547674687","0.25"
"2547674687","1512503174","0.25"
"1972661656","2547674687","0.583333"
"2547674687","1972661656","0.583333"
"2113410615","2547674687","1.93333"
"2547674687","2113410615","1.93333"
"2143914176","2547674687","0.416667"
"2547674687","2143914176","0.416667"
"1512503174","2535231541","0.625"
"2535231541","1512503174","0.625"
"1972661656","2535231541","0.958333"
"2535231541","1972661656","0.958333"
"2126045183","2771828117","0.333333"
"2771828117","2126045183","0.333333"
"1833831729","1974799469","0.95"
"1974799469","1833831729","0.95"
"1833831729","2126045183","0.2"
"2126045183","1833831729","0.2"
"1974799469","2810283326","0.2"
"2810283326","1974799469","0.2"
"2126045183","2810283326","0.2"
"2810283326","2126045183","0.2"
"1512503174","1981168653","0.958333"
"1981168653","1512503174","0.958333"
"1512503174","2083093623","0.125"
"2083093623","1512503174","0.125"
"1833831729","1981168653","0.125"
"1981168653","1833831729","0.125"
"1833831729","2083093623","0.125"
"2083093623","1833831729","0.125"
"1833831729","2397749706","0.125"
"2397749706","1833831729","0.125"
"1833831729","2535231541","0.125"
"2535231541","1833831729","0.125"
"1972661656","1981168653","1.95833"
"1981168653","1972661656","1.95833"
"1972661656","2083093623","0.125"
"2083093623","1972661656","0.125"
"1981168653","2083093623","0.125"
"2083093623","1981168653","0.125"
"1981168653","2113410615","1.125"
"2113410615","1981168653","1.125"
"1981168653","2397749706","0.625"
"2397749706","1981168653","0.625"
"1981168653","2535231541","0.125"
"2535231541","1981168653","0.125"
"1981168653","2800046249","0.125"
"2800046249","1981168653","0.125"
"2083093623","2113410615","0.458333"
"2113410615","2083093623","0.458333"
"2083093623","2397749706","0.125"
"2397749706","2083093623","0.125"
"2083093623","2535231541","0.125"
"2535231541","2083093623","0.125"
"2083093623","2800046249","0.125"
"2800046249","2083093623","0.125"
"2113410615","2535231541","2.88452"
"2535231541","2113410615","2.88452"
"2397749706","2535231541","0.125"
"2535231541","2397749706","0.125"
"2397749706","2800046249","0.125"
"2800046249","2397749706","0.125"
"2535231541","2800046249","0.125"
"2800046249","2535231541","0.125"
"1512503174","2889754627","0.5"
"2889754627","1512503174","0.5"
"1972661656","2889754627","0.5"
"2889754627","1972661656","0.5"
"1974799469","1981168653","1.66667"
"1981168653","1974799469","1.66667"
"1772537851","2224682476","1"
"2224682476","1772537851","1"
"1772537851","1974799469","0.366667"
"1974799469","1772537851","0.366667"
"1772537851","1996738648","0.166667"
"1996738648","1772537851","0.166667"
"1772537851","2098476033","0.366667"
"2098476033","1772537851","0.366667"
"1772537851","2113410615","0.366667"
"2113410615","1772537851","0.366667"
"1772537851","2126045183","0.166667"
"2126045183","1772537851","0.166667"
"1772537851","2143914176","0.366667"
"2143914176","1772537851","0.366667"
"1974799469","1996738648","1.61667"
"1996738648","1974799469","1.61667"
"1996738648","2098476033","1.7"
"2098476033","1996738648","1.7"
"1996738648","2113410615","0.95"
"2113410615","1996738648","0.95"
"1996738648","2126045183","1.5"
"2126045183","1996738648","1.5"
"2098476033","2126045183","1.39286"
"2126045183","2098476033","1.39286"
"2126045183","2143914176","1.5"
"2143914176","2126045183","1.5"
"1772537851","2397749706","0.2"
"2397749706","1772537851","0.2"
"1833831729","1996738648","0.25"
"1996738648","1833831729","0.25"
"1833831729","2143914176","0.25"
"2143914176","1833831729","0.25"
"1974799469","2184262367","0.25"
"2184262367","1974799469","0.25"
"2143914176","2184262367","0.416667"
"2184262367","2143914176","0.416667"
"1974799469","2800046249","0.5"
"2800046249","1974799469","0.5"
"1972661656","2043818710","0.2"
"2043818710","1972661656","0.2"
"1974799469","2043818710","0.45"
"2043818710","1974799469","0.45"
"1996738648","2043818710","0.7"
"2043818710","1996738648","0.7"
"2043818710","2098476033","0.7"
"2098476033","2043818710","0.7"
"2043818710","2113410615","1.2"
"2113410615","2043818710","1.2"
"2535231541","2547674687","1.325"
"2547674687","2535231541","1.325"
"1981168653","2126045183","0.333333"
"2126045183","1981168653","0.333333"
"1981168653","2143914176","0.333333"
"2143914176","1981168653","0.333333"
"2043818710","2143914176","0.5"
"2143914176","2043818710","0.5"
"1981168653","2184262367","0.5"
"2184262367","1981168653","0.5"
"1992895274","2098476033","9.5"
"2098476033","1992895274","9.5"
"1992895274","2113410615","0.833333"
"2113410615","1992895274","0.833333"
"1992895274","2052885930","0.333333"
"2052885930","1992895274","0.333333"
"1992895274","2535231541","0.333333"
"2535231541","1992895274","0.333333"
"2052885930","2113410615","2.35"
"2113410615","2052885930","2.35"
"2052885930","2535231541","2.49167"
"2535231541","2052885930","2.49167"
"2043818710","2126045183","0.25"
"2126045183","2043818710","0.25"
"2031423545","2052885930","0.302778"
"2052885930","2031423545","0.302778"
"2031423545","2376606734","0.458333"
"2376606734","2031423545","0.458333"
"2031423545","2395774634","1.525"
"2395774634","2031423545","1.525"
"2031423545","2573316795","0.191667"
"2573316795","2031423545","0.191667"
"2031423545","2889754627","0.302778"
"2889754627","2031423545","0.302778"
"2052885930","2287332754","1.21944"
"2287332754","2052885930","1.21944"
"2052885930","2376606734","0.625"
"2376606734","2052885930","0.625"
"2052885930","2395774634","2.48333"
"2395774634","2052885930","2.48333"
"2052885930","2507822934","2.09444"
"2507822934","2052885930","2.09444"
"2052885930","2573316795","4.19167"
"2573316795","2052885930","4.19167"
"2052885930","2579414847","0.611111"
"2579414847","2052885930","0.611111"
"2052885930","2889754627","6.41944"
"2889754627","2052885930","6.41944"
"2287332754","2376606734","0.125"
"2376606734","2287332754","0.125"
"2287332754","2395774634","0.525"
"2395774634","2287332754","0.525"
"2287332754","2889754627","1.80278"
"2889754627","2287332754","1.80278"
"2376606734","2395774634","1.825"
"2395774634","2376606734","1.825"
"2376606734","2507822934","0.958333"
"2507822934","2376606734","0.958333"
"2376606734","2573316795","1.125"
"2573316795","2376606734","1.125"
"2376606734","2579414847","0.658333"
"2579414847","2376606734","0.658333"
"2376606734","2889754627","1.45833"
"2889754627","2376606734","1.45833"
"2395774634","2507822934","4.04286"
"2507822934","2395774634","4.04286"
"2395774634","2573316795","1.58452"
"2573316795","2395774634","1.58452"
"2395774634","2579414847","0.7"
"2579414847","2395774634","0.7"
"2395774634","2889754627","1.33452"
"2889754627","2395774634","1.33452"
"2507822934","2573316795","3.75119"
"2573316795","2507822934","3.75119"
"2507822934","2889754627","2.1123"
"2889754627","2507822934","2.1123"
"2573316795","2889754627","7.33452"
"2889754627","2573316795","7.33452"
"2579414847","2889754627","1.31944"
"2889754627","2579414847","1.31944"
"2031423545","2048182774","0.511111"
"2048182774","2031423545","0.511111"
"2031423545","2113410615","0.0666667"
"2113410615","2031423545","0.0666667"
"2031423545","2184262367","0.0666667"
"2184262367","2031423545","0.0666667"
"2031423545","2547674687","0.177778"
"2547674687","2031423545","0.177778"
"2031423545","2604885582","0.0666667"
"2604885582","2031423545","0.0666667"
"2031423545","2606199256","0.511111"
"2606199256","2031423545","0.511111"
"2031423545","2971798820","0.0666667"
"2971798820","2031423545","0.0666667"
"2031423545","2975734781","0.0666667"
"2975734781","2031423545","0.0666667"
"2031423545","850812170","0.177778"
"850812170","2031423545","0.177778"
"2048182774","2052885930","0.719444"
"2052885930","2048182774","0.719444"
"2048182774","2113410615","1.01905"
"2113410615","2048182774","1.01905"
"2048182774","2184262367","0.644048"
"2184262367","2048182774","0.644048"
"2048182774","2287332754","0.511111"
"2287332754","2048182774","0.511111"
"2048182774","2395774634","0.95119"
"2395774634","2048182774","0.95119"
"2048182774","2507822934","5.17183"
"2507822934","2048182774","5.17183"
"2048182774","2547674687","0.719444"
"2547674687","2048182774","0.719444"
"2048182774","2573316795","1.62619"
"2573316795","2048182774","1.62619"
"2048182774","2604885582","0.0666667"
"2604885582","2048182774","0.0666667"
"2048182774","2606199256","0.636111"
"2606199256","2048182774","0.636111"
"2048182774","2889754627","1.40397"
"2889754627","2048182774","1.40397"
"2048182774","2971798820","0.209524"
"2971798820","2048182774","0.209524"
"2048182774","2975734781","0.233333"
"2975734781","2048182774","0.233333"
"2048182774","850812170","0.544444"
"850812170","2048182774","0.544444"
"2052885930","2184262367","1.975"
"2184262367","2052885930","1.975"
"2052885930","2547674687","0.919444"
"2547674687","2052885930","0.919444"
"2052885930","2604885582","0.233333"
"2604885582","2052885930","0.233333"
"2052885930","2606199256","0.302778"
"2606199256","2052885930","0.302778"
"2052885930","2971798820","2.06667"
"2971798820","2052885930","2.06667"
"2052885930","2975734781","0.233333"
"2975734781","2052885930","0.233333"
"2052885930","850812170","1.67778"
"850812170","2052885930","1.67778"
"2113410615","2287332754","0.65"
"2287332754","2113410615","0.65"
"2113410615","2395774634","0.542857"
"2395774634","2113410615","0.542857"
"2113410615","2507822934","0.852381"
"2507822934","2113410615","0.852381"
"2113410615","2573316795","0.709524"
"2573316795","2113410615","0.709524"
"2113410615","2604885582","0.0666667"
"2604885582","2113410615","0.0666667"
"2113410615","2606199256","0.316667"
"2606199256","2113410615","0.316667"
"2113410615","2889754627","1.40952"
"2889754627","2113410615","1.40952"
"2113410615","2971798820","0.209524"
"2971798820","2113410615","0.209524"
"2113410615","2975734781","0.0666667"
"2975734781","2113410615","0.0666667"
"2113410615","850812170","0.0666667"
"850812170","2113410615","0.0666667"
"2184262367","2287332754","0.816667"
"2287332754","2184262367","0.816667"
"2184262367","2395774634","0.667857"
"2395774634","2184262367","0.667857"
"2184262367","2507822934","0.977381"
"2507822934","2184262367","0.977381"
"2184262367","2547674687","1.725"
"2547674687","2184262367","1.725"
"2184262367","2573316795","0.37619"
"2573316795","2184262367","0.37619"
"2184262367","2604885582","0.233333"
"2604885582","2184262367","0.233333"
"2184262367","2606199256","0.441667"
"2606199256","2184262367","0.441667"
"2184262367","2889754627","0.742857"
"2889754627","2184262367","0.742857"
"2184262367","2971798820","0.709524"
"2971798820","2184262367","0.709524"
"2184262367","2975734781","0.233333"
"2975734781","2184262367","0.233333"
"2184262367","850812170","0.0666667"
"850812170","2184262367","0.0666667"
"2287332754","2547674687","0.344444"
"2547674687","2287332754","0.344444"
"2287332754","2604885582","0.566667"
"2604885582","2287332754","0.566667"
"2287332754","2606199256","1.51111"
"2606199256","2287332754","1.51111"
"2287332754","2971798820","0.0666667"
"2971798820","2287332754","0.0666667"
"2287332754","2975734781","0.233333"
"2975734781","2287332754","0.233333"
"2287332754","850812170","0.177778"
"850812170","2287332754","0.177778"
"2395774634","2547674687","0.191667"
"2547674687","2395774634","0.191667"
"2395774634","2604885582","0.0666667"
"2604885582","2395774634","0.0666667"
"2395774634","2606199256","0.191667"
"2606199256","2395774634","0.191667"
"2395774634","2971798820","0.0666667"
"2971798820","2395774634","0.0666667"
"2395774634","2975734781","0.0666667"
"2975734781","2395774634","0.0666667"
"2395774634","850812170","0.766667"
"850812170","2395774634","0.766667"
"2507822934","2547674687","0.302778"
"2547674687","2507822934","0.302778"
"2507822934","2604885582","0.0666667"
"2604885582","2507822934","0.0666667"
"2507822934","2606199256","0.302778"
"2606199256","2507822934","0.302778"
"2507822934","2971798820","0.209524"
"2971798820","2507822934","0.209524"
"2507822934","2975734781","0.233333"
"2975734781","2507822934","0.233333"
"2507822934","850812170","0.844444"
"850812170","2507822934","0.844444"
"2547674687","2573316795","0.566667"
"2573316795","2547674687","0.566667"
"2547674687","2604885582","0.9"
"2604885582","2547674687","0.9"
"2547674687","2606199256","0.969444"
"2606199256","2547674687","0.969444"
"2547674687","2889754627","3.46111"
"2889754627","2547674687","3.46111"
"2547674687","2971798820","0.0666667"
"2971798820","2547674687","0.0666667"
"2547674687","2975734781","0.233333"
"2975734781","2547674687","0.233333"
"2547674687","850812170","1.51111"
"850812170","2547674687","1.51111"
"2573316795","2604885582","1.73333"
"2604885582","2573316795","1.73333"
"2573316795","2606199256","0.0666667"
"2606199256","2573316795","0.0666667"
"2573316795","2971798820","0.0666667"
"2971798820","2573316795","0.0666667"
"2573316795","2975734781","0.0666667"
"2975734781","2573316795","0.0666667"
"2573316795","850812170","0.0666667"
"850812170","2573316795","0.0666667"
"2604885582","2606199256","2.23333"
"2606199256","2604885582","2.23333"
"2604885582","2889754627","4.73333"
"2889754627","2604885582","4.73333"
"2604885582","2971798820","1.06667"
"2971798820","2604885582","1.06667"
"2604885582","2975734781","0.233333"
"2975734781","2604885582","0.233333"
"2604885582","850812170","0.0666667"
"850812170","2604885582","0.0666667"
"2606199256","2889754627","1.01111"
"2889754627","2606199256","1.01111"
"2606199256","2971798820","0.4"
"2971798820","2606199256","0.4"
"2606199256","2975734781","0.0666667"
"2975734781","2606199256","0.0666667"
"2606199256","850812170","0.177778"
"850812170","2606199256","0.177778"
"2889754627","2971798820","0.0666667"
"2971798820","2889754627","0.0666667"
"2889754627","2975734781","3.4"
"2975734781","2889754627","3.4"
"2889754627","850812170","1.17778"
"850812170","2889754627","1.17778"
"2971798820","2975734781","1.06667"
"2975734781","2971798820","1.06667"
"2971798820","850812170","0.0666667"
"850812170","2971798820","0.0666667"
"2975734781","850812170","0.233333"
"850812170","2975734781","0.233333"
"2048182774","2579414847","1.10278"
"2579414847","2048182774","1.10278"
"2547674687","2579414847","0.486111"
"2579414847","2547674687","0.486111"
"2579414847","2606199256","0.236111"
"2606199256","2579414847","0.236111"
"2579414847","850812170","0.477778"
"850812170","2579414847","0.477778"
"2043818710","2535231541","2.33333"
"2535231541","2043818710","2.33333"
"2043818710","2606199256","0.5"
"2606199256","2043818710","0.5"
"2535231541","2606199256","2.04167"
"2606199256","2535231541","2.04167"
"2043818710","2956093676","0.5"
"2956093676","2043818710","0.5"
"2535231541","2956093676","1.33333"
"2956093676","2535231541","1.33333"
"2043818710","2052885930","0.333333"
"2052885930","2043818710","0.333333"
"2043818710","2507822934","0.333333"
"2507822934","2043818710","0.333333"
"2507822934","2535231541","0.60119"
"2535231541","2507822934","0.60119"
"2048182774","2376606734","0.366667"
"2376606734","2048182774","0.366667"
"2048182774","2547395480","0.2"
"2547395480","2048182774","0.2"
"2376606734","2547395480","0.2"
"2547395480","2376606734","0.2"
"2376606734","850812170","0.2"
"850812170","2376606734","0.2"
"2395774634","2547395480","0.2"
"2547395480","2395774634","0.2"
"2547395480","2579414847","0.2"
"2579414847","2547395480","0.2"
"2547395480","850812170","0.2"
"850812170","2547395480","0.2"
"2048182774","2535231541","0.267857"
"2535231541","2048182774","0.267857"
"2184262367","2535231541","3.05119"
"2535231541","2184262367","3.05119"
"2184262367","2579414847","0.125"
"2579414847","2184262367","0.125"
"2395774634","2535231541","0.125"
"2535231541","2395774634","0.125"
"2535231541","2579414847","0.125"
"2579414847","2535231541","0.125"
"2048182774","2083093623","0.166667"
"2083093623","2048182774","0.166667"
"2048182774","2098476033","0.309524"
"2098476033","2048182774","0.309524"
"2048182774","2224682476","0.309524"
"2224682476","2048182774","0.309524"
"2083093623","2098476033","0.333333"
"2098476033","2083093623","0.333333"
"2083093623","2184262367","0.333333"
"2184262367","2083093623","0.333333"
"2083093623","2224682476","0.333333"
"2224682476","2083093623","0.333333"
"2083093623","2547674687","0.333333"
"2547674687","2083093623","0.333333"
"2098476033","2184262367","0.72619"
"2184262367","2098476033","0.72619"
"2098476033","2224682476","0.583333"
"2224682476","2098476033","0.583333"
"2098476033","2547674687","0.583333"
"2547674687","2098476033","0.583333"
"2224682476","2547674687","0.583333"
"2547674687","2224682476","0.583333"
"2224682476","2395774634","0.142857"
"2395774634","2224682476","0.142857"
"2224682476","2507822934","0.309524"
"2507822934","2224682476","0.309524"
"2224682476","2573316795","0.809524"
"2573316795","2224682476","0.809524"
"2224682476","2889754627","0.309524"
"2889754627","2224682476","0.309524"
"2048182774","2578742563","0.166667"
"2578742563","2048182774","0.166667"
"2507822934","2578742563","0.166667"
"2578742563","2507822934","0.166667"
"2578742563","2579414847","0.166667"
"2579414847","2578742563","0.166667"
"2578742563","2889754627","0.166667"
"2889754627","2578742563","0.166667"
"2578742563","2975734781","0.166667"
"2975734781","2578742563","0.166667"
"2578742563","850812170","0.166667"
"850812170","2578742563","0.166667"
"2579414847","2975734781","0.166667"
"2975734781","2579414847","0.166667"
"2048182774","2126045183","0.142857"
"2126045183","2048182774","0.142857"
"2098476033","2507822934","0.142857"
"2507822934","2098476033","0.142857"
"2098476033","2535231541","0.392857"
"2535231541","2098476033","0.392857"
"2098476033","2971798820","0.142857"
"2971798820","2098476033","0.142857"
"2126045183","2184262367","0.142857"
"2184262367","2126045183","0.142857"
"2126045183","2507822934","0.142857"
"2507822934","2126045183","0.142857"
"2126045183","2535231541","0.47619"
"2535231541","2126045183","0.47619"
"2126045183","2971798820","0.47619"
"2971798820","2126045183","0.47619"
"2535231541","2971798820","0.47619"
"2971798820","2535231541","0.47619"
"2052885930","2397749706","1"
"2397749706","2052885930","1"
"2052885930","2771828117","0.5"
"2771828117","2052885930","0.5"
"2113410615","2771828117","0.5"
"2771828117","2113410615","0.5"
"2052885930","2547395480","1"
"2547395480","2052885930","1"
"2052885930","2810283326","2"
"2810283326","2052885930","2"
"2052885930","2098476033","1"
"2098476033","2052885930","1"
"2052885930","2224682476","0.916667"
"2224682476","2052885930","0.916667"
"2535231541","2889754627","0.2"
"2889754627","2535231541","0.2"
"2224682476","2287332754","0.25"
"2287332754","2224682476","0.25"
"2083093623","2143914176","0.166667"
"2143914176","2083093623","0.166667"
"2143914176","2224682476","0.166667"
"2224682476","2143914176","0.166667"
"2098476033","2606199256","0.25"
"2606199256","2098476033","0.25"
"2098476033","2956093676","0.25"
"2956093676","2098476033","0.25"
"2113410615","2956093676","1.08333"
"2956093676","2113410615","1.08333"
"2224682476","2956093676","0.25"
"2956093676","2224682476","0.25"
"2547674687","2956093676","0.583333"
"2956093676","2547674687","0.583333"
"2113410615","2547395480","0.5"
"2547395480","2113410615","0.5"
"2184262367","2547395480","0.5"
"2547395480","2184262367","0.5"
"2184262367","2956093676","1.16667"
"2956093676","2184262367","1.16667"
"2507822934","2956093676","0.333333"
"2956093676","2507822934","0.333333"
"2126045183","2606199256","1.33333"
"2606199256","2126045183","1.33333"
"2184262367","2953792586","0.5"
"2953792586","2184262367","0.5"
"2953792586","2971798820","4"
"2971798820","2953792586","4"
"2507822934","2547395480","1"
"2547395480","2507822934","1"
"2535231541","2953792586","2"
"2953792586","2535231541","2"
"2953792586","2956093676","4"
"2956093676","2953792586","4"
"2535231541","2975734781","1"
"2975734781","2535231541","1"
"2535231541","2604885582","0.333333"
"2604885582","2535231541","0.333333"
"2606199256","2953792586","0.5"
"2953792586","2606199256","0.5"
"2535231541","2573316795","1"
"2573316795","2535231541","1"
"2547674687","2573407674","0.833333"
"2573407674","2547674687","0.833333"
"2573407674","2889754627","0.833333"
"2889754627","2573407674","0.833333"
"2573407674","850812170","0.333333"
"850812170","2573407674","0.333333"
"2579414847","2604885582","0.333333"
"2604885582","2579414847","0.333333"
"2573407674","2578742563","1"
"2578742563","2573407674","1"
"2956093676","2971798820","1.5"
"2971798820","2956093676","1.5"
"2956093676","2975734781","4"
"2975734781","2956093676","4"
