"14270516","1922881319","1.09091"
"1922881319","14270516","1.09091"
"14270516","2036625316","1.65758"
"2036625316","14270516","1.65758"
"14270516","2043719707","1.06667"
"2043719707","14270516","1.06667"
"14270516","2129442483","0.2"
"2129442483","14270516","0.2"
"14270516","24931679","0.4"
"24931679","14270516","0.4"
"14270516","2793639476","0.366667"
"2793639476","14270516","0.366667"
"2036625316","2043719707","0.566667"
"2043719707","2036625316","0.566667"
"2036625316","2129442483","0.2"
"2129442483","2036625316","0.2"
"2036625316","24931679","0.733333"
"24931679","2036625316","0.733333"
"2036625316","2793639476","0.366667"
"2793639476","2036625316","0.366667"
"2043719707","2129442483","0.45"
"2129442483","2043719707","0.45"
"2043719707","24931679","1.65"
"24931679","2043719707","1.65"
"2043719707","2793639476","0.366667"
"2793639476","2043719707","0.366667"
"2129442483","24931679","1.78333"
"24931679","2129442483","1.78333"
"2129442483","2793639476","0.2"
"2793639476","2129442483","0.2"
"24931679","2793639476","0.2"
"2793639476","24931679","0.2"
"14270516","1676333972","0.381818"
"1676333972","14270516","0.381818"
"14270516","1987205431","0.290909"
"1987205431","14270516","0.290909"
"14270516","1997601670","1.01515"
"1997601670","14270516","1.01515"
"14270516","2029986606","0.181818"
"2029986606","14270516","0.181818"
"14270516","2073221940","0.181818"
"2073221940","14270516","0.181818"
"14270516","2116457657","0.181818"
"2116457657","14270516","0.181818"
"14270516","2133537867","0.924242"
"2133537867","14270516","0.924242"
"14270516","2136123282","0.181818"
"2136123282","14270516","0.181818"
"14270516","2146463851","0.181818"
"2146463851","14270516","0.181818"
"14270516","2465507094","0.181818"
"2465507094","14270516","0.181818"
"1676333972","1987205431","7.90087"
"1987205431","1676333972","7.90087"
"1676333972","1997601670","0.548485"
"1997601670","1676333972","0.548485"
"1676333972","2029986606","0.181818"
"2029986606","1676333972","0.181818"
"1676333972","2036625316","3.24329"
"2036625316","1676333972","3.24329"
"1676333972","2073221940","0.181818"
"2073221940","1676333972","0.181818"
"1676333972","2116457657","0.548485"
"2116457657","1676333972","0.548485"
"1676333972","2133537867","0.0909091"
"2133537867","1676333972","0.0909091"
"1676333972","2136123282","0.548485"
"2136123282","1676333972","0.548485"
"1676333972","2146463851","0.324675"
"2146463851","1676333972","0.324675"
"1676333972","2465507094","0.548485"
"2465507094","1676333972","0.548485"
"1987205431","1997601670","0.624242"
"1997601670","1987205431","0.624242"
"1987205431","2029986606","0.0909091"
"2029986606","1987205431","0.0909091"
"1987205431","2036625316","4.65996"
"2036625316","1987205431","4.65996"
"1987205431","2073221940","0.0909091"
"2073221940","1987205431","0.0909091"
"1987205431","2116457657","0.749242"
"2116457657","1987205431","0.749242"
"1987205431","2133537867","0.0909091"
"2133537867","1987205431","0.0909091"
"1987205431","2136123282","0.624242"
"2136123282","1987205431","0.624242"
"1987205431","2146463851","0.358766"
"2146463851","1987205431","0.358766"
"1987205431","2465507094","0.624242"
"2465507094","1987205431","0.624242"
"1997601670","2029986606","1.77468"
"2029986606","1997601670","1.77468"
"1997601670","2036625316","0.257576"
"2036625316","1997601670","0.257576"
"1997601670","2073221940","0.431818"
"2073221940","1997601670","0.431818"
"1997601670","2116457657","1.16515"
"2116457657","1997601670","1.16515"
"1997601670","2133537867","0.924242"
"2133537867","1997601670","0.924242"
"1997601670","2136123282","2.47468"
"2136123282","1997601670","2.47468"
"1997601670","2146463851","0.524675"
"2146463851","1997601670","0.524675"
"1997601670","2465507094","2.47468"
"2465507094","1997601670","2.47468"
"2029986606","2036625316","0.0909091"
"2036625316","2029986606","0.0909091"
"2029986606","2073221940","3.76515"
"2073221940","2029986606","3.76515"
"2029986606","2116457657","0.631818"
"2116457657","2029986606","0.631818"
"2029986606","2133537867","0.0909091"
"2133537867","2029986606","0.0909091"
"2029986606","2136123282","0.774675"
"2136123282","2029986606","0.774675"
"2029986606","2146463851","0.524675"
"2146463851","2029986606","0.524675"
"2029986606","2465507094","0.774675"
"2465507094","2029986606","0.774675"
"2036625316","2073221940","0.0909091"
"2073221940","2036625316","0.0909091"
"2036625316","2116457657","0.257576"
"2116457657","2036625316","0.257576"
"2036625316","2133537867","0.0909091"
"2133537867","2036625316","0.0909091"
"2036625316","2136123282","0.257576"
"2136123282","2036625316","0.257576"
"2036625316","2146463851","3.73377"
"2146463851","2036625316","3.73377"
"2036625316","2465507094","0.257576"
"2465507094","2036625316","0.257576"
"2073221940","2116457657","0.431818"
"2116457657","2073221940","0.431818"
"2073221940","2133537867","0.0909091"
"2133537867","2073221940","0.0909091"
"2073221940","2136123282","0.431818"
"2136123282","2073221940","0.431818"
"2073221940","2146463851","0.181818"
"2146463851","2073221940","0.181818"
"2073221940","2465507094","0.431818"
"2465507094","2073221940","0.431818"
"2116457657","2133537867","0.0909091"
"2133537867","2116457657","0.0909091"
"2116457657","2136123282","1.16515"
"2136123282","2116457657","1.16515"
"2116457657","2146463851","3.20682"
"2146463851","2116457657","3.20682"
"2116457657","2465507094","1.16515"
"2465507094","2116457657","1.16515"
"2133537867","2136123282","0.0909091"
"2136123282","2133537867","0.0909091"
"2133537867","2146463851","0.0909091"
"2146463851","2133537867","0.0909091"
"2133537867","2465507094","0.0909091"
"2465507094","2133537867","0.0909091"
"2136123282","2146463851","0.524675"
"2146463851","2136123282","0.524675"
"2136123282","2465507094","2.97468"
"2465507094","2136123282","2.97468"
"2146463851","2465507094","0.524675"
"2465507094","2146463851","0.524675"
"14270516","2159852449","2"
"2159852449","14270516","2"
"14270516","156307932","0.424242"
"156307932","14270516","0.424242"
"156307932","1997601670","2.59091"
"1997601670","156307932","2.59091"
"156307932","2133537867","0.333333"
"2133537867","156307932","0.333333"
"14270516","1503686715","0.166667"
"1503686715","14270516","0.166667"
"14270516","2153050049","1.16667"
"2153050049","14270516","1.16667"
"14270516","2398328279","0.166667"
"2398328279","14270516","0.166667"
"1503686715","2036625316","3.66667"
"2036625316","1503686715","3.66667"
"1503686715","2043719707","0.416667"
"2043719707","1503686715","0.416667"
"1503686715","2153050049","0.166667"
"2153050049","1503686715","0.166667"
"1503686715","2398328279","0.75"
"2398328279","1503686715","0.75"
"1503686715","2793639476","0.166667"
"2793639476","1503686715","0.166667"
"2036625316","2153050049","0.166667"
"2153050049","2036625316","0.166667"
"2036625316","2398328279","0.166667"
"2398328279","2036625316","0.166667"
"2043719707","2153050049","0.166667"
"2153050049","2043719707","0.166667"
"2043719707","2398328279","0.416667"
"2398328279","2043719707","0.416667"
"2153050049","2398328279","0.166667"
"2398328279","2153050049","0.166667"
"2153050049","2793639476","0.166667"
"2793639476","2153050049","0.166667"
"2398328279","2793639476","0.166667"
"2793639476","2398328279","0.166667"
"14270516","2165535051","0.0909091"
"2165535051","14270516","0.0909091"
"156307932","1676333972","0.257576"
"1676333972","156307932","0.257576"
"156307932","1922881319","0.424242"
"1922881319","156307932","0.424242"
"156307932","2029986606","0.0909091"
"2029986606","156307932","0.0909091"
"156307932","2073221940","0.0909091"
"2073221940","156307932","0.0909091"
"156307932","2116457657","0.257576"
"2116457657","156307932","0.257576"
"156307932","2136123282","0.257576"
"2136123282","156307932","0.257576"
"156307932","2146463851","0.0909091"
"2146463851","156307932","0.0909091"
"156307932","2165535051","0.0909091"
"2165535051","156307932","0.0909091"
"156307932","2465507094","0.257576"
"2465507094","156307932","0.257576"
"1676333972","1922881319","0.181818"
"1922881319","1676333972","0.181818"
"1676333972","2165535051","1.57662"
"2165535051","1676333972","1.57662"
"1922881319","1997601670","2.17424"
"1997601670","1922881319","2.17424"
"1922881319","2029986606","0.340909"
"2029986606","1922881319","0.340909"
"1922881319","2073221940","0.340909"
"2073221940","1922881319","0.340909"
"1922881319","2116457657","0.340909"
"2116457657","1922881319","0.340909"
"1922881319","2136123282","0.674242"
"2136123282","1922881319","0.674242"
"1922881319","2146463851","0.0909091"
"2146463851","1922881319","0.0909091"
"1922881319","2165535051","0.215909"
"2165535051","1922881319","0.215909"
"1922881319","2465507094","0.674242"
"2465507094","1922881319","0.674242"
"1997601670","2165535051","0.215909"
"2165535051","1997601670","0.215909"
"2029986606","2165535051","2.21591"
"2165535051","2029986606","2.21591"
"2073221940","2165535051","1.21591"
"2165535051","2073221940","1.21591"
"2116457657","2165535051","0.215909"
"2165535051","2116457657","0.215909"
"2136123282","2165535051","0.215909"
"2165535051","2136123282","0.215909"
"2146463851","2165535051","0.233766"
"2165535051","2146463851","0.233766"
"2165535051","2465507094","0.215909"
"2465507094","2165535051","0.215909"
"14270516","2467478534","0.5"
"2467478534","14270516","0.5"
"2043719707","2467478534","0.840909"
"2467478534","2043719707","0.840909"
"1676333972","2043719707","0.540909"
"2043719707","1676333972","0.540909"
"1676333972","24931679","0.45"
"24931679","1676333972","0.45"
"1987205431","2043719707","0.540909"
"2043719707","1987205431","0.540909"
"1987205431","24931679","0.45"
"24931679","1987205431","0.45"
"1493848595","1838597425","2"
"1838597425","1493848595","2"
"1498607839","1922881319","0.25"
"1922881319","1498607839","0.25"
"1498607839","2074144406","0.25"
"2074144406","1498607839","0.25"
"1498607839","2086126008","0.25"
"2086126008","1498607839","0.25"
"1498607839","2135285435","0.25"
"2135285435","1498607839","0.25"
"1922881319","2074144406","0.340909"
"2074144406","1922881319","0.340909"
"1922881319","2086126008","0.361111"
"2086126008","1922881319","0.361111"
"1922881319","2135285435","0.25"
"2135285435","1922881319","0.25"
"2074144406","2086126008","0.25"
"2086126008","2074144406","0.25"
"2074144406","2135285435","0.25"
"2135285435","2074144406","0.25"
"2086126008","2135285435","0.25"
"2135285435","2086126008","0.25"
"1498607839","1587232488","0.5"
"1587232488","1498607839","0.5"
"1498607839","2128347847","0.5"
"2128347847","1498607839","0.5"
"1587232488","2128347847","26.9444"
"2128347847","1587232488","26.9444"
"1498607839","2133537867","1"
"2133537867","1498607839","1"
"1498607839","1997601670","1"
"1997601670","1498607839","1"
"1503686715","2129442483","1.08333"
"2129442483","1503686715","1.08333"
"1503686715","24931679","4.33333"
"24931679","1503686715","4.33333"
"2129442483","2398328279","0.583333"
"2398328279","2129442483","0.583333"
"2398328279","24931679","0.583333"
"24931679","2398328279","0.583333"
"1503686715","2146463851","2.16667"
"2146463851","1503686715","2.16667"
"1503686715","2126434504","1"
"2126434504","1503686715","1"
"1503686715","1676333972","0.583333"
"1676333972","1503686715","0.583333"
"1503686715","1987205431","0.583333"
"1987205431","1503686715","0.583333"
"1503686715","3009436833","0.666667"
"3009436833","1503686715","0.666667"
"2036625316","3009436833","1.66667"
"3009436833","2036625316","1.66667"
"2146463851","3009436833","0.791667"
"3009436833","2146463851","0.791667"
"1503686715","2467478534","0.25"
"2467478534","1503686715","0.25"
"1676333972","2467478534","0.590909"
"2467478534","1676333972","0.590909"
"1987205431","2467478534","0.790909"
"2467478534","1987205431","0.790909"
"2467478534","24931679","0.25"
"24931679","2467478534","0.25"
"1543580083","1989827022","18"
"1989827022","1543580083","18"
"1543580083","2168350941","1"
"2168350941","1543580083","1"
"1543580083","2074144406","1"
"2074144406","1543580083","1"
"1553696863","2060678323","10.9444"
"2060678323","1553696863","10.9444"
"1553696863","1969011944","4.125"
"1969011944","1553696863","4.125"
"1553696863","2791870258","0.944444"
"2791870258","1553696863","0.944444"
"1553696863","786553538","0.736111"
"786553538","1553696863","0.736111"
"2791870258","786553538","0.777778"
"786553538","2791870258","0.777778"
"1553696863","2294048717","0.111111"
"2294048717","1553696863","0.111111"
"1553696863","2901158455","0.111111"
"2901158455","1553696863","0.111111"
"1553696863","2906728375","0.236111"
"2906728375","1553696863","0.236111"
"1553696863","2962969859","0.236111"
"2962969859","1553696863","0.236111"
"1553696863","2996036453","0.236111"
"2996036453","1553696863","0.236111"
"1553696863","2996625406","0.111111"
"2996625406","1553696863","0.111111"
"2060678323","2294048717","0.111111"
"2294048717","2060678323","0.111111"
"2060678323","2791870258","0.444444"
"2791870258","2060678323","0.444444"
"2060678323","2901158455","0.111111"
"2901158455","2060678323","0.111111"
"2060678323","2906728375","0.111111"
"2906728375","2060678323","0.111111"
"2060678323","2962969859","0.111111"
"2962969859","2060678323","0.111111"
"2060678323","2996036453","0.111111"
"2996036453","2060678323","0.111111"
"2060678323","2996625406","0.111111"
"2996625406","2060678323","0.111111"
"2060678323","786553538","0.111111"
"786553538","2060678323","0.111111"
"2294048717","2791870258","0.111111"
"2791870258","2294048717","0.111111"
"2294048717","2901158455","0.111111"
"2901158455","2294048717","0.111111"
"2294048717","2906728375","0.111111"
"2906728375","2294048717","0.111111"
"2294048717","2962969859","0.111111"
"2962969859","2294048717","0.111111"
"2294048717","2996036453","0.111111"
"2996036453","2294048717","0.111111"
"2294048717","2996625406","0.444444"
"2996625406","2294048717","0.444444"
"2294048717","786553538","0.111111"
"786553538","2294048717","0.111111"
"2791870258","2901158455","0.111111"
"2901158455","2791870258","0.111111"
"2791870258","2906728375","0.111111"
"2906728375","2791870258","0.111111"
"2791870258","2962969859","0.277778"
"2962969859","2791870258","0.277778"
"2791870258","2996036453","0.277778"
"2996036453","2791870258","0.277778"
"2791870258","2996625406","1.11111"
"2996625406","2791870258","1.11111"
"2901158455","2906728375","1.9123"
"2906728375","2901158455","1.9123"
"2901158455","2962969859","1.4123"
"2962969859","2901158455","1.4123"
"2901158455","2996036453","1.4123"
"2996036453","2901158455","1.4123"
"2901158455","2996625406","0.111111"
"2996625406","2901158455","0.111111"
"2901158455","786553538","0.111111"
"786553538","2901158455","0.111111"
"2906728375","2962969859","15.3206"
"2962969859","2906728375","15.3206"
"2906728375","2996036453","15.3206"
"2996036453","2906728375","15.3206"
"2906728375","2996625406","0.111111"
"2996625406","2906728375","0.111111"
"2906728375","786553538","0.236111"
"786553538","2906728375","0.236111"
"2962969859","2996036453","18.4873"
"2996036453","2962969859","18.4873"
"2962969859","2996625406","0.111111"
"2996625406","2962969859","0.111111"
"2962969859","786553538","0.402778"
"786553538","2962969859","0.402778"
"2996036453","2996625406","0.111111"
"2996625406","2996036453","0.111111"
"2996036453","786553538","0.402778"
"786553538","2996036453","0.402778"
"2996625406","786553538","0.311111"
"786553538","2996625406","0.311111"
"1553696863","2167801237","0.5"
"2167801237","1553696863","0.5"
"2060678323","2167801237","0.5"
"2167801237","2060678323","0.5"
"1553696863","2104468743","0.125"
"2104468743","1553696863","0.125"
"1553696863","2168350941","0.458333"
"2168350941","1553696863","0.458333"
"1553696863","2964010166","0.125"
"2964010166","1553696863","0.125"
"1969011944","2104468743","0.125"
"2104468743","1969011944","0.125"
"1969011944","2168350941","0.291667"
"2168350941","1969011944","0.291667"
"1969011944","2906728375","0.291667"
"2906728375","1969011944","0.291667"
"1969011944","2962969859","0.125"
"2962969859","1969011944","0.125"
"1969011944","2964010166","0.125"
"2964010166","1969011944","0.125"
"1969011944","2996036453","0.125"
"2996036453","1969011944","0.125"
"1969011944","786553538","0.125"
"786553538","1969011944","0.125"
"2104468743","2168350941","0.125"
"2168350941","2104468743","0.125"
"2104468743","2906728375","0.125"
"2906728375","2104468743","0.125"
"2104468743","2962969859","0.125"
"2962969859","2104468743","0.125"
"2104468743","2964010166","0.125"
"2964010166","2104468743","0.125"
"2104468743","2996036453","0.125"
"2996036453","2104468743","0.125"
"2104468743","786553538","1.325"
"786553538","2104468743","1.325"
"2168350941","2906728375","0.291667"
"2906728375","2168350941","0.291667"
"2168350941","2962969859","0.125"
"2962969859","2168350941","0.125"
"2168350941","2964010166","0.125"
"2964010166","2168350941","0.125"
"2168350941","2996036453","0.125"
"2996036453","2168350941","0.125"
"2168350941","786553538","0.125"
"786553538","2168350941","0.125"
"2906728375","2964010166","5.79286"
"2964010166","2906728375","5.79286"
"2962969859","2964010166","2.62619"
"2964010166","2962969859","2.62619"
"2964010166","2996036453","2.62619"
"2996036453","2964010166","2.62619"
"2964010166","786553538","0.291667"
"786553538","2964010166","0.291667"
"2060678323","2168350941","0.333333"
"2168350941","2060678323","0.333333"
"2168350941","2791870258","0.333333"
"2791870258","2168350941","0.333333"
"1553696863","1907912612","1"
"1907912612","1553696863","1"
"156307932","1987205431","0.166667"
"1987205431","156307932","0.166667"
"156307932","2101163831","1.16667"
"2101163831","156307932","1.16667"
"156307932","2169245862","0.333333"
"2169245862","156307932","0.333333"
"1922881319","2101163831","0.583333"
"2101163831","1922881319","0.583333"
"1922881319","2169245862","0.333333"
"2169245862","1922881319","0.333333"
"2101163831","2169245862","0.333333"
"2169245862","2101163831","0.333333"
"156307932","2043935056","0.833333"
"2043935056","156307932","0.833333"
"2043935056","2101163831","3.75"
"2101163831","2043935056","3.75"
"156307932","2086126008","0.333333"
"2086126008","156307932","0.333333"
"2043935056","2086126008","4.91667"
"2086126008","2043935056","4.91667"
"2086126008","2101163831","0.75"
"2101163831","2086126008","0.75"
"1569925898","2119251770","0.5"
"2119251770","1569925898","0.5"
"1569925898","2140106053","0.5"
"2140106053","1569925898","0.5"
"2119251770","2140106053","0.5"
"2140106053","2119251770","0.5"
"1573768461","2293181287","9.91667"
"2293181287","1573768461","9.91667"
"1573768461","253716781","9.91667"
"253716781","1573768461","9.91667"
"1573768461","286434995","9.91667"
"286434995","1573768461","9.91667"
"2293181287","253716781","36.25"
"253716781","2293181287","36.25"
"2293181287","286434995","39.25"
"286434995","2293181287","39.25"
"253716781","286434995","34.25"
"286434995","253716781","34.25"
"1573768461","2279961423","0.25"
"2279961423","1573768461","0.25"
"2279961423","2293181287","0.25"
"2293181287","2279961423","0.25"
"2279961423","253716781","0.25"
"253716781","2279961423","0.25"
"2279961423","286434995","0.25"
"286434995","2279961423","0.25"
"1587232488","2067871637","0.333333"
"2067871637","1587232488","0.333333"
"1587232488","2122843645","0.333333"
"2122843645","1587232488","0.333333"
"2067871637","2122843645","0.333333"
"2122843645","2067871637","0.333333"
"2067871637","2128347847","0.333333"
"2128347847","2067871637","0.333333"
"2122843645","2128347847","0.333333"
"2128347847","2122843645","0.333333"
"1587232488","1922881319","1.11111"
"1922881319","1587232488","1.11111"
"1587232488","1993890112","0.111111"
"1993890112","1587232488","0.111111"
"1587232488","2086126008","0.111111"
"2086126008","1587232488","0.111111"
"1587232488","2097061272","0.111111"
"2097061272","1587232488","0.111111"
"1587232488","2127502803","0.111111"
"2127502803","1587232488","0.111111"
"1587232488","2131671232","0.111111"
"2131671232","1587232488","0.111111"
"1587232488","2166887084","0.111111"
"2166887084","1587232488","0.111111"
"1587232488","2610620600","0.111111"
"2610620600","1587232488","0.111111"
"1922881319","1993890112","0.95202"
"1993890112","1922881319","0.95202"
"1922881319","2097061272","1.69444"
"2097061272","1922881319","1.69444"
"1922881319","2127502803","0.694444"
"2127502803","1922881319","0.694444"
"1922881319","2128347847","1.11111"
"2128347847","1922881319","1.11111"
"1922881319","2131671232","1.94444"
"2131671232","1922881319","1.94444"
"1922881319","2166887084","0.444444"
"2166887084","1922881319","0.444444"
"1922881319","2610620600","0.694444"
"2610620600","1922881319","0.694444"
"1993890112","2086126008","0.111111"
"2086126008","1993890112","0.111111"
"1993890112","2097061272","0.861111"
"2097061272","1993890112","0.861111"
"1993890112","2127502803","0.111111"
"2127502803","1993890112","0.111111"
"1993890112","2128347847","0.111111"
"2128347847","1993890112","0.111111"
"1993890112","2131671232","0.861111"
"2131671232","1993890112","0.861111"
"1993890112","2166887084","0.111111"
"2166887084","1993890112","0.111111"
"1993890112","2610620600","0.111111"
"2610620600","1993890112","0.111111"
"2086126008","2097061272","0.111111"
"2097061272","2086126008","0.111111"
"2086126008","2127502803","0.111111"
"2127502803","2086126008","0.111111"
"2086126008","2128347847","0.111111"
"2128347847","2086126008","0.111111"
"2086126008","2131671232","0.111111"
"2131671232","2086126008","0.111111"
"2086126008","2166887084","0.111111"
"2166887084","2086126008","0.111111"
"2086126008","2610620600","0.111111"
"2610620600","2086126008","0.111111"
"2097061272","2127502803","0.111111"
"2127502803","2097061272","0.111111"
"2097061272","2128347847","0.111111"
"2128347847","2097061272","0.111111"
"2097061272","2131671232","5.69444"
"2131671232","2097061272","5.69444"
"2097061272","2166887084","0.111111"
"2166887084","2097061272","0.111111"
"2097061272","2610620600","0.111111"
"2610620600","2097061272","0.111111"
"2127502803","2128347847","0.111111"
"2128347847","2127502803","0.111111"
"2127502803","2131671232","0.361111"
"2131671232","2127502803","0.361111"
"2127502803","2166887084","6.27778"
"2166887084","2127502803","6.27778"
"2127502803","2610620600","8.52778"
"2610620600","2127502803","8.52778"
"2128347847","2131671232","0.111111"
"2131671232","2128347847","0.111111"
"2128347847","2166887084","0.111111"
"2166887084","2128347847","0.111111"
"2128347847","2610620600","0.111111"
"2610620600","2128347847","0.111111"
"2131671232","2166887084","0.111111"
"2166887084","2131671232","0.111111"
"2131671232","2610620600","0.361111"
"2610620600","2131671232","0.361111"
"2166887084","2610620600","6.27778"
"2610620600","2166887084","6.27778"
"162161759","2153026831","18.6429"
"2153026831","162161759","18.6429"
"162161759","2066699772","0.5"
"2066699772","162161759","0.5"
"2066699772","2153026831","0.5"
"2153026831","2066699772","0.5"
"162161759","2791870258","0.5"
"2791870258","162161759","0.5"
"2153026831","2791870258","0.5"
"2791870258","2153026831","0.5"
"162161759","1997601670","0.142857"
"1997601670","162161759","0.142857"
"162161759","2029986606","0.142857"
"2029986606","162161759","0.142857"
"162161759","2136123282","0.142857"
"2136123282","162161759","0.142857"
"162161759","2146463851","0.142857"
"2146463851","162161759","0.142857"
"162161759","2159852449","0.642857"
"2159852449","162161759","0.642857"
"162161759","2465507094","0.142857"
"2465507094","162161759","0.142857"
"1997601670","2153026831","1.14286"
"2153026831","1997601670","1.14286"
"1997601670","2159852449","1.14286"
"2159852449","1997601670","1.14286"
"2029986606","2153026831","0.142857"
"2153026831","2029986606","0.142857"
"2029986606","2159852449","0.142857"
"2159852449","2029986606","0.142857"
"2136123282","2153026831","0.142857"
"2153026831","2136123282","0.142857"
"2136123282","2159852449","0.142857"
"2159852449","2136123282","0.142857"
"2146463851","2153026831","0.142857"
"2153026831","2146463851","0.142857"
"2146463851","2159852449","0.142857"
"2159852449","2146463851","0.142857"
"2153026831","2159852449","0.642857"
"2159852449","2153026831","0.642857"
"2153026831","2465507094","0.142857"
"2465507094","2153026831","0.142857"
"2159852449","2465507094","0.142857"
"2465507094","2159852449","0.142857"
"162161759","1676333972","0.2"
"1676333972","162161759","0.2"
"162161759","1987205431","0.2"
"1987205431","162161759","0.2"
"162161759","2040244898","0.2"
"2040244898","162161759","0.2"
"162161759","2098690351","0.2"
"2098690351","162161759","0.2"
"162161759","2165535051","0.2"
"2165535051","162161759","0.2"
"1676333972","2040244898","0.342857"
"2040244898","1676333972","0.342857"
"1676333972","2098690351","2.15996"
"2098690351","1676333972","2.15996"
"1987205431","2040244898","0.759524"
"2040244898","1987205431","0.759524"
"1987205431","2098690351","1.60996"
"2098690351","1987205431","1.60996"
"1987205431","2165535051","1.73571"
"2165535051","1987205431","1.73571"
"2040244898","2098690351","0.592857"
"2098690351","2040244898","0.592857"
"2040244898","2165535051","0.592857"
"2165535051","2040244898","0.592857"
"2098690351","2165535051","0.985714"
"2165535051","2098690351","0.985714"
"2036625316","2098690351","1.11905"
"2098690351","2036625316","1.11905"
"1676333972","1815811278","0.376623"
"1815811278","1676333972","0.376623"
"1676333972","1912993749","0.376623"
"1912993749","1676333972","0.376623"
"1815811278","1912993749","29.41"
"1912993749","1815811278","29.41"
"1815811278","1987205431","0.576623"
"1987205431","1815811278","0.576623"
"1815811278","2036625316","0.285714"
"2036625316","1815811278","0.285714"
"1815811278","2098690351","1.82662"
"2098690351","1815811278","1.82662"
"1815811278","2146463851","0.142857"
"2146463851","1815811278","0.142857"
"1815811278","2165535051","0.285714"
"2165535051","1815811278","0.285714"
"1912993749","1987205431","0.576623"
"1987205431","1912993749","0.576623"
"1912993749","2036625316","0.285714"
"2036625316","1912993749","0.285714"
"1912993749","2098690351","2.82662"
"2098690351","1912993749","2.82662"
"1912993749","2146463851","0.142857"
"2146463851","1912993749","0.142857"
"1912993749","2165535051","0.285714"
"2165535051","1912993749","0.285714"
"2036625316","2165535051","1.03571"
"2165535051","2036625316","1.03571"
"2098690351","2146463851","0.142857"
"2146463851","2098690351","0.142857"
"1676333972","1993890112","0.0909091"
"1993890112","1676333972","0.0909091"
"1676333972","2061807296","0.0909091"
"2061807296","1676333972","0.0909091"
"1676333972","2074144406","0.0909091"
"2074144406","1676333972","0.0909091"
"1676333972","2114363965","0.0909091"
"2114363965","1676333972","0.0909091"
"1815811278","1922881319","0.0909091"
"1922881319","1815811278","0.0909091"
"1815811278","1993890112","0.0909091"
"1993890112","1815811278","0.0909091"
"1815811278","2043719707","0.0909091"
"2043719707","1815811278","0.0909091"
"1815811278","2061807296","0.340909"
"2061807296","1815811278","0.340909"
"1815811278","2074144406","0.0909091"
"2074144406","1815811278","0.0909091"
"1815811278","2114363965","0.290909"
"2114363965","1815811278","0.290909"
"1815811278","2467478534","0.290909"
"2467478534","1815811278","0.290909"
"1912993749","1922881319","0.0909091"
"1922881319","1912993749","0.0909091"
"1912993749","1993890112","0.0909091"
"1993890112","1912993749","0.0909091"
"1912993749","2043719707","0.0909091"
"2043719707","1912993749","0.0909091"
"1912993749","2061807296","0.340909"
"2061807296","1912993749","0.340909"
"1912993749","2074144406","0.0909091"
"2074144406","1912993749","0.0909091"
"1912993749","2114363965","0.290909"
"2114363965","1912993749","0.290909"
"1912993749","2467478534","0.290909"
"2467478534","1912993749","0.290909"
"1922881319","1987205431","0.0909091"
"1987205431","1922881319","0.0909091"
"1922881319","2043719707","0.0909091"
"2043719707","1922881319","0.0909091"
"1922881319","2061807296","0.0909091"
"2061807296","1922881319","0.0909091"
"1922881319","2098690351","0.0909091"
"2098690351","1922881319","0.0909091"
"1922881319","2114363965","0.0909091"
"2114363965","1922881319","0.0909091"
"1922881319","2467478534","0.0909091"
"2467478534","1922881319","0.0909091"
"1987205431","1993890112","0.0909091"
"1993890112","1987205431","0.0909091"
"1987205431","2061807296","0.0909091"
"2061807296","1987205431","0.0909091"
"1987205431","2074144406","0.0909091"
"2074144406","1987205431","0.0909091"
"1987205431","2114363965","0.290909"
"2114363965","1987205431","0.290909"
"1993890112","2043719707","0.0909091"
"2043719707","1993890112","0.0909091"
"1993890112","2061807296","0.0909091"
"2061807296","1993890112","0.0909091"
"1993890112","2074144406","0.0909091"
"2074144406","1993890112","0.0909091"
"1993890112","2098690351","0.0909091"
"2098690351","1993890112","0.0909091"
"1993890112","2114363965","0.0909091"
"2114363965","1993890112","0.0909091"
"1993890112","2467478534","1.09091"
"2467478534","1993890112","1.09091"
"2043719707","2061807296","0.0909091"
"2061807296","2043719707","0.0909091"
"2043719707","2074144406","0.0909091"
"2074144406","2043719707","0.0909091"
"2043719707","2098690351","0.0909091"
"2098690351","2043719707","0.0909091"
"2043719707","2114363965","0.0909091"
"2114363965","2043719707","0.0909091"
"2061807296","2074144406","1.09091"
"2074144406","2061807296","1.09091"
"2061807296","2098690351","0.0909091"
"2098690351","2061807296","0.0909091"
"2061807296","2114363965","0.257576"
"2114363965","2061807296","0.257576"
"2061807296","2467478534","0.0909091"
"2467478534","2061807296","0.0909091"
"2074144406","2098690351","0.0909091"
"2098690351","2074144406","0.0909091"
"2074144406","2114363965","0.0909091"
"2114363965","2074144406","0.0909091"
"2074144406","2467478534","0.0909091"
"2467478534","2074144406","0.0909091"
"2098690351","2114363965","0.290909"
"2114363965","2098690351","0.290909"
"2098690351","2467478534","0.290909"
"2467478534","2098690351","0.290909"
"2114363965","2467478534","1.29091"
"2467478534","2114363965","1.29091"
"1676333972","2996625406","0.25"
"2996625406","1676333972","0.25"
"1987205431","2996625406","0.375"
"2996625406","1987205431","0.375"
"2036625316","2996625406","0.25"
"2996625406","2036625316","0.25"
"2165535051","2996625406","0.25"
"2996625406","2165535051","0.25"
"1815811278","2040244898","0.142857"
"2040244898","1815811278","0.142857"
"1912993749","2040244898","0.142857"
"2040244898","1912993749","0.142857"
"2036625316","2040244898","0.559524"
"2040244898","2036625316","0.559524"
"1676333972","2135285435","0.25"
"2135285435","1676333972","0.25"
"1987205431","2135285435","0.25"
"2135285435","1987205431","0.25"
"2043719707","2135285435","0.25"
"2135285435","2043719707","0.25"
"2135285435","2467478534","0.583333"
"2467478534","2135285435","0.583333"
"1815811278","2069324208","0.583333"
"2069324208","1815811278","0.583333"
"1815811278","2105453942","0.25"
"2105453942","1815811278","0.25"
"1912993749","2069324208","0.583333"
"2069324208","1912993749","0.583333"
"1912993749","2105453942","0.25"
"2105453942","1912993749","0.25"
"2069324208","2098690351","1.25"
"2098690351","2069324208","1.25"
"2069324208","2105453942","0.25"
"2105453942","2069324208","0.25"
"2098690351","2105453942","0.25"
"2105453942","2098690351","0.25"
"1815811278","2086126008","0.5"
"2086126008","1815811278","0.5"
"1912993749","2086126008","0.5"
"2086126008","1912993749","0.5"
"1815811278","2010700804","0.25"
"2010700804","1815811278","0.25"
"1815811278","2065257890","0.25"
"2065257890","1815811278","0.25"
"1912993749","2010700804","0.25"
"2010700804","1912993749","0.25"
"1912993749","2065257890","0.25"
"2065257890","1912993749","0.25"
"2010700804","2061807296","1.25"
"2061807296","2010700804","1.25"
"2010700804","2065257890","0.25"
"2065257890","2010700804","0.25"
"2061807296","2065257890","2.25"
"2065257890","2061807296","2.25"
"1815811278","2113702535","0.333333"
"2113702535","1815811278","0.333333"
"1912993749","2113702535","0.333333"
"2113702535","1912993749","0.333333"
"2069324208","2113702535","0.5"
"2113702535","2069324208","0.5"
"1815811278","2126434504","0.5"
"2126434504","1815811278","0.5"
"1912993749","2126434504","0.5"
"2126434504","1912993749","0.5"
"1838597425","2293181287","0.333333"
"2293181287","1838597425","0.333333"
"1838597425","253716781","0.333333"
"253716781","1838597425","0.333333"
"1838597425","286434995","0.333333"
"286434995","1838597425","0.333333"
"1907912612","2121557515","1"
"2121557515","1907912612","1"
"1922881319","2069324208","2.58333"
"2069324208","1922881319","2.58333"
"2069324208","2097061272","0.583333"
"2097061272","2069324208","0.583333"
"2069324208","2131671232","0.583333"
"2131671232","2069324208","0.583333"
"1922881319","2068295054","2.5"
"2068295054","1922881319","2.5"
"1993890112","2068295054","1.5"
"2068295054","1993890112","1.5"
"1922881319","2113870798","0.25"
"2113870798","1922881319","0.25"
"1997601670","2113870798","0.25"
"2113870798","1997601670","0.25"
"2029986606","2113870798","0.25"
"2113870798","2029986606","0.25"
"2073221940","2113870798","0.25"
"2113870798","2073221940","0.25"
"2113870798","2116457657","0.25"
"2116457657","2113870798","0.25"
"2113870798","2136123282","0.25"
"2136123282","2113870798","0.25"
"2113870798","2165535051","0.125"
"2165535051","2113870798","0.125"
"2113870798","2465507094","0.25"
"2465507094","2113870798","0.25"
"1922881319","204069141","0.5"
"204069141","1922881319","0.5"
"204069141","2068295054","0.5"
"2068295054","204069141","0.5"
"1922881319","2103735952","1.5"
"2103735952","1922881319","1.5"
"1922881319","2122843645","1.25"
"2122843645","1922881319","1.25"
"1993890112","2122843645","0.25"
"2122843645","1993890112","0.25"
"2097061272","2122843645","0.25"
"2122843645","2097061272","0.25"
"2122843645","2131671232","0.25"
"2131671232","2122843645","0.25"
"1922881319","2113702535","1"
"2113702535","1922881319","1"
"1922881319","2040244898","1"
"2040244898","1922881319","1"
"1922881319","2086512465","1.75"
"2086512465","1922881319","1.75"
"2068295054","2086512465","0.25"
"2086512465","2068295054","0.25"
"2068295054","2097061272","1"
"2097061272","2068295054","1"
"2068295054","2131671232","1"
"2131671232","2068295054","1"
"2086512465","2097061272","0.25"
"2097061272","2086512465","0.25"
"2086512465","2131671232","0.25"
"2131671232","2086512465","0.25"
"1922881319","2006284054","0.7"
"2006284054","1922881319","0.7"
"1922881319","2066699772","0.7"
"2066699772","1922881319","0.7"
"2006284054","2066699772","19.7"
"2066699772","2006284054","19.7"
"2101163831","2127502803","0.25"
"2127502803","2101163831","0.25"
"2101163831","2131671232","0.25"
"2131671232","2101163831","0.25"
"2101163831","2610620600","0.25"
"2610620600","2101163831","0.25"
"1922881319","2110328813","2"
"2110328813","1922881319","2"
"1922881319","2077150935","0.2"
"2077150935","1922881319","0.2"
"1922881319","2147699512","0.2"
"2147699512","1922881319","0.2"
"1922881319","2150826728","0.2"
"2150826728","1922881319","0.2"
"2006284054","2077150935","0.2"
"2077150935","2006284054","0.2"
"2006284054","2147699512","0.2"
"2147699512","2006284054","0.2"
"2006284054","2150826728","0.2"
"2150826728","2006284054","0.2"
"2066699772","2077150935","0.2"
"2077150935","2066699772","0.2"
"2066699772","2147699512","0.2"
"2147699512","2066699772","0.2"
"2066699772","2150826728","0.2"
"2150826728","2066699772","0.2"
"2077150935","2147699512","0.2"
"2147699512","2077150935","0.2"
"2077150935","2150826728","24.2"
"2150826728","2077150935","24.2"
"2147699512","2150826728","0.2"
"2150826728","2147699512","0.2"
"1997601670","2103735952","0.833333"
"2103735952","1997601670","0.833333"
"2068295054","2069324208","0.25"
"2069324208","2068295054","0.25"
"1922881319","2127053467","0.5"
"2127053467","1922881319","0.5"
"2086512465","2127053467","0.5"
"2127053467","2086512465","0.5"
"1922881319","2168908095","0.125"
"2168908095","1922881319","0.125"
"1997601670","2168908095","0.125"
"2168908095","1997601670","0.125"
"2029986606","2168908095","0.125"
"2168908095","2029986606","0.125"
"2073221940","2168908095","0.125"
"2168908095","2073221940","0.125"
"2113870798","2168908095","0.125"
"2168908095","2113870798","0.125"
"2116457657","2168908095","0.125"
"2168908095","2116457657","0.125"
"2136123282","2168908095","0.125"
"2168908095","2136123282","0.125"
"2168908095","2465507094","0.125"
"2465507094","2168908095","0.125"
"1969011944","204069141","0.166667"
"204069141","1969011944","0.166667"
"1969011944","2167801237","0.166667"
"2167801237","1969011944","0.166667"
"1969011944","2765247238","0.166667"
"2765247238","1969011944","0.166667"
"1969011944","2901158455","0.166667"
"2901158455","1969011944","0.166667"
"204069141","2167801237","0.166667"
"2167801237","204069141","0.166667"
"204069141","2168350941","0.166667"
"2168350941","204069141","0.166667"
"204069141","2765247238","0.166667"
"2765247238","204069141","0.166667"
"204069141","2901158455","0.166667"
"2901158455","204069141","0.166667"
"204069141","2906728375","0.166667"
"2906728375","204069141","0.166667"
"2167801237","2168350941","1.16667"
"2168350941","2167801237","1.16667"
"2167801237","2765247238","0.166667"
"2765247238","2167801237","0.166667"
"2167801237","2901158455","0.166667"
"2901158455","2167801237","0.166667"
"2167801237","2906728375","0.166667"
"2906728375","2167801237","0.166667"
"2168350941","2765247238","0.166667"
"2765247238","2168350941","0.166667"
"2168350941","2901158455","0.166667"
"2901158455","2168350941","0.166667"
"2765247238","2901158455","2.625"
"2901158455","2765247238","2.625"
"2765247238","2906728375","0.291667"
"2906728375","2765247238","0.291667"
"1973457545","2126434504","6"
"2126434504","1973457545","6"
"1973457545","2765247238","1"
"2765247238","1973457545","1"
"1997601670","2040244898","0.166667"
"2040244898","1997601670","0.166667"
"2040244898","2116457657","0.166667"
"2116457657","2040244898","0.166667"
"2040244898","2136123282","0.666667"
"2136123282","2040244898","0.666667"
"2040244898","2465507094","0.666667"
"2465507094","2040244898","0.666667"
"1987205431","2104468743","0.125"
"2104468743","1987205431","0.125"
"1987205431","2108951007","0.125"
"2108951007","1987205431","0.125"
"1987205431","2397692773","0.125"
"2397692773","1987205431","0.125"
"1987205431","2793639476","0.125"
"2793639476","1987205431","0.125"
"1987205431","3009436833","0.125"
"3009436833","1987205431","0.125"
"2104468743","2108951007","2.35833"
"2108951007","2104468743","2.35833"
"2104468743","2116457657","0.325"
"2116457657","2104468743","0.325"
"2104468743","2146463851","0.325"
"2146463851","2104468743","0.325"
"2104468743","2397692773","0.658333"
"2397692773","2104468743","0.658333"
"2104468743","2793639476","4.65833"
"2793639476","2104468743","4.65833"
"2104468743","2996625406","0.525"
"2996625406","2104468743","0.525"
"2104468743","3009436833","0.125"
"3009436833","2104468743","0.125"
"2108951007","2116457657","0.825"
"2116457657","2108951007","0.825"
"2108951007","2146463851","1.15833"
"2146463851","2108951007","1.15833"
"2108951007","2397692773","0.991667"
"2397692773","2108951007","0.991667"
"2108951007","2793639476","2.15833"
"2793639476","2108951007","2.15833"
"2108951007","2996625406","0.525"
"2996625406","2108951007","0.525"
"2108951007","3009436833","0.625"
"3009436833","2108951007","0.625"
"2116457657","2397692773","0.325"
"2397692773","2116457657","0.325"
"2116457657","2793639476","0.125"
"2793639476","2116457657","0.125"
"2116457657","2996625406","0.325"
"2996625406","2116457657","0.325"
"2116457657","3009436833","0.125"
"3009436833","2116457657","0.125"
"2146463851","2397692773","0.325"
"2397692773","2146463851","0.325"
"2146463851","2793639476","0.125"
"2793639476","2146463851","0.125"
"2146463851","2996625406","0.325"
"2996625406","2146463851","0.325"
"2397692773","2793639476","4.95833"
"2793639476","2397692773","4.95833"
"2397692773","2996625406","0.825"
"2996625406","2397692773","0.825"
"2397692773","3009436833","0.125"
"3009436833","2397692773","0.125"
"2793639476","2996625406","2.15833"
"2996625406","2793639476","2.15833"
"2793639476","3009436833","3.95833"
"3009436833","2793639476","3.95833"
"2996625406","3009436833","6.45833"
"3009436833","2996625406","6.45833"
"1993890112","2055821246","1"
"2055821246","1993890112","1"
"2103735952","2136123282","0.333333"
"2136123282","2103735952","0.333333"
