"1558881891","1974371581","2.20833"
"1974371581","1558881891","2.20833"
"1558881891","2057366818","2.18452"
"2057366818","1558881891","2.18452"
"1558881891","2992466090","1.43452"
"2992466090","1558881891","1.43452"
"1974371581","2057366818","2.875"
"2057366818","1974371581","2.875"
"1974371581","2992466090","3.04167"
"2992466090","1974371581","3.04167"
"2057366818","2992466090","2.55119"
"2992466090","2057366818","2.55119"
"1558881891","2494350012","6.375"
"2494350012","1558881891","6.375"
"2494350012","2992466090","1.81944"
"2992466090","2494350012","1.81944"
"1558881891","1936852542","0.934524"
"1936852542","1558881891","0.934524"
"1558881891","2130333229","0.97619"
"2130333229","1558881891","0.97619"
"1558881891","2567013686","1.05952"
"2567013686","1558881891","1.05952"
"1558881891","2946759800","0.35119"
"2946759800","1558881891","0.35119"
"1558881891","2997587243","0.892857"
"2997587243","1558881891","0.892857"
"1936852542","2057366818","1.01786"
"2057366818","1936852542","1.01786"
"1936852542","2130333229","9.81069"
"2130333229","1936852542","9.81069"
"1936852542","2567013686","11.4857"
"2567013686","1936852542","11.4857"
"1936852542","2946759800","1.07097"
"2946759800","1936852542","1.07097"
"1936852542","2992466090","0.682082"
"2992466090","1936852542","0.682082"
"1936852542","2997587243","3.3373"
"2997587243","1936852542","3.3373"
"2057366818","2130333229","0.97619"
"2130333229","2057366818","0.97619"
"2057366818","2567013686","2.14286"
"2567013686","2057366818","2.14286"
"2057366818","2946759800","0.517857"
"2946759800","2057366818","0.517857"
"2057366818","2997587243","2.17619"
"2997587243","2057366818","2.17619"
"2130333229","2567013686","9.30952"
"2567013686","2130333229","9.30952"
"2130333229","2946759800","1.21978"
"2946759800","2130333229","1.21978"
"2130333229","2992466090","0.71978"
"2992466090","2130333229","0.71978"
"2130333229","2997587243","0.642857"
"2997587243","2130333229","0.642857"
"2567013686","2946759800","1.28571"
"2946759800","2567013686","1.28571"
"2567013686","2992466090","2.86905"
"2992466090","2567013686","2.86905"
"2567013686","2997587243","3.47619"
"2997587243","2567013686","3.47619"
"2946759800","2992466090","1.82097"
"2992466090","2946759800","1.82097"
"2946759800","2997587243","3.55952"
"2997587243","2946759800","3.55952"
"2992466090","2997587243","11.8706"
"2997587243","2992466090","11.8706"
"1558881891","2297674948","0.833333"
"2297674948","1558881891","0.833333"
"1974371581","2297674948","2.04167"
"2297674948","1974371581","2.04167"
"1974371581","2494350012","6.41667"
"2494350012","1974371581","6.41667"
"2297674948","2494350012","4.31944"
"2494350012","2297674948","4.31944"
"1558881891","2051079950","0.0833333"
"2051079950","1558881891","0.0833333"
"1558881891","2103275652","0.583333"
"2103275652","1558881891","0.583333"
"1558881891","2112759333","0.166667"
"2112759333","1558881891","0.166667"
"1558881891","2118585205","0.166667"
"2118585205","1558881891","0.166667"
"1558881891","2149857318","0.166667"
"2149857318","1558881891","0.166667"
"1558881891","2165331276","0.0833333"
"2165331276","1558881891","0.0833333"
"1558881891","2795766819","0.0833333"
"2795766819","1558881891","0.0833333"
"1936852542","1974371581","5.83333"
"1974371581","1936852542","5.83333"
"1936852542","2051079950","4.56228"
"2051079950","1936852542","4.56228"
"1936852542","2103275652","2.29924"
"2103275652","1936852542","2.29924"
"1936852542","2112759333","8.60394"
"2112759333","1936852542","8.60394"
"1936852542","2118585205","0.854701"
"2118585205","1936852542","0.854701"
"1936852542","2149857318","2.55119"
"2149857318","1936852542","2.55119"
"1936852542","2165331276","0.283333"
"2165331276","1936852542","0.283333"
"1936852542","2297674948","11.2694"
"2297674948","1936852542","11.2694"
"1936852542","2494350012","0.777778"
"2494350012","1936852542","0.777778"
"1936852542","2795766819","3.16783"
"2795766819","1936852542","3.16783"
"1974371581","2051079950","1.91667"
"2051079950","1974371581","1.91667"
"1974371581","2103275652","0.458333"
"2103275652","1974371581","0.458333"
"1974371581","2112759333","1.375"
"2112759333","1974371581","1.375"
"1974371581","2118585205","0.583333"
"2118585205","1974371581","0.583333"
"1974371581","2149857318","1.20833"
"2149857318","1974371581","1.20833"
"1974371581","2165331276","0.0833333"
"2165331276","1974371581","0.0833333"
"1974371581","2795766819","0.0833333"
"2795766819","1974371581","0.0833333"
"1974371581","2997587243","4.58333"
"2997587243","1974371581","4.58333"
"2051079950","2103275652","0.924242"
"2103275652","2051079950","0.924242"
"2051079950","2112759333","3.23847"
"2112759333","2051079950","3.23847"
"2051079950","2118585205","0.604701"
"2118585205","2051079950","0.604701"
"2051079950","2149857318","0.559524"
"2149857318","2051079950","0.559524"
"2051079950","2165331276","0.0833333"
"2165331276","2051079950","0.0833333"
"2051079950","2297674948","0.670635"
"2297674948","2051079950","0.670635"
"2051079950","2494350012","0.694444"
"2494350012","2051079950","0.694444"
"2051079950","2795766819","0.617832"
"2795766819","2051079950","0.617832"
"2051079950","2997587243","0.194444"
"2997587243","2051079950","0.194444"
"2103275652","2112759333","0.799242"
"2112759333","2103275652","0.799242"
"2103275652","2118585205","0.0833333"
"2118585205","2103275652","0.0833333"
"2103275652","2149857318","0.208333"
"2149857318","2103275652","0.208333"
"2103275652","2165331276","0.0833333"
"2165331276","2103275652","0.0833333"
"2103275652","2297674948","0.208333"
"2297674948","2103275652","0.208333"
"2103275652","2494350012","0.208333"
"2494350012","2103275652","0.208333"
"2103275652","2795766819","0.424242"
"2795766819","2103275652","0.424242"
"2103275652","2997587243","0.0833333"
"2997587243","2103275652","0.0833333"
"2112759333","2118585205","0.938034"
"2118585205","2112759333","0.938034"
"2112759333","2149857318","4.68452"
"2149857318","2112759333","4.68452"
"2112759333","2165331276","0.0833333"
"2165331276","2112759333","0.0833333"
"2112759333","2297674948","7.37897"
"2297674948","2112759333","7.37897"
"2112759333","2494350012","1.23611"
"2494350012","2112759333","1.23611"
"2112759333","2795766819","0.701165"
"2795766819","2112759333","0.701165"
"2112759333","2997587243","0.861111"
"2997587243","2112759333","0.861111"
"2118585205","2149857318","0.416667"
"2149857318","2118585205","0.416667"
"2118585205","2165331276","0.0833333"
"2165331276","2118585205","0.0833333"
"2118585205","2297674948","0.277778"
"2297674948","2118585205","0.277778"
"2118585205","2494350012","0.527778"
"2494350012","2118585205","0.527778"
"2118585205","2795766819","0.160256"
"2795766819","2118585205","0.160256"
"2118585205","2997587243","0.444444"
"2997587243","2118585205","0.444444"
"2149857318","2165331276","0.283333"
"2165331276","2149857318","0.283333"
"2149857318","2297674948","7.88452"
"2297674948","2149857318","7.88452"
"2149857318","2494350012","0.541667"
"2494350012","2149857318","0.541667"
"2149857318","2795766819","1.08333"
"2795766819","2149857318","1.08333"
"2149857318","2997587243","0.166667"
"2997587243","2149857318","0.166667"
"2165331276","2297674948","1.78333"
"2297674948","2165331276","1.78333"
"2165331276","2494350012","0.0833333"
"2494350012","2165331276","0.0833333"
"2165331276","2795766819","0.0833333"
"2795766819","2165331276","0.0833333"
"2165331276","2997587243","0.0833333"
"2997587243","2165331276","0.0833333"
"2297674948","2795766819","1.58333"
"2795766819","2297674948","1.58333"
"2297674948","2997587243","0.777778"
"2997587243","2297674948","0.777778"
"2494350012","2795766819","0.0833333"
"2795766819","2494350012","0.0833333"
"2494350012","2997587243","1.52778"
"2997587243","2494350012","1.52778"
"2795766819","2997587243","2.91667"
"2997587243","2795766819","2.91667"
"1974371581","2130333229","0.75"
"2130333229","1974371581","0.75"
"2130333229","2494350012","0.5"
"2494350012","2130333229","0.5"
"1974371581","2567013686","3.33333"
"2567013686","1974371581","3.33333"
"2494350012","2567013686","1.33333"
"2567013686","2494350012","1.33333"
"1558881891","2230344084","0.208333"
"2230344084","1558881891","0.208333"
"1558881891","2592924101","0.0833333"
"2592924101","1558881891","0.0833333"
"1936852542","2230344084","0.208333"
"2230344084","1936852542","0.208333"
"1936852542","2592924101","0.0833333"
"2592924101","1936852542","0.0833333"
"1974371581","2230344084","0.541667"
"2230344084","1974371581","0.541667"
"1974371581","2592924101","0.0833333"
"2592924101","1974371581","0.0833333"
"1974371581","2946759800","0.458333"
"2946759800","1974371581","0.458333"
"2112759333","2230344084","0.0833333"
"2230344084","2112759333","0.0833333"
"2112759333","2592924101","0.0833333"
"2592924101","2112759333","0.0833333"
"2112759333","2946759800","0.160256"
"2946759800","2112759333","0.160256"
"2112759333","2992466090","1.27137"
"2992466090","2112759333","1.27137"
"2118585205","2230344084","0.0833333"
"2230344084","2118585205","0.0833333"
"2118585205","2592924101","0.0833333"
"2592924101","2118585205","0.0833333"
"2118585205","2946759800","0.160256"
"2946759800","2118585205","0.160256"
"2118585205","2992466090","0.271368"
"2992466090","2118585205","0.271368"
"2149857318","2230344084","0.0833333"
"2230344084","2149857318","0.0833333"
"2149857318","2592924101","0.0833333"
"2592924101","2149857318","0.0833333"
"2149857318","2946759800","0.22619"
"2946759800","2149857318","0.22619"
"2149857318","2992466090","0.22619"
"2992466090","2149857318","0.22619"
"2230344084","2297674948","0.0833333"
"2297674948","2230344084","0.0833333"
"2230344084","2494350012","0.208333"
"2494350012","2230344084","0.208333"
"2230344084","2592924101","0.0833333"
"2592924101","2230344084","0.0833333"
"2230344084","2946759800","0.208333"
"2946759800","2230344084","0.208333"
"2230344084","2992466090","0.208333"
"2992466090","2230344084","0.208333"
"2230344084","2997587243","0.0833333"
"2997587243","2230344084","0.0833333"
"2297674948","2592924101","0.0833333"
"2592924101","2297674948","0.0833333"
"2297674948","2946759800","0.333333"
"2946759800","2297674948","0.333333"
"2297674948","2992466090","0.694444"
"2992466090","2297674948","0.694444"
"2494350012","2592924101","0.0833333"
"2592924101","2494350012","0.0833333"
"2494350012","2946759800","2.70833"
"2946759800","2494350012","2.70833"
"2592924101","2946759800","0.0833333"
"2946759800","2592924101","0.0833333"
"2592924101","2992466090","0.283333"
"2992466090","2592924101","0.283333"
"2592924101","2997587243","0.283333"
"2997587243","2592924101","0.283333"
"1558881891","2250040449","0.125"
"2250040449","1558881891","0.125"
"1936852542","2250040449","2"
"2250040449","1936852542","2"
"1974371581","2250040449","0.666667"
"2250040449","1974371581","0.666667"
"2057366818","2230344084","0.458333"
"2230344084","2057366818","0.458333"
"2057366818","2250040449","1.04167"
"2250040449","2057366818","1.04167"
"2057366818","2494350012","3.45833"
"2494350012","2057366818","3.45833"
"2230344084","2250040449","0.125"
"2250040449","2230344084","0.125"
"2250040449","2494350012","0.75"
"2494350012","2250040449","0.75"
"2250040449","2946759800","0.125"
"2946759800","2250040449","0.125"
"2250040449","2992466090","0.291667"
"2992466090","2250040449","0.291667"
"1810871564","2951960623","38.3409"
"2951960623","1810871564","38.3409"
"1810871564","2063718120","0.5"
"2063718120","1810871564","0.5"
"2063718120","2951960623","0.5"
"2951960623","2063718120","0.5"
"1810871564","2297674948","1"
"2297674948","1810871564","1"
"1810871564","2103275652","0.590909"
"2103275652","1810871564","0.590909"
"2103275652","2951960623","0.590909"
"2951960623","2103275652","0.590909"
"1810871564","2234382472","1.69091"
"2234382472","1810871564","1.69091"
"1810871564","1936852542","2.34091"
"1936852542","1810871564","2.34091"
"1810871564","2236052576","3.63333"
"2236052576","1810871564","3.63333"
"1810871564","2551515408","0.833333"
"2551515408","1810871564","0.833333"
"1936852542","2236052576","1.20238"
"2236052576","1936852542","1.20238"
"1936852542","2551515408","0.826923"
"2551515408","1936852542","0.826923"
"1936852542","2951960623","1.34091"
"2951960623","1936852542","1.34091"
"2236052576","2551515408","2.58333"
"2551515408","2236052576","2.58333"
"2236052576","2951960623","3.63333"
"2951960623","2236052576","3.63333"
"2551515408","2951960623","0.833333"
"2951960623","2551515408","0.833333"
"1810871564","2992466090","0.2"
"2992466090","1810871564","0.2"
"1810871564","341170223","0.2"
"341170223","1810871564","0.2"
"2234382472","2236052576","0.742857"
"2236052576","2234382472","0.742857"
"2234382472","2951960623","0.690909"
"2951960623","2234382472","0.690909"
"2234382472","2992466090","0.9"
"2992466090","2234382472","0.9"
"2234382472","341170223","0.542857"
"341170223","2234382472","0.542857"
"2236052576","2992466090","0.342857"
"2992466090","2236052576","0.342857"
"2236052576","341170223","0.342857"
"341170223","2236052576","0.342857"
"2951960623","2992466090","0.2"
"2992466090","2951960623","0.2"
"2951960623","341170223","0.2"
"341170223","2951960623","0.2"
"2992466090","341170223","0.4"
"341170223","2992466090","0.4"
"1810871564","2051079950","0.290909"
"2051079950","1810871564","0.290909"
"1810871564","2112759333","0.290909"
"2112759333","1810871564","0.290909"
"1810871564","2130333229","1.09091"
"2130333229","1810871564","1.09091"
"1810871564","2151506572","0.340909"
"2151506572","1810871564","0.340909"
"1810871564","2795766819","0.290909"
"2795766819","1810871564","0.290909"
"1810871564","2952345403","0.340909"
"2952345403","1810871564","0.340909"
"1810871564","2995539552","0.0909091"
"2995539552","1810871564","0.0909091"
"1936852542","2151506572","0.5671"
"2151506572","1936852542","0.5671"
"1936852542","2234382472","0.233766"
"2234382472","1936852542","0.233766"
"1936852542","2952345403","0.5671"
"2952345403","1936852542","0.5671"
"1936852542","2995539552","4.34091"
"2995539552","1936852542","4.34091"
"2051079950","2130333229","0.167832"
"2130333229","2051079950","0.167832"
"2051079950","2151506572","0.0909091"
"2151506572","2051079950","0.0909091"
"2051079950","2234382472","0.0909091"
"2234382472","2051079950","0.0909091"
"2051079950","2951960623","0.290909"
"2951960623","2051079950","0.290909"
"2051079950","2952345403","0.0909091"
"2952345403","2051079950","0.0909091"
"2051079950","2995539552","0.340909"
"2995539552","2051079950","0.340909"
"2103275652","2130333229","1.59091"
"2130333229","2103275652","1.59091"
"2103275652","2151506572","0.0909091"
"2151506572","2103275652","0.0909091"
"2103275652","2234382472","0.0909091"
"2234382472","2103275652","0.0909091"
"2103275652","2952345403","0.0909091"
"2952345403","2103275652","0.0909091"
"2103275652","2995539552","0.0909091"
"2995539552","2103275652","0.0909091"
"2112759333","2130333229","0.917832"
"2130333229","2112759333","0.917832"
"2112759333","2151506572","0.0909091"
"2151506572","2112759333","0.0909091"
"2112759333","2234382472","0.0909091"
"2234382472","2112759333","0.0909091"
"2112759333","2951960623","0.290909"
"2951960623","2112759333","0.290909"
"2112759333","2952345403","0.0909091"
"2952345403","2112759333","0.0909091"
"2112759333","2995539552","0.340909"
"2995539552","2112759333","0.340909"
"2130333229","2151506572","0.0909091"
"2151506572","2130333229","0.0909091"
"2130333229","2234382472","0.0909091"
"2234382472","2130333229","0.0909091"
"2130333229","2795766819","0.667832"
"2795766819","2130333229","0.667832"
"2130333229","2951960623","1.09091"
"2951960623","2130333229","1.09091"
"2130333229","2952345403","0.0909091"
"2952345403","2130333229","0.0909091"
"2130333229","2995539552","10.1742"
"2995539552","2130333229","10.1742"
"2151506572","2234382472","0.233766"
"2234382472","2151506572","0.233766"
"2151506572","2795766819","0.0909091"
"2795766819","2151506572","0.0909091"
"2151506572","2951960623","0.340909"
"2951960623","2151506572","0.340909"
"2151506572","2952345403","11.0671"
"2952345403","2151506572","11.0671"
"2151506572","2995539552","0.0909091"
"2995539552","2151506572","0.0909091"
"2234382472","2795766819","0.0909091"
"2795766819","2234382472","0.0909091"
"2234382472","2952345403","0.233766"
"2952345403","2234382472","0.233766"
"2234382472","2995539552","0.0909091"
"2995539552","2234382472","0.0909091"
"2795766819","2951960623","0.290909"
"2951960623","2795766819","0.290909"
"2795766819","2952345403","0.0909091"
"2952345403","2795766819","0.0909091"
"2795766819","2995539552","1.09091"
"2995539552","2795766819","1.09091"
"2951960623","2952345403","0.340909"
"2952345403","2951960623","0.340909"
"2951960623","2995539552","0.0909091"
"2995539552","2951960623","0.0909091"
"2952345403","2995539552","0.0909091"
"2995539552","2952345403","0.0909091"
"1810871564","2149857318","0.5"
"2149857318","1810871564","0.5"
"2149857318","2951960623","0.5"
"2951960623","2149857318","0.5"
"1810871564","2952523459","1.51667"
"2952523459","1810871564","1.51667"
"1810871564","566863923","1.51667"
"566863923","1810871564","1.51667"
"2551515408","2952523459","0.826923"
"2952523459","2551515408","0.826923"
"2551515408","566863923","0.826923"
"566863923","2551515408","0.826923"
"2951960623","2952523459","1.51667"
"2952523459","2951960623","1.51667"
"2951960623","566863923","1.51667"
"566863923","2951960623","1.51667"
"2952523459","566863923","15.046"
"566863923","2952523459","15.046"
"1810871564","2567013686","0.2"
"2567013686","1810871564","0.2"
"2236052576","2567013686","0.342857"
"2567013686","2236052576","0.342857"
"2236052576","2952523459","1.88571"
"2952523459","2236052576","1.88571"
"2236052576","566863923","1.88571"
"566863923","2236052576","1.88571"
"2567013686","2951960623","0.2"
"2951960623","2567013686","0.2"
"2567013686","2952523459","1.75952"
"2952523459","2567013686","1.75952"
"2567013686","566863923","1.75952"
"566863923","2567013686","1.75952"
"2234382472","2952523459","0.542857"
"2952523459","2234382472","0.542857"
"2234382472","566863923","0.542857"
"566863923","2234382472","0.542857"
"2151506572","2236052576","0.72619"
"2236052576","2151506572","0.72619"
"2236052576","2952345403","0.72619"
"2952345403","2236052576","0.72619"
"1810871564","2250040449","0.2"
"2250040449","1810871564","0.2"
"2051079950","2250040449","0.342857"
"2250040449","2051079950","0.342857"
"2112759333","2250040449","1.46786"
"2250040449","2112759333","1.46786"
"2250040449","2795766819","1.2"
"2795766819","2250040449","1.2"
"2250040449","2951960623","0.2"
"2951960623","2250040449","0.2"
"2057366818","2149857318","0.5"
"2149857318","2057366818","0.5"
"2551515408","2567013686","0.5"
"2567013686","2551515408","0.5"
"2567013686","2995539552","7.91667"
"2995539552","2567013686","7.91667"
"1936852542","2952523459","1.5293"
"2952523459","1936852542","1.5293"
"1936852542","341170223","0.142857"
"341170223","1936852542","0.142857"
"1936852542","566863923","1.5293"
"566863923","1936852542","1.5293"
"2151506572","2952523459","0.392857"
"2952523459","2151506572","0.392857"
"2151506572","341170223","0.142857"
"341170223","2151506572","0.142857"
"2151506572","566863923","0.392857"
"566863923","2151506572","0.392857"
"2952345403","2952523459","0.392857"
"2952523459","2952345403","0.392857"
"2952345403","341170223","0.142857"
"341170223","2952345403","0.142857"
"2952345403","566863923","0.392857"
"566863923","2952345403","0.392857"
"2952523459","341170223","0.142857"
"341170223","2952523459","0.142857"
"341170223","566863923","0.142857"
"566863923","341170223","0.142857"
"2130333229","2297674948","0.75"
"2297674948","2130333229","0.75"
"1936852542","2519131865","3.02692"
"2519131865","1936852542","3.02692"
"2149857318","2519131865","0.592857"
"2519131865","2149857318","0.592857"
"2149857318","2567013686","0.67619"
"2567013686","2149857318","0.67619"
"2165331276","2519131865","0.2"
"2519131865","2165331276","0.2"
"2165331276","2567013686","0.7"
"2567013686","2165331276","0.7"
"2297674948","2519131865","1.09286"
"2519131865","2297674948","1.09286"
"2297674948","2567013686","3.28333"
"2567013686","2297674948","3.28333"
"2519131865","2567013686","0.2"
"2567013686","2519131865","0.2"
"2250040449","2567013686","2.58333"
"2567013686","2250040449","2.58333"
"2112759333","2567013686","0.75"
"2567013686","2112759333","0.75"
"2130333229","2149857318","1.25"
"2149857318","2130333229","1.25"
"2130333229","2519131865","0.326923"
"2519131865","2130333229","0.326923"
"1936852542","1987811832","0.561111"
"1987811832","1936852542","0.561111"
"1936852542","2015432900","0.325"
"2015432900","1936852542","0.325"
"1936852542","2185771052","0.561111"
"2185771052","1936852542","0.561111"
"1987811832","2015432900","0.2"
"2015432900","1987811832","0.2"
"1987811832","2051079950","0.703968"
"2051079950","1987811832","0.703968"
"1987811832","2112759333","1.5373"
"2112759333","1987811832","1.5373"
"1987811832","2185771052","3.37064"
"2185771052","1987811832","3.37064"
"2015432900","2051079950","0.2"
"2051079950","2015432900","0.2"
"2015432900","2112759333","0.825"
"2112759333","2015432900","0.825"
"2015432900","2185771052","0.2"
"2185771052","2015432900","0.2"
"2051079950","2185771052","0.703968"
"2185771052","2051079950","0.703968"
"2112759333","2185771052","1.5373"
"2185771052","2112759333","1.5373"
"1936852542","586569900","0.166667"
"586569900","1936852542","0.166667"
"1974371581","2952523459","0.166667"
"2952523459","1974371581","0.166667"
"1974371581","566863923","0.166667"
"566863923","1974371581","0.166667"
"1974371581","586569900","1.33333"
"586569900","1974371581","1.33333"
"2118585205","2952523459","0.24359"
"2952523459","2118585205","0.24359"
"2118585205","566863923","0.24359"
"566863923","2118585205","0.24359"
"2118585205","586569900","0.166667"
"586569900","2118585205","0.166667"
"2952523459","2997587243","0.166667"
"2997587243","2952523459","0.166667"
"2952523459","586569900","0.166667"
"586569900","2952523459","0.166667"
"2997587243","566863923","0.166667"
"566863923","2997587243","0.166667"
"2997587243","586569900","0.333333"
"586569900","2997587243","0.333333"
"566863923","586569900","0.166667"
"586569900","566863923","0.166667"
"1974371581","2015432900","0.125"
"2015432900","1974371581","0.125"
"2015432900","2103275652","0.125"
"2103275652","2015432900","0.125"
"2015432900","2149857318","0.625"
"2149857318","2015432900","0.625"
"2015432900","2250040449","0.125"
"2250040449","2015432900","0.125"
"2015432900","2297674948","1.125"
"2297674948","2015432900","1.125"
"2015432900","2494350012","0.125"
"2494350012","2015432900","0.125"
"2103275652","2250040449","0.125"
"2250040449","2103275652","0.125"
"2149857318","2250040449","0.267857"
"2250040449","2149857318","0.267857"
"2250040449","2297674948","0.267857"
"2297674948","2250040449","0.267857"
"1936852542","2063718120","0.49359"
"2063718120","1936852542","0.49359"
"2063718120","2112759333","0.326923"
"2112759333","2063718120","0.326923"
"2063718120","2297674948","1.25"
"2297674948","2063718120","1.25"
"2063718120","2519131865","0.326923"
"2519131865","2063718120","0.326923"
"2112759333","2519131865","1.96978"
"2519131865","2112759333","1.96978"
"1936852542","2551073420","0.333333"
"2551073420","1936852542","0.333333"
"2551073420","2952523459","0.333333"
"2952523459","2551073420","0.333333"
"2551073420","566863923","0.333333"
"566863923","2551073420","0.333333"
"1987811832","2118585205","0.111111"
"2118585205","1987811832","0.111111"
"1987811832","2297674948","1.3373"
"2297674948","1987811832","1.3373"
"1987811832","2494350012","0.111111"
"2494350012","1987811832","0.111111"
"1987811832","2992466090","0.111111"
"2992466090","1987811832","0.111111"
"1987811832","2997587243","0.111111"
"2997587243","1987811832","0.111111"
"2051079950","2992466090","0.688034"
"2992466090","2051079950","0.688034"
"2118585205","2185771052","0.111111"
"2185771052","2118585205","0.111111"
"2185771052","2297674948","1.3373"
"2297674948","2185771052","1.3373"
"2185771052","2494350012","0.111111"
"2494350012","2185771052","0.111111"
"2185771052","2992466090","0.111111"
"2992466090","2185771052","0.111111"
"2185771052","2997587243","0.111111"
"2997587243","2185771052","0.111111"
"2051079950","2063718120","0.49359"
"2063718120","2051079950","0.49359"
"2051079950","2567013686","0.416667"
"2567013686","2051079950","0.416667"
"2051079950","2952523459","0.24359"
"2952523459","2051079950","0.24359"
"2051079950","566863923","0.24359"
"566863923","2051079950","0.24359"
"2063718120","2567013686","0.416667"
"2567013686","2063718120","0.416667"
"2063718120","2795766819","0.24359"
"2795766819","2063718120","0.24359"
"2063718120","2952523459","0.24359"
"2952523459","2063718120","0.24359"
"2063718120","566863923","0.24359"
"566863923","2063718120","0.24359"
"2567013686","2795766819","0.166667"
"2795766819","2567013686","0.166667"
"2795766819","2952523459","0.24359"
"2952523459","2795766819","0.24359"
"2795766819","566863923","0.24359"
"566863923","2795766819","0.24359"
"2149857318","2236052576","0.47619"
"2236052576","2149857318","0.47619"
"2149857318","2952523459","0.142857"
"2952523459","2149857318","0.142857"
"2149857318","566863923","0.142857"
"566863923","2149857318","0.142857"
"2236052576","2946759800","0.142857"
"2946759800","2236052576","0.142857"
"2946759800","2952523459","0.21978"
"2952523459","2946759800","0.21978"
"2946759800","566863923","0.21978"
"566863923","2946759800","0.21978"
"2952523459","2992466090","0.21978"
"2992466090","2952523459","0.21978"
"2992466090","566863923","0.21978"
"566863923","2992466090","0.21978"
"1936852542","2575907761","0.0769231"
"2575907761","1936852542","0.0769231"
"2051079950","2519131865","0.21978"
"2519131865","2051079950","0.21978"
"2051079950","2551515408","0.0769231"
"2551515408","2051079950","0.0769231"
"2051079950","2575907761","0.0769231"
"2575907761","2051079950","0.0769231"
"2051079950","2946759800","0.0769231"
"2946759800","2051079950","0.0769231"
"2063718120","2118585205","0.0769231"
"2118585205","2063718120","0.0769231"
"2063718120","2130333229","1.07692"
"2130333229","2063718120","1.07692"
"2063718120","2551515408","0.0769231"
"2551515408","2063718120","0.0769231"
"2063718120","2575907761","0.0769231"
"2575907761","2063718120","0.0769231"
"2063718120","2946759800","0.0769231"
"2946759800","2063718120","0.0769231"
"2063718120","2992466090","0.0769231"
"2992466090","2063718120","0.0769231"
"2112759333","2551515408","0.0769231"
"2551515408","2112759333","0.0769231"
"2112759333","2575907761","0.0769231"
"2575907761","2112759333","0.0769231"
"2112759333","2952523459","0.326923"
"2952523459","2112759333","0.326923"
"2112759333","566863923","0.326923"
"566863923","2112759333","0.326923"
"2118585205","2130333229","0.0769231"
"2130333229","2118585205","0.0769231"
"2118585205","2519131865","0.0769231"
"2519131865","2118585205","0.0769231"
"2118585205","2551515408","0.0769231"
"2551515408","2118585205","0.0769231"
"2118585205","2575907761","0.0769231"
"2575907761","2118585205","0.0769231"
"2130333229","2551515408","0.0769231"
"2551515408","2130333229","0.0769231"
"2130333229","2575907761","0.0769231"
"2575907761","2130333229","0.0769231"
"2130333229","2952523459","0.0769231"
"2952523459","2130333229","0.0769231"
"2130333229","566863923","0.0769231"
"566863923","2130333229","0.0769231"
"2519131865","2551515408","0.0769231"
"2551515408","2519131865","0.0769231"
"2519131865","2575907761","0.0769231"
"2575907761","2519131865","0.0769231"
"2519131865","2795766819","0.326923"
"2795766819","2519131865","0.326923"
"2519131865","2946759800","0.0769231"
"2946759800","2519131865","0.0769231"
"2519131865","2952523459","0.0769231"
"2952523459","2519131865","0.0769231"
"2519131865","2992466090","0.0769231"
"2992466090","2519131865","0.0769231"
"2519131865","566863923","0.0769231"
"566863923","2519131865","0.0769231"
"2551515408","2575907761","0.0769231"
"2575907761","2551515408","0.0769231"
"2551515408","2795766819","1.07692"
"2795766819","2551515408","1.07692"
"2551515408","2946759800","0.0769231"
"2946759800","2551515408","0.0769231"
"2551515408","2992466090","0.0769231"
"2992466090","2551515408","0.0769231"
"2575907761","2795766819","0.410256"
"2795766819","2575907761","0.410256"
"2575907761","2946759800","0.410256"
"2946759800","2575907761","0.410256"
"2575907761","2952523459","0.0769231"
"2952523459","2575907761","0.0769231"
"2575907761","2992466090","0.410256"
"2992466090","2575907761","0.410256"
"2575907761","566863923","0.0769231"
"566863923","2575907761","0.0769231"
"2795766819","2946759800","0.410256"
"2946759800","2795766819","0.410256"
"2795766819","2992466090","0.0769231"
"2992466090","2795766819","0.0769231"
"2236052576","2297674948","0.333333"
"2297674948","2236052576","0.333333"
"2995539552","2997587243","0.416667"
"2997587243","2995539552","0.416667"
"2103275652","2519131865","0.25"
"2519131865","2103275652","0.25"
"2230344084","2567013686","0.333333"
"2567013686","2230344084","0.333333"
"1974371581","1987811832","0.333333"
"1987811832","1974371581","0.333333"
"1974371581","2185771052","0.333333"
"2185771052","1974371581","0.333333"
"1987811832","2149857318","1.47619"
"2149857318","1987811832","1.47619"
"2149857318","2185771052","1.47619"
"2185771052","2149857318","1.47619"
"1974371581","2995539552","0.75"
"2995539552","1974371581","0.75"
"2057366818","2995539552","0.5"
"2995539552","2057366818","0.5"
"1974371581","2063718120","0.25"
"2063718120","1974371581","0.25"
"2063718120","2995539552","0.25"
"2995539552","2063718120","0.25"
"2057366818","586569900","0.166667"
"586569900","2057366818","0.166667"
"2250040449","2995539552","1"
"2995539552","2250040449","1"
"2250040449","2997587243","0.166667"
"2997587243","2250040449","0.166667"
"2250040449","586569900","0.166667"
"586569900","2250040449","0.166667"
"2992466090","2995539552","1.16667"
"2995539552","2992466090","1.16667"
"2992466090","586569900","0.666667"
"586569900","2992466090","0.666667"
"2995539552","586569900","0.166667"
"586569900","2995539552","0.166667"
"1987811832","2952523459","0.25"
"2952523459","1987811832","0.25"
"1987811832","566863923","0.25"
"566863923","1987811832","0.25"
"2185771052","2952523459","0.25"
"2952523459","2185771052","0.25"
"2185771052","566863923","0.25"
"566863923","2185771052","0.25"
"1987811832","2519131865","0.392857"
"2519131865","1987811832","0.392857"
"2185771052","2519131865","0.392857"
"2519131865","2185771052","0.392857"
"1987811832","2250040449","0.142857"
"2250040449","1987811832","0.142857"
"2185771052","2250040449","0.142857"
"2250040449","2185771052","0.142857"
"2250040449","2519131865","0.142857"
"2519131865","2250040449","0.142857"
"2051079950","586569900","0.5"
"586569900","2051079950","0.5"
"2051079950","2057366818","0.5"
"2057366818","2051079950","0.5"
"2057366818","2575907761","0.333333"
"2575907761","2057366818","0.333333"
"2575907761","2997587243","0.666667"
"2997587243","2575907761","0.666667"
"2057366818","2063718120","0.5"
"2063718120","2057366818","0.5"
"2063718120","2997587243","0.5"
"2997587243","2063718120","0.5"
"2057366818","2234382472","0.2"
"2234382472","2057366818","0.2"
"2057366818","2592924101","0.2"
"2592924101","2057366818","0.2"
"2057366818","341170223","0.2"
"341170223","2057366818","0.2"
"2234382472","2592924101","0.2"
"2592924101","2234382472","0.2"
"2234382472","2997587243","1.7"
"2997587243","2234382472","1.7"
"2592924101","341170223","0.2"
"341170223","2592924101","0.2"
"2997587243","341170223","0.2"
"341170223","2997587243","0.2"
"2057366818","345068588","0.5"
"345068588","2057366818","0.5"
"2997587243","345068588","0.5"
"345068588","2997587243","0.5"
"2063718120","2234382472","1"
"2234382472","2063718120","1"
"2063718120","2592924101","1"
"2592924101","2063718120","1"
"2130333229","2250040449","2.33333"
"2250040449","2130333229","2.33333"
"2151506572","2567013686","0.25"
"2567013686","2151506572","0.25"
"2567013686","2952345403","0.25"
"2952345403","2567013686","0.25"
"2151506572","2551515408","1"
"2551515408","2151506572","1"
"2551515408","2952345403","1"
"2952345403","2551515408","1"
"2236052576","2519131865","1"
"2519131865","2236052576","1"
"2551073420","2575907761","0.5"
"2575907761","2551073420","0.5"
"2551073420","2592924101","0.5"
"2592924101","2551073420","0.5"
"2575907761","2592924101","0.5"
"2592924101","2575907761","0.5"
"2946759800","2995539552","1"
"2995539552","2946759800","1"
