"102650971","1483166775","1.49167"
"1483166775","102650971","1.49167"
"102650971","1551045195","2.49167"
"1551045195","102650971","2.49167"
"102650971","1798765157","4.5"
"1798765157","102650971","4.5"
"102650971","2066410062","0.666667"
"2066410062","102650971","0.666667"
"102650971","2167575492","0.666667"
"2167575492","102650971","0.666667"
"1798765157","2066410062","0.333333"
"2066410062","1798765157","0.333333"
"1798765157","2167575492","0.666667"
"2167575492","1798765157","0.666667"
"2066410062","2167575492","1"
"2167575492","2066410062","1"
"102650971","1707277118","0.125"
"1707277118","102650971","0.125"
"102650971","1977935318","0.325"
"1977935318","102650971","0.325"
"102650971","2048481039","0.125"
"2048481039","102650971","0.125"
"102650971","2061114320","1.325"
"2061114320","102650971","1.325"
"102650971","2087371445","0.125"
"2087371445","102650971","0.125"
"102650971","2098832524","0.291667"
"2098832524","102650971","0.291667"
"1483166775","1551045195","1.575"
"1551045195","1483166775","1.575"
"1483166775","1707277118","0.375"
"1707277118","1483166775","0.375"
"1483166775","1977935318","0.325"
"1977935318","1483166775","0.325"
"1483166775","2048481039","0.325"
"2048481039","1483166775","0.325"
"1483166775","2061114320","1.40833"
"2061114320","1483166775","1.40833"
"1483166775","2087371445","0.125"
"2087371445","1483166775","0.125"
"1483166775","2098832524","4.65833"
"2098832524","1483166775","4.65833"
"1551045195","1707277118","0.375"
"1707277118","1551045195","0.375"
"1551045195","1977935318","0.325"
"1977935318","1551045195","0.325"
"1551045195","2048481039","0.125"
"2048481039","1551045195","0.125"
"1551045195","2061114320","2.40833"
"2061114320","1551045195","2.40833"
"1551045195","2087371445","0.125"
"2087371445","1551045195","0.125"
"1551045195","2098832524","0.625"
"2098832524","1551045195","0.625"
"1707277118","1977935318","0.125"
"1977935318","1707277118","0.125"
"1707277118","2048481039","0.125"
"2048481039","1707277118","0.125"
"1707277118","2061114320","0.375"
"2061114320","1707277118","0.375"
"1707277118","2087371445","0.125"
"2087371445","1707277118","0.125"
"1707277118","2098832524","0.125"
"2098832524","1707277118","0.125"
"1977935318","2048481039","0.458333"
"2048481039","1977935318","0.458333"
"1977935318","2061114320","1.99167"
"2061114320","1977935318","1.99167"
"1977935318","2087371445","2.125"
"2087371445","1977935318","2.125"
"1977935318","2098832524","0.458333"
"2098832524","1977935318","0.458333"
"2048481039","2061114320","0.458333"
"2061114320","2048481039","0.458333"
"2048481039","2087371445","0.125"
"2087371445","2048481039","0.125"
"2048481039","2098832524","2.05668"
"2098832524","2048481039","2.05668"
"2061114320","2087371445","0.125"
"2087371445","2061114320","0.125"
"2061114320","2098832524","0.791667"
"2098832524","2061114320","0.791667"
"2087371445","2098832524","0.125"
"2098832524","2087371445","0.125"
"102650971","1786144869","0.166667"
"1786144869","102650971","0.166667"
"102650971","2405379153","0.166667"
"2405379153","102650971","0.166667"
"1483166775","1786144869","0.5"
"1786144869","1483166775","0.5"
"1483166775","1798765157","0.166667"
"1798765157","1483166775","0.166667"
"1483166775","2405379153","0.666667"
"2405379153","1483166775","0.666667"
"1551045195","1786144869","0.166667"
"1786144869","1551045195","0.166667"
"1551045195","1798765157","0.166667"
"1798765157","1551045195","0.166667"
"1551045195","2405379153","0.166667"
"2405379153","1551045195","0.166667"
"1786144869","1798765157","0.74359"
"1798765157","1786144869","0.74359"
"1786144869","2098832524","0.74359"
"2098832524","1786144869","0.74359"
"1786144869","2405379153","0.166667"
"2405379153","1786144869","0.166667"
"1798765157","2098832524","0.24359"
"2098832524","1798765157","0.24359"
"1798765157","2405379153","0.166667"
"2405379153","1798765157","0.166667"
"2098832524","2405379153","4.75"
"2405379153","2098832524","4.75"
"102650971","2142330083","0.2"
"2142330083","102650971","0.2"
"1483166775","2142330083","0.2"
"2142330083","1483166775","0.2"
"1551045195","2142330083","0.2"
"2142330083","1551045195","0.2"
"1977935318","2142330083","0.2"
"2142330083","1977935318","0.2"
"2061114320","2142330083","0.2"
"2142330083","2061114320","0.2"
"102650971","2005207188","0.333333"
"2005207188","102650971","0.333333"
"2005207188","2066410062","0.666667"
"2066410062","2005207188","0.666667"
"2005207188","2167575492","9.60119"
"2167575492","2005207188","9.60119"
"1124484205","1966518476","5.05317"
"1966518476","1124484205","5.05317"
"1124484205","1971660807","2.20079"
"1971660807","1124484205","2.20079"
"1124484205","2040132210","21.0675"
"2040132210","1124484205","21.0675"
"1124484205","2108367658","5.67183"
"2108367658","1124484205","5.67183"
"1124484205","2137243825","1.83294"
"2137243825","1124484205","1.83294"
"1124484205","632553742","5.05317"
"632553742","1124484205","5.05317"
"1966518476","1971660807","1.36746"
"1971660807","1966518476","1.36746"
"1966518476","2040132210","4.76746"
"2040132210","1966518476","4.76746"
"1966518476","2108367658","1.70516"
"2108367658","1966518476","1.70516"
"1966518476","2137243825","1.6996"
"2137243825","1966518476","1.6996"
"1966518476","632553742","7.91984"
"632553742","1966518476","7.91984"
"1971660807","2040132210","2.05794"
"2040132210","1971660807","2.05794"
"1971660807","2108367658","1.1373"
"2108367658","1971660807","1.1373"
"1971660807","2137243825","0.815079"
"2137243825","1971660807","0.815079"
"1971660807","632553742","1.36746"
"632553742","1971660807","1.36746"
"2040132210","2108367658","6.3623"
"2108367658","2040132210","6.3623"
"2040132210","2137243825","1.19008"
"2137243825","2040132210","1.19008"
"2040132210","632553742","4.76746"
"632553742","2040132210","4.76746"
"2108367658","2137243825","0.527778"
"2137243825","2108367658","0.527778"
"2108367658","632553742","3.03849"
"632553742","2108367658","3.03849"
"2137243825","632553742","1.6996"
"632553742","2137243825","1.6996"
"1124484205","2048020986","3.20635"
"2048020986","1124484205","3.20635"
"1124484205","2167575492","3.19405"
"2167575492","1124484205","3.19405"
"2040132210","2048020986","2.92063"
"2048020986","2040132210","2.92063"
"2040132210","2167575492","4.86071"
"2167575492","2040132210","4.86071"
"2048020986","2108367658","2.15238"
"2108367658","2048020986","2.15238"
"2048020986","2167575492","1.61667"
"2167575492","2048020986","1.61667"
"2108367658","2167575492","0.783333"
"2167575492","2108367658","0.783333"
"1124484205","647008666","1.9873"
"647008666","1124484205","1.9873"
"1966518476","2167575492","1.94405"
"2167575492","1966518476","1.94405"
"1966518476","647008666","2.52063"
"647008666","1966518476","2.52063"
"2040132210","647008666","1.51111"
"647008666","2040132210","1.51111"
"2167575492","632553742","1.94405"
"632553742","2167575492","1.94405"
"2167575492","647008666","5.85833"
"647008666","2167575492","5.85833"
"632553742","647008666","2.52063"
"647008666","632553742","2.52063"
"1124484205","2117864120","0.392857"
"2117864120","1124484205","0.392857"
"1124484205","2403250881","0.892857"
"2403250881","1124484205","0.892857"
"1966518476","2117864120","0.559524"
"2117864120","1966518476","0.559524"
"1966518476","2403250881","0.392857"
"2403250881","1966518476","0.392857"
"2040132210","2117864120","0.25"
"2117864120","2040132210","0.25"
"2040132210","2403250881","0.25"
"2403250881","2040132210","0.25"
"2108367658","2117864120","0.559524"
"2117864120","2108367658","0.559524"
"2108367658","2403250881","1.22619"
"2403250881","2108367658","1.22619"
"2117864120","2403250881","0.392857"
"2403250881","2117864120","0.392857"
"2117864120","632553742","0.559524"
"632553742","2117864120","0.559524"
"2403250881","632553742","1.72619"
"632553742","2403250881","1.72619"
"1124484205","13815314","0.605159"
"13815314","1124484205","0.605159"
"1124484205","2062328408","3.15794"
"2062328408","1124484205","3.15794"
"1124484205","2087759743","1.51944"
"2087759743","1124484205","1.51944"
"13815314","1966518476","1.10516"
"1966518476","13815314","1.10516"
"13815314","2040132210","0.462302"
"2040132210","13815314","0.462302"
"13815314","2062328408","0.462302"
"2062328408","13815314","0.462302"
"13815314","2087759743","0.458333"
"2087759743","13815314","0.458333"
"13815314","2108367658","0.375"
"2108367658","13815314","0.375"
"13815314","632553742","1.60516"
"632553742","13815314","1.60516"
"13815314","647008666","0.545635"
"647008666","13815314","0.545635"
"1966518476","2062328408","1.59127"
"2062328408","1966518476","1.59127"
"1966518476","2087759743","1.03611"
"2087759743","1966518476","1.03611"
"2040132210","2062328408","2.01508"
"2062328408","2040132210","2.01508"
"2040132210","2087759743","2.35278"
"2087759743","2040132210","2.35278"
"2062328408","2087759743","1.23611"
"2087759743","2062328408","1.23611"
"2062328408","2108367658","1.3623"
"2108367658","2062328408","1.3623"
"2062328408","632553742","1.59127"
"632553742","2062328408","1.59127"
"2062328408","647008666","0.727778"
"647008666","2062328408","0.727778"
"2087759743","2108367658","10.1861"
"2108367658","2087759743","10.1861"
"2087759743","632553742","1.03611"
"632553742","2087759743","1.03611"
"2087759743","647008666","0.658333"
"647008666","2087759743","0.658333"
"2108367658","647008666","0.458333"
"647008666","2108367658","0.458333"
"1124484205","2005207188","1.76786"
"2005207188","1124484205","1.76786"
"2005207188","647008666","2.95833"
"647008666","2005207188","2.95833"
"1971660807","2005207188","0.166667"
"2005207188","1971660807","0.166667"
"1971660807","2062328408","1.11508"
"2062328408","1971660807","1.11508"
"1971660807","2167575492","0.309524"
"2167575492","1971660807","0.309524"
"1971660807","647008666","0.787302"
"647008666","1971660807","0.787302"
"2005207188","2040132210","1.43452"
"2040132210","2005207188","1.43452"
"2005207188","2062328408","0.291667"
"2062328408","2005207188","0.291667"
"2062328408","2167575492","0.634524"
"2167575492","2062328408","0.634524"
"1971660807","2048020986","2.23849"
"2048020986","1971660807","2.23849"
"2048020986","2062328408","6.5373"
"2062328408","2048020986","6.5373"
"1124484205","2077290989","1.37063"
"2077290989","1124484205","1.37063"
"2040132210","2077290989","3.70397"
"2077290989","2040132210","3.70397"
"2077290989","2087759743","3.56111"
"2087759743","2077290989","3.56111"
"2077290989","2108367658","5.76111"
"2108367658","2077290989","5.76111"
"2077290989","2167575492","1.50952"
"2167575492","2077290989","1.50952"
"2077290989","647008666","0.166667"
"647008666","2077290989","0.166667"
"2087759743","2167575492","0.366667"
"2167575492","2087759743","0.366667"
"1124484205","2061655120","1.19286"
"2061655120","1124484205","1.19286"
"2040132210","2061655120","1.19286"
"2061655120","2040132210","1.19286"
"2061655120","2108367658","3.69286"
"2108367658","2061655120","3.69286"
"1966518476","2005207188","0.767857"
"2005207188","1966518476","0.767857"
"1966518476","2077290989","0.353968"
"2077290989","1966518476","0.353968"
"2005207188","2077290989","0.142857"
"2077290989","2005207188","0.142857"
"2005207188","2137243825","0.267857"
"2137243825","2005207188","0.267857"
"2005207188","632553742","0.767857"
"632553742","2005207188","0.767857"
"2077290989","2137243825","0.253968"
"2137243825","2077290989","0.253968"
"2077290989","632553742","0.353968"
"632553742","2077290989","0.353968"
"2137243825","2167575492","0.267857"
"2167575492","2137243825","0.267857"
"2062328408","2137243825","0.830556"
"2137243825","2062328408","0.830556"
"2048020986","2077290989","0.5"
"2077290989","2048020986","0.5"
"2062328408","2077290989","0.811111"
"2077290989","2062328408","0.811111"
"1966518476","2048020986","0.889683"
"2048020986","1966518476","0.889683"
"2005207188","2048020986","0.166667"
"2048020986","2005207188","0.166667"
"2048020986","632553742","1.72302"
"632553742","2048020986","1.72302"
"1124484205","2086045456","0.166667"
"2086045456","1124484205","0.166667"
"1124484205","584426133","0.166667"
"584426133","1124484205","0.166667"
"1124484205","608675958","0.166667"
"608675958","1124484205","0.166667"
"2040132210","2086045456","0.166667"
"2086045456","2040132210","0.166667"
"2040132210","584426133","0.166667"
"584426133","2040132210","0.166667"
"2040132210","608675958","0.166667"
"608675958","2040132210","0.166667"
"2086045456","2108367658","0.166667"
"2108367658","2086045456","0.166667"
"2086045456","2167575492","0.166667"
"2167575492","2086045456","0.166667"
"2086045456","584426133","6.11301"
"584426133","2086045456","6.11301"
"2086045456","608675958","6.66301"
"608675958","2086045456","6.66301"
"2108367658","584426133","0.166667"
"584426133","2108367658","0.166667"
"2108367658","608675958","0.166667"
"608675958","2108367658","0.166667"
"2167575492","584426133","0.166667"
"584426133","2167575492","0.166667"
"2167575492","608675958","0.166667"
"608675958","2167575492","0.166667"
"584426133","608675958","5.24634"
"608675958","584426133","5.24634"
"1971660807","2077290989","0.211111"
"2077290989","1971660807","0.211111"
"1971660807","2087759743","0.377778"
"2087759743","1971660807","0.377778"
"2087759743","2137243825","0.111111"
"2137243825","2087759743","0.111111"
"2137243825","647008666","0.745635"
"647008666","2137243825","0.745635"
"2061655120","2077290989","1.3"
"2077290989","2061655120","1.3"
"2061655120","2087759743","1.8"
"2087759743","2061655120","1.8"
"2048020986","2117864120","0.22619"
"2117864120","2048020986","0.22619"
"2048020986","2403250881","2.05952"
"2403250881","2048020986","2.05952"
"2062328408","2117864120","0.22619"
"2117864120","2062328408","0.22619"
"2062328408","2403250881","0.22619"
"2403250881","2062328408","0.22619"
"1124484205","1551045195","0.333333"
"1551045195","1124484205","0.333333"
"1551045195","2040132210","0.333333"
"2040132210","1551045195","0.333333"
"1551045195","2048020986","0.333333"
"2048020986","1551045195","0.333333"
"13815314","1971660807","0.480159"
"1971660807","13815314","0.480159"
"13815314","2167575492","0.142857"
"2167575492","13815314","0.142857"
"13815314","2048020986","0.837302"
"2048020986","13815314","0.837302"
"13815314","2061655120","0.0833333"
"2061655120","13815314","0.0833333"
"13815314","2117864120","0.25"
"2117864120","13815314","0.25"
"13815314","2137243825","0.503968"
"2137243825","13815314","0.503968"
"13815314","2403250881","0.0833333"
"2403250881","13815314","0.0833333"
"1966518476","2061655120","0.32619"
"2061655120","1966518476","0.32619"
"1971660807","2061655120","0.32619"
"2061655120","1971660807","0.32619"
"1971660807","2117864120","0.0833333"
"2117864120","1971660807","0.0833333"
"1971660807","2403250881","0.0833333"
"2403250881","1971660807","0.0833333"
"2048020986","2061655120","1.32619"
"2061655120","2048020986","1.32619"
"2048020986","2137243825","0.837302"
"2137243825","2048020986","0.837302"
"2061655120","2062328408","0.183333"
"2062328408","2061655120","0.183333"
"2061655120","2117864120","0.0833333"
"2117864120","2061655120","0.0833333"
"2061655120","2137243825","0.0833333"
"2137243825","2061655120","0.0833333"
"2061655120","2403250881","0.0833333"
"2403250881","2061655120","0.0833333"
"2061655120","632553742","0.32619"
"632553742","2061655120","0.32619"
"2117864120","2137243825","0.25"
"2137243825","2117864120","0.25"
"2137243825","2403250881","0.0833333"
"2403250881","2137243825","0.0833333"
"2048020986","647008666","0.253968"
"647008666","2048020986","0.253968"
"2048020986","2087759743","0.8"
"2087759743","2048020986","0.8"
"1127312491","2077290989","1"
"2077290989","1127312491","1"
"1127312491","1555734827","1.71942"
"1555734827","1127312491","1.71942"
"1127312491","1786144869","0.973748"
"1786144869","1127312491","0.973748"
"1127312491","1877761333","0.943229"
"1877761333","1127312491","0.943229"
"1127312491","2048481039","0.658705"
"2048481039","1127312491","0.658705"
"1127312491","2086045456","1.85275"
"2086045456","1127312491","1.85275"
"1127312491","2242942391","1.73565"
"2242942391","1127312491","1.73565"
"1127312491","584426133","2.10275"
"584426133","1127312491","2.10275"
"1127312491","608675958","2.05275"
"608675958","1127312491","2.05275"
"1127312491","629631483","1.5175"
"629631483","1127312491","1.5175"
"1555734827","1786144869","2.05067"
"1786144869","1555734827","2.05067"
"1555734827","1877761333","1.52015"
"1877761333","1555734827","1.52015"
"1555734827","2048481039","0.902295"
"2048481039","1555734827","0.902295"
"1555734827","2086045456","1.71301"
"2086045456","1555734827","1.71301"
"1555734827","2242942391","1.76258"
"2242942391","1555734827","1.76258"
"1555734827","584426133","1.79634"
"584426133","1555734827","1.79634"
"1555734827","608675958","2.21301"
"608675958","1555734827","2.21301"
"1555734827","629631483","2.76109"
"629631483","1555734827","2.76109"
"1786144869","1877761333","0.774481"
"1877761333","1786144869","0.774481"
"1786144869","2048481039","1.23162"
"2048481039","1786144869","1.23162"
"1786144869","2086045456","1.01734"
"2086045456","1786144869","1.01734"
"1786144869","2242942391","0.907814"
"2242942391","1786144869","0.907814"
"1786144869","584426133","1.184"
"584426133","1786144869","1.184"
"1786144869","608675958","4.55067"
"608675958","1786144869","4.55067"
"1786144869","629631483","1.80708"
"629631483","1786144869","1.80708"
"1877761333","2048481039","0.718962"
"2048481039","1877761333","0.718962"
"1877761333","2086045456","1.18682"
"2086045456","1877761333","1.18682"
"1877761333","2242942391","0.786386"
"2242942391","1877761333","0.786386"
"1877761333","584426133","1.02015"
"584426133","1877761333","1.02015"
"1877761333","608675958","1.35349"
"608675958","1877761333","1.35349"
"1877761333","629631483","1.15156"
"629631483","1877761333","1.15156"
"2048481039","2086045456","2.05229"
"2086045456","2048481039","2.05229"
"2048481039","2242942391","0.811386"
"2242942391","2048481039","0.811386"
"2048481039","584426133","1.88563"
"584426133","2048481039","1.88563"
"2048481039","608675958","3.41896"
"608675958","2048481039","3.41896"
"2048481039","629631483","0.658705"
"629631483","2048481039","0.658705"
"2086045456","2242942391","1.89591"
"2242942391","2086045456","1.89591"
"2086045456","629631483","1.47775"
"629631483","2086045456","1.47775"
"2242942391","584426133","3.14591"
"584426133","2242942391","3.14591"
"2242942391","608675958","1.89591"
"608675958","2242942391","1.89591"
"2242942391","629631483","1.36065"
"629631483","2242942391","1.36065"
"584426133","629631483","1.72775"
"629631483","584426133","1.72775"
"608675958","629631483","2.34442"
"629631483","608675958","2.34442"
"1127312491","2080345252","0.422594"
"2080345252","1127312491","0.422594"
"1127312491","2098832524","1.15476"
"2098832524","1127312491","1.15476"
"1127312491","2157241626","0.0714286"
"2157241626","1127312491","0.0714286"
"1127312491","2159852449","0.522594"
"2159852449","1127312491","0.522594"
"1127312491","2233409309","0.148352"
"2233409309","1127312491","0.148352"
"1127312491","646719233","0.345671"
"646719233","1127312491","0.345671"
"1555734827","2080345252","0.666184"
"2080345252","1555734827","0.666184"
"1555734827","2098832524","0.231685"
"2098832524","1555734827","0.231685"
"1555734827","2157241626","0.0714286"
"2157241626","1555734827","0.0714286"
"1555734827","2159852449","0.799517"
"2159852449","1555734827","0.799517"
"1555734827","2233409309","0.315018"
"2233409309","1555734827","0.315018"
"1555734827","646719233","0.422594"
"646719233","1555734827","0.422594"
"1877761333","2080345252","0.48285"
"2080345252","1877761333","0.48285"
"1877761333","2098832524","0.148352"
"2098832524","1877761333","0.148352"
"1877761333","2157241626","0.0714286"
"2157241626","1877761333","0.0714286"
"1877761333","2159852449","0.516184"
"2159852449","1877761333","0.516184"
"1877761333","2233409309","0.315018"
"2233409309","1877761333","0.315018"
"1877761333","646719233","0.239261"
"646719233","1877761333","0.239261"
"2048481039","2080345252","0.83285"
"2080345252","2048481039","0.83285"
"2048481039","2157241626","0.0714286"
"2157241626","2048481039","0.0714286"
"2048481039","2159852449","1.13285"
"2159852449","2048481039","1.13285"
"2048481039","2233409309","4.21502"
"2233409309","2048481039","4.21502"
"2048481039","646719233","0.422594"
"646719233","2048481039","0.422594"
"2080345252","2086045456","1.24952"
"2086045456","2080345252","1.24952"
"2080345252","2098832524","0.565018"
"2098832524","2080345252","0.565018"
"2080345252","2157241626","0.0714286"
"2157241626","2080345252","0.0714286"
"2080345252","2159852449","0.566184"
"2159852449","2080345252","0.566184"
"2080345252","2233409309","0.481685"
"2233409309","2080345252","0.481685"
"2080345252","2242942391","0.741941"
"2242942391","2080345252","0.741941"
"2080345252","584426133","1.08285"
"584426133","2080345252","1.08285"
"2080345252","608675958","6.08285"
"608675958","2080345252","6.08285"
"2080345252","629631483","0.422594"
"629631483","2080345252","0.422594"
"2080345252","646719233","3.17259"
"646719233","2080345252","3.17259"
"2086045456","2098832524","0.481685"
"2098832524","2086045456","0.481685"
"2086045456","2157241626","0.0714286"
"2157241626","2086045456","0.0714286"
"2086045456","2159852449","2.19952"
"2159852449","2086045456","2.19952"
"2086045456","2233409309","0.481685"
"2233409309","2086045456","0.481685"
"2086045456","646719233","0.839261"
"646719233","2086045456","0.839261"
"2098832524","2157241626","0.0714286"
"2157241626","2098832524","0.0714286"
"2098832524","2159852449","2.31502"
"2159852449","2098832524","2.31502"
"2098832524","2233409309","0.271429"
"2233409309","2098832524","0.271429"
"2098832524","2242942391","0.231685"
"2242942391","2098832524","0.231685"
"2098832524","584426133","0.231685"
"584426133","2098832524","0.231685"
"2098832524","608675958","4.01502"
"608675958","2098832524","4.01502"
"2098832524","629631483","0.231685"
"629631483","2098832524","0.231685"
"2098832524","646719233","0.565018"
"646719233","2098832524","0.565018"
"2157241626","2159852449","0.0714286"
"2159852449","2157241626","0.0714286"
"2157241626","2233409309","0.0714286"
"2233409309","2157241626","0.0714286"
"2157241626","2242942391","0.0714286"
"2242942391","2157241626","0.0714286"
"2157241626","584426133","0.0714286"
"584426133","2157241626","0.0714286"
"2157241626","608675958","0.271429"
"608675958","2157241626","0.271429"
"2157241626","629631483","0.0714286"
"629631483","2157241626","0.0714286"
"2157241626","646719233","0.0714286"
"646719233","2157241626","0.0714286"
"2159852449","2233409309","0.148352"
"2233409309","2159852449","0.148352"
"2159852449","2242942391","0.875275"
"2242942391","2159852449","0.875275"
"2159852449","584426133","1.94952"
"584426133","2159852449","1.94952"
"2159852449","608675958","13.4995"
"608675958","2159852449","13.4995"
"2159852449","629631483","0.522594"
"629631483","2159852449","0.522594"
"2159852449","646719233","0.489261"
"646719233","2159852449","0.489261"
"2233409309","2242942391","0.315018"
"2242942391","2233409309","0.315018"
"2233409309","584426133","0.315018"
"584426133","2233409309","0.315018"
"2233409309","608675958","0.515018"
"608675958","2233409309","0.515018"
"2233409309","629631483","0.0714286"
"629631483","2233409309","0.0714286"
"2233409309","646719233","0.0714286"
"646719233","2233409309","0.0714286"
"2242942391","646719233","0.498352"
"646719233","2242942391","0.498352"
"584426133","646719233","0.839261"
"646719233","584426133","0.839261"
"608675958","646719233","2.83926"
"646719233","608675958","2.83926"
"629631483","646719233","0.422594"
"646719233","629631483","0.422594"
"1786144869","2080345252","0.420513"
"2080345252","1786144869","0.420513"
"1786144869","646719233","0.176923"
"646719233","1786144869","0.176923"
"1127312491","1977638664","0.0909091"
"1977638664","1127312491","0.0909091"
"1555734827","1977638664","0.0909091"
"1977638664","1555734827","0.0909091"
"1877761333","1977638664","0.0909091"
"1977638664","1877761333","0.0909091"
"1977638664","2048481039","0.0909091"
"2048481039","1977638664","0.0909091"
"1977638664","2080345252","0.0909091"
"2080345252","1977638664","0.0909091"
"1977638664","2086045456","0.0909091"
"2086045456","1977638664","0.0909091"
"1977638664","2159852449","0.0909091"
"2159852449","1977638664","0.0909091"
"1977638664","584426133","0.0909091"
"584426133","1977638664","0.0909091"
"1977638664","608675958","0.0909091"
"608675958","1977638664","0.0909091"
"1977638664","629631483","0.0909091"
"629631483","1977638664","0.0909091"
"1977638664","646719233","0.0909091"
"646719233","1977638664","0.0909091"
"1127312491","1174871016","0.360256"
"1174871016","1127312491","0.360256"
"1174871016","1555734827","0.560256"
"1555734827","1174871016","0.560256"
"1174871016","1786144869","0.276923"
"1786144869","1174871016","0.276923"
"1174871016","1877761333","0.276923"
"1877761333","1174871016","0.276923"
"1174871016","2086045456","1.26026"
"2086045456","1174871016","1.26026"
"1174871016","2159852449","9.17692"
"2159852449","1174871016","9.17692"
"1174871016","2242942391","0.560256"
"2242942391","1174871016","0.560256"
"1174871016","584426133","1.26026"
"584426133","1174871016","1.26026"
"1174871016","608675958","11.2269"
"608675958","1174871016","11.2269"
"1174871016","629631483","0.283333"
"629631483","1174871016","0.283333"
"1786144869","2159852449","0.353846"
"2159852449","1786144869","0.353846"
"1127312491","43299341","0.0769231"
"43299341","1127312491","0.0769231"
"1174871016","2048481039","0.610256"
"2048481039","1174871016","0.610256"
"1174871016","2080345252","0.160256"
"2080345252","1174871016","0.160256"
"1174871016","2233409309","0.0769231"
"2233409309","1174871016","0.0769231"
"1174871016","43299341","0.0769231"
"43299341","1174871016","0.0769231"
"1555734827","43299341","0.0769231"
"43299341","1555734827","0.0769231"
"1786144869","2233409309","0.44359"
"2233409309","1786144869","0.44359"
"1786144869","43299341","0.0769231"
"43299341","1786144869","0.0769231"
"1877761333","43299341","0.0769231"
"43299341","1877761333","0.0769231"
"2048481039","43299341","0.610256"
"43299341","2048481039","0.610256"
"2080345252","43299341","0.0769231"
"43299341","2080345252","0.0769231"
"2086045456","43299341","0.526923"
"43299341","2086045456","0.526923"
"2159852449","43299341","1.36026"
"43299341","2159852449","1.36026"
"2233409309","43299341","0.0769231"
"43299341","2233409309","0.0769231"
"2242942391","43299341","0.0769231"
"43299341","2242942391","0.0769231"
"43299341","584426133","0.276923"
"584426133","43299341","0.276923"
"43299341","608675958","1.86026"
"608675958","43299341","1.86026"
"1174871016","2098832524","0.416667"
"2098832524","1174871016","0.416667"
"1174871016","646719233","0.0833333"
"646719233","1174871016","0.0833333"
"1127312491","1971660807","0.125"
"1971660807","1127312491","0.125"
"1127312491","2048020986","0.125"
"2048020986","1127312491","0.125"
"1555734827","1971660807","0.125"
"1971660807","1555734827","0.125"
"1555734827","2048020986","0.125"
"2048020986","1555734827","0.125"
"1877761333","1971660807","0.125"
"1971660807","1877761333","0.125"
"1877761333","2048020986","0.125"
"2048020986","1877761333","0.125"
"1971660807","2086045456","0.125"
"2086045456","1971660807","0.125"
"1971660807","2242942391","0.125"
"2242942391","1971660807","0.125"
"1971660807","584426133","0.125"
"584426133","1971660807","0.125"
"1971660807","608675958","0.125"
"608675958","1971660807","0.125"
"2048020986","2086045456","0.125"
"2086045456","2048020986","0.125"
"2048020986","2242942391","0.125"
"2242942391","2048020986","0.125"
"2048020986","584426133","0.125"
"584426133","2048020986","0.125"
"2048020986","608675958","0.125"
"608675958","2048020986","0.125"
"1174871016","2036148115","0.333333"
"2036148115","1174871016","0.333333"
"2036148115","2159852449","0.333333"
"2159852449","2036148115","0.333333"
"2036148115","608675958","0.333333"
"608675958","2036148115","0.333333"
"2117864120","647008666","0.166667"
"647008666","2117864120","0.166667"
"1480177266","2028383183","1"
"2028383183","1480177266","1"
"1483166775","608675958","1.53333"
"608675958","1483166775","1.53333"
"1483166775","647008666","0.333333"
"647008666","1483166775","0.333333"
"1786144869","647008666","0.533333"
"647008666","1786144869","0.533333"
"608675958","647008666","1.33333"
"647008666","608675958","1.33333"
"1483166775","2080688008","0.2"
"2080688008","1483166775","0.2"
"1483166775","2233409309","0.2"
"2233409309","1483166775","0.2"
"2048481039","2080688008","0.2"
"2080688008","2048481039","0.2"
"2080688008","2098832524","0.95"
"2098832524","2080688008","0.95"
"2080688008","2233409309","0.2"
"2233409309","2080688008","0.2"
"2080688008","608675958","0.7"
"608675958","2080688008","0.7"
"1483166775","2656003588","0.25"
"2656003588","1483166775","0.25"
"1551045195","2656003588","0.25"
"2656003588","1551045195","0.25"
"1707277118","2656003588","0.25"
"2656003588","1707277118","0.25"
"2061114320","2656003588","0.25"
"2656003588","2061114320","0.25"
"1483166775","2080345252","0.333333"
"2080345252","1483166775","0.333333"
"1483166775","646719233","0.333333"
"646719233","1483166775","0.333333"
"1551045195","189071485","1"
"189071485","1551045195","1"
"1551045195","1977638664","1"
"1977638664","1551045195","1"
"1555734827","2167575492","1"
"2167575492","1555734827","1"
"1555734827","1798765157","0.0769231"
"1798765157","1555734827","0.0769231"
"1798765157","1877761333","0.0769231"
"1877761333","1798765157","0.0769231"
"1798765157","2048481039","0.0769231"
"2048481039","1798765157","0.0769231"
"1798765157","2080345252","0.0769231"
"2080345252","1798765157","0.0769231"
"1798765157","2086045456","0.0769231"
"2086045456","1798765157","0.0769231"
"1798765157","2159852449","0.0769231"
"2159852449","1798765157","0.0769231"
"1798765157","2242942391","0.0769231"
"2242942391","1798765157","0.0769231"
"1798765157","584426133","0.0769231"
"584426133","1798765157","0.0769231"
"1798765157","608675958","0.576923"
"608675958","1798765157","0.576923"
"1798765157","629631483","0.0769231"
"629631483","1798765157","0.0769231"
"1798765157","646719233","0.0769231"
"646719233","1798765157","0.0769231"
"1707277118","2079676200","2.5"
"2079676200","1707277118","2.5"
"1707277118","2142330083","1"
"2142330083","1707277118","1"
"1707277118","2073336320","0.5"
"2073336320","1707277118","0.5"
"2073336320","2079676200","1.5"
"2079676200","2073336320","1.5"
"1707277118","2086045456","0.333333"
"2086045456","1707277118","0.333333"
"1707277118","584426133","0.333333"
"584426133","1707277118","0.333333"
"1707277118","608675958","0.333333"
"608675958","1707277118","0.333333"
"1786144869","2077290989","0.333333"
"2077290989","1786144869","0.333333"
"2077290989","584426133","0.333333"
"584426133","2077290989","0.333333"
"2077290989","608675958","0.333333"
"608675958","2077290989","0.333333"
"1786144869","2001013292","1"
"2001013292","1786144869","1"
"1786144869","2036148115","0.2"
"2036148115","1786144869","0.2"
"1786144869","2167575492","0.2"
"2167575492","1786144869","0.2"
"2036148115","2048481039","1.2"
"2048481039","2036148115","1.2"
"2036148115","2167575492","1.2"
"2167575492","2036148115","1.2"
"2036148115","2233409309","0.2"
"2233409309","2036148115","0.2"
"2036148115","647008666","1.2"
"647008666","2036148115","1.2"
"2048481039","2167575492","0.2"
"2167575492","2048481039","0.2"
"2048481039","647008666","0.2"
"647008666","2048481039","0.2"
"2167575492","2233409309","0.2"
"2233409309","2167575492","0.2"
"2233409309","647008666","0.2"
"647008666","2233409309","0.2"
"1798765157","2005207188","0.333333"
"2005207188","1798765157","0.333333"
"1798765157","647008666","2.33333"
"647008666","1798765157","2.33333"
"1798765157","2001013292","2"
"2001013292","1798765157","2"
"189071485","2108505030","2"
"2108505030","189071485","2"
"189071485","2086045456","0.5"
"2086045456","189071485","0.5"
"189071485","608675958","0.5"
"608675958","189071485","0.5"
"189071485","2048481039","0.5"
"2048481039","189071485","0.5"
"189071485","2098832524","0.5"
"2098832524","189071485","0.5"
"189071485","2110404837","1"
"2110404837","189071485","1"
"1977638664","2049147138","2"
"2049147138","1977638664","2"
"1977935318","2233409309","0.333333"
"2233409309","1977935318","0.333333"
"2061114320","2233409309","0.333333"
"2233409309","2061114320","0.333333"
"1977935318","2405379153","0.333333"
"2405379153","1977935318","0.333333"
"2061114320","2405379153","0.333333"
"2405379153","2061114320","0.333333"
"2001013292","2049147138","13"
"2049147138","2001013292","13"
"2005207188","2080688008","0.333333"
"2080688008","2005207188","0.333333"
"2066410062","2080688008","0.333333"
"2080688008","2066410062","0.333333"
"2080688008","2167575492","0.333333"
"2167575492","2080688008","0.333333"
"2028383183","2106068874","0.833333"
"2106068874","2028383183","0.833333"
"2028383183","2108505030","0.5"
"2108505030","2028383183","0.5"
"2106068874","2108505030","2.75"
"2108505030","2106068874","2.75"
"2028383183","2067685245","1.33333"
"2067685245","2028383183","1.33333"
"2028383183","2080688008","0.833333"
"2080688008","2028383183","0.833333"
"2067685245","2080688008","6.88333"
"2080688008","2067685245","6.88333"
"2067685245","2106068874","2.53333"
"2106068874","2067685245","2.53333"
"2080688008","2106068874","0.533333"
"2106068874","2080688008","0.533333"
"2028383183","2611242648","1"
"2611242648","2028383183","1"
"2080688008","2611242648","3.18333"
"2611242648","2080688008","3.18333"
"2028383183","2075433557","0.5"
"2075433557","2028383183","0.5"
"2075433557","2611242648","4.82619"
"2611242648","2075433557","4.82619"
"2048020986","646719233","0.5"
"646719233","2048020986","0.5"
"2108367658","646719233","0.5"
"646719233","2108367658","0.5"
"2048481039","2405379153","0.5"
"2405379153","2048481039","0.5"
"2048481039","2075433557","1"
"2075433557","2048481039","1"
"2057274074","2142330083","3"
"2142330083","2057274074","3"
"2057274074","2563505242","2"
"2563505242","2057274074","2"
"2142330083","2563505242","2"
"2563505242","2142330083","2"
"2061114320","647008666","1"
"647008666","2061114320","1"
"2067685245","2075433557","1.69286"
"2075433557","2067685245","1.69286"
"2067685245","2410722524","1.74286"
"2410722524","2067685245","1.74286"
"2067685245","2643969809","0.742857"
"2643969809","2067685245","0.742857"
"2067685245","2656003588","1.29286"
"2656003588","2067685245","1.29286"
"2075433557","2080688008","3.38333"
"2080688008","2075433557","3.38333"
"2075433557","2410722524","0.992857"
"2410722524","2075433557","0.992857"
"2075433557","2643969809","1.24286"
"2643969809","2075433557","1.24286"
"2075433557","2656003588","1.29286"
"2656003588","2075433557","1.29286"
"2080688008","2410722524","1.6"
"2410722524","2080688008","1.6"
"2080688008","2643969809","1.1"
"2643969809","2080688008","1.1"
"2080688008","2656003588","1.65"
"2656003588","2080688008","1.65"
"2410722524","2643969809","6.07619"
"2643969809","2410722524","6.07619"
"2410722524","2656003588","1.42619"
"2656003588","2410722524","1.42619"
"2643969809","2656003588","3.92619"
"2656003588","2643969809","3.92619"
"2067685245","2611242648","0.742857"
"2611242648","2067685245","0.742857"
"2075433557","2106068874","1.45"
"2106068874","2075433557","1.45"
"2106068874","2611242648","1.2"
"2611242648","2106068874","1.2"
"2106068874","2656003588","0.4"
"2656003588","2106068874","0.4"
"2611242648","2656003588","2.17619"
"2656003588","2611242648","2.17619"
"2067685245","2088859030","0.142857"
"2088859030","2067685245","0.142857"
"2067685245","2401574992","0.392857"
"2401574992","2067685245","0.392857"
"2075433557","2088859030","0.142857"
"2088859030","2075433557","0.142857"
"2075433557","2401574992","0.97619"
"2401574992","2075433557","0.97619"
"2088859030","2401574992","0.142857"
"2401574992","2088859030","0.142857"
"2088859030","2410722524","0.142857"
"2410722524","2088859030","0.142857"
"2088859030","2611242648","0.142857"
"2611242648","2088859030","0.142857"
"2088859030","2643969809","0.142857"
"2643969809","2088859030","0.142857"
"2088859030","2656003588","0.142857"
"2656003588","2088859030","0.142857"
"2401574992","2410722524","2.14286"
"2410722524","2401574992","2.14286"
"2401574992","2611242648","1.47619"
"2611242648","2401574992","1.47619"
"2401574992","2643969809","2.64286"
"2643969809","2401574992","2.64286"
"2401574992","2656003588","2.14286"
"2656003588","2401574992","2.14286"
"2410722524","2611242648","1.87619"
"2611242648","2410722524","1.87619"
"2611242648","2643969809","2.12619"
"2643969809","2611242648","2.12619"
"2067685245","2108505030","0.5"
"2108505030","2067685245","0.5"
"2080688008","2108505030","0.5"
"2108505030","2080688008","0.5"
"2080688008","2401574992","2.58333"
"2401574992","2080688008","2.58333"
"2075433557","2108505030","0.25"
"2108505030","2075433557","0.25"
"2075433557","2110404837","0.25"
"2110404837","2075433557","0.25"
"2106068874","2110404837","1.25"
"2110404837","2106068874","1.25"
"2106068874","2643969809","6.75"
"2643969809","2106068874","6.75"
"2108505030","2110404837","5.25"
"2110404837","2108505030","5.25"
"2108505030","2643969809","0.25"
"2643969809","2108505030","0.25"
"2110404837","2643969809","0.25"
"2643969809","2110404837","0.25"
"2080688008","2405379153","0.25"
"2405379153","2080688008","0.25"
"2098832524","2643969809","0.75"
"2643969809","2098832524","0.75"
"2098832524","2656003588","0.75"
"2656003588","2098832524","0.75"
"2405379153","2643969809","0.75"
"2643969809","2405379153","0.75"
"2405379153","2656003588","0.95"
"2656003588","2405379153","0.95"
"2080688008","2142330083","0.25"
"2142330083","2080688008","0.25"
"2142330083","2611242648","0.25"
"2611242648","2142330083","0.25"
"2142330083","2643969809","0.25"
"2643969809","2142330083","0.25"
"2142330083","2656003588","3.95"
"2656003588","2142330083","3.95"
"2098832524","43299341","0.25"
"43299341","2098832524","0.25"
"2087759743","2403250881","0.5"
"2403250881","2087759743","0.5"
"2405379153","608675958","0.7"
"608675958","2405379153","0.7"
"2656003588","608675958","0.7"
"608675958","2656003588","0.7"
"2106068874","2401574992","0.5"
"2401574992","2106068874","0.5"
"2106068874","2142330083","0.2"
"2142330083","2106068874","0.2"
"2106068874","2157241626","0.2"
"2157241626","2106068874","0.2"
"2106068874","2405379153","0.2"
"2405379153","2106068874","0.2"
"2106068874","608675958","0.2"
"608675958","2106068874","0.2"
"2142330083","2157241626","0.2"
"2157241626","2142330083","0.2"
"2142330083","2405379153","1.7"
"2405379153","2142330083","1.7"
"2142330083","608675958","0.2"
"608675958","2142330083","0.2"
"2157241626","2405379153","0.2"
"2405379153","2157241626","0.2"
"2157241626","2656003588","0.2"
"2656003588","2157241626","0.2"
"2110404837","43299341","0.5"
"43299341","2110404837","0.5"
"2110404837","608675958","1.5"
"608675958","2110404837","1.5"
