"151082685","1600335074","0.219298"
"1600335074","151082685","0.219298"
"151082685","2013608024","0.219298"
"2013608024","151082685","0.219298"
"151082685","2032933675","0.219298"
"2032933675","151082685","0.219298"
"151082685","2114239363","0.219298"
"2114239363","151082685","0.219298"
"151082685","2120314728","0.219298"
"2120314728","151082685","0.219298"
"151082685","2144668814","0.219298"
"2144668814","151082685","0.219298"
"1600335074","2013608024","1.86854"
"2013608024","1600335074","1.86854"
"1600335074","2032933675","1.41021"
"2032933675","1600335074","1.41021"
"1600335074","2114239363","0.643541"
"2114239363","1600335074","0.643541"
"1600335074","2120314728","0.319298"
"2120314728","1600335074","0.319298"
"1600335074","2144668814","7.81854"
"2144668814","1600335074","7.81854"
"2013608024","2032933675","0.410207"
"2032933675","2013608024","0.410207"
"2013608024","2114239363","0.643541"
"2114239363","2013608024","0.643541"
"2013608024","2120314728","0.652632"
"2120314728","2013608024","0.652632"
"2013608024","2144668814","1.70187"
"2144668814","2013608024","1.70187"
"2032933675","2114239363","2.76973"
"2114239363","2032933675","2.76973"
"2032933675","2120314728","0.485965"
"2120314728","2032933675","0.485965"
"2032933675","2144668814","16.8935"
"2144668814","2032933675","16.8935"
"2114239363","2120314728","0.385965"
"2120314728","2114239363","0.385965"
"2114239363","2144668814","3.21021"
"2144668814","2114239363","3.21021"
"2120314728","2144668814","0.485965"
"2144668814","2120314728","0.485965"
"151082685","1590680807","0.0526316"
"1590680807","151082685","0.0526316"
"151082685","1972015764","0.0526316"
"1972015764","151082685","0.0526316"
"151082685","1981825499","0.0526316"
"1981825499","151082685","0.0526316"
"151082685","2075336255","0.0526316"
"2075336255","151082685","0.0526316"
"151082685","2096788983","0.0526316"
"2096788983","151082685","0.0526316"
"151082685","2107353262","0.0526316"
"2107353262","151082685","0.0526316"
"151082685","2118041291","0.0526316"
"2118041291","151082685","0.0526316"
"151082685","2128156516","0.0526316"
"2128156516","151082685","0.0526316"
"151082685","2139967937","0.0526316"
"2139967937","151082685","0.0526316"
"151082685","2171151894","0.0526316"
"2171151894","151082685","0.0526316"
"151082685","2182137461","0.0526316"
"2182137461","151082685","0.0526316"
"151082685","2622318356","0.0526316"
"2622318356","151082685","0.0526316"
"151082685","2790815583","0.0526316"
"2790815583","151082685","0.0526316"
"1590680807","1600335074","0.618541"
"1600335074","1590680807","0.618541"
"1590680807","1972015764","0.643541"
"1972015764","1590680807","0.643541"
"1590680807","1981825499","0.177632"
"1981825499","1590680807","0.177632"
"1590680807","2013608024","0.368541"
"2013608024","1590680807","0.368541"
"1590680807","2032933675","3.27687"
"2032933675","1590680807","3.27687"
"1590680807","2075336255","0.0526316"
"2075336255","1590680807","0.0526316"
"1590680807","2096788983","0.310207"
"2096788983","1590680807","0.310207"
"1590680807","2107353262","0.0526316"
"2107353262","1590680807","0.0526316"
"1590680807","2114239363","0.676874"
"2114239363","1590680807","0.676874"
"1590680807","2118041291","0.618541"
"2118041291","1590680807","0.618541"
"1590680807","2120314728","0.152632"
"2120314728","1590680807","0.152632"
"1590680807","2128156516","0.0526316"
"2128156516","1590680807","0.0526316"
"1590680807","2139967937","0.143541"
"2139967937","1590680807","0.143541"
"1590680807","2144668814","4.15187"
"2144668814","1590680807","4.15187"
"1590680807","2171151894","0.152632"
"2171151894","1590680807","0.152632"
"1590680807","2182137461","0.0526316"
"2182137461","1590680807","0.0526316"
"1590680807","2622318356","0.219298"
"2622318356","1590680807","0.219298"
"1590680807","2790815583","0.252632"
"2790815583","1590680807","0.252632"
"1600335074","1972015764","0.343541"
"1972015764","1600335074","0.343541"
"1600335074","1981825499","0.177632"
"1981825499","1600335074","0.177632"
"1600335074","2075336255","0.0526316"
"2075336255","1600335074","0.0526316"
"1600335074","2096788983","0.343541"
"2096788983","1600335074","0.343541"
"1600335074","2107353262","0.0526316"
"2107353262","1600335074","0.0526316"
"1600335074","2118041291","7.15187"
"2118041291","1600335074","7.15187"
"1600335074","2128156516","0.0526316"
"2128156516","1600335074","0.0526316"
"1600335074","2139967937","0.976874"
"2139967937","1600335074","0.976874"
"1600335074","2171151894","0.152632"
"2171151894","1600335074","0.152632"
"1600335074","2182137461","0.0526316"
"2182137461","1600335074","0.0526316"
"1600335074","2622318356","0.552632"
"2622318356","1600335074","0.552632"
"1600335074","2790815583","0.552632"
"2790815583","1600335074","0.552632"
"1972015764","1981825499","0.0526316"
"1981825499","1972015764","0.0526316"
"1972015764","2013608024","0.143541"
"2013608024","1972015764","0.143541"
"1972015764","2032933675","0.760207"
"2032933675","1972015764","0.760207"
"1972015764","2075336255","0.0526316"
"2075336255","1972015764","0.0526316"
"1972015764","2096788983","1.71021"
"2096788983","1972015764","1.71021"
"1972015764","2107353262","0.0526316"
"2107353262","1972015764","0.0526316"
"1972015764","2114239363","0.760207"
"2114239363","1972015764","0.760207"
"1972015764","2118041291","0.343541"
"2118041291","1972015764","0.343541"
"1972015764","2120314728","0.0526316"
"2120314728","1972015764","0.0526316"
"1972015764","2128156516","0.0526316"
"2128156516","1972015764","0.0526316"
"1972015764","2139967937","0.143541"
"2139967937","1972015764","0.143541"
"1972015764","2144668814","1.21021"
"2144668814","1972015764","1.21021"
"1972015764","2171151894","0.0526316"
"2171151894","1972015764","0.0526316"
"1972015764","2182137461","0.0526316"
"2182137461","1972015764","0.0526316"
"1972015764","2622318356","0.302632"
"2622318356","1972015764","0.302632"
"1972015764","2790815583","0.302632"
"2790815583","1972015764","0.302632"
"1981825499","2013608024","0.177632"
"2013608024","1981825499","0.177632"
"1981825499","2032933675","0.385965"
"2032933675","1981825499","0.385965"
"1981825499","2075336255","0.0526316"
"2075336255","1981825499","0.0526316"
"1981825499","2096788983","0.385965"
"2096788983","1981825499","0.385965"
"1981825499","2107353262","0.0526316"
"2107353262","1981825499","0.0526316"
"1981825499","2114239363","0.0526316"
"2114239363","1981825499","0.0526316"
"1981825499","2118041291","0.177632"
"2118041291","1981825499","0.177632"
"1981825499","2120314728","0.0526316"
"2120314728","1981825499","0.0526316"
"1981825499","2128156516","0.0526316"
"2128156516","1981825499","0.0526316"
"1981825499","2139967937","0.0526316"
"2139967937","1981825499","0.0526316"
"1981825499","2144668814","0.510965"
"2144668814","1981825499","0.510965"
"1981825499","2171151894","0.0526316"
"2171151894","1981825499","0.0526316"
"1981825499","2182137461","0.0526316"
"2182137461","1981825499","0.0526316"
"1981825499","2622318356","0.0526316"
"2622318356","1981825499","0.0526316"
"1981825499","2790815583","0.0526316"
"2790815583","1981825499","0.0526316"
"2013608024","2075336255","0.0526316"
"2075336255","2013608024","0.0526316"
"2013608024","2096788983","0.143541"
"2096788983","2013608024","0.143541"
"2013608024","2107353262","0.0526316"
"2107353262","2013608024","0.0526316"
"2013608024","2118041291","0.868541"
"2118041291","2013608024","0.868541"
"2013608024","2128156516","0.0526316"
"2128156516","2013608024","0.0526316"
"2013608024","2139967937","0.810207"
"2139967937","2013608024","0.810207"
"2013608024","2171151894","0.485965"
"2171151894","2013608024","0.485965"
"2013608024","2182137461","0.0526316"
"2182137461","2013608024","0.0526316"
"2013608024","2622318356","0.552632"
"2622318356","2013608024","0.552632"
"2013608024","2790815583","0.385965"
"2790815583","2013608024","0.385965"
"2032933675","2075336255","0.0526316"
"2075336255","2032933675","0.0526316"
"2032933675","2096788983","1.90306"
"2096788983","2032933675","1.90306"
"2032933675","2107353262","0.552632"
"2107353262","2032933675","0.552632"
"2032933675","2118041291","0.243541"
"2118041291","2032933675","0.243541"
"2032933675","2128156516","0.0526316"
"2128156516","2032933675","0.0526316"
"2032933675","2139967937","1.81021"
"2139967937","2032933675","1.81021"
"2032933675","2171151894","0.152632"
"2171151894","2032933675","0.152632"
"2032933675","2182137461","0.0526316"
"2182137461","2032933675","0.0526316"
"2032933675","2622318356","0.469298"
"2622318356","2032933675","0.469298"
"2032933675","2790815583","1.83596"
"2790815583","2032933675","1.83596"
"2075336255","2096788983","0.0526316"
"2096788983","2075336255","0.0526316"
"2075336255","2107353262","0.0526316"
"2107353262","2075336255","0.0526316"
"2075336255","2114239363","0.0526316"
"2114239363","2075336255","0.0526316"
"2075336255","2118041291","0.0526316"
"2118041291","2075336255","0.0526316"
"2075336255","2120314728","0.0526316"
"2120314728","2075336255","0.0526316"
"2075336255","2128156516","0.0526316"
"2128156516","2075336255","0.0526316"
"2075336255","2139967937","0.0526316"
"2139967937","2075336255","0.0526316"
"2075336255","2144668814","0.552632"
"2144668814","2075336255","0.552632"
"2075336255","2171151894","0.0526316"
"2171151894","2075336255","0.0526316"
"2075336255","2182137461","0.0526316"
"2182137461","2075336255","0.0526316"
"2075336255","2622318356","0.552632"
"2622318356","2075336255","0.552632"
"2075336255","2790815583","0.0526316"
"2790815583","2075336255","0.0526316"
"2096788983","2107353262","0.0526316"
"2107353262","2096788983","0.0526316"
"2096788983","2114239363","3.06973"
"2114239363","2096788983","3.06973"
"2096788983","2118041291","0.343541"
"2118041291","2096788983","0.343541"
"2096788983","2120314728","0.0526316"
"2120314728","2096788983","0.0526316"
"2096788983","2128156516","0.0526316"
"2128156516","2096788983","0.0526316"
"2096788983","2139967937","0.643541"
"2139967937","2096788983","0.643541"
"2096788983","2144668814","2.46021"
"2144668814","2096788983","2.46021"
"2096788983","2171151894","0.0526316"
"2171151894","2096788983","0.0526316"
"2096788983","2182137461","0.0526316"
"2182137461","2096788983","0.0526316"
"2096788983","2622318356","0.385965"
"2622318356","2096788983","0.385965"
"2096788983","2790815583","0.802632"
"2790815583","2096788983","0.802632"
"2107353262","2114239363","0.0526316"
"2114239363","2107353262","0.0526316"
"2107353262","2118041291","0.0526316"
"2118041291","2107353262","0.0526316"
"2107353262","2120314728","0.0526316"
"2120314728","2107353262","0.0526316"
"2107353262","2128156516","0.552632"
"2128156516","2107353262","0.552632"
"2107353262","2139967937","0.0526316"
"2139967937","2107353262","0.0526316"
"2107353262","2144668814","1.05263"
"2144668814","2107353262","1.05263"
"2107353262","2171151894","0.0526316"
"2171151894","2107353262","0.0526316"
"2107353262","2182137461","1.05263"
"2182137461","2107353262","1.05263"
"2107353262","2622318356","0.0526316"
"2622318356","2107353262","0.0526316"
"2107353262","2790815583","0.0526316"
"2790815583","2107353262","0.0526316"
"2114239363","2118041291","0.143541"
"2118041291","2114239363","0.143541"
"2114239363","2128156516","0.0526316"
"2128156516","2114239363","0.0526316"
"2114239363","2139967937","0.810207"
"2139967937","2114239363","0.810207"
"2114239363","2171151894","0.0526316"
"2171151894","2114239363","0.0526316"
"2114239363","2182137461","0.0526316"
"2182137461","2114239363","0.0526316"
"2114239363","2622318356","0.552632"
"2622318356","2114239363","0.552632"
"2114239363","2790815583","1.00263"
"2790815583","2114239363","1.00263"
"2118041291","2120314728","0.152632"
"2120314728","2118041291","0.152632"
"2118041291","2128156516","0.0526316"
"2128156516","2118041291","0.0526316"
"2118041291","2139967937","0.976874"
"2139967937","2118041291","0.976874"
"2118041291","2144668814","1.81854"
"2144668814","2118041291","1.81854"
"2118041291","2171151894","0.152632"
"2171151894","2118041291","0.152632"
"2118041291","2182137461","0.0526316"
"2182137461","2118041291","0.0526316"
"2118041291","2622318356","0.0526316"
"2622318356","2118041291","0.0526316"
"2118041291","2790815583","0.0526316"
"2790815583","2118041291","0.0526316"
"2120314728","2128156516","0.0526316"
"2128156516","2120314728","0.0526316"
"2120314728","2139967937","0.552632"
"2139967937","2120314728","0.552632"
"2120314728","2171151894","0.152632"
"2171151894","2120314728","0.152632"
"2120314728","2182137461","0.0526316"
"2182137461","2120314728","0.0526316"
"2120314728","2622318356","0.0526316"
"2622318356","2120314728","0.0526316"
"2120314728","2790815583","0.385965"
"2790815583","2120314728","0.385965"
"2128156516","2139967937","0.0526316"
"2139967937","2128156516","0.0526316"
"2128156516","2144668814","0.552632"
"2144668814","2128156516","0.552632"
"2128156516","2171151894","0.0526316"
"2171151894","2128156516","0.0526316"
"2128156516","2182137461","0.0526316"
"2182137461","2128156516","0.0526316"
"2128156516","2622318356","0.0526316"
"2622318356","2128156516","0.0526316"
"2128156516","2790815583","0.0526316"
"2790815583","2128156516","0.0526316"
"2139967937","2144668814","3.14354"
"2144668814","2139967937","3.14354"
"2139967937","2171151894","0.385965"
"2171151894","2139967937","0.385965"
"2139967937","2182137461","0.0526316"
"2182137461","2139967937","0.0526316"
"2139967937","2622318356","0.0526316"
"2622318356","2139967937","0.0526316"
"2139967937","2790815583","0.385965"
"2790815583","2139967937","0.385965"
"2144668814","2171151894","0.485965"
"2171151894","2144668814","0.485965"
"2144668814","2182137461","1.05263"
"2182137461","2144668814","1.05263"
"2144668814","2622318356","1.7193"
"2622318356","2144668814","1.7193"
"2144668814","2790815583","1.58596"
"2790815583","2144668814","1.58596"
"2171151894","2182137461","0.0526316"
"2182137461","2171151894","0.0526316"
"2171151894","2622318356","0.0526316"
"2622318356","2171151894","0.0526316"
"2171151894","2790815583","0.0526316"
"2790815583","2171151894","0.0526316"
"2182137461","2622318356","0.0526316"
"2622318356","2182137461","0.0526316"
"2182137461","2790815583","0.0526316"
"2790815583","2182137461","0.0526316"
"2622318356","2790815583","0.0526316"
"2790815583","2622318356","0.0526316"
"1590680807","2067267191","0.257576"
"2067267191","1590680807","0.257576"
"1590680807","30902424","0.633333"
"30902424","1590680807","0.633333"
"2032933675","2067267191","1.2671"
"2067267191","2032933675","1.2671"
"2032933675","30902424","1.27619"
"30902424","2032933675","1.27619"
"2067267191","2096788983","5.0171"
"2096788983","2067267191","5.0171"
"2067267191","2114239363","2.2671"
"2114239363","2067267191","2.2671"
"2067267191","2144668814","1.87424"
"2144668814","2067267191","1.87424"
"2067267191","30902424","0.809524"
"30902424","2067267191","0.809524"
"2096788983","30902424","0.509524"
"30902424","2096788983","0.509524"
"2114239363","30902424","0.842857"
"30902424","2114239363","0.842857"
"2144668814","30902424","2.33333"
"30902424","2144668814","2.33333"
"2790815583","30902424","0.533333"
"30902424","2790815583","0.533333"
"1590680807","2126001106","0.125"
"2126001106","1590680807","0.125"
"1590680807","2149891956","0.565909"
"2149891956","1590680807","0.565909"
"1590680807","2289044071","0.225"
"2289044071","1590680807","0.225"
"1600335074","2126001106","0.125"
"2126001106","1600335074","0.125"
"1600335074","2149891956","4.06591"
"2149891956","1600335074","4.06591"
"1600335074","2289044071","0.725"
"2289044071","1600335074","0.725"
"1981825499","2126001106","0.458333"
"2126001106","1981825499","0.458333"
"1981825499","2149891956","0.125"
"2149891956","1981825499","0.125"
"1981825499","2289044071","0.458333"
"2289044071","1981825499","0.458333"
"2013608024","2126001106","0.125"
"2126001106","2013608024","0.125"
"2013608024","2149891956","0.815909"
"2149891956","2013608024","0.815909"
"2013608024","2289044071","0.225"
"2289044071","2013608024","0.225"
"2118041291","2126001106","0.125"
"2126001106","2118041291","0.125"
"2118041291","2149891956","0.565909"
"2149891956","2118041291","0.565909"
"2118041291","2289044071","0.225"
"2289044071","2118041291","0.225"
"2126001106","2144668814","0.125"
"2144668814","2126001106","0.125"
"2126001106","2149891956","0.125"
"2149891956","2126001106","0.125"
"2126001106","2289044071","0.458333"
"2289044071","2126001106","0.458333"
"2144668814","2149891956","1.56591"
"2149891956","2144668814","1.56591"
"2144668814","2289044071","0.391667"
"2289044071","2144668814","0.391667"
"2149891956","2289044071","0.725"
"2289044071","2149891956","0.725"
"1590680807","2110420167","0.166667"
"2110420167","1590680807","0.166667"
"2032933675","2110420167","1.22619"
"2110420167","2032933675","1.22619"
"2110420167","2114239363","0.72619"
"2114239363","2110420167","0.72619"
"2110420167","2144668814","0.583333"
"2144668814","2110420167","0.583333"
"2110420167","2622318356","0.416667"
"2622318356","2110420167","0.416667"
"2110420167","30902424","0.47619"
"30902424","2110420167","0.47619"
"2622318356","30902424","0.166667"
"30902424","2622318356","0.166667"
"1600335074","2067267191","0.0909091"
"2067267191","1600335074","0.0909091"
"1972015764","2067267191","0.707576"
"2067267191","1972015764","0.707576"
"1972015764","2149891956","0.0909091"
"2149891956","1972015764","0.0909091"
"2013608024","2067267191","0.590909"
"2067267191","2013608024","0.590909"
"2032933675","2149891956","0.190909"
"2149891956","2032933675","0.190909"
"2067267191","2118041291","0.0909091"
"2118041291","2067267191","0.0909091"
"2067267191","2139967937","0.0909091"
"2139967937","2067267191","0.0909091"
"2067267191","2149891956","0.590909"
"2149891956","2067267191","0.590909"
"2096788983","2149891956","0.0909091"
"2149891956","2096788983","0.0909091"
"2114239363","2149891956","0.0909091"
"2149891956","2114239363","0.0909091"
"2139967937","2149891956","0.0909091"
"2149891956","2139967937","0.0909091"
"1600335074","30902424","0.3"
"30902424","1600335074","0.3"
"2013608024","30902424","0.6"
"30902424","2013608024","0.6"
"2032933675","2289044071","0.409524"
"2289044071","2032933675","0.409524"
"2118041291","30902424","0.3"
"30902424","2118041291","0.3"
"2120314728","2149891956","0.1"
"2149891956","2120314728","0.1"
"2120314728","2289044071","0.1"
"2289044071","2120314728","0.1"
"2120314728","30902424","0.266667"
"30902424","2120314728","0.266667"
"2149891956","2171151894","0.1"
"2171151894","2149891956","0.1"
"2149891956","30902424","0.1"
"30902424","2149891956","0.1"
"2171151894","2289044071","0.1"
"2289044071","2171151894","0.1"
"2171151894","30902424","0.1"
"30902424","2171151894","0.1"
"2289044071","30902424","0.242857"
"30902424","2289044071","0.242857"
"1972015764","30902424","0.2"
"30902424","1972015764","0.2"
"1600335074","2803567339","0.333333"
"2803567339","1600335074","0.333333"
"2118041291","2803567339","0.333333"
"2803567339","2118041291","0.333333"
"2139967937","2803567339","0.333333"
"2803567339","2139967937","0.333333"
"1972015764","2099372034","0.25"
"2099372034","1972015764","0.25"
"1972015764","2238220555","0.25"
"2238220555","1972015764","0.25"
"2099372034","2114239363","2.05952"
"2114239363","2099372034","2.05952"
"2099372034","2238220555","0.583333"
"2238220555","2099372034","0.583333"
"2099372034","2790815583","3.75"
"2790815583","2099372034","3.75"
"2114239363","2238220555","0.583333"
"2238220555","2114239363","0.583333"
"2238220555","2790815583","1.25"
"2790815583","2238220555","1.25"
"1972015764","2289044071","0.166667"
"2289044071","1972015764","0.166667"
"2067267191","2289044071","0.309524"
"2289044071","2067267191","0.309524"
"2096788983","2289044071","0.559524"
"2289044071","2096788983","0.559524"
"2114239363","2289044071","0.892857"
"2289044071","2114239363","0.892857"
"1972015764","2110420167","0.25"
"2110420167","1972015764","0.25"
"2067267191","2110420167","0.642857"
"2110420167","2067267191","0.642857"
"2067267191","2622318356","0.25"
"2622318356","2067267191","0.25"
"1981825499","2099372034","0.333333"
"2099372034","1981825499","0.333333"
"2099372034","2126001106","1.33333"
"2126001106","2099372034","1.33333"
"2099372034","2289044071","1.05952"
"2289044071","2099372034","1.05952"
"2032488543","2078846335","0.333333"
"2078846335","2032488543","0.333333"
"2032488543","2096788983","0.333333"
"2096788983","2032488543","0.333333"
"2032488543","2114239363","0.666667"
"2114239363","2032488543","0.666667"
"2078846335","2096788983","0.333333"
"2096788983","2078846335","0.333333"
"2078846335","2114239363","0.333333"
"2114239363","2078846335","0.333333"
"2032488543","2099372034","0.333333"
"2099372034","2032488543","0.333333"
"2032488543","2289044071","0.333333"
"2289044071","2032488543","0.333333"
"2096788983","2110420167","0.392857"
"2110420167","2096788983","0.392857"
"2110420167","2120314728","0.166667"
"2120314728","2110420167","0.166667"
"2110420167","2139967937","0.166667"
"2139967937","2110420167","0.166667"
"2139967937","30902424","0.166667"
"30902424","2139967937","0.166667"
"2032933675","2099372034","1.89286"
"2099372034","2032933675","1.89286"
"2099372034","2144668814","0.5"
"2144668814","2099372034","0.5"
"2067267191","2099372034","0.142857"
"2099372034","2067267191","0.142857"
"2096788983","2099372034","1.22619"
"2099372034","2096788983","1.22619"
"2099372034","2110420167","0.392857"
"2110420167","2099372034","0.392857"
"2099372034","30902424","0.142857"
"30902424","2099372034","0.142857"
"2110420167","2289044071","0.142857"
"2289044071","2110420167","0.142857"
"2110420167","2790815583","0.25"
"2790815583","2110420167","0.25"
"2096788983","2238220555","0.333333"
"2238220555","2096788983","0.333333"
"2289044071","2790815583","0.25"
"2790815583","2289044071","0.25"
"2096788983","2126001106","1.33333"
"2126001106","2096788983","1.33333"
"2114239363","2126001106","0.333333"
"2126001106","2114239363","0.333333"
"2126001106","2622318356","1.33333"
"2622318356","2126001106","1.33333"
"2099372034","2622318356","1"
"2622318356","2099372034","1"
"2126001106","2790815583","1"
"2790815583","2126001106","1"
"2126001106","2238220555","1"
"2238220555","2126001106","1"
