"1014451784","1436938223","0.5"
"1436938223","1014451784","0.5"
"1014451784","4320308","0.5"
"4320308","1014451784","0.5"
"1436938223","4320308","0.5"
"4320308","1436938223","0.5"
"1014451784","2104673221","1"
"2104673221","1014451784","1"
"1014451784","2279049481","1"
"2279049481","1014451784","1"
"1014451784","1488465245","3"
"1488465245","1014451784","3"
"1014451784","2615463072","1"
"2615463072","1014451784","1"
"102786880","114612135","0.1625"
"114612135","102786880","0.1625"
"102786880","1513865010","0.1625"
"1513865010","102786880","0.1625"
"102786880","1597746903","0.1625"
"1597746903","102786880","0.1625"
"102786880","1964503553","0.2875"
"1964503553","102786880","0.2875"
"102786880","2043085612","0.2875"
"2043085612","102786880","0.2875"
"102786880","2046810530","0.1625"
"2046810530","102786880","0.1625"
"102786880","2061146283","1.2875"
"2061146283","102786880","1.2875"
"102786880","2135753474","0.2875"
"2135753474","102786880","0.2875"
"102786880","2182999031","0.225"
"2182999031","102786880","0.225"
"102786880","3572470","0.1625"
"3572470","102786880","0.1625"
"114612135","1513865010","0.2125"
"1513865010","114612135","0.2125"
"114612135","1597746903","0.555357"
"1597746903","114612135","0.555357"
"114612135","1964503553","0.1625"
"1964503553","114612135","0.1625"
"114612135","2043085612","0.355357"
"2043085612","114612135","0.355357"
"114612135","2046810530","1.30675"
"2046810530","114612135","1.30675"
"114612135","2061146283","0.495833"
"2061146283","114612135","0.495833"
"114612135","2135753474","0.1625"
"2135753474","114612135","0.1625"
"114612135","2182999031","0.794444"
"2182999031","114612135","0.794444"
"114612135","3572470","4.24664"
"3572470","114612135","4.24664"
"1513865010","1597746903","1.90893"
"1597746903","1513865010","1.90893"
"1513865010","1964503553","0.233929"
"1964503553","1513865010","0.233929"
"1513865010","2043085612","3.15893"
"2043085612","1513865010","3.15893"
"1513865010","2046810530","0.2125"
"2046810530","1513865010","0.2125"
"1513865010","2061146283","0.358929"
"2061146283","1513865010","0.358929"
"1513865010","2135753474","0.9125"
"2135753474","1513865010","0.9125"
"1513865010","2182999031","0.346429"
"2182999031","1513865010","0.346429"
"1513865010","3572470","0.2125"
"3572470","1513865010","0.2125"
"1597746903","1964503553","0.233929"
"1964503553","1597746903","0.233929"
"1597746903","2043085612","0.635119"
"2043085612","1597746903","0.635119"
"1597746903","2046810530","0.43869"
"2046810530","1597746903","0.43869"
"1597746903","2061146283","0.358929"
"2061146283","1597746903","0.358929"
"1597746903","2135753474","0.1625"
"2135753474","1597746903","0.1625"
"1597746903","2182999031","0.546429"
"2182999031","1597746903","0.546429"
"1597746903","3572470","0.88869"
"3572470","1597746903","0.88869"
"1964503553","2043085612","0.858929"
"2043085612","1964503553","0.858929"
"1964503553","2046810530","0.1625"
"2046810530","1964503553","0.1625"
"1964503553","2061146283","0.358929"
"2061146283","1964503553","0.358929"
"1964503553","2135753474","0.7875"
"2135753474","1964503553","0.7875"
"1964503553","2182999031","0.296429"
"2182999031","1964503553","0.296429"
"1964503553","3572470","0.1625"
"3572470","1964503553","0.1625"
"2043085612","2046810530","0.43869"
"2046810530","2043085612","0.43869"
"2043085612","2061146283","0.483929"
"2061146283","2043085612","0.483929"
"2043085612","2135753474","2.0375"
"2135753474","2043085612","2.0375"
"2043085612","2182999031","0.804762"
"2182999031","2043085612","0.804762"
"2043085612","3572470","0.43869"
"3572470","2043085612","0.43869"
"2046810530","2061146283","1.6625"
"2061146283","2046810530","1.6625"
"2046810530","2135753474","0.1625"
"2135753474","2046810530","0.1625"
"2046810530","2182999031","0.261111"
"2182999031","2046810530","0.261111"
"2046810530","3572470","2.81432"
"3572470","2046810530","2.81432"
"2061146283","2135753474","0.2875"
"2135753474","2061146283","0.2875"
"2061146283","2182999031","1.50476"
"2182999031","2061146283","1.50476"
"2061146283","3572470","0.995833"
"3572470","2061146283","0.995833"
"2135753474","2182999031","0.225"
"2182999031","2135753474","0.225"
"2135753474","3572470","0.1625"
"3572470","2135753474","0.1625"
"2182999031","3572470","0.794444"
"3572470","2182999031","0.794444"
"102786880","145549907","0.0625"
"145549907","102786880","0.0625"
"102786880","1494719749","0.0625"
"1494719749","102786880","0.0625"
"102786880","1547770852","0.0625"
"1547770852","102786880","0.0625"
"102786880","1586984615","0.0625"
"1586984615","102786880","0.0625"
"102786880","1991523306","0.0625"
"1991523306","102786880","0.0625"
"102786880","2029931637","0.0625"
"2029931637","102786880","0.0625"
"102786880","2034635672","0.0625"
"2034635672","102786880","0.0625"
"114612135","145549907","0.584722"
"145549907","114612135","0.584722"
"114612135","1494719749","0.205357"
"1494719749","114612135","0.205357"
"114612135","1547770852","0.1125"
"1547770852","114612135","0.1125"
"114612135","1586984615","0.286111"
"1586984615","114612135","0.286111"
"114612135","1991523306","0.0625"
"1991523306","114612135","0.0625"
"114612135","2029931637","0.366468"
"2029931637","114612135","0.366468"
"114612135","2034635672","0.457955"
"2034635672","114612135","0.457955"
"145549907","1494719749","0.0625"
"1494719749","145549907","0.0625"
"145549907","1513865010","0.1125"
"1513865010","145549907","0.1125"
"145549907","1547770852","0.1125"
"1547770852","145549907","0.1125"
"145549907","1586984615","0.223611"
"1586984615","145549907","0.223611"
"145549907","1597746903","0.1125"
"1597746903","145549907","0.1125"
"145549907","1964503553","0.0625"
"1964503553","145549907","0.0625"
"145549907","1991523306","0.0625"
"1991523306","145549907","0.0625"
"145549907","2029931637","0.473611"
"2029931637","145549907","0.473611"
"145549907","2034635672","0.1125"
"2034635672","145549907","0.1125"
"145549907","2043085612","0.3625"
"2043085612","145549907","0.3625"
"145549907","2046810530","2.33472"
"2046810530","145549907","2.33472"
"145549907","2061146283","0.0625"
"2061146283","145549907","0.0625"
"145549907","2135753474","0.0625"
"2135753474","145549907","0.0625"
"145549907","3572470","0.584722"
"3572470","145549907","0.584722"
"1494719749","1513865010","0.0625"
"1513865010","1494719749","0.0625"
"1494719749","1547770852","0.0625"
"1547770852","1494719749","0.0625"
"1494719749","1586984615","0.0625"
"1586984615","1494719749","0.0625"
"1494719749","1597746903","0.205357"
"1597746903","1494719749","0.205357"
"1494719749","1964503553","0.0625"
"1964503553","1494719749","0.0625"
"1494719749","1991523306","0.0625"
"1991523306","1494719749","0.0625"
"1494719749","2029931637","0.205357"
"2029931637","1494719749","0.205357"
"1494719749","2034635672","0.0625"
"2034635672","1494719749","0.0625"
"1494719749","2043085612","0.205357"
"2043085612","1494719749","0.205357"
"1494719749","2046810530","0.205357"
"2046810530","1494719749","0.205357"
"1494719749","2061146283","0.1875"
"2061146283","1494719749","0.1875"
"1494719749","2135753474","0.0625"
"2135753474","1494719749","0.0625"
"1494719749","3572470","0.205357"
"3572470","1494719749","0.205357"
"1513865010","1547770852","0.183929"
"1547770852","1513865010","0.183929"
"1513865010","1586984615","0.1125"
"1586984615","1513865010","0.1125"
"1513865010","1991523306","0.0625"
"1991523306","1513865010","0.0625"
"1513865010","2029931637","0.1125"
"2029931637","1513865010","0.1125"
"1513865010","2034635672","0.1125"
"2034635672","1513865010","0.1125"
"1547770852","1586984615","0.195833"
"1586984615","1547770852","0.195833"
"1547770852","1597746903","0.267262"
"1597746903","1547770852","0.267262"
"1547770852","1964503553","0.133929"
"1964503553","1547770852","0.133929"
"1547770852","1991523306","0.0625"
"1991523306","1547770852","0.0625"
"1547770852","2029931637","0.1125"
"2029931637","1547770852","0.1125"
"1547770852","2034635672","0.195833"
"2034635672","1547770852","0.195833"
"1547770852","2043085612","0.267262"
"2043085612","1547770852","0.267262"
"1547770852","2046810530","0.195833"
"2046810530","1547770852","0.195833"
"1547770852","2061146283","0.133929"
"2061146283","1547770852","0.133929"
"1547770852","2135753474","0.0625"
"2135753474","1547770852","0.0625"
"1547770852","3572470","0.195833"
"3572470","1547770852","0.195833"
"1586984615","1597746903","0.195833"
"1597746903","1586984615","0.195833"
"1586984615","1964503553","0.0625"
"1964503553","1586984615","0.0625"
"1586984615","1991523306","0.0625"
"1991523306","1586984615","0.0625"
"1586984615","2029931637","0.223611"
"2029931637","1586984615","0.223611"
"1586984615","2034635672","0.195833"
"2034635672","1586984615","0.195833"
"1586984615","2043085612","0.195833"
"2043085612","1586984615","0.195833"
"1586984615","2046810530","0.369444"
"2046810530","1586984615","0.369444"
"1586984615","2061146283","0.0625"
"2061146283","1586984615","0.0625"
"1586984615","2135753474","0.0625"
"2135753474","1586984615","0.0625"
"1586984615","3572470","0.369444"
"3572470","1586984615","0.369444"
"1597746903","1991523306","0.0625"
"1991523306","1597746903","0.0625"
"1597746903","2029931637","0.255357"
"2029931637","1597746903","0.255357"
"1597746903","2034635672","0.445833"
"2034635672","1597746903","0.445833"
"1964503553","1991523306","0.0625"
"1991523306","1964503553","0.0625"
"1964503553","2029931637","0.0625"
"2029931637","1964503553","0.0625"
"1964503553","2034635672","0.0625"
"2034635672","1964503553","0.0625"
"1991523306","2029931637","0.0625"
"2029931637","1991523306","0.0625"
"1991523306","2034635672","0.0625"
"2034635672","1991523306","0.0625"
"1991523306","2043085612","0.0625"
"2043085612","1991523306","0.0625"
"1991523306","2046810530","0.0625"
"2046810530","1991523306","0.0625"
"1991523306","2061146283","0.8125"
"2061146283","1991523306","0.8125"
"1991523306","2135753474","0.0625"
"2135753474","1991523306","0.0625"
"1991523306","3572470","0.0625"
"3572470","1991523306","0.0625"
"2029931637","2034635672","0.445833"
"2034635672","2029931637","0.445833"
"2029931637","2043085612","0.505357"
"2043085612","2029931637","0.505357"
"2029931637","2046810530","0.366468"
"2046810530","2029931637","0.366468"
"2029931637","2061146283","0.0625"
"2061146283","2029931637","0.0625"
"2029931637","2135753474","0.0625"
"2135753474","2029931637","0.0625"
"2029931637","3572470","0.366468"
"3572470","2029931637","0.366468"
"2034635672","2043085612","0.195833"
"2043085612","2034635672","0.195833"
"2034635672","2046810530","0.786742"
"2046810530","2034635672","0.786742"
"2034635672","2061146283","0.0625"
"2061146283","2034635672","0.0625"
"2034635672","2135753474","0.0625"
"2135753474","2034635672","0.0625"
"2034635672","3572470","1.2822"
"3572470","2034635672","1.2822"
"102786880","1503105306","0.125"
"1503105306","102786880","0.125"
"102786880","2060999410","0.125"
"2060999410","102786880","0.125"
"102786880","2171040622","0.125"
"2171040622","102786880","0.125"
"1503105306","1964503553","0.125"
"1964503553","1503105306","0.125"
"1503105306","2043085612","0.675"
"2043085612","1503105306","0.675"
"1503105306","2060999410","0.125"
"2060999410","1503105306","0.125"
"1503105306","2061146283","1.125"
"2061146283","1503105306","1.125"
"1503105306","2135753474","0.375"
"2135753474","1503105306","0.375"
"1503105306","2171040622","0.125"
"2171040622","1503105306","0.125"
"1503105306","2182999031","0.286111"
"2182999031","1503105306","0.286111"
"1964503553","2060999410","0.125"
"2060999410","1964503553","0.125"
"1964503553","2171040622","0.125"
"2171040622","1964503553","0.125"
"2043085612","2060999410","0.125"
"2060999410","2043085612","0.125"
"2043085612","2171040622","0.583333"
"2171040622","2043085612","0.583333"
"2060999410","2061146283","1.45833"
"2061146283","2060999410","1.45833"
"2060999410","2135753474","0.125"
"2135753474","2060999410","0.125"
"2060999410","2171040622","0.125"
"2171040622","2060999410","0.125"
"2060999410","2182999031","0.125"
"2182999031","2060999410","0.125"
"2061146283","2171040622","0.375"
"2171040622","2061146283","0.375"
"2135753474","2171040622","0.125"
"2171040622","2135753474","0.125"
"2171040622","2182999031","0.583333"
"2182999031","2171040622","0.583333"
"102786880","2677023770","1"
"2677023770","102786880","1"
"1033949525","2179970743","3"
"2179970743","1033949525","3"
"1033949525","2279049481","1"
"2279049481","1033949525","1"
"1033949525","4320308","1"
"4320308","1033949525","1"
"1033949525","2886217692","1.5"
"2886217692","1033949525","1.5"
"1033949525","2033340","0.5"
"2033340","1033949525","0.5"
"2033340","2886217692","1.5"
"2886217692","2033340","1.5"
"114612135","1986341526","0.15"
"1986341526","114612135","0.15"
"114612135","2026583582","0.469066"
"2026583582","114612135","0.469066"
"114612135","2031476774","0.15"
"2031476774","114612135","0.15"
"114612135","2073428335","0.211111"
"2073428335","114612135","0.211111"
"114612135","2084190470","0.211111"
"2084190470","114612135","0.211111"
"114612135","2090588614","1.2647"
"2090588614","114612135","1.2647"
"114612135","2127996664","1.57442"
"2127996664","114612135","1.57442"
"114612135","2171040622","0.35"
"2171040622","114612135","0.35"
"114612135","2505817594","0.3"
"2505817594","114612135","0.3"
"1986341526","2026583582","0.15"
"2026583582","1986341526","0.15"
"1986341526","2031476774","5.73333"
"2031476774","1986341526","5.73333"
"1986341526","2034635672","0.15"
"2034635672","1986341526","0.15"
"1986341526","2073428335","0.1"
"2073428335","1986341526","0.1"
"1986341526","2084190470","0.1"
"2084190470","1986341526","0.1"
"1986341526","2090588614","0.1"
"2090588614","1986341526","0.1"
"1986341526","2127996664","0.1"
"2127996664","1986341526","0.1"
"1986341526","2171040622","0.85"
"2171040622","1986341526","0.85"
"1986341526","2505817594","0.6"
"2505817594","1986341526","0.6"
"2026583582","2031476774","0.233333"
"2031476774","2026583582","0.233333"
"2026583582","2034635672","0.369697"
"2034635672","2026583582","0.369697"
"2026583582","2073428335","3.04444"
"2073428335","2026583582","3.04444"
"2026583582","2084190470","2.24444"
"2084190470","2026583582","2.24444"
"2026583582","2090588614","0.809975"
"2090588614","2026583582","0.809975"
"2026583582","2127996664","0.245455"
"2127996664","2026583582","0.245455"
"2026583582","2171040622","0.1"
"2171040622","2026583582","0.1"
"2026583582","2505817594","0.1"
"2505817594","2026583582","0.1"
"2031476774","2034635672","0.233333"
"2034635672","2031476774","0.233333"
"2031476774","2073428335","0.1"
"2073428335","2031476774","0.1"
"2031476774","2084190470","0.1"
"2084190470","2031476774","0.1"
"2031476774","2090588614","0.1"
"2090588614","2031476774","0.1"
"2031476774","2127996664","0.1"
"2127996664","2031476774","0.1"
"2031476774","2171040622","0.85"
"2171040622","2031476774","0.85"
"2031476774","2505817594","0.6"
"2505817594","2031476774","0.6"
"2034635672","2073428335","0.1"
"2073428335","2034635672","0.1"
"2034635672","2084190470","0.433333"
"2084190470","2034635672","0.433333"
"2034635672","2090588614","2.43636"
"2090588614","2034635672","2.43636"
"2034635672","2127996664","0.345455"
"2127996664","2034635672","0.345455"
"2034635672","2171040622","0.1"
"2171040622","2034635672","0.1"
"2034635672","2505817594","0.1"
"2505817594","2034635672","0.1"
"2073428335","2084190470","2.04444"
"2084190470","2073428335","2.04444"
"2073428335","2090588614","1.21111"
"2090588614","2073428335","1.21111"
"2073428335","2127996664","0.1"
"2127996664","2073428335","0.1"
"2073428335","2171040622","0.225"
"2171040622","2073428335","0.225"
"2073428335","2505817594","0.1"
"2505817594","2073428335","0.1"
"2084190470","2090588614","0.411111"
"2090588614","2084190470","0.411111"
"2084190470","2127996664","0.1"
"2127996664","2084190470","0.1"
"2084190470","2171040622","0.1"
"2171040622","2084190470","0.1"
"2084190470","2505817594","0.1"
"2505817594","2084190470","0.1"
"2090588614","2127996664","1.11728"
"2127996664","2090588614","1.11728"
"2090588614","2171040622","0.1"
"2171040622","2090588614","0.1"
"2090588614","2505817594","0.3"
"2505817594","2090588614","0.3"
"2127996664","2171040622","0.35"
"2171040622","2127996664","0.35"
"2127996664","2505817594","0.1"
"2505817594","2127996664","0.1"
"2171040622","2505817594","0.1"
"2505817594","2171040622","0.1"
"114612135","1826971838","1.08831"
"1826971838","114612135","1.08831"
"1494719749","1826971838","0.142857"
"1826971838","1494719749","0.142857"
"1597746903","1826971838","0.192857"
"1826971838","1597746903","0.192857"
"1826971838","2029931637","0.192857"
"2029931637","1826971838","0.192857"
"1826971838","2043085612","0.192857"
"2043085612","1826971838","0.192857"
"1826971838","2046810530","0.283766"
"2046810530","1826971838","0.283766"
"1826971838","3572470","0.429221"
"3572470","1826971838","0.429221"
"114612135","1599800629","1.60813"
"1599800629","114612135","1.60813"
"114612135","1608278265","0.653589"
"1608278265","114612135","0.653589"
"114612135","1965933925","0.250812"
"1965933925","114612135","0.250812"
"114612135","2022728909","1.45397"
"2022728909","114612135","1.45397"
"114612135","2056844217","0.486923"
"2056844217","114612135","0.486923"
"1599800629","1608278265","0.608135"
"1608278265","1599800629","0.608135"
"1599800629","1965933925","0.205357"
"1965933925","1599800629","0.205357"
"1599800629","2022728909","0.253968"
"2022728909","1599800629","0.253968"
"1599800629","2056844217","0.441468"
"2056844217","1599800629","0.441468"
"1599800629","2090588614","0.808135"
"2090588614","1599800629","0.808135"
"1599800629","2127996664","0.378968"
"2127996664","1599800629","0.378968"
"1608278265","1965933925","0.617478"
"1965933925","1608278265","0.617478"
"1608278265","2022728909","0.253968"
"2022728909","1608278265","0.253968"
"1608278265","2056844217","2.35359"
"2056844217","1608278265","2.35359"
"1608278265","2090588614","3.46311"
"2090588614","1608278265","3.46311"
"1608278265","2127996664","0.56728"
"2127996664","1608278265","0.56728"
"1965933925","2022728909","0.142857"
"2022728909","1965933925","0.142857"
"1965933925","2056844217","0.867478"
"2056844217","1965933925","0.867478"
"1965933925","2090588614","0.250812"
"2090588614","1965933925","0.250812"
"1965933925","2127996664","0.938312"
"2127996664","1965933925","0.938312"
"2022728909","2056844217","0.253968"
"2056844217","2022728909","0.253968"
"2022728909","2090588614","0.253968"
"2090588614","2022728909","0.253968"
"2022728909","2127996664","1.25397"
"2127996664","2022728909","1.25397"
"2056844217","2090588614","1.98692"
"2090588614","2056844217","1.98692"
"2056844217","2127996664","1.17442"
"2127996664","2056844217","1.17442"
"114612135","1551661741","1.2625"
"1551661741","114612135","1.2625"
"114612135","1969946082","0.984722"
"1969946082","114612135","0.984722"
"1551661741","1969946082","22.6756"
"1969946082","1551661741","22.6756"
"1551661741","2090588614","3.8423"
"2090588614","1551661741","3.8423"
"1551661741","2505817594","0.2"
"2505817594","1551661741","0.2"
"1551661741","3572470","1.63674"
"3572470","1551661741","1.63674"
"1969946082","2090588614","1.64785"
"2090588614","1969946082","1.64785"
"1969946082","2505817594","0.2"
"2505817594","1969946082","0.2"
"1969946082","3572470","1.52563"
"3572470","1969946082","1.52563"
"2090588614","3572470","1.83061"
"3572470","2090588614","1.83061"
"2505817594","3572470","0.2"
"3572470","2505817594","0.2"
"114612135","2032930477","0.510732"
"2032930477","114612135","0.510732"
"114612135","2121432589","0.7625"
"2121432589","114612135","0.7625"
"114612135","2142451220","0.0625"
"2142451220","114612135","0.0625"
"114612135","2147337497","0.0625"
"2147337497","114612135","0.0625"
"114612135","70850348","0.0625"
"70850348","114612135","0.0625"
"1551661741","1586984615","0.173611"
"1586984615","1551661741","0.173611"
"1551661741","1599800629","0.540278"
"1599800629","1551661741","0.540278"
"1551661741","1608278265","2.50694"
"1608278265","1551661741","2.50694"
"1551661741","1965933925","0.3125"
"1965933925","1551661741","0.3125"
"1551661741","2026583582","0.66452"
"2026583582","1551661741","0.66452"
"1551661741","2032930477","1.42361"
"2032930477","1551661741","1.42361"
"1551661741","2046810530","0.375631"
"2046810530","1551661741","0.375631"
"1551661741","2056844217","0.673611"
"2056844217","1551661741","0.673611"
"1551661741","2121432589","4.72917"
"2121432589","1551661741","4.72917"
"1551661741","2142451220","0.0625"
"2142451220","1551661741","0.0625"
"1551661741","2147337497","0.395833"
"2147337497","1551661741","0.395833"
"1551661741","70850348","0.0625"
"70850348","1551661741","0.0625"
"1586984615","1599800629","0.0625"
"1599800629","1586984615","0.0625"
"1586984615","1608278265","0.0625"
"1608278265","1586984615","0.0625"
"1586984615","1965933925","0.0625"
"1965933925","1586984615","0.0625"
"1586984615","1969946082","0.173611"
"1969946082","1586984615","0.173611"
"1586984615","2026583582","0.195833"
"2026583582","1586984615","0.195833"
"1586984615","2032930477","0.0625"
"2032930477","1586984615","0.0625"
"1586984615","2056844217","0.0625"
"2056844217","1586984615","0.0625"
"1586984615","2090588614","0.0625"
"2090588614","1586984615","0.0625"
"1586984615","2121432589","0.0625"
"2121432589","1586984615","0.0625"
"1586984615","2142451220","0.0625"
"2142451220","1586984615","0.0625"
"1586984615","2147337497","0.0625"
"2147337497","1586984615","0.0625"
"1586984615","70850348","0.0625"
"70850348","1586984615","0.0625"
"1599800629","1969946082","0.2625"
"1969946082","1599800629","0.2625"
"1599800629","2026583582","0.0625"
"2026583582","1599800629","0.0625"
"1599800629","2032930477","0.465278"
"2032930477","1599800629","0.465278"
"1599800629","2046810530","0.0625"
"2046810530","1599800629","0.0625"
"1599800629","2121432589","0.0625"
"2121432589","1599800629","0.0625"
"1599800629","2142451220","0.0625"
"2142451220","1599800629","0.0625"
"1599800629","2147337497","0.0625"
"2147337497","1599800629","0.0625"
"1599800629","3572470","1.17361"
"3572470","1599800629","1.17361"
"1599800629","70850348","0.0625"
"70850348","1599800629","0.0625"
"1608278265","1969946082","0.3125"
"1969946082","1608278265","0.3125"
"1608278265","2026583582","0.274621"
"2026583582","1608278265","0.274621"
"1608278265","2032930477","2.46073"
"2032930477","1608278265","2.46073"
"1608278265","2046810530","0.0625"
"2046810530","1608278265","0.0625"
"1608278265","2121432589","0.3125"
"2121432589","1608278265","0.3125"
"1608278265","2142451220","0.0625"
"2142451220","1608278265","0.0625"
"1608278265","2147337497","0.395833"
"2147337497","1608278265","0.395833"
"1608278265","3572470","0.361923"
"3572470","1608278265","0.361923"
"1608278265","70850348","0.0625"
"70850348","1608278265","0.0625"
"1965933925","1969946082","0.0625"
"1969946082","1965933925","0.0625"
"1965933925","2026583582","0.274621"
"2026583582","1965933925","0.274621"
"1965933925","2032930477","0.557955"
"2032930477","1965933925","0.557955"
"1965933925","2046810530","0.0625"
"2046810530","1965933925","0.0625"
"1965933925","2121432589","0.3125"
"2121432589","1965933925","0.3125"
"1965933925","2142451220","0.0625"
"2142451220","1965933925","0.0625"
"1965933925","2147337497","0.0625"
"2147337497","1965933925","0.0625"
"1965933925","3572470","0.107955"
"3572470","1965933925","0.107955"
"1965933925","70850348","0.0625"
"70850348","1965933925","0.0625"
"1969946082","2026583582","0.66452"
"2026583582","1969946082","0.66452"
"1969946082","2032930477","0.0625"
"2032930477","1969946082","0.0625"
"1969946082","2046810530","0.375631"
"2046810530","1969946082","0.375631"
"1969946082","2056844217","0.0625"
"2056844217","1969946082","0.0625"
"1969946082","2121432589","3.22917"
"2121432589","1969946082","3.22917"
"1969946082","2142451220","0.0625"
"2142451220","1969946082","0.0625"
"1969946082","2147337497","0.0625"
"2147337497","1969946082","0.0625"
"1969946082","70850348","0.0625"
"70850348","1969946082","0.0625"
"2026583582","2032930477","0.107955"
"2032930477","2026583582","0.107955"
"2026583582","2046810530","0.397854"
"2046810530","2026583582","0.397854"
"2026583582","2056844217","0.274621"
"2056844217","2026583582","0.274621"
"2026583582","2121432589","0.0625"
"2121432589","2026583582","0.0625"
"2026583582","2142451220","1.0625"
"2142451220","2026583582","1.0625"
"2026583582","2147337497","0.0625"
"2147337497","2026583582","0.0625"
"2026583582","3572470","0.743308"
"3572470","2026583582","0.743308"
"2026583582","70850348","0.0625"
"70850348","2026583582","0.0625"
"2032930477","2046810530","0.0625"
"2046810530","2032930477","0.0625"
"2032930477","2056844217","3.71073"
"2056844217","2032930477","3.71073"
"2032930477","2090588614","2.26073"
"2090588614","2032930477","2.26073"
"2032930477","2121432589","0.0625"
"2121432589","2032930477","0.0625"
"2032930477","2142451220","0.0625"
"2142451220","2032930477","0.0625"
"2032930477","2147337497","0.0625"
"2147337497","2032930477","0.0625"
"2032930477","3572470","0.469066"
"3572470","2032930477","0.469066"
"2032930477","70850348","0.0625"
"70850348","2032930477","0.0625"
"2046810530","2056844217","0.0625"
"2056844217","2046810530","0.0625"
"2046810530","2090588614","0.597854"
"2090588614","2046810530","0.597854"
"2046810530","2121432589","0.0625"
"2121432589","2046810530","0.0625"
"2046810530","2142451220","0.0625"
"2142451220","2046810530","0.0625"
"2046810530","2147337497","0.0625"
"2147337497","2046810530","0.0625"
"2046810530","70850348","0.0625"
"70850348","2046810530","0.0625"
"2056844217","2121432589","0.2625"
"2121432589","2056844217","0.2625"
"2056844217","2142451220","0.0625"
"2142451220","2056844217","0.0625"
"2056844217","2147337497","0.0625"
"2147337497","2056844217","0.0625"
"2056844217","3572470","0.469066"
"3572470","2056844217","0.469066"
"2056844217","70850348","0.0625"
"70850348","2056844217","0.0625"
"2090588614","2121432589","1.2625"
"2121432589","2090588614","1.2625"
"2090588614","2142451220","0.0625"
"2142451220","2090588614","0.0625"
"2090588614","2147337497","0.395833"
"2147337497","2090588614","0.395833"
"2090588614","70850348","0.0625"
"70850348","2090588614","0.0625"
"2121432589","2142451220","0.0625"
"2142451220","2121432589","0.0625"
"2121432589","2147337497","0.0625"
"2147337497","2121432589","0.0625"
"2121432589","3572470","0.929167"
"3572470","2121432589","0.929167"
"2121432589","70850348","0.0625"
"70850348","2121432589","0.0625"
"2142451220","2147337497","0.0625"
"2147337497","2142451220","0.0625"
"2142451220","3572470","0.0625"
"3572470","2142451220","0.0625"
"2142451220","70850348","0.0625"
"70850348","2142451220","0.0625"
"2147337497","3572470","0.0625"
"3572470","2147337497","0.0625"
"2147337497","70850348","0.0625"
"70850348","2147337497","0.0625"
"3572470","70850348","0.0625"
"70850348","3572470","0.0625"
"114612135","1481393051","0.145455"
"1481393051","114612135","0.145455"
"114612135","1484763542","0.0454545"
"1484763542","114612135","0.0454545"
"114612135","1521566809","0.0454545"
"1521566809","114612135","0.0454545"
"114612135","1573392362","0.0454545"
"1573392362","114612135","0.0454545"
"114612135","1592649017","0.0454545"
"1592649017","114612135","0.0454545"
"114612135","1833039386","0.0454545"
"1833039386","114612135","0.0454545"
"114612135","2019275785","0.0454545"
"2019275785","114612135","0.0454545"
"114612135","2025163386","0.145455"
"2025163386","114612135","0.145455"
"114612135","2085423519","0.0454545"
"2085423519","114612135","0.0454545"
"114612135","2107155128","0.170455"
"2107155128","114612135","0.170455"
"114612135","2116898524","0.145455"
"2116898524","114612135","0.145455"
"114612135","2145063847","0.0454545"
"2145063847","114612135","0.0454545"
"1481393051","1484763542","0.0454545"
"1484763542","1481393051","0.0454545"
"1481393051","1521566809","0.0454545"
"1521566809","1481393051","0.0454545"
"1481393051","1573392362","0.0454545"
"1573392362","1481393051","0.0454545"
"1481393051","1592649017","0.0454545"
"1592649017","1481393051","0.0454545"
"1481393051","1608278265","0.0454545"
"1608278265","1481393051","0.0454545"
"1481393051","1826971838","0.145455"
"1826971838","1481393051","0.145455"
"1481393051","1833039386","0.0454545"
"1833039386","1481393051","0.0454545"
"1481393051","1965933925","0.0454545"
"1965933925","1481393051","0.0454545"
"1481393051","2019275785","0.0454545"
"2019275785","1481393051","0.0454545"
"1481393051","2025163386","0.145455"
"2025163386","1481393051","0.145455"
"1481393051","2026583582","0.145455"
"2026583582","1481393051","0.145455"
"1481393051","2032930477","0.0454545"
"2032930477","1481393051","0.0454545"
"1481393051","2034635672","0.0454545"
"2034635672","1481393051","0.0454545"
"1481393051","2056844217","0.0454545"
"2056844217","1481393051","0.0454545"
"1481393051","2085423519","0.0454545"
"2085423519","1481393051","0.0454545"
"1481393051","2090588614","0.0454545"
"2090588614","1481393051","0.0454545"
"1481393051","2107155128","0.0454545"
"2107155128","1481393051","0.0454545"
"1481393051","2116898524","0.145455"
"2116898524","1481393051","0.145455"
"1481393051","2127996664","0.145455"
"2127996664","1481393051","0.145455"
"1481393051","2145063847","0.0454545"
"2145063847","1481393051","0.0454545"
"1481393051","3572470","0.145455"
"3572470","1481393051","0.145455"
"1484763542","1521566809","0.0454545"
"1521566809","1484763542","0.0454545"
"1484763542","1573392362","0.0454545"
"1573392362","1484763542","0.0454545"
"1484763542","1592649017","0.0454545"
"1592649017","1484763542","0.0454545"
"1484763542","1608278265","0.0454545"
"1608278265","1484763542","0.0454545"
"1484763542","1826971838","0.0454545"
"1826971838","1484763542","0.0454545"
"1484763542","1833039386","0.0454545"
"1833039386","1484763542","0.0454545"
"1484763542","1965933925","0.0454545"
"1965933925","1484763542","0.0454545"
"1484763542","2019275785","0.0454545"
"2019275785","1484763542","0.0454545"
"1484763542","2025163386","0.0454545"
"2025163386","1484763542","0.0454545"
"1484763542","2026583582","0.0454545"
"2026583582","1484763542","0.0454545"
"1484763542","2032930477","0.295455"
"2032930477","1484763542","0.295455"
"1484763542","2034635672","0.0454545"
"2034635672","1484763542","0.0454545"
"1484763542","2056844217","2.29545"
"2056844217","1484763542","2.29545"
"1484763542","2085423519","0.0454545"
"2085423519","1484763542","0.0454545"
"1484763542","2090588614","0.0454545"
"2090588614","1484763542","0.0454545"
"1484763542","2107155128","0.0454545"
"2107155128","1484763542","0.0454545"
"1484763542","2116898524","0.0454545"
"2116898524","1484763542","0.0454545"
"1484763542","2127996664","0.0454545"
"2127996664","1484763542","0.0454545"
"1484763542","2145063847","0.0454545"
"2145063847","1484763542","0.0454545"
"1484763542","3572470","0.295455"
"3572470","1484763542","0.295455"
"1521566809","1573392362","0.0454545"
"1573392362","1521566809","0.0454545"
"1521566809","1592649017","0.0454545"
"1592649017","1521566809","0.0454545"
"1521566809","1608278265","0.0454545"
"1608278265","1521566809","0.0454545"
"1521566809","1826971838","0.0454545"
"1826971838","1521566809","0.0454545"
"1521566809","1833039386","0.0454545"
"1833039386","1521566809","0.0454545"
"1521566809","1965933925","0.0454545"
"1965933925","1521566809","0.0454545"
"1521566809","2019275785","0.0454545"
"2019275785","1521566809","0.0454545"
"1521566809","2025163386","0.0454545"
"2025163386","1521566809","0.0454545"
"1521566809","2026583582","0.0454545"
"2026583582","1521566809","0.0454545"
"1521566809","2032930477","0.0454545"
"2032930477","1521566809","0.0454545"
"1521566809","2034635672","0.0454545"
"2034635672","1521566809","0.0454545"
"1521566809","2056844217","0.0454545"
"2056844217","1521566809","0.0454545"
"1521566809","2085423519","0.0454545"
"2085423519","1521566809","0.0454545"
"1521566809","2090588614","0.0454545"
"2090588614","1521566809","0.0454545"
"1521566809","2107155128","0.0454545"
"2107155128","1521566809","0.0454545"
"1521566809","2116898524","0.0454545"
"2116898524","1521566809","0.0454545"
"1521566809","2127996664","0.0454545"
"2127996664","1521566809","0.0454545"
"1521566809","2145063847","0.0454545"
"2145063847","1521566809","0.0454545"
"1521566809","3572470","0.0454545"
"3572470","1521566809","0.0454545"
"1573392362","1592649017","0.0454545"
"1592649017","1573392362","0.0454545"
"1573392362","1608278265","0.0454545"
"1608278265","1573392362","0.0454545"
"1573392362","1826971838","0.0454545"
"1826971838","1573392362","0.0454545"
"1573392362","1833039386","0.0454545"
"1833039386","1573392362","0.0454545"
"1573392362","1965933925","0.0454545"
"1965933925","1573392362","0.0454545"
"1573392362","2019275785","0.0454545"
"2019275785","1573392362","0.0454545"
"1573392362","2025163386","0.0454545"
"2025163386","1573392362","0.0454545"
"1573392362","2026583582","0.0454545"
"2026583582","1573392362","0.0454545"
"1573392362","2032930477","0.0454545"
"2032930477","1573392362","0.0454545"
"1573392362","2034635672","0.0454545"
"2034635672","1573392362","0.0454545"
"1573392362","2056844217","0.0454545"
"2056844217","1573392362","0.0454545"
"1573392362","2085423519","0.0454545"
"2085423519","1573392362","0.0454545"
"1573392362","2090588614","0.0454545"
"2090588614","1573392362","0.0454545"
"1573392362","2107155128","0.0454545"
"2107155128","1573392362","0.0454545"
"1573392362","2116898524","0.0454545"
"2116898524","1573392362","0.0454545"
"1573392362","2127996664","0.0454545"
"2127996664","1573392362","0.0454545"
"1573392362","2145063847","0.0454545"
"2145063847","1573392362","0.0454545"
"1573392362","3572470","0.0454545"
"3572470","1573392362","0.0454545"
"1592649017","1608278265","0.188312"
"1608278265","1592649017","0.188312"
"1592649017","1826971838","0.0454545"
"1826971838","1592649017","0.0454545"
"1592649017","1833039386","0.188312"
"1833039386","1592649017","0.188312"
"1592649017","1965933925","0.0454545"
"1965933925","1592649017","0.0454545"
"1592649017","2019275785","0.0454545"
"2019275785","1592649017","0.0454545"
"1592649017","2025163386","0.188312"
"2025163386","1592649017","0.188312"
"1592649017","2026583582","0.0454545"
"2026583582","1592649017","0.0454545"
"1592649017","2032930477","0.0454545"
"2032930477","1592649017","0.0454545"
"1592649017","2034635672","0.0454545"
"2034635672","1592649017","0.0454545"
"1592649017","2056844217","0.0454545"
"2056844217","1592649017","0.0454545"
"1592649017","2085423519","0.0454545"
"2085423519","1592649017","0.0454545"
"1592649017","2090588614","0.188312"
"2090588614","1592649017","0.188312"
"1592649017","2107155128","0.0454545"
"2107155128","1592649017","0.0454545"
"1592649017","2116898524","0.188312"
"2116898524","1592649017","0.188312"
"1592649017","2127996664","0.188312"
"2127996664","1592649017","0.188312"
"1592649017","2145063847","0.0454545"
"2145063847","1592649017","0.0454545"
"1592649017","3572470","0.188312"
"3572470","1592649017","0.188312"
"1608278265","1826971838","1.29545"
"1826971838","1608278265","1.29545"
"1608278265","1833039386","0.688312"
"1833039386","1608278265","0.688312"
"1608278265","2019275785","0.0454545"
"2019275785","1608278265","0.0454545"
"1608278265","2025163386","0.188312"
"2025163386","1608278265","0.188312"
"1608278265","2034635672","0.0454545"
"2034635672","1608278265","0.0454545"
"1608278265","2085423519","0.412121"
"2085423519","1608278265","0.412121"
"1608278265","2107155128","0.337121"
"2107155128","1608278265","0.337121"
"1608278265","2116898524","0.554978"
"2116898524","1608278265","0.554978"
"1608278265","2145063847","0.545455"
"2145063847","1608278265","0.545455"
"1826971838","1833039386","0.0454545"
"1833039386","1826971838","0.0454545"
"1826971838","1965933925","1.74545"
"1965933925","1826971838","1.74545"
"1826971838","2019275785","0.0454545"
"2019275785","1826971838","0.0454545"
"1826971838","2025163386","0.145455"
"2025163386","1826971838","0.145455"
"1826971838","2026583582","0.286364"
"2026583582","1826971838","0.286364"
"1826971838","2032930477","0.295455"
"2032930477","1826971838","0.295455"
"1826971838","2034635672","0.186364"
"2034635672","1826971838","0.186364"
"1826971838","2056844217","0.0454545"
"2056844217","1826971838","0.0454545"
"1826971838","2085423519","0.0454545"
"2085423519","1826971838","0.0454545"
"1826971838","2090588614","0.386364"
"2090588614","1826971838","0.386364"
"1826971838","2107155128","0.636364"
"2107155128","1826971838","0.636364"
"1826971838","2116898524","0.686364"
"2116898524","1826971838","0.686364"
"1826971838","2127996664","3.64545"
"2127996664","1826971838","3.64545"
"1826971838","2145063847","0.0454545"
"2145063847","1826971838","0.0454545"
"1833039386","1965933925","0.0454545"
"1965933925","1833039386","0.0454545"
"1833039386","2019275785","0.0454545"
"2019275785","1833039386","0.0454545"
"1833039386","2025163386","0.188312"
"2025163386","1833039386","0.188312"
"1833039386","2026583582","0.0454545"
"2026583582","1833039386","0.0454545"
"1833039386","2032930477","0.0454545"
"2032930477","1833039386","0.0454545"
"1833039386","2034635672","0.0454545"
"2034635672","1833039386","0.0454545"
"1833039386","2056844217","0.0454545"
"2056844217","1833039386","0.0454545"
"1833039386","2085423519","0.0454545"
"2085423519","1833039386","0.0454545"
"1833039386","2090588614","0.188312"
"2090588614","1833039386","0.188312"
"1833039386","2107155128","0.0454545"
"2107155128","1833039386","0.0454545"
"1833039386","2116898524","0.188312"
"2116898524","1833039386","0.188312"
"1833039386","2127996664","0.188312"
"2127996664","1833039386","0.188312"
"1833039386","2145063847","0.545455"
"2145063847","1833039386","0.545455"
"1833039386","3572470","0.188312"
"3572470","1833039386","0.188312"
"1965933925","2019275785","0.0454545"
"2019275785","1965933925","0.0454545"
"1965933925","2025163386","0.0454545"
"2025163386","1965933925","0.0454545"
"1965933925","2034635672","0.0454545"
"2034635672","1965933925","0.0454545"
"1965933925","2085423519","0.412121"
"2085423519","1965933925","0.412121"
"1965933925","2107155128","0.212121"
"2107155128","1965933925","0.212121"
"1965933925","2116898524","0.862121"
"2116898524","1965933925","0.862121"
"1965933925","2145063847","0.0454545"
"2145063847","1965933925","0.0454545"
"2019275785","2025163386","0.0454545"
"2025163386","2019275785","0.0454545"
"2019275785","2026583582","0.0454545"
"2026583582","2019275785","0.0454545"
"2019275785","2032930477","0.0454545"
"2032930477","2019275785","0.0454545"
"2019275785","2034635672","0.0454545"
"2034635672","2019275785","0.0454545"
"2019275785","2056844217","0.0454545"
"2056844217","2019275785","0.0454545"
"2019275785","2085423519","0.0454545"
"2085423519","2019275785","0.0454545"
"2019275785","2090588614","0.0454545"
"2090588614","2019275785","0.0454545"
"2019275785","2107155128","0.0454545"
"2107155128","2019275785","0.0454545"
"2019275785","2116898524","0.0454545"
"2116898524","2019275785","0.0454545"
"2019275785","2127996664","0.0454545"
"2127996664","2019275785","0.0454545"
"2019275785","2145063847","0.0454545"
"2145063847","2019275785","0.0454545"
"2019275785","3572470","0.0454545"
"3572470","2019275785","0.0454545"
"2025163386","2026583582","0.145455"
"2026583582","2025163386","0.145455"
"2025163386","2032930477","0.0454545"
"2032930477","2025163386","0.0454545"
"2025163386","2034635672","0.0454545"
"2034635672","2025163386","0.0454545"
"2025163386","2056844217","0.0454545"
"2056844217","2025163386","0.0454545"
"2025163386","2085423519","0.0454545"
"2085423519","2025163386","0.0454545"
"2025163386","2090588614","0.188312"
"2090588614","2025163386","0.188312"
"2025163386","2107155128","0.0454545"
"2107155128","2025163386","0.0454545"
"2025163386","2116898524","0.288312"
"2116898524","2025163386","0.288312"
"2025163386","2127996664","0.288312"
"2127996664","2025163386","0.288312"
"2025163386","2145063847","0.0454545"
"2145063847","2025163386","0.0454545"
"2025163386","3572470","0.288312"
"3572470","2025163386","0.288312"
"2026583582","2085423519","0.212121"
"2085423519","2026583582","0.212121"
"2026583582","2107155128","0.30303"
"2107155128","2026583582","0.30303"
"2026583582","2116898524","0.40303"
"2116898524","2026583582","0.40303"
"2026583582","2145063847","0.0454545"
"2145063847","2026583582","0.0454545"
"2032930477","2034635672","0.0454545"
"2034635672","2032930477","0.0454545"
