"127837312","1541694637","0.755952"
"1541694637","127837312","0.755952"
"127837312","182350721","0.750595"
"182350721","127837312","0.750595"
"127837312","2011482263","1.45595"
"2011482263","127837312","1.45595"
"127837312","2132337704","0.813095"
"2132337704","127837312","0.813095"
"1541694637","182350721","1.46131"
"182350721","1541694637","1.46131"
"1541694637","2011482263","0.89881"
"2011482263","1541694637","0.89881"
"1541694637","2132337704","2.05714"
"2132337704","1541694637","2.05714"
"182350721","2011482263","0.750595"
"2011482263","182350721","0.750595"
"182350721","2132337704","3.93512"
"2132337704","182350721","3.93512"
"2011482263","2132337704","0.955952"
"2132337704","2011482263","0.955952"
"127837312","2007465845","0.166667"
"2007465845","127837312","0.166667"
"127837312","2008574697","0.229167"
"2008574697","127837312","0.229167"
"127837312","2041260878","0.229167"
"2041260878","127837312","0.229167"
"127837312","25045882","0.229167"
"25045882","127837312","0.229167"
"127837312","2612593931","0.166667"
"2612593931","127837312","0.166667"
"2007465845","2008574697","0.668687"
"2008574697","2007465845","0.668687"
"2007465845","2011482263","0.166667"
"2011482263","2007465845","0.166667"
"2007465845","2041260878","0.846465"
"2041260878","2007465845","0.846465"
"2007465845","25045882","0.366667"
"25045882","2007465845","0.366667"
"2007465845","2612593931","1.83932"
"2612593931","2007465845","1.83932"
"2008574697","2011482263","0.229167"
"2011482263","2008574697","0.229167"
"2008574697","2041260878","1.53119"
"2041260878","2008574697","1.53119"
"2008574697","25045882","7.31786"
"25045882","2008574697","7.31786"
"2008574697","2612593931","0.468687"
"2612593931","2008574697","0.468687"
"2011482263","2041260878","0.229167"
"2041260878","2011482263","0.229167"
"2011482263","25045882","0.229167"
"25045882","2011482263","0.229167"
"2011482263","2612593931","0.166667"
"2612593931","2011482263","0.166667"
"2041260878","25045882","1.32917"
"25045882","2041260878","1.32917"
"2041260878","2612593931","0.846465"
"2612593931","2041260878","0.846465"
"25045882","2612593931","0.366667"
"2612593931","25045882","0.366667"
"127837312","1993223663","0.133929"
"1993223663","127837312","0.133929"
"127837312","2009803366","0.672619"
"2009803366","127837312","0.672619"
"127837312","2013489329","0.196429"
"2013489329","127837312","0.196429"
"127837312","2013738217","0.133929"
"2013738217","127837312","0.133929"
"127837312","2021760121","0.214286"
"2021760121","127837312","0.214286"
"127837312","2040646018","0.214286"
"2040646018","127837312","0.214286"
"127837312","2161662762","0.0714286"
"2161662762","127837312","0.0714286"
"127837312","2163529501","0.133929"
"2163529501","127837312","0.133929"
"127837312","2166331011","0.643452"
"2166331011","127837312","0.643452"
"127837312","2911240772","1.03929"
"2911240772","127837312","1.03929"
"1541694637","1993223663","0.544643"
"1993223663","1541694637","0.544643"
"1541694637","2009803366","4.42381"
"2009803366","1541694637","4.42381"
"1541694637","2013489329","0.196429"
"2013489329","1541694637","0.196429"
"1541694637","2013738217","0.633929"
"2013738217","1541694637","0.633929"
"1541694637","2021760121","0.357143"
"2021760121","1541694637","0.357143"
"1541694637","2040646018","0.357143"
"2040646018","1541694637","0.357143"
"1541694637","2161662762","0.0714286"
"2161662762","1541694637","0.0714286"
"1541694637","2163529501","0.401786"
"2163529501","1541694637","0.401786"
"1541694637","2166331011","2.1375"
"2166331011","1541694637","2.1375"
"1541694637","2911240772","2.15"
"2911240772","1541694637","2.15"
"182350721","1993223663","0.401786"
"1993223663","182350721","0.401786"
"182350721","2009803366","2.31845"
"2009803366","182350721","2.31845"
"182350721","2013489329","0.133929"
"2013489329","182350721","0.133929"
"182350721","2013738217","2.96726"
"2013738217","182350721","2.96726"
"182350721","2021760121","0.214286"
"2021760121","182350721","0.214286"
"182350721","2040646018","0.0714286"
"2040646018","182350721","0.0714286"
"182350721","2161662762","0.0714286"
"2161662762","182350721","0.0714286"
"182350721","2163529501","0.401786"
"2163529501","182350721","0.401786"
"182350721","2166331011","2.37262"
"2166331011","182350721","2.37262"
"182350721","2911240772","4.82798"
"2911240772","182350721","4.82798"
"1993223663","2009803366","1.14121"
"2009803366","1993223663","1.14121"
"1993223663","2011482263","0.276786"
"2011482263","1993223663","0.276786"
"1993223663","2013489329","0.296429"
"2013489329","1993223663","0.296429"
"1993223663","2013738217","0.210852"
"2013738217","1993223663","0.210852"
"1993223663","2021760121","0.0714286"
"2021760121","1993223663","0.0714286"
"1993223663","2040646018","0.353709"
"2040646018","1993223663","0.353709"
"1993223663","2132337704","0.641209"
"2132337704","1993223663","0.641209"
"1993223663","2161662762","0.133929"
"2161662762","1993223663","0.133929"
"1993223663","2163529501","1.14121"
"2163529501","1993223663","1.14121"
"1993223663","2166331011","0.621566"
"2166331011","1993223663","0.621566"
"1993223663","2911240772","0.974542"
"2911240772","1993223663","0.974542"
"2009803366","2011482263","0.672619"
"2011482263","2009803366","0.672619"
"2009803366","2013489329","1.10179"
"2013489329","2009803366","1.10179"
"2009803366","2013738217","2.38704"
"2013738217","2009803366","2.38704"
"2009803366","2021760121","0.214286"
"2021760121","2009803366","0.214286"
"2009803366","2040646018","0.496566"
"2040646018","2009803366","0.496566"
"2009803366","2132337704","8.49303"
"2132337704","2009803366","8.49303"
"2009803366","2161662762","0.476786"
"2161662762","2009803366","0.476786"
"2009803366","2163529501","1.48407"
"2163529501","2009803366","1.48407"
"2009803366","2166331011","9.2218"
"2166331011","2009803366","9.2218"
"2009803366","2911240772","14.7454"
"2911240772","2009803366","14.7454"
"2011482263","2013489329","0.196429"
"2013489329","2011482263","0.196429"
"2011482263","2013738217","0.133929"
"2013738217","2011482263","0.133929"
"2011482263","2021760121","0.214286"
"2021760121","2011482263","0.214286"
"2011482263","2040646018","0.357143"
"2040646018","2011482263","0.357143"
"2011482263","2161662762","0.0714286"
"2161662762","2011482263","0.0714286"
"2011482263","2163529501","0.133929"
"2163529501","2011482263","0.133929"
"2011482263","2166331011","0.78631"
"2166331011","2011482263","0.78631"
"2011482263","2911240772","2.03929"
"2911240772","2011482263","2.03929"
"2013489329","2013738217","0.133929"
"2013738217","2013489329","0.133929"
"2013489329","2021760121","0.0714286"
"2021760121","2013489329","0.0714286"
"2013489329","2040646018","0.133929"
"2040646018","2013489329","0.133929"
"2013489329","2132337704","1.20179"
"2132337704","2013489329","1.20179"
"2013489329","2161662762","0.133929"
"2161662762","2013489329","0.133929"
"2013489329","2163529501","0.296429"
"2163529501","2013489329","0.296429"
"2013489329","2166331011","0.196429"
"2166331011","2013489329","0.196429"
"2013489329","2911240772","0.851786"
"2911240772","2013489329","0.851786"
"2013738217","2021760121","0.0714286"
"2021760121","2013738217","0.0714286"
"2013738217","2040646018","0.148352"
"2040646018","2013738217","0.148352"
"2013738217","2132337704","0.544185"
"2132337704","2013738217","0.544185"
"2013738217","2161662762","0.0714286"
"2161662762","2013738217","0.0714286"
"2013738217","2163529501","0.553709"
"2163529501","2013738217","0.553709"
"2013738217","2166331011","0.491209"
"2166331011","2013738217","0.491209"
"2013738217","2911240772","0.210852"
"2911240772","2013738217","0.210852"
"2021760121","2040646018","0.339286"
"2040646018","2021760121","0.339286"
"2021760121","2132337704","0.672619"
"2132337704","2021760121","0.672619"
"2021760121","2161662762","1.9381"
"2161662762","2021760121","1.9381"
"2021760121","2163529501","0.0714286"
"2163529501","2021760121","0.0714286"
"2021760121","2166331011","1.50595"
"2166331011","2021760121","1.50595"
"2021760121","2911240772","0.357143"
"2911240772","2021760121","0.357143"
"2040646018","2132337704","0.932677"
"2132337704","2040646018","0.932677"
"2040646018","2161662762","2.00456"
"2161662762","2040646018","2.00456"
"2040646018","2163529501","0.210852"
"2163529501","2040646018","0.210852"
"2040646018","2166331011","3.4422"
"2166331011","2040646018","3.4422"
"2040646018","2911240772","0.696566"
"2911240772","2040646018","0.696566"
"2132337704","2161662762","0.72123"
"2161662762","2132337704","0.72123"
"2132337704","2163529501","0.498352"
"2163529501","2132337704","0.498352"
"2132337704","2166331011","11.1722"
"2166331011","2132337704","11.1722"
"2132337704","2911240772","14.6192"
"2911240772","2132337704","14.6192"
"2161662762","2163529501","0.133929"
"2163529501","2161662762","0.133929"
"2161662762","2166331011","5.02956"
"2166331011","2161662762","5.02956"
"2161662762","2911240772","0.276786"
"2911240772","2161662762","0.276786"
"2163529501","2166331011","0.821566"
"2166331011","2163529501","0.821566"
"2163529501","2911240772","0.641209"
"2911240772","2163529501","0.641209"
"2166331011","2911240772","20.9123"
"2911240772","2166331011","20.9123"
"127837312","1977011589","0.125"
"1977011589","127837312","0.125"
"127837312","1980403253","0.125"
"1980403253","127837312","0.125"
"127837312","1984314754","0.0625"
"1984314754","127837312","0.0625"
"127837312","2091025452","0.125"
"2091025452","127837312","0.125"
"127837312","2140036914","0.0625"
"2140036914","127837312","0.0625"
"127837312","48260184","0.125"
"48260184","127837312","0.125"
"1541694637","1977011589","0.325"
"1977011589","1541694637","0.325"
"1541694637","1980403253","0.267857"
"1980403253","1541694637","0.267857"
"1541694637","1984314754","0.0625"
"1984314754","1541694637","0.0625"
"1541694637","2008574697","0.2625"
"2008574697","1541694637","0.2625"
"1541694637","2041260878","0.0625"
"2041260878","1541694637","0.0625"
"1541694637","2091025452","0.458333"
"2091025452","1541694637","0.458333"
"1541694637","2140036914","0.0625"
"2140036914","1541694637","0.0625"
"1541694637","25045882","0.2625"
"25045882","1541694637","0.2625"
"1541694637","48260184","0.125"
"48260184","1541694637","0.125"
"1977011589","1980403253","0.201923"
"1980403253","1977011589","0.201923"
"1977011589","1984314754","0.139423"
"1984314754","1977011589","0.139423"
"1977011589","2008574697","0.82702"
"2008574697","1977011589","0.82702"
"1977011589","2009803366","2.26089"
"2009803366","1977011589","2.26089"
"1977011589","2011482263","0.125"
"2011482263","1977011589","0.125"
"1977011589","2013489329","0.8375"
"2013489329","1977011589","0.8375"
"1977011589","2041260878","0.475631"
"2041260878","1977011589","0.475631"
"1977011589","2091025452","0.236111"
"2091025452","1977011589","0.236111"
"1977011589","2132337704","1.46089"
"2132337704","1977011589","1.46089"
"1977011589","2140036914","0.139423"
"2140036914","1977011589","0.139423"
"1977011589","2166331011","0.603943"
"2166331011","1977011589","0.603943"
"1977011589","25045882","0.525"
"25045882","1977011589","0.525"
"1977011589","2911240772","1.56089"
"2911240772","1977011589","1.56089"
"1977011589","48260184","0.464423"
"48260184","1977011589","0.464423"
"1980403253","1984314754","0.389423"
"1984314754","1980403253","0.389423"
"1980403253","2008574697","0.0625"
"2008574697","1980403253","0.0625"
"1980403253","2009803366","0.301923"
"2009803366","1980403253","0.301923"
"1980403253","2011482263","0.267857"
"2011482263","1980403253","0.267857"
"1980403253","2013489329","0.125"
"2013489329","1980403253","0.125"
"1980403253","2041260878","0.1625"
"2041260878","1980403253","0.1625"
"1980403253","2091025452","0.125"
"2091025452","1980403253","0.125"
"1980403253","2132337704","0.69478"
"2132337704","1980403253","0.69478"
"1980403253","2140036914","0.389423"
"2140036914","1980403253","0.389423"
"1980403253","2166331011","1.03228"
"2166331011","1980403253","1.03228"
"1980403253","25045882","0.0625"
"25045882","1980403253","0.0625"
"1980403253","2911240772","0.301923"
"2911240772","1980403253","0.301923"
"1980403253","48260184","0.201923"
"48260184","1980403253","0.201923"
"1984314754","2008574697","0.0625"
"2008574697","1984314754","0.0625"
"1984314754","2009803366","0.28228"
"2009803366","1984314754","0.28228"
"1984314754","2011482263","0.0625"
"2011482263","1984314754","0.0625"
"1984314754","2013489329","0.205357"
"2013489329","1984314754","0.205357"
"1984314754","2041260878","0.0625"
"2041260878","1984314754","0.0625"
"1984314754","2091025452","0.2625"
"2091025452","1984314754","0.2625"
"1984314754","2132337704","1.44061"
"2132337704","1984314754","1.44061"
"1984314754","2140036914","0.514423"
"2140036914","1984314754","0.514423"
"1984314754","2166331011","1.54776"
"2166331011","1984314754","1.54776"
"1984314754","25045882","0.0625"
"25045882","1984314754","0.0625"
"1984314754","2911240772","1.06561"
"2911240772","1984314754","1.06561"
"1984314754","48260184","0.139423"
"48260184","1984314754","0.139423"
"2008574697","2009803366","1.35321"
"2009803366","2008574697","1.35321"
"2008574697","2013489329","0.425"
"2013489329","2008574697","0.425"
"2008574697","2091025452","0.0625"
"2091025452","2008574697","0.0625"
"2008574697","2132337704","0.52702"
"2132337704","2008574697","0.52702"
"2008574697","2140036914","0.0625"
"2140036914","2008574697","0.0625"
"2008574697","2166331011","0.469877"
"2166331011","2008574697","0.469877"
"2008574697","2911240772","1.54369"
"2911240772","2008574697","1.54369"
"2008574697","48260184","0.267857"
"48260184","2008574697","0.267857"
"2009803366","2041260878","2.03516"
"2041260878","2009803366","2.03516"
"2009803366","2091025452","0.569444"
"2091025452","2009803366","0.569444"
"2009803366","2140036914","0.139423"
"2140036914","2009803366","0.139423"
"2009803366","25045882","2.25119"
"25045882","2009803366","2.25119"
"2009803366","48260184","0.60728"
"48260184","2009803366","0.60728"
"2011482263","2091025452","0.125"
"2091025452","2011482263","0.125"
"2011482263","2140036914","0.0625"
"2140036914","2011482263","0.0625"
"2011482263","48260184","0.125"
"48260184","2011482263","0.125"
"2013489329","2041260878","0.1625"
"2041260878","2013489329","0.1625"
"2013489329","2091025452","0.125"
"2091025452","2013489329","0.125"
"2013489329","2140036914","0.0625"
"2140036914","2013489329","0.0625"
"2013489329","25045882","0.325"
"25045882","2013489329","0.325"
"2013489329","48260184","0.1875"
"48260184","2013489329","0.1875"
"2041260878","2091025452","0.173611"
"2091025452","2041260878","0.173611"
"2041260878","2132337704","1.06849"
"2132337704","2041260878","1.06849"
"2041260878","2140036914","0.229167"
"2140036914","2041260878","0.229167"
"2041260878","2166331011","1.89071"
"2166331011","2041260878","1.89071"
"2041260878","2911240772","1.83516"
"2911240772","2041260878","1.83516"
"2041260878","48260184","0.0625"
"48260184","2041260878","0.0625"
"2091025452","2132337704","0.236111"
"2132337704","2091025452","0.236111"
"2091025452","2140036914","0.0625"
"2140036914","2091025452","0.0625"
"2091025452","2166331011","1.52083"
"2166331011","2091025452","1.52083"
"2091025452","25045882","0.0625"
"25045882","2091025452","0.0625"
"2091025452","2911240772","0.736111"
"2911240772","2091025452","0.736111"
"2091025452","48260184","0.125"
"48260184","2091025452","0.125"
"2132337704","2140036914","0.625534"
"2140036914","2132337704","0.625534"
"2132337704","25045882","0.225"
"25045882","2132337704","0.225"
"2132337704","48260184","0.264423"
"48260184","2132337704","0.264423"
"2140036914","2166331011","2.0422"
"2166331011","2140036914","2.0422"
"2140036914","25045882","0.0625"
"25045882","2140036914","0.0625"
"2140036914","2911240772","0.139423"
"2911240772","2140036914","0.139423"
"2140036914","48260184","0.139423"
"48260184","2140036914","0.139423"
"2166331011","25045882","0.267857"
"25045882","2166331011","0.267857"
"2166331011","48260184","0.54478"
"48260184","2166331011","0.54478"
"25045882","2911240772","1.10833"
"2911240772","25045882","1.10833"
"25045882","48260184","0.267857"
"48260184","25045882","0.267857"
"2911240772","48260184","0.264423"
"48260184","2911240772","0.264423"
"127837312","1604884963","0.0625"
"1604884963","127837312","0.0625"
"127837312","1915921740","0.0625"
"1915921740","127837312","0.0625"
"1541694637","1604884963","0.0625"
"1604884963","1541694637","0.0625"
"1541694637","1915921740","0.673214"
"1915921740","1541694637","0.673214"
"1604884963","182350721","0.0625"
"182350721","1604884963","0.0625"
"1604884963","1915921740","0.173611"
"1915921740","1604884963","0.173611"
"1604884963","1977011589","0.0625"
"1977011589","1604884963","0.0625"
"1604884963","1980403253","0.8125"
"1980403253","1604884963","0.8125"
"1604884963","1993223663","0.0625"
"1993223663","1604884963","0.0625"
"1604884963","2009803366","0.0625"
"2009803366","1604884963","0.0625"
"1604884963","2011482263","0.0625"
"2011482263","1604884963","0.0625"
"1604884963","2013489329","0.0625"
"2013489329","1604884963","0.0625"
"1604884963","2013738217","0.0625"
"2013738217","1604884963","0.0625"
"1604884963","2091025452","0.0625"
"2091025452","1604884963","0.0625"
"1604884963","2132337704","0.548611"
"2132337704","1604884963","0.548611"
"1604884963","2163529501","0.0625"
"2163529501","1604884963","0.0625"
"1604884963","2911240772","0.0625"
"2911240772","1604884963","0.0625"
"1604884963","48260184","0.0625"
"48260184","1604884963","0.0625"
"182350721","1915921740","0.830357"
"1915921740","182350721","0.830357"
"182350721","1977011589","0.0625"
"1977011589","182350721","0.0625"
"182350721","1980403253","0.0625"
"1980403253","182350721","0.0625"
"182350721","2091025452","0.0625"
"2091025452","182350721","0.0625"
"182350721","48260184","0.0625"
"48260184","182350721","0.0625"
"1915921740","1977011589","0.601923"
"1977011589","1915921740","0.601923"
"1915921740","1980403253","0.28228"
"1980403253","1915921740","0.28228"
"1915921740","1993223663","1.04597"
"1993223663","1915921740","1.04597"
"1915921740","2009803366","5.40549"
"2009803366","1915921740","5.40549"
"1915921740","2011482263","0.205357"
"2011482263","1915921740","0.205357"
"1915921740","2013489329","0.667857"
"2013489329","1915921740","0.667857"
"1915921740","2013738217","0.139423"
"2013738217","1915921740","0.139423"
"1915921740","2091025452","0.2625"
"2091025452","1915921740","0.2625"
"1915921740","2132337704","2.89994"
"2132337704","1915921740","2.89994"
"1915921740","2163529501","0.56978"
"2163529501","1915921740","0.56978"
"1915921740","2911240772","2.27216"
"2911240772","1915921740","2.27216"
"1915921740","48260184","0.201923"
"48260184","1915921740","0.201923"
"1977011589","1993223663","0.301923"
"1993223663","1977011589","0.301923"
"1977011589","2013738217","0.839423"
"2013738217","1977011589","0.839423"
"1977011589","2163529501","0.501923"
"2163529501","1977011589","0.501923"
"1980403253","1993223663","0.28228"
"1993223663","1980403253","0.28228"
"1980403253","2013738217","0.139423"
"2013738217","1980403253","0.139423"
"1980403253","2163529501","0.139423"
"2163529501","1980403253","0.139423"
"1993223663","2091025452","0.0625"
"2091025452","1993223663","0.0625"
"1993223663","48260184","0.201923"
"48260184","1993223663","0.201923"
"2013738217","2091025452","0.0625"
"2091025452","2013738217","0.0625"
"2013738217","48260184","0.48228"
"48260184","2013738217","0.48228"
"2091025452","2163529501","0.0625"
"2163529501","2091025452","0.0625"
"2163529501","48260184","0.54478"
"48260184","2163529501","0.54478"
"1915921740","2166331011","7.23744"
"2166331011","1915921740","7.23744"
"1915921740","2040646018","2.35292"
"2040646018","1915921740","2.35292"
"1980403253","2040646018","0.21978"
"2040646018","1980403253","0.21978"
"1541694637","2048107117","0.5"
"2048107117","1541694637","0.5"
"2013738217","2048107117","0.5"
"2048107117","2013738217","0.5"
"1541694637","2086080953","0.142857"
"2086080953","1541694637","0.142857"
"1541694637","2111960899","0.142857"
"2111960899","1541694637","0.142857"
"1541694637","2126398838","0.142857"
"2126398838","1541694637","0.142857"
"182350721","2086080953","0.142857"
"2086080953","182350721","0.142857"
"182350721","2111960899","0.642857"
"2111960899","182350721","0.642857"
"182350721","2126398838","0.642857"
"2126398838","182350721","0.642857"
"2021760121","2086080953","0.517857"
"2086080953","2021760121","0.517857"
"2021760121","2111960899","0.642857"
"2111960899","2021760121","0.642857"
"2021760121","2126398838","1.22619"
"2126398838","2021760121","1.22619"
"2086080953","2111960899","0.642857"
"2111960899","2086080953","0.642857"
"2086080953","2126398838","1.39286"
"2126398838","2086080953","1.39286"
"2086080953","2132337704","0.469877"
"2132337704","2086080953","0.469877"
"2086080953","2911240772","0.233766"
"2911240772","2086080953","0.233766"
"2111960899","2126398838","4.25397"
"2126398838","2111960899","4.25397"
"2111960899","2132337704","0.142857"
"2132337704","2111960899","0.142857"
"2111960899","2911240772","0.142857"
"2911240772","2111960899","0.142857"
"2126398838","2132337704","0.142857"
"2132337704","2126398838","0.142857"
"2126398838","2911240772","0.142857"
"2911240772","2126398838","0.142857"
"1604884963","1984314754","0.375"
"1984314754","1604884963","0.375"
"1604884963","2021760121","0.125"
"2021760121","1604884963","0.125"
"1604884963","2040646018","0.236111"
"2040646018","1604884963","0.236111"
"1604884963","2086080953","0.736111"
"2086080953","1604884963","0.736111"
"1604884963","2140036914","1.48611"
"2140036914","1604884963","1.48611"
"1604884963","2166331011","2.23611"
"2166331011","1604884963","2.23611"
"1604884963","2896455170","0.125"
"2896455170","1604884963","0.125"
"1984314754","2021760121","0.325"
"2021760121","1984314754","0.325"
"1984314754","2040646018","0.401923"
"2040646018","1984314754","0.401923"
"1984314754","2086080953","0.125"
"2086080953","1984314754","0.125"
"1984314754","2896455170","0.125"
"2896455170","1984314754","0.125"
"2021760121","2140036914","0.125"
"2140036914","2021760121","0.125"
"2021760121","2896455170","0.325"
"2896455170","2021760121","0.325"
"2040646018","2086080953","0.236111"
"2086080953","2040646018","0.236111"
"2040646018","2140036914","0.479701"
"2140036914","2040646018","0.479701"
"2040646018","2896455170","0.741667"
"2896455170","2040646018","0.741667"
"2086080953","2140036914","0.736111"
"2140036914","2086080953","0.736111"
"2086080953","2166331011","1.57702"
"2166331011","2086080953","1.57702"
"2086080953","2896455170","1.04167"
"2896455170","2086080953","1.04167"
"2132337704","2896455170","0.125"
"2896455170","2132337704","0.125"
"2140036914","2896455170","0.125"
"2896455170","2140036914","0.125"
"2166331011","2896455170","5.75278"
"2896455170","2166331011","5.75278"
"1604884963","2048107117","0.111111"
"2048107117","1604884963","0.111111"
"1604884963","2087261287","0.111111"
"2087261287","1604884963","0.111111"
"1604884963","2161662762","0.111111"
"2161662762","1604884963","0.111111"
"1915921740","2048107117","0.111111"
"2048107117","1915921740","0.111111"
"1915921740","2086080953","0.111111"
"2086080953","1915921740","0.111111"
"1915921740","2087261287","0.111111"
"2087261287","1915921740","0.111111"
"1915921740","2140036914","0.188034"
"2140036914","1915921740","0.188034"
"1915921740","2161662762","1.43313"
"2161662762","1915921740","1.43313"
"2040646018","2048107117","0.111111"
"2048107117","2040646018","0.111111"
"2040646018","2087261287","0.111111"
"2087261287","2040646018","0.111111"
"2048107117","2086080953","0.361111"
"2086080953","2048107117","0.361111"
"2048107117","2087261287","1.21111"
"2087261287","2048107117","1.21111"
"2048107117","2132337704","0.211111"
"2132337704","2048107117","0.211111"
"2048107117","2140036914","0.111111"
"2140036914","2048107117","0.111111"
"2048107117","2161662762","0.111111"
"2161662762","2048107117","0.111111"
"2048107117","2166331011","2.11111"
"2166331011","2048107117","2.11111"
"2086080953","2087261287","0.111111"
"2087261287","2086080953","0.111111"
"2086080953","2161662762","0.111111"
"2161662762","2086080953","0.111111"
"2087261287","2132337704","1.21111"
"2132337704","2087261287","1.21111"
"2087261287","2140036914","0.111111"
"2140036914","2087261287","0.111111"
"2087261287","2161662762","0.277778"
"2161662762","2087261287","0.277778"
"2087261287","2166331011","2.72222"
"2166331011","2087261287","2.72222"
"2140036914","2161662762","0.277778"
"2161662762","2140036914","0.277778"
"1980403253","2086080953","1.41667"
"2086080953","1980403253","1.41667"
"182350721","1984314754","0.25"
"1984314754","182350721","0.25"
"182350721","2042159198","0.5"
"2042159198","182350721","0.5"
"2013738217","2042159198","0.5"
"2042159198","2013738217","0.5"
"1915921740","2007465845","0.542857"
"2007465845","1915921740","0.542857"
"1915921740","2008574697","1.94583"
"2008574697","1915921740","1.94583"
"1977011589","2007465845","0.713131"
"2007465845","1977011589","0.713131"
"2007465845","2013489329","0.792857"
"2013489329","2007465845","0.792857"
"2007465845","2132337704","1.10599"
"2132337704","2007465845","1.10599"
"1915921740","1984314754","0.61978"
"1984314754","1915921740","0.61978"
"1915921740","2041260878","0.242857"
"2041260878","1915921740","0.242857"
"2040646018","2041260878","0.309524"
"2041260878","2040646018","0.309524"
"2041260878","2161662762","0.509524"
"2161662762","2041260878","0.509524"
"1977011589","2040646018","0.139423"
"2040646018","1977011589","0.139423"
"1984314754","1993223663","0.0769231"
"1993223663","1984314754","0.0769231"
"1984314754","2013738217","0.0769231"
"2013738217","1984314754","0.0769231"
"1984314754","2163529501","0.0769231"
"2163529501","1984314754","0.0769231"
"1993223663","2140036914","0.0769231"
"2140036914","1993223663","0.0769231"
"2013738217","2140036914","0.0769231"
"2140036914","2013738217","0.0769231"
"2040646018","48260184","0.139423"
"48260184","2040646018","0.139423"
"2140036914","2163529501","0.0769231"
"2163529501","2140036914","0.0769231"
"1915921740","2031403887","1.0125"
"2031403887","1915921740","1.0125"
"1915921740","2053384838","0.0625"
"2053384838","1915921740","0.0625"
"1915921740","2089306768","0.0625"
"2089306768","1915921740","0.0625"
"1915921740","25045882","0.5125"
"25045882","1915921740","0.5125"
"1977011589","2031403887","0.0625"
"2031403887","1977011589","0.0625"
"1977011589","2053384838","0.0625"
"2053384838","1977011589","0.0625"
"1977011589","2089306768","0.26452"
"2089306768","1977011589","0.26452"
"1977011589","2161662762","0.0625"
"2161662762","1977011589","0.0625"
"1993223663","2008574697","0.395833"
"2008574697","1993223663","0.395833"
"1993223663","2031403887","0.0625"
"2031403887","1993223663","0.0625"
"1993223663","2053384838","0.0625"
"2053384838","1993223663","0.0625"
"1993223663","2089306768","0.0625"
"2089306768","1993223663","0.0625"
"1993223663","25045882","0.1625"
"25045882","1993223663","0.1625"
"2008574697","2031403887","0.0625"
"2031403887","2008574697","0.0625"
"2008574697","2040646018","0.0625"
"2040646018","2008574697","0.0625"
"2008574697","2053384838","0.0625"
"2053384838","2008574697","0.0625"
"2008574697","2089306768","0.296266"
"2089306768","2008574697","0.296266"
"2008574697","2161662762","0.0625"
"2161662762","2008574697","0.0625"
"2008574697","2163529501","0.205357"
"2163529501","2008574697","0.205357"
"2009803366","2031403887","0.0625"
"2031403887","2009803366","0.0625"
"2009803366","2053384838","0.0625"
"2053384838","2009803366","0.0625"
"2009803366","2089306768","1.17404"
"2089306768","2009803366","1.17404"
"2013489329","2031403887","0.0625"
"2031403887","2013489329","0.0625"
"2013489329","2053384838","0.0625"
"2053384838","2013489329","0.0625"
"2013489329","2089306768","0.0625"
"2089306768","2013489329","0.0625"
"2031403887","2040646018","0.679167"
"2040646018","2031403887","0.679167"
"2031403887","2053384838","0.0625"
"2053384838","2031403887","0.0625"
"2031403887","2089306768","0.0625"
"2089306768","2031403887","0.0625"
"2031403887","2132337704","0.0625"
"2132337704","2031403887","0.0625"
"2031403887","2161662762","3.25417"
"2161662762","2031403887","3.25417"
"2031403887","2163529501","0.0625"
"2163529501","2031403887","0.0625"
"2031403887","2166331011","2.30417"
"2166331011","2031403887","2.30417"
"2031403887","25045882","0.0625"
"25045882","2031403887","0.0625"
"2031403887","2911240772","0.0625"
"2911240772","2031403887","0.0625"
"2031403887","48260184","0.0625"
"48260184","2031403887","0.0625"
"2040646018","2053384838","0.0625"
"2053384838","2040646018","0.0625"
"2040646018","2089306768","0.229167"
"2089306768","2040646018","0.229167"
"2040646018","25045882","0.0625"
"25045882","2040646018","0.0625"
"2053384838","2089306768","0.0625"
"2089306768","2053384838","0.0625"
"2053384838","2132337704","0.0625"
"2132337704","2053384838","0.0625"
"2053384838","2161662762","0.0625"
"2161662762","2053384838","0.0625"
"2053384838","2163529501","0.0625"
"2163529501","2053384838","0.0625"
"2053384838","2166331011","0.0625"
"2166331011","2053384838","0.0625"
"2053384838","25045882","0.0625"
"25045882","2053384838","0.0625"
"2053384838","2911240772","0.0625"
"2911240772","2053384838","0.0625"
"2053384838","48260184","0.0625"
"48260184","2053384838","0.0625"
"2089306768","2132337704","0.36452"
"2132337704","2089306768","0.36452"
"2089306768","2161662762","0.229167"
"2161662762","2089306768","0.229167"
"2089306768","2163529501","0.205357"
"2163529501","2089306768","0.205357"
"2089306768","2166331011","0.962933"
"2166331011","2089306768","0.962933"
"2089306768","25045882","0.205357"
"25045882","2089306768","0.205357"
"2089306768","2911240772","0.531187"
"2911240772","2089306768","0.531187"
"2089306768","48260184","0.205357"
"48260184","2089306768","0.205357"
"2161662762","25045882","0.0625"
"25045882","2161662762","0.0625"
"2161662762","48260184","0.0625"
"48260184","2161662762","0.0625"
"2163529501","25045882","0.305357"
"25045882","2163529501","0.305357"
"1915921740","1975885651","0.1"
"1975885651","1915921740","0.1"
"1915921740","2612593931","0.342857"
"2612593931","1915921740","0.342857"
"1975885651","1977011589","0.413131"
"1977011589","1975885651","0.413131"
"1975885651","2007465845","0.513131"
"2007465845","1975885651","0.513131"
"1975885651","2008574697","0.30202"
"2008574697","1975885651","0.30202"
"1975885651","2009803366","0.713131"
"2009803366","1975885651","0.713131"
"1975885651","2013489329","0.1"
"2013489329","1975885651","0.1"
"1975885651","2041260878","4.3798"
"2041260878","1975885651","4.3798"
"1975885651","25045882","0.1"
"25045882","1975885651","0.1"
"1975885651","2612593931","0.513131"
"2612593931","1975885651","0.513131"
"1975885651","2911240772","0.713131"
"2911240772","1975885651","0.713131"
"1977011589","2612593931","0.513131"
"2612593931","1977011589","0.513131"
"2007465845","2009803366","1.67266"
"2009803366","2007465845","1.67266"
"2007465845","2911240772","0.922655"
"2911240772","2007465845","0.922655"
"2009803366","2612593931","1.67266"
"2612593931","2009803366","1.67266"
"2013489329","2612593931","0.592857"
"2612593931","2013489329","0.592857"
"2612593931","2911240772","0.922655"
"2911240772","2612593931","0.922655"
"1915921740","2896455170","0.616667"
"2896455170","1915921740","0.616667"
"2031403887","2896455170","1.06667"
"2896455170","2031403887","1.06667"
"2161662762","2896455170","1.26667"
"2896455170","2161662762","1.26667"
"1915921740","1991794917","0.25"
"1991794917","1915921740","0.25"
"1915921740","2108703806","0.25"
"2108703806","1915921740","0.25"
"1915921740","2346204935","0.25"
"2346204935","1915921740","0.25"
"1915921740","2610272801","0.25"
"2610272801","1915921740","0.25"
"1991794917","2108703806","0.916667"
"2108703806","1991794917","0.916667"
"1991794917","2346204935","1.41667"
"2346204935","1991794917","1.41667"
"1991794917","2610272801","1.41667"
"2610272801","1991794917","1.41667"
"2108703806","2346204935","0.916667"
"2346204935","2108703806","0.916667"
"2108703806","2610272801","0.916667"
"2610272801","2108703806","0.916667"
"2346204935","2610272801","2.41667"
"2610272801","2346204935","2.41667"
"1915921740","1991658485","0.25"
"1991658485","1915921740","0.25"
"1915921740","2042159198","0.45"
"2042159198","1915921740","0.45"
"1915921740","2293623584","0.25"
"2293623584","1915921740","0.25"
"1915921740","2464544557","0.25"
"2464544557","1915921740","0.25"
"1991658485","2042159198","0.25"
"2042159198","1991658485","0.25"
"1991658485","2293623584","0.25"
"2293623584","1991658485","0.25"
"1991658485","2464544557","0.25"
"2464544557","1991658485","0.25"
"2042159198","2293623584","0.25"
"2293623584","2042159198","0.25"
"2042159198","2464544557","0.25"
"2464544557","2042159198","0.25"
"2293623584","2464544557","0.583333"
"2464544557","2293623584","0.583333"
"1984314754","2007465845","0.142857"
"2007465845","1984314754","0.142857"
"1984314754","2612593931","0.142857"
"2612593931","1984314754","0.142857"
"2132337704","2612593931","0.905988"
"2612593931","2132337704","0.905988"
"1993223663","2007465845","0.1"
"2007465845","1993223663","0.1"
"1993223663","2612593931","0.1"
"2612593931","1993223663","0.1"
"2007465845","2163529501","0.1"
"2163529501","2007465845","0.1"
"2163529501","2612593931","0.1"
"2612593931","2163529501","0.1"
"1915921740","2025874771","0.166667"
"2025874771","1915921740","0.166667"
"2025874771","2031403887","1.5"
"2031403887","2025874771","1.5"
"2025874771","2040646018","0.166667"
"2040646018","2025874771","0.166667"
"2025874771","2161662762","2.66667"
"2161662762","2025874771","2.66667"
"2025874771","2166331011","0.833333"
"2166331011","2025874771","0.833333"
"2025874771","2896455170","0.166667"
"2896455170","2025874771","0.166667"
"1915921740","2043104527","0.333333"
"2043104527","1915921740","0.333333"
"2031403887","2043104527","2.95833"
"2043104527","2031403887","2.95833"
"2043104527","2166331011","1.24167"
"2166331011","2043104527","1.24167"
"1915921740","2021760121","0.2"
"2021760121","1915921740","0.2"
"1915921740","2030593235","0.2"
"2030593235","1915921740","0.2"
"1984314754","2030593235","0.2"
"2030593235","1984314754","0.2"
"1984314754","2042159198","0.7"
"2042159198","1984314754","0.7"
"2021760121","2030593235","0.533333"
"2030593235","2021760121","0.533333"
"2021760121","2042159198","1.03333"
"2042159198","2021760121","1.03333"
"2021760121","2091025452","0.65"
"2091025452","2021760121","0.65"
"2030593235","2042159198","0.2"
"2042159198","2030593235","0.2"
"2030593235","2091025452","0.366667"
"2091025452","2030593235","0.366667"
"2042159198","2091025452","0.2"
"2091025452","2042159198","0.2"
"1972373432","2030593235","1.33333"
"2030593235","1972373432","1.33333"
"1972373432","2166331011","1.45833"
"2166331011","1972373432","1.45833"
"1972373432","2464544557","0.791667"
"2464544557","1972373432","0.791667"
"2030593235","2166331011","1.09444"
"2166331011","2030593235","1.09444"
"2030593235","2464544557","0.666667"
"2464544557","2030593235","0.666667"
"2166331011","2464544557","4.29167"
"2464544557","2166331011","4.29167"
"1972373432","1990614940","0.958333"
"1990614940","1972373432","0.958333"
"1972373432","2031403887","0.291667"
"2031403887","1972373432","0.291667"
"1972373432","2043104527","0.291667"
"2043104527","1972373432","0.291667"
"1972373432","2091025452","0.125"
"2091025452","1972373432","0.125"
"1972373432","2111960899","0.125"
"2111960899","1972373432","0.125"
"1972373432","2161662762","0.791667"
"2161662762","1972373432","0.791667"
"1990614940","2031403887","0.291667"
"2031403887","1990614940","0.291667"
"1990614940","2043104527","8.40833"
"2043104527","1990614940","8.40833"
"1990614940","2091025452","0.125"
"2091025452","1990614940","0.125"
"1990614940","2111960899","0.125"
"2111960899","1990614940","0.125"
"1990614940","2161662762","0.491667"
"2161662762","1990614940","0.491667"
"1990614940","2166331011","1.825"
"2166331011","1990614940","1.825"
"1990614940","2464544557","1.45833"
"2464544557","1990614940","1.45833"
"2031403887","2091025452","0.491667"
"2091025452","2031403887","0.491667"
"2031403887","2111960899","0.125"
"2111960899","2031403887","0.125"
"2031403887","2464544557","0.458333"
"2464544557","2031403887","0.458333"
"2043104527","2091025452","1.29167"
"2091025452","2043104527","1.29167"
"2043104527","2111960899","0.125"
"2111960899","2043104527","0.125"
"2043104527","2161662762","1.49167"
"2161662762","2043104527","1.49167"
"2043104527","2464544557","1.95833"
"2464544557","2043104527","1.95833"
"2091025452","2111960899","0.791667"
"2111960899","2091025452","0.791667"
"2091025452","2161662762","1.325"
"2161662762","2091025452","1.325"
"2091025452","2464544557","0.125"
"2464544557","2091025452","0.125"
"2111960899","2161662762","0.125"
"2161662762","2111960899","0.125"
"2111960899","2166331011","1.23611"
"2166331011","2111960899","1.23611"
"2111960899","2464544557","0.125"
"2464544557","2111960899","0.125"
"2161662762","2464544557","0.125"
"2464544557","2161662762","0.125"
"1972373432","2025874771","0.166667"
"2025874771","1972373432","0.166667"
"1990614940","2025874771","1.16667"
"2025874771","1990614940","1.16667"
"2025874771","2043104527","2"
"2043104527","2025874771","2"
"1972373432","2894879046","0.333333"
"2894879046","1972373432","0.333333"
"1972373432","2896455170","0.333333"
"2896455170","1972373432","0.333333"
"1990614940","2894879046","0.75"
"2894879046","1990614940","0.75"
"1990614940","2896455170","0.95"
"2896455170","1990614940","0.95"
"2894879046","2896455170","5.16667"
"2896455170","2894879046","5.16667"
"1975885651","1989549339","0.5"
"1989549339","1975885651","0.5"
"1989549339","2041260878","0.5"
"2041260878","1989549339","0.5"
"1975885651","2089306768","0.468687"
"2089306768","1975885651","0.468687"
"1975885651","2091025452","0.111111"
"2091025452","1975885651","0.111111"
"1975885651","2132337704","0.613131"
"2132337704","1975885651","0.613131"
"2007465845","2089306768","0.468687"
"2089306768","2007465845","0.468687"
"2007465845","2091025452","0.111111"
"2091025452","2007465845","0.111111"
"2041260878","2089306768","1.13535"
"2089306768","2041260878","1.13535"
"2089306768","2091025452","0.111111"
"2091025452","2089306768","0.111111"
"2089306768","2612593931","0.468687"
"2612593931","2089306768","0.468687"
"2091025452","2612593931","0.111111"
"2612593931","2091025452","0.111111"
"1975885651","1980403253","0.1"
"1980403253","1975885651","0.1"
"1975885651","2048107117","0.1"
"2048107117","1975885651","0.1"
"1975885651","2087261287","0.1"
"2087261287","1975885651","0.1"
"1980403253","2007465845","0.1"
"2007465845","1980403253","0.1"
"1980403253","2048107117","0.1"
"2048107117","1980403253","0.1"
"1980403253","2087261287","0.1"
"2087261287","1980403253","0.1"
"1980403253","2089306768","0.1"
"2089306768","1980403253","0.1"
"1980403253","2612593931","0.1"
"2612593931","1980403253","0.1"
"2007465845","2048107117","0.1"
"2048107117","2007465845","0.1"
"2007465845","2087261287","0.1"
"2087261287","2007465845","0.1"
"2009803366","2048107117","0.1"
"2048107117","2009803366","0.1"
"2009803366","2087261287","0.433333"
"2087261287","2009803366","0.433333"
"2041260878","2048107117","0.1"
"2048107117","2041260878","0.1"
"2041260878","2087261287","0.1"
"2087261287","2041260878","0.1"
"2048107117","2089306768","0.1"
"2089306768","2048107117","0.1"
"2048107117","2612593931","0.1"
"2612593931","2048107117","0.1"
"2048107117","2911240772","0.1"
"2911240772","2048107117","0.1"
"2087261287","2089306768","0.1"
"2089306768","2087261287","0.1"
"2087261287","2612593931","0.1"
"2612593931","2087261287","0.1"
"2087261287","2911240772","0.433333"
"2911240772","2087261287","0.433333"
"1975885651","2086080953","0.0909091"
"2086080953","1975885651","0.0909091"
"1975885651","2166331011","0.568687"
"2166331011","1975885651","0.568687"
"1977011589","2086080953","0.0909091"
"2086080953","1977011589","0.0909091"
"2007465845","2086080953","0.0909091"
"2086080953","2007465845","0.0909091"
"2007465845","2166331011","0.368687"
"2166331011","2007465845","0.368687"
"2008574697","2086080953","0.0909091"
"2086080953","2008574697","0.0909091"
"2009803366","2086080953","0.0909091"
"2086080953","2009803366","0.0909091"
"2041260878","2086080953","0.0909091"
"2086080953","2041260878","0.0909091"
"2086080953","2089306768","0.0909091"
