"104214336","1482956418","1.2"
"1482956418","104214336","1.2"
"104214336","174482591","0.271429"
"174482591","104214336","0.271429"
"104214336","2058279808","0.2"
"2058279808","104214336","0.2"
"104214336","2112791011","0.271429"
"2112791011","104214336","0.271429"
"104214336","33946521","0.2"
"33946521","104214336","0.2"
"1482956418","174482591","1.86667"
"174482591","1482956418","1.86667"
"1482956418","2058279808","0.2"
"2058279808","1482956418","0.2"
"1482956418","2112791011","0.2"
"2112791011","1482956418","0.2"
"1482956418","33946521","1.03333"
"33946521","1482956418","1.03333"
"174482591","2058279808","0.2"
"2058279808","174482591","0.2"
"174482591","2112791011","6.77143"
"2112791011","174482591","6.77143"
"174482591","33946521","5.78333"
"33946521","174482591","5.78333"
"2058279808","2112791011","0.2"
"2112791011","2058279808","0.2"
"2058279808","33946521","0.2"
"33946521","2058279808","0.2"
"2112791011","33946521","0.7"
"33946521","2112791011","0.7"
"104214336","1572151586","1.07143"
"1572151586","104214336","1.07143"
"104214336","105268304","0.0714286"
"105268304","104214336","0.0714286"
"104214336","1536003180","0.0714286"
"1536003180","104214336","0.0714286"
"104214336","1555527288","0.0714286"
"1555527288","104214336","0.0714286"
"104214336","1576653627","0.0714286"
"1576653627","104214336","0.0714286"
"104214336","1608526117","0.0714286"
"1608526117","104214336","0.0714286"
"104214336","1666543827","0.0714286"
"1666543827","104214336","0.0714286"
"104214336","2121338397","0.0714286"
"2121338397","104214336","0.0714286"
"104214336","2124875704","0.0714286"
"2124875704","104214336","0.0714286"
"104214336","2145175424","0.0714286"
"2145175424","104214336","0.0714286"
"104214336","752408193","0.0714286"
"752408193","104214336","0.0714286"
"104214336","834941555","0.0714286"
"834941555","104214336","0.0714286"
"105268304","1536003180","11.6048"
"1536003180","105268304","11.6048"
"105268304","1555527288","7.35476"
"1555527288","105268304","7.35476"
"105268304","1572151586","0.0714286"
"1572151586","105268304","0.0714286"
"105268304","1576653627","0.271429"
"1576653627","105268304","0.271429"
"105268304","1608526117","0.404762"
"1608526117","105268304","0.404762"
"105268304","1666543827","0.271429"
"1666543827","105268304","0.271429"
"105268304","174482591","0.0714286"
"174482591","105268304","0.0714286"
"105268304","2112791011","0.0714286"
"2112791011","105268304","0.0714286"
"105268304","2121338397","0.238095"
"2121338397","105268304","0.238095"
"105268304","2124875704","0.238095"
"2124875704","105268304","0.238095"
"105268304","2145175424","0.0714286"
"2145175424","105268304","0.0714286"
"105268304","752408193","0.0714286"
"752408193","105268304","0.0714286"
"105268304","834941555","0.0714286"
"834941555","105268304","0.0714286"
"1536003180","1555527288","12.6048"
"1555527288","1536003180","12.6048"
"1536003180","1572151586","0.0714286"
"1572151586","1536003180","0.0714286"
"1536003180","1576653627","0.604762"
"1576653627","1536003180","0.604762"
"1536003180","1608526117","0.404762"
"1608526117","1536003180","0.404762"
"1536003180","1666543827","0.271429"
"1666543827","1536003180","0.271429"
"1536003180","174482591","0.0714286"
"174482591","1536003180","0.0714286"
"1536003180","2112791011","0.0714286"
"2112791011","1536003180","0.0714286"
"1536003180","2121338397","4.7381"
"2121338397","1536003180","4.7381"
"1536003180","2124875704","1.2381"
"2124875704","1536003180","1.2381"
"1536003180","2145175424","0.0714286"
"2145175424","1536003180","0.0714286"
"1536003180","752408193","0.0714286"
"752408193","1536003180","0.0714286"
"1536003180","834941555","0.0714286"
"834941555","1536003180","0.0714286"
"1555527288","1572151586","0.0714286"
"1572151586","1555527288","0.0714286"
"1555527288","1576653627","0.604762"
"1576653627","1555527288","0.604762"
"1555527288","1608526117","0.404762"
"1608526117","1555527288","0.404762"
"1555527288","1666543827","0.271429"
"1666543827","1555527288","0.271429"
"1555527288","174482591","0.0714286"
"174482591","1555527288","0.0714286"
"1555527288","2112791011","0.0714286"
"2112791011","1555527288","0.0714286"
"1555527288","2121338397","0.238095"
"2121338397","1555527288","0.238095"
"1555527288","2124875704","0.738095"
"2124875704","1555527288","0.738095"
"1555527288","2145175424","0.0714286"
"2145175424","1555527288","0.0714286"
"1555527288","752408193","0.0714286"
"752408193","1555527288","0.0714286"
"1555527288","834941555","0.0714286"
"834941555","1555527288","0.0714286"
"1572151586","1576653627","0.414286"
"1576653627","1572151586","0.414286"
"1572151586","1608526117","0.0714286"
"1608526117","1572151586","0.0714286"
"1572151586","1666543827","0.0714286"
"1666543827","1572151586","0.0714286"
"1572151586","174482591","2.44762"
"174482591","1572151586","2.44762"
"1572151586","2112791011","0.0714286"
"2112791011","1572151586","0.0714286"
"1572151586","2121338397","0.0714286"
"2121338397","1572151586","0.0714286"
"1572151586","2124875704","0.547619"
"2124875704","1572151586","0.547619"
"1572151586","2145175424","2.4381"
"2145175424","1572151586","2.4381"
"1572151586","752408193","0.604762"
"752408193","1572151586","0.604762"
"1572151586","834941555","0.271429"
"834941555","1572151586","0.271429"
"1576653627","1608526117","0.154762"
"1608526117","1576653627","0.154762"
"1576653627","1666543827","7.64567"
"1666543827","1576653627","7.64567"
"1576653627","174482591","0.539286"
"174482591","1576653627","0.539286"
"1576653627","2112791011","0.0714286"
"2112791011","1576653627","0.0714286"
"1576653627","2121338397","0.0714286"
"2121338397","1576653627","0.0714286"
"1576653627","2124875704","1.53929"
"2124875704","1576653627","1.53929"
"1576653627","2145175424","0.0714286"
"2145175424","1576653627","0.0714286"
"1576653627","752408193","0.0714286"
"752408193","1576653627","0.0714286"
"1576653627","834941555","0.0714286"
"834941555","1576653627","0.0714286"
"1608526117","1666543827","9.15476"
"1666543827","1608526117","9.15476"
"1608526117","174482591","0.0714286"
"174482591","1608526117","0.0714286"
"1608526117","2112791011","0.0714286"
"2112791011","1608526117","0.0714286"
"1608526117","2121338397","0.0714286"
"2121338397","1608526117","0.0714286"
"1608526117","2124875704","0.0714286"
"2124875704","1608526117","0.0714286"
"1608526117","2145175424","0.0714286"
"2145175424","1608526117","0.0714286"
"1608526117","752408193","0.0714286"
"752408193","1608526117","0.0714286"
"1608526117","834941555","0.0714286"
"834941555","1608526117","0.0714286"
"1666543827","174482591","0.0714286"
"174482591","1666543827","0.0714286"
"1666543827","2112791011","0.0714286"
"2112791011","1666543827","0.0714286"
"1666543827","2121338397","0.0714286"
"2121338397","1666543827","0.0714286"
"1666543827","2124875704","0.0714286"
"2124875704","1666543827","0.0714286"
"1666543827","2145175424","0.321429"
"2145175424","1666543827","0.321429"
"1666543827","752408193","0.0714286"
"752408193","1666543827","0.0714286"
"1666543827","834941555","0.0714286"
"834941555","1666543827","0.0714286"
"174482591","2121338397","0.0714286"
"2121338397","174482591","0.0714286"
"174482591","2124875704","0.339286"
"2124875704","174482591","0.339286"
"174482591","2145175424","2.10476"
"2145175424","174482591","2.10476"
"174482591","752408193","0.521429"
"752408193","174482591","0.521429"
"174482591","834941555","0.271429"
"834941555","174482591","0.271429"
"2112791011","2121338397","0.0714286"
"2121338397","2112791011","0.0714286"
"2112791011","2124875704","0.0714286"
"2124875704","2112791011","0.0714286"
"2112791011","2145175424","1.57143"
"2145175424","2112791011","1.57143"
"2112791011","752408193","0.0714286"
"752408193","2112791011","0.0714286"
"2112791011","834941555","0.0714286"
"834941555","2112791011","0.0714286"
"2121338397","2124875704","0.738095"
"2124875704","2121338397","0.738095"
"2121338397","2145175424","0.0714286"
"2145175424","2121338397","0.0714286"
"2121338397","752408193","0.0714286"
"752408193","2121338397","0.0714286"
"2121338397","834941555","0.0714286"
"834941555","2121338397","0.0714286"
"2124875704","2145175424","0.0714286"
"2145175424","2124875704","0.0714286"
"2124875704","752408193","0.0714286"
"752408193","2124875704","0.0714286"
"2124875704","834941555","0.0714286"
"834941555","2124875704","0.0714286"
"2145175424","752408193","1.10476"
"752408193","2145175424","1.10476"
"2145175424","834941555","1.27143"
"834941555","2145175424","1.27143"
"752408193","834941555","0.771429"
"834941555","752408193","0.771429"
"105268304","2171658939","3"
"2171658939","105268304","3"
"105268304","2086947639","2.95"
"2086947639","105268304","2.95"
"1536003180","2086947639","6.2"
"2086947639","1536003180","6.2"
"105268304","2102571251","6.08333"
"2102571251","105268304","6.08333"
"1536003180","2102571251","3.5"
"2102571251","1536003180","3.5"
"1555527288","2102571251","1.75"
"2102571251","1555527288","1.75"
"1555527288","2086947639","2.95"
"2086947639","1555527288","2.95"
"1576653627","2086947639","0.2"
"2086947639","1576653627","0.2"
"1666543827","2086947639","0.2"
"2086947639","1666543827","0.2"
"105268304","2033574048","0.333333"
"2033574048","105268304","0.333333"
"1555527288","2033574048","0.833333"
"2033574048","1555527288","0.833333"
"2033574048","2102571251","0.333333"
"2102571251","2033574048","0.333333"
"105268304","1496940976","0.25"
"1496940976","105268304","0.25"
"1496940976","1555527288","3.58333"
"1555527288","1496940976","3.58333"
"1496940976","2086947639","9.25"
"2086947639","1496940976","9.25"
"1496940976","2102571251","0.25"
"2102571251","1496940976","0.25"
"2086947639","2102571251","0.25"
"2102571251","2086947639","0.25"
"105268304","1911230382","0.166667"
"1911230382","105268304","0.166667"
"1536003180","1911230382","0.666667"
"1911230382","1536003180","0.666667"
"1555527288","1911230382","0.166667"
"1911230382","1555527288","0.166667"
"1911230382","2102571251","0.166667"
"2102571251","1911230382","0.166667"
"1911230382","2121338397","0.166667"
"2121338397","1911230382","0.166667"
"1911230382","2124875704","1.29167"
"2124875704","1911230382","1.29167"
"2102571251","2121338397","0.166667"
"2121338397","2102571251","0.166667"
"2102571251","2124875704","0.166667"
"2124875704","2102571251","0.166667"
"105268304","82825354","0.333333"
"82825354","105268304","0.333333"
"1536003180","82825354","9.33333"
"82825354","1536003180","9.33333"
"2102571251","82825354","0.333333"
"82825354","2102571251","0.333333"
"1482956418","1938008383","1.83333"
"1938008383","1482956418","1.83333"
"1482956418","2087760063","1.75"
"2087760063","1482956418","1.75"
"1482956418","2765587055","0.25"
"2765587055","1482956418","0.25"
"1482956418","9266095","2.16667"
"9266095","1482956418","2.16667"
"1938008383","2087760063","0.97619"
"2087760063","1938008383","0.97619"
"1938008383","2765587055","0.75"
"2765587055","1938008383","0.75"
"1938008383","9266095","167.643"
"9266095","1938008383","167.643"
"2087760063","2765587055","0.25"
"2765587055","2087760063","0.25"
"2087760063","9266095","1.30952"
"9266095","2087760063","1.30952"
"2765587055","9266095","0.75"
"9266095","2765587055","0.75"
"1482956418","1572151586","0.333333"
"1572151586","1482956418","0.333333"
"1482956418","2124875704","0.333333"
"2124875704","1482956418","0.333333"
"1572151586","2087760063","7.04286"
"2087760063","1572151586","7.04286"
"2087760063","2124875704","2.93452"
"2124875704","2087760063","2.93452"
"174482591","1938008383","0.47619"
"1938008383","174482591","0.47619"
"174482591","9266095","0.47619"
"9266095","174482591","0.47619"
"174482591","2087760063","8.08452"
"2087760063","174482591","8.08452"
"2087760063","33946521","0.583333"
"33946521","2087760063","0.583333"
"1482956418","2123795719","0.583333"
"2123795719","1482956418","0.583333"
"2087760063","2123795719","7.62424"
"2123795719","2087760063","7.62424"
"2123795719","9266095","0.583333"
"9266095","2123795719","0.583333"
"1482956418","2103867878","0.25"
"2103867878","1482956418","0.25"
"1938008383","2103867878","0.392857"
"2103867878","1938008383","0.392857"
"1938008383","2123795719","0.25"
"2123795719","1938008383","0.25"
"2103867878","2123795719","3.78333"
"2123795719","2103867878","3.78333"
"2103867878","9266095","1.39286"
"9266095","2103867878","1.39286"
"1496940976","1536003180","6.33333"
"1536003180","1496940976","6.33333"
"1496940976","1576653627","1.33333"
"1576653627","1496940976","1.33333"
"1496940976","1569566369","2"
"1569566369","1496940976","2"
"1496940976","2061658474","4"
"2061658474","1496940976","4"
"1536003180","2061658474","4"
"2061658474","1536003180","4"
"1522960884","1542373612","2.62424"
"1542373612","1522960884","2.62424"
"1522960884","1576653627","0.174242"
"1576653627","1522960884","0.174242"
"1522960884","1666543827","1.42424"
"1666543827","1522960884","1.42424"
"1522960884","1896997130","1.62424"
"1896997130","1522960884","1.62424"
"1522960884","1911230382","0.624242"
"1911230382","1522960884","0.624242"
"1522960884","1918184277","0.290909"
"1918184277","1522960884","0.290909"
"1522960884","2087760063","0.0909091"
"2087760063","1522960884","0.0909091"
"1522960884","2097781615","0.424242"
"2097781615","1522960884","0.424242"
"1522960884","2123795719","0.0909091"
"2123795719","1522960884","0.0909091"
"1522960884","2125499645","0.0909091"
"2125499645","1522960884","0.0909091"
"1522960884","2152675098","1.17424"
"2152675098","1522960884","1.17424"
"1542373612","1576653627","1.13258"
"1576653627","1542373612","1.13258"
"1542373612","1666543827","0.757576"
"1666543827","1542373612","0.757576"
"1542373612","1896997130","1.12424"
"1896997130","1542373612","1.12424"
"1542373612","1911230382","1.41591"
"1911230382","1542373612","1.41591"
"1542373612","1918184277","0.290909"
"1918184277","1542373612","0.290909"
"1542373612","2087760063","0.215909"
"2087760063","1542373612","0.215909"
"1542373612","2097781615","1.04924"
"2097781615","1542373612","1.04924"
"1542373612","2123795719","0.0909091"
"2123795719","1542373612","0.0909091"
"1542373612","2125499645","0.424242"
"2125499645","1542373612","0.424242"
"1542373612","2152675098","1.29924"
"2152675098","1542373612","1.29924"
"1576653627","1896997130","1.70758"
"1896997130","1576653627","1.70758"
"1576653627","1911230382","2.46591"
"1911230382","1576653627","2.46591"
"1576653627","1918184277","0.0909091"
"1918184277","1576653627","0.0909091"
"1576653627","2087760063","0.558766"
"2087760063","1576653627","0.558766"
"1576653627","2097781615","2.13258"
"2097781615","1576653627","2.13258"
"1576653627","2123795719","2.12424"
"2123795719","1576653627","2.12424"
"1576653627","2125499645","0.824242"
"2125499645","1576653627","0.824242"
"1576653627","2152675098","0.799242"
"2152675098","1576653627","0.799242"
"1666543827","1896997130","2.12424"
"1896997130","1666543827","2.12424"
"1666543827","1911230382","0.507576"
"1911230382","1666543827","0.507576"
"1666543827","1918184277","0.0909091"
"1918184277","1666543827","0.0909091"
"1666543827","2087760063","0.340909"
"2087760063","1666543827","0.340909"
"1666543827","2097781615","0.174242"
"2097781615","1666543827","0.174242"
"1666543827","2123795719","0.0909091"
"2123795719","1666543827","0.0909091"
"1666543827","2125499645","0.290909"
"2125499645","1666543827","0.290909"
"1666543827","2152675098","1.42424"
"2152675098","1666543827","1.42424"
"1896997130","1911230382","0.957576"
"1911230382","1896997130","0.957576"
"1896997130","1918184277","0.290909"
"1918184277","1896997130","0.290909"
"1896997130","2087760063","0.0909091"
"2087760063","1896997130","0.0909091"
"1896997130","2097781615","0.757576"
"2097781615","1896997130","0.757576"
"1896997130","2123795719","0.0909091"
"2123795719","1896997130","0.0909091"
"1896997130","2125499645","0.290909"
"2125499645","1896997130","0.290909"
"1896997130","2152675098","0.674242"
"2152675098","1896997130","0.674242"
"1911230382","1918184277","0.790909"
"1918184277","1911230382","0.790909"
"1911230382","2087760063","0.215909"
"2087760063","1911230382","0.215909"
"1911230382","2097781615","0.632576"
"2097781615","1911230382","0.632576"
"1911230382","2123795719","0.424242"
"2123795719","1911230382","0.424242"
"1911230382","2125499645","0.0909091"
"2125499645","1911230382","0.0909091"
"1911230382","2152675098","0.549242"
"2152675098","1911230382","0.549242"
"1918184277","2087760063","0.0909091"
"2087760063","1918184277","0.0909091"
"1918184277","2097781615","0.0909091"
"2097781615","1918184277","0.0909091"
"1918184277","2123795719","0.0909091"
"2123795719","1918184277","0.0909091"
"1918184277","2125499645","0.0909091"
"2125499645","1918184277","0.0909091"
"1918184277","2152675098","0.0909091"
"2152675098","1918184277","0.0909091"
"2087760063","2097781615","0.215909"
"2097781615","2087760063","0.215909"
"2087760063","2125499645","0.0909091"
"2125499645","2087760063","0.0909091"
"2087760063","2152675098","0.215909"
"2152675098","2087760063","0.215909"
"2097781615","2123795719","0.0909091"
"2123795719","2097781615","0.0909091"
"2097781615","2125499645","0.0909091"
"2125499645","2097781615","0.0909091"
"2097781615","2152675098","0.799242"
"2152675098","2097781615","0.799242"
"2123795719","2125499645","0.0909091"
"2125499645","2123795719","0.0909091"
"2123795719","2152675098","0.0909091"
"2152675098","2123795719","0.0909091"
"2125499645","2152675098","0.0909091"
"2152675098","2125499645","0.0909091"
"1522960884","2103867878","0.5"
"2103867878","1522960884","0.5"
"1666543827","2103867878","1.7"
"2103867878","1666543827","1.7"
"1522960884","2105641095","0.283333"
"2105641095","1522960884","0.283333"
"1542373612","2105641095","0.95"
"2105641095","1542373612","0.95"
"1896997130","2105641095","0.283333"
"2105641095","1896997130","0.283333"
"1911230382","2105641095","4.45"
"2105641095","1911230382","4.45"
"1918184277","2105641095","0.7"
"2105641095","1918184277","0.7"
"1522960884","1608526117","0.333333"
"1608526117","1522960884","0.333333"
"1542373612","1608526117","0.333333"
"1608526117","1542373612","0.333333"
"1608526117","1896997130","0.333333"
"1896997130","1608526117","0.333333"
"1608526117","2097781615","0.333333"
"2097781615","1608526117","0.333333"
"1522960884","1569566369","0.0833333"
"1569566369","1522960884","0.0833333"
"1522960884","1938008383","0.0833333"
"1938008383","1522960884","0.0833333"
"1522960884","9266095","0.0833333"
"9266095","1522960884","0.0833333"
"1542373612","1569566369","0.0833333"
"1569566369","1542373612","0.0833333"
"1542373612","1938008383","0.0833333"
"1938008383","1542373612","0.0833333"
"1542373612","9266095","0.0833333"
"9266095","1542373612","0.0833333"
"1569566369","1576653627","2.58333"
"1576653627","1569566369","2.58333"
"1569566369","1608526117","2.08333"
"1608526117","1569566369","2.08333"
"1569566369","1666543827","0.0833333"
"1666543827","1569566369","0.0833333"
"1569566369","1896997130","0.0833333"
"1896997130","1569566369","0.0833333"
"1569566369","1911230382","0.583333"
"1911230382","1569566369","0.583333"
"1569566369","1938008383","0.583333"
"1938008383","1569566369","0.583333"
"1569566369","2097781615","0.583333"
"2097781615","1569566369","0.583333"
"1569566369","2105641095","0.0833333"
"2105641095","1569566369","0.0833333"
"1569566369","2152675098","0.0833333"
"2152675098","1569566369","0.0833333"
"1569566369","9266095","0.583333"
"9266095","1569566369","0.583333"
"1576653627","1938008383","0.72619"
"1938008383","1576653627","0.72619"
"1576653627","2105641095","1.08333"
"2105641095","1576653627","1.08333"
"1576653627","9266095","0.22619"
"9266095","1576653627","0.22619"
"1608526117","1911230382","0.0833333"
"1911230382","1608526117","0.0833333"
"1608526117","1938008383","1.08333"
"1938008383","1608526117","1.08333"
"1608526117","2105641095","0.0833333"
"2105641095","1608526117","0.0833333"
"1608526117","2152675098","0.0833333"
"2152675098","1608526117","0.0833333"
"1608526117","9266095","0.583333"
"9266095","1608526117","0.583333"
"1666543827","1938008383","1.83333"
"1938008383","1666543827","1.83333"
"1666543827","2105641095","2.41667"
"2105641095","1666543827","2.41667"
"1666543827","9266095","0.833333"
"9266095","1666543827","0.833333"
"1896997130","1938008383","0.0833333"
"1938008383","1896997130","0.0833333"
"1896997130","9266095","0.0833333"
"9266095","1896997130","0.0833333"
"1911230382","1938008383","0.0833333"
"1938008383","1911230382","0.0833333"
"1911230382","9266095","0.0833333"
"9266095","1911230382","0.0833333"
"1938008383","2097781615","0.0833333"
"2097781615","1938008383","0.0833333"
"1938008383","2105641095","0.0833333"
"2105641095","1938008383","0.0833333"
"1938008383","2152675098","0.0833333"
"2152675098","1938008383","0.0833333"
"2097781615","2105641095","0.0833333"
"2105641095","2097781615","0.0833333"
"2097781615","9266095","0.0833333"
"9266095","2097781615","0.0833333"
"2105641095","2152675098","0.0833333"
"2152675098","2105641095","0.0833333"
"2105641095","9266095","0.0833333"
"9266095","2105641095","0.0833333"
"2152675098","9266095","0.0833333"
"9266095","2152675098","0.0833333"
"1555527288","82825354","6"
"82825354","1555527288","6"
"1536003180","1542373612","1"
"1542373612","1536003180","1"
"1536003180","1569566369","1"
"1569566369","1536003180","1"
"1569566369","82825354","0.5"
"82825354","1569566369","0.5"
"1536003180","2033574048","5"
"2033574048","1536003180","5"
"1536003180","2105641095","2"
"2105641095","1536003180","2"
"1542373612","82825354","0.333333"
"82825354","1542373612","0.333333"
"1911230382","82825354","0.333333"
"82825354","1911230382","0.333333"
"2105641095","82825354","0.333333"
"82825354","2105641095","0.333333"
"1542373612","174482591","0.125"
"174482591","1542373612","0.125"
"1542373612","2103867878","0.458333"
"2103867878","1542373612","0.458333"
"1542373612","2124875704","0.125"
"2124875704","1542373612","0.125"
"1576653627","2103867878","5.03452"
"2103867878","1576653627","5.03452"
"174482591","1911230382","0.125"
"1911230382","174482591","0.125"
"174482591","2097781615","0.125"
"2097781615","174482591","0.125"
"174482591","2103867878","1.46786"
"2103867878","174482591","1.46786"
"174482591","2152675098","0.125"
"2152675098","174482591","0.125"
"1911230382","2103867878","3.45833"
"2103867878","1911230382","3.45833"
"2087760063","2103867878","4.80119"
"2103867878","2087760063","4.80119"
"2097781615","2103867878","0.125"
"2103867878","2097781615","0.125"
"2097781615","2124875704","0.125"
"2124875704","2097781615","0.125"
"2103867878","2124875704","1.30119"
"2124875704","2103867878","1.30119"
"2103867878","2152675098","0.125"
"2152675098","2103867878","0.125"
"2124875704","2152675098","0.125"
"2152675098","2124875704","0.125"
"2103867878","2125499645","0.733333"
"2125499645","2103867878","0.733333"
"1555527288","1569566369","1"
"1569566369","1555527288","1"
"2033574048","82825354","0.5"
"82825354","2033574048","0.5"
"1555527288","2105641095","1"
"2105641095","1555527288","1"
"1569566369","2061658474","1"
"2061658474","1569566369","1"
"1569566369","2123795719","1"
"2123795719","1569566369","1"
"2087760063","2145175424","10.1167"
"2145175424","2087760063","10.1167"
"2087760063","752408193","11.1167"
"752408193","2087760063","11.1167"
"2087760063","834941555","0.7"
"834941555","2087760063","0.7"
"1572151586","2103867878","0.342857"
"2103867878","1572151586","0.342857"
"1572151586","2123795719","0.2"
"2123795719","1572151586","0.2"
"174482591","2123795719","0.866667"
"2123795719","174482591","0.866667"
"1572151586","33946521","0.5"
"33946521","1572151586","0.5"
"2145175424","33946521","0.5"
"33946521","2145175424","0.5"
"1572151586","1938008383","0.142857"
"1938008383","1572151586","0.142857"
"1572151586","9266095","0.142857"
"9266095","1572151586","0.142857"
"1938008383","2124875704","0.142857"
"2124875704","1938008383","0.142857"
"2124875704","9266095","0.142857"
"9266095","2124875704","0.142857"
"1576653627","1598584450","0.4"
"1598584450","1576653627","0.4"
"1598584450","1666543827","0.2"
"1666543827","1598584450","0.2"
"1598584450","1896997130","0.2"
"1896997130","1598584450","0.2"
"1598584450","2103867878","0.4"
"2103867878","1598584450","0.4"
"1598584450","2125499645","0.4"
"2125499645","1598584450","0.4"
"1896997130","2103867878","1.2"
"2103867878","1896997130","1.2"
"1576653627","186512656","0.2"
"186512656","1576653627","0.2"
"1598584450","186512656","0.2"
"186512656","1598584450","0.2"
"1598584450","2124875704","0.2"
"2124875704","1598584450","0.2"
"186512656","2103867878","1.2"
"2103867878","186512656","1.2"
"186512656","2124875704","0.2"
"2124875704","186512656","0.2"
"186512656","2125499645","0.2"
"2125499645","186512656","0.2"
"2124875704","2125499645","0.2"
"2125499645","2124875704","0.2"
"2123795719","2124875704","0.833333"
"2124875704","2123795719","0.833333"
"1598584450","2087760063","2"
"2087760063","1598584450","2"
"1608526117","2123795719","1"
"2123795719","1608526117","1"
"1608526117","2103867878","0.5"
"2103867878","1608526117","0.5"
"1938008383","2145175424","0.25"
"2145175424","1938008383","0.25"
"2145175424","9266095","0.25"
"9266095","2145175424","0.25"
"174482591","2341392253","1.08333"
"2341392253","174482591","1.08333"
"2087760063","2341392253","0.583333"
"2341392253","2087760063","0.583333"
"2103867878","2341392253","0.333333"
"2341392253","2103867878","0.333333"
"174482591","2765587055","2.5"
"2765587055","174482591","2.5"
"2341392253","2765587055","0.5"
"2765587055","2341392253","0.5"
"2087760063","2112791011","3.5"
"2112791011","2087760063","3.5"
"2341392253","33946521","0.25"
"33946521","2341392253","0.25"
"2341392253","752408193","0.25"
"752408193","2341392253","0.25"
"33946521","752408193","0.25"
"752408193","33946521","0.25"
"186512656","2087760063","0.5"
"2087760063","186512656","0.5"
"186512656","2144807841","0.5"
"2144807841","186512656","0.5"
"2087760063","2144807841","0.5"
"2144807841","2087760063","0.5"
"1911230382","47838059","0.5"
"47838059","1911230382","0.5"
"2103867878","47838059","0.5"
"47838059","2103867878","0.5"
"1918184277","2152460963","1"
"2152460963","1918184277","1"
"1938008383","752408193","0.333333"
"752408193","1938008383","0.333333"
"752408193","9266095","0.333333"
"9266095","752408193","0.333333"
"2086947639","2229841994","2"
"2229841994","2086947639","2"
"2087760063","2208150697","0.5"
"2208150697","2087760063","0.5"
"2145175424","2208150697","0.5"
"2208150697","2145175424","0.5"
"2098491265","2144807841","1"
"2144807841","2098491265","1"
"2098491265","2110545545","3"
"2110545545","2098491265","3"
"2112791011","2746405085","1"
"2746405085","2112791011","1"
"2123795719","2765587055","1"
"2765587055","2123795719","1"
