"1494568878","1978752833","0.309524"
"1978752833","1494568878","0.309524"
"1494568878","1993953675","0.509524"
"1993953675","1494568878","0.509524"
"1494568878","2004152072","0.166667"
"2004152072","1494568878","0.166667"
"1494568878","2025251681","0.166667"
"2025251681","1494568878","0.166667"
"1494568878","2025388029","3.00952"
"2025388029","1494568878","3.00952"
"1494568878","2025547449","0.309524"
"2025547449","1494568878","0.309524"
"1978752833","1993953675","0.309524"
"1993953675","1978752833","0.309524"
"1978752833","2004152072","0.416667"
"2004152072","1978752833","0.416667"
"1978752833","2025251681","0.166667"
"2025251681","1978752833","0.166667"
"1978752833","2025388029","2.30952"
"2025388029","1978752833","2.30952"
"1978752833","2025547449","0.309524"
"2025547449","1978752833","0.309524"
"1993953675","2004152072","0.366667"
"2004152072","1993953675","0.366667"
"1993953675","2025251681","4.11667"
"2025251681","1993953675","4.11667"
"1993953675","2025388029","2.65794"
"2025388029","1993953675","2.65794"
"1993953675","2025547449","0.420635"
"2025547449","1993953675","0.420635"
"2004152072","2025251681","0.166667"
"2025251681","2004152072","0.166667"
"2004152072","2025388029","0.616667"
"2025388029","2004152072","0.616667"
"2004152072","2025547449","0.166667"
"2025547449","2004152072","0.166667"
"2025251681","2025388029","2.75"
"2025388029","2025251681","2.75"
"2025251681","2025547449","0.166667"
"2025547449","2025251681","0.166667"
"2025388029","2025547449","2.25397"
"2025547449","2025388029","2.25397"
"1494568878","2072053556","0.342857"
"2072053556","1494568878","0.342857"
"1494568878","2126101048","0.2"
"2126101048","1494568878","0.2"
"1494568878","2172173129","0.2"
"2172173129","1494568878","0.2"
"1993953675","2072053556","0.981746"
"2072053556","1993953675","0.981746"
"1993953675","2126101048","0.2"
"2126101048","1993953675","0.2"
"1993953675","2172173129","0.2"
"2172173129","1993953675","0.2"
"2025388029","2072053556","2.44008"
"2072053556","2025388029","2.44008"
"2025388029","2126101048","0.533333"
"2126101048","2025388029","0.533333"
"2025388029","2172173129","0.7"
"2172173129","2025388029","0.7"
"2072053556","2126101048","0.2"
"2126101048","2072053556","0.2"
"2072053556","2172173129","0.2"
"2172173129","2072053556","0.2"
"2126101048","2172173129","4.81905"
"2172173129","2126101048","4.81905"
"1494568878","2085331906","0.5"
"2085331906","1494568878","0.5"
"2025388029","2085331906","2.49008"
"2085331906","2025388029","2.49008"
"1494568878","2023486517","0.142857"
"2023486517","1494568878","0.142857"
"1494568878","2039845465","0.142857"
"2039845465","1494568878","0.142857"
"1978752833","2023486517","0.142857"
"2023486517","1978752833","0.142857"
"1978752833","2039845465","0.142857"
"2039845465","1978752833","0.142857"
"1978752833","2072053556","0.142857"
"2072053556","1978752833","0.142857"
"1993953675","2023486517","0.342857"
"2023486517","1993953675","0.342857"
"1993953675","2039845465","0.620635"
"2039845465","1993953675","0.620635"
"2023486517","2025388029","1.63452"
"2025388029","2023486517","1.63452"
"2023486517","2025547449","0.47619"
"2025547449","2023486517","0.47619"
"2023486517","2039845465","1.14286"
"2039845465","2023486517","1.14286"
"2023486517","2072053556","1.89286"
"2072053556","2023486517","1.89286"
"2025388029","2039845465","3.35516"
"2039845465","2025388029","3.35516"
"2025547449","2039845465","0.253968"
"2039845465","2025547449","0.253968"
"2025547449","2072053556","0.253968"
"2072053556","2025547449","0.253968"
"2039845465","2072053556","2.2373"
"2072053556","2039845465","2.2373"
"1498068847","1889199825","0.5"
"1889199825","1498068847","0.5"
"1498068847","2113294471","0.5"
"2113294471","1498068847","0.5"
"1889199825","2113294471","3.69444"
"2113294471","1889199825","3.69444"
"1498068847","1969849199","2"
"1969849199","1498068847","2"
"1498068847","2072053556","0.666667"
"2072053556","1498068847","0.666667"
"1498068847","2803132452","0.5"
"2803132452","1498068847","0.5"
"2072053556","2803132452","0.666667"
"2803132452","2072053556","0.666667"
"1498068847","2025388029","3"
"2025388029","1498068847","3"
"1498068847","2039845465","0.166667"
"2039845465","1498068847","0.166667"
"1498068847","2058049109","0.166667"
"2058049109","1498068847","0.166667"
"1498068847","2079103797","0.166667"
"2079103797","1498068847","0.166667"
"1498068847","2085331906","0.166667"
"2085331906","1498068847","0.166667"
"1498068847","2089769620","0.166667"
"2089769620","1498068847","0.166667"
"2039845465","2058049109","1.325"
"2058049109","2039845465","1.325"
"2039845465","2079103797","0.416667"
"2079103797","2039845465","0.416667"
"2039845465","2085331906","4.7373"
"2085331906","2039845465","4.7373"
"2039845465","2089769620","1.07063"
"2089769620","2039845465","1.07063"
"2058049109","2072053556","0.541667"
"2072053556","2058049109","0.541667"
"2058049109","2079103797","0.166667"
"2079103797","2058049109","0.166667"
"2058049109","2085331906","1.325"
"2085331906","2058049109","1.325"
"2058049109","2089769620","0.291667"
"2089769620","2058049109","0.291667"
"2072053556","2079103797","0.666667"
"2079103797","2072053556","0.666667"
"2072053556","2085331906","3.03889"
"2085331906","2072053556","3.03889"
"2072053556","2089769620","1.62778"
"2089769620","2072053556","1.62778"
"2079103797","2085331906","0.666667"
"2085331906","2079103797","0.666667"
"2079103797","2089769620","0.166667"
"2089769620","2079103797","0.166667"
"2085331906","2089769620","3.82063"
"2089769620","2085331906","3.82063"
"1785361452","2078589471","2.98571"
"2078589471","1785361452","2.98571"
"1785361452","2126101048","1.61905"
"2126101048","1785361452","1.61905"
"1785361452","1978752833","0.25"
"1978752833","1785361452","0.25"
"1785361452","2025388029","0.25"
"2025388029","1785361452","0.25"
"1785361452","2119833754","0.25"
"2119833754","1785361452","0.25"
"1785361452","2907517748","3.85238"
"2907517748","1785361452","3.85238"
"1978752833","2119833754","0.25"
"2119833754","1978752833","0.25"
"1978752833","2907517748","0.5"
"2907517748","1978752833","0.5"
"2025388029","2119833754","3.55119"
"2119833754","2025388029","3.55119"
"2025388029","2907517748","0.5"
"2907517748","2025388029","0.5"
"2119833754","2907517748","0.25"
"2907517748","2119833754","0.25"
"1785361452","2883714102","4.10238"
"2883714102","1785361452","4.10238"
"2883714102","2907517748","10.6024"
"2907517748","2883714102","10.6024"
"1785361452","2898187322","0.95"
"2898187322","1785361452","0.95"
"2883714102","2898187322","1.28333"
"2898187322","2883714102","1.28333"
"2898187322","2907517748","1.03333"
"2907517748","2898187322","1.03333"
"1785361452","2018851841","2.95"
"2018851841","1785361452","2.95"
"2018851841","2883714102","1.28333"
"2883714102","2018851841","1.28333"
"2018851841","2907517748","1.03333"
"2907517748","2018851841","1.03333"
"1785361452","2898084560","0.616667"
"2898084560","1785361452","0.616667"
"2018851841","2898084560","1.11667"
"2898084560","2018851841","1.11667"
"2018851841","2898187322","1.11667"
"2898187322","2018851841","1.11667"
"2883714102","2898084560","0.45"
"2898084560","2883714102","0.45"
"2898084560","2898187322","1.11667"
"2898187322","2898084560","1.11667"
"1785361452","2022991029","1.16667"
"2022991029","1785361452","1.16667"
"2018851841","2022991029","2.58333"
"2022991029","2018851841","2.58333"
"2898084560","2907517748","0.2"
"2907517748","2898084560","0.2"
"2126101048","2883714102","0.619048"
"2883714102","2126101048","0.619048"
"2126101048","2907517748","0.619048"
"2907517748","2126101048","0.619048"
"2022991029","2883714102","0.5"
"2883714102","2022991029","0.5"
"2022991029","2907517748","0.5"
"2907517748","2022991029","0.5"
"2078589471","2883714102","2.06905"
"2883714102","2078589471","2.06905"
"2078589471","2907517748","1.81905"
"2907517748","2078589471","1.81905"
"1785361452","2109308412","0.535714"
"2109308412","1785361452","0.535714"
"1785361452","2126318893","1.40238"
"2126318893","1785361452","1.40238"
"1785361452","2172173129","0.285714"
"2172173129","1785361452","0.285714"
"2078589471","2109308412","2.03571"
"2109308412","2078589471","2.03571"
"2078589471","2126101048","0.285714"
"2126101048","2078589471","0.285714"
"2078589471","2126318893","4.06905"
"2126318893","2078589471","4.06905"
"2078589471","2172173129","0.785714"
"2172173129","2078589471","0.785714"
"2109308412","2126101048","0.619048"
"2126101048","2109308412","0.619048"
"2109308412","2126318893","0.535714"
"2126318893","2109308412","0.535714"
"2109308412","2172173129","2.61905"
"2172173129","2109308412","2.61905"
"2109308412","2883714102","0.535714"
"2883714102","2109308412","0.535714"
"2109308412","2907517748","0.285714"
"2907517748","2109308412","0.285714"
"2126101048","2126318893","0.285714"
"2126318893","2126101048","0.285714"
"2126318893","2172173129","0.785714"
"2172173129","2126318893","0.785714"
"2126318893","2883714102","0.985714"
"2883714102","2126318893","0.985714"
"2126318893","2907517748","0.735714"
"2907517748","2126318893","0.735714"
"2172173129","2883714102","0.285714"
"2883714102","2172173129","0.285714"
"2172173129","2907517748","0.285714"
"2907517748","2172173129","0.285714"
"1785361452","2091322005","0.583333"
"2091322005","1785361452","0.583333"
"2091322005","2883714102","1.83333"
"2883714102","2091322005","1.83333"
"2091322005","2907517748","0.833333"
"2907517748","2091322005","0.833333"
"2018851841","2078589471","0.583333"
"2078589471","2018851841","0.583333"
"2018851841","2126318893","1.58333"
"2126318893","2018851841","1.58333"
"2022991029","2078589471","0.583333"
"2078589471","2022991029","0.583333"
"2022991029","2126318893","0.583333"
"2126318893","2022991029","0.583333"
"2022991029","2898084560","0.166667"
"2898084560","2022991029","0.166667"
"2022991029","2898187322","0.166667"
"2898187322","2022991029","0.166667"
"2078589471","2898084560","0.166667"
"2898084560","2078589471","0.166667"
"2078589471","2898187322","0.166667"
"2898187322","2078589471","0.166667"
"2126318893","2898084560","0.166667"
"2898084560","2126318893","0.166667"
"2126318893","2898187322","0.166667"
"2898187322","2126318893","0.166667"
"2078589471","2091322005","0.25"
"2091322005","2078589471","0.25"
"1785361452","2079103797","0.2"
"2079103797","1785361452","0.2"
"2078589471","2079103797","0.7"
"2079103797","2078589471","0.7"
"2079103797","2126318893","0.2"
"2126318893","2079103797","0.2"
"2079103797","2883714102","0.2"
"2883714102","2079103797","0.2"
"2079103797","2907517748","0.2"
"2907517748","2079103797","0.2"
"1867497115","2016586351","1.72619"
"2016586351","1867497115","1.72619"
"1867497115","2113294471","0.75"
"2113294471","1867497115","0.75"
"2016586351","2113294471","1.58333"
"2113294471","2016586351","1.58333"
"1867497115","1889199825","4.95238"
"1889199825","1867497115","4.95238"
"1889199825","2016586351","3.39286"
"2016586351","1889199825","3.39286"
"1867497115","2025388029","0.285714"
"2025388029","1867497115","0.285714"
"1867497115","2039845465","0.142857"
"2039845465","1867497115","0.142857"
"1867497115","2073153783","0.142857"
"2073153783","1867497115","0.142857"
"1867497115","2085331906","0.392857"
"2085331906","1867497115","0.392857"
"1867497115","2089769620","0.142857"
"2089769620","1867497115","0.142857"
"1889199825","2025388029","0.396825"
"2025388029","1889199825","0.396825"
"1889199825","2039845465","0.142857"
"2039845465","1889199825","0.142857"
"1889199825","2073153783","0.253968"
"2073153783","1889199825","0.253968"
"1889199825","2085331906","0.503968"
"2085331906","1889199825","0.503968"
"1889199825","2089769620","0.142857"
"2089769620","1889199825","0.142857"
"2016586351","2025388029","0.142857"
"2025388029","2016586351","0.142857"
"2016586351","2039845465","0.142857"
"2039845465","2016586351","0.142857"
"2016586351","2073153783","0.142857"
"2073153783","2016586351","0.142857"
"2016586351","2085331906","0.142857"
"2085331906","2016586351","0.142857"
"2016586351","2089769620","0.142857"
"2089769620","2016586351","0.142857"
"2025388029","2073153783","0.365079"
"2073153783","2025388029","0.365079"
"2025388029","2089769620","0.878968"
"2089769620","2025388029","0.878968"
"2039845465","2073153783","2.32897"
"2073153783","2039845465","2.32897"
"2073153783","2085331906","1.47341"
"2085331906","2073153783","1.47341"
"2073153783","2089769620","1.02897"
"2089769620","2073153783","1.02897"
"1867497115","1969849199","1.22619"
"1969849199","1867497115","1.22619"
"1867497115","1980402695","0.392857"
"1980402695","1867497115","0.392857"
"1867497115","1993953675","0.142857"
"1993953675","1867497115","0.142857"
"1867497115","2007171182","0.47619"
"2007171182","1867497115","0.47619"
"1867497115","2119833754","0.142857"
"2119833754","1867497115","0.142857"
"1889199825","1969849199","1.22619"
"1969849199","1889199825","1.22619"
"1889199825","1980402695","0.503968"
"1980402695","1889199825","0.503968"
"1889199825","1993953675","0.253968"
"1993953675","1889199825","0.253968"
"1889199825","2007171182","0.47619"
"2007171182","1889199825","0.47619"
"1889199825","2119833754","0.142857"
"2119833754","1889199825","0.142857"
"1969849199","1980402695","14.0595"
"1980402695","1969849199","14.0595"
"1969849199","1993953675","0.753968"
"1993953675","1969849199","0.753968"
"1969849199","2007171182","2.9123"
"2007171182","1969849199","2.9123"
"1969849199","2025388029","0.753968"
"2025388029","1969849199","0.753968"
"1969849199","2119833754","0.342857"
"2119833754","1969849199","0.342857"
"1980402695","1993953675","0.953968"
"1993953675","1980402695","0.953968"
"1980402695","2007171182","2.25952"
"2007171182","1980402695","2.25952"
"1980402695","2025388029","0.587302"
"2025388029","1980402695","0.587302"
"1980402695","2119833754","0.142857"
"2119833754","1980402695","0.142857"
"1993953675","2007171182","0.420635"
"2007171182","1993953675","0.420635"
"1993953675","2119833754","0.342857"
"2119833754","1993953675","0.342857"
"2007171182","2025388029","1.2123"
"2025388029","2007171182","1.2123"
"2007171182","2119833754","0.967857"
"2119833754","2007171182","0.967857"
"1867497115","2041800469","0.333333"
"2041800469","1867497115","0.333333"
"1889199825","2041800469","2.66667"
"2041800469","1889199825","2.66667"
"2016586351","2041800469","0.833333"
"2041800469","2016586351","0.833333"
"1969849199","2085331906","2.31944"
"2085331906","1969849199","2.31944"
"1980402695","2085331906","4.17778"
"2085331906","1980402695","4.17778"
"1867497115","2024194940","0.75"
"2024194940","1867497115","0.75"
"1889199825","2024194940","15.8611"
"2024194940","1889199825","15.8611"
"2016586351","2024194940","2.41667"
"2024194940","2016586351","2.41667"
"2024194940","2113294471","1.19444"
"2113294471","2024194940","1.19444"
"1889199825","1983433912","0.166667"
"1983433912","1889199825","0.166667"
"1889199825","2290347273","0.611111"
"2290347273","1889199825","0.611111"
"1983433912","2016586351","0.166667"
"2016586351","1983433912","0.166667"
"1983433912","2024194940","1.66667"
"2024194940","1983433912","1.66667"
"1983433912","2041800469","0.666667"
"2041800469","1983433912","0.666667"
"1983433912","2113294471","0.166667"
"2113294471","1983433912","0.166667"
"1983433912","2290347273","2.16667"
"2290347273","1983433912","2.16667"
"2016586351","2290347273","0.166667"
"2290347273","2016586351","0.166667"
"2024194940","2041800469","1.83333"
"2041800469","2024194940","1.83333"
"2024194940","2290347273","0.611111"
"2290347273","2024194940","0.611111"
"2041800469","2113294471","0.166667"
"2113294471","2041800469","0.166667"
"2041800469","2290347273","1.5"
"2290347273","2041800469","1.5"
"2113294471","2290347273","0.277778"
"2290347273","2113294471","0.277778"
"1889199825","2072053556","0.111111"
"2072053556","1889199825","0.111111"
"1980402695","2024194940","0.111111"
"2024194940","1980402695","0.111111"
"1980402695","2072053556","0.644444"
"2072053556","1980402695","0.644444"
"1980402695","2073153783","1.22778"
"2073153783","1980402695","1.22778"
"1980402695","2113294471","0.111111"
"2113294471","1980402695","0.111111"
"1980402695","2290347273","0.111111"
"2290347273","1980402695","0.111111"
"1993953675","2024194940","0.111111"
"2024194940","1993953675","0.111111"
"1993953675","2073153783","0.222222"
"2073153783","1993953675","0.222222"
"1993953675","2085331906","0.422222"
"2085331906","1993953675","0.422222"
"1993953675","2113294471","0.111111"
"2113294471","1993953675","0.111111"
"1993953675","2290347273","0.111111"
"2290347273","1993953675","0.111111"
"2024194940","2025388029","0.111111"
"2025388029","2024194940","0.111111"
"2024194940","2072053556","0.111111"
"2072053556","2024194940","0.111111"
"2024194940","2073153783","0.111111"
"2073153783","2024194940","0.111111"
"2024194940","2085331906","0.111111"
"2085331906","2024194940","0.111111"
"2025388029","2113294471","0.111111"
"2113294471","2025388029","0.111111"
"2025388029","2290347273","0.111111"
"2290347273","2025388029","0.111111"
"2072053556","2073153783","1.58056"
"2073153783","2072053556","1.58056"
"2072053556","2113294471","0.111111"
"2113294471","2072053556","0.111111"
"2072053556","2290347273","0.111111"
"2290347273","2072053556","0.111111"
"2073153783","2113294471","0.111111"
"2113294471","2073153783","0.111111"
"2073153783","2290347273","0.111111"
"2290347273","2073153783","0.111111"
"2085331906","2113294471","0.111111"
"2113294471","2085331906","0.111111"
"2085331906","2290347273","0.111111"
"2290347273","2085331906","0.111111"
"1969849199","2118917344","21"
"2118917344","1969849199","21"
"1980402695","2118917344","1"
"2118917344","1980402695","1"
"2085331906","2118917344","2"
"2118917344","2085331906","2"
"1969849199","2073153783","0.902778"
"2073153783","1969849199","0.902778"
"1969849199","2089769620","1.43611"
"2089769620","1969849199","1.43611"
"1969849199","2004152072","0.5"
"2004152072","1969849199","0.5"
"1969849199","2898299234","0.5"
"2898299234","1969849199","0.5"
"2004152072","2898299234","0.5"
"2898299234","2004152072","0.5"
"1969849199","2023486517","0.125"
"2023486517","1969849199","0.125"
"1969849199","2025251681","0.125"
"2025251681","1969849199","0.125"
"1969849199","2039845465","0.436111"
"2039845465","1969849199","0.436111"
"1969849199","2072053556","0.769444"
"2072053556","1969849199","0.769444"
"2007171182","2023486517","0.25"
"2023486517","2007171182","0.25"
"2007171182","2025251681","0.291667"
"2025251681","2007171182","0.291667"
"2007171182","2039845465","8.42778"
"2039845465","2007171182","8.42778"
"2007171182","2072053556","1.12778"
"2072053556","2007171182","1.12778"
"2007171182","2073153783","0.886111"
"2073153783","2007171182","0.886111"
"2007171182","2085331906","2.17778"
"2085331906","2007171182","2.17778"
"2007171182","2089769620","1.21111"
"2089769620","2007171182","1.21111"
"2023486517","2025251681","0.125"
"2025251681","2023486517","0.125"
"2023486517","2073153783","0.375"
"2073153783","2023486517","0.375"
"2023486517","2085331906","0.25"
"2085331906","2023486517","0.25"
"2023486517","2089769620","0.25"
"2089769620","2023486517","0.25"
"2025251681","2039845465","0.491667"
"2039845465","2025251681","0.491667"
"2025251681","2072053556","1.54167"
"2072053556","2025251681","1.54167"
"2025251681","2073153783","0.125"
"2073153783","2025251681","0.125"
"2025251681","2085331906","0.325"
"2085331906","2025251681","0.325"
"2025251681","2089769620","0.125"
"2089769620","2025251681","0.125"
"1969849199","2025547449","0.111111"
"2025547449","1969849199","0.111111"
"1993953675","2089769620","0.111111"
"2089769620","1993953675","0.111111"
"2007171182","2025547449","0.111111"
"2025547449","2007171182","0.111111"
"2025547449","2073153783","0.111111"
"2073153783","2025547449","0.111111"
"2025547449","2085331906","0.111111"
"2085331906","2025547449","0.111111"
"2025547449","2089769620","0.111111"
"2089769620","2025547449","0.111111"
"1980402695","2089769620","0.95"
"2089769620","1980402695","0.95"
"2039845465","2119833754","1.075"
"2119833754","2039845465","1.075"
"2072053556","2119833754","0.325"
"2119833754","2072053556","0.325"
"2089769620","2119833754","0.325"
"2119833754","2089769620","0.325"
"1969849199","1978752833","0.5"
"1978752833","1969849199","0.5"
"1978752833","2883714102","0.75"
"2883714102","1978752833","0.75"
"2004152072","2883714102","0.25"
"2883714102","2004152072","0.25"
"2004152072","2907517748","0.25"
"2907517748","2004152072","0.25"
"2025388029","2883714102","0.75"
"2883714102","2025388029","0.75"
"1978752833","2159883519","0.5"
"2159883519","1978752833","0.5"
"2025388029","2159883519","3.7"
"2159883519","2025388029","3.7"
"1978752833","1992913308","2"
"1992913308","1978752833","2"
"1980402695","2039845465","1.86667"
"2039845465","1980402695","1.86667"
"1980402695","2025251681","0.2"
"2025251681","1980402695","0.2"
"1980402695","2058049109","0.2"
"2058049109","1980402695","0.2"
"1993953675","2058049109","1.78333"
"2058049109","1993953675","1.78333"
"2025251681","2058049109","0.783333"
"2058049109","2025251681","0.783333"
"1980402695","2004152072","0.5"
"2004152072","1980402695","0.5"
"2004152072","2085331906","0.5"
"2085331906","2004152072","0.5"
"1992913308","2085331906","1"
"2085331906","1992913308","1"
"1993953675","2159883519","1.36667"
"2159883519","1993953675","1.36667"
"2004152072","2023486517","0.2"
"2023486517","2004152072","0.2"
"2004152072","2119833754","0.2"
"2119833754","2004152072","0.2"
"2004152072","2159883519","0.2"
"2159883519","2004152072","0.2"
"2023486517","2119833754","1.40833"
"2119833754","2023486517","1.40833"
"2023486517","2159883519","0.533333"
"2159883519","2023486517","0.533333"
"2119833754","2159883519","0.7"
"2159883519","2119833754","0.7"
"1993953675","2803132452","0.166667"
"2803132452","1993953675","0.166667"
"2007171182","2159883519","0.166667"
"2159883519","2007171182","0.166667"
"2007171182","2803132452","0.166667"
"2803132452","2007171182","0.166667"
"2025251681","2159883519","0.166667"
"2159883519","2025251681","0.166667"
"2025251681","2803132452","0.166667"
"2803132452","2025251681","0.166667"
"2039845465","2159883519","0.166667"
"2159883519","2039845465","0.166667"
"2039845465","2803132452","1.16667"
"2803132452","2039845465","1.16667"
"2072053556","2159883519","0.666667"
"2159883519","2072053556","0.666667"
"2159883519","2803132452","0.166667"
"2803132452","2159883519","0.166667"
"2025388029","2058049109","0.708333"
"2058049109","2025388029","0.708333"
"2004152072","2109308412","0.5"
"2109308412","2004152072","0.5"
"2004152072","2512799526","0.5"
"2512799526","2004152072","0.5"
"2109308412","2512799526","0.5"
"2512799526","2109308412","0.5"
"2007171182","2058049109","0.458333"
"2058049109","2007171182","0.458333"
"2023486517","2058049109","0.125"
"2058049109","2023486517","0.125"
"2058049109","2119833754","0.125"
"2119833754","2058049109","0.125"
"2085331906","2119833754","0.125"
"2119833754","2085331906","0.125"
"2018851841","2025388029","0.166667"
"2025388029","2018851841","0.166667"
"2018851841","2159883519","0.166667"
"2159883519","2018851841","0.166667"
"2018851841","2512799526","0.166667"
"2512799526","2018851841","0.166667"
"2022991029","2025388029","0.166667"
"2025388029","2022991029","0.166667"
"2022991029","2159883519","0.166667"
"2159883519","2022991029","0.166667"
"2022991029","2512799526","0.166667"
"2512799526","2022991029","0.166667"
"2025388029","2078589471","0.166667"
"2078589471","2025388029","0.166667"
"2025388029","2126318893","0.166667"
"2126318893","2025388029","0.166667"
"2025388029","2512799526","0.166667"
"2512799526","2025388029","0.166667"
"2078589471","2159883519","0.166667"
"2159883519","2078589471","0.166667"
"2078589471","2512799526","0.166667"
"2512799526","2078589471","0.166667"
"2126318893","2159883519","0.166667"
"2159883519","2126318893","0.166667"
"2126318893","2512799526","0.166667"
"2512799526","2126318893","0.166667"
"2159883519","2512799526","0.166667"
"2512799526","2159883519","0.166667"
"2018851841","2109308412","0.333333"
"2109308412","2018851841","0.333333"
"2018851841","2126101048","0.333333"
"2126101048","2018851841","0.333333"
"2018851841","2172173129","0.333333"
"2172173129","2018851841","0.333333"
"2018851841","2091322005","0.25"
"2091322005","2018851841","0.25"
"2022991029","2091322005","0.25"
"2091322005","2022991029","0.25"
"2025547449","2119833754","0.833333"
"2119833754","2025547449","0.833333"
"2023486517","2126101048","0.333333"
"2126101048","2023486517","0.333333"
"2126101048","2159883519","0.333333"
"2159883519","2126101048","0.333333"
"2023486517","2079103797","0.25"
"2079103797","2023486517","0.25"
"2073153783","2079103797","0.25"
"2079103797","2073153783","0.25"
"2073153783","2119833754","0.25"
"2119833754","2073153783","0.25"
"2079103797","2119833754","0.25"
"2119833754","2079103797","0.25"
"2025547449","2172173129","0.5"
"2172173129","2025547449","0.5"
"2025547449","2159883519","0.5"
"2159883519","2025547449","0.5"
"2030964647","2803132452","5"
"2803132452","2030964647","5"
"2077707476","2803132452","2"
"2803132452","2077707476","2"
"2079103797","2109308412","3.5"
"2109308412","2079103797","3.5"
"2883714102","2898299234","0.5"
"2898299234","2883714102","0.5"
"2898299234","2907517748","0.5"
"2907517748","2898299234","0.5"
