"109471759","2106799754","7.22164"
"2106799754","109471759","7.22164"
"109471759","1535642800","1"
"1535642800","109471759","1"
"1535642800","2106799754","1"
"2106799754","1535642800","1"
"109471759","1800636091","0.333333"
"1800636091","109471759","0.333333"
"109471759","2165604170","0.912121"
"2165604170","109471759","0.912121"
"1800636091","2106799754","0.333333"
"2106799754","1800636091","0.333333"
"1800636091","2165604170","0.333333"
"2165604170","1800636091","0.333333"
"2106799754","2165604170","0.489899"
"2165604170","2106799754","0.489899"
"109471759","1566692431","0.545455"
"1566692431","109471759","0.545455"
"1566692431","2106799754","0.545455"
"2106799754","1566692431","0.545455"
"109471759","2104871746","0.378788"
"2104871746","109471759","0.378788"
"109471759","2115009463","0.521645"
"2115009463","109471759","0.521645"
"2104871746","2115009463","2.30262"
"2115009463","2104871746","2.30262"
"2104871746","2165604170","2.19428"
"2165604170","2104871746","2.19428"
"2115009463","2165604170","2.86584"
"2165604170","2115009463","2.86584"
"109471759","141898540","0.0454545"
"141898540","109471759","0.0454545"
"109471759","1536406736","0.188312"
"1536406736","109471759","0.188312"
"109471759","160219894","0.0454545"
"160219894","109471759","0.0454545"
"109471759","1901761247","0.0454545"
"1901761247","109471759","0.0454545"
"109471759","1966508407","0.0454545"
"1966508407","109471759","0.0454545"
"109471759","1977259986","0.245455"
"1977259986","109471759","0.245455"
"109471759","2017599290","0.0454545"
"2017599290","109471759","0.0454545"
"109471759","2030008967","0.245455"
"2030008967","109471759","0.245455"
"109471759","2100135625","0.0454545"
"2100135625","109471759","0.0454545"
"109471759","2102897289","0.0454545"
"2102897289","109471759","0.0454545"
"109471759","2105117915","0.0454545"
"2105117915","109471759","0.0454545"
"109471759","2135067541","0.0454545"
"2135067541","109471759","0.0454545"
"109471759","2159049592","0.0454545"
"2159049592","109471759","0.0454545"
"109471759","2163360974","0.0454545"
"2163360974","109471759","0.0454545"
"109471759","2166831597","0.245455"
"2166831597","109471759","0.245455"
"109471759","2532332356","0.0454545"
"2532332356","109471759","0.0454545"
"109471759","2613427272","0.0454545"
"2613427272","109471759","0.0454545"
"141898540","1536406736","1.4622"
"1536406736","141898540","1.4622"
"141898540","1566692431","3.6582"
"1566692431","141898540","3.6582"
"141898540","160219894","0.0724816"
"160219894","141898540","0.0724816"
"141898540","1901761247","0.562812"
"1901761247","141898540","0.562812"
"141898540","1966508407","0.108196"
"1966508407","141898540","0.108196"
"141898540","1977259986","0.128788"
"1977259986","141898540","0.128788"
"141898540","2017599290","0.783196"
"2017599290","141898540","0.783196"
"141898540","2030008967","0.631419"
"2030008967","141898540","0.631419"
"141898540","2100135625","0.539087"
"2100135625","141898540","0.539087"
"141898540","2102897289","1.09428"
"2102897289","141898540","1.09428"
"141898540","2104871746","1.23119"
"2104871746","141898540","1.23119"
"141898540","2105117915","0.170455"
"2105117915","141898540","0.170455"
"141898540","2106799754","0.0454545"
"2106799754","141898540","0.0454545"
"141898540","2115009463","2.89593"
"2115009463","141898540","2.89593"
"141898540","2135067541","0.421724"
"2135067541","141898540","0.421724"
"141898540","2159049592","0.670455"
"2159049592","141898540","0.670455"
"141898540","2163360974","0.0724816"
"2163360974","141898540","0.0724816"
"141898540","2165604170","1.13357"
"2165604170","141898540","1.13357"
"141898540","2166831597","0.282438"
"2166831597","141898540","0.282438"
"141898540","2532332356","0.175009"
"2532332356","141898540","0.175009"
"141898540","2613427272","0.122482"
"2613427272","141898540","0.122482"
"1536406736","1566692431","0.462897"
"1566692431","1536406736","0.462897"
"1536406736","160219894","0.0724816"
"160219894","1536406736","0.0724816"
"1536406736","1901761247","0.388751"
"1901761247","1536406736","0.388751"
"1536406736","1966508407","0.135974"
"1966508407","1536406736","0.135974"
"1536406736","1977259986","0.136364"
"1977259986","1536406736","0.136364"
"1536406736","2017599290","0.374105"
"2017599290","1536406736","0.374105"
"1536406736","2030008967","0.363287"
"2030008967","1536406736","0.363287"
"1536406736","2100135625","0.179624"
"2100135625","1536406736","0.179624"
"1536406736","2102897289","1.08684"
"2102897289","1536406736","1.08684"
"1536406736","2104871746","0.847853"
"2104871746","1536406736","0.847853"
"1536406736","2105117915","0.198232"
"2105117915","1536406736","0.198232"
"1536406736","2106799754","0.188312"
"2106799754","1536406736","0.188312"
"1536406736","2115009463","1.68086"
"2115009463","1536406736","1.68086"
"1536406736","2135067541","0.67491"
"2135067541","1536406736","0.67491"
"1536406736","2159049592","0.261364"
"2159049592","1536406736","0.261364"
"1536406736","2163360974","0.163391"
"2163360974","1536406736","0.163391"
"1536406736","2165604170","0.788463"
"2165604170","1536406736","0.788463"
"1536406736","2166831597","0.394715"
"2166831597","1536406736","0.394715"
"1536406736","2532332356","0.322378"
"2532332356","1536406736","0.322378"
"1536406736","2613427272","0.199405"
"2613427272","1536406736","0.199405"
"1566692431","160219894","0.0724816"
"160219894","1566692431","0.0724816"
"1566692431","1901761247","0.208196"
"1901761247","1566692431","0.208196"
"1566692431","1966508407","0.260974"
"1966508407","1566692431","0.260974"
"1566692431","1977259986","1.02045"
"1977259986","1566692431","1.02045"
"1566692431","2017599290","1.44986"
"2017599290","1566692431","1.44986"
"1566692431","2030008967","0.122378"
"2030008967","1566692431","0.122378"
"1566692431","2100135625","0.233196"
"2100135625","1566692431","0.233196"
"1566692431","2102897289","0.700259"
"2102897289","1566692431","0.700259"
"1566692431","2104871746","1.85774"
"2104871746","1566692431","1.85774"
"1566692431","2105117915","0.406566"
"2105117915","1566692431","0.406566"
"1566692431","2115009463","0.310516"
"2115009463","1566692431","0.310516"
"1566692431","2135067541","0.760516"
"2135067541","1566692431","0.760516"
"1566692431","2159049592","1.00379"
"2159049592","1566692431","1.00379"
"1566692431","2163360974","0.0724816"
"2163360974","1566692431","0.0724816"
"1566692431","2165604170","2.44986"
"2165604170","1566692431","2.44986"
"1566692431","2166831597","2.04623"
"2166831597","1566692431","2.04623"
"1566692431","2532332356","0.322378"
"2532332356","1566692431","0.322378"
"1566692431","2613427272","0.466071"
"2613427272","1566692431","0.466071"
"160219894","1901761247","0.0724816"
"1901761247","160219894","0.0724816"
"160219894","1966508407","0.572482"
"1966508407","160219894","0.572482"
"160219894","1977259986","0.0454545"
"1977259986","160219894","0.0454545"
"160219894","2017599290","0.322482"
"2017599290","160219894","0.322482"
"160219894","2030008967","0.0454545"
"2030008967","160219894","0.0454545"
"160219894","2100135625","0.0724816"
"2100135625","160219894","0.0724816"
"160219894","2102897289","0.0724816"
"2102897289","160219894","0.0724816"
"160219894","2104871746","0.0724816"
"2104871746","160219894","0.0724816"
"160219894","2105117915","0.0454545"
"2105117915","160219894","0.0454545"
"160219894","2106799754","0.0454545"
"2106799754","160219894","0.0454545"
"160219894","2115009463","0.0724816"
"2115009463","160219894","0.0724816"
"160219894","2135067541","0.322482"
"2135067541","160219894","0.322482"
"160219894","2159049592","0.0454545"
"2159049592","160219894","0.0454545"
"160219894","2163360974","0.322482"
"2163360974","160219894","0.322482"
"160219894","2165604170","0.0724816"
"2165604170","160219894","0.0724816"
"160219894","2166831597","0.322482"
"2166831597","160219894","0.322482"
"160219894","2532332356","0.0454545"
"2532332356","160219894","0.0454545"
"160219894","2613427272","0.0724816"
"2613427272","160219894","0.0724816"
"1901761247","1966508407","0.108196"
"1966508407","1901761247","0.108196"
"1901761247","1977259986","0.367677"
"1977259986","1901761247","0.367677"
"1901761247","2017599290","0.233196"
"2017599290","1901761247","0.233196"
"1901761247","2030008967","0.948086"
"2030008967","1901761247","0.948086"
"1901761247","2100135625","0.779624"
"2100135625","1901761247","0.779624"
"1901761247","2102897289","0.399466"
"2102897289","1901761247","0.399466"
"1901761247","2104871746","0.747482"
"2104871746","1901761247","0.747482"
"1901761247","2105117915","0.170455"
"2105117915","1901761247","0.170455"
"1901761247","2106799754","0.156566"
"2106799754","1901761247","0.156566"
"1901761247","2115009463","0.228037"
"2115009463","1901761247","0.228037"
"1901761247","2135067541","0.297482"
"2135067541","1901761247","0.297482"
"1901761247","2159049592","0.170455"
"2159049592","1901761247","0.170455"
"1901761247","2163360974","0.0724816"
"2163360974","1901761247","0.0724816"
"1901761247","2165604170","0.394307"
"2165604170","1901761247","0.394307"
"1901761247","2166831597","0.219307"
"2166831597","1901761247","0.219307"
"1901761247","2532332356","0.209197"
"2532332356","1901761247","0.209197"
"1901761247","2613427272","0.172482"
"2613427272","1901761247","0.172482"
"1966508407","1977259986","0.170455"
"1977259986","1966508407","0.170455"
"1966508407","2017599290","0.691529"
"2017599290","1966508407","0.691529"
"1966508407","2030008967","0.0454545"
"2030008967","1966508407","0.0454545"
"1966508407","2100135625","0.233196"
"2100135625","1966508407","0.233196"
"1966508407","2102897289","0.391926"
"2102897289","1966508407","0.391926"
"1966508407","2104871746","0.364148"
"2104871746","1966508407","0.364148"
"1966508407","2105117915","0.0732323"
"2105117915","1966508407","0.0732323"
"1966508407","2106799754","0.0454545"
"2106799754","1966508407","0.0454545"
"1966508407","2115009463","0.391926"
"2115009463","1966508407","0.391926"
"1966508407","2135067541","0.808593"
"2135067541","1966508407","0.808593"
"1966508407","2159049592","0.378788"
"2159049592","1966508407","0.378788"
"1966508407","2163360974","2.61415"
"2163360974","1966508407","2.61415"
"1966508407","2165604170","0.108196"
"2165604170","1966508407","0.108196"
"1966508407","2166831597","0.635974"
"2166831597","1966508407","0.635974"
"1966508407","2532332356","0.0454545"
"2532332356","1966508407","0.0454545"
"1966508407","2613427272","0.0724816"
"2613427272","1966508407","0.0724816"
"1977259986","2017599290","0.411364"
"2017599290","1977259986","0.411364"
"1977259986","2030008967","0.0454545"
"2030008967","1977259986","0.0454545"
"1977259986","2100135625","0.0454545"
"2100135625","1977259986","0.0454545"
"1977259986","2102897289","0.353788"
"2102897289","1977259986","0.353788"
"1977259986","2104871746","0.445455"
"2104871746","1977259986","0.445455"
"1977259986","2105117915","0.378788"
"2105117915","1977259986","0.378788"
"1977259986","2106799754","0.156566"
"2106799754","1977259986","0.156566"
"1977259986","2115009463","0.344697"
"2115009463","1977259986","0.344697"
"1977259986","2135067541","0.67803"
"2135067541","1977259986","0.67803"
"1977259986","2159049592","0.411364"
"2159049592","1977259986","0.411364"
"1977259986","2163360974","0.261364"
"2163360974","1977259986","0.261364"
"1977259986","2165604170","0.722475"
"2165604170","1977259986","0.722475"
"1977259986","2166831597","0.580808"
"2166831597","1977259986","0.580808"
"1977259986","2532332356","0.0454545"
"2532332356","1977259986","0.0454545"
"1977259986","2613427272","0.145455"
"2613427272","1977259986","0.145455"
"2017599290","2030008967","0.0454545"
"2030008967","2017599290","0.0454545"
"2017599290","2100135625","0.108196"
"2100135625","2017599290","0.108196"
"2017599290","2102897289","0.352243"
"2102897289","2017599290","0.352243"
"2017599290","2104871746","1.01058"
"2104871746","2017599290","1.01058"
"2017599290","2105117915","0.170455"
"2105117915","2017599290","0.170455"
"2017599290","2106799754","0.0454545"
"2106799754","2017599290","0.0454545"
"2017599290","2115009463","0.368153"
"2115009463","2017599290","0.368153"
"2017599290","2135067541","0.776486"
"2135067541","2017599290","0.776486"
"2017599290","2159049592","12.2745"
"2159049592","2017599290","12.2745"
"2017599290","2163360974","0.413391"
"2163360974","2017599290","0.413391"
"2017599290","2165604170","8.8872"
"2165604170","2017599290","8.8872"
"2017599290","2166831597","2.07411"
"2166831597","2017599290","2.07411"
"2017599290","2532332356","0.116883"
"2532332356","2017599290","0.116883"
"2017599290","2613427272","0.122482"
"2613427272","2017599290","0.122482"
"2030008967","2100135625","1.27045"
"2100135625","2030008967","1.27045"
"2030008967","2102897289","0.286364"
"2102897289","2030008967","0.286364"
"2030008967","2104871746","0.122378"
"2104871746","2030008967","0.122378"
"2030008967","2105117915","0.0454545"
"2105117915","2030008967","0.0454545"
"2030008967","2106799754","0.245455"
"2106799754","2030008967","0.245455"
"2030008967","2115009463","0.513287"
"2115009463","2030008967","0.513287"
"2030008967","2135067541","0.263287"
"2135067541","2030008967","0.263287"
"2030008967","2159049592","0.212121"
"2159049592","2030008967","0.212121"
"2030008967","2163360974","0.0454545"
"2163360974","2030008967","0.0454545"
"2030008967","2165604170","0.35303"
"2165604170","2030008967","0.35303"
"2030008967","2166831597","0.489044"
"2166831597","2030008967","0.489044"
"2030008967","2532332356","0.762311"
"2532332356","2030008967","0.762311"
"2030008967","2613427272","0.122378"
"2613427272","2030008967","0.122378"
"2100135625","2102897289","0.528373"
"2102897289","2100135625","0.528373"
"2100135625","2104871746","0.220833"
"2104871746","2100135625","0.220833"
"2100135625","2105117915","0.0454545"
"2105117915","2100135625","0.0454545"
"2100135625","2106799754","0.0454545"
"2106799754","2100135625","0.0454545"
"2100135625","2115009463","0.671688"
"2115009463","2100135625","0.671688"
"2100135625","2135067541","0.322482"
"2135067541","2100135625","0.322482"
"2100135625","2159049592","0.0454545"
"2159049592","2100135625","0.0454545"
"2100135625","2163360974","0.0724816"
"2163360974","2100135625","0.0724816"
"2100135625","2165604170","0.506548"
"2165604170","2100135625","0.506548"
"2100135625","2166831597","1.2332"
"2166831597","2100135625","1.2332"
"2100135625","2532332356","0.122378"
"2532332356","2100135625","0.122378"
"2100135625","2613427272","0.0724816"
"2613427272","2100135625","0.0724816"
"2102897289","2104871746","1.08595"
"2104871746","2102897289","1.08595"
"2102897289","2105117915","0.0732323"
"2105117915","2102897289","0.0732323"
"2102897289","2106799754","0.0454545"
"2106799754","2102897289","0.0454545"
"2102897289","2115009463","1.75271"
"2115009463","2102897289","1.75271"
"2102897289","2135067541","1.03684"
"2135067541","2102897289","1.03684"
"2102897289","2159049592","0.325216"
"2159049592","2102897289","0.325216"
"2102897289","2163360974","0.739148"
"2163360974","2102897289","0.739148"
"2102897289","2165604170","0.843524"
"2165604170","2102897289","0.843524"
"2102897289","2166831597","1.19117"
"2166831597","2102897289","1.19117"
"2102897289","2532332356","0.193806"
"2532332356","2102897289","0.193806"
"2102897289","2613427272","0.372482"
"2613427272","2102897289","0.372482"
"2104871746","2105117915","0.670455"
"2105117915","2104871746","0.670455"
"2104871746","2106799754","0.0454545"
"2106799754","2104871746","0.0454545"
"2104871746","2135067541","0.695076"
"2135067541","2104871746","0.695076"
"2104871746","2159049592","0.93355"
"2159049592","2104871746","0.93355"
"2104871746","2163360974","0.364148"
"2163360974","2104871746","0.364148"
"2104871746","2166831597","0.823647"
"2166831597","2104871746","0.823647"
"2104871746","2532332356","0.470729"
"2532332356","2104871746","0.470729"
"2104871746","2613427272","0.199405"
"2613427272","2104871746","0.199405"
"2105117915","2106799754","0.0454545"
"2106799754","2105117915","0.0454545"
"2105117915","2115009463","0.0732323"
"2115009463","2105117915","0.0732323"
"2105117915","2135067541","0.198232"
"2135067541","2105117915","0.198232"
"2105117915","2159049592","0.170455"
"2159049592","2105117915","0.170455"
"2105117915","2163360974","0.0454545"
"2163360974","2105117915","0.0454545"
"2105117915","2165604170","0.170455"
"2165604170","2105117915","0.170455"
"2105117915","2166831597","0.0732323"
"2166831597","2105117915","0.0732323"
"2105117915","2532332356","0.0454545"
"2532332356","2105117915","0.0454545"
"2105117915","2613427272","0.0454545"
"2613427272","2105117915","0.0454545"
"2106799754","2115009463","0.188312"
"2115009463","2106799754","0.188312"
"2106799754","2135067541","0.0454545"
"2135067541","2106799754","0.0454545"
"2106799754","2159049592","0.0454545"
"2159049592","2106799754","0.0454545"
"2106799754","2163360974","0.0454545"
"2163360974","2106799754","0.0454545"
"2106799754","2166831597","0.245455"
"2166831597","2106799754","0.245455"
"2106799754","2532332356","0.0454545"
"2532332356","2106799754","0.0454545"
"2106799754","2613427272","0.0454545"
"2613427272","2106799754","0.0454545"
"2115009463","2135067541","2.07967"
"2135067541","2115009463","2.07967"
"2115009463","2159049592","0.291126"
"2159049592","2115009463","0.291126"
"2115009463","2163360974","1.45506"
"2163360974","2115009463","1.45506"
"2115009463","2166831597","1.06733"
"2166831597","2115009463","1.06733"
"2115009463","2532332356","0.360473"
"2532332356","2115009463","0.360473"
"2115009463","2613427272","0.366071"
"2613427272","2115009463","0.366071"
"2135067541","2159049592","0.749459"
"2159049592","2135067541","0.749459"
"2135067541","2163360974","1.28839"
"2163360974","2135067541","1.28839"
"2135067541","2165604170","2.92497"
"2165604170","2135067541","2.92497"
"2135067541","2166831597","1.484"
"2166831597","2135067541","1.484"
"2135067541","2532332356","0.193806"
"2532332356","2135067541","0.193806"
"2135067541","2613427272","0.149405"
"2613427272","2135067541","0.149405"
"2159049592","2163360974","0.136364"
"2163360974","2159049592","0.136364"
"2159049592","2165604170","6.10779"
"2165604170","2159049592","6.10779"
"2159049592","2166831597","1.3447"
"2166831597","2159049592","1.3447"
"2159049592","2532332356","0.116883"
"2532332356","2159049592","0.116883"
"2159049592","2613427272","0.0454545"
"2613427272","2159049592","0.0454545"
"2163360974","2165604170","0.163391"
"2165604170","2163360974","0.163391"
"2163360974","2166831597","0.788391"
"2166831597","2163360974","0.788391"
"2163360974","2532332356","0.0454545"
"2532332356","2163360974","0.0454545"
"2163360974","2613427272","0.0724816"
"2613427272","2163360974","0.0724816"
"2165604170","2166831597","1.83168"
"2166831597","2165604170","1.83168"
"2165604170","2532332356","0.193806"
"2532332356","2165604170","0.193806"
"2165604170","2613427272","0.122482"
"2613427272","2165604170","0.122482"
"2166831597","2532332356","0.122378"
"2532332356","2166831597","0.122378"
"2166831597","2613427272","0.149405"
"2613427272","2166831597","0.149405"
"2532332356","2613427272","0.872378"
"2613427272","2532332356","0.872378"
"109471759","2013214500","0.142857"
"2013214500","109471759","0.142857"
"109471759","2033277693","0.142857"
"2033277693","109471759","0.142857"
"109471759","2169786268","0.142857"
"2169786268","109471759","0.142857"
"109471759","2171038787","0.142857"
"2171038787","109471759","0.142857"
"1536406736","2013214500","0.503968"
"2013214500","1536406736","0.503968"
"1536406736","2033277693","0.170635"
"2033277693","1536406736","0.170635"
"1536406736","2169786268","1.03303"
"2169786268","1536406736","1.03303"
"1536406736","2171038787","0.878193"
"2171038787","1536406736","0.878193"
"2013214500","2033277693","0.370635"
"2033277693","2013214500","0.370635"
"2013214500","2106799754","0.142857"
"2106799754","2013214500","0.142857"
"2013214500","2115009463","0.170635"
"2115009463","2013214500","0.170635"
"2013214500","2169786268","1.17063"
"2169786268","2013214500","1.17063"
"2013214500","2171038787","1.17063"
"2171038787","2013214500","1.17063"
"2033277693","2106799754","0.142857"
"2106799754","2033277693","0.142857"
"2033277693","2115009463","0.170635"
"2115009463","2033277693","0.170635"
"2033277693","2169786268","1.31349"
"2169786268","2033277693","1.31349"
"2033277693","2171038787","0.170635"
"2171038787","2033277693","0.170635"
"2106799754","2169786268","0.142857"
"2169786268","2106799754","0.142857"
"2106799754","2171038787","0.142857"
"2171038787","2106799754","0.142857"
"2115009463","2169786268","1.03541"
"2169786268","2115009463","1.03541"
"2115009463","2171038787","2.81668"
"2171038787","2115009463","2.81668"
"2169786268","2171038787","4.1393"
"2171038787","2169786268","4.1393"
"109471759","1972580182","0.2"
"1972580182","109471759","0.2"
"109471759","2164500157","0.2"
"2164500157","109471759","0.2"
"1972580182","2030008967","0.940909"
"2030008967","1972580182","0.940909"
"1972580182","2106799754","0.2"
"2106799754","1972580182","0.2"
"1972580182","2164500157","0.2"
"2164500157","1972580182","0.2"
"1972580182","2166831597","0.637741"
"2166831597","1972580182","0.637741"
"2030008967","2164500157","0.255556"
"2164500157","2030008967","0.255556"
"2106799754","2164500157","0.2"
"2164500157","2106799754","0.2"
"2164500157","2166831597","0.2"
"2166831597","2164500157","0.2"
"109471759","1986655611","0.2"
"1986655611","109471759","0.2"
"109471759","2017208330","0.2"
"2017208330","109471759","0.2"
"109471759","2161660617","0.2"
"2161660617","109471759","0.2"
"1977259986","1986655611","0.311111"
"1986655611","1977259986","0.311111"
"1977259986","2017208330","0.377778"
"2017208330","1977259986","0.377778"
"1977259986","2161660617","0.468687"
"2161660617","1977259986","0.468687"
"1986655611","2017208330","0.227778"
"2017208330","1986655611","0.227778"
"1986655611","2161660617","1.65221"
"2161660617","1986655611","1.65221"
"1986655611","2165604170","0.8718"
"2165604170","1986655611","0.8718"
"2017208330","2161660617","0.927778"
"2161660617","2017208330","0.927778"
"2017208330","2165604170","0.9"
"2165604170","2017208330","0.9"
"2161660617","2165604170","1.5108"
"2165604170","2161660617","1.5108"
"141898540","1986655611","1.93078"
"1986655611","141898540","1.93078"
"141898540","2161660617","0.898284"
"2161660617","141898540","0.898284"
"141898540","2169786268","1.60463"
"2169786268","141898540","1.60463"
"141898540","2171038787","0.775079"
"2171038787","141898540","0.775079"
"1536406736","1986655611","0.395671"
"1986655611","1536406736","0.395671"
"1536406736","2161660617","0.912453"
"2161660617","1536406736","0.912453"
"1986655611","2102897289","0.544023"
"2102897289","1986655611","0.544023"
"1986655611","2104871746","0.360689"
"2104871746","1986655611","0.360689"
"1986655611","2115009463","1.78377"
"2115009463","1986655611","1.78377"
"1986655611","2135067541","0.690115"
"2135067541","1986655611","0.690115"
"1986655611","2166831597","0.118687"
"2166831597","1986655611","0.118687"
"1986655611","2169786268","0.647448"
"2169786268","1986655611","0.647448"
"1986655611","2171038787","0.533766"
"2171038787","1986655611","0.533766"
"2102897289","2161660617","1.11672"
"2161660617","2102897289","1.11672"
"2102897289","2169786268","1.2064"
"2169786268","2102897289","1.2064"
"2102897289","2171038787","2.33857"
"2171038787","2102897289","2.33857"
"2104871746","2161660617","0.648827"
"2161660617","2104871746","0.648827"
"2104871746","2169786268","0.593211"
"2169786268","2104871746","0.593211"
"2104871746","2171038787","1.64605"
"2171038787","2104871746","1.64605"
"2115009463","2161660617","1.95928"
"2161660617","2115009463","1.95928"
"2135067541","2161660617","0.698961"
"2161660617","2135067541","0.698961"
"2135067541","2169786268","0.525884"
"2169786268","2135067541","0.525884"
"2135067541","2171038787","0.602399"
"2171038787","2135067541","0.602399"
"2161660617","2166831597","1.52234"
"2166831597","2161660617","1.52234"
"2161660617","2169786268","1.99518"
"2169786268","2161660617","1.99518"
"2161660617","2171038787","1.70206"
"2171038787","2161660617","1.70206"
"2165604170","2169786268","0.98382"
"2169786268","2165604170","0.98382"
"2165604170","2171038787","1.97984"
"2171038787","2165604170","1.97984"
"2166831597","2169786268","0.492117"
"2169786268","2166831597","0.492117"
"2166831597","2171038787","0.466685"
"2171038787","2166831597","0.466685"
"141898540","1535642800","0.343651"
"1535642800","141898540","0.343651"
"141898540","1972580182","0.461887"
"1972580182","141898540","0.461887"
"141898540","2320682313","0.620074"
"2320682313","141898540","0.620074"
"1535642800","1536406736","0.432479"
"1536406736","1535642800","0.432479"
"1535642800","1972580182","0.472222"
"1972580182","1535642800","0.472222"
"1535642800","2102897289","1.02143"
"2102897289","1535642800","1.02143"
"1535642800","2104871746","0.654701"
"2104871746","1535642800","0.654701"
"1535642800","2115009463","1.54359"
"2115009463","1535642800","1.54359"
"1535642800","2161660617","0.571429"
"2161660617","1535642800","0.571429"
"1535642800","2165604170","0.244444"
"2165604170","1535642800","0.244444"
"1535642800","2320682313","0.326923"
"2320682313","1535642800","0.326923"
"1536406736","1972580182","0.481428"
"1972580182","1536406736","0.481428"
"1536406736","2320682313","0.625018"
"2320682313","1536406736","0.625018"
"1972580182","2102897289","1.75875"
"2102897289","1972580182","1.75875"
"1972580182","2104871746","0.490061"
"2104871746","1972580182","0.490061"
"1972580182","2115009463","0.390158"
"2115009463","1972580182","0.390158"
"1972580182","2161660617","2.58613"
"2161660617","1972580182","2.58613"
"1972580182","2165604170","1.00002"
"2165604170","1972580182","1.00002"
"1972580182","2320682313","0.502796"
"2320682313","1972580182","0.502796"
"2102897289","2320682313","0.771843"
"2320682313","2102897289","0.771843"
"2104871746","2320682313","0.413413"
"2320682313","2104871746","0.413413"
"2115009463","2320682313","0.921843"
"2320682313","2115009463","0.921843"
"2161660617","2320682313","1.08241"
"2320682313","2161660617","1.08241"
"2165604170","2320682313","0.574224"
"2320682313","2165604170","0.574224"
"141898540","1596089100","0.105556"
"1596089100","141898540","0.105556"
"141898540","1974216976","0.297852"
"1974216976","141898540","0.297852"
"141898540","1991534622","0.785947"
"1991534622","141898540","0.785947"
"141898540","1998096142","0.221429"
"1998096142","141898540","0.221429"
"141898540","2014406712","0.320928"
"2014406712","141898540","0.320928"
"141898540","2063691766","0.28417"
"2063691766","141898540","0.28417"
"141898540","2071947940","0.270928"
"2071947940","141898540","0.270928"
"141898540","2131477909","0.585153"
"2131477909","141898540","0.585153"
"141898540","2145780256","0.289725"
"2145780256","141898540","0.289725"
"1536406736","1596089100","0.155556"
"1596089100","1536406736","0.155556"
"1536406736","1974216976","0.168297"
"1974216976","1536406736","0.168297"
"1536406736","1991534622","0.267503"
"1991534622","1536406736","0.267503"
"1536406736","1998096142","0.268687"
"1998096142","1536406736","0.268687"
"1536406736","2014406712","0.218297"
"2014406712","1536406736","0.218297"
"1536406736","2063691766","0.388871"
"2063691766","1536406736","0.388871"
"1536406736","2071947940","0.296075"
"2071947940","1536406736","0.296075"
"1536406736","2131477909","0.569523"
"2131477909","1536406736","0.569523"
"1536406736","2145780256","0.296075"
"2145780256","1536406736","0.296075"
"1596089100","1901761247","0.641667"
"1901761247","1596089100","0.641667"
"1596089100","1974216976","3.54286"
"1974216976","1596089100","3.54286"
"1596089100","1986655611","0.430556"
"1986655611","1596089100","0.430556"
"1596089100","1991534622","0.272222"
"1991534622","1596089100","0.272222"
"1596089100","1998096142","0.161111"
"1998096142","1596089100","0.161111"
"1596089100","2014406712","0.909524"
"2014406712","1596089100","0.909524"
"1596089100","2063691766","2.78452"
"2063691766","1596089100","2.78452"
"1596089100","2071947940","1.80119"
"2071947940","1596089100","1.80119"
"1596089100","2102897289","0.155556"
"2102897289","1596089100","0.155556"
"1596089100","2104871746","0.05"
"2104871746","1596089100","0.05"
"1596089100","2115009463","0.155556"
"2115009463","1596089100","0.155556"
"1596089100","2131477909","1.14286"
"2131477909","1596089100","1.14286"
"1596089100","2135067541","0.3"
"2135067541","1596089100","0.3"
"1596089100","2145780256","2.00952"
"2145780256","1596089100","2.00952"
"1596089100","2161660617","0.442857"
"2161660617","1596089100","0.442857"
"1596089100","2169786268","0.192857"
"2169786268","1596089100","0.192857"
"1596089100","2171038787","0.155556"
"2171038787","1596089100","0.155556"
"1596089100","2320682313","0.155556"
"2320682313","1596089100","0.155556"
"1901761247","1974216976","0.387595"
"1974216976","1901761247","0.387595"
"1901761247","1986655611","0.480409"
"1986655611","1901761247","0.480409"
"1901761247","1991534622","0.587595"
"1991534622","1901761247","0.587595"
"1901761247","1998096142","0.543651"
"1998096142","1901761247","0.543651"
"1901761247","2014406712","1.57926"
"2014406712","1901761247","1.57926"
"1901761247","2063691766","0.459964"
"2063691766","1901761247","0.459964"
"1901761247","2071947940","0.370928"
"2071947940","1901761247","0.370928"
"1901761247","2131477909","3.23402"
"2131477909","1901761247","3.23402"
"1901761247","2145780256","0.678614"
"2145780256","1901761247","0.678614"
"1901761247","2161660617","0.497913"
"2161660617","1901761247","0.497913"
"1901761247","2169786268","0.603468"
"2169786268","1901761247","0.603468"
"1901761247","2171038787","0.218297"
"2171038787","1901761247","0.218297"
"1901761247","2320682313","2.24871"
"2320682313","1901761247","2.24871"
"1974216976","1986655611","0.502967"
"1986655611","1974216976","0.502967"
"1974216976","1991534622","0.662931"
"1991534622","1974216976","0.662931"
"1974216976","1998096142","0.411111"
"1998096142","1974216976","0.411111"
"1974216976","2014406712","0.655452"
"2014406712","1974216976","0.655452"
"1974216976","2063691766","8.5973"
"2063691766","1974216976","8.5973"
"1974216976","2071947940","1.85589"
"2071947940","1974216976","1.85589"
"1974216976","2102897289","0.542839"
"2102897289","1974216976","0.542839"
"1974216976","2104871746","0.15395"
"2104871746","1974216976","0.15395"
"1974216976","2115009463","0.132583"
"2115009463","1974216976","0.132583"
"1974216976","2131477909","1.67285"
"2131477909","1974216976","1.67285"
"1974216976","2135067541","0.077027"
"2135067541","1974216976","0.077027"
"1974216976","2145780256","1.92667"
"2145780256","1974216976","1.92667"
"1974216976","2161660617","0.242296"
"2161660617","1974216976","0.242296"
"1974216976","2169786268","0.297852"
"2169786268","1974216976","0.297852"
"1974216976","2171038787","0.168297"
"2171038787","1974216976","0.168297"
"1974216976","2320682313","0.690709"
"2320682313","1974216976","0.690709"
"1986655611","1991534622","1.08828"
"1991534622","1986655611","1.08828"
"1986655611","1998096142","0.622222"
"1998096142","1986655611","0.622222"
"1986655611","2014406712","0.383187"
"2014406712","1986655611","0.383187"
"1986655611","2063691766","0.717063"
"2063691766","1986655611","0.717063"
"1986655611","2071947940","0.185965"
"2071947940","1986655611","0.185965"
"1986655611","2131477909","0.603761"
"2131477909","1986655611","0.603761"
"1986655611","2145780256","0.133333"
"2145780256","1986655611","0.133333"
"1986655611","2320682313","1.68828"
"2320682313","1986655611","1.68828"
"1991534622","1998096142","0.388889"
"1998096142","1991534622","0.388889"
"1991534622","2014406712","0.276484"
"2014406712","1991534622","0.276484"
"1991534622","2063691766","0.41036"
"2063691766","1991534622","0.41036"
"1991534622","2071947940","0.248706"
"2071947940","1991534622","0.248706"
"1991534622","2102897289","0.392045"
"2102897289","1991534622","0.392045"
"1991534622","2104871746","0.308712"
"2104871746","1991534622","0.308712"
"1991534622","2115009463","0.648456"
"2115009463","1991534622","0.648456"
"1991534622","2131477909","0.397058"
"2131477909","1991534622","0.397058"
"1991534622","2135067541","0.188138"
"2135067541","1991534622","0.188138"
"1991534622","2145780256","0.25163"
"2145780256","1991534622","0.25163"
"1991534622","2161660617","0.508169"
"2161660617","1991534622","0.508169"
"1991534622","2169786268","0.803407"
"2169786268","1991534622","0.803407"
"1991534622","2171038787","0.68417"
"2171038787","1991534622","0.68417"
"1991534622","2320682313","0.668486"
"2320682313","1991534622","0.668486"
"1998096142","2014406712","0.161111"
"2014406712","1998096142","0.161111"
"1998096142","2063691766","0.427778"
"2063691766","1998096142","0.427778"
"1998096142","2071947940","0.0777778"
"2071947940","1998096142","0.0777778"
"1998096142","2102897289","0.340115"
"2102897289","1998096142","0.340115"
"1998096142","2104871746","0.05"
"2104871746","1998096142","0.05"
"1998096142","2115009463","0.168687"
"2115009463","1998096142","0.168687"
"1998096142","2131477909","0.590115"
"2131477909","1998096142","0.590115"
"1998096142","2135067541","0.168687"
"2135067541","1998096142","0.168687"
"1998096142","2145780256","0.149206"
"2145780256","1998096142","0.149206"
"1998096142","2161660617","0.673449"
"2161660617","1998096142","0.673449"
"1998096142","2169786268","0.801227"
"2169786268","1998096142","0.801227"
"1998096142","2171038787","0.327778"
"2171038787","1998096142","0.327778"
"1998096142","2320682313","0.718687"
"2320682313","1998096142","0.718687"
"2014406712","2063691766","0.561154"
"2063691766","2014406712","0.561154"
"2014406712","2071947940","0.413786"
"2071947940","2014406712","0.413786"
"2014406712","2102897289","0.182583"
"2102897289","2014406712","0.182583"
"2014406712","2104871746","0.077027"
"2104871746","2014406712","0.077027"
"2014406712","2115009463","0.432583"
"2115009463","2014406712","0.432583"
"2014406712","2131477909","3.88998"
"2131477909","2014406712","3.88998"
"2014406712","2135067541","0.127027"
"2135067541","2014406712","0.127027"
"2014406712","2145780256","0.41671"
"2145780256","2014406712","0.41671"
"2014406712","2161660617","0.45823"
"2161660617","2014406712","0.45823"
"2014406712","2169786268","0.363786"
"2169786268","2014406712","0.363786"
"2014406712","2171038787","0.468297"
"2171038787","2014406712","0.468297"
"2014406712","2320682313","0.854262"
"2320682313","2014406712","0.854262"
"2063691766","2071947940","1.57548"
"2071947940","2063691766","1.57548"
"2063691766","2102897289","0.276233"
"2102897289","2063691766","0.276233"
"2063691766","2104871746","0.225379"
"2104871746","2063691766","0.225379"
"2063691766","2115009463","0.253156"
"2115009463","2063691766","0.253156"
"2063691766","2131477909","2.70084"
"2131477909","2063691766","2.70084"
"2063691766","2135067541","0.381728"
"2135067541","2063691766","0.381728"
"2063691766","2145780256","1.64889"
"2145780256","2063691766","1.64889"
"2063691766","2161660617","0.511948"
"2161660617","2063691766","0.511948"
"2063691766","2169786268","0.272998"
"2169786268","2063691766","0.272998"
"2063691766","2171038787","0.288871"
"2171038787","2063691766","0.288871"
"2063691766","2320682313","1.04363"
"2320682313","2063691766","1.04363"
"2071947940","2102897289","0.31036"
"2102897289","2071947940","0.31036"
"2071947940","2104871746","0.127027"
"2104871746","2071947940","0.127027"
"2071947940","2115009463","0.26036"
"2115009463","2071947940","0.26036"
"2071947940","2131477909","0.459817"
"2131477909","2071947940","0.459817"
"2071947940","2135067541","0.154805"
"2135067541","2071947940","0.154805"
"2071947940","2145780256","6.63381"
"2145780256","2071947940","6.63381"
"2071947940","2161660617","0.243151"
"2161660617","2071947940","0.243151"
"2071947940","2169786268","0.193151"
"2169786268","2071947940","0.193151"
"2071947940","2171038787","0.296075"
"2171038787","2071947940","0.296075"
"2071947940","2320682313","0.298706"
"2320682313","2071947940","0.298706"
"2102897289","2131477909","0.782161"
"2131477909","2102897289","0.782161"
"2102897289","2145780256","0.281789"
"2145780256","2102897289","0.281789"
"2104871746","2131477909","0.225379"
"2131477909","2104871746","0.225379"
"2104871746","2145780256","0.127027"
"2145780256","2104871746","0.127027"
"2115009463","2131477909","0.267142"
"2131477909","2115009463","0.267142"
"2115009463","2145780256","0.26036"
"2145780256","2115009463","0.26036"
"2131477909","2135067541","0.195714"
"2135067541","2131477909","0.195714"
"2131477909","2145780256","1.7675"
"2145780256","2131477909","1.7675"
"2131477909","2161660617","1.18003"
"2161660617","2131477909","1.18003"
"2131477909","2169786268","1.63082"
"2169786268","2131477909","1.63082"
"2131477909","2171038787","0.211948"
"2171038787","2131477909","0.211948"
"2131477909","2320682313","1.54432"
"2320682313","2131477909","1.54432"
"2135067541","2145780256","0.154805"
"2145780256","2135067541","0.154805"
"2135067541","2320682313","0.394066"
"2320682313","2135067541","0.394066"
"2145780256","2161660617","0.261948"
"2161660617","2145780256","0.261948"
"2145780256","2169786268","0.267503"
"2169786268","2145780256","0.267503"
"2145780256","2171038787","0.296075"
"2171038787","2145780256","0.296075"
"2145780256","2320682313","0.246075"
"2320682313","2145780256","0.246075"
"2169786268","2320682313","0.709334"
"2320682313","2169786268","0.709334"
"2171038787","2320682313","0.755537"
"2320682313","2171038787","0.755537"
"141898540","1966331977","0.820928"
"1966331977","141898540","0.820928"
"141898540","2065091853","0.292357"
"2065091853","141898540","0.292357"
"141898540","2132920211","1.53596"
"2132920211","141898540","1.53596"
"141898540","2143626105","0.363786"
"2143626105","141898540","0.363786"
"141898540","2183356907","0.363786"
"2183356907","141898540","0.363786"
"1536406736","1966331977","0.168297"
"1966331977","1536406736","0.168297"
"1536406736","2065091853","0.246075"
"2065091853","1536406736","0.246075"
"1536406736","2132920211","0.105556"
"2132920211","1536406736","0.105556"
"1536406736","2143626105","0.317503"
"2143626105","1536406736","0.317503"
"1536406736","2183356907","0.317503"
"2183356907","1536406736","0.317503"
"1596089100","1966331977","0.180556"
"1966331977","1596089100","0.180556"
"1596089100","2065091853","2.53056"
"2065091853","1596089100","2.53056"
"1596089100","2132920211","0.422222"
"2132920211","1596089100","0.422222"
"1596089100","2143626105","0.673413"
"2143626105","1596089100","0.673413"
"1596089100","2183356907","0.673413"
"2183356907","1596089100","0.673413"
"1901761247","1966331977","0.562595"
"1966331977","1901761247","0.562595"
"1901761247","2065091853","1.42291"
"2065091853","1901761247","1.42291"
"1901761247","2132920211","1.80819"
"2132920211","1901761247","1.80819"
"1901761247","2143626105","0.964579"
"2143626105","1901761247","0.964579"
"1901761247","2183356907","0.964579"
"2183356907","1901761247","0.964579"
"1966331977","1974216976","0.46025"
"1974216976","1966331977","0.46025"
"1966331977","1986655611","0.462155"
"1986655611","1966331977","0.462155"
"1966331977","1991534622","0.480452"
"1991534622","1966331977","0.480452"
"1966331977","2014406712","1.61815"
"2014406712","1966331977","1.61815"
"1966331977","2065091853","1.80906"
"2065091853","1966331977","1.80906"
"1966331977","2071947940","0.311838"
"2071947940","1966331977","0.311838"
"1966331977","2102897289","0.0825826"
"2102897289","1966331977","0.0825826"
"1966331977","2115009463","0.132583"
"2115009463","1966331977","0.132583"
"1966331977","2132920211","3.49152"
"2132920211","1966331977","3.49152"
"1966331977","2143626105","2.01739"
"2143626105","1966331977","2.01739"
"1966331977","2145780256","0.314762"
"2145780256","1966331977","0.314762"
"1966331977","2171038787","0.168297"
"2171038787","1966331977","0.168297"
"1966331977","2183356907","2.01739"
"2183356907","1966331977","2.01739"
"1966331977","2320682313","0.313786"
"2320682313","1966331977","0.313786"
"1974216976","2065091853","1.65311"
"2065091853","1974216976","1.65311"
"1974216976","2132920211","0.663743"
"2132920211","1974216976","0.663743"
"1974216976","2143626105","1.77811"
"2143626105","1974216976","1.77811"
"1974216976","2183356907","1.77811"
"2183356907","1974216976","1.77811"
"1986655611","2065091853","0.135965"
