"1506925106","1576737706","13.7193"
"1576737706","1506925106","13.7193"
"1506925106","1872249418","0.833333"
"1872249418","1506925106","0.833333"
"1576737706","1872249418","0.833333"
"1872249418","1576737706","0.833333"
"1506925106","2111687321","0.583333"
"2111687321","1506925106","0.583333"
"1576737706","2111687321","0.5"
"2111687321","1576737706","0.5"
"1506925106","2016126398","0.469298"
"2016126398","1506925106","0.469298"
"1506925106","2017297220","0.469298"
"2017297220","1506925106","0.469298"
"1576737706","2016126398","0.385965"
"2016126398","1576737706","0.385965"
"1576737706","2017297220","0.385965"
"2017297220","1576737706","0.385965"
"2016126398","2017297220","4.8693"
"2017297220","2016126398","4.8693"
"1506925106","1792543140","0.0833333"
"1792543140","1506925106","0.0833333"
"1506925106","1967747542","0.135965"
"1967747542","1506925106","0.135965"
"1506925106","1987564986","0.0833333"
"1987564986","1506925106","0.0833333"
"1506925106","2041439744","0.135965"
"2041439744","1506925106","0.135965"
"1506925106","2053744410","0.135965"
"2053744410","1506925106","0.135965"
"1506925106","2061698256","1.4693"
"2061698256","1506925106","1.4693"
"1506925106","2100763109","0.135965"
"2100763109","1506925106","0.135965"
"1506925106","2113519839","0.0833333"
"2113519839","1506925106","0.0833333"
"1506925106","2118812872","0.135965"
"2118812872","1506925106","0.135965"
"1792543140","1967747542","0.683333"
"1967747542","1792543140","0.683333"
"1792543140","1987564986","1.18333"
"1987564986","1792543140","1.18333"
"1792543140","2016126398","0.383333"
"2016126398","1792543140","0.383333"
"1792543140","2017297220","0.616667"
"2017297220","1792543140","0.616667"
"1792543140","2041439744","0.683333"
"2041439744","1792543140","0.683333"
"1792543140","2053744410","0.183333"
"2053744410","1792543140","0.183333"
"1792543140","2061698256","0.683333"
"2061698256","1792543140","0.683333"
"1792543140","2100763109","0.0833333"
"2100763109","1792543140","0.0833333"
"1792543140","2111687321","0.0833333"
"2111687321","1792543140","0.0833333"
"1792543140","2113519839","0.0833333"
"2113519839","1792543140","0.0833333"
"1792543140","2118812872","0.0833333"
"2118812872","1792543140","0.0833333"
"1967747542","1987564986","0.183333"
"1987564986","1967747542","0.183333"
"1967747542","2016126398","0.235965"
"2016126398","1967747542","0.235965"
"1967747542","2017297220","0.219298"
"2017297220","1967747542","0.219298"
"1967747542","2041439744","1.65263"
"2041439744","1967747542","1.65263"
"1967747542","2053744410","0.319298"
"2053744410","1967747542","0.319298"
"1967747542","2061698256","0.235965"
"2061698256","1967747542","0.235965"
"1967747542","2100763109","0.219298"
"2100763109","1967747542","0.219298"
"1967747542","2111687321","0.0833333"
"2111687321","1967747542","0.0833333"
"1967747542","2113519839","0.0833333"
"2113519839","1967747542","0.0833333"
"1967747542","2118812872","1.9693"
"2118812872","1967747542","1.9693"
"1987564986","2016126398","0.516667"
"2016126398","1987564986","0.516667"
"1987564986","2017297220","0.0833333"
"2017297220","1987564986","0.0833333"
"1987564986","2041439744","0.183333"
"2041439744","1987564986","0.183333"
"1987564986","2053744410","0.183333"
"2053744410","1987564986","0.183333"
"1987564986","2061698256","0.516667"
"2061698256","1987564986","0.516667"
"1987564986","2100763109","0.0833333"
"2100763109","1987564986","0.0833333"
"1987564986","2111687321","0.0833333"
"2111687321","1987564986","0.0833333"
"1987564986","2113519839","0.0833333"
"2113519839","1987564986","0.0833333"
"1987564986","2118812872","0.0833333"
"2118812872","1987564986","0.0833333"
"2016126398","2041439744","0.735965"
"2041439744","2016126398","0.735965"
"2016126398","2053744410","0.235965"
"2053744410","2016126398","0.235965"
"2016126398","2061698256","2.5693"
"2061698256","2016126398","2.5693"
"2016126398","2100763109","0.335965"
"2100763109","2016126398","0.335965"
"2016126398","2111687321","0.0833333"
"2111687321","2016126398","0.0833333"
"2016126398","2113519839","0.0833333"
"2113519839","2016126398","0.0833333"
"2016126398","2118812872","0.135965"
"2118812872","2016126398","0.135965"
"2017297220","2041439744","0.719298"
"2041439744","2017297220","0.719298"
"2017297220","2053744410","0.330409"
"2053744410","2017297220","0.330409"
"2017297220","2061698256","0.247076"
"2061698256","2017297220","0.247076"
"2017297220","2100763109","0.419298"
"2100763109","2017297220","0.419298"
"2017297220","2111687321","2.19444"
"2111687321","2017297220","2.19444"
"2017297220","2113519839","0.583333"
"2113519839","2017297220","0.583333"
"2017297220","2118812872","0.135965"
"2118812872","2017297220","0.135965"
"2041439744","2053744410","0.319298"
"2053744410","2041439744","0.319298"
"2041439744","2061698256","0.485965"
"2061698256","2041439744","0.485965"
"2041439744","2100763109","1.2193"
"2100763109","2041439744","1.2193"
"2041439744","2111687321","0.0833333"
"2111687321","2041439744","0.0833333"
"2041439744","2113519839","0.0833333"
"2113519839","2041439744","0.0833333"
"2041439744","2118812872","5.9693"
"2118812872","2041439744","5.9693"
"2053744410","2061698256","0.847076"
"2061698256","2053744410","0.847076"
"2053744410","2100763109","0.219298"
"2100763109","2053744410","0.219298"
"2053744410","2111687321","0.194444"
"2111687321","2053744410","0.194444"
"2053744410","2113519839","0.0833333"
"2113519839","2053744410","0.0833333"
"2053744410","2118812872","0.135965"
"2118812872","2053744410","0.135965"
"2061698256","2100763109","0.135965"
"2100763109","2061698256","0.135965"
"2061698256","2111687321","1.44444"
"2111687321","2061698256","1.44444"
"2061698256","2113519839","0.0833333"
"2113519839","2061698256","0.0833333"
"2061698256","2118812872","0.135965"
"2118812872","2061698256","0.135965"
"2100763109","2111687321","0.0833333"
"2111687321","2100763109","0.0833333"
"2100763109","2113519839","0.0833333"
"2113519839","2100763109","0.0833333"
"2100763109","2118812872","1.9693"
"2118812872","2100763109","1.9693"
"2111687321","2113519839","0.666667"
"2113519839","2111687321","0.666667"
"2111687321","2118812872","0.333333"
"2118812872","2111687321","0.333333"
"2113519839","2118812872","0.333333"
"2118812872","2113519839","0.333333"
"1576737706","2061698256","0.719298"
"2061698256","1576737706","0.719298"
"1872249418","2061698256","0.777778"
"2061698256","1872249418","0.777778"
"1506925106","1985945240","0.552632"
"1985945240","1506925106","0.552632"
"1576737706","1985945240","0.885965"
"1985945240","1576737706","0.885965"
"1506925106","2000749609","0.0526316"
"2000749609","1506925106","0.0526316"
"1506925106","2054210054","0.0526316"
"2054210054","1506925106","0.0526316"
"1506925106","2107725136","0.0526316"
"2107725136","1506925106","0.0526316"
"1506925106","2139202955","0.0526316"
"2139202955","1506925106","0.0526316"
"1506925106","2157611404","0.0526316"
"2157611404","1506925106","0.0526316"
"1506925106","2253453815","0.0526316"
"2253453815","1506925106","0.0526316"
"1506925106","2533799995","0.0526316"
"2533799995","1506925106","0.0526316"
"1506925106","2536415881","0.0526316"
"2536415881","1506925106","0.0526316"
"1506925106","3000560993","0.0526316"
"3000560993","1506925106","0.0526316"
"1576737706","1967747542","0.0526316"
"1967747542","1576737706","0.0526316"
"1576737706","2000749609","0.0526316"
"2000749609","1576737706","0.0526316"
"1576737706","2041439744","0.0526316"
"2041439744","1576737706","0.0526316"
"1576737706","2053744410","0.0526316"
"2053744410","1576737706","0.0526316"
"1576737706","2054210054","0.0526316"
"2054210054","1576737706","0.0526316"
"1576737706","2100763109","0.0526316"
"2100763109","1576737706","0.0526316"
"1576737706","2107725136","0.0526316"
"2107725136","1576737706","0.0526316"
"1576737706","2118812872","0.0526316"
"2118812872","1576737706","0.0526316"
"1576737706","2139202955","0.0526316"
"2139202955","1576737706","0.0526316"
"1576737706","2157611404","1.05263"
"2157611404","1576737706","1.05263"
"1576737706","2253453815","0.385965"
"2253453815","1576737706","0.385965"
"1576737706","2533799995","0.0526316"
"2533799995","1576737706","0.0526316"
"1576737706","2536415881","0.0526316"
"2536415881","1576737706","0.0526316"
"1576737706","3000560993","0.0526316"
"3000560993","1576737706","0.0526316"
"1967747542","1985945240","0.135965"
"1985945240","1967747542","0.135965"
"1967747542","2000749609","0.235965"
"2000749609","1967747542","0.235965"
"1967747542","2054210054","0.0526316"
"2054210054","1967747542","0.0526316"
"1967747542","2107725136","0.0526316"
"2107725136","1967747542","0.0526316"
"1967747542","2139202955","0.0526316"
"2139202955","1967747542","0.0526316"
"1967747542","2157611404","0.135965"
"2157611404","1967747542","0.135965"
"1967747542","2253453815","0.469298"
"2253453815","1967747542","0.469298"
"1967747542","2533799995","0.0526316"
"2533799995","1967747542","0.0526316"
"1967747542","2536415881","0.0526316"
"2536415881","1967747542","0.0526316"
"1967747542","3000560993","0.0526316"
"3000560993","1967747542","0.0526316"
"1985945240","2000749609","0.635965"
"2000749609","1985945240","0.635965"
"1985945240","2016126398","0.302632"
"2016126398","1985945240","0.302632"
"1985945240","2017297220","4.24708"
"2017297220","1985945240","4.24708"
"1985945240","2041439744","5.38596"
"2041439744","1985945240","5.38596"
"1985945240","2053744410","0.747076"
"2053744410","1985945240","0.747076"
"1985945240","2054210054","0.927632"
"2054210054","1985945240","0.927632"
"1985945240","2061698256","2.49708"
"2061698256","1985945240","2.49708"
"1985945240","2100763109","1.76096"
"2100763109","1985945240","1.76096"
"1985945240","2107725136","0.0526316"
"2107725136","1985945240","0.0526316"
"1985945240","2118812872","0.802632"
"2118812872","1985945240","0.802632"
"1985945240","2139202955","0.344298"
"2139202955","1985945240","0.344298"
"1985945240","2157611404","4.66374"
"2157611404","1985945240","4.66374"
"1985945240","2253453815","1.95541"
"2253453815","1985945240","1.95541"
"1985945240","2533799995","0.0526316"
"2533799995","1985945240","0.0526316"
"1985945240","2536415881","0.0526316"
"2536415881","1985945240","0.0526316"
"1985945240","3000560993","0.163743"
"3000560993","1985945240","0.163743"
"2000749609","2016126398","2.15263"
"2016126398","2000749609","2.15263"
"2000749609","2017297220","0.135965"
"2017297220","2000749609","0.135965"
"2000749609","2041439744","1.40263"
"2041439744","2000749609","1.40263"
"2000749609","2053744410","0.235965"
"2053744410","2000749609","0.235965"
"2000749609","2054210054","0.0526316"
"2054210054","2000749609","0.0526316"
"2000749609","2061698256","0.152632"
"2061698256","2000749609","0.152632"
"2000749609","2100763109","0.135965"
"2100763109","2000749609","0.135965"
"2000749609","2107725136","0.0526316"
"2107725136","2000749609","0.0526316"
"2000749609","2118812872","0.552632"
"2118812872","2000749609","0.552632"
"2000749609","2139202955","0.0526316"
"2139202955","2000749609","0.0526316"
"2000749609","2157611404","0.135965"
"2157611404","2000749609","0.135965"
"2000749609","2253453815","0.302632"
"2253453815","2000749609","0.302632"
"2000749609","2533799995","0.0526316"
"2533799995","2000749609","0.0526316"
"2000749609","2536415881","0.0526316"
"2536415881","2000749609","0.0526316"
"2000749609","3000560993","0.552632"
"3000560993","2000749609","0.552632"
"2016126398","2054210054","0.252632"
"2054210054","2016126398","0.252632"
"2016126398","2107725136","0.0526316"
"2107725136","2016126398","0.0526316"
"2016126398","2139202955","0.0526316"
"2139202955","2016126398","0.0526316"
"2016126398","2157611404","0.502632"
"2157611404","2016126398","0.502632"
"2016126398","2253453815","0.252632"
"2253453815","2016126398","0.252632"
"2016126398","2533799995","0.0526316"
"2533799995","2016126398","0.0526316"
"2016126398","2536415881","0.0526316"
"2536415881","2016126398","0.0526316"
"2016126398","3000560993","0.585965"
"3000560993","2016126398","0.585965"
"2017297220","2054210054","0.752632"
"2054210054","2017297220","0.752632"
"2017297220","2107725136","0.0526316"
"2107725136","2017297220","0.0526316"
"2017297220","2139202955","0.0526316"
"2139202955","2017297220","0.0526316"
"2017297220","2157611404","0.447076"
"2157611404","2017297220","0.447076"
"2017297220","2253453815","1.28041"
"2253453815","2017297220","1.28041"
"2017297220","2533799995","0.0526316"
"2533799995","2017297220","0.0526316"
"2017297220","2536415881","0.0526316"
"2536415881","2017297220","0.0526316"
"2017297220","3000560993","0.363743"
"3000560993","2017297220","0.363743"
"2041439744","2054210054","0.302632"
"2054210054","2041439744","0.302632"
"2041439744","2107725136","0.0526316"
"2107725136","2041439744","0.0526316"
"2041439744","2139202955","0.0526316"
"2139202955","2041439744","0.0526316"
"2041439744","2157611404","0.135965"
"2157611404","2041439744","0.135965"
"2041439744","2253453815","1.88596"
"2253453815","2041439744","1.88596"
"2041439744","2533799995","0.0526316"
"2533799995","2041439744","0.0526316"
"2041439744","2536415881","0.0526316"
"2536415881","2041439744","0.0526316"
"2041439744","3000560993","0.0526316"
"3000560993","2041439744","0.0526316"
"2053744410","2054210054","0.0526316"
"2054210054","2053744410","0.0526316"
"2053744410","2107725136","0.0526316"
"2107725136","2053744410","0.0526316"
"2053744410","2139202955","0.0526316"
"2139202955","2053744410","0.0526316"
"2053744410","2157611404","0.247076"
"2157611404","2053744410","0.247076"
"2053744410","2253453815","0.247076"
"2253453815","2053744410","0.247076"
"2053744410","2533799995","0.0526316"
"2533799995","2053744410","0.0526316"
"2053744410","2536415881","0.0526316"
"2536415881","2053744410","0.0526316"
"2053744410","3000560993","0.163743"
"3000560993","2053744410","0.163743"
"2054210054","2061698256","0.302632"
"2061698256","2054210054","0.302632"
"2054210054","2100763109","0.710965"
"2100763109","2054210054","0.710965"
"2054210054","2107725136","0.0526316"
"2107725136","2054210054","0.0526316"
"2054210054","2118812872","0.0526316"
"2118812872","2054210054","0.0526316"
"2054210054","2139202955","0.177632"
"2139202955","2054210054","0.177632"
"2054210054","2157611404","0.252632"
"2157611404","2054210054","0.252632"
"2054210054","2253453815","14.461"
"2253453815","2054210054","14.461"
"2054210054","2533799995","0.0526316"
"2533799995","2054210054","0.0526316"
"2054210054","2536415881","0.0526316"
"2536415881","2054210054","0.0526316"
"2054210054","3000560993","0.0526316"
"3000560993","2054210054","0.0526316"
"2061698256","2107725136","0.0526316"
"2107725136","2061698256","0.0526316"
"2061698256","2139202955","0.0526316"
"2139202955","2061698256","0.0526316"
"2061698256","2157611404","1.41374"
"2157611404","2061698256","1.41374"
"2061698256","2253453815","1.24708"
"2253453815","2061698256","1.24708"
"2061698256","2533799995","0.0526316"
"2533799995","2061698256","0.0526316"
"2061698256","2536415881","0.0526316"
"2536415881","2061698256","0.0526316"
"2061698256","3000560993","0.163743"
"3000560993","2061698256","0.163743"
"2100763109","2107725136","1.05263"
"2107725136","2100763109","1.05263"
"2100763109","2139202955","0.177632"
"2139202955","2100763109","0.177632"
"2100763109","2157611404","0.335965"
"2157611404","2100763109","0.335965"
"2100763109","2253453815","2.2943"
"2253453815","2100763109","2.2943"
"2100763109","2533799995","0.0526316"
"2533799995","2100763109","0.0526316"
"2100763109","2536415881","0.0526316"
"2536415881","2100763109","0.0526316"
"2100763109","3000560993","0.0526316"
"3000560993","2100763109","0.0526316"
"2107725136","2118812872","0.0526316"
"2118812872","2107725136","0.0526316"
"2107725136","2139202955","0.0526316"
"2139202955","2107725136","0.0526316"
"2107725136","2157611404","0.0526316"
"2157611404","2107725136","0.0526316"
"2107725136","2253453815","0.0526316"
"2253453815","2107725136","0.0526316"
"2107725136","2533799995","6.2193"
"2533799995","2107725136","6.2193"
"2107725136","2536415881","0.0526316"
"2536415881","2107725136","0.0526316"
"2107725136","3000560993","0.0526316"
"3000560993","2107725136","0.0526316"
"2118812872","2139202955","0.0526316"
"2139202955","2118812872","0.0526316"
"2118812872","2157611404","0.302632"
"2157611404","2118812872","0.302632"
"2118812872","2253453815","0.385965"
"2253453815","2118812872","0.385965"
"2118812872","2533799995","0.0526316"
"2533799995","2118812872","0.0526316"
"2118812872","2536415881","0.0526316"
"2536415881","2118812872","0.0526316"
"2118812872","3000560993","0.0526316"
"3000560993","2118812872","0.0526316"
"2139202955","2157611404","0.302632"
"2157611404","2139202955","0.302632"
"2139202955","2253453815","1.37763"
"2253453815","2139202955","1.37763"
"2139202955","2533799995","0.0526316"
"2533799995","2139202955","0.0526316"
"2139202955","2536415881","0.0526316"
"2536415881","2139202955","0.0526316"
"2139202955","3000560993","0.0526316"
"3000560993","2139202955","0.0526316"
"2157611404","2253453815","0.447076"
"2253453815","2157611404","0.447076"
"2157611404","2533799995","0.0526316"
"2533799995","2157611404","0.0526316"
"2157611404","2536415881","0.0526316"
"2536415881","2157611404","0.0526316"
"2157611404","3000560993","0.163743"
"3000560993","2157611404","0.163743"
"2253453815","2533799995","0.0526316"
"2533799995","2253453815","0.0526316"
"2253453815","2536415881","0.0526316"
"2536415881","2253453815","0.0526316"
"2253453815","3000560993","0.163743"
"3000560993","2253453815","0.163743"
"2533799995","2536415881","0.0526316"
"2536415881","2533799995","0.0526316"
"2533799995","3000560993","0.0526316"
"3000560993","2533799995","0.0526316"
"2536415881","3000560993","0.0526316"
"3000560993","2536415881","0.0526316"
"1506925106","2088956580","0.5"
"2088956580","1506925106","0.5"
"1576737706","2088956580","0.5"
"2088956580","1576737706","0.5"
"1748696506","1985945240","1.25"
"1985945240","1748696506","1.25"
"1748696506","2054562387","1.33333"
"2054562387","1748696506","1.33333"
"1748696506","2136058926","4.2"
"2136058926","1748696506","4.2"
"1985945240","2054562387","1.08333"
"2054562387","1985945240","1.08333"
"1985945240","2136058926","6.16667"
"2136058926","1985945240","6.16667"
"2054562387","2136058926","0.583333"
"2136058926","2054562387","0.583333"
"1748696506","2111754733","0.2"
"2111754733","1748696506","0.2"
"1748696506","2139202955","0.366667"
"2139202955","1748696506","0.366667"
"1748696506","2153973618","0.2"
"2153973618","1748696506","0.2"
"1748696506","2253453815","0.2"
"2253453815","1748696506","0.2"
"2111754733","2136058926","0.2"
"2136058926","2111754733","0.2"
"2111754733","2139202955","0.7"
"2139202955","2111754733","0.7"
"2111754733","2153973618","0.2"
"2153973618","2111754733","0.2"
"2111754733","2253453815","0.2"
"2253453815","2111754733","0.2"
"2136058926","2139202955","0.616667"
"2139202955","2136058926","0.616667"
"2136058926","2153973618","0.2"
"2153973618","2136058926","0.2"
"2136058926","2253453815","0.283333"
"2253453815","2136058926","0.283333"
"2139202955","2153973618","0.2"
"2153973618","2139202955","0.2"
"2153973618","2253453815","1.36667"
"2253453815","2153973618","1.36667"
"1748696506","2100763109","1"
"2100763109","1748696506","1"
"1748696506","2061698256","0.25"
"2061698256","1748696506","0.25"
"1748696506","2111687321","0.25"
"2111687321","1748696506","0.25"
"1748696506","2157611404","0.25"
"2157611404","1748696506","0.25"
"1985945240","2111687321","1.94444"
"2111687321","1985945240","1.94444"
"2111687321","2157611404","1.94444"
"2157611404","2111687321","1.94444"
"1748696506","2088956580","0.166667"
"2088956580","1748696506","0.166667"
"1748696506","2119268950","0.166667"
"2119268950","1748696506","0.166667"
"1748696506","2157986953","0.166667"
"2157986953","1748696506","0.166667"
"1985945240","2088956580","0.625"
"2088956580","1985945240","0.625"
"1985945240","2119268950","0.166667"
"2119268950","1985945240","0.166667"
"1985945240","2157986953","0.708333"
"2157986953","1985945240","0.708333"
"2088956580","2119268950","0.166667"
"2119268950","2088956580","0.166667"
"2088956580","2136058926","0.416667"
"2136058926","2088956580","0.416667"
"2088956580","2139202955","0.541667"
"2139202955","2088956580","0.541667"
"2088956580","2157986953","11.7083"
"2157986953","2088956580","11.7083"
"2119268950","2136058926","0.166667"
"2136058926","2119268950","0.166667"
"2119268950","2139202955","0.166667"
"2139202955","2119268950","0.166667"
"2119268950","2157986953","0.166667"
"2157986953","2119268950","0.166667"
"2136058926","2157986953","1.83333"
"2157986953","2136058926","1.83333"
"2139202955","2157986953","4.04167"
"2157986953","2139202955","4.04167"
"1792543140","2000749609","0.1"
"2000749609","1792543140","0.1"
"1792543140","2130723705","0.1"
"2130723705","1792543140","0.1"
"1792543140","2550932891","0.1"
"2550932891","1792543140","0.1"
"1792543140","2884126467","0.1"
"2884126467","1792543140","0.1"
"1967747542","2130723705","0.1"
"2130723705","1967747542","0.1"
"1967747542","2550932891","0.1"
"2550932891","1967747542","0.1"
"1967747542","2884126467","0.1"
"2884126467","1967747542","0.1"
"1987564986","2000749609","0.1"
"2000749609","1987564986","0.1"
"1987564986","2130723705","0.1"
"2130723705","1987564986","0.1"
"1987564986","2550932891","0.1"
"2550932891","1987564986","0.1"
"1987564986","2884126467","0.1"
"2884126467","1987564986","0.1"
"2000749609","2130723705","0.433333"
"2130723705","2000749609","0.433333"
"2000749609","2550932891","0.433333"
"2550932891","2000749609","0.433333"
"2000749609","2884126467","1.1"
"2884126467","2000749609","1.1"
"2016126398","2130723705","0.1"
"2130723705","2016126398","0.1"
"2016126398","2550932891","0.1"
"2550932891","2016126398","0.1"
"2016126398","2884126467","0.6"
"2884126467","2016126398","0.6"
"2041439744","2130723705","0.1"
"2130723705","2041439744","0.1"
"2041439744","2550932891","0.1"
"2550932891","2041439744","0.1"
"2041439744","2884126467","0.766667"
"2884126467","2041439744","0.766667"
"2053744410","2130723705","0.1"
"2130723705","2053744410","0.1"
"2053744410","2550932891","0.1"
"2550932891","2053744410","0.1"
"2053744410","2884126467","0.1"
"2884126467","2053744410","0.1"
"2061698256","2130723705","0.1"
"2130723705","2061698256","0.1"
"2061698256","2550932891","0.1"
"2550932891","2061698256","0.1"
"2061698256","2884126467","0.1"
"2884126467","2061698256","0.1"
"2130723705","2550932891","0.433333"
"2550932891","2130723705","0.433333"
"2130723705","2884126467","1.43333"
"2884126467","2130723705","1.43333"
"2550932891","2884126467","3.43333"
"2884126467","2550932891","3.43333"
"1792543140","1872249418","0.2"
"1872249418","1792543140","0.2"
"1792543140","2247042622","0.2"
"2247042622","1792543140","0.2"
"1792543140","3000560993","0.2"
"3000560993","1792543140","0.2"
"1872249418","2016126398","1.53333"
"2016126398","1872249418","1.53333"
"1872249418","2017297220","0.311111"
"2017297220","1872249418","0.311111"
"1872249418","2247042622","0.2"
"2247042622","1872249418","0.2"
"1872249418","3000560993","0.311111"
"3000560993","1872249418","0.311111"
"2016126398","2247042622","0.2"
"2247042622","2016126398","0.2"
"2017297220","2247042622","0.2"
"2247042622","2017297220","0.2"
"2247042622","3000560993","0.2"
"3000560993","2247042622","0.2"
"1792543140","2253453815","0.833333"
"2253453815","1792543140","0.833333"
"1792543140","3014594878","0.333333"
"3014594878","1792543140","0.333333"
"2017297220","3014594878","0.333333"
"3014594878","2017297220","0.333333"
"2253453815","3014594878","0.458333"
"3014594878","2253453815","0.458333"
"1872249418","2536415881","1"
"2536415881","1872249418","1"
"1872249418","3014594878","1"
"3014594878","1872249418","1"
"1872249418","2132266358","1"
"2132266358","1872249418","1"
"1872249418","1985945240","0.111111"
"1985945240","1872249418","0.111111"
"1872249418","2053744410","0.111111"
"2053744410","1872249418","0.111111"
"1872249418","2111687321","0.111111"
"2111687321","1872249418","0.111111"
"1872249418","2157611404","0.111111"
"2157611404","1872249418","0.111111"
"1872249418","2253453815","0.111111"
"2253453815","1872249418","0.111111"
"1872249418","2981138816","0.111111"
"2981138816","1872249418","0.111111"
"1985945240","2981138816","0.194444"
"2981138816","1985945240","0.194444"
"2017297220","2981138816","0.194444"
"2981138816","2017297220","0.194444"
"2053744410","2981138816","0.194444"
"2981138816","2053744410","0.194444"
"2061698256","2981138816","0.111111"
"2981138816","2061698256","0.111111"
"2111687321","2253453815","0.111111"
"2253453815","2111687321","0.111111"
"2111687321","2981138816","0.111111"
"2981138816","2111687321","0.111111"
"2111687321","3000560993","0.111111"
"3000560993","2111687321","0.111111"
"2157611404","2981138816","0.194444"
"2981138816","2157611404","0.194444"
"2253453815","2981138816","0.194444"
"2981138816","2253453815","0.194444"
"2981138816","3000560993","0.111111"
"3000560993","2981138816","0.111111"
"1872249418","1987564986","0.333333"
"1987564986","1872249418","0.333333"
"1950141850","2088956580","0.833333"
"2088956580","1950141850","0.833333"
"1950141850","2111754733","0.833333"
"2111754733","1950141850","0.833333"
"1950141850","2157986953","0.833333"
"2157986953","1950141850","0.833333"
"1950141850","2235920218","1.25"
"2235920218","1950141850","1.25"
"2088956580","2111754733","3.16667"
"2111754733","2088956580","3.16667"
"2088956580","2235920218","0.375"
"2235920218","2088956580","0.375"
"2111754733","2157986953","3.66667"
"2157986953","2111754733","3.66667"
"2111754733","2235920218","0.25"
"2235920218","2111754733","0.25"
"2157986953","2235920218","1.375"
"2235920218","2157986953","1.375"
"1950141850","2105063068","0.25"
"2105063068","1950141850","0.25"
"2088956580","2105063068","0.25"
"2105063068","2088956580","0.25"
"2105063068","2111754733","0.25"
"2111754733","2105063068","0.25"
"2105063068","2157986953","0.333333"
"2157986953","2105063068","0.333333"
"1950141850","2084659887","1"
"2084659887","1950141850","1"
"1967747542","2105063068","0.0833333"
"2105063068","1967747542","0.0833333"
"1967747542","2136058926","0.0833333"
"2136058926","1967747542","0.0833333"
"1967747542","2157986953","0.0833333"
"2157986953","1967747542","0.0833333"
"1967747542","2981138816","0.0833333"
"2981138816","1967747542","0.0833333"
"1985945240","2105063068","0.583333"
"2105063068","1985945240","0.583333"
"2000749609","2105063068","0.0833333"
"2105063068","2000749609","0.0833333"
"2000749609","2136058926","0.0833333"
"2136058926","2000749609","0.0833333"
"2000749609","2157986953","0.0833333"
"2157986953","2000749609","0.0833333"
"2000749609","2981138816","0.0833333"
"2981138816","2000749609","0.0833333"
"2017297220","2105063068","0.583333"
"2105063068","2017297220","0.583333"
"2017297220","2136058926","0.583333"
"2136058926","2017297220","0.583333"
"2017297220","2157986953","0.0833333"
"2157986953","2017297220","0.0833333"
"2041439744","2105063068","0.0833333"
"2105063068","2041439744","0.0833333"
"2041439744","2136058926","3.08333"
"2136058926","2041439744","3.08333"
"2041439744","2157986953","0.583333"
"2157986953","2041439744","0.583333"
"2041439744","2981138816","0.0833333"
"2981138816","2041439744","0.0833333"
"2053744410","2105063068","1.08333"
"2105063068","2053744410","1.08333"
"2053744410","2136058926","0.0833333"
"2136058926","2053744410","0.0833333"
"2053744410","2157986953","0.0833333"
"2157986953","2053744410","0.0833333"
"2100763109","2105063068","0.0833333"
"2105063068","2100763109","0.0833333"
"2100763109","2136058926","0.583333"
"2136058926","2100763109","0.583333"
"2100763109","2157986953","1.04167"
"2157986953","2100763109","1.04167"
"2100763109","2981138816","0.0833333"
"2981138816","2100763109","0.0833333"
"2105063068","2136058926","0.583333"
"2136058926","2105063068","0.583333"
"2105063068","2157611404","0.0833333"
"2157611404","2105063068","0.0833333"
"2105063068","2253453815","0.0833333"
"2253453815","2105063068","0.0833333"
"2105063068","2981138816","0.0833333"
"2981138816","2105063068","0.0833333"
"2136058926","2157611404","0.916667"
"2157611404","2136058926","0.916667"
"2136058926","2981138816","0.0833333"
"2981138816","2136058926","0.0833333"
"2157611404","2157986953","0.666667"
"2157986953","2157611404","0.666667"
"2157986953","2253453815","0.208333"
"2253453815","2157986953","0.208333"
"2157986953","2981138816","0.0833333"
"2981138816","2157986953","0.0833333"
"1974329059","2000749609","0.166667"
"2000749609","1974329059","0.166667"
"1974329059","2041439744","0.166667"
"2041439744","1974329059","0.166667"
"1974329059","2153973618","0.166667"
"2153973618","1974329059","0.166667"
"1974329059","2247042622","0.166667"
"2247042622","1974329059","0.166667"
"1974329059","2253453815","2.16667"
"2253453815","1974329059","2.16667"
"1974329059","2884126467","0.166667"
"2884126467","1974329059","0.166667"
"2000749609","2153973618","0.166667"
"2153973618","2000749609","0.166667"
"2000749609","2247042622","0.166667"
"2247042622","2000749609","0.166667"
"2041439744","2153973618","0.166667"
"2153973618","2041439744","0.166667"
"2041439744","2247042622","0.166667"
"2247042622","2041439744","0.166667"
"2153973618","2247042622","2.16667"
"2247042622","2153973618","2.16667"
"2153973618","2884126467","0.166667"
"2884126467","2153973618","0.166667"
"2247042622","2253453815","0.166667"
"2253453815","2247042622","0.166667"
"2247042622","2884126467","0.166667"
"2884126467","2247042622","0.166667"
"2253453815","2884126467","0.166667"
"2884126467","2253453815","0.166667"
"1974329059","2016126398","1"
"2016126398","1974329059","1"
"1974329059","2017297220","0.5"
"2017297220","1974329059","0.5"
"1974329059","2113519839","0.5"
"2113519839","1974329059","0.5"
"1985945240","2084659887","1"
"2084659887","1985945240","1"
"1985945240","2884126467","1"
"2884126467","1985945240","1"
"1985945240","2928641283","0.5"
"2928641283","1985945240","0.5"
"2017297220","2928641283","0.5"
"2928641283","2017297220","0.5"
"2088956580","2111687321","0.333333"
"2111687321","2088956580","0.333333"
"2088956580","2157611404","0.583333"
"2157611404","2088956580","0.583333"
"2054562387","2105063068","0.5"
"2105063068","2054562387","0.5"
"2016126398","2054562387","0.25"
"2054562387","2016126398","0.25"
"2016126398","2136058926","0.25"
"2136058926","2016126398","0.25"
"2054562387","2157611404","0.25"
"2157611404","2054562387","0.25"
"1985945240","2235920218","0.125"
"2235920218","1985945240","0.125"
"1985945240","3014594878","0.125"
"3014594878","1985945240","0.125"
"2054210054","2088956580","0.125"
"2088956580","2054210054","0.125"
"2054210054","2157986953","0.125"
"2157986953","2054210054","0.125"
"2054210054","2235920218","0.125"
"2235920218","2054210054","0.125"
"2054210054","3014594878","0.125"
"3014594878","2054210054","0.125"
"2088956580","2100763109","0.458333"
"2100763109","2088956580","0.458333"
"2088956580","2253453815","0.125"
"2253453815","2088956580","0.125"
"2088956580","3014594878","0.125"
"3014594878","2088956580","0.125"
"2100763109","2235920218","0.125"
"2235920218","2100763109","0.125"
"2100763109","3014594878","0.125"
"3014594878","2100763109","0.125"
"2139202955","2235920218","1.125"
"2235920218","2139202955","1.125"
"2139202955","3014594878","0.125"
"3014594878","2139202955","0.125"
"2157986953","3014594878","0.125"
"3014594878","2157986953","0.125"
"2235920218","2253453815","1.125"
"2253453815","2235920218","1.125"
"2235920218","3014594878","0.125"
"3014594878","2235920218","0.125"
"1985945240","2113519839","1.25"
"2113519839","1985945240","1.25"
"2113519839","2157611404","0.25"
"2157611404","2113519839","0.25"
"2000749609","2111687321","1"
"2111687321","2000749609","1"
"2884126467","3000560993","2"
"3000560993","2884126467","2"
"2000749609","2113519839","1"
"2113519839","2000749609","1"
"2016126398","2132266358","0.333333"
"2132266358","2016126398","0.333333"
"2016126398","3014594878","0.333333"
"3014594878","2016126398","0.333333"
"2132266358","3000560993","0.333333"
"3000560993","2132266358","0.333333"
"2132266358","3014594878","0.333333"
"3014594878","2132266358","0.333333"
"3000560993","3014594878","2.83333"
"3014594878","3000560993","2.83333"
"2016126398","2111754733","1"
"2111754733","2016126398","1"
"2017297220","2884126467","2"
"2884126467","2017297220","2"
"2118812872","2136058926","1"
"2136058926","2118812872","1"
"2041439744","2132266358","1"
"2132266358","2041439744","1"
"2054210054","2928641283","1.83333"
"2928641283","2054210054","1.83333"
"2253453815","2928641283","0.833333"
"2928641283","2253453815","0.833333"
"2100763109","2928641283","0.333333"
"2928641283","2100763109","0.333333"
"2054562387","2153973618","1"
"2153973618","2054562387","1"
"2054562387","2100763109","1"
"2100763109","2054562387","1"
"2100763109","2111754733","0.666667"
"2111754733","2100763109","0.666667"
"2100763109","2132266358","1.83333"
"2132266358","2100763109","1.83333"
"2111754733","2118812872","0.333333"
"2118812872","2111754733","0.333333"
"2111754733","2132266358","0.333333"
"2132266358","2111754733","0.333333"
"2118812872","2132266358","0.833333"
"2132266358","2118812872","0.833333"
"2107725136","2768063082","2.16667"
"2768063082","2107725136","2.16667"
"2533799995","2768063082","2.16667"
"2768063082","2533799995","2.16667"
"2107725136","2790977378","0.666667"
"2790977378","2107725136","0.666667"
"2533799995","2790977378","0.666667"
"2790977378","2533799995","0.666667"
"2768063082","2790977378","6.66667"
"2790977378","2768063082","6.66667"
"2111687321","2136058926","1"
"2136058926","2111687321","1"
"2111687321","2407231356","0.333333"
"2407231356","2111687321","0.333333"
"2111687321","2928641283","0.333333"
"2928641283","2111687321","0.333333"
"2113519839","2407231356","0.333333"
"2407231356","2113519839","0.333333"
"2113519839","2928641283","0.333333"
"2928641283","2113519839","0.333333"
"2407231356","2928641283","0.333333"
"2928641283","2407231356","0.333333"
"2111754733","2533799995","1"
"2533799995","2111754733","1"
"2157986953","2928641283","1"
"2928641283","2157986953","1"
"2253453815","2768063082","0.5"
"2768063082","2253453815","0.5"
"2253453815","2790977378","0.5"
"2790977378","2253453815","0.5"
"2768063082","2928641283","0.5"
"2928641283","2768063082","0.5"
"2790977378","2928641283","0.5"
"2928641283","2790977378","0.5"
"2884126467","3014594878","0.5"
"3014594878","2884126467","0.5"
"2884126467","2928641283","1"
"2928641283","2884126467","1"
"2928641283","3000560993","1"
"3000560993","2928641283","1"
"2928641283","2981138816","1"
"2981138816","2928641283","1"
