"100078313","1497272665","0.692857"
"1497272665","100078313","0.692857"
"100078313","1554806047","0.225"
"1554806047","100078313","0.225"
"100078313","1979896660","0.534524"
"1979896660","100078313","0.534524"
"100078313","1997118986","0.225"
"1997118986","100078313","0.225"
"100078313","2082186262","0.391667"
"2082186262","100078313","0.391667"
"100078313","2082897112","0.859524"
"2082897112","100078313","0.859524"
"100078313","2112020161","0.516667"
"2112020161","100078313","0.516667"
"100078313","2146336426","0.859524"
"2146336426","100078313","0.859524"
"100078313","2156993222","1.35952"
"2156993222","100078313","1.35952"
"100078313","2804798989","0.442857"
"2804798989","100078313","0.442857"
"1497272665","1554806047","0.225"
"1554806047","1497272665","0.225"
"1497272665","1979896660","0.684524"
"1979896660","1497272665","0.684524"
"1497272665","1997118986","1.125"
"1997118986","1497272665","1.125"
"1497272665","2082186262","0.475"
"2082186262","1497272665","0.475"
"1497272665","2082897112","3.85952"
"2082897112","1497272665","3.85952"
"1497272665","2112020161","0.35"
"2112020161","1497272665","0.35"
"1497272665","2146336426","3.92619"
"2146336426","1497272665","3.92619"
"1497272665","2156993222","1.59286"
"2156993222","1497272665","1.59286"
"1497272665","2804798989","0.442857"
"2804798989","1497272665","0.442857"
"1554806047","1979896660","0.6"
"1979896660","1554806047","0.6"
"1554806047","1997118986","0.558333"
"1997118986","1554806047","0.558333"
"1554806047","2082186262","0.933333"
"2082186262","1554806047","0.933333"
"1554806047","2082897112","0.565909"
"2082897112","1554806047","0.565909"
"1554806047","2112020161","0.225"
"2112020161","1554806047","0.225"
"1554806047","2146336426","0.565909"
"2146336426","1554806047","0.565909"
"1554806047","2156993222","0.475"
"2156993222","1554806047","0.475"
"1554806047","2804798989","0.774242"
"2804798989","1554806047","0.774242"
"1979896660","1997118986","0.416667"
"1997118986","1979896660","0.416667"
"1979896660","2082186262","0.891667"
"2082186262","1979896660","0.891667"
"1979896660","2082897112","0.784524"
"2082897112","1979896660","0.784524"
"1979896660","2112020161","0.391667"
"2112020161","1979896660","0.391667"
"1979896660","2146336426","0.85119"
"2146336426","1979896660","0.85119"
"1979896660","2156993222","0.60119"
"2156993222","1979896660","0.60119"
"1979896660","2804798989","0.242857"
"2804798989","1979896660","0.242857"
"1997118986","2082186262","0.433333"
"2082186262","1997118986","0.433333"
"1997118986","2082897112","1.55833"
"2082897112","1997118986","1.55833"
"1997118986","2112020161","0.225"
"2112020161","1997118986","0.225"
"1997118986","2146336426","1.125"
"2146336426","1997118986","1.125"
"1997118986","2156993222","2.04167"
"2156993222","1997118986","2.04167"
"1997118986","2804798989","0.433333"
"2804798989","1997118986","0.433333"
"2082186262","2082897112","0.641667"
"2082897112","2082186262","0.641667"
"2082186262","2112020161","0.391667"
"2112020161","2082186262","0.391667"
"2082186262","2146336426","0.641667"
"2146336426","2082186262","0.641667"
"2082186262","2156993222","0.641667"
"2156993222","2082186262","0.641667"
"2082186262","2804798989","0.433333"
"2804798989","2082186262","0.433333"
"2082897112","2112020161","0.516667"
"2112020161","2082897112","0.516667"
"2082897112","2146336426","12.7838"
"2146336426","2082897112","12.7838"
"2082897112","2156993222","3.27619"
"2156993222","2082897112","3.27619"
"2082897112","2804798989","0.783766"
"2804798989","2082897112","0.783766"
"2112020161","2146336426","0.516667"
"2146336426","2112020161","0.516667"
"2112020161","2156993222","1.01667"
"2156993222","2112020161","1.01667"
"2112020161","2804798989","0.6"
"2804798989","2112020161","0.6"
"2146336426","2156993222","2.84286"
"2156993222","2146336426","2.84286"
"2146336426","2804798989","0.783766"
"2804798989","2146336426","0.783766"
"2156993222","2804798989","1.19286"
"2804798989","2156993222","1.19286"
"100078313","2132793425","0.25"
"2132793425","100078313","0.25"
"1497272665","2132793425","0.25"
"2132793425","1497272665","0.25"
"1554806047","2132793425","0.215909"
"2132793425","1554806047","0.215909"
"1997118986","2132793425","0.125"
"2132793425","1997118986","0.125"
"2082897112","2132793425","0.340909"
"2132793425","2082897112","0.340909"
"2112020161","2132793425","0.25"
"2132793425","2112020161","0.25"
"2132793425","2146336426","0.340909"
"2146336426","2132793425","0.340909"
"2132793425","2156993222","0.25"
"2156993222","2132793425","0.25"
"100078313","2138391848","1.14286"
"2138391848","100078313","1.14286"
"1497272665","2138391848","0.392857"
"2138391848","1497272665","0.392857"
"1979896660","2138391848","0.142857"
"2138391848","1979896660","0.142857"
"2082897112","2138391848","0.72619"
"2138391848","2082897112","0.72619"
"2138391848","2146336426","0.72619"
"2146336426","2138391848","0.72619"
"2138391848","2156993222","0.142857"
"2156993222","2138391848","0.142857"
"2138391848","2804798989","0.142857"
"2804798989","2138391848","0.142857"
"100078313","2157783656","1"
"2157783656","100078313","1"
"100078313","2136824634","0.5"
"2136824634","100078313","0.5"
"2136824634","2156993222","0.566667"
"2156993222","2136824634","0.566667"
"1979896660","2132793425","0.125"
"2132793425","1979896660","0.125"
"2082186262","2132793425","0.125"
"2132793425","2082186262","0.125"
"113894319","2099630037","0.25"
"2099630037","113894319","0.25"
"113894319","2146587316","0.340909"
"2146587316","113894319","0.340909"
"113894319","2149318021","1.24091"
"2149318021","113894319","1.24091"
"113894319","2155703950","1.65"
"2155703950","113894319","1.65"
"2099630037","2146587316","0.316667"
"2146587316","2099630037","0.316667"
"2099630037","2149318021","0.25"
"2149318021","2099630037","0.25"
"2099630037","2155703950","2.25"
"2155703950","2099630037","2.25"
"2146587316","2149318021","0.340909"
"2149318021","2146587316","0.340909"
"2146587316","2155703950","0.25"
"2155703950","2146587316","0.25"
"2149318021","2155703950","3.15"
"2155703950","2149318021","3.15"
"113894319","2146995712","0.25"
"2146995712","113894319","0.25"
"113894319","2942596700","0.25"
"2942596700","113894319","0.25"
"113894319","606649546","0.25"
"606649546","113894319","0.25"
"113894319","81978853","0.25"
"81978853","113894319","0.25"
"2146995712","2942596700","0.25"
"2942596700","2146995712","0.25"
"2146995712","606649546","9.5"
"606649546","2146995712","9.5"
"2146995712","81978853","0.75"
"81978853","2146995712","0.75"
"2942596700","606649546","0.25"
"606649546","2942596700","0.25"
"2942596700","81978853","0.25"
"81978853","2942596700","0.25"
"606649546","81978853","2.75"
"81978853","606649546","2.75"
"113894319","1582322682","0.733333"
"1582322682","113894319","0.733333"
"113894319","2123219228","0.290909"
"2123219228","113894319","0.290909"
"113894319","2806302506","0.624242"
"2806302506","113894319","0.624242"
"1582322682","2123219228","0.766667"
"2123219228","1582322682","0.766667"
"1582322682","2149318021","1.9"
"2149318021","1582322682","1.9"
"1582322682","2155703950","1.4"
"2155703950","1582322682","1.4"
"1582322682","2806302506","0.6"
"2806302506","1582322682","0.6"
"2123219228","2149318021","0.790909"
"2149318021","2123219228","0.790909"
"2123219228","2155703950","0.2"
"2155703950","2123219228","0.2"
"2123219228","2806302506","1.35758"
"2806302506","2123219228","1.35758"
"2149318021","2806302506","0.290909"
"2806302506","2149318021","0.290909"
"2155703950","2806302506","0.2"
"2806302506","2155703950","0.2"
"113894319","2097596800","0.333333"
"2097596800","113894319","0.333333"
"1582322682","2097596800","0.333333"
"2097596800","1582322682","0.333333"
"2097596800","2806302506","0.333333"
"2806302506","2097596800","0.333333"
"113894319","1554806047","0.0909091"
"1554806047","113894319","0.0909091"
"113894319","2082897112","0.0909091"
"2082897112","113894319","0.0909091"
"113894319","2132793425","0.0909091"
"2132793425","113894319","0.0909091"
"113894319","2143180137","0.0909091"
"2143180137","113894319","0.0909091"
"113894319","2146336426","0.0909091"
"2146336426","113894319","0.0909091"
"113894319","2538707657","0.0909091"
"2538707657","113894319","0.0909091"
"113894319","2804798989","0.0909091"
"2804798989","113894319","0.0909091"
"1554806047","2123219228","0.0909091"
"2123219228","1554806047","0.0909091"
"1554806047","2143180137","0.0909091"
"2143180137","1554806047","0.0909091"
"1554806047","2146587316","0.0909091"
"2146587316","1554806047","0.0909091"
"1554806047","2149318021","0.0909091"
"2149318021","1554806047","0.0909091"
"1554806047","2538707657","0.0909091"
"2538707657","1554806047","0.0909091"
"1554806047","2806302506","0.0909091"
"2806302506","1554806047","0.0909091"
"2082897112","2123219228","0.0909091"
"2123219228","2082897112","0.0909091"
"2082897112","2143180137","0.674242"
"2143180137","2082897112","0.674242"
"2082897112","2146587316","0.0909091"
"2146587316","2082897112","0.0909091"
"2082897112","2149318021","0.0909091"
"2149318021","2082897112","0.0909091"
"2082897112","2538707657","0.0909091"
"2538707657","2082897112","0.0909091"
"2082897112","2806302506","0.0909091"
"2806302506","2082897112","0.0909091"
"2123219228","2132793425","0.0909091"
"2132793425","2123219228","0.0909091"
"2123219228","2143180137","0.0909091"
"2143180137","2123219228","0.0909091"
"2123219228","2146336426","0.157576"
"2146336426","2123219228","0.157576"
"2123219228","2146587316","0.157576"
"2146587316","2123219228","0.157576"
"2123219228","2538707657","0.157576"
"2538707657","2123219228","0.157576"
"2123219228","2804798989","0.0909091"
"2804798989","2123219228","0.0909091"
"2132793425","2143180137","0.0909091"
"2143180137","2132793425","0.0909091"
"2132793425","2146587316","0.0909091"
"2146587316","2132793425","0.0909091"
"2132793425","2149318021","0.0909091"
"2149318021","2132793425","0.0909091"
"2132793425","2538707657","0.0909091"
"2538707657","2132793425","0.0909091"
"2132793425","2804798989","0.0909091"
"2804798989","2132793425","0.0909091"
"2132793425","2806302506","0.0909091"
"2806302506","2132793425","0.0909091"
"2143180137","2146336426","0.674242"
"2146336426","2143180137","0.674242"
"2143180137","2146587316","0.0909091"
"2146587316","2143180137","0.0909091"
"2143180137","2149318021","0.0909091"
"2149318021","2143180137","0.0909091"
"2143180137","2538707657","0.0909091"
"2538707657","2143180137","0.0909091"
"2143180137","2804798989","0.0909091"
"2804798989","2143180137","0.0909091"
"2143180137","2806302506","0.0909091"
"2806302506","2143180137","0.0909091"
"2146336426","2146587316","0.157576"
"2146587316","2146336426","0.157576"
"2146336426","2149318021","0.0909091"
"2149318021","2146336426","0.0909091"
"2146336426","2538707657","0.157576"
"2538707657","2146336426","0.157576"
"2146336426","2806302506","0.157576"
"2806302506","2146336426","0.157576"
"2146587316","2538707657","0.157576"
"2538707657","2146587316","0.157576"
"2146587316","2804798989","0.0909091"
"2804798989","2146587316","0.0909091"
"2146587316","2806302506","0.157576"
"2806302506","2146587316","0.157576"
"2149318021","2538707657","0.0909091"
"2538707657","2149318021","0.0909091"
"2149318021","2804798989","0.0909091"
"2804798989","2149318021","0.0909091"
"2538707657","2804798989","0.0909091"
"2804798989","2538707657","0.0909091"
"2538707657","2806302506","0.157576"
"2806302506","2538707657","0.157576"
"2804798989","2806302506","0.0909091"
"2806302506","2804798989","0.0909091"
"113894319","2008622102","0.5"
"2008622102","113894319","0.5"
"2008622102","2155703950","0.5"
"2155703950","2008622102","0.5"
"113894319","2154526268","0.5"
"2154526268","113894319","0.5"
"113894319","2399461166","0.5"
"2399461166","113894319","0.5"
"2154526268","2399461166","3.5"
"2399461166","2154526268","3.5"
"113894319","1497272665","0.2"
"1497272665","113894319","0.2"
"113894319","2155899361","0.2"
"2155899361","113894319","0.2"
"1497272665","1582322682","0.266667"
"1582322682","1497272665","0.266667"
"1497272665","2149318021","1.2"
"2149318021","1497272665","1.2"
"1497272665","2155703950","0.2"
"2155703950","1497272665","0.2"
"1497272665","2155899361","0.266667"
"2155899361","1497272665","0.266667"
"1582322682","2155899361","0.266667"
"2155899361","1582322682","0.266667"
"2149318021","2155899361","0.2"
"2155899361","2149318021","0.2"
"2155703950","2155899361","0.2"
"2155899361","2155703950","0.2"
"1497272665","2143180137","0.25"
"2143180137","1497272665","0.25"
"2138391848","2143180137","2.58333"
"2143180137","2138391848","2.58333"
"1497272665","2184084473","0.5"
"2184084473","1497272665","0.5"
"1497272665","4666531","0.5"
"4666531","1497272665","0.5"
"2184084473","4666531","0.75"
"4666531","2184084473","0.75"
"1497272665","2161449369","3"
"2161449369","1497272665","3"
"1497272665","2008622102","0.0666667"
"2008622102","1497272665","0.0666667"
"1497272665","2099630037","0.0666667"
"2099630037","1497272665","0.0666667"
"1497272665","2123219228","0.0666667"
"2123219228","1497272665","0.0666667"
"1497272665","2136824634","0.0666667"
"2136824634","1497272665","0.0666667"
"1497272665","2146587316","0.0666667"
"2146587316","1497272665","0.0666667"
"1497272665","2150581177","0.0666667"
"2150581177","1497272665","0.0666667"
"1497272665","2538707657","0.0666667"
"2538707657","1497272665","0.0666667"
"1497272665","2806302506","0.0666667"
"2806302506","1497272665","0.0666667"
"1497272665","2942839069","3.06667"
"2942839069","1497272665","3.06667"
"1582322682","1979896660","0.0666667"
"1979896660","1582322682","0.0666667"
"1582322682","1997118986","0.0666667"
"1997118986","1582322682","0.0666667"
"1582322682","2008622102","0.0666667"
"2008622102","1582322682","0.0666667"
"1582322682","2099630037","0.0666667"
"2099630037","1582322682","0.0666667"
"1582322682","2136824634","0.0666667"
"2136824634","1582322682","0.0666667"
"1582322682","2146336426","0.0666667"
"2146336426","1582322682","0.0666667"
"1582322682","2146587316","0.0666667"
"2146587316","1582322682","0.0666667"
"1582322682","2150581177","0.0666667"
"2150581177","1582322682","0.0666667"
"1582322682","2156993222","0.0666667"
"2156993222","1582322682","0.0666667"
"1582322682","2538707657","0.0666667"
"2538707657","1582322682","0.0666667"
"1582322682","2942839069","0.0666667"
"2942839069","1582322682","0.0666667"
"1979896660","2008622102","0.0666667"
"2008622102","1979896660","0.0666667"
"1979896660","2099630037","0.0666667"
"2099630037","1979896660","0.0666667"
"1979896660","2123219228","0.0666667"
"2123219228","1979896660","0.0666667"
"1979896660","2136824634","0.0666667"
"2136824634","1979896660","0.0666667"
"1979896660","2146587316","0.0666667"
"2146587316","1979896660","0.0666667"
"1979896660","2150581177","0.0666667"
"2150581177","1979896660","0.0666667"
"1979896660","2155899361","0.0666667"
"2155899361","1979896660","0.0666667"
"1979896660","2538707657","0.0666667"
"2538707657","1979896660","0.0666667"
"1979896660","2806302506","0.0666667"
"2806302506","1979896660","0.0666667"
"1979896660","2942839069","0.0666667"
"2942839069","1979896660","0.0666667"
"1997118986","2008622102","0.0666667"
"2008622102","1997118986","0.0666667"
"1997118986","2099630037","0.0666667"
"2099630037","1997118986","0.0666667"
"1997118986","2123219228","0.0666667"
"2123219228","1997118986","0.0666667"
"1997118986","2136824634","0.0666667"
"2136824634","1997118986","0.0666667"
"1997118986","2146587316","0.0666667"
"2146587316","1997118986","0.0666667"
"1997118986","2150581177","0.0666667"
"2150581177","1997118986","0.0666667"
"1997118986","2155899361","0.0666667"
"2155899361","1997118986","0.0666667"
"1997118986","2538707657","0.0666667"
"2538707657","1997118986","0.0666667"
"1997118986","2806302506","0.0666667"
"2806302506","1997118986","0.0666667"
"1997118986","2942839069","0.0666667"
"2942839069","1997118986","0.0666667"
"2008622102","2099630037","0.0666667"
"2099630037","2008622102","0.0666667"
"2008622102","2123219228","0.0666667"
"2123219228","2008622102","0.0666667"
"2008622102","2136824634","0.0666667"
"2136824634","2008622102","0.0666667"
"2008622102","2146336426","0.0666667"
"2146336426","2008622102","0.0666667"
"2008622102","2146587316","0.0666667"
"2146587316","2008622102","0.0666667"
"2008622102","2150581177","0.0666667"
"2150581177","2008622102","0.0666667"
"2008622102","2155899361","0.0666667"
"2155899361","2008622102","0.0666667"
"2008622102","2156993222","0.0666667"
"2156993222","2008622102","0.0666667"
"2008622102","2538707657","0.0666667"
"2538707657","2008622102","0.0666667"
"2008622102","2806302506","0.0666667"
"2806302506","2008622102","0.0666667"
"2008622102","2942839069","0.0666667"
"2942839069","2008622102","0.0666667"
"2099630037","2123219228","0.0666667"
"2123219228","2099630037","0.0666667"
"2099630037","2136824634","0.0666667"
"2136824634","2099630037","0.0666667"
"2099630037","2146336426","0.0666667"
"2146336426","2099630037","0.0666667"
"2099630037","2150581177","0.0666667"
"2150581177","2099630037","0.0666667"
"2099630037","2155899361","0.0666667"
"2155899361","2099630037","0.0666667"
"2099630037","2156993222","0.0666667"
"2156993222","2099630037","0.0666667"
"2099630037","2538707657","0.0666667"
"2538707657","2099630037","0.0666667"
"2099630037","2806302506","0.0666667"
"2806302506","2099630037","0.0666667"
"2099630037","2942839069","0.0666667"
"2942839069","2099630037","0.0666667"
"2123219228","2136824634","0.0666667"
"2136824634","2123219228","0.0666667"
"2123219228","2150581177","0.0666667"
"2150581177","2123219228","0.0666667"
"2123219228","2155899361","0.0666667"
"2155899361","2123219228","0.0666667"
"2123219228","2156993222","0.0666667"
"2156993222","2123219228","0.0666667"
"2123219228","2942839069","0.0666667"
"2942839069","2123219228","0.0666667"
"2136824634","2146336426","0.0666667"
"2146336426","2136824634","0.0666667"
"2136824634","2146587316","0.0666667"
"2146587316","2136824634","0.0666667"
"2136824634","2150581177","0.0666667"
"2150581177","2136824634","0.0666667"
"2136824634","2155899361","0.0666667"
"2155899361","2136824634","0.0666667"
"2136824634","2538707657","0.0666667"
"2538707657","2136824634","0.0666667"
"2136824634","2806302506","0.0666667"
"2806302506","2136824634","0.0666667"
"2136824634","2942839069","0.0666667"
"2942839069","2136824634","0.0666667"
"2146336426","2150581177","0.0666667"
"2150581177","2146336426","0.0666667"
"2146336426","2155899361","0.0666667"
"2155899361","2146336426","0.0666667"
"2146336426","2942839069","0.0666667"
"2942839069","2146336426","0.0666667"
"2146587316","2150581177","0.0666667"
"2150581177","2146587316","0.0666667"
"2146587316","2155899361","0.0666667"
"2155899361","2146587316","0.0666667"
"2146587316","2156993222","0.0666667"
"2156993222","2146587316","0.0666667"
"2146587316","2942839069","0.0666667"
"2942839069","2146587316","0.0666667"
"2150581177","2155899361","0.0666667"
"2155899361","2150581177","0.0666667"
"2150581177","2156993222","0.0666667"
"2156993222","2150581177","0.0666667"
"2150581177","2538707657","0.0666667"
"2538707657","2150581177","0.0666667"
"2150581177","2806302506","0.0666667"
"2806302506","2150581177","0.0666667"
"2150581177","2942839069","0.0666667"
"2942839069","2150581177","0.0666667"
"2155899361","2156993222","0.0666667"
"2156993222","2155899361","0.0666667"
"2155899361","2538707657","0.0666667"
"2538707657","2155899361","0.0666667"
"2155899361","2806302506","0.0666667"
"2806302506","2155899361","0.0666667"
"2155899361","2942839069","0.0666667"
"2942839069","2155899361","0.0666667"
"2156993222","2538707657","0.0666667"
"2538707657","2156993222","0.0666667"
"2156993222","2806302506","0.0666667"
"2806302506","2156993222","0.0666667"
"2156993222","2942839069","0.0666667"
"2942839069","2156993222","0.0666667"
"2538707657","2942839069","0.0666667"
"2942839069","2538707657","0.0666667"
"2806302506","2942839069","0.0666667"
"2942839069","2806302506","0.0666667"
"1497272665","1994884586","0.25"
"1994884586","1497272665","0.25"
"1497272665","2009005518","0.25"
"2009005518","1497272665","0.25"
"1497272665","2107460475","0.25"
"2107460475","1497272665","0.25"
"1497272665","2595324147","0.25"
"2595324147","1497272665","0.25"
"1994884586","2009005518","15.9436"
"2009005518","1994884586","15.9436"
"1994884586","2107460475","0.416667"
"2107460475","1994884586","0.416667"
"1994884586","2595324147","0.25"
"2595324147","1994884586","0.25"
"2009005518","2107460475","0.416667"
"2107460475","2009005518","0.416667"
"2009005518","2595324147","0.25"
"2595324147","2009005518","0.25"
"2107460475","2595324147","0.25"
"2595324147","2107460475","0.25"
"1497272665","2079279139","1"
"2079279139","1497272665","1"
"1515100726","2161449369","1"
"2161449369","1515100726","1"
"1515100726","2081222571","0.666667"
"2081222571","1515100726","0.666667"
"1515100726","2941588492","0.333333"
"2941588492","1515100726","0.333333"
"1515100726","81978853","2.66667"
"81978853","1515100726","2.66667"
"2081222571","2941588492","0.333333"
"2941588492","2081222571","0.333333"
"2081222571","81978853","0.666667"
"81978853","2081222571","0.666667"
"2941588492","81978853","0.333333"
"81978853","2941588492","0.333333"
"1515100726","2125662039","0.333333"
"2125662039","1515100726","0.333333"
"2081222571","2125662039","0.333333"
"2125662039","2081222571","0.333333"
"2125662039","81978853","0.333333"
"81978853","2125662039","0.333333"
"1589853884","2015288399","0.166667"
"2015288399","1589853884","0.166667"
"1589853884","2079279139","0.166667"
"2079279139","1589853884","0.166667"
"1589853884","2107460475","0.166667"
"2107460475","1589853884","0.166667"
"1589853884","2162412921","0.166667"
"2162412921","1589853884","0.166667"
"1589853884","2249453717","0.166667"
"2249453717","1589853884","0.166667"
"1589853884","2942596700","0.166667"
"2942596700","1589853884","0.166667"
"2015288399","2079279139","0.166667"
"2079279139","2015288399","0.166667"
"2015288399","2107460475","0.166667"
"2107460475","2015288399","0.166667"
"2015288399","2162412921","2.16667"
"2162412921","2015288399","2.16667"
"2015288399","2249453717","0.166667"
"2249453717","2015288399","0.166667"
"2015288399","2942596700","0.166667"
"2942596700","2015288399","0.166667"
"2079279139","2107460475","1.55952"
"2107460475","2079279139","1.55952"
"2079279139","2162412921","0.24359"
"2162412921","2079279139","0.24359"
"2079279139","2249453717","0.576923"
"2249453717","2079279139","0.576923"
"2079279139","2942596700","0.24359"
"2942596700","2079279139","0.24359"
"2107460475","2162412921","0.166667"
"2162412921","2107460475","0.166667"
"2107460475","2249453717","0.97619"
"2249453717","2107460475","0.97619"
"2107460475","2942596700","0.166667"
"2942596700","2107460475","0.166667"
"2162412921","2249453717","0.24359"
"2249453717","2162412921","0.24359"
"2162412921","2942596700","0.24359"
"2942596700","2162412921","0.24359"
"2249453717","2942596700","0.386447"
"2942596700","2249453717","0.386447"
"1589853884","2146587316","1"
"2146587316","1589853884","1"
"1606289691","2161969471","0.5"
"2161969471","1606289691","0.5"
"1606289691","2795665761","0.5"
"2795665761","1606289691","0.5"
"2161969471","2795665761","0.5"
"2795665761","2161969471","0.5"
"1606289691","2282201354","1"
"2282201354","1606289691","1"
"1794159875","2034815565","1.25"
"2034815565","1794159875","1.25"
"1794159875","2054086161","0.75"
"2054086161","1794159875","0.75"
"1794159875","2116527044","1.25"
"2116527044","1794159875","1.25"
"1794159875","2157708517","0.75"
"2157708517","1794159875","0.75"
"2034815565","2054086161","1.08333"
"2054086161","2034815565","1.08333"
"2034815565","2116527044","1.58333"
"2116527044","2034815565","1.58333"
"2034815565","2157708517","1.08333"
"2157708517","2034815565","1.08333"
"2054086161","2116527044","1.08333"
"2116527044","2054086161","1.08333"
"2054086161","2157708517","6.08333"
"2157708517","2054086161","6.08333"
"2116527044","2157708517","2.08333"
"2157708517","2116527044","2.08333"
"1796060627","2007835840","0.333333"
"2007835840","1796060627","0.333333"
"1796060627","2079279139","0.333333"
"2079279139","1796060627","0.333333"
"1796060627","2157783656","0.333333"
"2157783656","1796060627","0.333333"
"2007835840","2079279139","0.333333"
"2079279139","2007835840","0.333333"
"2007835840","2157783656","0.333333"
"2157783656","2007835840","0.333333"
"2079279139","2157783656","3.41667"
"2157783656","2079279139","3.41667"
"1796060627","2004970449","1"
"2004970449","1796060627","1"
"1838943797","1989012067","1.83333"
"1989012067","1838943797","1.83333"
"1838943797","2009876996","1.83333"
"2009876996","1838943797","1.83333"
"1989012067","2009876996","1.83333"
"2009876996","1989012067","1.83333"
"1838943797","2008622102","0.333333"
"2008622102","1838943797","0.333333"
"1989012067","2008622102","0.333333"
"2008622102","1989012067","0.333333"
"2008622102","2009876996","0.333333"
"2009876996","2008622102","0.333333"
"1838943797","2011243167","1"
"2011243167","1838943797","1"
"1967033510","2107460475","1.5"
"2107460475","1967033510","1.5"
"1967033510","2249453717","0.576923"
"2249453717","1967033510","0.576923"
"1967033510","2007835840","1"
"2007835840","1967033510","1"
"1967033510","1967576841","0.826923"
"1967576841","1967033510","0.826923"
"1967033510","2015288399","3.75"
"2015288399","1967033510","3.75"
"1967576841","2015288399","3"
"2015288399","1967576841","3"
"1967033510","2079279139","1.57692"
"2079279139","1967033510","1.57692"
"1967033510","2616309014","3.57692"
"2616309014","1967033510","3.57692"
"2079279139","2616309014","0.576923"
"2616309014","2079279139","0.576923"
"1967033510","2051642542","1.57692"
"2051642542","1967033510","1.57692"
"1967033510","2190170541","0.576923"
"2190170541","1967033510","0.576923"
"2051642542","2190170541","2.06264"
"2190170541","2051642542","2.06264"
"1967033510","2091438169","1"
"2091438169","1967033510","1"
"1967033510","2162412921","3.32692"
"2162412921","1967033510","3.32692"
"1967033510","1994884586","0.576923"
"1994884586","1967033510","0.576923"
"1967033510","2009005518","0.576923"
"2009005518","1967033510","0.576923"
"1967033510","2076056099","0.0769231"
"2076056099","1967033510","0.0769231"
"1967033510","2277671149","0.0769231"
"2277671149","1967033510","0.0769231"
"1967033510","2286761963","0.0769231"
"2286761963","1967033510","0.0769231"
"1967033510","2942596700","0.0769231"
"2942596700","1967033510","0.0769231"
"1967576841","1994884586","0.0769231"
"1994884586","1967576841","0.0769231"
"1967576841","2009005518","0.0769231"
"2009005518","1967576841","0.0769231"
"1967576841","2051642542","0.0769231"
"2051642542","1967576841","0.0769231"
"1967576841","2076056099","0.326923"
"2076056099","1967576841","0.326923"
"1967576841","2079279139","0.0769231"
"2079279139","1967576841","0.0769231"
"1967576841","2162412921","2.07692"
"2162412921","1967576841","2.07692"
"1967576841","2190170541","0.326923"
"2190170541","1967576841","0.326923"
"1967576841","2249453717","0.0769231"
"2249453717","1967576841","0.0769231"
"1967576841","2277671149","0.0769231"
"2277671149","1967576841","0.0769231"
"1967576841","2286761963","0.0769231"
"2286761963","1967576841","0.0769231"
"1967576841","2616309014","0.326923"
"2616309014","1967576841","0.326923"
"1967576841","2942596700","0.0769231"
"2942596700","1967576841","0.0769231"
"1994884586","2051642542","0.0769231"
"2051642542","1994884586","0.0769231"
"1994884586","2076056099","0.24359"
"2076056099","1994884586","0.24359"
"1994884586","2079279139","0.326923"
"2079279139","1994884586","0.326923"
"1994884586","2162412921","0.0769231"
"2162412921","1994884586","0.0769231"
"1994884586","2190170541","0.24359"
"2190170541","1994884586","0.24359"
"1994884586","2249453717","0.24359"
"2249453717","1994884586","0.24359"
"1994884586","2277671149","0.0769231"
"2277671149","1994884586","0.0769231"
"1994884586","2286761963","0.0769231"
"2286761963","1994884586","0.0769231"
"1994884586","2616309014","0.0769231"
"2616309014","1994884586","0.0769231"
"1994884586","2942596700","0.0769231"
"2942596700","1994884586","0.0769231"
"2009005518","2051642542","0.0769231"
"2051642542","2009005518","0.0769231"
"2009005518","2076056099","0.24359"
"2076056099","2009005518","0.24359"
"2009005518","2079279139","0.326923"
"2079279139","2009005518","0.326923"
"2009005518","2162412921","0.0769231"
"2162412921","2009005518","0.0769231"
"2009005518","2190170541","0.24359"
"2190170541","2009005518","0.24359"
"2009005518","2249453717","0.24359"
"2249453717","2009005518","0.24359"
"2009005518","2277671149","0.0769231"
"2277671149","2009005518","0.0769231"
"2009005518","2286761963","0.0769231"
"2286761963","2009005518","0.0769231"
"2009005518","2616309014","0.0769231"
"2616309014","2009005518","0.0769231"
"2009005518","2942596700","0.0769231"
"2942596700","2009005518","0.0769231"
"2051642542","2076056099","0.41978"
"2076056099","2051642542","0.41978"
"2051642542","2079279139","0.0769231"
"2079279139","2051642542","0.0769231"
"2051642542","2162412921","0.0769231"
"2162412921","2051642542","0.0769231"
"2051642542","2249453717","0.562637"
"2249453717","2051642542","0.562637"
"2051642542","2277671149","0.0769231"
"2277671149","2051642542","0.0769231"
"2051642542","2286761963","0.21978"
"2286761963","2051642542","0.21978"
"2051642542","2616309014","0.0769231"
"2616309014","2051642542","0.0769231"
"2051642542","2942596700","0.21978"
"2942596700","2051642542","0.21978"
"2076056099","2079279139","0.46978"
"2079279139","2076056099","0.46978"
"2076056099","2162412921","0.326923"
"2162412921","2076056099","0.326923"
"2076056099","2190170541","5.81264"
"2190170541","2076056099","5.81264"
"2076056099","2249453717","0.91978"
"2249453717","2076056099","0.91978"
"2076056099","2277671149","0.0769231"
"2277671149","2076056099","0.0769231"
"2076056099","2286761963","0.410256"
"2286761963","2076056099","0.410256"
"2076056099","2616309014","0.0769231"
"2616309014","2076056099","0.0769231"
"2076056099","2942596700","0.0769231"
"2942596700","2076056099","0.0769231"
"2079279139","2190170541","0.46978"
"2190170541","2079279139","0.46978"
"2079279139","2277671149","1.41026"
"2277671149","2079279139","1.41026"
"2079279139","2286761963","0.0769231"
"2286761963","2079279139","0.0769231"
"2162412921","2190170541","0.326923"
"2190170541","2162412921","0.326923"
"2162412921","2277671149","0.0769231"
"2277671149","2162412921","0.0769231"
"2162412921","2286761963","0.0769231"
"2286761963","2162412921","0.0769231"
"2162412921","2616309014","0.826923"
"2616309014","2162412921","0.826923"
"2190170541","2249453717","1.59597"
"2249453717","2190170541","1.59597"
"2190170541","2277671149","0.276923"
"2277671149","2190170541","0.276923"
"2190170541","2286761963","0.886447"
"2286761963","2190170541","0.886447"
"2190170541","2616309014","0.0769231"
"2616309014","2190170541","0.0769231"
"2190170541","2942596700","0.21978"
"2942596700","2190170541","0.21978"
"2249453717","2277671149","0.610256"
"2277671149","2249453717","0.610256"
"2249453717","2286761963","0.886447"
"2286761963","2249453717","0.886447"
"2249453717","2616309014","0.0769231"
"2616309014","2249453717","0.0769231"
"2277671149","2286761963","0.0769231"
"2286761963","2277671149","0.0769231"
"2277671149","2616309014","0.0769231"
"2616309014","2277671149","0.0769231"
"2277671149","2942596700","0.410256"
"2942596700","2277671149","0.410256"
"2286761963","2616309014","0.0769231"
"2616309014","2286761963","0.0769231"
"2286761963","2942596700","0.21978"
"2942596700","2286761963","0.21978"
"2616309014","2942596700","0.0769231"
"2942596700","2616309014","0.0769231"
"1967033510","2021828416","0.5"
"2021828416","1967033510","0.5"
"2015288399","2021828416","0.5"
"2021828416","2015288399","0.5"
"2015288399","2616309014","0.25"
"2616309014","2015288399","0.25"
"1967033510","2028781180","0.25"
"2028781180","1967033510","0.25"
"1967033510","2161969471","0.25"
"2161969471","1967033510","0.25"
"1967033510","606649546","0.25"
"606649546","1967033510","0.25"
"2028781180","2161969471","0.25"
"2161969471","2028781180","0.25"
"2028781180","2616309014","0.25"
"2616309014","2028781180","0.25"
"2028781180","606649546","0.25"
"606649546","2028781180","0.25"
"2161969471","2616309014","0.25"
"2616309014","2161969471","0.25"
"2161969471","606649546","1.25"
"606649546","2161969471","1.25"
"2616309014","606649546","0.25"
"606649546","2616309014","0.25"
"2015288399","2076056099","0.25"
"2076056099","2015288399","0.25"
"2015288399","2190170541","0.25"
"2190170541","2015288399","0.25"
"1967576841","2184657441","1"
"2184657441","1967576841","1"
"1967576841","2942186539","0.5"
"2942186539","1967576841","0.5"
"1967576841","2943756157","0.5"
"2943756157","1967576841","0.5"
"2942186539","2943756157","2.5"
"2943756157","2942186539","2.5"
"1967576841","2021828416","1.5"
"2021828416","1967576841","1.5"
"2021828416","2162412921","0.5"
"2162412921","2021828416","0.5"
"1967932767","2030899419","3.2"
"2030899419","1967932767","3.2"
"1967932767","2046873602","8.2"
"2046873602","1967932767","8.2"
"2030899419","2046873602","5.2"
"2046873602","2030899419","5.2"
"1967932767","2020462374","1"
"2020462374","1967932767","1"
"1967932767","1977300267","1.86667"
"1977300267","1967932767","1.86667"
"1977300267","2046873602","1.86667"
"2046873602","1977300267","1.86667"
"1977300267","2030899419","0.866667"
"2030899419","1977300267","0.866667"
"1967932767","2798445153","1.2"
"2798445153","1967932767","1.2"
"1967932767","2395887179","1"
"2395887179","1967932767","1"
"1967932767","2408469516","0.333333"
"2408469516","1967932767","0.333333"
"2030899419","2408469516","0.333333"
"2408469516","2030899419","0.333333"
"2046873602","2408469516","0.333333"
"2408469516","2046873602","0.333333"
"1967932767","2942846919","0.2"
"2942846919","1967932767","0.2"
"1977300267","2798445153","0.2"
"2798445153","1977300267","0.2"
"1977300267","2942846919","0.2"
"2942846919","1977300267","0.2"
"2030899419","2798445153","0.2"
"2798445153","2030899419","0.2"
"2030899419","2942846919","0.2"
"2942846919","2030899419","0.2"
"2046873602","2798445153","0.2"
"2798445153","2046873602","0.2"
"2046873602","2942846919","0.2"
"2942846919","2046873602","0.2"
"2798445153","2942846919","1.2"
"2942846919","2798445153","1.2"
"1969573829","2028781180","2.5"
"2028781180","1969573829","2.5"
"1969573829","2346604471","0.5"
"2346604471","1969573829","0.5"
"2028781180","2346604471","0.5"
"2346604471","2028781180","0.5"
"1972678115","2051642542","0.285714"
"2051642542","1972678115","0.285714"
"1972678115","2076056099","0.142857"
"2076056099","1972678115","0.142857"
"1972678115","2092581286","0.985714"
"2092581286","1972678115","0.985714"
"1972678115","2107460475","0.142857"
"2107460475","1972678115","0.142857"
"1972678115","2159542775","0.985714"
"2159542775","1972678115","0.985714"
"1972678115","2190170541","0.485714"
"2190170541","1972678115","0.485714"
"1972678115","2249453717","0.485714"
"2249453717","1972678115","0.485714"
"2051642542","2092581286","1.28571"
"2092581286","2051642542","1.28571"
"2051642542","2107460475","0.142857"
"2107460475","2051642542","0.142857"
"2051642542","2159542775","0.285714"
"2159542775","2051642542","0.285714"
"2076056099","2092581286","0.142857"
"2092581286","2076056099","0.142857"
"2076056099","2107460475","0.702381"
"2107460475","2076056099","0.702381"
"2076056099","2159542775","0.142857"
"2159542775","2076056099","0.142857"
"2092581286","2107460475","0.142857"
"2107460475","2092581286","0.142857"
"2092581286","2159542775","0.985714"
"2159542775","2092581286","0.985714"
"2092581286","2190170541","0.819048"
"2190170541","2092581286","0.819048"
"2092581286","2249453717","0.819048"
"2249453717","2092581286","0.819048"
"2107460475","2159542775","0.142857"
"2159542775","2107460475","0.142857"
"2107460475","2190170541","0.702381"
"2190170541","2107460475","0.702381"
"2159542775","2190170541","0.485714"
"2190170541","2159542775","0.485714"
"2159542775","2249453717","0.485714"
"2249453717","2159542775","0.485714"
"1972678115","2286761963","0.142857"
"2286761963","1972678115","0.142857"
"1972678115","2942596700","0.142857"
"2942596700","1972678115","0.142857"
"2092581286","2286761963","0.47619"
"2286761963","2092581286","0.47619"
"2092581286","2942596700","0.142857"
"2942596700","2092581286","0.142857"
"2159542775","2286761963","0.142857"
"2286761963","2159542775","0.142857"
"2159542775","2942596700","0.142857"
"2942596700","2159542775","0.142857"
"1972678115","2277671149","0.2"
"2277671149","1972678115","0.2"
"2092581286","2277671149","1.2"
"2277671149","2092581286","1.2"
"2159542775","2277671149","0.2"
"2277671149","2159542775","0.2"
"1985010305","2170303884","9"
"2170303884","1985010305","9"
"1985010305","2161781150","1"
"2161781150","1985010305","1"
"2161781150","2170303884","1"
"2170303884","2161781150","1"
"1985010305","2526401619","1"
"2526401619","1985010305","1"
"1989012067","2125662039","1"
"2125662039","1989012067","1"
"1994884586","2157783656","0.25"
"2157783656","1994884586","0.25"
"1994884586","2184084473","0.25"
"2184084473","1994884586","0.25"
"2009005518","2157783656","0.25"
"2157783656","2009005518","0.25"
"2009005518","2184084473","0.25"
"2184084473","2009005518","0.25"
"2079279139","2184084473","0.25"
"2184084473","2079279139","0.25"
"2157783656","2184084473","0.25"
"2184084473","2157783656","0.25"
"1994884586","2126232116","0.5"
"2126232116","1994884586","0.5"
"2009005518","2126232116","0.5"
"2126232116","2009005518","0.5"
"1994884586","2282201354","0.5"
"2282201354","1994884586","0.5"
"2009005518","2282201354","0.5"
"2282201354","2009005518","0.5"
"1994884586","2021828416","0.2"
"2021828416","1994884586","0.2"
"1994884586","2091438169","0.2"
"2091438169","1994884586","0.2"
"1994884586","2101763294","0.2"
"2101763294","1994884586","0.2"
"1994884586","2161969471","0.2"
"2161969471","1994884586","0.2"
"2009005518","2021828416","0.2"
"2021828416","2009005518","0.2"
"2009005518","2091438169","0.2"
"2091438169","2009005518","0.2"
"2009005518","2101763294","0.2"
"2101763294","2009005518","0.2"
"2009005518","2161969471","0.2"
"2161969471","2009005518","0.2"
"2021828416","2091438169","2.2"
"2091438169","2021828416","2.2"
"2021828416","2101763294","0.2"
"2101763294","2021828416","0.2"
"2021828416","2161969471","0.2"
"2161969471","2021828416","0.2"
"2091438169","2101763294","0.45"
"2101763294","2091438169","0.45"
"2091438169","2161969471","0.45"
"2161969471","2091438169","0.45"
"2101763294","2161969471","1.28333"
"2161969471","2101763294","1.28333"
"1994884586","4666531","0.166667"
"4666531","1994884586","0.166667"
"2009005518","4666531","0.166667"
"4666531","2009005518","0.166667"
"2076056099","4666531","0.309524"
"4666531","2076056099","0.309524"
"2107460475","4666531","0.309524"
"4666531","2107460475","0.309524"
"2190170541","4666531","0.309524"
"4666531","2190170541","0.309524"
"2249453717","4666531","0.166667"
"4666531","2249453717","0.166667"
"1994884586","2028781180","0.5"
"2028781180","1994884586","0.5"
"2009005518","2028781180","0.5"
"2028781180","2009005518","0.5"
"1997573171","2091438169","0.333333"
"2091438169","1997573171","0.333333"
"1997573171","2898912179","0.333333"
"2898912179","1997573171","0.333333"
"1997573171","4666531","0.333333"
"4666531","1997573171","0.333333"
"2091438169","2898912179","1.33333"
"2898912179","2091438169","1.33333"
"2091438169","4666531","1.33333"
"4666531","2091438169","1.33333"
"2898912179","4666531","0.333333"
"4666531","2898912179","0.333333"
"2007835840","2011243167","0.25"
"2011243167","2007835840","0.25"
"2007835840","2076056099","0.25"
"2076056099","2007835840","0.25"
"2007835840","2081222571","0.25"
"2081222571","2007835840","0.25"
"2007835840","2190170541","0.25"
"2190170541","2007835840","0.25"
"2011243167","2076056099","0.5"
"2076056099","2011243167","0.5"
"2011243167","2081222571","2.25"
"2081222571","2011243167","2.25"
"2011243167","2190170541","0.5"
"2190170541","2011243167","0.5"
"2076056099","2081222571","0.25"
"2081222571","2076056099","0.25"
"2081222571","2190170541","0.25"
"2190170541","2081222571","0.25"
"2007835840","2942186539","1"
"2942186539","2007835840","1"
"2007835840","2161449369","1"
"2161449369","2007835840","1"
"2007835840","2942596700","1"
"2942596700","2007835840","1"
"2008622102","2097596800","1"
"2097596800","2008622102","1"
"2009876996","2076056099","0.142857"
