"1482491770","41828061","1"
"41828061","1482491770","1"
"1482491770","2110837512","1.66667"
"2110837512","1482491770","1.66667"
"1482491770","2089916697","0.333333"
"2089916697","1482491770","0.333333"
"1482491770","2159418635","0.333333"
"2159418635","1482491770","0.333333"
"2089916697","2110837512","0.583333"
"2110837512","2089916697","0.583333"
"2089916697","2159418635","0.333333"
"2159418635","2089916697","0.333333"
"2110837512","2159418635","0.333333"
"2159418635","2110837512","0.333333"
"1482491770","2158199901","0.333333"
"2158199901","1482491770","0.333333"
"1482491770","2766328706","0.333333"
"2766328706","1482491770","0.333333"
"2110837512","2158199901","0.333333"
"2158199901","2110837512","0.333333"
"2110837512","2766328706","0.583333"
"2766328706","2110837512","0.583333"
"2158199901","2766328706","0.5"
"2766328706","2158199901","0.5"
"1490872123","154695374","0.5"
"154695374","1490872123","0.5"
"1490872123","1579704542","0.5"
"1579704542","1490872123","0.5"
"154695374","1579704542","0.5"
"1579704542","154695374","0.5"
"1493389503","2069138514","1.75"
"2069138514","1493389503","1.75"
"1493389503","2072624099","2.39286"
"2072624099","1493389503","2.39286"
"1493389503","2106483242","1.25"
"2106483242","1493389503","1.25"
"1493389503","2138650107","0.75"
"2138650107","1493389503","0.75"
"2069138514","2072624099","21.3873"
"2072624099","2069138514","21.3873"
"2069138514","2106483242","5.6373"
"2106483242","2069138514","5.6373"
"2069138514","2138650107","2.50397"
"2138650107","2069138514","2.50397"
"2072624099","2106483242","9.51349"
"2106483242","2072624099","9.51349"
"2072624099","2138650107","4.20397"
"2138650107","2072624099","4.20397"
"2106483242","2138650107","2.20397"
"2138650107","2106483242","2.20397"
"1493389503","1968444938","0.253968"
"1968444938","1493389503","0.253968"
"1493389503","1981432498","0.142857"
"1981432498","1493389503","0.142857"
"1493389503","208337521","0.253968"
"208337521","1493389503","0.253968"
"1493389503","2134639463","0.253968"
"2134639463","1493389503","0.253968"
"1493389503","2184964701","0.142857"
"2184964701","1493389503","0.142857"
"1493389503","618765927","0.253968"
"618765927","1493389503","0.253968"
"1968444938","1981432498","2.47619"
"1981432498","1968444938","2.47619"
"1968444938","2072624099","2.42063"
"2072624099","1968444938","2.42063"
"1968444938","208337521","0.253968"
"208337521","1968444938","0.253968"
"1968444938","2134639463","0.253968"
"2134639463","1968444938","0.253968"
"1968444938","2184964701","0.142857"
"2184964701","1968444938","0.142857"
"1968444938","618765927","0.253968"
"618765927","1968444938","0.253968"
"1981432498","2072624099","0.309524"
"2072624099","1981432498","0.309524"
"1981432498","208337521","0.142857"
"208337521","1981432498","0.142857"
"1981432498","2134639463","0.142857"
"2134639463","1981432498","0.142857"
"1981432498","2184964701","0.142857"
"2184964701","1981432498","0.142857"
"1981432498","618765927","0.142857"
"618765927","1981432498","0.142857"
"2072624099","208337521","1.14286"
"208337521","2072624099","1.14286"
"2072624099","2134639463","0.142857"
"2134639463","2072624099","0.142857"
"2072624099","2184964701","0.142857"
"2184964701","2072624099","0.142857"
"2072624099","618765927","0.142857"
"618765927","2072624099","0.142857"
"208337521","2134639463","0.253968"
"2134639463","208337521","0.253968"
"208337521","2184964701","0.142857"
"2184964701","208337521","0.142857"
"208337521","618765927","0.253968"
"618765927","208337521","0.253968"
"2134639463","2184964701","7.14286"
"2184964701","2134639463","7.14286"
"2134639463","618765927","0.253968"
"618765927","2134639463","0.253968"
"2184964701","618765927","0.142857"
"618765927","2184964701","0.142857"
"1493389503","154695374","0.111111"
"154695374","1493389503","0.111111"
"1493389503","1557301826","1.11111"
"1557301826","1493389503","1.11111"
"1493389503","1771936601","0.111111"
"1771936601","1493389503","0.111111"
"1493389503","2004179962","0.111111"
"2004179962","1493389503","0.111111"
"1493389503","2096524691","0.111111"
"2096524691","1493389503","0.111111"
"154695374","1557301826","0.111111"
"1557301826","154695374","0.111111"
"154695374","1771936601","0.111111"
"1771936601","154695374","0.111111"
"154695374","1968444938","0.694444"
"1968444938","154695374","0.694444"
"154695374","2004179962","0.361111"
"2004179962","154695374","0.361111"
"154695374","208337521","0.111111"
"208337521","154695374","0.111111"
"154695374","2096524691","0.111111"
"2096524691","154695374","0.111111"
"154695374","2134639463","0.111111"
"2134639463","154695374","0.111111"
"154695374","618765927","0.111111"
"618765927","154695374","0.111111"
"1557301826","1771936601","0.111111"
"1771936601","1557301826","0.111111"
"1557301826","1968444938","2.44444"
"1968444938","1557301826","2.44444"
"1557301826","2004179962","0.444444"
"2004179962","1557301826","0.444444"
"1557301826","208337521","0.111111"
"208337521","1557301826","0.111111"
"1557301826","2096524691","0.111111"
"2096524691","1557301826","0.111111"
"1557301826","2134639463","0.111111"
"2134639463","1557301826","0.111111"
"1557301826","618765927","0.111111"
"618765927","1557301826","0.111111"
"1771936601","1968444938","0.111111"
"1968444938","1771936601","0.111111"
"1771936601","2004179962","0.111111"
"2004179962","1771936601","0.111111"
"1771936601","208337521","0.111111"
"208337521","1771936601","0.111111"
"1771936601","2096524691","0.111111"
"2096524691","1771936601","0.111111"
"1771936601","2134639463","1.61111"
"2134639463","1771936601","1.61111"
"1771936601","618765927","0.111111"
"618765927","1771936601","0.111111"
"1968444938","2004179962","2.76389"
"2004179962","1968444938","2.76389"
"1968444938","2096524691","0.111111"
"2096524691","1968444938","0.111111"
"2004179962","208337521","0.111111"
"208337521","2004179962","0.111111"
"2004179962","2096524691","2.11111"
"2096524691","2004179962","2.11111"
"2004179962","2134639463","3.11111"
"2134639463","2004179962","3.11111"
"2004179962","618765927","0.111111"
"618765927","2004179962","0.111111"
"208337521","2096524691","0.111111"
"2096524691","208337521","0.111111"
"2096524691","2134639463","0.611111"
"2134639463","2096524691","0.611111"
"2096524691","618765927","0.111111"
"618765927","2096524691","0.111111"
"1526459853","1573795705","1.33333"
"1573795705","1526459853","1.33333"
"1526459853","1999013213","3.83333"
"1999013213","1526459853","3.83333"
"1573795705","1999013213","1.83333"
"1999013213","1573795705","1.83333"
"1526459853","1967288111","1.83333"
"1967288111","1526459853","1.83333"
"1526459853","2890215992","1"
"2890215992","1526459853","1"
"1526459853","2122951672","1"
"2122951672","1526459853","1"
"1573795705","1967288111","8.66667"
"1967288111","1573795705","8.66667"
"1967288111","1999013213","0.333333"
"1999013213","1967288111","0.333333"
"1526459853","2764065835","1"
"2764065835","1526459853","1"
"1545138055","2005270920","0.5"
"2005270920","1545138055","0.5"
"1545138055","2142085861","0.5"
"2142085861","1545138055","0.5"
"2005270920","2142085861","0.5"
"2142085861","2005270920","0.5"
"1545138055","74528161","1.5"
"74528161","1545138055","1.5"
"1545138055","2151281404","1.5"
"2151281404","1545138055","1.5"
"2151281404","74528161","0.5"
"74528161","2151281404","0.5"
"154695374","1573795705","3.33333"
"1573795705","154695374","3.33333"
"154695374","1967288111","0.333333"
"1967288111","154695374","0.333333"
"154695374","2142085861","1.33333"
"2142085861","154695374","1.33333"
"1573795705","2142085861","1.33333"
"2142085861","1573795705","1.33333"
"1967288111","2142085861","0.833333"
"2142085861","1967288111","0.833333"
"154695374","2125551414","1"
"2125551414","154695374","1"
"154695374","2122951672","1.58333"
"2122951672","154695374","1.58333"
"154695374","74528161","0.25"
"74528161","154695374","0.25"
"1968444938","2122951672","0.916667"
"2122951672","1968444938","0.916667"
"1968444938","74528161","0.25"
"74528161","1968444938","0.25"
"2004179962","2122951672","2.08333"
"2122951672","2004179962","2.08333"
"2004179962","74528161","0.25"
"74528161","2004179962","0.25"
"2122951672","74528161","2.25"
"74528161","2122951672","2.25"
"154695374","2026067799","0.333333"
"2026067799","154695374","0.333333"
"1968444938","2026067799","0.458333"
"2026067799","1968444938","0.458333"
"2026067799","2122951672","0.333333"
"2122951672","2026067799","0.333333"
"1557301826","1981432498","0.333333"
"1981432498","1557301826","0.333333"
"1981432498","2004179962","1.16667"
"2004179962","1981432498","1.16667"
"1573795705","2159418635","0.5"
"2159418635","1573795705","0.5"
"2142085861","2159418635","0.5"
"2159418635","2142085861","0.5"
"1573795705","1579704542","1"
"1579704542","1573795705","1"
"1573795705","1990266873","0.5"
"1990266873","1573795705","0.5"
"1967288111","1990266873","0.5"
"1990266873","1967288111","0.5"
"1573795705","1771936601","0.5"
"1771936601","1573795705","0.5"
"1771936601","1967288111","0.5"
"1967288111","1771936601","0.5"
"1579704542","2004179962","1"
"2004179962","1579704542","1"
"1582832762","2072624099","0.642857"
"2072624099","1582832762","0.642857"
"1582832762","2608298913","1.64286"
"2608298913","1582832762","1.64286"
"2072624099","2608298913","2.60397"
"2608298913","2072624099","2.60397"
"1582832762","2069138514","0.142857"
"2069138514","1582832762","0.142857"
"1582832762","2106483242","0.142857"
"2106483242","1582832762","0.142857"
"1582832762","2125551414","0.142857"
"2125551414","1582832762","0.142857"
"1582832762","2138650107","0.142857"
"2138650107","1582832762","0.142857"
"1582832762","2142085861","0.142857"
"2142085861","1582832762","0.142857"
"2069138514","2125551414","0.703968"
"2125551414","2069138514","0.703968"
"2069138514","2142085861","0.142857"
"2142085861","2069138514","0.142857"
"2069138514","2608298913","0.703968"
"2608298913","2069138514","0.703968"
"2072624099","2125551414","0.846825"
"2125551414","2072624099","0.846825"
"2072624099","2142085861","0.642857"
"2142085861","2072624099","0.642857"
"2106483242","2125551414","0.846825"
"2125551414","2106483242","0.846825"
"2106483242","2142085861","0.142857"
"2142085861","2106483242","0.142857"
"2106483242","2608298913","0.903968"
"2608298913","2106483242","0.903968"
"2125551414","2138650107","0.503968"
"2138650107","2125551414","0.503968"
"2125551414","2142085861","0.142857"
"2142085861","2125551414","0.142857"
"2125551414","2608298913","0.453968"
"2608298913","2125551414","0.453968"
"2138650107","2142085861","0.142857"
"2142085861","2138650107","0.142857"
"2138650107","2608298913","0.453968"
"2608298913","2138650107","0.453968"
"2142085861","2608298913","0.142857"
"2608298913","2142085861","0.142857"
"1594812371","2158199901","2.29167"
"2158199901","1594812371","2.29167"
"1594812371","1772769228","1.5506"
"1772769228","1594812371","1.5506"
"1594812371","1817586704","0.429167"
"1817586704","1594812371","0.429167"
"1594812371","1972255350","2.22917"
"1972255350","1594812371","2.22917"
"1594812371","1990266873","0.383929"
"1990266873","1594812371","0.383929"
"1594812371","1995055145","0.217262"
"1995055145","1594812371","0.217262"
"1594812371","2038358290","0.145833"
"2038358290","1594812371","0.145833"
"1594812371","2066243267","0.467262"
"2066243267","1594812371","0.467262"
"1594812371","2080401675","0.383929"
"2080401675","1594812371","0.383929"
"1594812371","2125666044","0.633929"
"2125666044","1594812371","0.633929"
"1594812371","2173674698","0.645833"
"2173674698","1594812371","0.645833"
"1594812371","2176017127","0.133929"
"2176017127","1594812371","0.133929"
"1594812371","2536455836","1.3125"
"2536455836","1594812371","1.3125"
"1594812371","2764065835","0.300595"
"2764065835","1594812371","0.300595"
"1594812371","2969615259","0.917262"
"2969615259","1594812371","0.917262"
"1594812371","2979393009","0.833929"
"2979393009","1594812371","0.833929"
"1594812371","2980301907","0.133929"
"2980301907","1594812371","0.133929"
"1772769228","1817586704","0.1875"
"1817586704","1772769228","0.1875"
"1772769228","1972255350","0.0625"
"1972255350","1772769228","0.0625"
"1772769228","1990266873","0.62004"
"1990266873","1772769228","0.62004"
"1772769228","1995055145","0.328373"
"1995055145","1772769228","0.328373"
"1772769228","2038358290","0.270833"
"2038358290","1772769228","0.270833"
"1772769228","2066243267","1.53671"
"2066243267","1772769228","1.53671"
"1772769228","2080401675","1.82004"
"2080401675","1772769228","1.82004"
"1772769228","2125666044","0.133929"
"2125666044","1772769228","0.133929"
"1772769228","2173674698","0.4375"
"2173674698","1772769228","0.4375"
"1772769228","2176017127","0.24504"
"2176017127","1772769228","0.24504"
"1772769228","2536455836","0.3125"
"2536455836","1772769228","0.3125"
"1772769228","2764065835","4.11171"
"2764065835","1772769228","4.11171"
"1772769228","2969615259","0.383929"
"2969615259","1772769228","0.383929"
"1772769228","2979393009","1.3006"
"2979393009","1772769228","1.3006"
"1772769228","2980301907","0.467262"
"2980301907","1772769228","0.467262"
"1817586704","1972255350","0.479167"
"1972255350","1817586704","0.479167"
"1817586704","1990266873","1.16528"
"1990266873","1817586704","1.16528"
"1817586704","1995055145","0.7625"
"1995055145","1817586704","0.7625"
"1817586704","2038358290","9.08194"
"2038358290","1817586704","9.08194"
"1817586704","2066243267","0.479167"
"2066243267","1817586704","0.479167"
"1817586704","2080401675","0.3125"
"2080401675","1817586704","0.3125"
"1817586704","2125666044","0.0625"
"2125666044","1817586704","0.0625"
"1817586704","2173674698","0.3125"
"2173674698","1817586704","0.3125"
"1817586704","2176017127","1.20694"
"2176017127","1817586704","1.20694"
"1817586704","2536455836","0.0625"
"2536455836","1817586704","0.0625"
"1817586704","2764065835","0.0625"
"2764065835","1817586704","0.0625"
"1817586704","2969615259","0.498611"
"2969615259","1817586704","0.498611"
"1817586704","2979393009","0.5125"
"2979393009","1817586704","0.5125"
"1817586704","2980301907","0.0625"
"2980301907","1817586704","0.0625"
"1972255350","1990266873","0.0625"
"1990266873","1972255350","0.0625"
"1972255350","1995055145","0.0625"
"1995055145","1972255350","0.0625"
"1972255350","2038358290","0.0625"
"2038358290","1972255350","0.0625"
"1972255350","2066243267","0.229167"
"2066243267","1972255350","0.229167"
"1972255350","2080401675","0.0625"
"2080401675","1972255350","0.0625"
"1972255350","2125666044","0.0625"
"2125666044","1972255350","0.0625"
"1972255350","2173674698","0.0625"
"2173674698","1972255350","0.0625"
"1972255350","2176017127","0.0625"
"2176017127","1972255350","0.0625"
"1972255350","2536455836","0.5625"
"2536455836","1972255350","0.5625"
"1972255350","2764065835","0.0625"
"2764065835","1972255350","0.0625"
"1972255350","2969615259","0.0625"
"2969615259","1972255350","0.0625"
"1972255350","2979393009","0.0625"
"2979393009","1972255350","0.0625"
"1972255350","2980301907","0.0625"
"2980301907","1972255350","0.0625"
"1990266873","1995055145","1.86171"
"1995055145","1990266873","1.86171"
"1990266873","2038358290","0.915278"
"2038358290","1990266873","0.915278"
"1990266873","2066243267","0.37004"
"2066243267","1990266873","0.37004"
"1990266873","2080401675","0.453373"
"2080401675","1990266873","0.453373"
"1990266873","2125666044","0.133929"
"2125666044","1990266873","0.133929"
"1990266873","2173674698","0.270833"
"2173674698","1990266873","0.270833"
"1990266873","2176017127","1.47282"
"2176017127","1990266873","1.47282"
"1990266873","2536455836","0.145833"
"2536455836","1990266873","0.145833"
"1990266873","2764065835","0.411706"
"2764065835","1990266873","0.411706"
"1990266873","2969615259","0.74504"
"2969615259","1990266873","0.74504"
"1990266873","2979393009","0.550595"
"2979393009","1990266873","0.550595"
"1990266873","2980301907","0.133929"
"2980301907","1990266873","0.133929"
"1995055145","2038358290","0.845833"
"2038358290","1995055145","0.845833"
"1995055145","2066243267","0.24504"
"2066243267","1995055145","0.24504"
"1995055145","2080401675","0.328373"
"2080401675","1995055145","0.328373"
"1995055145","2125666044","0.133929"
"2125666044","1995055145","0.133929"
"1995055145","2173674698","0.145833"
"2173674698","1995055145","0.145833"
"1995055145","2176017127","0.978373"
"2176017127","1995055145","0.978373"
"1995055145","2536455836","0.145833"
"2536455836","1995055145","0.145833"
"1995055145","2764065835","0.24504"
"2764065835","1995055145","0.24504"
"1995055145","2969615259","1.21726"
"2969615259","1995055145","1.21726"
"1995055145","2979393009","0.383929"
"2979393009","1995055145","0.383929"
"1995055145","2980301907","0.133929"
"2980301907","1995055145","0.133929"
"2038358290","2066243267","0.1875"
"2066243267","2038358290","0.1875"
"2038358290","2080401675","0.270833"
"2080401675","2038358290","0.270833"
"2038358290","2125666044","0.0625"
"2125666044","2038358290","0.0625"
"2038358290","2173674698","0.270833"
"2173674698","2038358290","0.270833"
"2038358290","2176017127","0.573611"
"2176017127","2038358290","0.573611"
"2038358290","2536455836","0.145833"
"2536455836","2038358290","0.145833"
"2038358290","2764065835","0.0625"
"2764065835","2038358290","0.0625"
"2038358290","2969615259","0.256944"
"2969615259","2038358290","0.256944"
"2038358290","2979393009","0.3125"
"2979393009","2038358290","0.3125"
"2038358290","2980301907","0.0625"
"2980301907","2038358290","0.0625"
"2066243267","2080401675","0.661706"
"2080401675","2066243267","0.661706"
"2066243267","2125666044","0.133929"
"2125666044","2066243267","0.133929"
"2066243267","2173674698","0.645833"
"2173674698","2066243267","0.645833"
"2066243267","2176017127","0.24504"
"2176017127","2066243267","0.24504"
"2066243267","2536455836","0.395833"
"2536455836","2066243267","0.395833"
"2066243267","2764065835","0.411706"
"2764065835","2066243267","0.411706"
"2066243267","2969615259","0.258929"
"2969615259","2066243267","0.258929"
"2066243267","2979393009","0.300595"
"2979393009","2066243267","0.300595"
"2066243267","2980301907","0.133929"
"2980301907","2066243267","0.133929"
"2080401675","2125666044","0.133929"
"2125666044","2080401675","0.133929"
"2080401675","2173674698","4.89583"
"2173674698","2080401675","4.89583"
"2080401675","2176017127","0.24504"
"2176017127","2080401675","0.24504"
"2080401675","2536455836","1.8125"
"2536455836","2080401675","1.8125"
"2080401675","2764065835","0.778373"
"2764065835","2080401675","0.778373"
"2080401675","2969615259","0.675595"
"2969615259","2080401675","0.675595"
"2080401675","2979393009","0.133929"
"2979393009","2080401675","0.133929"
"2080401675","2980301907","0.133929"
"2980301907","2080401675","0.133929"
"2125666044","2173674698","0.0625"
"2173674698","2125666044","0.0625"
"2125666044","2176017127","1.63393"
"2176017127","2125666044","1.63393"
"2125666044","2536455836","1.0625"
"2536455836","2125666044","1.0625"
"2125666044","2764065835","0.133929"
"2764065835","2125666044","0.133929"
"2125666044","2969615259","0.133929"
"2969615259","2125666044","0.133929"
"2125666044","2979393009","0.133929"
"2979393009","2125666044","0.133929"
"2125666044","2980301907","0.133929"
"2980301907","2125666044","0.133929"
"2173674698","2176017127","0.0625"
"2176017127","2173674698","0.0625"
"2173674698","2536455836","1.22917"
"2536455836","2173674698","1.22917"
"2173674698","2764065835","0.622024"
"2764065835","2173674698","0.622024"
"2173674698","2969615259","0.270833"
"2969615259","2173674698","0.270833"
"2173674698","2979393009","0.229167"
"2979393009","2173674698","0.229167"
"2173674698","2980301907","0.0625"
"2980301907","2173674698","0.0625"
"2176017127","2536455836","3.0625"
"2536455836","2176017127","3.0625"
"2176017127","2764065835","0.24504"
"2764065835","2176017127","0.24504"
"2176017127","2969615259","0.49504"
"2969615259","2176017127","0.49504"
"2176017127","2979393009","0.383929"
"2979393009","2176017127","0.383929"
"2176017127","2980301907","0.133929"
"2980301907","2176017127","0.133929"
"2536455836","2764065835","1.95536"
"2764065835","2536455836","1.95536"
"2536455836","2969615259","0.28869"
"2969615259","2536455836","0.28869"
"2536455836","2979393009","0.372024"
"2979393009","2536455836","0.372024"
"2536455836","2980301907","0.0625"
"2980301907","2536455836","0.0625"
"2764065835","2969615259","0.776786"
"2969615259","2764065835","0.776786"
"2764065835","2979393009","1.11012"
"2979393009","2764065835","1.11012"
"2764065835","2980301907","0.133929"
"2980301907","2764065835","0.133929"
"2969615259","2979393009","17.8935"
"2979393009","2969615259","17.8935"
"2969615259","2980301907","0.133929"
"2980301907","2969615259","0.133929"
"2979393009","2980301907","0.133929"
"2980301907","2979393009","0.133929"
"1594812371","2942179419","0.283333"
"2942179419","1594812371","0.283333"
"1594812371","2968220058","0.2"
"2968220058","1594812371","0.2"
"1817586704","2942179419","0.45"
"2942179419","1817586704","0.45"
"1817586704","2968220058","0.2"
"2968220058","1817586704","0.2"
"2942179419","2968220058","1.86667"
"2968220058","2942179419","1.86667"
"2942179419","2969615259","2.95"
"2969615259","2942179419","2.95"
"2942179419","2979393009","1.86667"
"2979393009","2942179419","1.86667"
"2968220058","2969615259","2.2"
"2969615259","2968220058","2.2"
"2968220058","2979393009","3.36667"
"2979393009","2968220058","3.36667"
"1594812371","1974294502","0.625"
"1974294502","1594812371","0.625"
"1594812371","2026067799","1.29167"
"2026067799","1594812371","1.29167"
"1974294502","2026067799","1.53452"
"2026067799","1974294502","1.53452"
"1594812371","2412889296","0.333333"
"2412889296","1594812371","0.333333"
"1594812371","2766328706","0.5"
"2766328706","1594812371","0.5"
"2173674698","2412889296","0.333333"
"2412889296","2173674698","0.333333"
"2173674698","2766328706","0.333333"
"2766328706","2173674698","0.333333"
"2412889296","2766328706","1.87778"
"2766328706","2412889296","1.87778"
"1594812371","74528161","0.5"
"74528161","1594812371","0.5"
"2026067799","74528161","0.5"
"74528161","2026067799","0.5"
"1594812371","2057113147","0.166667"
"2057113147","1594812371","0.166667"
"1772769228","2057113147","0.5"
"2057113147","1772769228","0.5"
"1990266873","2057113147","0.166667"
"2057113147","1990266873","0.166667"
"2057113147","2764065835","0.666667"
"2764065835","2057113147","0.666667"
"2057113147","2969615259","0.291667"
"2969615259","2057113147","0.291667"
"2057113147","2979393009","0.166667"
"2979393009","2057113147","0.166667"
"1594812371","1985842743","0.325"
"1985842743","1594812371","0.325"
"1594812371","2071089385","1.39643"
"2071089385","1594812371","1.39643"
"1594812371","2072624099","0.2"
"2072624099","1594812371","0.2"
"1594812371","2608298913","0.271429"
"2608298913","1594812371","0.271429"
"1594812371","2890215992","0.2"
"2890215992","1594812371","0.2"
"1985842743","2071089385","0.325"
"2071089385","1985842743","0.325"
"1985842743","2072624099","0.3"
"2072624099","1985842743","0.3"
"1985842743","2608298913","1.2"
"2608298913","1985842743","1.2"
"1985842743","2890215992","1.86667"
"2890215992","1985842743","1.86667"
"2071089385","2072624099","0.2"
"2072624099","2071089385","0.2"
"2071089385","2608298913","0.271429"
"2608298913","2071089385","0.271429"
"2071089385","2890215992","0.2"
"2890215992","2071089385","0.2"
"2072624099","2890215992","0.2"
"2890215992","2072624099","0.2"
"2608298913","2890215992","0.2"
"2890215992","2608298913","0.2"
"2071089385","2969615259","0.404762"
"2969615259","2071089385","0.404762"
"2071089385","2979393009","0.404762"
"2979393009","2071089385","0.404762"
"1772769228","2071089385","0.363095"
"2071089385","1772769228","0.363095"
"2066243267","2071089385","0.363095"
"2071089385","2066243267","0.363095"
"2071089385","2080401675","0.363095"
"2080401675","2071089385","0.363095"
"2071089385","2173674698","0.291667"
"2173674698","2071089385","0.291667"
"2071089385","2536455836","0.166667"
"2536455836","2071089385","0.166667"
"1594812371","1968444938","0.125"
"1968444938","1594812371","0.125"
"1594812371","2004179962","0.125"
"2004179962","1594812371","0.125"
"1594812371","2125551414","0.125"
"2125551414","1594812371","0.125"
"1968444938","1974294502","0.125"
"1974294502","1968444938","0.125"
"1968444938","1985842743","0.125"
"1985842743","1968444938","0.125"
"1968444938","2071089385","0.125"
"2071089385","1968444938","0.125"
"1968444938","2125551414","0.236111"
"2125551414","1968444938","0.236111"
"1968444938","2158199901","0.402778"
"2158199901","1968444938","0.402778"
"1974294502","1985842743","0.225"
"1985842743","1974294502","0.225"
"1974294502","2004179962","0.125"
"2004179962","1974294502","0.125"
"1974294502","2071089385","0.125"
"2071089385","1974294502","0.125"
"1974294502","2125551414","0.60119"
"2125551414","1974294502","0.60119"
"1974294502","2158199901","1.89167"
"2158199901","1974294502","1.89167"
"1985842743","2004179962","0.125"
"2004179962","1985842743","0.125"
"1985842743","2026067799","4.89167"
"2026067799","1985842743","4.89167"
"1985842743","2125551414","0.125"
"2125551414","1985842743","0.125"
"1985842743","2158199901","0.725"
"2158199901","1985842743","0.725"
"2004179962","2026067799","1.125"
"2026067799","2004179962","1.125"
"2004179962","2071089385","0.125"
"2071089385","2004179962","0.125"
"2004179962","2125551414","0.236111"
"2125551414","2004179962","0.236111"
"2004179962","2158199901","0.236111"
"2158199901","2004179962","0.236111"
"2026067799","2071089385","0.125"
"2071089385","2026067799","0.125"
"2026067799","2125551414","0.60119"
"2125551414","2026067799","0.60119"
"2026067799","2158199901","1.05833"
"2158199901","2026067799","1.05833"
"2071089385","2125551414","0.125"
"2125551414","2071089385","0.125"
"2071089385","2158199901","0.625"
"2158199901","2071089385","0.625"
"2125551414","2158199901","0.569444"
"2158199901","2125551414","0.569444"
"1817586704","2026067799","0.166667"
"2026067799","1817586704","0.166667"
"1817586704","2158199901","0.291667"
"2158199901","1817586704","0.291667"
"1817586704","2766328706","0.277778"
"2766328706","1817586704","0.277778"
"1972255350","2026067799","0.166667"
"2026067799","1972255350","0.166667"
"1972255350","2158199901","0.166667"
"2158199901","1972255350","0.166667"
"1972255350","2766328706","0.166667"
"2766328706","1972255350","0.166667"
"2026067799","2066243267","0.166667"
"2066243267","2026067799","0.166667"
"2026067799","2766328706","0.666667"
"2766328706","2026067799","0.666667"
"2066243267","2158199901","0.291667"
"2158199901","2066243267","0.291667"
"2066243267","2766328706","0.666667"
"2766328706","2066243267","0.666667"
"1594812371","2060089136","0.5"
"2060089136","1594812371","0.5"
"2060089136","2125666044","0.5"
"2125666044","2060089136","0.5"
"1594812371","2941674404","0.0714286"
"2941674404","1594812371","0.0714286"
"1772769228","2608298913","0.0714286"
"2608298913","1772769228","0.0714286"
"1772769228","2941674404","0.571429"
"2941674404","1772769228","0.571429"
"1990266873","2071089385","0.196429"
"2071089385","1990266873","0.196429"
"1990266873","2608298913","1.51587"
"2608298913","1990266873","1.51587"
"1990266873","2941674404","0.18254"
"2941674404","1990266873","0.18254"
"1995055145","2071089385","0.0714286"
"2071089385","1995055145","0.0714286"
"1995055145","2608298913","1.60476"
"2608298913","1995055145","1.60476"
"1995055145","2941674404","0.0714286"
"2941674404","1995055145","0.0714286"
"2066243267","2608298913","0.0714286"
"2608298913","2066243267","0.0714286"
"2066243267","2941674404","0.0714286"
"2941674404","2066243267","0.0714286"
"2071089385","2125666044","0.0714286"
"2125666044","2071089385","0.0714286"
"2071089385","2176017127","0.0714286"
"2176017127","2071089385","0.0714286"
"2071089385","2764065835","0.0714286"
"2764065835","2071089385","0.0714286"
"2071089385","2941674404","0.0714286"
"2941674404","2071089385","0.0714286"
"2071089385","2980301907","0.0714286"
"2980301907","2071089385","0.0714286"
"2080401675","2608298913","0.0714286"
"2608298913","2080401675","0.0714286"
"2080401675","2941674404","0.0714286"
"2941674404","2080401675","0.0714286"
"2125666044","2608298913","0.0714286"
"2608298913","2125666044","0.0714286"
"2125666044","2941674404","0.0714286"
"2941674404","2125666044","0.0714286"
"2176017127","2608298913","0.915873"
"2608298913","2176017127","0.915873"
"2176017127","2941674404","0.18254"
"2941674404","2176017127","0.18254"
"2608298913","2764065835","0.0714286"
"2764065835","2608298913","0.0714286"
"2608298913","2941674404","0.18254"
"2941674404","2608298913","0.18254"
"2608298913","2969615259","0.18254"
"2969615259","2608298913","0.18254"
"2608298913","2979393009","0.404762"
"2979393009","2608298913","0.404762"
"2608298913","2980301907","0.0714286"
"2980301907","2608298913","0.0714286"
"2764065835","2941674404","0.547619"
"2941674404","2764065835","0.547619"
"2941674404","2969615259","0.325397"
"2969615259","2941674404","0.325397"
"2941674404","2979393009","0.214286"
"2979393009","2941674404","0.214286"
"2941674404","2980301907","5.57143"
"2980301907","2941674404","5.57143"
"1594812371","2399420380","0.0833333"
"2399420380","1594812371","0.0833333"
"1594812371","2406810613","0.0833333"
"2406810613","1594812371","0.0833333"
"1594812371","2572403287","0.0833333"
"2572403287","1594812371","0.0833333"
"1772769228","2399420380","0.783333"
"2399420380","1772769228","0.783333"
"1772769228","2406810613","0.283333"
"2406810613","1772769228","0.283333"
"1772769228","2572403287","0.208333"
"2572403287","1772769228","0.208333"
"1772769228","2942179419","0.583333"
"2942179419","1772769228","0.583333"
"1990266873","2399420380","0.0833333"
"2399420380","1990266873","0.0833333"
"1990266873","2406810613","0.0833333"
"2406810613","1990266873","0.0833333"
"1990266873","2572403287","0.208333"
"2572403287","1990266873","0.208333"
"1990266873","2942179419","0.0833333"
"2942179419","1990266873","0.0833333"
"1995055145","2399420380","0.0833333"
"2399420380","1995055145","0.0833333"
"1995055145","2406810613","0.0833333"
"2406810613","1995055145","0.0833333"
"1995055145","2572403287","0.0833333"
"2572403287","1995055145","0.0833333"
"1995055145","2942179419","2.08333"
"2942179419","1995055145","2.08333"
"2038358290","2399420380","0.0833333"
"2399420380","2038358290","0.0833333"
"2038358290","2406810613","0.0833333"
"2406810613","2038358290","0.0833333"
"2038358290","2572403287","0.208333"
"2572403287","2038358290","0.208333"
"2038358290","2942179419","0.0833333"
"2942179419","2038358290","0.0833333"
"2080401675","2399420380","0.283333"
"2399420380","2080401675","0.283333"
"2080401675","2406810613","2.61667"
"2406810613","2080401675","2.61667"
"2080401675","2572403287","0.333333"
"2572403287","2080401675","0.333333"
"2080401675","2942179419","0.0833333"
"2942179419","2080401675","0.0833333"
"2173674698","2399420380","1.08333"
"2399420380","2173674698","1.08333"
"2173674698","2406810613","5.97619"
"2406810613","2173674698","5.97619"
"2173674698","2572403287","0.75"
"2572403287","2173674698","0.75"
"2173674698","2942179419","0.0833333"
"2942179419","2173674698","0.0833333"
"2399420380","2406810613","3.62619"
"2406810613","2399420380","3.62619"
"2399420380","2536455836","0.22619"
"2536455836","2399420380","0.22619"
"2399420380","2572403287","0.22619"
"2572403287","2399420380","0.22619"
"2399420380","2942179419","0.0833333"
"2942179419","2399420380","0.0833333"
"2399420380","2969615259","0.22619"
"2969615259","2399420380","0.22619"
"2406810613","2536455836","2.64286"
"2536455836","2406810613","2.64286"
"2406810613","2572403287","1.14286"
"2572403287","2406810613","1.14286"
"2406810613","2942179419","0.0833333"
"2942179419","2406810613","0.0833333"
"2406810613","2969615259","0.22619"
"2969615259","2406810613","0.22619"
"2536455836","2572403287","1.34286"
"2572403287","2536455836","1.34286"
"2536455836","2942179419","0.0833333"
"2942179419","2536455836","0.0833333"
"2572403287","2942179419","0.0833333"
"2942179419","2572403287","0.0833333"
"2572403287","2969615259","0.35119"
"2969615259","2572403287","0.35119"
"1594812371","2069138514","0.5"
"2069138514","1594812371","0.5"
"2069138514","2158199901","1.62778"
"2158199901","2069138514","1.62778"
"1771936601","2184964701","0.5"
"2184964701","1771936601","0.5"
"1772769228","2968220058","1.61111"
"2968220058","1772769228","1.61111"
"1817586704","2071089385","0.125"
"2071089385","1817586704","0.125"
"1817586704","2572403287","0.25"
"2572403287","1817586704","0.25"
"2038358290","2071089385","0.125"
"2071089385","2038358290","0.125"
"2066243267","2572403287","0.416667"
"2572403287","2066243267","0.416667"
"2071089385","2572403287","0.125"
"2572403287","2071089385","0.125"
"1772769228","2079454931","1.5"
"2079454931","1772769228","1.5"
"2079454931","2399420380","1.5"
"2399420380","2079454931","1.5"
"1772769228","1976366304","0.111111"
"1976366304","1772769228","0.111111"
"1772769228","2099788879","0.111111"
"2099788879","1772769228","0.111111"
"1976366304","1990266873","0.111111"
"1990266873","1976366304","0.111111"
"1976366304","1995055145","1.11111"
"1995055145","1976366304","1.11111"
"1976366304","2066243267","0.111111"
"2066243267","1976366304","0.111111"
"1976366304","2080401675","0.111111"
"2080401675","1976366304","0.111111"
"1976366304","2099788879","0.861111"
"2099788879","1976366304","0.861111"
"1976366304","2176017127","0.111111"
"2176017127","1976366304","0.111111"
"1976366304","2764065835","0.111111"
"2764065835","1976366304","0.111111"
"1976366304","2968220058","0.111111"
"2968220058","1976366304","0.111111"
"1990266873","2099788879","2.02778"
"2099788879","1990266873","2.02778"
"1990266873","2968220058","0.111111"
"2968220058","1990266873","0.111111"
"1995055145","2099788879","0.361111"
"2099788879","1995055145","0.361111"
"1995055145","2968220058","0.111111"
"2968220058","1995055145","0.111111"
"2066243267","2099788879","0.111111"
"2099788879","2066243267","0.111111"
"2066243267","2968220058","0.111111"
"2968220058","2066243267","0.111111"
"2080401675","2099788879","0.111111"
"2099788879","2080401675","0.111111"
"2080401675","2968220058","0.444444"
"2968220058","2080401675","0.444444"
"2099788879","2176017127","0.694444"
"2176017127","2099788879","0.694444"
"2099788879","2764065835","0.111111"
"2764065835","2099788879","0.111111"
"2099788879","2968220058","0.111111"
"2968220058","2099788879","0.111111"
"2176017127","2968220058","0.111111"
"2968220058","2176017127","0.111111"
"2764065835","2968220058","7.44444"
"2968220058","2764065835","7.44444"
"1772769228","2060089136","0.533333"
"2060089136","1772769228","0.533333"
"2060089136","2080401675","0.325"
"2080401675","2060089136","0.325"
"2060089136","2399420380","0.2"
"2399420380","2060089136","0.2"
"2060089136","2406810613","0.2"
"2406810613","2060089136","0.2"
"2060089136","2764065835","0.7"
"2764065835","2060089136","0.7"
"2399420380","2764065835","0.342857"
"2764065835","2399420380","0.342857"
"2406810613","2764065835","0.902381"
"2764065835","2406810613","0.902381"
"2057113147","2060089136","2.45833"
"2060089136","2057113147","2.45833"
"2057113147","2980301907","0.833333"
"2980301907","2057113147","0.833333"
"2060089136","2980301907","2.83333"
"2980301907","2060089136","2.83333"
"1772769228","2159418635","0.5"
"2159418635","1772769228","0.5"
"2159418635","2764065835","0.5"
"2764065835","2159418635","0.5"
"1772769228","2898208396","0.5"
"2898208396","1772769228","0.5"
"2898208396","2941674404","2.5"
"2941674404","2898208396","2.5"
"2764065835","2942179419","0.5"
"2942179419","2764065835","0.5"
"1817586704","2099788879","6.91667"
"2099788879","1817586704","6.91667"
"2038358290","2099788879","2.83333"
"2099788879","2038358290","2.83333"
"1817586704","2412889296","0.361111"
"2412889296","1817586704","0.361111"
"1817586704","2516359176","0.111111"
"2516359176","1817586704","0.111111"
"1817586704","2608298913","0.361111"
"2608298913","1817586704","0.361111"
"1817586704","2941674404","0.111111"
"2941674404","1817586704","0.111111"
"1990266873","2412889296","0.111111"
"2412889296","1990266873","0.111111"
"1990266873","2516359176","0.111111"
"2516359176","1990266873","0.111111"
"1990266873","2766328706","0.111111"
"2766328706","1990266873","0.111111"
"2038358290","2412889296","0.561111"
"2412889296","2038358290","0.561111"
"2038358290","2516359176","0.311111"
"2516359176","2038358290","0.311111"
"2038358290","2608298913","0.561111"
"2608298913","2038358290","0.561111"
"2038358290","2766328706","0.311111"
"2766328706","2038358290","0.311111"
"2038358290","2941674404","0.111111"
"2941674404","2038358290","0.111111"
"2176017127","2412889296","0.511111"
"2412889296","2176017127","0.511111"
"2176017127","2516359176","0.511111"
"2516359176","2176017127","0.511111"
"2176017127","2766328706","0.511111"
"2766328706","2176017127","0.511111"
"2412889296","2516359176","7.79444"
"2516359176","2412889296","7.79444"
"2412889296","2608298913","2.29444"
"2608298913","2412889296","2.29444"
"2412889296","2941674404","0.111111"
"2941674404","2412889296","0.111111"
"2412889296","2969615259","0.111111"
"2969615259","2412889296","0.111111"
"2516359176","2608298913","2.43889"
"2608298913","2516359176","2.43889"
"2516359176","2766328706","5.04444"
"2766328706","2516359176","5.04444"
"2516359176","2941674404","0.111111"
"2941674404","2516359176","0.111111"
"2516359176","2969615259","0.111111"
"2969615259","2516359176","0.111111"
"2608298913","2766328706","5.04444"
"2766328706","2608298913","5.04444"
"2766328706","2941674404","0.111111"
"2941674404","2766328706","0.111111"
"2766328706","2969615259","0.111111"
"2969615259","2766328706","0.111111"
"1817586704","2525311127","1.2"
"2525311127","1817586704","1.2"
"2038358290","2525311127","0.7"
"2525311127","2038358290","0.7"
"2176017127","2525311127","0.7"
"2525311127","2176017127","0.7"
"1817586704","2057113147","0.125"
"2057113147","1817586704","0.125"
"1817586704","2060089136","0.125"
"2060089136","1817586704","0.125"
"2057113147","2066243267","0.125"
"2066243267","2057113147","0.125"
"2057113147","2080401675","0.125"
"2080401675","2057113147","0.125"
"2057113147","2158199901","0.125"
"2158199901","2057113147","0.125"
"2057113147","2173674698","0.125"
"2173674698","2057113147","0.125"
"2057113147","2572403287","0.125"
"2572403287","2057113147","0.125"
"2060089136","2066243267","0.125"
"2066243267","2060089136","0.125"
"2060089136","2158199901","0.125"
"2158199901","2060089136","0.125"
"2060089136","2173674698","0.125"
"2173674698","2060089136","0.125"
"2060089136","2572403287","0.125"
"2572403287","2060089136","0.125"
"2060089136","2969615259","0.125"
"2969615259","2060089136","0.125"
"2080401675","2158199901","0.125"
"2158199901","2080401675","0.125"
"2158199901","2173674698","0.125"
"2173674698","2158199901","0.125"
"2158199901","2572403287","0.125"
"2572403287","2158199901","0.125"
"2158199901","2969615259","0.125"
"2969615259","2158199901","0.125"
"2099788879","2412889296","0.25"
"2412889296","2099788879","0.25"
"2099788879","2608298913","0.25"
"2608298913","2099788879","0.25"
"1990266873","2525311127","0.2"
"2525311127","1990266873","0.2"
"1995055145","2525311127","0.2"
"2525311127","1995055145","0.2"
"1817586704","2890215992","1"
"2890215992","1817586704","1"
"1995055145","2890215992","0.5"
"2890215992","1995055145","0.5"
"2038358290","2890215992","1"
"2890215992","2038358290","1"
"2099788879","2890215992","0.25"
"2890215992","2099788879","0.25"
"2890215992","2979393009","1.25"
"2979393009","2890215992","1.25"
"1817586704","1976366304","0.75"
"1976366304","1817586704","0.75"
"1972255350","1976366304","0.25"
"1976366304","1972255350","0.25"
"1972255350","2099788879","1.25"
"2099788879","1972255350","1.25"
"1972255350","2942179419","0.25"
"2942179419","1972255350","0.25"
"1976366304","2942179419","0.25"
"2942179419","1976366304","0.25"
"2099788879","2942179419","0.25"
"2942179419","2099788879","0.25"
"1817586704","1968864191","0.5"
"1968864191","1817586704","0.5"
"1968864191","2038358290","0.5"
"2038358290","1968864191","0.5"
"1964278234","2094690640","4.83333"
"2094690640","1964278234","4.83333"
"1964278234","2271558316","6.33333"
"2271558316","1964278234","6.33333"
"2094690640","2271558316","2.83333"
"2271558316","2094690640","2.83333"
"1964278234","2033498021","1.33333"
"2033498021","1964278234","1.33333"
"2033498021","2094690640","0.833333"
