"1495335682","1998342376","0.687524"
"1998342376","1495335682","0.687524"
"1495335682","2020516462","1.09181"
"2020516462","1495335682","1.09181"
"1495335682","2035248116","1.19181"
"2035248116","1495335682","1.19181"
"1495335682","2062890819","0.587841"
"2062890819","1495335682","0.587841"
"1495335682","2069648394","0.908476"
"2069648394","1495335682","0.908476"
"1495335682","2096967357","1.35848"
"2096967357","1495335682","1.35848"
"1998342376","2020516462","0.878433"
"2020516462","1998342376","0.878433"
"1998342376","2035248116","1.11177"
"2035248116","1998342376","1.11177"
"1998342376","2062890819","0.631175"
"2062890819","1998342376","0.631175"
"1998342376","2069648394","0.737524"
"2069648394","1998342376","0.737524"
"1998342376","2096967357","2.86934"
"2096967357","1998342376","2.86934"
"2020516462","2035248116","1.76361"
"2035248116","2020516462","1.76361"
"2020516462","2062890819","0.655674"
"2062890819","2020516462","0.655674"
"2020516462","2069648394","1.58028"
"2069648394","2020516462","1.58028"
"2020516462","2096967357","1.18272"
"2096967357","2020516462","1.18272"
"2035248116","2062890819","1.2481"
"2062890819","2035248116","1.2481"
"2035248116","2069648394","2.8227"
"2069648394","2035248116","2.8227"
"2035248116","2096967357","2.53272"
"2096967357","2035248116","2.53272"
"2062890819","2069648394","0.82234"
"2069648394","2062890819","0.82234"
"2062890819","2096967357","1.08784"
"2096967357","2062890819","1.08784"
"2069648394","2096967357","1.32514"
"2096967357","2069648394","1.32514"
"1495335682","1969147848","0.0829346"
"1969147848","1495335682","0.0829346"
"1495335682","1969433651","0.237841"
"1969433651","1495335682","0.237841"
"1495335682","1980979625","0.0526316"
"1980979625","1495335682","0.0526316"
"1495335682","1996383616","0.179443"
"1996383616","1495335682","0.179443"
"1495335682","2007046992","0.770381"
"2007046992","1495335682","0.770381"
"1495335682","2059807746","0.266268"
"2059807746","1495335682","0.266268"
"1495335682","2069876997","0.321175"
"2069876997","1495335682","0.321175"
"1495335682","2114546539","0.166413"
"2114546539","1495335682","0.166413"
"1495335682","2123666635","0.0829346"
"2123666635","1495335682","0.0829346"
"1495335682","2137670025","0.560857"
"2137670025","1495335682","0.560857"
"1495335682","2143813851","0.775143"
"2143813851","1495335682","0.775143"
"1495335682","2162728337","0.226413"
"2162728337","1495335682","0.226413"
"1495335682","2588515328","0.348953"
"2588515328","1495335682","0.348953"
"1969147848","1969433651","0.0829346"
"1969433651","1969147848","0.0829346"
"1969147848","1980979625","0.0526316"
"1980979625","1969147848","0.0526316"
"1969147848","1996383616","0.0526316"
"1996383616","1969147848","0.0526316"
"1969147848","1998342376","0.173844"
"1998342376","1969147848","0.173844"
"1969147848","2007046992","0.173844"
"2007046992","1969147848","0.173844"
"1969147848","2020516462","0.173844"
"2020516462","1969147848","0.173844"
"1969147848","2035248116","0.173844"
"2035248116","1969147848","0.173844"
"1969147848","2059807746","0.173844"
"2059807746","1969147848","0.173844"
"1969147848","2062890819","0.0829346"
"2062890819","1969147848","0.0829346"
"1969147848","2069648394","0.0829346"
"2069648394","1969147848","0.0829346"
"1969147848","2069876997","0.173844"
"2069876997","1969147848","0.173844"
"1969147848","2096967357","0.173844"
"2096967357","1969147848","0.173844"
"1969147848","2114546539","1.08293"
"2114546539","1969147848","1.08293"
"1969147848","2123666635","0.0829346"
"2123666635","1969147848","0.0829346"
"1969147848","2137670025","1.08293"
"2137670025","1969147848","1.08293"
"1969147848","2143813851","0.173844"
"2143813851","1969147848","0.173844"
"1969147848","2162728337","0.0829346"
"2162728337","1969147848","0.0829346"
"1969147848","2588515328","0.0829346"
"2588515328","1969147848","0.0829346"
"1969433651","1980979625","0.135965"
"1980979625","1969433651","0.135965"
"1969433651","1996383616","0.179443"
"1996383616","1969433651","0.179443"
"1969433651","1998342376","0.281175"
"1998342376","1969433651","0.281175"
"1969433651","2007046992","0.404508"
"2007046992","1969433651","0.404508"
"1969433651","2020516462","0.909642"
"2020516462","1969433651","0.909642"
"1969433651","2035248116","2.06873"
"2035248116","1969433651","2.06873"
"1969433651","2059807746","0.654363"
"2059807746","1969433651","0.654363"
"1969433651","2062890819","0.727102"
"2062890819","1969433651","0.727102"
"1969433651","2069648394","2.07631"
"2069648394","1969433651","2.07631"
"1969433651","2069876997","0.900179"
"2069876997","1969433651","0.900179"
"1969433651","2096967357","0.404508"
"2096967357","1969433651","0.404508"
"1969433651","2114546539","0.30927"
"2114546539","1969433651","0.30927"
"1969433651","2123666635","0.166268"
"2123666635","1969433651","0.166268"
"1969433651","2137670025","0.166413"
"2137670025","1969433651","0.166413"
"1969433651","2143813851","0.237841"
"2143813851","1969433651","0.237841"
"1969433651","2162728337","0.126413"
"2162728337","1969433651","0.126413"
"1969433651","2588515328","3.76678"
"2588515328","1969433651","3.76678"
"1980979625","1996383616","0.135965"
"1996383616","1980979625","0.135965"
"1980979625","1998342376","0.302632"
"1998342376","1980979625","0.302632"
"1980979625","2007046992","0.719298"
"2007046992","1980979625","0.719298"
"1980979625","2020516462","0.0526316"
"2020516462","1980979625","0.0526316"
"1980979625","2035248116","0.469298"
"2035248116","1980979625","0.469298"
"1980979625","2059807746","0.335965"
"2059807746","1980979625","0.335965"
"1980979625","2062890819","0.135965"
"2062890819","1980979625","0.135965"
"1980979625","2069648394","0.335965"
"2069648394","1980979625","0.335965"
"1980979625","2069876997","0.335965"
"2069876997","1980979625","0.335965"
"1980979625","2096967357","1.05263"
"2096967357","1980979625","1.05263"
"1980979625","2114546539","0.469298"
"2114546539","1980979625","0.469298"
"1980979625","2123666635","4.1693"
"2123666635","1980979625","4.1693"
"1980979625","2137670025","1.30263"
"2137670025","1980979625","1.30263"
"1980979625","2143813851","0.0526316"
"2143813851","1980979625","0.0526316"
"1980979625","2162728337","0.385965"
"2162728337","1980979625","0.385965"
"1980979625","2588515328","0.335965"
"2588515328","1980979625","0.335965"
"1996383616","1998342376","0.262776"
"1998342376","1996383616","0.262776"
"1996383616","2007046992","0.179443"
"2007046992","1996383616","0.179443"
"1996383616","2020516462","0.179443"
"2020516462","1996383616","0.179443"
"1996383616","2035248116","0.262776"
"2035248116","1996383616","0.262776"
"1996383616","2059807746","0.219298"
"2059807746","1996383616","0.219298"
"1996383616","2062890819","0.262776"
"2062890819","1996383616","0.262776"
"1996383616","2069648394","0.179443"
"2069648394","1996383616","0.179443"
"1996383616","2069876997","0.262776"
"2069876997","1996383616","0.262776"
"1996383616","2096967357","0.179443"
"2096967357","1996383616","0.179443"
"1996383616","2114546539","0.0961098"
"2114546539","1996383616","0.0961098"
"1996383616","2123666635","0.135965"
"2123666635","1996383616","0.135965"
"1996383616","2137670025","0.179443"
"2137670025","1996383616","0.179443"
"1996383616","2143813851","0.179443"
"2143813851","1996383616","0.179443"
"1996383616","2162728337","0.0961098"
"2162728337","1996383616","0.0961098"
"1996383616","2588515328","0.179443"
"2588515328","1996383616","0.179443"
"1998342376","2007046992","1.4241"
"2007046992","1998342376","1.4241"
"1998342376","2059807746","0.802848"
"2059807746","1998342376","0.802848"
"1998342376","2069876997","0.655417"
"2069876997","1998342376","0.655417"
"1998342376","2114546539","0.54308"
"2114546539","1998342376","0.54308"
"1998342376","2123666635","0.332935"
"2123666635","1998342376","0.332935"
"1998342376","2137670025","0.937524"
"2137670025","1998342376","0.937524"
"1998342376","2143813851","0.611766"
"2143813851","1998342376","0.611766"
"1998342376","2162728337","0.226413"
"2162728337","1998342376","0.226413"
"1998342376","2588515328","0.570857"
"2588515328","1998342376","0.570857"
"2007046992","2020516462","1.09462"
"2020516462","2007046992","1.09462"
"2007046992","2035248116","0.86129"
"2035248116","2007046992","0.86129"
"2007046992","2059807746","0.519515"
"2059807746","2007046992","0.519515"
"2007046992","2062890819","0.421175"
"2062890819","2007046992","0.421175"
"2007046992","2069648394","0.587048"
"2069648394","2007046992","0.587048"
"2007046992","2069876997","0.412084"
"2069876997","2007046992","0.412084"
"2007046992","2096967357","8.2022"
"2096967357","2007046992","8.2022"
"2007046992","2114546539","0.83308"
"2114546539","2007046992","0.83308"
"2007046992","2123666635","0.749601"
"2123666635","2007046992","0.749601"
"2007046992","2137670025","1.12752"
"2137670025","2007046992","1.12752"
"2007046992","2143813851","0.694624"
"2143813851","2007046992","0.694624"
"2007046992","2162728337","0.126413"
"2162728337","2007046992","0.126413"
"2007046992","2588515328","0.277524"
"2588515328","2007046992","0.277524"
"2020516462","2059807746","0.711145"
"2059807746","2020516462","0.711145"
"2020516462","2069876997","0.702993"
"2069876997","2020516462","0.702993"
"2020516462","2114546539","0.30927"
"2114546539","2020516462","0.30927"
"2020516462","2123666635","0.0829346"
"2123666635","2020516462","0.0829346"
"2020516462","2137670025","0.460857"
"2137670025","2020516462","0.460857"
"2020516462","2143813851","1.02002"
"2143813851","2020516462","1.02002"
"2020516462","2162728337","0.337524"
"2162728337","2020516462","0.337524"
"2020516462","2588515328","0.877896"
"2588515328","2020516462","0.877896"
"2035248116","2059807746","0.44051"
"2059807746","2035248116","0.44051"
"2035248116","2069876997","0.495417"
"2069876997","2035248116","0.495417"
"2035248116","2114546539","0.30927"
"2114546539","2035248116","0.30927"
"2035248116","2123666635","0.499601"
"2123666635","2035248116","0.499601"
"2035248116","2137670025","0.894191"
"2137670025","2035248116","0.894191"
"2035248116","2143813851","0.866052"
"2143813851","2035248116","0.866052"
"2035248116","2162728337","0.226413"
"2162728337","2035248116","0.226413"
"2035248116","2588515328","1.95365"
"2588515328","2035248116","1.95365"
"2059807746","2062890819","1.0877"
"2062890819","2059807746","1.0877"
"2059807746","2069648394","0.782935"
"2069648394","2059807746","0.782935"
"2059807746","2069876997","1.22861"
"2069876997","2059807746","1.22861"
"2059807746","2096967357","0.448086"
"2096967357","2059807746","0.448086"
"2059807746","2114546539","0.0829346"
"2114546539","2059807746","0.0829346"
"2059807746","2123666635","0.866268"
"2123666635","2059807746","0.866268"
"2059807746","2137670025","0.266268"
"2137670025","2059807746","0.266268"
"2059807746","2143813851","0.861145"
"2143813851","2059807746","0.861145"
"2059807746","2162728337","0.194046"
"2162728337","2059807746","0.194046"
"2059807746","2588515328","0.782935"
"2588515328","2059807746","0.782935"
"2062890819","2069876997","0.733512"
"2069876997","2062890819","0.733512"
"2062890819","2114546539","0.166413"
"2114546539","2062890819","0.166413"
"2062890819","2123666635","0.666268"
"2123666635","2062890819","0.666268"
"2062890819","2137670025","0.349746"
"2137670025","2062890819","0.349746"
"2062890819","2143813851","0.421175"
"2143813851","2062890819","0.421175"
"2062890819","2162728337","0.126413"
"2162728337","2062890819","0.126413"
"2062890819","2588515328","0.655674"
"2588515328","2062890819","0.655674"
"2069648394","2069876997","1.02875"
"2069876997","2069648394","1.02875"
"2069648394","2114546539","0.30927"
"2114546539","2069648394","0.30927"
"2069648394","2123666635","0.366268"
"2123666635","2069648394","0.366268"
"2069648394","2137670025","0.277524"
"2137670025","2069648394","0.277524"
"2069648394","2143813851","0.49181"
"2143813851","2069648394","0.49181"
"2069648394","2162728337","0.126413"
"2162728337","2069648394","0.126413"
"2069648394","2588515328","5.16123"
"2588515328","2069648394","5.16123"
"2069876997","2096967357","0.412084"
"2096967357","2069876997","0.412084"
"2069876997","2114546539","0.166413"
"2114546539","2069876997","0.166413"
"2069876997","2123666635","0.366268"
"2123666635","2069876997","0.366268"
"2069876997","2137670025","0.249746"
"2137670025","2069876997","0.249746"
"2069876997","2143813851","0.412084"
"2143813851","2069876997","0.412084"
"2069876997","2162728337","0.126413"
"2162728337","2069876997","0.126413"
"2069876997","2588515328","1.02875"
"2588515328","2069876997","1.02875"
"2096967357","2114546539","0.83308"
"2114546539","2096967357","0.83308"
"2096967357","2123666635","1.08293"
"2123666635","2096967357","1.08293"
"2096967357","2137670025","1.72752"
"2137670025","2096967357","1.72752"
"2096967357","2143813851","0.866052"
"2143813851","2096967357","0.866052"
"2096967357","2162728337","1.72641"
"2162728337","2096967357","1.72641"
"2096967357","2588515328","0.598953"
"2588515328","2096967357","0.598953"
"2114546539","2123666635","0.499601"
"2123666635","2114546539","0.499601"
"2114546539","2137670025","0.58308"
"2137670025","2114546539","0.58308"
"2114546539","2143813851","0.166413"
"2143813851","2114546539","0.166413"
"2114546539","2162728337","0.126413"
"2162728337","2114546539","0.126413"
"2114546539","2588515328","0.166413"
"2588515328","2114546539","0.166413"
"2123666635","2137670025","1.33293"
"2137670025","2123666635","1.33293"
"2123666635","2143813851","0.0829346"
"2143813851","2123666635","0.0829346"
"2123666635","2162728337","0.416268"
"2162728337","2123666635","0.416268"
"2123666635","2588515328","0.366268"
"2588515328","2123666635","0.366268"
"2137670025","2143813851","0.560857"
"2143813851","2137670025","0.560857"
"2137670025","2162728337","1.05975"
"2162728337","2137670025","1.05975"
"2137670025","2588515328","0.277524"
"2588515328","2137670025","0.277524"
"2143813851","2162728337","0.337524"
"2162728337","2143813851","0.337524"
"2143813851","2588515328","0.348953"
"2588515328","2143813851","0.348953"
"2162728337","2588515328","0.126413"
"2588515328","2162728337","0.126413"
"1495335682","1893681926","0.070303"
"1893681926","1495335682","0.070303"
"1495335682","1964178158","0.113781"
"1964178158","1495335682","0.113781"
"1495335682","1982115512","0.113781"
"1982115512","1495335682","0.113781"
"1495335682","1986123875","0.23697"
"1986123875","1495335682","0.23697"
"1495335682","1994838062","0.494734"
"1994838062","1495335682","0.494734"
"1495335682","2018013541","0.141732"
"2018013541","1495335682","0.141732"
"1495335682","2029499721","0.04"
"2029499721","1495335682","0.04"
"1495335682","2059574400","0.351877"
"2059574400","1495335682","0.351877"
"1495335682","2072040293","0.113781"
"2072040293","1495335682","0.113781"
"1495335682","2117307129","0.170303"
"2117307129","1495335682","0.170303"
"1495335682","2610774014","0.23697"
"2610774014","1495335682","0.23697"
"1495335682","2752338701","0.04"
"2752338701","1495335682","0.04"
"1495335682","2905575988","0.04"
"2905575988","1495335682","0.04"
"1893681926","1964178158","0.736609"
"1964178158","1893681926","0.736609"
"1893681926","1969433651","0.309564"
"1969433651","1893681926","0.309564"
"1893681926","1982115512","0.66518"
"1982115512","1893681926","0.66518"
"1893681926","1986123875","1.10444"
"1986123875","1893681926","1.10444"
"1893681926","1994838062","0.238135"
"1994838062","1893681926","0.238135"
"1893681926","2007046992","0.232641"
"2007046992","1893681926","0.232641"
"1893681926","2018013541","0.070303"
"2018013541","1893681926","0.070303"
"1893681926","2020516462","0.492103"
"2020516462","1893681926","0.492103"
"1893681926","2029499721","0.04"
"2029499721","1893681926","0.04"
"1893681926","2035248116","0.147226"
"2035248116","1893681926","0.147226"
"1893681926","2059574400","0.238135"
"2059574400","1893681926","0.238135"
"1893681926","2062890819","0.309564"
"2062890819","1893681926","0.309564"
"1893681926","2069648394","0.238135"
"2069648394","1893681926","0.238135"
"1893681926","2069876997","0.232641"
"2069876997","1893681926","0.232641"
"1893681926","2072040293","0.070303"
"2072040293","1893681926","0.070303"
"1893681926","2096967357","0.161212"
"2096967357","1893681926","0.161212"
"1893681926","2114546539","0.070303"
"2114546539","1893681926","0.070303"
"1893681926","2117307129","0.070303"
"2117307129","1893681926","0.070303"
"1893681926","2137670025","0.070303"
"2137670025","1893681926","0.070303"
"1893681926","2143813851","0.574271"
"2143813851","1893681926","0.574271"
"1893681926","2588515328","0.238135"
"2588515328","1893681926","0.238135"
"1893681926","2610774014","1.10444"
"2610774014","1893681926","1.10444"
"1893681926","2752338701","0.04"
"2752338701","1893681926","0.04"
"1893681926","2905575988","0.04"
"2905575988","1893681926","0.04"
"1964178158","1969433651","0.18521"
"1969433651","1964178158","0.18521"
"1964178158","1982115512","0.61775"
"1982115512","1964178158","0.61775"
"1964178158","1986123875","0.736609"
"1986123875","1964178158","0.736609"
"1964178158","1994838062","0.20469"
"1994838062","1964178158","0.20469"
"1964178158","2007046992","0.276119"
"2007046992","1964178158","0.276119"
"1964178158","2018013541","0.070303"
"2018013541","1964178158","0.070303"
"1964178158","2020516462","0.36775"
"2020516462","1964178158","0.36775"
"1964178158","2029499721","0.04"
"2029499721","1964178158","0.04"
"1964178158","2035248116","0.113781"
"2035248116","1964178158","0.113781"
"1964178158","2059574400","0.113781"
"2059574400","1964178158","0.113781"
"1964178158","2062890819","0.18521"
"2062890819","1964178158","0.18521"
"1964178158","2069648394","0.113781"
"2069648394","1964178158","0.113781"
"1964178158","2069876997","0.18521"
"2069876997","1964178158","0.18521"
"1964178158","2072040293","0.113781"
"2072040293","1964178158","0.113781"
"1964178158","2096967357","0.20469"
"2096967357","1964178158","0.20469"
"1964178158","2114546539","0.113781"
"2114546539","1964178158","0.113781"
"1964178158","2117307129","0.070303"
"2117307129","1964178158","0.070303"
"1964178158","2137670025","0.113781"
"2137670025","1964178158","0.113781"
"1964178158","2143813851","0.61775"
"2143813851","1964178158","0.61775"
"1964178158","2588515328","0.113781"
"2588515328","1964178158","0.113781"
"1964178158","2610774014","0.736609"
"2610774014","1964178158","0.736609"
"1964178158","2752338701","0.04"
"2752338701","1964178158","0.04"
"1964178158","2905575988","0.04"
"2905575988","1964178158","0.04"
"1969433651","1982115512","0.20469"
"1982115512","1969433651","0.20469"
"1969433651","1986123875","0.309564"
"1986123875","1969433651","0.309564"
"1969433651","1994838062","0.682768"
"1994838062","1969433651","0.682768"
"1969433651","2018013541","0.3957"
"2018013541","1969433651","0.3957"
"1969433651","2029499721","0.29"
"2029499721","1969433651","0.29"
"1969433651","2059574400","0.353042"
"2059574400","1969433651","0.353042"
"1969433651","2072040293","0.113781"
"2072040293","1969433651","0.113781"
"1969433651","2117307129","0.070303"
"2117307129","1969433651","0.070303"
"1969433651","2610774014","0.309564"
"2610774014","1969433651","0.309564"
"1969433651","2752338701","0.206667"
"2752338701","1969433651","0.206667"
"1969433651","2905575988","0.04"
"2905575988","1969433651","0.04"
"1982115512","1986123875","0.86518"
"1986123875","1982115512","0.86518"
"1982115512","1994838062","0.113781"
"1994838062","1982115512","0.113781"
"1982115512","2007046992","0.113781"
"2007046992","1982115512","0.113781"
"1982115512","2018013541","0.070303"
"2018013541","1982115512","0.070303"
"1982115512","2020516462","0.458659"
"2020516462","1982115512","0.458659"
"1982115512","2029499721","0.04"
"2029499721","1982115512","0.04"
"1982115512","2035248116","0.113781"
"2035248116","1982115512","0.113781"
"1982115512","2059574400","0.20469"
"2059574400","1982115512","0.20469"
"1982115512","2062890819","0.20469"
"2062890819","1982115512","0.20469"
"1982115512","2069648394","0.20469"
"2069648394","1982115512","0.20469"
"1982115512","2069876997","0.20469"
"2069876997","1982115512","0.20469"
"1982115512","2072040293","0.113781"
"2072040293","1982115512","0.113781"
"1982115512","2096967357","0.113781"
"2096967357","1982115512","0.113781"
"1982115512","2114546539","0.113781"
"2114546539","1982115512","0.113781"
"1982115512","2117307129","0.070303"
"2117307129","1982115512","0.070303"
"1982115512","2137670025","0.113781"
"2137670025","1982115512","0.113781"
"1982115512","2143813851","0.61775"
"2143813851","1982115512","0.61775"
"1982115512","2588515328","0.20469"
"2588515328","1982115512","0.20469"
"1982115512","2610774014","0.86518"
"2610774014","1982115512","0.86518"
"1982115512","2752338701","0.04"
"2752338701","1982115512","0.04"
"1982115512","2905575988","0.04"
"2905575988","1982115512","0.04"
"1986123875","1994838062","1.98814"
"1994838062","1986123875","1.98814"
"1986123875","2007046992","0.399307"
"2007046992","1986123875","0.399307"
"1986123875","2018013541","0.070303"
"2018013541","1986123875","0.070303"
"1986123875","2020516462","0.692103"
"2020516462","1986123875","0.692103"
"1986123875","2029499721","0.04"
"2029499721","1986123875","0.04"
"1986123875","2035248116","0.480559"
"2035248116","1986123875","0.480559"
"1986123875","2059574400","0.404802"
"2059574400","1986123875","0.404802"
"1986123875","2062890819","0.309564"
"2062890819","1986123875","0.309564"
"1986123875","2069648394","0.238135"
"2069648394","1986123875","0.238135"
"1986123875","2069876997","0.432641"
"2069876997","1986123875","0.432641"
"1986123875","2072040293","0.070303"
"2072040293","1986123875","0.070303"
"1986123875","2096967357","0.327879"
"2096967357","1986123875","0.327879"
"1986123875","2114546539","0.320303"
"2114546539","1986123875","0.320303"
"1986123875","2117307129","0.070303"
"2117307129","1986123875","0.070303"
"1986123875","2137670025","0.73697"
"2137670025","1986123875","0.73697"
"1986123875","2143813851","0.574271"
"2143813851","1986123875","0.574271"
"1986123875","2588515328","0.238135"
"2588515328","1986123875","0.238135"
"1986123875","2610774014","9.38777"
"2610774014","1986123875","9.38777"
"1986123875","2752338701","0.04"
"2752338701","1986123875","0.04"
"1986123875","2905575988","0.04"
"2905575988","1986123875","0.04"
"1994838062","2007046992","1.60512"
"2007046992","1994838062","1.60512"
"1994838062","2018013541","2.22903"
"2018013541","1994838062","2.22903"
"1994838062","2020516462","1.24987"
"2020516462","1994838062","1.24987"
"1994838062","2029499721","0.206667"
"2029499721","1994838062","0.206667"
"1994838062","2035248116","0.916534"
"2035248116","1994838062","0.916534"
"1994838062","2059574400","0.519709"
"2059574400","1994838062","0.519709"
"1994838062","2062890819","0.262133"
"2062890819","1994838062","0.262133"
"1994838062","2069648394","0.825625"
"2069648394","1994838062","0.825625"
"1994838062","2069876997","0.276119"
"2069876997","1994838062","0.276119"
"1994838062","2072040293","0.613781"
"2072040293","1994838062","0.613781"
"1994838062","2096967357","1.17655"
"2096967357","1994838062","1.17655"
"1994838062","2114546539","0.506638"
"2114546539","1994838062","0.506638"
"1994838062","2117307129","0.070303"
"2117307129","1994838062","0.070303"
"1994838062","2137670025","0.447115"
"2137670025","1994838062","0.447115"
"1994838062","2143813851","0.418976"
"2143813851","1994838062","0.418976"
"1994838062","2588515328","0.873244"
"2588515328","1994838062","0.873244"
"1994838062","2610774014","1.98814"
"2610774014","1994838062","1.98814"
"1994838062","2752338701","0.04"
"2752338701","1994838062","0.04"
"1994838062","2905575988","0.04"
"2905575988","1994838062","0.04"
"2007046992","2018013541","0.403636"
"2018013541","2007046992","0.403636"
"2007046992","2029499721","0.206667"
"2029499721","2007046992","0.206667"
"2007046992","2059574400","0.371357"
"2059574400","2007046992","0.371357"
"2007046992","2072040293","0.613781"
"2072040293","2007046992","0.613781"
"2007046992","2117307129","0.070303"
"2117307129","2007046992","0.070303"
"2007046992","2610774014","0.399307"
"2610774014","2007046992","0.399307"
"2007046992","2752338701","0.04"
"2752338701","2007046992","0.04"
"2007046992","2905575988","0.04"
"2905575988","2007046992","0.04"
"2018013541","2020516462","0.3957"
"2020516462","2018013541","0.3957"
"2018013541","2029499721","0.04"
"2029499721","2018013541","0.04"
"2018013541","2035248116","0.3957"
"2035248116","2018013541","0.3957"
"2018013541","2059574400","0.141732"
"2059574400","2018013541","0.141732"
"2018013541","2062890819","0.141732"
"2062890819","2018013541","0.141732"
"2018013541","2069648394","0.3957"
"2069648394","2018013541","0.3957"
"2018013541","2069876997","0.141732"
"2069876997","2018013541","0.141732"
"2018013541","2072040293","0.070303"
"2072040293","2018013541","0.070303"
"2018013541","2096967357","0.475065"
"2096967357","2018013541","0.475065"
"2018013541","2114546539","0.21316"
"2114546539","2018013541","0.21316"
"2018013541","2117307129","0.070303"
"2117307129","2018013541","0.070303"
"2018013541","2137670025","0.070303"
"2137670025","2018013541","0.070303"
"2018013541","2143813851","0.141732"
"2143813851","2018013541","0.141732"
"2018013541","2588515328","0.252843"
"2588515328","2018013541","0.252843"
"2018013541","2610774014","0.070303"
"2610774014","2018013541","0.070303"
"2018013541","2752338701","0.04"
"2752338701","2018013541","0.04"
"2018013541","2905575988","0.04"
"2905575988","2018013541","0.04"
"2020516462","2029499721","0.04"
"2029499721","2020516462","0.04"
"2020516462","2059574400","0.443951"
"2059574400","2020516462","0.443951"
"2020516462","2072040293","0.113781"
"2072040293","2020516462","0.113781"
"2020516462","2117307129","0.170303"
"2117307129","2020516462","0.170303"
"2020516462","2610774014","0.492103"
"2610774014","2020516462","0.492103"
"2020516462","2752338701","0.04"
"2752338701","2020516462","0.04"
"2020516462","2905575988","0.04"
"2905575988","2020516462","0.04"
"2029499721","2035248116","0.29"
"2035248116","2029499721","0.29"
"2029499721","2059574400","0.04"
"2059574400","2029499721","0.04"
"2029499721","2062890819","0.123333"
"2062890819","2029499721","0.123333"
"2029499721","2069648394","0.29"
"2069648394","2029499721","0.29"
"2029499721","2069876997","0.123333"
"2069876997","2029499721","0.123333"
"2029499721","2072040293","0.04"
"2072040293","2029499721","0.04"
"2029499721","2096967357","0.206667"
"2096967357","2029499721","0.206667"
"2029499721","2114546539","0.04"
"2114546539","2029499721","0.04"
"2029499721","2117307129","0.04"
"2117307129","2029499721","0.04"
"2029499721","2137670025","0.04"
"2137670025","2029499721","0.04"
"2029499721","2143813851","0.04"
"2143813851","2029499721","0.04"
"2029499721","2588515328","0.123333"
"2588515328","2029499721","0.123333"
"2029499721","2610774014","0.04"
"2610774014","2029499721","0.04"
"2029499721","2752338701","2.04"
"2752338701","2029499721","2.04"
"2029499721","2905575988","0.04"
"2905575988","2029499721","0.04"
"2035248116","2059574400","0.353042"
"2059574400","2035248116","0.353042"
"2035248116","2072040293","0.113781"
"2072040293","2035248116","0.113781"
"2035248116","2117307129","0.170303"
"2117307129","2035248116","0.170303"
"2035248116","2610774014","0.480559"
"2610774014","2035248116","0.480559"
"2035248116","2752338701","0.373333"
"2752338701","2035248116","0.373333"
"2035248116","2905575988","0.04"
"2905575988","2035248116","0.04"
"2059574400","2062890819","0.353042"
"2062890819","2059574400","0.353042"
"2059574400","2069648394","0.353042"
"2069648394","2059574400","0.353042"
"2059574400","2069876997","1.36703"
"2069876997","2059574400","1.36703"
"2059574400","2072040293","0.113781"
"2072040293","2059574400","0.113781"
"2059574400","2096967357","0.442786"
"2096967357","2059574400","0.442786"
"2059574400","2114546539","0.113781"
"2114546539","2059574400","0.113781"
"2059574400","2117307129","0.070303"
"2117307129","2059574400","0.070303"
"2059574400","2137670025","0.113781"
"2137670025","2059574400","0.113781"
"2059574400","2143813851","0.276119"
"2143813851","2059574400","0.276119"
"2059574400","2588515328","0.353042"
"2588515328","2059574400","0.353042"
"2059574400","2610774014","0.404802"
"2610774014","2059574400","0.404802"
"2059574400","2752338701","0.04"
"2752338701","2059574400","0.04"
"2059574400","2905575988","0.04"
"2905575988","2059574400","0.04"
"2062890819","2072040293","0.113781"
"2072040293","2062890819","0.113781"
"2062890819","2117307129","0.070303"
"2117307129","2062890819","0.070303"
"2062890819","2610774014","0.309564"
"2610774014","2062890819","0.309564"
"2062890819","2752338701","0.206667"
"2752338701","2062890819","0.206667"
"2062890819","2905575988","0.04"
"2905575988","2062890819","0.04"
"2069648394","2072040293","0.113781"
"2072040293","2069648394","0.113781"
"2069648394","2117307129","0.070303"
"2117307129","2069648394","0.070303"
"2069648394","2610774014","0.238135"
"2610774014","2069648394","0.238135"
"2069648394","2752338701","0.54"
"2752338701","2069648394","0.54"
"2069648394","2905575988","0.04"
"2905575988","2069648394","0.04"
"2069876997","2072040293","0.113781"
"2072040293","2069876997","0.113781"
"2069876997","2117307129","0.070303"
"2117307129","2069876997","0.070303"
"2069876997","2610774014","0.232641"
"2610774014","2069876997","0.232641"
"2069876997","2752338701","0.206667"
"2752338701","2069876997","0.206667"
"2069876997","2905575988","0.04"
"2905575988","2069876997","0.04"
"2072040293","2096967357","0.613781"
"2096967357","2072040293","0.613781"
"2072040293","2114546539","0.113781"
"2114546539","2072040293","0.113781"
"2072040293","2117307129","0.070303"
"2117307129","2072040293","0.070303"
"2072040293","2137670025","0.113781"
"2137670025","2072040293","0.113781"
"2072040293","2143813851","0.113781"
"2143813851","2072040293","0.113781"
"2072040293","2588515328","0.613781"
"2588515328","2072040293","0.613781"
"2072040293","2610774014","0.070303"
"2610774014","2072040293","0.070303"
"2072040293","2752338701","0.04"
"2752338701","2072040293","0.04"
"2072040293","2905575988","0.04"
"2905575988","2072040293","0.04"
"2096967357","2117307129","0.170303"
"2117307129","2096967357","0.170303"
"2096967357","2610774014","0.327879"
"2610774014","2096967357","0.327879"
"2096967357","2752338701","0.04"
"2752338701","2096967357","0.04"
"2096967357","2905575988","0.04"
"2905575988","2096967357","0.04"
"2114546539","2117307129","0.070303"
"2117307129","2114546539","0.070303"
"2114546539","2610774014","0.320303"
"2610774014","2114546539","0.320303"
"2114546539","2752338701","0.04"
"2752338701","2114546539","0.04"
"2114546539","2905575988","0.04"
"2905575988","2114546539","0.04"
"2117307129","2137670025","0.170303"
"2137670025","2117307129","0.170303"
"2117307129","2143813851","0.170303"
"2143813851","2117307129","0.170303"
"2117307129","2588515328","0.070303"
"2588515328","2117307129","0.070303"
"2117307129","2610774014","0.070303"
"2610774014","2117307129","0.070303"
"2117307129","2752338701","0.04"
"2752338701","2117307129","0.04"
"2117307129","2905575988","0.04"
"2905575988","2117307129","0.04"
"2137670025","2610774014","0.73697"
"2610774014","2137670025","0.73697"
"2137670025","2752338701","0.04"
"2752338701","2137670025","0.04"
"2137670025","2905575988","0.04"
"2905575988","2137670025","0.04"
"2143813851","2610774014","0.574271"
"2610774014","2143813851","0.574271"
"2143813851","2752338701","0.04"
"2752338701","2143813851","0.04"
"2143813851","2905575988","0.04"
"2905575988","2143813851","0.04"
"2588515328","2610774014","0.238135"
"2610774014","2588515328","0.238135"
"2588515328","2752338701","0.54"
"2752338701","2588515328","0.54"
"2588515328","2905575988","1.04"
"2905575988","2588515328","1.04"
"2610774014","2752338701","0.04"
"2752338701","2610774014","0.04"
"2610774014","2905575988","0.04"
"2905575988","2610774014","0.04"
"2752338701","2905575988","0.04"
"2905575988","2752338701","0.04"
"1495335682","1585940816","0.230303"
"1585940816","1495335682","0.230303"
"1495335682","2157233321","0.326812"
"2157233321","1495335682","0.326812"
"1585940816","1998342376","1.64697"
"1998342376","1585940816","1.64697"
"1585940816","2020516462","0.130303"
"2020516462","1585940816","0.130303"
"1585940816","2035248116","0.313636"
"2035248116","1585940816","0.313636"
"1585940816","2096967357","0.563636"
"2096967357","1585940816","0.563636"
"1585940816","2117307129","0.130303"
"2117307129","1585940816","0.130303"
"1585940816","2137670025","0.230303"
"2137670025","1585940816","0.230303"
"1585940816","2143813851","0.230303"
"2143813851","1585940816","0.230303"
"1585940816","2157233321","0.2"
"2157233321","1585940816","0.2"
"1585940816","2162728337","0.130303"
"2162728337","1585940816","0.130303"
"1998342376","2117307129","0.130303"
"2117307129","1998342376","0.130303"
"1998342376","2157233321","0.326812"
"2157233321","1998342376","0.326812"
"2020516462","2157233321","0.226812"
"2157233321","2020516462","0.226812"
"2035248116","2157233321","0.326812"
"2157233321","2035248116","0.326812"
"2096967357","2157233321","0.326812"
"2157233321","2096967357","0.326812"
"2117307129","2157233321","0.1"
"2157233321","2117307129","0.1"
"2117307129","2162728337","0.130303"
"2162728337","2117307129","0.130303"
"2137670025","2157233321","0.326812"
"2157233321","2137670025","0.326812"
"2143813851","2157233321","0.326812"
"2157233321","2143813851","0.326812"
"2157233321","2162728337","0.143478"
"2162728337","2157233321","0.143478"
"1585940816","2007046992","0.463636"
"2007046992","1585940816","0.463636"
"1585940816","2059807746","0.213636"
"2059807746","1585940816","0.213636"
"1585940816","2062890819","0.213636"
"2062890819","1585940816","0.213636"
"2007046992","2157233321","0.226812"
"2157233321","2007046992","0.226812"
"2059807746","2157233321","0.183333"
"2157233321","2059807746","0.183333"
"2062890819","2157233321","0.226812"
"2157233321","2062890819","0.226812"
"1996383616","2157233321","0.126812"
"2157233321","1996383616","0.126812"
"2069876997","2157233321","0.126812"
"2157233321","2069876997","0.126812"
"1495335682","1996958808","0.14521"
"1996958808","1495335682","0.14521"
"1495335682","2047354536","0.114907"
"2047354536","1495335682","0.114907"
"1969433651","1996958808","0.495582"
"1996958808","1969433651","0.495582"
"1969433651","2047354536","0.37437"
"2047354536","1969433651","0.37437"
"1994838062","1996958808","0.424153"
"1996958808","1994838062","0.424153"
"1994838062","2047354536","1.39385"
"2047354536","1994838062","1.39385"
"1996958808","2018013541","0.212843"
"2018013541","1996958808","0.212843"
"1996958808","2020516462","0.624153"
"2020516462","1996958808","0.624153"
"1996958808","2035248116","0.333244"
"2035248116","1996958808","0.333244"
"1996958808","2047354536","0.665279"
"2047354536","1996958808","0.665279"
"1996958808","2059574400","0.313042"
"2059574400","1996958808","0.313042"
"1996958808","2062890819","0.384471"
"2062890819","1996958808","0.384471"
"1996958808","2069648394","0.424153"
"2069648394","1996958808","0.424153"
"1996958808","2069876997","1.50755"
"2069876997","1996958808","1.50755"
"1996958808","2096967357","0.236119"
"2096967357","1996958808","0.236119"
"1996958808","2143813851","0.14521"
"2143813851","1996958808","0.14521"
"1996958808","2588515328","0.424153"
"2588515328","1996958808","0.424153"
"2018013541","2047354536","0.18254"
"2047354536","2018013541","0.18254"
"2020516462","2047354536","0.302941"
"2047354536","2020516462","0.302941"
"2035248116","2047354536","0.302941"
"2047354536","2035248116","0.302941"
"2047354536","2059574400","0.19183"
"2059574400","2047354536","0.19183"
"2047354536","2062890819","0.263258"
"2062890819","2047354536","0.263258"
"2047354536","2069648394","0.302941"
"2069648394","2047354536","0.302941"
"2047354536","2069876997","0.186335"
"2069876997","2047354536","0.186335"
"2047354536","2096967357","0.205816"
"2096967357","2047354536","0.205816"
"2047354536","2143813851","0.114907"
"2143813851","2047354536","0.114907"
"2047354536","2588515328","0.302941"
"2588515328","2047354536","0.302941"
"1964178158","1996383616","0.0434783"
"1996383616","1964178158","0.0434783"
"1964178158","1996958808","1.23612"
"1996958808","1964178158","1.23612"
"1964178158","1998342376","0.236119"
"1998342376","1964178158","0.236119"
"1964178158","2047354536","0.205816"
"2047354536","1964178158","0.205816"
"1964178158","2157233321","0.0434783"
"2157233321","1964178158","0.0434783"
"1964178158","2162728337","0.184892"
"2162728337","1964178158","0.184892"
"1969433651","2157233321","0.0434783"
"2157233321","1969433651","0.0434783"
"1982115512","1996383616","0.0434783"
"1996383616","1982115512","0.0434783"
"1982115512","1996958808","0.16469"
"1996958808","1982115512","0.16469"
"1982115512","1998342376","0.0737813"
"1998342376","1982115512","0.0737813"
"1982115512","2047354536","0.0434783"
"2047354536","1982115512","0.0434783"
"1982115512","2157233321","0.0434783"
"2157233321","1982115512","0.0434783"
"1982115512","2162728337","0.184892"
"2162728337","1982115512","0.184892"
"1994838062","1996383616","0.0434783"
"1996383616","1994838062","0.0434783"
"1994838062","1998342376","0.255599"
"1998342376","1994838062","0.255599"
"1994838062","2157233321","0.0434783"
"2157233321","1994838062","0.0434783"
"1994838062","2162728337","0.0737813"
"2162728337","1994838062","0.0737813"
"1996383616","1996958808","0.0434783"
"1996958808","1996383616","0.0434783"
"1996383616","2047354536","0.0434783"
"2047354536","1996383616","0.0434783"
"1996383616","2059574400","0.0434783"
"2059574400","1996383616","0.0434783"
"1996383616","2072040293","0.0434783"
"2072040293","1996383616","0.0434783"
"1996958808","1998342376","0.436119"
"1998342376","1996958808","0.436119"
"1996958808","2007046992","0.236119"
"2007046992","1996958808","0.236119"
"1996958808","2072040293","0.0737813"
"2072040293","1996958808","0.0737813"
"1996958808","2114546539","0.0737813"
"2114546539","1996958808","0.0737813"
"1996958808","2137670025","0.0737813"
"2137670025","1996958808","0.0737813"
"1996958808","2157233321","0.0434783"
"2157233321","1996958808","0.0434783"
"1996958808","2162728337","0.0737813"
"2162728337","1996958808","0.0737813"
"1998342376","2047354536","0.205816"
"2047354536","1998342376","0.205816"
"1998342376","2059574400","0.16469"
"2059574400","1998342376","0.16469"
"1998342376","2072040293","0.0737813"
"2072040293","1998342376","0.0737813"
"2007046992","2047354536","0.205816"
"2047354536","2007046992","0.205816"
"2047354536","2072040293","0.0434783"
"2072040293","2047354536","0.0434783"
"2047354536","2114546539","0.0434783"
"2114546539","2047354536","0.0434783"
"2047354536","2137670025","0.0434783"
"2137670025","2047354536","0.0434783"
"2047354536","2157233321","0.0434783"
"2157233321","2047354536","0.0434783"
"2047354536","2162728337","0.0434783"
"2162728337","2047354536","0.0434783"
"2059574400","2157233321","0.0434783"
"2157233321","2059574400","0.0434783"
"2059574400","2162728337","0.0737813"
"2162728337","2059574400","0.0737813"
"2069648394","2157233321","0.0434783"
"2157233321","2069648394","0.0434783"
"2072040293","2157233321","0.0434783"
"2157233321","2072040293","0.0434783"
"2072040293","2162728337","0.0737813"
"2162728337","2072040293","0.0737813"
"2114546539","2157233321","0.0434783"
"2157233321","2114546539","0.0434783"
"2157233321","2588515328","0.0434783"
"2588515328","2157233321","0.0434783"
"1495335682","1565268199","0.030303"
"1565268199","1495335682","0.030303"
"1495335682","1975176769","0.030303"
"1975176769","1495335682","0.030303"
"1495335682","2012287860","0.030303"
"2012287860","1495335682","0.030303"
"1495335682","2145630041","0.030303"
"2145630041","1495335682","0.030303"
"1565268199","1585940816","0.030303"
"1585940816","1565268199","0.030303"
"1565268199","1893681926","0.030303"
"1893681926","1565268199","0.030303"
"1565268199","1964178158","0.030303"
"1964178158","1565268199","0.030303"
"1565268199","1969147848","0.121212"
"1969147848","1565268199","0.121212"
"1565268199","1969433651","0.030303"
"1969433651","1565268199","0.030303"
"1565268199","1975176769","0.030303"
"1975176769","1565268199","0.030303"
"1565268199","1982115512","0.030303"
"1982115512","1565268199","0.030303"
"1565268199","1986123875","0.030303"
"1986123875","1565268199","0.030303"
