"1495388530","2134495880","7.02603"
"2134495880","1495388530","7.02603"
"1495388530","1542373890","0.734361"
"1542373890","1495388530","0.734361"
"1495388530","1566984377","0.0714286"
"1566984377","1495388530","0.0714286"
"1495388530","1574558750","0.516504"
"1574558750","1495388530","0.516504"
"1495388530","1585544906","0.716504"
"1585544906","1495388530","0.716504"
"1495388530","1690292237","0.300595"
"1690292237","1495388530","0.300595"
"1495388530","1800148011","0.534361"
"1800148011","1495388530","0.534361"
"1495388530","2101813644","0.276786"
"2101813644","1495388530","0.276786"
"1495388530","2104156812","0.596861"
"2104156812","1495388530","0.596861"
"1495388530","2113075740","0.349838"
"2113075740","1495388530","0.349838"
"1495388530","2129588123","0.516504"
"2129588123","1495388530","0.516504"
"1495388530","2149686098","0.859361"
"2149686098","1495388530","0.859361"
"1495388530","2245212795","0.516504"
"2245212795","1495388530","0.516504"
"1495388530","2246529130","0.734361"
"2246529130","1495388530","0.734361"
"1542373890","1566984377","1.07143"
"1566984377","1542373890","1.07143"
"1542373890","1574558750","0.335949"
"1574558750","1542373890","0.335949"
"1542373890","1585544906","0.535949"
"1585544906","1542373890","0.535949"
"1542373890","1690292237","0.49504"
"1690292237","1542373890","0.49504"
"1542373890","1800148011","1.28436"
"1800148011","1542373890","1.28436"
"1542373890","2101813644","0.526786"
"2101813644","1542373890","0.526786"
"1542373890","2104156812","1.41631"
"2104156812","1542373890","1.41631"
"1542373890","2113075740","0.335949"
"2113075740","1542373890","0.335949"
"1542373890","2129588123","0.335949"
"2129588123","1542373890","0.335949"
"1542373890","2134495880","1.17881"
"2134495880","1542373890","1.17881"
"1542373890","2149686098","3.17881"
"2149686098","1542373890","3.17881"
"1542373890","2245212795","0.335949"
"2245212795","1542373890","0.335949"
"1542373890","2246529130","2.23436"
"2246529130","1542373890","2.23436"
"1566984377","1574558750","0.0714286"
"1574558750","1566984377","0.0714286"
"1566984377","1585544906","0.0714286"
"1585544906","1566984377","0.0714286"
"1566984377","1690292237","0.0714286"
"1690292237","1566984377","0.0714286"
"1566984377","1800148011","0.214286"
"1800148011","1566984377","0.214286"
"1566984377","2101813644","0.214286"
"2101813644","1566984377","0.214286"
"1566984377","2104156812","0.214286"
"2104156812","1566984377","0.214286"
"1566984377","2113075740","0.0714286"
"2113075740","1566984377","0.0714286"
"1566984377","2129588123","0.0714286"
"2129588123","1566984377","0.0714286"
"1566984377","2134495880","0.0714286"
"2134495880","1566984377","0.0714286"
"1566984377","2149686098","0.0714286"
"2149686098","1566984377","0.0714286"
"1566984377","2245212795","0.0714286"
"2245212795","1566984377","0.0714286"
"1566984377","2246529130","0.0714286"
"2246529130","1566984377","0.0714286"
"1574558750","1585544906","1.07762"
"1585544906","1574558750","1.07762"
"1574558750","1690292237","0.611706"
"1690292237","1574558750","0.611706"
"1574558750","1800148011","0.224838"
"1800148011","1574558750","0.224838"
"1574558750","2101813644","0.133929"
"2101813644","1574558750","0.133929"
"1574558750","2104156812","0.398449"
"2104156812","1574558750","0.398449"
"1574558750","2113075740","0.910949"
"2113075740","1574558750","0.910949"
"1574558750","2129588123","1.91095"
"2129588123","1574558750","1.91095"
"1574558750","2134495880","1.12762"
"2134495880","1574558750","1.12762"
"1574558750","2149686098","0.460949"
"2149686098","1574558750","0.460949"
"1574558750","2245212795","1.41095"
"2245212795","1574558750","1.41095"
"1574558750","2246529130","0.224838"
"2246529130","1574558750","0.224838"
"1585544906","1690292237","2.44504"
"1690292237","1585544906","2.44504"
"1585544906","1800148011","0.224838"
"1800148011","1585544906","0.224838"
"1585544906","2101813644","0.133929"
"2101813644","1585544906","0.133929"
"1585544906","2104156812","0.398449"
"2104156812","1585544906","0.398449"
"1585544906","2113075740","2.24428"
"2113075740","1585544906","2.24428"
"1585544906","2129588123","1.07762"
"2129588123","1585544906","1.07762"
"1585544906","2134495880","1.16095"
"2134495880","1585544906","1.16095"
"1585544906","2149686098","0.660949"
"2149686098","1585544906","0.660949"
"1585544906","2245212795","1.07762"
"2245212795","1585544906","1.07762"
"1585544906","2246529130","0.924838"
"2246529130","1585544906","0.924838"
"1690292237","1800148011","1.13393"
"1800148011","1690292237","1.13393"
"1690292237","2101813644","0.133929"
"2101813644","1690292237","0.133929"
"1690292237","2104156812","0.18254"
"2104156812","1690292237","0.18254"
"1690292237","2113075740","0.778373"
"2113075740","1690292237","0.778373"
"1690292237","2129588123","1.61171"
"2129588123","1690292237","1.61171"
"1690292237","2134495880","0.74504"
"2134495880","1690292237","0.74504"
"1690292237","2149686098","0.49504"
"2149686098","1690292237","0.49504"
"1690292237","2245212795","0.611706"
"2245212795","1690292237","0.611706"
"1690292237","2246529130","1.63393"
"2246529130","1690292237","1.63393"
"1800148011","2101813644","1.39583"
"2101813644","1800148011","1.39583"
"1800148011","2104156812","1.50758"
"2104156812","1800148011","1.50758"
"1800148011","2113075740","0.224838"
"2113075740","1800148011","0.224838"
"1800148011","2129588123","0.224838"
"2129588123","1800148011","0.224838"
"1800148011","2134495880","0.534361"
"2134495880","1800148011","0.534361"
"1800148011","2149686098","2.42722"
"2149686098","1800148011","2.42722"
"1800148011","2245212795","0.224838"
"2245212795","1800148011","0.224838"
"1800148011","2246529130","1.51055"
"2246529130","1800148011","1.51055"
"2101813644","2104156812","1.41667"
"2104156812","2101813644","1.41667"
"2101813644","2113075740","0.133929"
"2113075740","2101813644","0.133929"
"2101813644","2129588123","0.133929"
"2129588123","2101813644","0.133929"
"2101813644","2134495880","0.610119"
"2134495880","2101813644","0.610119"
"2101813644","2149686098","2.33631"
"2149686098","2101813644","2.33631"
"2101813644","2245212795","0.133929"
"2245212795","2101813644","0.133929"
"2101813644","2246529130","1.08631"
"2246529130","2101813644","1.08631"
"2104156812","2113075740","0.398449"
"2113075740","2104156812","0.398449"
"2104156812","2129588123","0.398449"
"2129588123","2104156812","0.398449"
"2104156812","2134495880","1.37464"
"2134495880","2104156812","1.37464"
"2104156812","2149686098","2.35083"
"2149686098","2104156812","2.35083"
"2104156812","2245212795","0.398449"
"2245212795","2104156812","0.398449"
"2104156812","2246529130","1.44805"
"2246529130","2104156812","1.44805"
"2113075740","2129588123","0.910949"
"2129588123","2113075740","0.910949"
"2113075740","2134495880","0.794282"
"2134495880","2113075740","0.794282"
"2113075740","2149686098","0.460949"
"2149686098","2113075740","0.460949"
"2113075740","2245212795","0.910949"
"2245212795","2113075740","0.910949"
"2113075740","2246529130","0.224838"
"2246529130","2113075740","0.224838"
"2129588123","2134495880","1.12762"
"2134495880","2129588123","1.12762"
"2129588123","2149686098","0.460949"
"2149686098","2129588123","0.460949"
"2129588123","2245212795","1.41095"
"2245212795","2129588123","1.41095"
"2129588123","2246529130","0.224838"
"2246529130","2129588123","0.224838"
"2134495880","2149686098","1.63714"
"2149686098","2134495880","1.63714"
"2134495880","2245212795","0.627615"
"2245212795","2134495880","0.627615"
"2134495880","2246529130","0.734361"
"2246529130","2134495880","0.734361"
"2149686098","2245212795","0.460949"
"2245212795","2149686098","0.460949"
"2149686098","2246529130","2.71055"
"2246529130","2149686098","2.71055"
"2245212795","2246529130","0.224838"
"2246529130","2245212795","0.224838"
"1495388530","1840549527","0.0625"
"1840549527","1495388530","0.0625"
"1495388530","2018446804","0.0625"
"2018446804","1495388530","0.0625"
"1495388530","2049719117","0.0625"
"2049719117","1495388530","0.0625"
"1495388530","2054625732","0.0625"
"2054625732","1495388530","0.0625"
"1542373890","1840549527","0.3125"
"1840549527","1542373890","0.3125"
"1542373890","2018446804","0.5625"
"2018446804","1542373890","0.5625"
"1542373890","2049719117","0.0625"
"2049719117","1542373890","0.0625"
"1542373890","2054625732","0.0625"
"2054625732","1542373890","0.0625"
"1574558750","1840549527","0.0625"
"1840549527","1574558750","0.0625"
"1574558750","2018446804","0.0625"
"2018446804","1574558750","0.0625"
"1574558750","2049719117","0.0625"
"2049719117","1574558750","0.0625"
"1574558750","2054625732","0.395833"
"2054625732","1574558750","0.395833"
"1585544906","1840549527","0.0625"
"1840549527","1585544906","0.0625"
"1585544906","2018446804","0.0625"
"2018446804","1585544906","0.0625"
"1585544906","2049719117","0.0625"
"2049719117","1585544906","0.0625"
"1585544906","2054625732","0.0625"
"2054625732","1585544906","0.0625"
"1690292237","1840549527","0.3125"
"1840549527","1690292237","0.3125"
"1690292237","2018446804","0.3125"
"2018446804","1690292237","0.3125"
"1690292237","2049719117","2.0625"
"2049719117","1690292237","2.0625"
"1690292237","2054625732","0.0625"
"2054625732","1690292237","0.0625"
"1800148011","1840549527","0.53869"
"1840549527","1800148011","0.53869"
"1800148011","2018446804","0.848214"
"2018446804","1800148011","0.848214"
"1800148011","2049719117","1.59821"
"2049719117","1800148011","1.59821"
"1800148011","2054625732","0.348214"
"2054625732","1800148011","0.348214"
"1840549527","2018446804","0.455357"
"2018446804","1840549527","0.455357"
"1840549527","2049719117","0.205357"
"2049719117","1840549527","0.205357"
"1840549527","2054625732","0.205357"
"2054625732","1840549527","0.205357"
"1840549527","2101813644","0.53869"
"2101813644","1840549527","0.53869"
"1840549527","2113075740","0.0625"
"2113075740","1840549527","0.0625"
"1840549527","2129588123","0.0625"
"2129588123","1840549527","0.0625"
"1840549527","2134495880","0.0625"
"2134495880","1840549527","0.0625"
"1840549527","2149686098","0.3125"
"2149686098","1840549527","0.3125"
"1840549527","2245212795","0.0625"
"2245212795","1840549527","0.0625"
"1840549527","2246529130","0.395833"
"2246529130","1840549527","0.395833"
"2018446804","2049719117","2.59821"
"2049719117","2018446804","2.59821"
"2018446804","2054625732","0.348214"
"2054625732","2018446804","0.348214"
"2018446804","2101813644","1.84821"
"2101813644","2018446804","1.84821"
"2018446804","2113075740","0.0625"
"2113075740","2018446804","0.0625"
"2018446804","2129588123","0.0625"
"2129588123","2018446804","0.0625"
"2018446804","2134495880","0.0625"
"2134495880","2018446804","0.0625"
"2018446804","2149686098","0.705357"
"2149686098","2018446804","0.705357"
"2018446804","2245212795","0.0625"
"2245212795","2018446804","0.0625"
"2018446804","2246529130","0.205357"
"2246529130","2018446804","0.205357"
"2049719117","2054625732","0.348214"
"2054625732","2049719117","0.348214"
"2049719117","2101813644","0.598214"
"2101813644","2049719117","0.598214"
"2049719117","2113075740","0.0625"
"2113075740","2049719117","0.0625"
"2049719117","2129588123","0.0625"
"2129588123","2049719117","0.0625"
"2049719117","2134495880","0.0625"
"2134495880","2049719117","0.0625"
"2049719117","2149686098","0.205357"
"2149686098","2049719117","0.205357"
"2049719117","2245212795","0.0625"
"2245212795","2049719117","0.0625"
"2049719117","2246529130","0.205357"
"2246529130","2049719117","0.205357"
"2054625732","2101813644","0.348214"
"2101813644","2054625732","0.348214"
"2054625732","2113075740","0.0625"
"2113075740","2054625732","0.0625"
"2054625732","2129588123","0.395833"
"2129588123","2054625732","0.395833"
"2054625732","2134495880","0.0625"
"2134495880","2054625732","0.0625"
"2054625732","2149686098","0.205357"
"2149686098","2054625732","0.205357"
"2054625732","2245212795","0.395833"
"2245212795","2054625732","0.395833"
"2054625732","2246529130","0.205357"
"2246529130","2054625732","0.205357"
"1566984377","2018446804","1.14286"
"2018446804","1566984377","1.14286"
"1566984377","1840549527","0.142857"
"1840549527","1566984377","0.142857"
"1566984377","2049719117","0.142857"
"2049719117","1566984377","0.142857"
"1566984377","2054625732","0.142857"
"2054625732","1566984377","0.142857"
"1840549527","2104156812","0.142857"
"2104156812","1840549527","0.142857"
"2018446804","2104156812","0.535714"
"2104156812","2018446804","0.535714"
"2049719117","2104156812","0.535714"
"2104156812","2049719117","0.535714"
"2054625732","2104156812","0.285714"
"2104156812","2054625732","0.285714"
"1587654717","1985488123","2"
"1985488123","1587654717","2"
