"1525328468","1553932545","0.202413"
"1553932545","1525328468","0.202413"
"1525328468","1752487527","0.12549"
"1752487527","1525328468","0.12549"
"1525328468","1921099159","0.36908"
"1921099159","1525328468","0.36908"
"1525328468","2013178869","0.202413"
"2013178869","1525328468","0.202413"
"1525328468","2023532412","0.135747"
"2023532412","1525328468","0.135747"
"1525328468","2037459904","0.0588235"
"2037459904","1525328468","0.0588235"
"1525328468","2039720291","0.0588235"
"2039720291","1525328468","0.0588235"
"1525328468","2061166240","0.202413"
"2061166240","1525328468","0.202413"
"1525328468","2089444893","0.202413"
"2089444893","1525328468","0.202413"
"1525328468","2122641167","0.0588235"
"2122641167","1525328468","0.0588235"
"1525328468","2123039900","0.36908"
"2123039900","1525328468","0.36908"
"1525328468","2125652256","0.202413"
"2125652256","1525328468","0.202413"
"1525328468","2145283938","1.36908"
"2145283938","1525328468","1.36908"
"1525328468","2152955343","0.202413"
"2152955343","1525328468","0.202413"
"1525328468","2165708653","0.292157"
"2165708653","1525328468","0.292157"
"1525328468","2651414073","0.0588235"
"2651414073","1525328468","0.0588235"
"1525328468","2736319382","0.202413"
"2736319382","1525328468","0.202413"
"1553932545","1752487527","0.217157"
"1752487527","1553932545","0.217157"
"1553932545","1921099159","0.677413"
"1921099159","1553932545","0.677413"
"1553932545","2013178869","0.455191"
"2013178869","1553932545","0.455191"
"1553932545","2023532412","0.302413"
"2023532412","1553932545","0.302413"
"1553932545","2037459904","0.0588235"
"2037459904","1553932545","0.0588235"
"1553932545","2039720291","0.158824"
"2039720291","1553932545","0.158824"
"1553932545","2061166240","0.455191"
"2061166240","1553932545","0.455191"
"1553932545","2089444893","0.91908"
"2089444893","1553932545","0.91908"
"1553932545","2122641167","0.392157"
"2122641167","1553932545","0.392157"
"1553932545","2123039900","0.46908"
"2123039900","1553932545","0.46908"
"1553932545","2125652256","3.08019"
"2125652256","1553932545","3.08019"
"1553932545","2145283938","0.455191"
"2145283938","1553932545","0.455191"
"1553932545","2152955343","2.24686"
"2152955343","1553932545","2.24686"
"1553932545","2165708653","0.392157"
"2165708653","1553932545","0.392157"
"1553932545","2651414073","0.65049"
"2651414073","1553932545","0.65049"
"1553932545","2736319382","0.24408"
"2736319382","1553932545","0.24408"
"1752487527","1921099159","2.59479"
"1921099159","1752487527","2.59479"
"1752487527","2013178869","2.34479"
"2013178869","1752487527","2.34479"
"1752487527","2023532412","0.10049"
"2023532412","1752487527","0.10049"
"1752487527","2037459904","0.0588235"
"2037459904","1752487527","0.0588235"
"1752487527","2039720291","0.161455"
"2039720291","1752487527","0.161455"
"1752487527","2061166240","1.14479"
"2061166240","1752487527","1.14479"
"1752487527","2089444893","0.269788"
"2089444893","1752487527","0.269788"
"1752487527","2122641167","0.0588235"
"2122641167","1752487527","0.0588235"
"1752487527","2123039900","6.07812"
"2123039900","1752487527","6.07812"
"1752487527","2125652256","0.217157"
"2125652256","1752487527","0.217157"
"1752487527","2145283938","0.769788"
"2145283938","1752487527","0.769788"
"1752487527","2152955343","0.217157"
"2152955343","1752487527","0.217157"
"1752487527","2165708653","2.16146"
"2165708653","1752487527","2.16146"
"1752487527","2651414073","0.317157"
"2651414073","1752487527","0.317157"
"1752487527","2736319382","1.62812"
"2736319382","1752487527","1.62812"
"1921099159","2013178869","3.75389"
"2013178869","1921099159","3.75389"
"1921099159","2023532412","0.777413"
"2023532412","1921099159","0.777413"
"1921099159","2037459904","0.0588235"
"2037459904","1921099159","0.0588235"
"1921099159","2039720291","1.70312"
"2039720291","1921099159","1.70312"
"1921099159","2061166240","3.88167"
"2061166240","1921099159","3.88167"
"1921099159","2089444893","0.836791"
"2089444893","1921099159","0.836791"
"1921099159","2122641167","0.0588235"
"2122641167","1921099159","0.0588235"
"1921099159","2123039900","4.62012"
"2123039900","1921099159","4.62012"
"1921099159","2125652256","0.94527"
"2125652256","1921099159","0.94527"
"1921099159","2145283938","2.28679"
"2145283938","1921099159","2.28679"
"1921099159","2152955343","1.02027"
"2152955343","1921099159","1.02027"
"1921099159","2165708653","2.50709"
"2165708653","1921099159","2.50709"
"1921099159","2651414073","1.18382"
"2651414073","1921099159","1.18382"
"1921099159","2736319382","4.25389"
"2736319382","1921099159","4.25389"
"2013178869","2023532412","0.277413"
"2023532412","2013178869","0.277413"
"2013178869","2037459904","0.0588235"
"2037459904","2013178869","0.0588235"
"2013178869","2039720291","0.211455"
"2039720291","2013178869","0.211455"
"2013178869","2061166240","5.00945"
"2061166240","2013178869","5.00945"
"2013178869","2089444893","0.693934"
"2089444893","2013178869","0.693934"
"2013178869","2122641167","0.258824"
"2122641167","2013178869","0.258824"
"2013178869","2123039900","2.1356"
"2123039900","2013178869","2.1356"
"2013178869","2125652256","0.580191"
"2125652256","2013178869","0.580191"
"2013178869","2145283938","1.69671"
"2145283938","2013178869","1.69671"
"2013178869","2152955343","0.655191"
"2152955343","2013178869","0.655191"
"2013178869","2165708653","1.67376"
"2165708653","2013178869","1.67376"
"2013178869","2651414073","2.52668"
"2651414073","2013178869","2.52668"
"2013178869","2736319382","3.37056"
"2736319382","2013178869","3.37056"
"2023532412","2037459904","1.05882"
"2037459904","2023532412","1.05882"
"2023532412","2039720291","0.0588235"
"2039720291","2023532412","0.0588235"
"2023532412","2061166240","0.277413"
"2061166240","2023532412","0.277413"
"2023532412","2089444893","0.302413"
"2089444893","2023532412","0.302413"
"2023532412","2122641167","0.808824"
"2122641167","2023532412","0.808824"
"2023532412","2123039900","0.302413"
"2123039900","2023532412","0.302413"
"2023532412","2125652256","0.302413"
"2125652256","2023532412","0.302413"
"2023532412","2145283938","1.17741"
"2145283938","2023532412","1.17741"
"2023532412","2152955343","0.302413"
"2152955343","2023532412","0.302413"
"2023532412","2165708653","0.32549"
"2165708653","2023532412","0.32549"
"2023532412","2651414073","0.20049"
"2651414073","2023532412","0.20049"
"2023532412","2736319382","0.777413"
"2736319382","2023532412","0.777413"
"2037459904","2039720291","0.0588235"
"2039720291","2037459904","0.0588235"
"2037459904","2061166240","0.0588235"
"2061166240","2037459904","0.0588235"
"2037459904","2089444893","0.0588235"
"2089444893","2037459904","0.0588235"
"2037459904","2122641167","1.05882"
"2122641167","2037459904","1.05882"
"2037459904","2123039900","0.0588235"
"2123039900","2037459904","0.0588235"
"2037459904","2125652256","0.0588235"
"2125652256","2037459904","0.0588235"
"2037459904","2145283938","1.55882"
"2145283938","2037459904","1.55882"
"2037459904","2152955343","0.0588235"
"2152955343","2037459904","0.0588235"
"2037459904","2165708653","0.0588235"
"2165708653","2037459904","0.0588235"
"2037459904","2651414073","0.0588235"
"2651414073","2037459904","0.0588235"
"2037459904","2736319382","0.0588235"
"2736319382","2037459904","0.0588235"
"2039720291","2061166240","0.378122"
"2061166240","2039720291","0.378122"
"2039720291","2089444893","0.161455"
"2089444893","2039720291","0.161455"
"2039720291","2122641167","0.0588235"
"2122641167","2039720291","0.0588235"
"2039720291","2123039900","0.836455"
"2123039900","2039720291","0.836455"
"2039720291","2125652256","0.158824"
"2125652256","2039720291","0.158824"
"2039720291","2145283938","0.703122"
"2145283938","2039720291","0.703122"
"2039720291","2152955343","0.358824"
"2152955343","2039720291","0.358824"
"2039720291","2165708653","0.378122"
"2165708653","2039720291","0.378122"
"2039720291","2651414073","0.108824"
"2651414073","2039720291","0.108824"
"2039720291","2736319382","0.311455"
"2736319382","2039720291","0.311455"
"2061166240","2089444893","0.711791"
"2089444893","2061166240","0.711791"
"2061166240","2122641167","0.258824"
"2122641167","2061166240","0.258824"
"2061166240","2123039900","1.6979"
"2123039900","2061166240","1.6979"
"2061166240","2125652256","0.598048"
"2125652256","2061166240","0.598048"
"2061166240","2145283938","2.10624"
"2145283938","2061166240","2.10624"
"2061166240","2152955343","0.798048"
"2152955343","2061166240","0.798048"
"2061166240","2165708653","1.09479"
"2165708653","2061166240","1.09479"
"2061166240","2651414073","1.32668"
"2651414073","2061166240","1.32668"
"2061166240","2736319382","1.93326"
"2736319382","2061166240","1.93326"
"2089444893","2122641167","0.0588235"
"2122641167","2089444893","0.0588235"
"2089444893","2123039900","0.614569"
"2123039900","2089444893","0.614569"
"2089444893","2125652256","0.686937"
"2125652256","2089444893","0.686937"
"2089444893","2145283938","0.711791"
"2145283938","2089444893","0.711791"
"2089444893","2152955343","0.561937"
"2152955343","2089444893","0.561937"
"2089444893","2165708653","0.394788"
"2165708653","2089444893","0.394788"
"2089444893","2651414073","0.372712"
"2651414073","2089444893","0.372712"
"2089444893","2736319382","0.421712"
"2736319382","2089444893","0.421712"
"2122641167","2123039900","0.0588235"
"2123039900","2122641167","0.0588235"
"2122641167","2125652256","0.392157"
"2125652256","2122641167","0.392157"
"2122641167","2145283938","0.258824"
"2145283938","2122641167","0.258824"
"2122641167","2152955343","0.258824"
"2152955343","2122641167","0.258824"
"2122641167","2165708653","0.0588235"
"2165708653","2122641167","0.0588235"
"2122641167","2651414073","0.0588235"
"2651414073","2122641167","0.0588235"
"2122641167","2736319382","0.0588235"
"2736319382","2122641167","0.0588235"
"2123039900","2125652256","2.11194"
"2125652256","2123039900","2.11194"
"2123039900","2145283938","1.2979"
"2145283938","2123039900","1.2979"
"2123039900","2152955343","0.611937"
"2152955343","2123039900","0.611937"
"2123039900","2165708653","3.32257"
"2165708653","2123039900","3.32257"
"2123039900","2651414073","0.217157"
"2651414073","2123039900","0.217157"
"2123039900","2736319382","1.60782"
"2736319382","2123039900","1.60782"
"2125652256","2145283938","0.598048"
"2145283938","2125652256","0.598048"
"2125652256","2152955343","1.38971"
"2152955343","2125652256","1.38971"
"2125652256","2165708653","0.392157"
"2165708653","2125652256","0.392157"
"2125652256","2651414073","0.65049"
"2651414073","2125652256","0.65049"
"2125652256","2736319382","0.36908"
"2736319382","2125652256","0.36908"
"2145283938","2152955343","0.998048"
"2152955343","2145283938","0.998048"
"2145283938","2165708653","1.21979"
"2165708653","2145283938","1.21979"
"2145283938","2651414073","0.772712"
"2651414073","2145283938","0.772712"
"2145283938","2736319382","0.663378"
"2736319382","2145283938","0.663378"
"2152955343","2165708653","0.392157"
"2165708653","2152955343","0.392157"
"2152955343","2651414073","0.15049"
"2651414073","2152955343","0.15049"
"2152955343","2736319382","0.44408"
"2736319382","2152955343","0.44408"
"2165708653","2651414073","0.383824"
"2651414073","2165708653","0.383824"
"2165708653","2736319382","1.57376"
"2736319382","2165708653","1.57376"
"2651414073","2736319382","0.711601"
"2736319382","2651414073","0.711601"
"1525328468","2121844801","0.0769231"
"2121844801","1525328468","0.0769231"
"1525328468","2991287651","0.24359"
"2991287651","1525328468","0.24359"
"1553932545","2121844801","0.21859"
"2121844801","1553932545","0.21859"
"1553932545","2991287651","0.288034"
"2991287651","1553932545","0.288034"
"1921099159","2121844801","1.84229"
"2121844801","1921099159","1.84229"
"1921099159","2991287651","2.12324"
"2991287651","1921099159","2.12324"
"2013178869","2121844801","1.99943"
"2121844801","2013178869","1.99943"
"2013178869","2991287651","1.65221"
"2991287651","2013178869","1.65221"
"2023532412","2121844801","0.11859"
"2121844801","2023532412","0.11859"
"2023532412","2991287651","0.0769231"
"2991287651","2023532412","0.0769231"
"2061166240","2121844801","2.20896"
"2121844801","2061166240","2.20896"
"2061166240","2991287651","5.3411"
"2991287651","2061166240","5.3411"
"2089444893","2121844801","0.364078"
"2121844801","2089444893","0.364078"
"2089444893","2991287651","0.179555"
"2991287651","2089444893","0.179555"
"2121844801","2123039900","0.914078"
"2123039900","2121844801","0.914078"
"2121844801","2125652256","0.361447"
"2125652256","2121844801","0.361447"
"2121844801","2145283938","0.947412"
"2145283938","2121844801","0.947412"
"2121844801","2152955343","0.561447"
"2152955343","2121844801","0.561447"
"2121844801","2736319382","1.0161"
"2736319382","2121844801","1.0161"
"2121844801","2991287651","0.820464"
"2991287651","2121844801","0.820464"
"2123039900","2991287651","1.499"
"2991287651","2123039900","1.499"
"2125652256","2991287651","0.288034"
"2991287651","2125652256","0.288034"
"2145283938","2991287651","0.998999"
"2991287651","2145283938","0.998999"
"2152955343","2991287651","0.288034"
"2991287651","2152955343","0.288034"
"2736319382","2991287651","0.720464"
"2991287651","2736319382","0.720464"
"1525328468","1733011895","0.0666667"
"1733011895","1525328468","0.0666667"
"1525328468","2071935445","0.0666667"
"2071935445","1525328468","0.0666667"
"1525328468","2134111744","0.0666667"
"2134111744","1525328468","0.0666667"
"1553932545","1733011895","0.777778"
"1733011895","1553932545","0.777778"
"1553932545","2071935445","0.566667"
"2071935445","1553932545","0.566667"
"1553932545","2134111744","0.777778"
"2134111744","1553932545","0.777778"
"1733011895","1752487527","1.33596"
"1752487527","1733011895","1.33596"
"1733011895","1921099159","2.87763"
"1921099159","1733011895","2.87763"
"1733011895","2013178869","1.09708"
"2013178869","1733011895","1.09708"
"1733011895","2061166240","1.19708"
"2061166240","1733011895","1.19708"
"1733011895","2071935445","0.0666667"
"2071935445","1733011895","0.0666667"
"1733011895","2089444893","0.335965"
"2089444893","1733011895","0.335965"
"1733011895","2123039900","1.0693"
"2123039900","1733011895","1.0693"
"1733011895","2125652256","0.777778"
"2125652256","1733011895","0.777778"
"1733011895","2134111744","1.05541"
"2134111744","1733011895","1.05541"
"1733011895","2145283938","0.597076"
"2145283938","1733011895","0.597076"
"1733011895","2152955343","0.777778"
"2152955343","1733011895","0.777778"
"1733011895","2165708653","0.610965"
"2165708653","1733011895","0.610965"
"1733011895","2736319382","0.652632"
"2736319382","1733011895","0.652632"
"1752487527","2071935445","0.0666667"
"2071935445","1752487527","0.0666667"
"1752487527","2134111744","0.402632"
"2134111744","1752487527","0.402632"
"1921099159","2071935445","0.0666667"
"2071935445","1921099159","0.0666667"
"1921099159","2134111744","1.59985"
"2134111744","1921099159","1.59985"
"2013178869","2071935445","0.0666667"
"2071935445","2013178869","0.0666667"
"2013178869","2134111744","0.910965"
"2134111744","2013178869","0.910965"
"2061166240","2071935445","0.0666667"
"2071935445","2061166240","0.0666667"
"2061166240","2134111744","0.885965"
"2134111744","2061166240","0.885965"
"2071935445","2089444893","0.566667"
"2089444893","2071935445","0.566667"
"2071935445","2123039900","0.0666667"
"2123039900","2071935445","0.0666667"
"2071935445","2125652256","0.0666667"
"2125652256","2071935445","0.0666667"
"2071935445","2134111744","1.4"
"2134111744","2071935445","1.4"
"2071935445","2145283938","0.566667"
"2145283938","2071935445","0.566667"
"2071935445","2152955343","0.0666667"
"2152955343","2071935445","0.0666667"
"2071935445","2165708653","0.0666667"
"2165708653","2071935445","0.0666667"
"2071935445","2736319382","0.0666667"
"2736319382","2071935445","0.0666667"
"2089444893","2134111744","0.683187"
"2134111744","2089444893","0.683187"
"2123039900","2134111744","1.51096"
"2134111744","2123039900","1.51096"
"2125652256","2134111744","2.40278"
"2134111744","2125652256","2.40278"
"2134111744","2145283938","1.3943"
"2145283938","2134111744","1.3943"
"2134111744","2152955343","0.644444"
"2152955343","2134111744","0.644444"
"2134111744","2165708653","0.577632"
"2165708653","2134111744","0.577632"
"2134111744","2736319382","0.777632"
"2736319382","2134111744","0.777632"
"1525328468","2027300972","0.166667"
"2027300972","1525328468","0.166667"
"1921099159","2027300972","1.96273"
"2027300972","1921099159","1.96273"
"2027300972","2123039900","1.05278"
"2123039900","2027300972","1.05278"
"2027300972","2145283938","2.84167"
"2145283938","2027300972","2.84167"
"2027300972","2165708653","0.517857"
"2165708653","2027300972","0.517857"
"2027300972","2991287651","5.25599"
"2991287651","2027300972","5.25599"
"2165708653","2991287651","0.452632"
"2991287651","2165708653","0.452632"
"1553932545","1592579489","0.1"
"1592579489","1553932545","0.1"
"1553932545","171425490","0.0916667"
"171425490","1553932545","0.0916667"
"1553932545","2027300972","0.252778"
"2027300972","1553932545","0.252778"
"1553932545","2087070515","0.0916667"
"2087070515","1553932545","0.0916667"
"1553932545","2098548359","0.0916667"
"2098548359","1553932545","0.0916667"
"1553932545","2137057085","0.141667"
"2137057085","1553932545","0.141667"
"1553932545","2140531405","0.0916667"
"2140531405","1553932545","0.0916667"
"1592579489","171425490","0.05"
"171425490","1592579489","0.05"
"1592579489","1733011895","0.1"
"1733011895","1592579489","0.1"
"1592579489","1921099159","1.43333"
"1921099159","1592579489","1.43333"
"1592579489","2013178869","0.633333"
"2013178869","1592579489","0.633333"
"1592579489","2027300972","1.3"
"2027300972","1592579489","1.3"
"1592579489","2039720291","0.1"
"2039720291","1592579489","0.1"
"1592579489","2061166240","0.322222"
"2061166240","1592579489","0.322222"
"1592579489","2087070515","0.05"
"2087070515","1592579489","0.05"
"1592579489","2098548359","0.05"
"2098548359","1592579489","0.05"
"1592579489","2121844801","0.1"
"2121844801","1592579489","0.1"
"1592579489","2123039900","0.211111"
"2123039900","1592579489","0.211111"
"1592579489","2125652256","0.1"
"2125652256","1592579489","0.1"
"1592579489","2134111744","0.322222"
"2134111744","1592579489","0.322222"
"1592579489","2137057085","0.322222"
"2137057085","1592579489","0.322222"
"1592579489","2140531405","0.05"
"2140531405","1592579489","0.05"
"1592579489","2145283938","0.655556"
"2145283938","1592579489","0.655556"
"1592579489","2152955343","0.1"
"2152955343","1592579489","0.1"
"1592579489","2165708653","0.1"
"2165708653","1592579489","0.1"
"1592579489","2991287651","0.211111"
"2991287651","1592579489","0.211111"
"171425490","1733011895","0.369298"
"1733011895","171425490","0.369298"
"171425490","1921099159","0.613743"
"1921099159","171425490","0.613743"
"171425490","2013178869","0.938743"
"2013178869","171425490","0.938743"
"171425490","2027300972","0.658333"
"2027300972","171425490","0.658333"
"171425490","2039720291","0.227632"
"2039720291","171425490","0.227632"
"171425490","2061166240","1.12763"
"2061166240","171425490","1.12763"
"171425490","2087070515","6.06374"
"2087070515","171425490","6.06374"
"171425490","2098548359","0.858333"
"2098548359","171425490","0.858333"
"171425490","2121844801","0.277632"
"2121844801","171425490","0.277632"
"171425490","2123039900","0.447076"
"2123039900","171425490","0.447076"
"171425490","2125652256","0.0916667"
"2125652256","171425490","0.0916667"
"171425490","2134111744","0.210965"
"2134111744","171425490","0.210965"
"171425490","2137057085","0.410965"
"2137057085","171425490","0.410965"
"171425490","2140531405","2.04708"
"2140531405","171425490","2.04708"
"171425490","2145283938","0.535965"
"2145283938","171425490","0.535965"
"171425490","2152955343","0.0916667"
"2152955343","171425490","0.0916667"
"171425490","2165708653","0.488743"
"2165708653","171425490","0.488743"
"171425490","2991287651","0.360965"
"2991287651","171425490","0.360965"
"1733011895","2027300972","0.352778"
"2027300972","1733011895","0.352778"
"1733011895","2039720291","1.61096"
"2039720291","1733011895","1.61096"
"1733011895","2087070515","0.369298"
"2087070515","1733011895","0.369298"
"1733011895","2098548359","0.0916667"
"2098548359","1733011895","0.0916667"
"1733011895","2121844801","0.294298"
"2121844801","1733011895","0.294298"
"1733011895","2137057085","0.194298"
"2137057085","1733011895","0.194298"
"1733011895","2140531405","0.369298"
"2140531405","1733011895","0.369298"
"1733011895","2991287651","0.655409"
"2991287651","1733011895","0.655409"
"1921099159","2087070515","0.613743"
"2087070515","1921099159","0.613743"
"1921099159","2098548359","0.158333"
"2098548359","1921099159","0.158333"
"1921099159","2137057085","1.07687"
"2137057085","1921099159","1.07687"
"1921099159","2140531405","0.772076"
"2140531405","1921099159","0.772076"
"2013178869","2027300972","2.98337"
"2027300972","2013178869","2.98337"
"2013178869","2087070515","1.13874"
"2087070515","2013178869","1.13874"
"2013178869","2098548359","0.558333"
"2098548359","2013178869","0.558333"
"2013178869","2137057085","1.95306"
"2137057085","2013178869","1.95306"
"2013178869","2140531405","1.98993"
"2140531405","2013178869","1.98993"
"2027300972","2039720291","0.1"
"2039720291","2027300972","0.1"
"2027300972","2061166240","3.66273"
"2061166240","2027300972","3.66273"
"2027300972","2087070515","0.158333"
"2087070515","2027300972","0.158333"
"2027300972","2098548359","0.158333"
"2098548359","2027300972","0.158333"
"2027300972","2121844801","1.08654"
"2121844801","2027300972","1.08654"
"2027300972","2125652256","0.252778"
"2125652256","2027300972","0.252778"
"2027300972","2134111744","0.575"
"2134111744","2027300972","0.575"
"2027300972","2137057085","1.47543"
"2137057085","2027300972","1.47543"
"2027300972","2140531405","0.40119"
"2140531405","2027300972","0.40119"
"2027300972","2152955343","0.252778"
"2152955343","2027300972","0.252778"
"2039720291","2087070515","0.227632"
"2087070515","2039720291","0.227632"
"2039720291","2098548359","0.05"
"2098548359","2039720291","0.05"
"2039720291","2121844801","0.319298"
"2121844801","2039720291","0.319298"
"2039720291","2134111744","1.18596"
"2134111744","2039720291","1.18596"
"2039720291","2137057085","0.152632"
"2137057085","2039720291","0.152632"
"2039720291","2140531405","0.227632"
"2140531405","2039720291","0.227632"
"2039720291","2991287651","1.77763"
"2991287651","2039720291","1.77763"
"2061166240","2087070515","0.627632"
"2087070515","2061166240","0.627632"
"2061166240","2098548359","0.158333"
"2098548359","2061166240","0.158333"
"2061166240","2137057085","1.92806"
"2137057085","2061166240","1.92806"
"2061166240","2140531405","0.553822"
"2140531405","2061166240","0.553822"
"2087070515","2098548359","1.05833"
"2098548359","2087070515","1.05833"
"2087070515","2121844801","0.477632"
"2121844801","2087070515","0.477632"
"2087070515","2123039900","0.447076"
"2123039900","2087070515","0.447076"
"2087070515","2125652256","0.0916667"
"2125652256","2087070515","0.0916667"
"2087070515","2134111744","0.210965"
"2134111744","2087070515","0.210965"
"2087070515","2137057085","0.610965"
"2137057085","2087070515","0.610965"
"2087070515","2140531405","2.24708"
"2140531405","2087070515","2.24708"
"2087070515","2145283938","0.535965"
"2145283938","2087070515","0.535965"
"2087070515","2152955343","0.0916667"
"2152955343","2087070515","0.0916667"
"2087070515","2165708653","0.488743"
"2165708653","2087070515","0.488743"
"2087070515","2991287651","0.360965"
"2991287651","2087070515","0.360965"
"2098548359","2121844801","0.358333"
"2121844801","2098548359","0.358333"
"2098548359","2123039900","0.0916667"
"2123039900","2098548359","0.0916667"
"2098548359","2125652256","0.0916667"
"2125652256","2098548359","0.0916667"
"2098548359","2134111744","0.0916667"
"2134111744","2098548359","0.0916667"
"2098548359","2137057085","0.491667"
"2137057085","2098548359","0.491667"
"2098548359","2140531405","0.358333"
"2140531405","2098548359","0.358333"
"2098548359","2145283938","0.358333"
"2145283938","2098548359","0.358333"
"2098548359","2152955343","0.0916667"
"2152955343","2098548359","0.0916667"
"2098548359","2165708653","0.158333"
"2165708653","2098548359","0.158333"
"2098548359","2991287651","0.116667"
"2991287651","2098548359","0.116667"
"2121844801","2134111744","0.360965"
"2134111744","2121844801","0.360965"
"2121844801","2137057085","0.929652"
"2137057085","2121844801","0.929652"
"2121844801","2140531405","0.510965"
"2140531405","2121844801","0.510965"
"2121844801","2165708653","0.744298"
"2165708653","2121844801","0.744298"
"2123039900","2137057085","0.719298"
"2137057085","2123039900","0.719298"
"2123039900","2140531405","0.380409"
"2140531405","2123039900","0.380409"
"2125652256","2137057085","0.141667"
"2137057085","2125652256","0.141667"
"2125652256","2140531405","0.216667"
"2140531405","2125652256","0.216667"
"2134111744","2137057085","0.483187"
"2137057085","2134111744","0.483187"
"2134111744","2140531405","0.269298"
"2140531405","2134111744","0.269298"
"2134111744","2991287651","0.930409"
"2991287651","2134111744","0.930409"
"2137057085","2140531405","0.587155"
"2140531405","2137057085","0.587155"
"2137057085","2145283938","0.61652"
"2145283938","2137057085","0.61652"
"2137057085","2152955343","0.141667"
"2152955343","2137057085","0.141667"
"2137057085","2165708653","0.385965"
"2165708653","2137057085","0.385965"
"2137057085","2991287651","0.553064"
"2991287651","2137057085","0.553064"
"2140531405","2145283938","0.335965"
"2145283938","2140531405","0.335965"
"2140531405","2152955343","0.0916667"
"2152955343","2140531405","0.0916667"
"2140531405","2165708653","0.422076"
"2165708653","2140531405","0.422076"
"2140531405","2991287651","0.537155"
"2991287651","2140531405","0.537155"
"1553932545","2167984346","0.0916667"
"2167984346","1553932545","0.0916667"
"1592579489","1752487527","0.05"
"1752487527","1592579489","0.05"
"1592579489","2089444893","0.272222"
"2089444893","1592579489","0.272222"
"1592579489","2167984346","0.05"
"2167984346","1592579489","0.05"
"1592579489","2651414073","1.63889"
"2651414073","1592579489","1.63889"
"1733011895","2167984346","0.144298"
"2167984346","1733011895","0.144298"
"1733011895","2651414073","0.358333"
"2651414073","1733011895","0.358333"
"1752487527","2027300972","0.358333"
"2027300972","1752487527","0.358333"
"1752487527","2121844801","0.644298"
"2121844801","1752487527","0.644298"
"1752487527","2137057085","0.477632"
"2137057085","1752487527","0.477632"
"1752487527","2167984346","0.460965"
"2167984346","1752487527","0.460965"
"1752487527","2991287651","1.2693"
"2991287651","1752487527","1.2693"
"1921099159","2167984346","1.94314"
"2167984346","1921099159","1.94314"
"2013178869","2167984346","4.05981"
"2167984346","2013178869","4.05981"
"2027300972","2089444893","0.313889"
"2089444893","2027300972","0.313889"
"2027300972","2167984346","1.34607"
"2167984346","2027300972","1.34607"
"2027300972","2651414073","3.80119"
"2651414073","2027300972","3.80119"
"2039720291","2167984346","0.102632"
"2167984346","2039720291","0.102632"
"2061166240","2167984346","2.38918"
"2167984346","2061166240","2.38918"
"2089444893","2137057085","0.36652"
"2137057085","2089444893","0.36652"
"2089444893","2167984346","0.269298"
"2167984346","2089444893","0.269298"
"2121844801","2167984346","0.789176"
"2167984346","2121844801","0.789176"
"2121844801","2651414073","0.436111"
"2651414073","2121844801","0.436111"
"2123039900","2167984346","0.613743"
"2167984346","2123039900","0.613743"
"2125652256","2167984346","0.216667"
"2167984346","2125652256","0.216667"
"2134111744","2167984346","0.335965"
"2167984346","2134111744","0.335965"
"2134111744","2651414073","0.380556"
"2651414073","2134111744","0.380556"
"2137057085","2167984346","0.537985"
"2167984346","2137057085","0.537985"
"2137057085","2651414073","0.734524"
"2651414073","2137057085","0.734524"
"2145283938","2167984346","0.210965"
"2167984346","2145283938","0.210965"
"2152955343","2167984346","0.0916667"
"2167984346","2152955343","0.0916667"
"2165708653","2167984346","1.07327"
"2167984346","2165708653","1.07327"
"2167984346","2651414073","0.336111"
"2651414073","2167984346","0.336111"
"2167984346","2991287651","0.693541"
"2991287651","2167984346","0.693541"
"2651414073","2991287651","0.792857"
"2991287651","2651414073","0.792857"
"2122641167","2134111744","0.666667"
"2134111744","2122641167","0.666667"
"1553932545","1995445252","0.0416667"
"1995445252","1553932545","0.0416667"
"171425490","1752487527","0.410965"
"1752487527","171425490","0.410965"
"171425490","1995445252","0.338743"
"1995445252","171425490","0.338743"
"171425490","2023532412","0.141667"
"2023532412","171425490","0.141667"
"171425490","2089444893","0.0942982"
"2089444893","171425490","0.0942982"
"171425490","2167984346","0.338743"
"2167984346","171425490","0.338743"
"171425490","2651414073","0.275"
"2651414073","171425490","0.275"
"171425490","2736319382","0.438743"
"2736319382","171425490","0.438743"
"1733011895","1995445252","0.0942982"
"1995445252","1733011895","0.0942982"
"1733011895","2023532412","0.266667"
"2023532412","1733011895","0.266667"
"1752487527","1995445252","0.410965"
"1995445252","1752487527","0.410965"
"1752487527","2087070515","0.410965"
"2087070515","1752487527","0.410965"
"1752487527","2098548359","0.0416667"
"2098548359","1752487527","0.0416667"
"1752487527","2140531405","0.194298"
"2140531405","1752487527","0.194298"
"1921099159","1995445252","1.80223"
"1995445252","1921099159","1.80223"
"1995445252","2013178869","3.9189"
"2013178869","1995445252","3.9189"
"1995445252","2023532412","0.0416667"
"2023532412","1995445252","0.0416667"
"1995445252","2027300972","1.20516"
"2027300972","1995445252","1.20516"
"1995445252","2061166240","1.24827"
"2061166240","1995445252","1.24827"
"1995445252","2087070515","0.338743"
"2087070515","1995445252","0.338743"
"1995445252","2089444893","0.219298"
"2089444893","1995445252","0.219298"
"1995445252","2098548359","0.108333"
"2098548359","1995445252","0.108333"
"1995445252","2121844801","0.648266"
"2121844801","1995445252","0.648266"
"1995445252","2123039900","0.563743"
"2123039900","1995445252","0.563743"
"1995445252","2125652256","0.166667"
"2125652256","1995445252","0.166667"
"1995445252","2134111744","0.285965"
"2134111744","1995445252","0.285965"
"1995445252","2137057085","0.397076"
"2137057085","1995445252","0.397076"
"1995445252","2140531405","0.397076"
"2140531405","1995445252","0.397076"
"1995445252","2145283938","0.160965"
"2145283938","1995445252","0.160965"
"1995445252","2152955343","0.0416667"
"2152955343","1995445252","0.0416667"
"1995445252","2165708653","1.02327"
"2165708653","1995445252","1.02327"
"1995445252","2167984346","6.1689"
"2167984346","1995445252","6.1689"
"1995445252","2651414073","0.286111"
"2651414073","1995445252","0.286111"
"1995445252","2736319382","2.2189"
"2736319382","1995445252","2.2189"
"2023532412","2027300972","0.0416667"
"2027300972","2023532412","0.0416667"
"2023532412","2087070515","0.141667"
"2087070515","2023532412","0.141667"
"2023532412","2098548359","0.0416667"
"2098548359","2023532412","0.0416667"
"2023532412","2134111744","0.166667"
"2134111744","2023532412","0.166667"
"2023532412","2137057085","0.0416667"
"2137057085","2023532412","0.0416667"
"2023532412","2140531405","0.141667"
"2140531405","2023532412","0.141667"
"2023532412","2167984346","0.291667"
"2167984346","2023532412","0.291667"
"2027300972","2736319382","0.796068"
"2736319382","2027300972","0.796068"
"2087070515","2089444893","0.0942982"
"2089444893","2087070515","0.0942982"
"2087070515","2167984346","0.338743"
"2167984346","2087070515","0.338743"
"2087070515","2651414073","0.275"
"2651414073","2087070515","0.275"
"2087070515","2736319382","0.438743"
"2736319382","2087070515","0.438743"
"2089444893","2098548359","0.0416667"
"2098548359","2089444893","0.0416667"
"2089444893","2140531405","0.219298"
"2140531405","2089444893","0.219298"
"2098548359","2167984346","0.108333"
"2167984346","2098548359","0.108333"
"2098548359","2651414073","0.108333"
"2651414073","2098548359","0.108333"
"2098548359","2736319382","0.108333"
"2736319382","2098548359","0.108333"
"2137057085","2736319382","0.587985"
"2736319382","2137057085","0.587985"
"2140531405","2167984346","0.397076"
"2167984346","2140531405","0.397076"
"2140531405","2651414073","0.45119"
"2651414073","2140531405","0.45119"
"2140531405","2736319382","0.597076"
"2736319382","2140531405","0.597076"
"2167984346","2736319382","2.30981"
"2736319382","2167984346","2.30981"
"1592579489","2030197852","1.03333"
"2030197852","1592579489","1.03333"
"2030197852","2651414073","2.53333"
"2651414073","2030197852","2.53333"
"2027300972","2030197852","1.95758"
"2030197852","2027300972","1.95758"
"1592579489","2043812602","0.2"
"2043812602","1592579489","0.2"
"2013178869","2030197852","0.290909"
"2030197852","2013178869","0.290909"
"2013178869","2043812602","0.2"
"2043812602","2013178869","0.2"
"2027300972","2043812602","2.53333"
"2043812602","2027300972","2.53333"
"2030197852","2043812602","0.533333"
"2043812602","2030197852","0.533333"
"2043812602","2651414073","1.2"
"2651414073","2043812602","1.2"
"1592579489","1757111342","0.111111"
"1757111342","1592579489","0.111111"
"1592579489","2013824391","0.111111"
"2013824391","1592579489","0.111111"
"1592579489","2045429116","0.111111"
"2045429116","1592579489","0.111111"
"1592579489","2047810414","0.111111"
"2047810414","1592579489","0.111111"
"1757111342","1921099159","0.111111"
"1921099159","1757111342","0.111111"
"1757111342","2013178869","0.111111"
"2013178869","1757111342","0.111111"
"1757111342","2013824391","1.11111"
"2013824391","1757111342","1.11111"
"1757111342","2027300972","0.111111"
"2027300972","1757111342","0.111111"
"1757111342","2045429116","0.111111"
"2045429116","1757111342","0.111111"
"1757111342","2047810414","0.111111"
"2047810414","1757111342","0.111111"
"1757111342","2123039900","0.111111"
"2123039900","1757111342","0.111111"
"1757111342","2991287651","0.111111"
"2991287651","1757111342","0.111111"
"1921099159","2013824391","0.711111"
"2013824391","1921099159","0.711111"
"1921099159","2045429116","0.111111"
"2045429116","1921099159","0.111111"
"1921099159","2047810414","0.111111"
"2047810414","1921099159","0.111111"
"2013178869","2013824391","0.253968"
"2013824391","2013178869","0.253968"
"2013178869","2045429116","0.111111"
"2045429116","2013178869","0.111111"
"2013178869","2047810414","0.111111"
"2047810414","2013178869","0.111111"
"2013824391","2027300972","0.353968"
"2027300972","2013824391","0.353968"
"2013824391","2045429116","0.111111"
"2045429116","2013824391","0.111111"
"2013824391","2047810414","0.111111"
"2047810414","2013824391","0.111111"
"2013824391","2123039900","0.211111"
"2123039900","2013824391","0.211111"
"2013824391","2991287651","0.353968"
"2991287651","2013824391","0.353968"
"2027300972","2045429116","0.111111"
"2045429116","2027300972","0.111111"
"2027300972","2047810414","0.111111"
"2047810414","2027300972","0.111111"
"2045429116","2047810414","0.111111"
"2047810414","2045429116","0.111111"
"2045429116","2123039900","0.111111"
"2123039900","2045429116","0.111111"
"2045429116","2991287651","0.111111"
"2991287651","2045429116","0.111111"
"2047810414","2123039900","0.111111"
"2123039900","2047810414","0.111111"
"2047810414","2991287651","0.111111"
"2991287651","2047810414","0.111111"
"1995445252","2991287651","1.55263"
"2991287651","1995445252","1.55263"
"1995445252","2039720291","0.0526316"
"2039720291","1995445252","0.0526316"
"1733011895","1972237197","0.333333"
"1972237197","1733011895","0.333333"
"1972237197","2013178869","1.75758"
"2013178869","1972237197","1.75758"
"1972237197","2061166240","0.424242"
"2061166240","1972237197","0.424242"
"1733011895","2013824391","0.1"
"2013824391","1733011895","0.1"
"2013824391","2061166240","0.742857"
"2061166240","2013824391","0.742857"
"2013824391","2121844801","0.1"
"2121844801","2013824391","0.1"
"2013824391","2134111744","0.1"
"2134111744","2013824391","0.1"
"2013824391","2145283938","0.1"
"2145283938","2013824391","0.1"
"2013824391","2736319382","0.1"
"2736319382","2013824391","0.1"
"1921099159","2017155001","1.35877"
"2017155001","1921099159","1.35877"
"1995445252","2017155001","0.267857"
"2017155001","1995445252","0.267857"
"2013178869","2017155001","0.358766"
"2017155001","2013178869","0.358766"
"2017155001","2123039900","0.125"
"2123039900","2017155001","0.125"
"2017155001","2137057085","0.215909"
"2137057085","2017155001","0.215909"
"2017155001","2165708653","0.267857"
"2165708653","2017155001","0.267857"
"2017155001","2167984346","0.358766"
"2167984346","2017155001","0.358766"
"2017155001","2736319382","0.358766"
"2736319382","2017155001","0.358766"
"1921099159","1972237197","1.09091"
"1972237197","1921099159","1.09091"
"1921099159","2030197852","0.0909091"
"2030197852","1921099159","0.0909091"
"1972237197","2017155001","0.0909091"
"2017155001","1972237197","0.0909091"
"1972237197","2027300972","0.424242"
"2027300972","1972237197","0.424242"
"1972237197","2030197852","0.0909091"
"2030197852","1972237197","0.0909091"
"1972237197","2121844801","0.0909091"
"2121844801","1972237197","0.0909091"
"1972237197","2137057085","0.0909091"
"2137057085","1972237197","0.0909091"
"1972237197","2167984346","0.0909091"
"2167984346","1972237197","0.0909091"
"1972237197","2736319382","0.0909091"
"2736319382","1972237197","0.0909091"
"1972237197","2991287651","0.0909091"
"2991287651","1972237197","0.0909091"
"2017155001","2027300972","1.5671"
"2027300972","2017155001","1.5671"
"2017155001","2030197852","0.924242"
"2030197852","2017155001","0.924242"
"2017155001","2061166240","0.0909091"
"2061166240","2017155001","0.0909091"
"2017155001","2121844801","0.0909091"
"2121844801","2017155001","0.0909091"
"2017155001","2991287651","0.0909091"
"2991287651","2017155001","0.0909091"
"2030197852","2061166240","0.0909091"
"2061166240","2030197852","0.0909091"
"2030197852","2121844801","0.0909091"
"2121844801","2030197852","0.0909091"
"2030197852","2137057085","0.0909091"
"2137057085","2030197852","0.0909091"
"2030197852","2167984346","0.0909091"
"2167984346","2030197852","0.0909091"
"2030197852","2736319382","0.0909091"
"2736319382","2030197852","0.0909091"
"2030197852","2991287651","0.0909091"
"2991287651","2030197852","0.0909091"
"1972237197","2123039900","0.333333"
"2123039900","1972237197","0.333333"
"2121844801","2122641167","0.2"
"2122641167","2121844801","0.2"
"2013824391","2137057085","0.142857"
"2137057085","2013824391","0.142857"
"2013824391","2140531405","0.142857"
"2140531405","2013824391","0.142857"
"2013824391","2651414073","0.142857"
"2651414073","2013824391","0.142857"
"2017155001","2651414073","0.5"
"2651414073","2017155001","0.5"
"2017155001","2145283938","0.5"
"2145283938","2017155001","0.5"
"2017155001","2043812602","0.333333"
"2043812602","2017155001","0.333333"
"2017155001","2070821895","0.5"
"2070821895","2017155001","0.5"
"2027300972","2070821895","0.5"
"2070821895","2027300972","0.5"
"2023532412","2128126021","0.75"
"2128126021","2023532412","0.75"
"2023532412","2151708804","0.25"
"2151708804","2023532412","0.25"
"2122641167","2128126021","1.25"
"2128126021","2122641167","1.25"
"2122641167","2151708804","3.08333"
"2151708804","2122641167","3.08333"
"2122641167","2167984346","0.25"
"2167984346","2122641167","0.25"
"2128126021","2151708804","1.75"
"2151708804","2128126021","1.75"
"2128126021","2167984346","0.25"
"2167984346","2128126021","0.25"
"2151708804","2167984346","0.25"
"2167984346","2151708804","0.25"
"2023532412","2071935445","1"
"2071935445","2023532412","1"
"2037459904","2047451242","1.5"
"2047451242","2037459904","1.5"
"2047451242","2145283938","1.5"
"2145283938","2047451242","1.5"
"2043812602","2145283938","1.5"
"2145283938","2043812602","1.5"
"2043812602","2071935445","0.5"
"2071935445","2043812602","0.5"
"2047810414","2070821895","0.5"
"2070821895","2047810414","0.5"
"2047810414","2107321064","0.5"
"2107321064","2047810414","0.5"
"2070821895","2107321064","3.5"
"2107321064","2070821895","3.5"
"2071935445","2122641167","0.333333"
"2122641167","2071935445","0.333333"
"2071935445","2151708804","0.333333"
