"100757972","1569566369","5.4"
"1569566369","100757972","5.4"
"100757972","2088401554","2.04286"
"2088401554","100757972","2.04286"
"100757972","29966192","0.4"
"29966192","100757972","0.4"
"1569566369","2088401554","3.49091"
"2088401554","1569566369","3.49091"
"1569566369","29966192","4.49091"
"29966192","1569566369","4.49091"
"2088401554","29966192","4.65758"
"29966192","2088401554","4.65758"
"100757972","1544385881","0.5"
"1544385881","100757972","0.5"
"1544385881","2088401554","0.5"
"2088401554","1544385881","0.5"
"100757972","132715318","0.194444"
"132715318","100757972","0.194444"
"100757972","1766320474","0.111111"
"1766320474","100757972","0.111111"
"100757972","2005563599","0.503968"
"2005563599","100757972","0.503968"
"100757972","2023665021","0.403968"
"2023665021","100757972","0.403968"
"100757972","2057801586","0.111111"
"2057801586","100757972","0.111111"
"100757972","2223530586","0.177778"
"2223530586","100757972","0.177778"
"100757972","2548301753","0.111111"
"2548301753","100757972","0.111111"
"100757972","2804909289","0.111111"
"2804909289","100757972","0.111111"
"100757972","41027633","0.361111"
"41027633","100757972","0.361111"
"132715318","1766320474","0.111111"
"1766320474","132715318","0.111111"
"132715318","2005563599","2.50758"
"2005563599","132715318","2.50758"
"132715318","2023665021","2.41581"
"2023665021","132715318","2.41581"
"132715318","2057801586","0.939261"
"2057801586","132715318","0.939261"
"132715318","2223530586","1.90599"
"2223530586","132715318","1.90599"
"132715318","2548301753","1.97222"
"2548301753","132715318","1.97222"
"132715318","2804909289","0.111111"
"2804909289","132715318","0.111111"
"132715318","41027633","0.611111"
"41027633","132715318","0.611111"
"1766320474","2005563599","0.111111"
"2005563599","1766320474","0.111111"
"1766320474","2023665021","0.111111"
"2023665021","1766320474","0.111111"
"1766320474","2057801586","0.111111"
"2057801586","1766320474","0.111111"
"1766320474","2223530586","1.11111"
"2223530586","1766320474","1.11111"
"1766320474","2548301753","0.811111"
"2548301753","1766320474","0.811111"
"1766320474","2804909289","0.111111"
"2804909289","1766320474","0.111111"
"1766320474","41027633","0.111111"
"41027633","1766320474","0.111111"
"2005563599","2023665021","3.60794"
"2023665021","2005563599","3.60794"
"2005563599","2057801586","2.42424"
"2057801586","2005563599","2.42424"
"2005563599","2223530586","1.03535"
"2223530586","2005563599","1.03535"
"2005563599","2548301753","0.222222"
"2548301753","2005563599","0.222222"
"2005563599","2804909289","0.111111"
"2804909289","2005563599","0.111111"
"2005563599","41027633","1.69444"
"41027633","2005563599","1.69444"
"2023665021","2057801586","0.499145"
"2057801586","2023665021","0.499145"
"2023665021","2223530586","0.177778"
"2223530586","2023665021","0.177778"
"2023665021","2548301753","1.11111"
"2548301753","2023665021","1.11111"
"2023665021","2804909289","0.111111"
"2804909289","2023665021","0.111111"
"2023665021","41027633","0.111111"
"41027633","2023665021","0.111111"
"2057801586","2223530586","0.20202"
"2223530586","2057801586","0.20202"
"2057801586","2548301753","0.222222"
"2548301753","2057801586","0.222222"
"2057801586","2804909289","0.111111"
"2804909289","2057801586","0.111111"
"2057801586","41027633","0.111111"
"41027633","2057801586","0.111111"
"2223530586","2548301753","0.694444"
"2548301753","2223530586","0.694444"
"2223530586","2804909289","0.111111"
"2804909289","2223530586","0.111111"
"2223530586","41027633","0.444444"
"41027633","2223530586","0.444444"
"2548301753","2804909289","1.95202"
"2804909289","2548301753","1.95202"
"2548301753","41027633","1.11111"
"41027633","2548301753","1.11111"
"2804909289","41027633","0.111111"
"41027633","2804909289","0.111111"
"100757972","1503205402","2.29286"
"1503205402","100757972","2.29286"
"100757972","1510478188","0.0666667"
"1510478188","100757972","0.0666667"
"100757972","2007701040","0.0666667"
"2007701040","100757972","0.0666667"
"100757972","2032541838","0.0666667"
"2032541838","100757972","0.0666667"
"100757972","2082065596","0.542857"
"2082065596","100757972","0.542857"
"100757972","2104424090","0.459524"
"2104424090","100757972","0.459524"
"100757972","2135431835","0.15"
"2135431835","100757972","0.15"
"100757972","2154716737","0.15"
"2154716737","100757972","0.15"
"100757972","2212007970","0.0666667"
"2212007970","100757972","0.0666667"
"100757972","9528002","0.0666667"
"9528002","100757972","0.0666667"
"1503205402","1510478188","0.867832"
"1510478188","1503205402","0.867832"
"1503205402","1569566369","1.76667"
"1569566369","1503205402","1.76667"
"1503205402","2007701040","0.867832"
"2007701040","1503205402","0.867832"
"1503205402","2023665021","1.61422"
"2023665021","1503205402","1.61422"
"1503205402","2032541838","0.0666667"
"2032541838","1503205402","0.0666667"
"1503205402","2082065596","2.69756"
"2082065596","1503205402","2.69756"
"1503205402","2088401554","0.209524"
"2088401554","1503205402","0.209524"
"1503205402","2104424090","0.37619"
"2104424090","1503205402","0.37619"
"1503205402","2135431835","0.15"
"2135431835","1503205402","0.15"
"1503205402","2154716737","1.45"
"2154716737","1503205402","1.45"
"1503205402","2212007970","1.19561"
"2212007970","1503205402","1.19561"
"1503205402","2223530586","0.357576"
"2223530586","1503205402","0.357576"
"1503205402","29966192","0.4"
"29966192","1503205402","0.4"
"1503205402","9528002","0.0666667"
"9528002","1503205402","0.0666667"
"1510478188","1569566369","0.0666667"
"1569566369","1510478188","0.0666667"
"1510478188","2007701040","7.17736"
"2007701040","1510478188","7.17736"
"1510478188","2023665021","1.19359"
"2023665021","1510478188","1.19359"
"1510478188","2032541838","0.233333"
"2032541838","1510478188","0.233333"
"1510478188","2082065596","0.776923"
"2082065596","1510478188","0.776923"
"1510478188","2088401554","0.716667"
"2088401554","1510478188","0.716667"
"1510478188","2104424090","0.166667"
"2104424090","1510478188","0.166667"
"1510478188","2135431835","0.209524"
"2135431835","1510478188","0.209524"
"1510478188","2154716737","1.5"
"2154716737","1510478188","1.5"
"1510478188","2212007970","0.834499"
"2212007970","1510478188","0.834499"
"1510478188","2223530586","0.157576"
"2223530586","1510478188","0.157576"
"1510478188","29966192","0.0666667"
"29966192","1510478188","0.0666667"
"1510478188","9528002","0.0666667"
"9528002","1510478188","0.0666667"
"1569566369","2007701040","0.0666667"
"2007701040","1569566369","0.0666667"
"1569566369","2023665021","0.15"
"2023665021","1569566369","0.15"
"1569566369","2032541838","0.0666667"
"2032541838","1569566369","0.0666667"
"1569566369","2082065596","0.0666667"
"2082065596","1569566369","0.0666667"
"1569566369","2104424090","0.15"
"2104424090","1569566369","0.15"
"1569566369","2135431835","0.0666667"
"2135431835","1569566369","0.0666667"
"1569566369","2154716737","0.266667"
"2154716737","1569566369","0.266667"
"1569566369","2212007970","0.0666667"
"2212007970","1569566369","0.0666667"
"1569566369","2223530586","0.266667"
"2223530586","1569566369","0.266667"
"1569566369","9528002","0.157576"
"9528002","1569566369","0.157576"
"2007701040","2023665021","1.19359"
"2023665021","2007701040","1.19359"
"2007701040","2032541838","0.233333"
"2032541838","2007701040","0.233333"
"2007701040","2082065596","0.776923"
"2082065596","2007701040","0.776923"
"2007701040","2088401554","0.716667"
"2088401554","2007701040","0.716667"
"2007701040","2104424090","0.166667"
"2104424090","2007701040","0.166667"
"2007701040","2135431835","0.209524"
"2135431835","2007701040","0.209524"
"2007701040","2154716737","1.5"
"2154716737","2007701040","1.5"
"2007701040","2212007970","0.834499"
"2212007970","2007701040","0.834499"
"2007701040","2223530586","0.157576"
"2223530586","2007701040","0.157576"
"2007701040","29966192","0.0666667"
"29966192","2007701040","0.0666667"
"2007701040","9528002","0.0666667"
"9528002","2007701040","0.0666667"
"2023665021","2032541838","0.0666667"
"2032541838","2023665021","0.0666667"
"2023665021","2082065596","1.81422"
"2082065596","2023665021","1.81422"
"2023665021","2088401554","0.459524"
"2088401554","2023665021","0.459524"
"2023665021","2104424090","0.692857"
"2104424090","2023665021","0.692857"
"2023665021","2135431835","0.15"
"2135431835","2023665021","0.15"
"2023665021","2154716737","0.45"
"2154716737","2023665021","0.45"
"2023665021","2212007970","0.604701"
"2212007970","2023665021","0.604701"
"2023665021","29966192","0.0666667"
"29966192","2023665021","0.0666667"
"2023665021","9528002","0.209524"
"9528002","2023665021","0.209524"
"2032541838","2082065596","0.0666667"
"2082065596","2032541838","0.0666667"
"2032541838","2088401554","0.0666667"
"2088401554","2032541838","0.0666667"
"2032541838","2104424090","0.4"
"2104424090","2032541838","0.4"
"2032541838","2135431835","0.542857"
"2135431835","2032541838","0.542857"
"2032541838","2154716737","0.566667"
"2154716737","2032541838","0.566667"
"2032541838","2212007970","0.0666667"
"2212007970","2032541838","0.0666667"
"2032541838","2223530586","0.0666667"
"2223530586","2032541838","0.0666667"
"2032541838","29966192","0.0666667"
"29966192","2032541838","0.0666667"
"2032541838","9528002","0.0666667"
"9528002","2032541838","0.0666667"
"2082065596","2088401554","0.209524"
"2088401554","2082065596","0.209524"
"2082065596","2104424090","0.659524"
"2104424090","2082065596","0.659524"
"2082065596","2135431835","0.15"
"2135431835","2082065596","0.15"
"2082065596","2154716737","1.45"
"2154716737","2082065596","1.45"
"2082065596","2212007970","0.854701"
"2212007970","2082065596","0.854701"
"2082065596","2223530586","0.566667"
"2223530586","2082065596","0.566667"
"2082065596","29966192","0.0666667"
"29966192","2082065596","0.0666667"
"2082065596","9528002","0.566667"
"9528002","2082065596","0.566667"
"2088401554","2104424090","0.709524"
"2104424090","2088401554","0.709524"
"2088401554","2135431835","0.0666667"
"2135431835","2088401554","0.0666667"
"2088401554","2154716737","0.133333"
"2154716737","2088401554","0.133333"
"2088401554","2212007970","0.9"
"2212007970","2088401554","0.9"
"2088401554","2223530586","0.566667"
"2223530586","2088401554","0.566667"
"2088401554","9528002","0.824242"
"9528002","2088401554","0.824242"
"2104424090","2135431835","0.138095"
"2135431835","2104424090","0.138095"
"2104424090","2154716737","1.36667"
"2154716737","2104424090","1.36667"
"2104424090","2212007970","0.566667"
"2212007970","2104424090","0.566667"
"2104424090","2223530586","0.261111"
"2223530586","2104424090","0.261111"
"2104424090","29966192","1.56667"
"29966192","2104424090","1.56667"
"2104424090","9528002","1.06667"
"9528002","2104424090","1.06667"
"2135431835","2154716737","0.483333"
"2154716737","2135431835","0.483333"
"2135431835","2212007970","0.0666667"
"2212007970","2135431835","0.0666667"
"2135431835","2223530586","0.0666667"
"2223530586","2135431835","0.0666667"
"2135431835","29966192","0.0666667"
"29966192","2135431835","0.0666667"
"2135431835","9528002","0.0666667"
"9528002","2135431835","0.0666667"
"2154716737","2212007970","0.166667"
"2212007970","2154716737","0.166667"
"2154716737","2223530586","0.266667"
"2223530586","2154716737","0.266667"
"2154716737","29966192","0.0666667"
"29966192","2154716737","0.0666667"
"2154716737","9528002","0.0666667"
"9528002","2154716737","0.0666667"
"2212007970","2223530586","0.157576"
"2223530586","2212007970","0.157576"
"2212007970","29966192","0.0666667"
"29966192","2212007970","0.0666667"
"2212007970","9528002","0.4"
"9528002","2212007970","0.4"
"2223530586","29966192","0.0666667"
"29966192","2223530586","0.0666667"
"2223530586","9528002","0.0666667"
"9528002","2223530586","0.0666667"
"29966192","9528002","0.490909"
"9528002","29966192","0.490909"
"2005563599","2082065596","5.9373"
"2082065596","2005563599","5.9373"
"2005563599","2104424090","0.642857"
"2104424090","2005563599","0.642857"
"2082065596","41027633","0.25"
"41027633","2082065596","0.25"
"2104424090","41027633","0.25"
"41027633","2104424090","0.25"
"100757972","2471193380","0.142857"
"2471193380","100757972","0.142857"
"1503205402","2005563599","2.77821"
"2005563599","1503205402","2.77821"
"1503205402","2471193380","0.142857"
"2471193380","1503205402","0.142857"
"2005563599","2088401554","1.47619"
"2088401554","2005563599","1.47619"
"2005563599","2471193380","0.253968"
"2471193380","2005563599","0.253968"
"2023665021","2471193380","0.22619"
"2471193380","2023665021","0.22619"
"2082065596","2471193380","0.142857"
"2471193380","2082065596","0.142857"
"2088401554","2471193380","0.142857"
"2471193380","2088401554","0.142857"
"2104424090","2471193380","3.00595"
"2471193380","2104424090","3.00595"
"100757972","1501045749","0.0833333"
"1501045749","100757972","0.0833333"
"100757972","1965987469","0.0833333"
"1965987469","100757972","0.0833333"
"100757972","2012870018","0.0833333"
"2012870018","100757972","0.0833333"
"100757972","2072617587","0.0833333"
"2072617587","100757972","0.0833333"
"100757972","2148338187","0.0833333"
"2148338187","100757972","0.0833333"
"100757972","2437806983","0.0833333"
"2437806983","100757972","0.0833333"
"132715318","1501045749","0.742063"
"1501045749","132715318","0.742063"
"132715318","1503205402","3.06228"
"1503205402","132715318","3.06228"
"132715318","1965987469","3.01234"
"1965987469","132715318","3.01234"
"132715318","2012870018","0.818987"
"2012870018","132715318","0.818987"
"132715318","2072617587","5.59676"
"2072617587","132715318","5.59676"
"132715318","2082065596","0.521368"
"2082065596","132715318","0.521368"
"132715318","2135431835","0.547619"
"2135431835","132715318","0.547619"
"132715318","2148338187","0.25"
"2148338187","132715318","0.25"
"132715318","2154716737","0.45"
"2154716737","132715318","0.45"
"132715318","2437806983","1.35317"
"2437806983","132715318","1.35317"
"1501045749","1503205402","0.0833333"
"1503205402","1501045749","0.0833333"
"1501045749","1965987469","2.59206"
"1965987469","1501045749","2.59206"
"1501045749","2012870018","0.154762"
"2012870018","1501045749","0.154762"
"1501045749","2023665021","0.0833333"
"2023665021","1501045749","0.0833333"
"1501045749","2072617587","1.15873"
"2072617587","1501045749","1.15873"
"1501045749","2082065596","0.416667"
"2082065596","1501045749","0.416667"
"1501045749","2135431835","0.77381"
"2135431835","1501045749","0.77381"
"1501045749","2148338187","0.0833333"
"2148338187","1501045749","0.0833333"
"1501045749","2154716737","0.75"
"2154716737","1501045749","0.75"
"1501045749","2437806983","1.30159"
"2437806983","1501045749","1.30159"
"1503205402","1965987469","0.174242"
"1965987469","1503205402","0.174242"
"1503205402","2012870018","0.160256"
"2012870018","1503205402","0.160256"
"1503205402","2072617587","0.576923"
"2072617587","1503205402","0.576923"
"1503205402","2148338187","0.0833333"
"2148338187","1503205402","0.0833333"
"1503205402","2437806983","0.183333"
"2437806983","1503205402","0.183333"
"1965987469","2012870018","0.265873"
"2012870018","1965987469","0.265873"
"1965987469","2023665021","0.0833333"
"2023665021","1965987469","0.0833333"
"1965987469","2072617587","1.39365"
"2072617587","1965987469","1.39365"
"1965987469","2082065596","0.416667"
"2082065596","1965987469","0.416667"
"1965987469","2135431835","0.297619"
"2135431835","1965987469","0.297619"
"1965987469","2148338187","0.0833333"
"2148338187","1965987469","0.0833333"
"1965987469","2154716737","1.85"
"2154716737","1965987469","1.85"
"1965987469","2437806983","2.36984"
"2437806983","1965987469","2.36984"
"2012870018","2023665021","0.24359"
"2023665021","2012870018","0.24359"
"2012870018","2072617587","0.551129"
"2072617587","2012870018","0.551129"
"2012870018","2082065596","0.160256"
"2082065596","2012870018","0.160256"
"2012870018","2135431835","0.404762"
"2135431835","2012870018","0.404762"
"2012870018","2148338187","0.194444"
"2148338187","2012870018","0.194444"
"2012870018","2154716737","0.0833333"
"2154716737","2012870018","0.0833333"
"2012870018","2437806983","0.265873"
"2437806983","2012870018","0.265873"
"2023665021","2072617587","0.24359"
"2072617587","2023665021","0.24359"
"2023665021","2148338187","0.0833333"
"2148338187","2023665021","0.0833333"
"2023665021","2437806983","0.183333"
"2437806983","2023665021","0.183333"
"2072617587","2082065596","0.410256"
"2082065596","2072617587","0.410256"
"2072617587","2135431835","0.630952"
"2135431835","2072617587","0.630952"
"2072617587","2148338187","0.25"
"2148338187","2072617587","0.25"
"2072617587","2154716737","0.25"
"2154716737","2072617587","0.25"
"2072617587","2437806983","0.936508"
"2437806983","2072617587","0.936508"
"2082065596","2148338187","0.0833333"
"2148338187","2082065596","0.0833333"
"2082065596","2437806983","0.183333"
"2437806983","2082065596","0.183333"
"2135431835","2148338187","2.08333"
"2148338187","2135431835","2.08333"
"2135431835","2437806983","0.440476"
"2437806983","2135431835","0.440476"
"2148338187","2154716737","0.0833333"
"2154716737","2148338187","0.0833333"
"2148338187","2437806983","0.0833333"
"2437806983","2148338187","0.0833333"
"2154716737","2437806983","0.35"
"2437806983","2154716737","0.35"
"132715318","153454342","0.214286"
"153454342","132715318","0.214286"
"132715318","2042170119","0.142857"
"2042170119","132715318","0.142857"
"132715318","207939054","0.142857"
"207939054","132715318","0.142857"
"132715318","2093085958","0.96978"
"2093085958","132715318","0.96978"
"132715318","2749756737","0.392857"
"2749756737","132715318","0.392857"
"153454342","2012870018","0.968254"
"2012870018","153454342","0.968254"
"153454342","2042170119","0.452381"
"2042170119","153454342","0.452381"
"153454342","207939054","0.253968"
"207939054","153454342","0.253968"
"153454342","2093085958","0.642857"
"2093085958","153454342","0.642857"
"153454342","2223530586","0.142857"
"2223530586","153454342","0.142857"
"153454342","2749756737","0.420635"
"2749756737","153454342","0.420635"
"2012870018","2042170119","1.20238"
"2042170119","2012870018","1.20238"
"2012870018","207939054","3.42063"
"207939054","2012870018","3.42063"
"2012870018","2093085958","2.46978"
"2093085958","2012870018","2.46978"
"2012870018","2223530586","0.503968"
"2223530586","2012870018","0.503968"
"2012870018","2749756737","0.670635"
"2749756737","2012870018","0.670635"
"2042170119","207939054","0.309524"
"207939054","2042170119","0.309524"
"2042170119","2093085958","4.8171"
"2093085958","2042170119","4.8171"
"2042170119","2223530586","0.392857"
"2223530586","2042170119","0.392857"
"2042170119","2749756737","4.72619"
"2749756737","2042170119","4.72619"
"207939054","2093085958","0.142857"
"2093085958","207939054","0.142857"
"207939054","2223530586","0.142857"
"2223530586","207939054","0.142857"
"207939054","2749756737","0.253968"
"2749756737","207939054","0.253968"
"2093085958","2223530586","0.392857"
"2223530586","2093085958","0.392857"
"2093085958","2749756737","1.30952"
"2749756737","2093085958","1.30952"
"2223530586","2749756737","0.142857"
"2749756737","2223530586","0.142857"
"132715318","1587578029","2.34012"
"1587578029","132715318","2.34012"
"1587578029","2437806983","8.5754"
"2437806983","1587578029","8.5754"
"132715318","2327155945","0.326923"
"2327155945","132715318","0.326923"
"2012870018","2327155945","0.604701"
"2327155945","2012870018","0.604701"
"2135431835","2327155945","0.25"
"2327155945","2135431835","0.25"
"2135431835","2749756737","0.25"
"2749756737","2135431835","0.25"
"2327155945","2749756737","0.361111"
"2749756737","2327155945","0.361111"
"132715318","1544385881","4.11508"
"1544385881","132715318","4.11508"
"132715318","177143665","0.786447"
"177143665","132715318","0.786447"
"132715318","2104424090","5.84921"
"2104424090","132715318","5.84921"
"132715318","36298963","0.277778"
"36298963","132715318","0.277778"
"1544385881","177143665","1.25397"
"177143665","1544385881","1.25397"
"1544385881","1965987469","0.472222"
"1965987469","1544385881","0.472222"
"1544385881","2012870018","0.111111"
"2012870018","1544385881","0.111111"
"1544385881","2072617587","0.948413"
"2072617587","1544385881","0.948413"
"1544385881","2104424090","0.694444"
"2104424090","1544385881","0.694444"
"1544385881","2223530586","0.194444"
"2223530586","1544385881","0.194444"
"1544385881","2437806983","0.615079"
"2437806983","1544385881","0.615079"
"1544385881","36298963","0.277778"
"36298963","1544385881","0.277778"
"177143665","1965987469","0.222222"
"1965987469","177143665","0.222222"
"177143665","2012870018","7.58089"
"2012870018","177143665","7.58089"
"177143665","2072617587","0.564225"
"2072617587","177143665","0.564225"
"177143665","2104424090","0.420635"
"2104424090","177143665","0.420635"
"177143665","2223530586","0.361111"
"2223530586","177143665","0.361111"
"177143665","2437806983","0.320635"
"2437806983","177143665","0.320635"
"177143665","36298963","0.111111"
"36298963","177143665","0.111111"
"1965987469","2104424090","1.19921"
"2104424090","1965987469","1.19921"
"1965987469","2223530586","0.285354"
"2223530586","1965987469","0.285354"
"1965987469","36298963","0.444444"
"36298963","1965987469","0.444444"
"2012870018","2104424090","0.53373"
"2104424090","2012870018","0.53373"
"2012870018","36298963","0.111111"
"36298963","2012870018","0.111111"
"2072617587","2104424090","8.65754"
"2104424090","2072617587","8.65754"
"2072617587","2223530586","1.19444"
"2223530586","2072617587","1.19444"
"2072617587","36298963","0.611111"
"36298963","2072617587","0.611111"
"2104424090","2437806983","0.53254"
"2437806983","2104424090","0.53254"
"2104424090","36298963","0.611111"
"36298963","2104424090","0.611111"
"2223530586","2437806983","0.194444"
"2437806983","2223530586","0.194444"
"2223530586","36298963","0.111111"
"36298963","2223530586","0.111111"
"2437806983","36298963","0.277778"
"36298963","2437806983","0.277778"
"132715318","2883157754","1.58333"
"2883157754","132715318","1.58333"
"2223530586","2883157754","0.5"
"2883157754","2223530586","0.5"
"132715318","2471193380","2.18254"
"2471193380","132715318","2.18254"
"132715318","2588426751","0.833333"
"2588426751","132715318","0.833333"
"2471193380","2588426751","1.83258"
"2588426751","2471193380","1.83258"
"2471193380","2883157754","2.975"
"2883157754","2471193380","2.975"
"2588426751","2883157754","3.74167"
"2883157754","2588426751","3.74167"
"132715318","1669622298","1"
"1669622298","132715318","1"
"132715318","2251609249","0.583333"
"2251609249","132715318","0.583333"
"1544385881","2251609249","0.25"
"2251609249","1544385881","0.25"
"1544385881","2548301753","0.666667"
"2548301753","1544385881","0.666667"
"1544385881","2883157754","0.25"
"2883157754","1544385881","0.25"
"2251609249","2548301753","0.25"
"2548301753","2251609249","0.25"
"2251609249","2883157754","2.78333"
"2883157754","2251609249","2.78333"
"2548301753","2883157754","0.575"
"2883157754","2548301753","0.575"
"132715318","2124754463","0.666667"
"2124754463","132715318","0.666667"
"132715318","2167019141","4.61667"
"2167019141","132715318","4.61667"
"132715318","3024119625","0.25"
"3024119625","132715318","0.25"
"1503205402","2124754463","0.166667"
"2124754463","1503205402","0.166667"
"1503205402","2167019141","0.166667"
"2167019141","1503205402","0.166667"
"1503205402","3024119625","0.366667"
"3024119625","1503205402","0.366667"
"2072617587","2124754463","0.166667"
"2124754463","2072617587","0.166667"
"2072617587","2167019141","2.33333"
"2167019141","2072617587","2.33333"
"2072617587","3024119625","0.25"
"3024119625","2072617587","0.25"
"2104424090","2124754463","0.666667"
"2124754463","2104424090","0.666667"
"2104424090","2167019141","3.56667"
"2167019141","2104424090","3.56667"
"2104424090","3024119625","0.75"
"3024119625","2104424090","0.75"
"2124754463","2167019141","0.166667"
"2167019141","2124754463","0.166667"
"2124754463","3024119625","0.277778"
"3024119625","2124754463","0.277778"
"2167019141","3024119625","1.5"
"3024119625","2167019141","1.5"
"132715318","1569566369","0.783333"
"1569566369","132715318","0.783333"
"132715318","2143900517","0.0833333"
"2143900517","132715318","0.0833333"
"132715318","2275478279","0.783333"
"2275478279","132715318","0.783333"
"132715318","2567635461","0.283333"
"2567635461","132715318","0.283333"
"132715318","3024130939","0.733333"
"3024130939","132715318","0.733333"
"1569566369","2012870018","0.0833333"
"2012870018","1569566369","0.0833333"
"1569566369","2072617587","1.08333"
"2072617587","1569566369","1.08333"
"1569566369","2143900517","0.174242"
"2143900517","1569566369","0.174242"
"1569566369","2167019141","0.0833333"
"2167019141","1569566369","0.0833333"
"1569566369","2275478279","0.174242"
"2275478279","1569566369","0.174242"
"1569566369","2471193380","0.0833333"
"2471193380","1569566369","0.0833333"
"1569566369","2567635461","0.174242"
"2567635461","1569566369","0.174242"
"1569566369","3024119625","0.0833333"
"3024119625","1569566369","0.0833333"
"1569566369","3024130939","0.0833333"
"3024130939","1569566369","0.0833333"
"2012870018","2143900517","0.0833333"
"2143900517","2012870018","0.0833333"
"2012870018","2167019141","0.25"
"2167019141","2012870018","0.25"
"2012870018","2275478279","0.208333"
"2275478279","2012870018","0.208333"
"2012870018","2471193380","1.39087"
"2471193380","2012870018","1.39087"
"2012870018","2567635461","0.208333"
"2567635461","2012870018","0.208333"
"2012870018","3024119625","0.25"
"3024119625","2012870018","0.25"
"2012870018","3024130939","0.208333"
"3024130939","2012870018","0.208333"
"2023665021","2143900517","0.0833333"
"2143900517","2023665021","0.0833333"
"2023665021","2167019141","0.87619"
"2167019141","2023665021","0.87619"
"2023665021","2275478279","0.22619"
"2275478279","2023665021","0.22619"
"2023665021","2567635461","0.22619"
"2567635461","2023665021","0.22619"
"2023665021","3024119625","0.283333"
"3024119625","2023665021","0.283333"
"2023665021","3024130939","0.616667"
"3024130939","2023665021","0.616667"
"2072617587","2143900517","0.166667"
"2143900517","2072617587","0.166667"
"2072617587","2275478279","0.208333"
"2275478279","2072617587","0.208333"
"2072617587","2471193380","0.529762"
"2471193380","2072617587","0.529762"
"2072617587","2567635461","0.208333"
"2567635461","2072617587","0.208333"
"2072617587","3024130939","0.208333"
"3024130939","2072617587","0.208333"
"2104424090","2143900517","2.66667"
"2143900517","2104424090","2.66667"
"2104424090","2275478279","1.325"
"2275478279","2104424090","1.325"
"2104424090","2567635461","1.075"
"2567635461","2104424090","1.075"
"2104424090","3024130939","0.608333"
"3024130939","2104424090","0.608333"
"2143900517","2167019141","0.416667"
"2167019141","2143900517","0.416667"
"2143900517","2275478279","1.17424"
"2275478279","2143900517","1.17424"
"2143900517","2471193380","0.416667"
"2471193380","2143900517","0.416667"
"2143900517","2567635461","1.17424"
"2567635461","2143900517","1.17424"
"2143900517","3024119625","0.22619"
"3024119625","2143900517","0.22619"
"2143900517","3024130939","0.0833333"
"3024130939","2143900517","0.0833333"
"2167019141","2275478279","1.05952"
"2275478279","2167019141","1.05952"
"2167019141","2471193380","0.583333"
"2471193380","2167019141","0.583333"
"2167019141","2567635461","1.55952"
"2567635461","2167019141","1.55952"
"2167019141","3024130939","0.533333"
"3024130939","2167019141","0.533333"
"2275478279","2471193380","0.208333"
"2471193380","2275478279","0.208333"
"2275478279","2567635461","9.1421"
"2567635461","2275478279","9.1421"
"2275478279","3024119625","0.833333"
"3024119625","2275478279","0.833333"
"2275478279","3024130939","0.908333"
"3024130939","2275478279","0.908333"
"2471193380","2567635461","1.19444"
"2567635461","2471193380","1.19444"
"2471193380","3024119625","3.46111"
"3024119625","2471193380","3.46111"
"2471193380","3024130939","0.208333"
"3024130939","2471193380","0.208333"
"2567635461","3024119625","4.86111"
"3024119625","2567635461","4.86111"
"2567635461","3024130939","0.408333"
"3024130939","2567635461","0.408333"
"3024119625","3024130939","0.583333"
"3024130939","3024119625","0.583333"
"132715318","2007626355","1.55476"
"2007626355","132715318","1.55476"
"2007626355","2167019141","0.45"
"2167019141","2007626355","0.45"
"2007626355","2223530586","0.333333"
"2223530586","2007626355","0.333333"
"2007626355","3024130939","0.375"
"3024130939","2007626355","0.375"
"2167019141","2223530586","0.25"
"2223530586","2167019141","0.25"
"2223530586","3024130939","2.75"
"3024130939","2223530586","2.75"
"1587578029","2548301753","1.17424"
"2548301753","1587578029","1.17424"
"132715318","2135357356","0.571429"
"2135357356","132715318","0.571429"
"132715318","92963860","1.04365"
"92963860","132715318","1.04365"
"1501045749","153454342","0.0714286"
"153454342","1501045749","0.0714286"
"1501045749","1587578029","0.475397"
"1587578029","1501045749","0.475397"
"1501045749","2007626355","0.499206"
"2007626355","1501045749","0.499206"
"1501045749","2057801586","0.380952"
"2057801586","1501045749","0.380952"
"1501045749","2104424090","0.421429"
"2104424090","1501045749","0.421429"
"1501045749","2135357356","0.0714286"
"2135357356","1501045749","0.0714286"
"1501045749","2471193380","0.0714286"
"2471193380","1501045749","0.0714286"
"1501045749","92963860","1.09921"
"92963860","1501045749","1.09921"
"153454342","1587578029","0.0714286"
"1587578029","153454342","0.0714286"
"153454342","1965987469","0.0714286"
"1965987469","153454342","0.0714286"
"153454342","2007626355","0.325397"
"2007626355","153454342","0.325397"
"153454342","2057801586","0.0714286"
"2057801586","153454342","0.0714286"
"153454342","2072617587","0.0714286"
"2072617587","153454342","0.0714286"
"153454342","2104424090","1.21429"
"2104424090","153454342","1.21429"
"153454342","2135357356","0.0714286"
"2135357356","153454342","0.0714286"
"153454342","2135431835","0.0714286"
"2135431835","153454342","0.0714286"
"153454342","2437806983","0.0714286"
"2437806983","153454342","0.0714286"
"153454342","2471193380","0.18254"
"2471193380","153454342","0.18254"
"153454342","92963860","0.0714286"
"92963860","153454342","0.0714286"
"1587578029","1965987469","0.499639"
"1965987469","1587578029","0.499639"
"1587578029","2007626355","0.33254"
"2007626355","1587578029","0.33254"
"1587578029","2012870018","0.0714286"
"2012870018","1587578029","0.0714286"
"1587578029","2057801586","0.371861"
"2057801586","1587578029","0.371861"
"1587578029","2072617587","0.33254"
"2072617587","1587578029","0.33254"
"1587578029","2104424090","0.354762"
"2104424090","1587578029","0.354762"
"1587578029","2135357356","0.571429"
"2135357356","1587578029","0.571429"
"1587578029","2135431835","0.214286"
"2135431835","1587578029","0.214286"
"1587578029","2471193380","0.0714286"
"2471193380","1587578029","0.0714286"
"1587578029","92963860","0.33254"
"92963860","1587578029","0.33254"
"1965987469","2007626355","0.710317"
"2007626355","1965987469","0.710317"
"1965987469","2057801586","0.516306"
"2057801586","1965987469","0.516306"
"1965987469","2135357356","0.0714286"
"2135357356","1965987469","0.0714286"
"1965987469","2471193380","0.18254"
"2471193380","1965987469","0.18254"
"1965987469","92963860","1.03254"
"92963860","1965987469","1.03254"
"2007626355","2012870018","0.450397"
"2012870018","2007626355","0.450397"
"2007626355","2057801586","1.36032"
"2057801586","2007626355","1.36032"
"2007626355","2072617587","1.79087"
"2072617587","2007626355","1.79087"
"2007626355","2104424090","0.755952"
"2104424090","2007626355","0.755952"
"2007626355","2135357356","0.0714286"
"2135357356","2007626355","0.0714286"
"2007626355","2135431835","0.0714286"
"2135431835","2007626355","0.0714286"
"2007626355","2437806983","1.33254"
"2437806983","2007626355","1.33254"
"2007626355","2471193380","1.50956"
"2471193380","2007626355","1.50956"
"2007626355","92963860","4.27698"
"92963860","2007626355","4.27698"
"2012870018","2057801586","0.148352"
"2057801586","2012870018","0.148352"
"2012870018","2135357356","0.0714286"
"2135357356","2012870018","0.0714286"
"2012870018","92963860","0.0714286"
"92963860","2012870018","0.0714286"
"2057801586","2072617587","1.56502"
"2072617587","2057801586","1.56502"
"2057801586","2104424090","0.371429"
"2104424090","2057801586","0.371429"
"2057801586","2135357356","0.0714286"
"2135357356","2057801586","0.0714286"
"2057801586","2135431835","1.21429"
"2135431835","2057801586","1.21429"
"2057801586","2437806983","0.380952"
"2437806983","2057801586","0.380952"
"2057801586","2471193380","0.18254"
"2471193380","2057801586","0.18254"
"2057801586","92963860","0.349206"
"92963860","2057801586","0.349206"
"2072617587","2135357356","0.0714286"
"2135357356","2072617587","0.0714286"
"2072617587","92963860","1.26587"
"92963860","2072617587","1.26587"
"2104424090","2135357356","0.0714286"
"2135357356","2104424090","0.0714286"
"2104424090","92963860","0.588095"
"92963860","2104424090","0.588095"
"2135357356","2135431835","0.0714286"
"2135431835","2135357356","0.0714286"
"2135357356","2437806983","0.0714286"
"2437806983","2135357356","0.0714286"
"2135357356","2471193380","0.0714286"
"2471193380","2135357356","0.0714286"
"2135357356","92963860","0.0714286"
"92963860","2135357356","0.0714286"
"2135431835","2471193380","0.0714286"
"2471193380","2135431835","0.0714286"
"2135431835","92963860","0.0714286"
"92963860","2135431835","0.0714286"
"2437806983","2471193380","0.0714286"
"2471193380","2437806983","0.0714286"
"2437806983","92963860","0.43254"
"92963860","2437806983","0.43254"
"2471193380","92963860","0.0714286"
"92963860","2471193380","0.0714286"
"132715318","2187036766","0.533333"
"2187036766","132715318","0.533333"
"1503205402","2187036766","0.2"
"2187036766","1503205402","0.2"
"1569566369","2187036766","0.2"
"2187036766","1569566369","0.2"
"2154716737","2187036766","0.2"
"2187036766","2154716737","0.2"
"2187036766","2223530586","0.2"
"2223530586","2187036766","0.2"
"2135357356","41027633","0.5"
"41027633","2135357356","0.5"
"132715318","2032541838","0.142857"
"2032541838","132715318","0.142857"
"1501045749","1544385881","0.670635"
"1544385881","1501045749","0.670635"
"1501045749","177143665","0.209524"
"177143665","1501045749","0.209524"
"1501045749","2032541838","0.142857"
"2032541838","1501045749","0.142857"
"1544385881","2032541838","0.142857"
"2032541838","1544385881","0.142857"
"1544385881","2135431835","0.47619"
"2135431835","1544385881","0.47619"
"177143665","2032541838","0.142857"
"2032541838","177143665","0.142857"
"177143665","2135431835","0.142857"
"2135431835","177143665","0.142857"
"2032541838","2072617587","0.47619"
"2072617587","2032541838","0.47619"
"2032541838","2437806983","0.142857"
"2437806983","2032541838","0.142857"
"132715318","2088401554","1.56667"
"2088401554","132715318","1.56667"
"132715318","2212007970","1.52894"
"2212007970","132715318","1.52894"
"1503205402","2093085958","0.326923"
"2093085958","1503205402","0.326923"
"1503205402","92963860","0.361111"
"92963860","1503205402","0.361111"
"2093085958","2212007970","0.326923"
"2212007970","2093085958","0.326923"
"2093085958","92963860","0.25"
"92963860","2093085958","0.25"
"2212007970","92963860","0.361111"
"92963860","2212007970","0.361111"
"177143665","2007626355","0.798413"
"2007626355","177143665","0.798413"
"177143665","2148338187","0.166667"
"2148338187","177143665","0.166667"
"177143665","92963860","0.344444"
"92963860","177143665","0.344444"
"2007626355","2148338187","0.368687"
"2148338187","2007626355","0.368687"
"2104424090","2148338187","0.166667"
"2148338187","2104424090","0.166667"
"2148338187","92963860","0.166667"
"92963860","2148338187","0.166667"
"132715318","1510478188","0.834499"
"1510478188","132715318","0.834499"
"132715318","2007701040","0.834499"
"2007701040","132715318","0.834499"
"132715318","1571196823","0.167832"
"1571196823","132715318","0.167832"
"132715318","1987088513","0.0909091"
"1987088513","132715318","0.0909091"
"1503205402","1571196823","0.267832"
"1571196823","1503205402","0.267832"
"1503205402","1587578029","0.190909"
"1587578029","1503205402","0.190909"
"1503205402","1987088513","0.0909091"
"1987088513","1503205402","0.0909091"
"1503205402","2057801586","0.528943"
"2057801586","1503205402","0.528943"
"1510478188","1571196823","0.601165"
"1571196823","1510478188","0.601165"
"1510478188","1587578029","0.650433"
"1587578029","1510478188","0.650433"
"1510478188","1965987469","0.500433"
"1965987469","1510478188","0.500433"
"1510478188","1987088513","0.0909091"
"1987088513","1510478188","0.0909091"
"1510478188","2005563599","0.190909"
"2005563599","1510478188","0.190909"
"1510478188","2057801586","0.477356"
"2057801586","1510478188","0.477356"
"1571196823","1587578029","0.190909"
"1587578029","1571196823","0.190909"
"1571196823","1965987469","0.0909091"
"1965987469","1571196823","0.0909091"
"1571196823","1987088513","0.0909091"
"1987088513","1571196823","0.0909091"
"1571196823","2005563599","0.690909"
"2005563599","1571196823","0.690909"
"1571196823","2007701040","0.601165"
"2007701040","1571196823","0.601165"
"1571196823","2057801586","0.167832"
"2057801586","1571196823","0.167832"
"1571196823","2212007970","3.10117"
"2212007970","1571196823","3.10117"
"1571196823","2223530586","0.0909091"
"2223530586","1571196823","0.0909091"
"1587578029","1987088513","0.0909091"
"1987088513","1587578029","0.0909091"
"1587578029","2005563599","0.190909"
"2005563599","1587578029","0.190909"
"1587578029","2007701040","0.650433"
"2007701040","1587578029","0.650433"
"1587578029","2212007970","0.190909"
"2212007970","1587578029","0.190909"
"1587578029","2223530586","0.174242"
"2223530586","1587578029","0.174242"
"1965987469","1987088513","0.0909091"
"1987088513","1965987469","0.0909091"
"1965987469","2005563599","0.535354"
"2005563599","1965987469","0.535354"
"1965987469","2007701040","0.500433"
"2007701040","1965987469","0.500433"
"1965987469","2212007970","0.0909091"
"2212007970","1965987469","0.0909091"
"1987088513","2005563599","0.0909091"
"2005563599","1987088513","0.0909091"
"1987088513","2007701040","0.0909091"
"2007701040","1987088513","0.0909091"
"1987088513","2057801586","0.0909091"
"2057801586","1987088513","0.0909091"
"1987088513","2212007970","0.0909091"
"2212007970","1987088513","0.0909091"
"1987088513","2223530586","0.0909091"
"2223530586","1987088513","0.0909091"
"2005563599","2007701040","0.190909"
"2007701040","2005563599","0.190909"
"2005563599","2212007970","2.05202"
"2212007970","2005563599","2.05202"
"2007701040","2057801586","0.477356"
"2057801586","2007701040","0.477356"
"2057801586","2212007970","0.528943"
"2212007970","2057801586","0.528943"
"2187036766","2251609249","0.666667"
"2251609249","2187036766","0.666667"
"2187036766","2471193380","7.09091"
"2471193380","2187036766","7.09091"
"2251609249","2471193380","0.666667"
"2471193380","2251609249","0.666667"
"1503205402","177143665","0.188034"
"177143665","1503205402","0.188034"
"1503205402","2327155945","0.0769231"
"2327155945","1503205402","0.0769231"
"1510478188","177143665","0.14359"
"177143665","1510478188","0.14359"
"1510478188","2012870018","0.0769231"
"2012870018","1510478188","0.0769231"
"1510478188","2072617587","0.24359"
"2072617587","1510478188","0.24359"
"1510478188","2093085958","0.0769231"
"2093085958","1510478188","0.0769231"
"1510478188","2327155945","0.0769231"
"2327155945","1510478188","0.0769231"
"1571196823","177143665","0.0769231"
"177143665","1571196823","0.0769231"
"1571196823","2012870018","0.0769231"
"2012870018","1571196823","0.0769231"
"1571196823","2023665021","1.17692"
"2023665021","1571196823","1.17692"
"1571196823","2072617587","0.576923"
"2072617587","1571196823","0.576923"
"1571196823","2082065596","0.176923"
"2082065596","1571196823","0.176923"
"1571196823","2093085958","1.07692"
"2093085958","1571196823","1.07692"
"1571196823","2327155945","0.0769231"
"2327155945","1571196823","0.0769231"
"177143665","2007701040","0.14359"
"2007701040","177143665","0.14359"
"177143665","2023665021","0.188034"
"2023665021","177143665","0.188034"
"177143665","2057801586","0.365812"
"2057801586","177143665","0.365812"
"177143665","2082065596","0.188034"
"2082065596","177143665","0.188034"
"177143665","2093085958","3.19359"
"2093085958","177143665","3.19359"
