"11144793","1972062093","0.403045"
"1972062093","11144793","0.403045"
"11144793","2150936945","0.403045"
"2150936945","11144793","0.403045"
"11144793","2169551463","6.37924"
"2169551463","11144793","6.37924"
"1972062093","2150936945","3.71971"
"2150936945","1972062093","3.71971"
"1972062093","2169551463","0.403045"
"2169551463","1972062093","0.403045"
"2150936945","2169551463","0.403045"
"2169551463","2150936945","0.403045"
"11144793","2122462040","1.60744"
"2122462040","11144793","1.60744"
"11144793","2124137742","0.240774"
"2124137742","11144793","0.240774"
"11144793","2134833836","0.445902"
"2134833836","11144793","0.445902"
"11144793","2146242224","0.779235"
"2146242224","11144793","0.779235"
"11144793","2147393932","0.209524"
"2147393932","11144793","0.209524"
"11144793","2163295503","1.6459"
"2163295503","11144793","1.6459"
"2122462040","2124137742","0.240774"
"2124137742","2122462040","0.240774"
"2122462040","2134833836","2.72411"
"2134833836","2122462040","2.72411"
"2122462040","2146242224","0.90744"
"2146242224","2122462040","0.90744"
"2122462040","2147393932","0.52619"
"2147393932","2122462040","0.52619"
"2122462040","2163295503","8.42411"
"2163295503","2122462040","8.42411"
"2122462040","2169551463","1.27411"
"2169551463","2122462040","1.27411"
"2124137742","2134833836","0.740774"
"2134833836","2124137742","0.740774"
"2124137742","2146242224","0.70744"
"2146242224","2124137742","0.70744"
"2124137742","2147393932","0.209524"
"2147393932","2124137742","0.209524"
"2124137742","2163295503","0.240774"
"2163295503","2124137742","0.240774"
"2124137742","2169551463","0.240774"
"2169551463","2124137742","0.240774"
"2134833836","2146242224","0.671392"
"2146242224","2134833836","0.671392"
"2134833836","2147393932","3.85952"
"2147393932","2134833836","3.85952"
"2134833836","2163295503","2.76257"
"2163295503","2134833836","2.76257"
"2134833836","2169551463","0.779235"
"2169551463","2134833836","0.779235"
"2146242224","2147393932","0.209524"
"2147393932","2146242224","0.209524"
"2146242224","2163295503","0.945902"
"2163295503","2146242224","0.945902"
"2146242224","2169551463","0.779235"
"2169551463","2146242224","0.779235"
"2147393932","2163295503","0.52619"
"2163295503","2147393932","0.52619"
"2147393932","2169551463","0.209524"
"2169551463","2147393932","0.209524"
"2163295503","2169551463","1.31257"
"2169551463","2163295503","1.31257"
"11144793","2012354198","0.0979167"
"2012354198","11144793","0.0979167"
"11144793","2118302132","0.705128"
"2118302132","11144793","0.705128"
"11144793","2125872152","0.0979167"
"2125872152","11144793","0.0979167"
"11144793","2131852930","0.136378"
"2131852930","11144793","0.136378"
"11144793","2136454326","0.136378"
"2136454326","11144793","0.136378"
"11144793","2139510634","0.764583"
"2139510634","11144793","0.764583"
"11144793","2139661973","0.203045"
"2139661973","11144793","0.203045"
"11144793","2141219398","0.105128"
"2141219398","11144793","0.105128"
"11144793","2146520496","0.0979167"
"2146520496","11144793","0.0979167"
"11144793","2150187269","0.597917"
"2150187269","11144793","0.597917"
"11144793","2150792958","0.136378"
"2150792958","11144793","0.136378"
"11144793","2156317066","0.164583"
"2156317066","11144793","0.164583"
"11144793","2163125245","0.136378"
"2163125245","11144793","0.136378"
"2012354198","2118302132","0.0666667"
"2118302132","2012354198","0.0666667"
"2012354198","2125872152","0.347917"
"2125872152","2012354198","0.347917"
"2012354198","2131852930","0.0979167"
"2131852930","2012354198","0.0979167"
"2012354198","2136454326","0.0979167"
"2136454326","2012354198","0.0979167"
"2012354198","2139510634","0.0979167"
"2139510634","2012354198","0.0979167"
"2012354198","2139661973","0.0979167"
"2139661973","2012354198","0.0979167"
"2012354198","2141219398","0.0666667"
"2141219398","2012354198","0.0666667"
"2012354198","2146242224","0.0979167"
"2146242224","2012354198","0.0979167"
"2012354198","2146520496","0.197917"
"2146520496","2012354198","0.197917"
"2012354198","2150187269","0.347917"
"2150187269","2012354198","0.347917"
"2012354198","2150792958","0.347917"
"2150792958","2012354198","0.347917"
"2012354198","2156317066","0.0979167"
"2156317066","2012354198","0.0979167"
"2012354198","2163125245","0.0979167"
"2163125245","2012354198","0.0979167"
"2012354198","2169551463","0.0979167"
"2169551463","2012354198","0.0979167"
"2118302132","2125872152","0.0666667"
"2125872152","2118302132","0.0666667"
"2118302132","2131852930","0.105128"
"2131852930","2118302132","0.105128"
"2118302132","2136454326","0.105128"
"2136454326","2118302132","0.105128"
"2118302132","2139510634","2.23333"
"2139510634","2118302132","2.23333"
"2118302132","2139661973","0.730618"
"2139661973","2118302132","0.730618"
"2118302132","2141219398","0.105128"
"2141219398","2118302132","0.105128"
"2118302132","2146242224","0.163952"
"2146242224","2118302132","0.163952"
"2118302132","2146520496","0.409524"
"2146520496","2118302132","0.409524"
"2118302132","2150187269","1.06667"
"2150187269","2118302132","1.06667"
"2118302132","2150792958","0.105128"
"2150792958","2118302132","0.105128"
"2118302132","2156317066","0.133333"
"2156317066","2118302132","0.133333"
"2118302132","2163125245","0.163952"
"2163125245","2118302132","0.163952"
"2118302132","2169551463","1.53846"
"2169551463","2118302132","1.53846"
"2125872152","2131852930","0.0979167"
"2131852930","2125872152","0.0979167"
"2125872152","2136454326","0.0979167"
"2136454326","2125872152","0.0979167"
"2125872152","2139510634","0.0979167"
"2139510634","2125872152","0.0979167"
"2125872152","2139661973","2.15744"
"2139661973","2125872152","2.15744"
"2125872152","2141219398","0.0666667"
"2141219398","2125872152","0.0666667"
"2125872152","2146242224","0.0979167"
"2146242224","2125872152","0.0979167"
"2125872152","2146520496","0.0979167"
"2146520496","2125872152","0.0979167"
"2125872152","2150187269","2.09792"
"2150187269","2125872152","2.09792"
"2125872152","2150792958","1.09792"
"2150792958","2125872152","1.09792"
"2125872152","2156317066","0.0979167"
"2156317066","2125872152","0.0979167"
"2125872152","2163125245","2.24077"
"2163125245","2125872152","2.24077"
"2125872152","2169551463","0.0979167"
"2169551463","2125872152","0.0979167"
"2131852930","2136454326","0.428045"
"2136454326","2131852930","0.428045"
"2131852930","2139510634","0.0979167"
"2139510634","2131852930","0.0979167"
"2131852930","2139661973","0.461378"
"2139661973","2131852930","0.461378"
"2131852930","2141219398","0.105128"
"2141219398","2131852930","0.105128"
"2131852930","2146242224","0.694712"
"2146242224","2131852930","0.694712"
"2131852930","2146520496","0.297917"
"2146520496","2131852930","0.297917"
"2131852930","2150187269","0.0979167"
"2150187269","2131852930","0.0979167"
"2131852930","2150792958","0.136378"
"2150792958","2131852930","0.136378"
"2131852930","2156317066","0.33125"
"2156317066","2131852930","0.33125"
"2131852930","2163125245","0.136378"
"2163125245","2131852930","0.136378"
"2131852930","2169551463","0.136378"
"2169551463","2131852930","0.136378"
"2136454326","2139510634","0.597917"
"2139510634","2136454326","0.597917"
"2136454326","2139661973","0.261378"
"2139661973","2136454326","0.261378"
"2136454326","2141219398","0.105128"
"2141219398","2136454326","0.105128"
"2136454326","2146242224","0.761378"
"2146242224","2136454326","0.761378"
"2136454326","2146520496","0.0979167"
"2146520496","2136454326","0.0979167"
"2136454326","2150187269","0.0979167"
"2150187269","2136454326","0.0979167"
"2136454326","2150792958","0.136378"
"2150792958","2136454326","0.136378"
"2136454326","2156317066","0.264583"
"2156317066","2136454326","0.264583"
"2136454326","2163125245","0.136378"
"2163125245","2136454326","0.136378"
"2136454326","2169551463","0.136378"
"2169551463","2136454326","0.136378"
"2139510634","2139661973","0.0979167"
"2139661973","2139510634","0.0979167"
"2139510634","2141219398","0.166667"
"2141219398","2139510634","0.166667"
"2139510634","2146242224","0.0979167"
"2146242224","2139510634","0.0979167"
"2139510634","2146520496","0.197917"
"2146520496","2139510634","0.197917"
"2139510634","2150187269","0.197917"
"2150187269","2139510634","0.197917"
"2139510634","2150792958","0.197917"
"2150792958","2139510634","0.197917"
"2139510634","2156317066","0.0979167"
"2156317066","2139510634","0.0979167"
"2139510634","2163125245","0.197917"
"2163125245","2139510634","0.197917"
"2139510634","2169551463","1.76458"
"2169551463","2139510634","1.76458"
"2139661973","2141219398","0.105128"
"2141219398","2139661973","0.105128"
"2139661973","2146242224","0.770202"
"2146242224","2139661973","0.770202"
"2139661973","2146520496","0.297917"
"2146520496","2139661973","0.297917"
"2139661973","2150187269","1.01458"
"2150187269","2139661973","1.01458"
"2139661973","2150792958","0.386378"
"2150792958","2139661973","0.386378"
"2139661973","2156317066","0.664583"
"2156317066","2139661973","0.664583"
"2139661973","2163125245","2.10473"
"2163125245","2139661973","2.10473"
"2139661973","2169551463","0.203045"
"2169551463","2139661973","0.203045"
"2141219398","2146242224","0.105128"
"2146242224","2141219398","0.105128"
"2141219398","2146520496","0.166667"
"2146520496","2141219398","0.166667"
"2141219398","2150187269","0.166667"
"2150187269","2141219398","0.166667"
"2141219398","2150792958","0.205128"
"2150792958","2141219398","0.205128"
"2141219398","2156317066","0.0666667"
"2156317066","2141219398","0.0666667"
"2141219398","2163125245","0.205128"
"2163125245","2141219398","0.205128"
"2141219398","2169551463","0.105128"
"2169551463","2141219398","0.105128"
"2146242224","2146520496","0.297917"
"2146520496","2146242224","0.297917"
"2146242224","2150187269","0.0979167"
"2150187269","2146242224","0.0979167"
"2146242224","2150792958","0.136378"
"2150792958","2146242224","0.136378"
"2146242224","2156317066","1.03125"
"2156317066","2146242224","1.03125"
"2146242224","2163125245","0.528535"
"2163125245","2146242224","0.528535"
"2146520496","2150187269","0.340774"
"2150187269","2146520496","0.340774"
"2146520496","2150792958","0.197917"
"2150792958","2146520496","0.197917"
"2146520496","2156317066","0.0979167"
"2156317066","2146520496","0.0979167"
"2146520496","2163125245","0.340774"
"2163125245","2146520496","0.340774"
"2146520496","2169551463","0.0979167"
"2169551463","2146520496","0.0979167"
"2150187269","2150792958","2.53125"
"2150792958","2150187269","2.53125"
"2150187269","2156317066","0.0979167"
"2156317066","2150187269","0.0979167"
"2150187269","2163125245","0.874107"
"2163125245","2150187269","0.874107"
"2150187269","2169551463","0.0979167"
"2169551463","2150187269","0.0979167"
"2150792958","2156317066","0.0979167"
"2156317066","2150792958","0.0979167"
"2150792958","2163125245","0.569712"
"2163125245","2150792958","0.569712"
"2150792958","2169551463","0.136378"
"2169551463","2150792958","0.136378"
"2156317066","2163125245","0.0979167"
"2163125245","2156317066","0.0979167"
"2156317066","2169551463","0.164583"
"2169551463","2156317066","0.164583"
"2163125245","2169551463","0.136378"
"2169551463","2163125245","0.136378"
"2118302132","2122462040","1.26667"
"2122462040","2118302132","1.26667"
"2118302132","2134833836","0.330618"
"2134833836","2118302132","0.330618"
"2118302132","2163295503","1.30513"
"2163295503","2118302132","1.30513"
"2122462040","2139510634","1.19792"
"2139510634","2122462040","1.19792"
"2134833836","2139510634","0.197917"
"2139510634","2134833836","0.197917"
"2139510634","2163295503","0.197917"
"2163295503","2139510634","0.197917"
"11144793","1558997483","0.0666667"
"1558997483","11144793","0.0666667"
"11144793","1992795772","0.566667"
"1992795772","11144793","0.566667"
"11144793","2024661959","0.0979167"
"2024661959","11144793","0.0979167"
"11144793","2121172310","0.0666667"
"2121172310","11144793","0.0666667"
"11144793","2125196286","0.136378"
"2125196286","11144793","0.136378"
"11144793","2135718368","0.105128"
"2135718368","11144793","0.105128"
"1558997483","1992795772","0.0666667"
"1992795772","1558997483","0.0666667"
"1558997483","2024661959","0.0666667"
"2024661959","1558997483","0.0666667"
"1558997483","2118302132","0.0666667"
"2118302132","1558997483","0.0666667"
"1558997483","2121172310","1.06667"
"2121172310","1558997483","1.06667"
"1558997483","2122462040","0.0666667"
"2122462040","1558997483","0.0666667"
"1558997483","2124137742","0.0666667"
"2124137742","1558997483","0.0666667"
"1558997483","2125196286","0.0666667"
"2125196286","1558997483","0.0666667"
"1558997483","2134833836","0.0666667"
"2134833836","1558997483","0.0666667"
"1558997483","2135718368","0.0666667"
"2135718368","1558997483","0.0666667"
"1558997483","2139661973","0.0666667"
"2139661973","1558997483","0.0666667"
"1558997483","2147393932","0.0666667"
"2147393932","1558997483","0.0666667"
"1558997483","2156317066","0.0666667"
"2156317066","1558997483","0.0666667"
"1558997483","2163295503","0.0666667"
"2163295503","1558997483","0.0666667"
"1558997483","2169551463","0.0666667"
"2169551463","1558997483","0.0666667"
"1992795772","2024661959","0.0666667"
"2024661959","1992795772","0.0666667"
"1992795772","2118302132","0.0666667"
"2118302132","1992795772","0.0666667"
"1992795772","2121172310","0.0666667"
"2121172310","1992795772","0.0666667"
"1992795772","2122462040","0.0666667"
"2122462040","1992795772","0.0666667"
"1992795772","2124137742","0.0666667"
"2124137742","1992795772","0.0666667"
"1992795772","2125196286","0.166667"
"2125196286","1992795772","0.166667"
"1992795772","2134833836","0.0666667"
"2134833836","1992795772","0.0666667"
"1992795772","2135718368","0.0666667"
"2135718368","1992795772","0.0666667"
"1992795772","2139661973","0.209524"
"2139661973","1992795772","0.209524"
"1992795772","2147393932","0.0666667"
"2147393932","1992795772","0.0666667"
"1992795772","2156317066","0.0666667"
"2156317066","1992795772","0.0666667"
"1992795772","2163295503","0.0666667"
"2163295503","1992795772","0.0666667"
"1992795772","2169551463","0.566667"
"2169551463","1992795772","0.566667"
"2024661959","2118302132","0.0666667"
"2118302132","2024661959","0.0666667"
"2024661959","2121172310","0.4"
"2121172310","2024661959","0.4"
"2024661959","2122462040","0.0979167"
"2122462040","2024661959","0.0979167"
"2024661959","2124137742","0.43125"
"2124137742","2024661959","0.43125"
"2024661959","2125196286","0.0979167"
"2125196286","2024661959","0.0979167"
"2024661959","2134833836","0.0979167"
"2134833836","2024661959","0.0979167"
"2024661959","2135718368","0.316667"
"2135718368","2024661959","0.316667"
"2024661959","2139661973","0.0979167"
"2139661973","2024661959","0.0979167"
"2024661959","2147393932","0.0666667"
"2147393932","2024661959","0.0666667"
"2024661959","2156317066","0.847917"
"2156317066","2024661959","0.847917"
"2024661959","2163295503","0.0979167"
"2163295503","2024661959","0.0979167"
"2024661959","2169551463","0.0979167"
"2169551463","2024661959","0.0979167"
"2118302132","2121172310","0.0666667"
"2121172310","2118302132","0.0666667"
"2118302132","2124137742","0.0666667"
"2124137742","2118302132","0.0666667"
"2118302132","2125196286","0.163952"
"2125196286","2118302132","0.163952"
"2118302132","2135718368","0.247985"
"2135718368","2118302132","0.247985"
"2118302132","2147393932","0.0666667"
"2147393932","2118302132","0.0666667"
"2121172310","2122462040","0.0666667"
"2122462040","2121172310","0.0666667"
"2121172310","2124137742","0.266667"
"2124137742","2121172310","0.266667"
"2121172310","2125196286","0.0666667"
"2125196286","2121172310","0.0666667"
"2121172310","2134833836","0.4"
"2134833836","2121172310","0.4"
"2121172310","2135718368","0.266667"
"2135718368","2121172310","0.266667"
"2121172310","2139661973","0.0666667"
"2139661973","2121172310","0.0666667"
"2121172310","2147393932","0.0666667"
"2147393932","2121172310","0.0666667"
"2121172310","2156317066","1.93333"
"2156317066","2121172310","1.93333"
"2121172310","2163295503","0.0666667"
"2163295503","2121172310","0.0666667"
"2121172310","2169551463","0.0666667"
"2169551463","2121172310","0.0666667"
"2122462040","2125196286","0.0979167"
"2125196286","2122462040","0.0979167"
"2122462040","2135718368","0.0666667"
"2135718368","2122462040","0.0666667"
"2122462040","2139661973","0.0979167"
"2139661973","2122462040","0.0979167"
"2122462040","2156317066","0.497917"
"2156317066","2122462040","0.497917"
"2124137742","2125196286","0.0979167"
"2125196286","2124137742","0.0979167"
"2124137742","2135718368","0.266667"
"2135718368","2124137742","0.266667"
"2124137742","2139661973","0.0979167"
"2139661973","2124137742","0.0979167"
"2124137742","2156317066","0.297917"
"2156317066","2124137742","0.297917"
"2125196286","2134833836","0.878535"
"2134833836","2125196286","0.878535"
"2125196286","2135718368","0.105128"
"2135718368","2125196286","0.105128"
"2125196286","2139661973","0.545202"
"2139661973","2125196286","0.545202"
"2125196286","2147393932","0.4"
"2147393932","2125196286","0.4"
"2125196286","2156317066","0.0979167"
"2156317066","2125196286","0.0979167"
"2125196286","2163295503","0.136378"
"2163295503","2125196286","0.136378"
"2125196286","2169551463","0.136378"
"2169551463","2125196286","0.136378"
"2134833836","2135718368","0.105128"
"2135718368","2134833836","0.105128"
"2134833836","2139661973","0.295202"
"2139661973","2134833836","0.295202"
"2134833836","2156317066","0.83125"
"2156317066","2134833836","0.83125"
"2135718368","2139661973","0.805128"
"2139661973","2135718368","0.805128"
"2135718368","2147393932","0.0666667"
"2147393932","2135718368","0.0666667"
"2135718368","2156317066","1.51667"
"2156317066","2135718368","1.51667"
"2135718368","2163295503","0.105128"
"2163295503","2135718368","0.105128"
"2135718368","2169551463","0.105128"
"2169551463","2135718368","0.105128"
"2139661973","2147393932","0.0666667"
"2147393932","2139661973","0.0666667"
"2139661973","2163295503","0.136378"
"2163295503","2139661973","0.136378"
"2147393932","2156317066","0.133333"
"2156317066","2147393932","0.133333"
"2156317066","2163295503","0.497917"
"2163295503","2156317066","0.497917"
"11144793","2049563821","0.2"
"2049563821","11144793","0.2"
"2049563821","2118302132","0.366667"
"2118302132","2049563821","0.366667"
"2049563821","2122462040","0.866667"
"2122462040","2049563821","0.866667"
"2049563821","2163295503","0.866667"
"2163295503","2049563821","0.866667"
"2049563821","2169551463","0.2"
"2169551463","2049563821","0.2"
"11144793","2139319911","0.53125"
"2139319911","11144793","0.53125"
"2139319911","2169551463","0.53125"
"2169551463","2139319911","0.53125"
"11144793","134574778","0.205128"
"134574778","11144793","0.205128"
"11144793","1549400201","0.569712"
"1549400201","11144793","0.569712"
"11144793","1643105494","0.0384615"
"1643105494","11144793","0.0384615"
"11144793","2033026902","0.0384615"
"2033026902","11144793","0.0384615"
"11144793","2071380303","0.0697115"
"2071380303","11144793","0.0697115"
"11144793","2105306256","0.0697115"
"2105306256","11144793","0.0697115"
"11144793","2107116266","0.0384615"
"2107116266","11144793","0.0384615"
"11144793","2124204971","0.0697115"
"2124204971","11144793","0.0697115"
"11144793","2145674619","0.0697115"
"2145674619","11144793","0.0697115"
"11144793","2170064244","0.205128"
"2170064244","11144793","0.205128"
"11144793","2219773643","0.205128"
"2219773643","11144793","0.205128"
"134574778","1549400201","0.306809"
"1549400201","134574778","0.306809"
"134574778","1643105494","0.163462"
"1643105494","134574778","0.163462"
"134574778","1972062093","0.105128"
"1972062093","134574778","0.105128"
"134574778","2033026902","0.0384615"
"2033026902","134574778","0.0384615"
"134574778","2071380303","0.105128"
"2071380303","134574778","0.105128"
"134574778","2105306256","0.0384615"
"2105306256","134574778","0.0384615"
"134574778","2107116266","0.0384615"
"2107116266","134574778","0.0384615"
"134574778","2118302132","0.773476"
"2118302132","134574778","0.773476"
"134574778","2124204971","0.240142"
"2124204971","134574778","0.240142"
"134574778","2125196286","0.0972851"
"2125196286","134574778","0.0972851"
"134574778","2131852930","0.230128"
"2131852930","134574778","0.230128"
"134574778","2134833836","0.163952"
"2134833836","134574778","0.163952"
"134574778","2135718368","0.514652"
"2135718368","134574778","0.514652"
"134574778","2136454326","0.163462"
"2136454326","134574778","0.163462"
"134574778","2139661973","0.531809"
"2139661973","134574778","0.531809"
"134574778","2141219398","0.0384615"
"2141219398","134574778","0.0384615"
"134574778","2145674619","0.105128"
"2145674619","134574778","0.105128"
"134574778","2146242224","0.288952"
"2146242224","134574778","0.288952"
"134574778","2150792958","0.0384615"
"2150792958","134574778","0.0384615"
"134574778","2150936945","0.105128"
"2150936945","134574778","0.105128"
"134574778","2163125245","0.382999"
"2163125245","134574778","0.382999"
"134574778","2163295503","0.438462"
"2163295503","134574778","0.438462"
"134574778","2169551463","0.0384615"
"2169551463","134574778","0.0384615"
"134574778","2170064244","3.87586"
"2170064244","134574778","3.87586"
"134574778","2219773643","3.87586"
"2219773643","134574778","3.87586"
"1549400201","1643105494","0.205128"
"1643105494","1549400201","0.205128"
"1549400201","1972062093","0.136378"
"1972062093","1549400201","0.136378"
"1549400201","2033026902","0.138462"
"2033026902","1549400201","0.138462"
"1549400201","2071380303","0.136378"
"2071380303","1549400201","0.136378"
"1549400201","2105306256","0.0697115"
"2105306256","1549400201","0.0697115"
"1549400201","2107116266","0.205128"
"2107116266","1549400201","0.205128"
"1549400201","2118302132","1.09729"
"2118302132","1549400201","1.09729"
"1549400201","2124204971","0.228535"
"2124204971","1549400201","0.228535"
"1549400201","2125196286","0.561868"
"2125196286","1549400201","0.561868"
"1549400201","2131852930","0.136378"
"2131852930","1549400201","0.136378"
"1549400201","2134833836","0.628535"
"2134833836","1549400201","0.628535"
"1549400201","2135718368","0.0384615"
"2135718368","1549400201","0.0384615"
"1549400201","2136454326","0.0697115"
"2136454326","1549400201","0.0697115"
"1549400201","2139661973","1.3952"
"2139661973","1549400201","1.3952"
"1549400201","2141219398","0.0384615"
"2141219398","1549400201","0.0384615"
"1549400201","2145674619","0.136378"
"2145674619","1549400201","0.136378"
"1549400201","2146242224","1.1952"
"2146242224","1549400201","1.1952"
"1549400201","2150792958","0.0697115"
"2150792958","1549400201","0.0697115"
"1549400201","2150936945","0.136378"
"2150936945","1549400201","0.136378"
"1549400201","2163125245","0.538059"
"2163125245","1549400201","0.538059"
"1549400201","2163295503","0.136378"
"2163295503","1549400201","0.136378"
"1549400201","2169551463","0.0697115"
"2169551463","1549400201","0.0697115"
"1549400201","2170064244","0.406809"
"2170064244","1549400201","0.406809"
"1549400201","2219773643","0.406809"
"2219773643","1549400201","0.406809"
"1643105494","1972062093","0.0384615"
"1972062093","1643105494","0.0384615"
"1643105494","2033026902","0.0384615"
"2033026902","1643105494","0.0384615"
"1643105494","2071380303","0.0384615"
"2071380303","1643105494","0.0384615"
"1643105494","2105306256","0.0384615"
"2105306256","1643105494","0.0384615"
"1643105494","2107116266","0.205128"
"2107116266","1643105494","0.205128"
"1643105494","2118302132","0.0384615"
"2118302132","1643105494","0.0384615"
"1643105494","2124204971","0.0384615"
"2124204971","1643105494","0.0384615"
"1643105494","2125196286","1.03846"
"2125196286","1643105494","1.03846"
"1643105494","2131852930","0.163462"
"2131852930","1643105494","0.163462"
"1643105494","2134833836","0.0384615"
"2134833836","1643105494","0.0384615"
"1643105494","2135718368","0.0384615"
"2135718368","1643105494","0.0384615"
"1643105494","2136454326","0.163462"
"2136454326","1643105494","0.163462"
"1643105494","2139661973","1.83013"
"2139661973","1643105494","1.83013"
"1643105494","2141219398","0.0384615"
"2141219398","1643105494","0.0384615"
"1643105494","2145674619","0.0384615"
"2145674619","1643105494","0.0384615"
"1643105494","2146242224","0.163462"
"2146242224","1643105494","0.163462"
"1643105494","2150792958","0.0384615"
"2150792958","1643105494","0.0384615"
"1643105494","2150936945","0.0384615"
"2150936945","1643105494","0.0384615"
"1643105494","2163125245","1.20513"
"2163125245","1643105494","1.20513"
"1643105494","2163295503","0.0384615"
"2163295503","1643105494","0.0384615"
"1643105494","2169551463","0.0384615"
"2169551463","1643105494","0.0384615"
"1643105494","2170064244","0.163462"
"2170064244","1643105494","0.163462"
"1643105494","2219773643","0.163462"
"2219773643","1643105494","0.163462"
"1972062093","2033026902","0.0384615"
"2033026902","1972062093","0.0384615"
"1972062093","2071380303","0.436378"
"2071380303","1972062093","0.436378"
"1972062093","2105306256","0.169712"
"2105306256","1972062093","0.169712"
"1972062093","2107116266","0.138462"
"2107116266","1972062093","0.138462"
"1972062093","2118302132","0.0384615"
"2118302132","1972062093","0.0384615"
"1972062093","2124204971","0.369712"
"2124204971","1972062093","0.369712"
"1972062093","2125196286","0.619712"
"2125196286","1972062093","0.619712"
"1972062093","2131852930","0.136378"
"2131852930","1972062093","0.136378"
"1972062093","2134833836","0.136378"
"2134833836","1972062093","0.136378"
"1972062093","2135718368","0.0384615"
"2135718368","1972062093","0.0384615"
"1972062093","2136454326","0.0697115"
"2136454326","1972062093","0.0697115"
"1972062093","2139661973","0.319712"
"2139661973","1972062093","0.319712"
"1972062093","2141219398","0.0384615"
"2141219398","1972062093","0.0384615"
"1972062093","2145674619","0.136378"
"2145674619","1972062093","0.136378"
"1972062093","2146242224","0.386378"
"2146242224","1972062093","0.386378"
"1972062093","2150792958","0.0697115"
"2150792958","1972062093","0.0697115"
"1972062093","2163125245","0.469712"
"2163125245","1972062093","0.469712"
"1972062093","2163295503","0.136378"
"2163295503","1972062093","0.136378"
"1972062093","2170064244","0.105128"
"2170064244","1972062093","0.105128"
"1972062093","2219773643","0.105128"
"2219773643","1972062093","0.105128"
"2033026902","2071380303","0.0384615"
"2071380303","2033026902","0.0384615"
"2033026902","2105306256","0.0384615"
"2105306256","2033026902","0.0384615"
"2033026902","2107116266","0.0384615"
"2107116266","2033026902","0.0384615"
"2033026902","2118302132","0.0384615"
"2118302132","2033026902","0.0384615"
"2033026902","2124204971","0.138462"
"2124204971","2033026902","0.138462"
"2033026902","2125196286","0.138462"
"2125196286","2033026902","0.138462"
"2033026902","2131852930","0.0384615"
"2131852930","2033026902","0.0384615"
"2033026902","2134833836","0.138462"
"2134833836","2033026902","0.138462"
"2033026902","2135718368","0.0384615"
"2135718368","2033026902","0.0384615"
"2033026902","2136454326","0.0384615"
"2136454326","2033026902","0.0384615"
"2033026902","2139661973","0.138462"
"2139661973","2033026902","0.138462"
"2033026902","2141219398","0.0384615"
"2141219398","2033026902","0.0384615"
"2033026902","2145674619","0.0384615"
"2145674619","2033026902","0.0384615"
"2033026902","2146242224","3.03846"
"2146242224","2033026902","3.03846"
"2033026902","2150792958","0.0384615"
"2150792958","2033026902","0.0384615"
"2033026902","2150936945","0.0384615"
"2150936945","2033026902","0.0384615"
"2033026902","2163125245","0.138462"
"2163125245","2033026902","0.138462"
"2033026902","2163295503","0.0384615"
"2163295503","2033026902","0.0384615"
"2033026902","2169551463","0.0384615"
"2169551463","2033026902","0.0384615"
"2033026902","2170064244","0.138462"
"2170064244","2033026902","0.138462"
"2033026902","2219773643","0.138462"
"2219773643","2033026902","0.138462"
"2071380303","2105306256","0.919712"
"2105306256","2071380303","0.919712"
"2071380303","2107116266","0.638462"
"2107116266","2071380303","0.638462"
"2071380303","2118302132","0.538462"
"2118302132","2071380303","0.538462"
"2071380303","2124204971","0.369712"
"2124204971","2071380303","0.369712"
"2071380303","2125196286","0.619712"
"2125196286","2071380303","0.619712"
"2071380303","2131852930","0.136378"
"2131852930","2071380303","0.136378"
"2071380303","2134833836","0.386378"
"2134833836","2071380303","0.386378"
"2071380303","2135718368","0.0384615"
"2135718368","2071380303","0.0384615"
"2071380303","2136454326","0.569712"
"2136454326","2071380303","0.569712"
"2071380303","2139661973","0.569712"
"2139661973","2071380303","0.569712"
"2071380303","2141219398","0.0384615"
"2141219398","2071380303","0.0384615"
"2071380303","2145674619","0.136378"
"2145674619","2071380303","0.136378"
"2071380303","2146242224","0.136378"
"2146242224","2071380303","0.136378"
"2071380303","2150792958","0.0697115"
"2150792958","2071380303","0.0697115"
"2071380303","2150936945","0.436378"
"2150936945","2071380303","0.436378"
"2071380303","2163125245","0.769712"
"2163125245","2071380303","0.769712"
"2071380303","2163295503","0.136378"
"2163295503","2071380303","0.136378"
"2071380303","2169551463","0.0697115"
"2169551463","2071380303","0.0697115"
"2071380303","2170064244","0.105128"
"2170064244","2071380303","0.105128"
"2071380303","2219773643","0.105128"
"2219773643","2071380303","0.105128"
"2105306256","2107116266","0.138462"
"2107116266","2105306256","0.138462"
"2105306256","2118302132","0.0384615"
"2118302132","2105306256","0.0384615"
"2105306256","2124204971","0.169712"
"2124204971","2105306256","0.169712"
"2105306256","2125196286","0.419712"
"2125196286","2105306256","0.419712"
"2105306256","2131852930","0.236378"
"2131852930","2105306256","0.236378"
"2105306256","2134833836","0.319712"
"2134833836","2105306256","0.319712"
"2105306256","2135718368","0.0384615"
"2135718368","2105306256","0.0384615"
"2105306256","2136454326","0.736378"
"2136454326","2105306256","0.736378"
"2105306256","2139661973","0.0697115"
"2139661973","2105306256","0.0697115"
"2105306256","2141219398","0.0384615"
"2141219398","2105306256","0.0384615"
"2105306256","2145674619","0.0697115"
"2145674619","2105306256","0.0697115"
"2105306256","2146242224","0.236378"
"2146242224","2105306256","0.236378"
"2105306256","2150792958","0.0697115"
"2150792958","2105306256","0.0697115"
"2105306256","2150936945","0.169712"
"2150936945","2105306256","0.169712"
"2105306256","2163125245","0.0697115"
"2163125245","2105306256","0.0697115"
"2105306256","2163295503","0.0697115"
"2163295503","2105306256","0.0697115"
"2105306256","2169551463","0.0697115"
"2169551463","2105306256","0.0697115"
"2105306256","2170064244","0.0384615"
"2170064244","2105306256","0.0384615"
"2105306256","2219773643","0.0384615"
"2219773643","2105306256","0.0384615"
"2107116266","2118302132","0.0384615"
"2118302132","2107116266","0.0384615"
"2107116266","2124204971","0.138462"
"2124204971","2107116266","0.138462"
"2107116266","2125196286","0.138462"
"2125196286","2107116266","0.138462"
"2107116266","2131852930","0.0384615"
"2131852930","2107116266","0.0384615"
"2107116266","2134833836","0.0384615"
"2134833836","2107116266","0.0384615"
"2107116266","2135718368","0.0384615"
"2135718368","2107116266","0.0384615"
"2107116266","2136454326","0.0384615"
"2136454326","2107116266","0.0384615"
"2107116266","2139661973","0.205128"
"2139661973","2107116266","0.205128"
"2107116266","2141219398","0.0384615"
"2141219398","2107116266","0.0384615"
"2107116266","2145674619","0.0384615"
"2145674619","2107116266","0.0384615"
"2107116266","2146242224","0.0384615"
"2146242224","2107116266","0.0384615"
"2107116266","2150792958","0.0384615"
"2150792958","2107116266","0.0384615"
"2107116266","2150936945","0.138462"
"2150936945","2107116266","0.138462"
"2107116266","2163125245","0.705128"
"2163125245","2107116266","0.705128"
"2107116266","2163295503","0.0384615"
"2163295503","2107116266","0.0384615"
"2107116266","2169551463","0.0384615"
"2169551463","2107116266","0.0384615"
"2107116266","2170064244","0.0384615"
"2170064244","2107116266","0.0384615"
"2107116266","2219773643","0.0384615"
"2219773643","2107116266","0.0384615"
"2118302132","2124204971","0.0972851"
"2124204971","2118302132","0.0972851"
"2118302132","2145674619","0.0384615"
"2145674619","2118302132","0.0384615"
"2118302132","2150936945","0.0384615"
"2150936945","2118302132","0.0384615"
"2118302132","2170064244","0.773476"
"2170064244","2118302132","0.773476"
"2118302132","2219773643","0.773476"
"2219773643","2118302132","0.773476"
"2124204971","2125196286","0.528535"
"2125196286","2124204971","0.528535"
"2124204971","2131852930","0.0697115"
"2131852930","2124204971","0.0697115"
"2124204971","2134833836","0.561868"
"2134833836","2124204971","0.561868"
"2124204971","2135718368","0.888462"
"2135718368","2124204971","0.888462"
"2124204971","2136454326","0.569712"
"2136454326","2124204971","0.569712"
"2124204971","2139661973","1.37139"
"2139661973","2124204971","1.37139"
"2124204971","2141219398","0.138462"
"2141219398","2124204971","0.138462"
"2124204971","2145674619","0.0697115"
"2145674619","2124204971","0.0697115"
"2124204971","2146242224","0.128535"
"2146242224","2124204971","0.128535"
"2124204971","2150792958","0.169712"
"2150792958","2124204971","0.169712"
"2124204971","2150936945","0.369712"
"2150936945","2124204971","0.369712"
"2124204971","2163125245","1.17139"
"2163125245","2124204971","1.17139"
"2124204971","2163295503","0.0697115"
"2163295503","2124204971","0.0697115"
"2124204971","2169551463","0.0697115"
"2169551463","2124204971","0.0697115"
"2124204971","2170064244","0.340142"
"2170064244","2124204971","0.340142"
"2124204971","2219773643","0.340142"
"2219773643","2124204971","0.340142"
"2125196286","2131852930","0.0697115"
"2131852930","2125196286","0.0697115"
"2125196286","2136454326","0.0697115"
"2136454326","2125196286","0.0697115"
"2125196286","2141219398","0.0384615"
"2141219398","2125196286","0.0384615"
"2125196286","2145674619","0.0697115"
"2145674619","2125196286","0.0697115"
"2125196286","2146242224","0.378535"
"2146242224","2125196286","0.378535"
"2125196286","2150792958","1.06971"
"2150792958","2125196286","1.06971"
"2125196286","2150936945","0.619712"
"2150936945","2125196286","0.619712"
"2125196286","2163125245","0.428535"
"2163125245","2125196286","0.428535"
"2125196286","2170064244","0.197285"
"2170064244","2125196286","0.197285"
"2125196286","2219773643","0.197285"
"2219773643","2125196286","0.197285"
"2131852930","2134833836","0.136378"
"2134833836","2131852930","0.136378"
"2131852930","2135718368","0.238462"
"2135718368","2131852930","0.238462"
"2131852930","2145674619","0.136378"
"2145674619","2131852930","0.136378"
"2131852930","2150936945","0.136378"
"2150936945","2131852930","0.136378"
"2131852930","2163295503","0.136378"
"2163295503","2131852930","0.136378"
"2131852930","2170064244","0.230128"
"2170064244","2131852930","0.230128"
"2131852930","2219773643","0.230128"
"2219773643","2131852930","0.230128"
"2134833836","2136454326","0.0697115"
"2136454326","2134833836","0.0697115"
"2134833836","2141219398","0.0384615"
"2141219398","2134833836","0.0384615"
"2134833836","2145674619","0.136378"
"2145674619","2134833836","0.136378"
"2134833836","2150792958","0.0697115"
"2150792958","2134833836","0.0697115"
"2134833836","2150936945","0.136378"
"2150936945","2134833836","0.136378"
"2134833836","2163125245","0.228535"
"2163125245","2134833836","0.228535"
"2134833836","2170064244","0.263952"
"2170064244","2134833836","0.263952"
"2134833836","2219773643","0.263952"
"2219773643","2134833836","0.263952"
"2135718368","2136454326","0.0384615"
"2136454326","2135718368","0.0384615"
"2135718368","2141219398","2.13846"
"2141219398","2135718368","2.13846"
"2135718368","2145674619","0.0384615"
"2145674619","2135718368","0.0384615"
"2135718368","2146242224","0.438462"
"2146242224","2135718368","0.438462"
"2135718368","2150792958","0.138462"
"2150792958","2135718368","0.138462"
"2135718368","2150936945","0.0384615"
"2150936945","2135718368","0.0384615"
"2135718368","2163125245","0.138462"
"2163125245","2135718368","0.138462"
"2135718368","2170064244","0.514652"
"2170064244","2135718368","0.514652"
"2135718368","2219773643","0.514652"
"2219773643","2135718368","0.514652"
"2136454326","2145674619","0.0697115"
"2145674619","2136454326","0.0697115"
"2136454326","2150936945","0.0697115"
"2150936945","2136454326","0.0697115"
"2136454326","2163295503","0.403045"
"2163295503","2136454326","0.403045"
"2136454326","2170064244","0.163462"
"2170064244","2136454326","0.163462"
"2136454326","2219773643","0.163462"
"2219773643","2136454326","0.163462"
"2139661973","2145674619","0.0697115"
"2145674619","2139661973","0.0697115"
"2139661973","2150936945","0.319712"
"2150936945","2139661973","0.319712"
"2139661973","2170064244","0.631809"
"2170064244","2139661973","0.631809"
"2139661973","2219773643","0.631809"
"2219773643","2139661973","0.631809"
"2141219398","2145674619","0.0384615"
"2145674619","2141219398","0.0384615"
"2141219398","2150936945","0.0384615"
"2150936945","2141219398","0.0384615"
"2141219398","2163295503","0.0384615"
"2163295503","2141219398","0.0384615"
"2141219398","2170064244","0.0384615"
"2170064244","2141219398","0.0384615"
"2141219398","2219773643","0.0384615"
"2219773643","2141219398","0.0384615"
"2145674619","2146242224","0.636378"
"2146242224","2145674619","0.636378"
"2145674619","2150792958","0.0697115"
"2150792958","2145674619","0.0697115"
"2145674619","2150936945","0.136378"
"2150936945","2145674619","0.136378"
"2145674619","2163125245","0.0697115"
"2163125245","2145674619","0.0697115"
"2145674619","2163295503","0.136378"
"2163295503","2145674619","0.136378"
"2145674619","2169551463","0.0697115"
"2169551463","2145674619","0.0697115"
"2145674619","2170064244","0.105128"
"2170064244","2145674619","0.105128"
"2145674619","2219773643","0.105128"
"2219773643","2145674619","0.105128"
"2146242224","2150936945","0.386378"
"2150936945","2146242224","0.386378"
"2146242224","2170064244","0.288952"
"2170064244","2146242224","0.288952"
"2146242224","2219773643","0.288952"
"2219773643","2146242224","0.288952"
"2150792958","2150936945","0.0697115"
"2150936945","2150792958","0.0697115"
"2150792958","2163295503","0.0697115"
"2163295503","2150792958","0.0697115"
"2150792958","2170064244","0.0384615"
"2170064244","2150792958","0.0384615"
"2150792958","2219773643","0.0384615"
"2219773643","2150792958","0.0384615"
"2150936945","2163125245","0.469712"
"2163125245","2150936945","0.469712"
"2150936945","2163295503","0.136378"
"2163295503","2150936945","0.136378"
"2150936945","2170064244","0.105128"
"2170064244","2150936945","0.105128"
"2150936945","2219773643","0.105128"
"2219773643","2150936945","0.105128"
"2163125245","2163295503","0.0697115"
"2163295503","2163125245","0.0697115"
"2163125245","2170064244","0.482999"
"2170064244","2163125245","0.482999"
"2163125245","2219773643","0.482999"
"2219773643","2163125245","0.482999"
"2163295503","2170064244","0.438462"
"2170064244","2163295503","0.438462"
"2163295503","2219773643","0.438462"
"2219773643","2163295503","0.438462"
"2169551463","2170064244","0.538462"
"2170064244","2169551463","0.538462"
"2169551463","2219773643","0.538462"
"2219773643","2169551463","0.538462"
"2170064244","2219773643","4.47586"
"2219773643","2170064244","4.47586"
"11144793","1513729983","0.03125"
"1513729983","11144793","0.03125"
"11144793","2128485758","0.03125"
"2128485758","11144793","0.03125"
"11144793","2158967736","0.03125"
"2158967736","11144793","0.03125"
"11144793","2164739105","0.03125"
"2164739105","11144793","0.03125"
"11144793","2171447765","0.03125"
"2171447765","11144793","0.03125"
"1513729983","1549400201","0.0900735"
"1549400201","1513729983","0.0900735"
"1513729983","1972062093","0.23125"
"1972062093","1513729983","0.23125"
"1513729983","2012354198","0.03125"
"2012354198","1513729983","0.03125"
"1513729983","2024661959","0.03125"
"2024661959","1513729983","0.03125"
"1513729983","2071380303","0.03125"
"2071380303","1513729983","0.03125"
"1513729983","2105306256","0.03125"
"2105306256","1513729983","0.03125"
"1513729983","2122462040","0.03125"
"2122462040","1513729983","0.03125"
"1513729983","2124137742","0.03125"
"2124137742","1513729983","0.03125"
"1513729983","2124204971","0.190074"
