"115379867","192895065","0.142857"
"192895065","115379867","0.142857"
"115379867","1969525173","2.14286"
"1969525173","115379867","2.14286"
"115379867","2054743239","0.142857"
"2054743239","115379867","0.142857"
"115379867","2127894002","0.142857"
"2127894002","115379867","0.142857"
"115379867","2130202421","0.142857"
"2130202421","115379867","0.142857"
"115379867","2140627771","0.142857"
"2140627771","115379867","0.142857"
"115379867","2201737632","0.142857"
"2201737632","115379867","0.142857"
"192895065","1969525173","1.14286"
"1969525173","192895065","1.14286"
"192895065","2054743239","0.142857"
"2054743239","192895065","0.142857"
"192895065","2127894002","0.142857"
"2127894002","192895065","0.142857"
"192895065","2130202421","0.142857"
"2130202421","192895065","0.142857"
"192895065","2140627771","0.142857"
"2140627771","192895065","0.142857"
"192895065","2201737632","0.142857"
"2201737632","192895065","0.142857"
"1969525173","2054743239","8.14286"
"2054743239","1969525173","8.14286"
"1969525173","2127894002","0.142857"
"2127894002","1969525173","0.142857"
"1969525173","2130202421","0.142857"
"2130202421","1969525173","0.142857"
"1969525173","2140627771","0.142857"
"2140627771","1969525173","0.142857"
"1969525173","2201737632","0.142857"
"2201737632","1969525173","0.142857"
"2054743239","2127894002","0.142857"
"2127894002","2054743239","0.142857"
"2054743239","2130202421","0.142857"
"2130202421","2054743239","0.142857"
"2054743239","2140627771","0.142857"
"2140627771","2054743239","0.142857"
"2054743239","2201737632","0.142857"
"2201737632","2054743239","0.142857"
"2127894002","2130202421","0.142857"
"2130202421","2127894002","0.142857"
"2127894002","2140627771","0.184524"
"2140627771","2127894002","0.184524"
"2127894002","2201737632","0.142857"
"2201737632","2127894002","0.142857"
"2130202421","2140627771","0.142857"
"2140627771","2130202421","0.142857"
"2130202421","2201737632","0.142857"
"2201737632","2130202421","0.142857"
"2140627771","2201737632","0.142857"
"2201737632","2140627771","0.142857"
"116109680","1967840171","2.54167"
"1967840171","116109680","2.54167"
"116109680","1971026123","1.54167"
"1971026123","116109680","1.54167"
"116109680","1976301365","0.333333"
"1976301365","116109680","0.333333"
"116109680","2145046323","0.166667"
"2145046323","116109680","0.166667"
"116109680","2164013276","0.166667"
"2164013276","116109680","0.166667"
"116109680","2610967371","0.333333"
"2610967371","116109680","0.333333"
"1967840171","1971026123","2.71786"
"1971026123","1967840171","2.71786"
"1967840171","1976301365","1.075"
"1976301365","1967840171","1.075"
"1967840171","2145046323","0.166667"
"2145046323","1967840171","0.166667"
"1967840171","2164013276","0.309524"
"2164013276","1967840171","0.309524"
"1967840171","2610967371","0.684524"
"2610967371","1967840171","0.684524"
"1971026123","1976301365","1.075"
"1976301365","1971026123","1.075"
"1971026123","2145046323","0.666667"
"2145046323","1971026123","0.666667"
"1971026123","2164013276","0.72549"
"2164013276","1971026123","0.72549"
"1971026123","2610967371","1.20833"
"2610967371","1971026123","1.20833"
"1976301365","2145046323","0.309524"
"2145046323","1976301365","0.309524"
"1976301365","2164013276","0.309524"
"2164013276","1976301365","0.309524"
"1976301365","2610967371","6.47619"
"2610967371","1976301365","6.47619"
"2145046323","2164013276","0.809524"
"2164013276","2145046323","0.809524"
"2145046323","2610967371","0.309524"
"2610967371","2145046323","0.309524"
"2164013276","2610967371","0.452381"
"2610967371","2164013276","0.452381"
"116109680","2001138574","0.125"
"2001138574","116109680","0.125"
"116109680","2021088819","0.125"
"2021088819","116109680","0.125"
"116109680","2069818276","0.125"
"2069818276","116109680","0.125"
"116109680","2124575812","0.125"
"2124575812","116109680","0.125"
"116109680","2132136783","0.166667"
"2132136783","116109680","0.166667"
"116109680","2164845931","0.166667"
"2164845931","116109680","0.166667"
"1976301365","2001138574","0.267857"
"2001138574","1976301365","0.267857"
"1976301365","2021088819","0.458333"
"2021088819","1976301365","0.458333"
"1976301365","2069818276","2.29167"
"2069818276","1976301365","2.29167"
"1976301365","2124575812","0.125"
"2124575812","1976301365","0.125"
"1976301365","2132136783","0.309524"
"2132136783","1976301365","0.309524"
"1976301365","2164845931","0.47619"
"2164845931","1976301365","0.47619"
"2001138574","2021088819","0.125"
"2021088819","2001138574","0.125"
"2001138574","2069818276","0.325"
"2069818276","2001138574","0.325"
"2001138574","2124575812","0.125"
"2124575812","2001138574","0.125"
"2001138574","2132136783","1.88452"
"2132136783","2001138574","1.88452"
"2001138574","2164845931","0.434524"
"2164845931","2001138574","0.434524"
"2001138574","2610967371","0.684524"
"2610967371","2001138574","0.684524"
"2021088819","2069818276","0.125"
"2069818276","2021088819","0.125"
"2021088819","2124575812","0.125"
"2124575812","2021088819","0.125"
"2021088819","2132136783","0.625"
"2132136783","2021088819","0.625"
"2021088819","2164845931","0.125"
"2164845931","2021088819","0.125"
"2021088819","2610967371","3.95833"
"2610967371","2021088819","3.95833"
"2069818276","2124575812","0.125"
"2124575812","2069818276","0.125"
"2069818276","2132136783","0.575"
"2132136783","2069818276","0.575"
"2069818276","2164845931","0.291667"
"2164845931","2069818276","0.291667"
"2069818276","2610967371","0.291667"
"2610967371","2069818276","0.291667"
"2124575812","2132136783","0.125"
"2132136783","2124575812","0.125"
"2124575812","2164845931","0.125"
"2164845931","2124575812","0.125"
"2124575812","2610967371","0.125"
"2610967371","2124575812","0.125"
"2132136783","2164845931","0.72619"
"2164845931","2132136783","0.72619"
"2132136783","2610967371","2.72619"
"2610967371","2132136783","2.72619"
"2164845931","2610967371","0.892857"
"2610967371","2164845931","0.892857"
"116109680","2139766747","0.333333"
"2139766747","116109680","0.333333"
"1967840171","2139766747","0.533333"
"2139766747","1967840171","0.533333"
"1971026123","2139766747","0.533333"
"2139766747","1971026123","0.533333"
"116109680","1591874225","0.0416667"
"1591874225","116109680","0.0416667"
"116109680","1754692908","0.0416667"
"1754692908","116109680","0.0416667"
"116109680","1965931250","0.0416667"
"1965931250","116109680","0.0416667"
"116109680","1992545233","0.0416667"
"1992545233","116109680","0.0416667"
"116109680","1996223324","0.0416667"
"1996223324","116109680","0.0416667"
"116109680","2004913103","0.0416667"
"2004913103","116109680","0.0416667"
"116109680","2022360138","0.0416667"
"2022360138","116109680","0.0416667"
"116109680","2060850044","0.0416667"
"2060850044","116109680","0.0416667"
"116109680","2070558619","0.0416667"
"2070558619","116109680","0.0416667"
"116109680","2074629597","0.0416667"
"2074629597","116109680","0.0416667"
"116109680","2096811081","0.0416667"
"2096811081","116109680","0.0416667"
"116109680","2103700053","0.0416667"
"2103700053","116109680","0.0416667"
"116109680","2127894002","0.0416667"
"2127894002","116109680","0.0416667"
"116109680","2130156540","0.0416667"
"2130156540","116109680","0.0416667"
"116109680","2134422067","0.0416667"
"2134422067","116109680","0.0416667"
"116109680","2140627771","0.0416667"
"2140627771","116109680","0.0416667"
"116109680","2147432593","0.0416667"
"2147432593","116109680","0.0416667"
"116109680","2553573790","0.0416667"
"2553573790","116109680","0.0416667"
"1591874225","1754692908","0.291667"
"1754692908","1591874225","0.291667"
"1591874225","1965931250","0.882576"
"1965931250","1591874225","0.882576"
"1591874225","1967840171","0.0416667"
"1967840171","1591874225","0.0416667"
"1591874225","1971026123","0.0416667"
"1971026123","1591874225","0.0416667"
"1591874225","1976301365","0.0416667"
"1976301365","1591874225","0.0416667"
"1591874225","1992545233","0.0416667"
"1992545233","1591874225","0.0416667"
"1591874225","1996223324","0.0416667"
"1996223324","1591874225","0.0416667"
"1591874225","2004913103","2.29167"
"2004913103","1591874225","2.29167"
"1591874225","2022360138","0.299242"
"2022360138","1591874225","0.299242"
"1591874225","2060850044","0.882576"
"2060850044","1591874225","0.882576"
"1591874225","2070558619","0.458333"
"2070558619","1591874225","0.458333"
"1591874225","2074629597","0.0416667"
"2074629597","1591874225","0.0416667"
"1591874225","2096811081","1.45833"
"2096811081","1591874225","1.45833"
"1591874225","2103700053","0.132576"
"2103700053","1591874225","0.132576"
"1591874225","2127894002","0.375"
"2127894002","1591874225","0.375"
"1591874225","2130156540","0.0416667"
"2130156540","1591874225","0.0416667"
"1591874225","2132136783","0.0416667"
"2132136783","1591874225","0.0416667"
"1591874225","2134422067","0.132576"
"2134422067","1591874225","0.132576"
"1591874225","2140627771","0.0416667"
"2140627771","1591874225","0.0416667"
"1591874225","2147432593","1.13258"
"2147432593","1591874225","1.13258"
"1591874225","2164845931","0.0416667"
"2164845931","1591874225","0.0416667"
"1591874225","2553573790","0.0416667"
"2553573790","1591874225","0.0416667"
"1591874225","2610967371","0.0416667"
"2610967371","1591874225","0.0416667"
"1754692908","1965931250","0.0416667"
"1965931250","1754692908","0.0416667"
"1754692908","1967840171","0.0416667"
"1967840171","1754692908","0.0416667"
"1754692908","1971026123","0.0416667"
"1971026123","1754692908","0.0416667"
"1754692908","1976301365","0.0416667"
"1976301365","1754692908","0.0416667"
"1754692908","1992545233","0.0416667"
"1992545233","1754692908","0.0416667"
"1754692908","1996223324","0.0416667"
"1996223324","1754692908","0.0416667"
"1754692908","2004913103","0.0416667"
"2004913103","1754692908","0.0416667"
"1754692908","2022360138","0.0416667"
"2022360138","1754692908","0.0416667"
"1754692908","2060850044","1.29167"
"2060850044","1754692908","1.29167"
"1754692908","2070558619","2.29167"
"2070558619","1754692908","2.29167"
"1754692908","2074629597","0.0416667"
"2074629597","1754692908","0.0416667"
"1754692908","2096811081","0.0416667"
"2096811081","1754692908","0.0416667"
"1754692908","2103700053","0.0416667"
"2103700053","1754692908","0.0416667"
"1754692908","2127894002","0.0416667"
"2127894002","1754692908","0.0416667"
"1754692908","2130156540","0.0416667"
"2130156540","1754692908","0.0416667"
"1754692908","2132136783","0.0416667"
"2132136783","1754692908","0.0416667"
"1754692908","2134422067","0.0416667"
"2134422067","1754692908","0.0416667"
"1754692908","2140627771","0.0416667"
"2140627771","1754692908","0.0416667"
"1754692908","2147432593","1.79167"
"2147432593","1754692908","1.79167"
"1754692908","2164845931","0.0416667"
"2164845931","1754692908","0.0416667"
"1754692908","2553573790","0.0416667"
"2553573790","1754692908","0.0416667"
"1754692908","2610967371","0.0416667"
"2610967371","1754692908","0.0416667"
"1965931250","1967840171","0.717857"
"1967840171","1965931250","0.717857"
"1965931250","1971026123","0.241667"
"1971026123","1965931250","0.241667"
"1965931250","1976301365","0.575"
"1976301365","1965931250","0.575"
"1965931250","1992545233","0.375"
"1992545233","1965931250","0.375"
"1965931250","1996223324","0.541667"
"1996223324","1965931250","0.541667"
"1965931250","2004913103","2.45833"
"2004913103","1965931250","2.45833"
"1965931250","2022360138","3.54924"
"2022360138","1965931250","3.54924"
"1965931250","2060850044","0.4421"
"2060850044","1965931250","0.4421"
"1965931250","2070558619","0.85119"
"2070558619","1965931250","0.85119"
"1965931250","2074629597","0.0416667"
"2074629597","1965931250","0.0416667"
"1965931250","2096811081","4.45833"
"2096811081","1965931250","4.45833"
"1965931250","2103700053","0.882576"
"2103700053","1965931250","0.882576"
"1965931250","2127894002","1.68452"
"2127894002","1965931250","1.68452"
"1965931250","2130156540","0.0416667"
"2130156540","1965931250","0.0416667"
"1965931250","2132136783","0.0416667"
"2132136783","1965931250","0.0416667"
"1965931250","2134422067","0.632576"
"2134422067","1965931250","0.632576"
"1965931250","2140627771","0.0416667"
"2140627771","1965931250","0.0416667"
"1965931250","2147432593","13.0588"
"2147432593","1965931250","13.0588"
"1965931250","2164845931","0.0416667"
"2164845931","1965931250","0.0416667"
"1965931250","2553573790","0.0416667"
"2553573790","1965931250","0.0416667"
"1965931250","2610967371","0.684524"
"2610967371","1965931250","0.684524"
"1967840171","1992545233","0.0416667"
"1992545233","1967840171","0.0416667"
"1967840171","1996223324","0.0416667"
"1996223324","1967840171","0.0416667"
"1967840171","2004913103","0.0416667"
"2004913103","1967840171","0.0416667"
"1967840171","2022360138","0.0416667"
"2022360138","1967840171","0.0416667"
"1967840171","2060850044","0.184524"
"2060850044","1967840171","0.184524"
"1967840171","2070558619","0.184524"
"2070558619","1967840171","0.184524"
"1967840171","2074629597","0.0416667"
"2074629597","1967840171","0.0416667"
"1967840171","2096811081","0.0416667"
"2096811081","1967840171","0.0416667"
"1967840171","2103700053","0.0416667"
"2103700053","1967840171","0.0416667"
"1967840171","2127894002","0.184524"
"2127894002","1967840171","0.184524"
"1967840171","2130156540","0.0416667"
"2130156540","1967840171","0.0416667"
"1967840171","2132136783","0.208333"
"2132136783","1967840171","0.208333"
"1967840171","2134422067","0.184524"
"2134422067","1967840171","0.184524"
"1967840171","2140627771","0.0416667"
"2140627771","1967840171","0.0416667"
"1967840171","2147432593","0.717857"
"2147432593","1967840171","0.717857"
"1967840171","2164845931","0.375"
"2164845931","1967840171","0.375"
"1967840171","2553573790","0.184524"
"2553573790","1967840171","0.184524"
"1971026123","1992545233","0.375"
"1992545233","1971026123","0.375"
"1971026123","1996223324","0.541667"
"1996223324","1971026123","0.541667"
"1971026123","2004913103","0.0416667"
"2004913103","1971026123","0.0416667"
"1971026123","2022360138","0.0416667"
"2022360138","1971026123","0.0416667"
"1971026123","2060850044","0.0416667"
"2060850044","1971026123","0.0416667"
"1971026123","2070558619","0.0416667"
"2070558619","1971026123","0.0416667"
"1971026123","2074629597","0.0416667"
"2074629597","1971026123","0.0416667"
"1971026123","2096811081","0.0416667"
"2096811081","1971026123","0.0416667"
"1971026123","2103700053","0.0416667"
"2103700053","1971026123","0.0416667"
"1971026123","2127894002","0.0416667"
"2127894002","1971026123","0.0416667"
"1971026123","2130156540","0.10049"
"2130156540","1971026123","0.10049"
"1971026123","2132136783","0.708333"
"2132136783","1971026123","0.708333"
"1971026123","2134422067","0.434524"
"2134422067","1971026123","0.434524"
"1971026123","2140627771","0.0416667"
"2140627771","1971026123","0.0416667"
"1971026123","2147432593","2.49167"
"2147432593","1971026123","2.49167"
"1971026123","2164845931","0.625"
"2164845931","1971026123","0.625"
"1971026123","2553573790","0.184524"
"2553573790","1971026123","0.184524"
"1976301365","1992545233","0.184524"
"1992545233","1976301365","0.184524"
"1976301365","1996223324","0.375"
"1996223324","1976301365","0.375"
"1976301365","2004913103","0.0416667"
"2004913103","1976301365","0.0416667"
"1976301365","2022360138","0.708333"
"2022360138","1976301365","0.708333"
"1976301365","2060850044","0.0416667"
"2060850044","1976301365","0.0416667"
"1976301365","2070558619","0.0416667"
"2070558619","1976301365","0.0416667"
"1976301365","2074629597","0.0416667"
"2074629597","1976301365","0.0416667"
"1976301365","2096811081","0.0416667"
"2096811081","1976301365","0.0416667"
"1976301365","2103700053","0.0416667"
"2103700053","1976301365","0.0416667"
"1976301365","2127894002","0.0416667"
"2127894002","1976301365","0.0416667"
"1976301365","2130156540","0.0416667"
"2130156540","1976301365","0.0416667"
"1976301365","2134422067","0.0416667"
"2134422067","1976301365","0.0416667"
"1976301365","2140627771","0.0416667"
"2140627771","1976301365","0.0416667"
"1976301365","2147432593","0.908333"
"2147432593","1976301365","0.908333"
"1976301365","2553573790","0.0416667"
"2553573790","1976301365","0.0416667"
"1992545233","1996223324","0.0416667"
"1996223324","1992545233","0.0416667"
"1992545233","2004913103","0.208333"
"2004913103","1992545233","0.208333"
"1992545233","2022360138","0.541667"
"2022360138","1992545233","0.541667"
"1992545233","2060850044","0.0416667"
"2060850044","1992545233","0.0416667"
"1992545233","2070558619","0.208333"
"2070558619","1992545233","0.208333"
"1992545233","2074629597","0.0416667"
"2074629597","1992545233","0.0416667"
"1992545233","2096811081","0.208333"
"2096811081","1992545233","0.208333"
"1992545233","2103700053","0.0416667"
"2103700053","1992545233","0.0416667"
"1992545233","2127894002","0.0416667"
"2127894002","1992545233","0.0416667"
"1992545233","2130156540","0.0416667"
"2130156540","1992545233","0.0416667"
"1992545233","2132136783","0.934524"
"2132136783","1992545233","0.934524"
"1992545233","2134422067","0.0416667"
"2134422067","1992545233","0.0416667"
"1992545233","2140627771","0.0416667"
"2140627771","1992545233","0.0416667"
"1992545233","2147432593","0.541667"
"2147432593","1992545233","0.541667"
"1992545233","2164845931","0.184524"
"2164845931","1992545233","0.184524"
"1992545233","2553573790","0.0416667"
"2553573790","1992545233","0.0416667"
"1992545233","2610967371","0.434524"
"2610967371","1992545233","0.434524"
"1996223324","2004913103","0.375"
"2004913103","1996223324","0.375"
"1996223324","2022360138","0.0416667"
"2022360138","1996223324","0.0416667"
"1996223324","2060850044","0.0416667"
"2060850044","1996223324","0.0416667"
"1996223324","2070558619","0.0416667"
"2070558619","1996223324","0.0416667"
"1996223324","2074629597","0.0416667"
"2074629597","1996223324","0.0416667"
"1996223324","2096811081","0.541667"
"2096811081","1996223324","0.541667"
"1996223324","2103700053","0.0416667"
"2103700053","1996223324","0.0416667"
"1996223324","2127894002","0.0416667"
"2127894002","1996223324","0.0416667"
"1996223324","2130156540","0.0416667"
"2130156540","1996223324","0.0416667"
"1996223324","2132136783","0.0416667"
"2132136783","1996223324","0.0416667"
"1996223324","2134422067","0.375"
"2134422067","1996223324","0.375"
"1996223324","2140627771","0.0416667"
"2140627771","1996223324","0.0416667"
"1996223324","2147432593","4.04167"
"2147432593","1996223324","4.04167"
"1996223324","2164845931","0.0416667"
"2164845931","1996223324","0.0416667"
"1996223324","2553573790","0.0416667"
"2553573790","1996223324","0.0416667"
"1996223324","2610967371","0.208333"
"2610967371","1996223324","0.208333"
"2004913103","2022360138","0.708333"
"2022360138","2004913103","0.708333"
"2004913103","2060850044","1.54167"
"2060850044","2004913103","1.54167"
"2004913103","2070558619","0.541667"
"2070558619","2004913103","0.541667"
"2004913103","2074629597","0.0416667"
"2074629597","2004913103","0.0416667"
"2004913103","2096811081","4.79167"
"2096811081","2004913103","4.79167"
"2004913103","2103700053","0.0416667"
"2103700053","2004913103","0.0416667"
"2004913103","2127894002","1.875"
"2127894002","2004913103","1.875"
"2004913103","2130156540","0.0416667"
"2130156540","2004913103","0.0416667"
"2004913103","2132136783","0.0416667"
"2132136783","2004913103","0.0416667"
"2004913103","2134422067","0.375"
"2134422067","2004913103","0.375"
"2004913103","2140627771","0.0416667"
"2140627771","2004913103","0.0416667"
"2004913103","2147432593","1.625"
"2147432593","2004913103","1.625"
"2004913103","2164845931","0.0416667"
"2164845931","2004913103","0.0416667"
"2004913103","2553573790","0.0416667"
"2553573790","2004913103","0.0416667"
"2004913103","2610967371","0.0416667"
"2610967371","2004913103","0.0416667"
"2022360138","2060850044","0.799242"
"2060850044","2022360138","0.799242"
"2022360138","2070558619","1.54167"
"2070558619","2022360138","1.54167"
"2022360138","2074629597","0.0416667"
"2074629597","2022360138","0.0416667"
"2022360138","2096811081","0.791667"
"2096811081","2022360138","0.791667"
"2022360138","2103700053","0.132576"
"2103700053","2022360138","0.132576"
"2022360138","2127894002","0.0416667"
"2127894002","2022360138","0.0416667"
"2022360138","2130156540","0.0416667"
"2130156540","2022360138","0.0416667"
"2022360138","2132136783","0.375"
"2132136783","2022360138","0.375"
"2022360138","2134422067","1.13258"
"2134422067","2022360138","1.13258"
"2022360138","2140627771","0.0416667"
"2140627771","2022360138","0.0416667"
"2022360138","2147432593","3.71591"
"2147432593","2022360138","3.71591"
"2022360138","2164845931","0.0416667"
"2164845931","2022360138","0.0416667"
"2022360138","2553573790","0.0416667"
"2553573790","2022360138","0.0416667"
"2022360138","2610967371","1.04167"
"2610967371","2022360138","1.04167"
"2060850044","2070558619","1.76786"
"2070558619","2060850044","1.76786"
"2060850044","2074629597","0.0416667"
"2074629597","2060850044","0.0416667"
"2060850044","2096811081","1.375"
"2096811081","2060850044","1.375"
"2060850044","2103700053","0.132576"
"2103700053","2060850044","0.132576"
"2060850044","2127894002","0.184524"
"2127894002","2060850044","0.184524"
"2060850044","2130156540","0.0416667"
"2130156540","2060850044","0.0416667"
"2060850044","2132136783","0.0416667"
"2132136783","2060850044","0.0416667"
"2060850044","2134422067","0.132576"
"2134422067","2060850044","0.132576"
"2060850044","2140627771","0.0416667"
"2140627771","2060850044","0.0416667"
"2060850044","2147432593","0.858766"
"2147432593","2060850044","0.858766"
"2060850044","2164845931","0.0416667"
"2164845931","2060850044","0.0416667"
"2060850044","2553573790","0.0416667"
"2553573790","2060850044","0.0416667"
"2060850044","2610967371","0.184524"
"2610967371","2060850044","0.184524"
"2070558619","2074629597","0.0416667"
"2074629597","2070558619","0.0416667"
"2070558619","2096811081","2.375"
"2096811081","2070558619","2.375"
"2070558619","2103700053","0.0416667"
"2103700053","2070558619","0.0416667"
"2070558619","2127894002","0.184524"
"2127894002","2070558619","0.184524"
"2070558619","2130156540","0.0416667"
"2130156540","2070558619","0.0416667"
"2070558619","2132136783","0.0416667"
"2132136783","2070558619","0.0416667"
"2070558619","2134422067","0.0416667"
"2134422067","2070558619","0.0416667"
"2070558619","2140627771","0.0416667"
"2140627771","2070558619","0.0416667"
"2070558619","2147432593","3.32738"
"2147432593","2070558619","3.32738"
"2070558619","2164845931","0.0416667"
"2164845931","2070558619","0.0416667"
"2070558619","2553573790","0.0416667"
"2553573790","2070558619","0.0416667"
"2070558619","2610967371","0.184524"
"2610967371","2070558619","0.184524"
"2074629597","2096811081","0.0416667"
"2096811081","2074629597","0.0416667"
"2074629597","2103700053","0.0416667"
"2103700053","2074629597","0.0416667"
"2074629597","2127894002","0.0416667"
"2127894002","2074629597","0.0416667"
"2074629597","2130156540","0.0416667"
"2130156540","2074629597","0.0416667"
"2074629597","2132136783","0.0416667"
"2132136783","2074629597","0.0416667"
"2074629597","2134422067","0.0416667"
"2134422067","2074629597","0.0416667"
"2074629597","2140627771","0.0416667"
"2140627771","2074629597","0.0416667"
"2074629597","2147432593","1.04167"
"2147432593","2074629597","1.04167"
"2074629597","2164845931","0.0416667"
"2164845931","2074629597","0.0416667"
"2074629597","2553573790","0.0416667"
"2553573790","2074629597","0.0416667"
"2074629597","2610967371","0.0416667"
"2610967371","2074629597","0.0416667"
"2096811081","2103700053","0.291667"
"2103700053","2096811081","0.291667"
"2096811081","2127894002","1.375"
"2127894002","2096811081","1.375"
"2096811081","2130156540","0.0416667"
"2130156540","2096811081","0.0416667"
"2096811081","2132136783","0.0416667"
"2132136783","2096811081","0.0416667"
"2096811081","2134422067","0.375"
"2134422067","2096811081","0.375"
"2096811081","2140627771","0.0416667"
"2140627771","2096811081","0.0416667"
"2096811081","2147432593","5.10119"
"2147432593","2096811081","5.10119"
"2096811081","2164845931","0.0416667"
"2164845931","2096811081","0.0416667"
"2096811081","2553573790","0.0416667"
"2553573790","2096811081","0.0416667"
"2096811081","2610967371","0.208333"
"2610967371","2096811081","0.208333"
"2103700053","2127894002","0.0416667"
"2127894002","2103700053","0.0416667"
"2103700053","2130156540","0.0416667"
"2130156540","2103700053","0.0416667"
"2103700053","2132136783","0.0416667"
"2132136783","2103700053","0.0416667"
"2103700053","2134422067","0.132576"
"2134422067","2103700053","0.132576"
"2103700053","2140627771","0.0416667"
"2140627771","2103700053","0.0416667"
"2103700053","2147432593","2.04924"
"2147432593","2103700053","2.04924"
"2103700053","2164845931","0.0416667"
"2164845931","2103700053","0.0416667"
"2103700053","2553573790","0.0416667"
"2553573790","2103700053","0.0416667"
"2103700053","2610967371","0.0416667"
"2610967371","2103700053","0.0416667"
"2127894002","2130156540","0.541667"
"2130156540","2127894002","0.541667"
"2127894002","2132136783","0.0416667"
"2132136783","2127894002","0.0416667"
"2127894002","2134422067","0.0416667"
"2134422067","2127894002","0.0416667"
"2127894002","2147432593","0.184524"
"2147432593","2127894002","0.184524"
"2127894002","2164845931","0.0416667"
"2164845931","2127894002","0.0416667"
"2127894002","2553573790","0.0416667"
"2553573790","2127894002","0.0416667"
"2127894002","2610967371","0.184524"
"2610967371","2127894002","0.184524"
"2130156540","2132136783","0.0416667"
"2132136783","2130156540","0.0416667"
"2130156540","2134422067","0.0416667"
"2134422067","2130156540","0.0416667"
"2130156540","2140627771","0.0416667"
"2140627771","2130156540","0.0416667"
"2130156540","2147432593","0.0416667"
"2147432593","2130156540","0.0416667"
"2130156540","2164845931","0.0416667"
"2164845931","2130156540","0.0416667"
"2130156540","2553573790","0.0416667"
"2553573790","2130156540","0.0416667"
"2130156540","2610967371","0.0416667"
"2610967371","2130156540","0.0416667"
"2132136783","2134422067","0.541667"
"2134422067","2132136783","0.541667"
"2132136783","2140627771","0.0416667"
"2140627771","2132136783","0.0416667"
"2132136783","2147432593","1.29167"
"2147432593","2132136783","1.29167"
"2132136783","2553573790","0.0416667"
"2553573790","2132136783","0.0416667"
"2134422067","2140627771","0.0416667"
"2140627771","2134422067","0.0416667"
"2134422067","2147432593","0.382576"
"2147432593","2134422067","0.382576"
"2134422067","2164845931","0.0416667"
"2164845931","2134422067","0.0416667"
"2134422067","2553573790","0.184524"
"2553573790","2134422067","0.184524"
"2134422067","2610967371","0.291667"
"2610967371","2134422067","0.291667"
"2140627771","2147432593","0.0416667"
"2147432593","2140627771","0.0416667"
"2140627771","2164845931","0.0416667"
"2164845931","2140627771","0.0416667"
"2140627771","2553573790","0.0416667"
"2553573790","2140627771","0.0416667"
"2140627771","2610967371","1.04167"
"2610967371","2140627771","1.04167"
"2147432593","2164845931","0.0416667"
"2164845931","2147432593","0.0416667"
"2147432593","2553573790","0.541667"
"2553573790","2147432593","0.541667"
"2147432593","2610967371","1.93452"
"2610967371","2147432593","1.93452"
"2164845931","2553573790","0.0416667"
"2553573790","2164845931","0.0416667"
"2553573790","2610967371","0.375"
"2610967371","2553573790","0.375"
"130745050","1591874225","0.333333"
"1591874225","130745050","0.333333"
"130745050","1964843483","0.583333"
"1964843483","130745050","0.583333"
"130745050","2004913103","0.833333"
"2004913103","130745050","0.833333"
"1591874225","1964843483","0.333333"
"1964843483","1591874225","0.333333"
"1964843483","2004913103","0.666667"
"2004913103","1964843483","0.666667"
"130745050","1754692908","0.75"
"1754692908","130745050","0.75"
"130745050","2130202421","0.25"
"2130202421","130745050","0.25"
"130745050","2153257187","0.25"
"2153257187","130745050","0.25"
"1754692908","1964843483","0.25"
"1964843483","1754692908","0.25"
"1754692908","2130202421","0.25"
"2130202421","1754692908","0.25"
"1754692908","2153257187","0.25"
"2153257187","1754692908","0.25"
"1964843483","2130202421","0.25"
"2130202421","1964843483","0.25"
"1964843483","2153257187","0.25"
"2153257187","1964843483","0.25"
"2130202421","2153257187","0.25"
"2153257187","2130202421","0.25"
"130745050","2147432593","0.5"
"2147432593","130745050","0.5"
"130745050","2129725375","0.5"
"2129725375","130745050","0.5"
"2004913103","2129725375","0.666667"
"2129725375","2004913103","0.666667"
"136184859","192895065","2.14286"
"192895065","136184859","2.14286"
"136184859","1540887340","0.142857"
"1540887340","136184859","0.142857"
"136184859","2070558619","0.142857"
"2070558619","136184859","0.142857"
"136184859","2076775570","0.142857"
"2076775570","136184859","0.142857"
"136184859","2147432593","0.142857"
"2147432593","136184859","0.142857"
"136184859","2165197950","0.142857"
"2165197950","136184859","0.142857"
"136184859","93770828","0.142857"
"93770828","136184859","0.142857"
"1540887340","192895065","0.142857"
"192895065","1540887340","0.142857"
"1540887340","2070558619","0.142857"
"2070558619","1540887340","0.142857"
"1540887340","2076775570","0.142857"
"2076775570","1540887340","0.142857"
"1540887340","2147432593","0.285714"
"2147432593","1540887340","0.285714"
"1540887340","2165197950","1.11905"
"2165197950","1540887340","1.11905"
"1540887340","93770828","0.97619"
"93770828","1540887340","0.97619"
"192895065","2070558619","0.142857"
"2070558619","192895065","0.142857"
"192895065","2076775570","1.14286"
"2076775570","192895065","1.14286"
"192895065","2147432593","0.285714"
"2147432593","192895065","0.285714"
"192895065","2165197950","0.285714"
"2165197950","192895065","0.285714"
"192895065","93770828","0.285714"
"93770828","192895065","0.285714"
"2070558619","2076775570","0.392857"
"2076775570","2070558619","0.392857"
"2070558619","2165197950","0.392857"
"2165197950","2070558619","0.392857"
"2070558619","93770828","0.142857"
"93770828","2070558619","0.142857"
"2076775570","2147432593","0.392857"
"2147432593","2076775570","0.392857"
"2076775570","2165197950","0.392857"
"2165197950","2076775570","0.392857"
"2076775570","93770828","0.142857"
"93770828","2076775570","0.142857"
"2147432593","2165197950","1.84524"
"2165197950","2147432593","1.84524"
"2147432593","93770828","0.452381"
"93770828","2147432593","0.452381"
"2165197950","93770828","2.78571"
"93770828","2165197950","2.78571"
"136184859","1505096505","0.166667"
"1505096505","136184859","0.166667"
"136184859","2001987823","0.166667"
"2001987823","136184859","0.166667"
"136184859","2006245314","0.166667"
"2006245314","136184859","0.166667"
"136184859","2134422067","0.166667"
"2134422067","136184859","0.166667"
"136184859","2147679264","0.166667"
"2147679264","136184859","0.166667"
"136184859","2394854684","0.166667"
"2394854684","136184859","0.166667"
"1505096505","2001987823","1.86667"
"2001987823","1505096505","1.86667"
"1505096505","2006245314","0.166667"
"2006245314","1505096505","0.166667"
"1505096505","2134422067","0.166667"
"2134422067","1505096505","0.166667"
"1505096505","2147679264","6.36667"
"2147679264","1505096505","6.36667"
"1505096505","2394854684","0.366667"
"2394854684","1505096505","0.366667"
"2001987823","2006245314","0.166667"
"2006245314","2001987823","0.166667"
"2001987823","2134422067","0.166667"
"2134422067","2001987823","0.166667"
"2001987823","2147679264","0.866667"
"2147679264","2001987823","0.866667"
"2001987823","2394854684","0.366667"
"2394854684","2001987823","0.366667"
"2006245314","2134422067","0.166667"
"2134422067","2006245314","0.166667"
"2006245314","2147679264","0.166667"
"2147679264","2006245314","0.166667"
"2006245314","2394854684","0.166667"
"2394854684","2006245314","0.166667"
"2134422067","2147679264","0.166667"
"2147679264","2134422067","0.166667"
"2134422067","2394854684","0.166667"
"2394854684","2134422067","0.166667"
"2147679264","2394854684","0.366667"
"2394854684","2147679264","0.366667"
"136184859","2408318924","1"
"2408318924","136184859","1"
"1505096505","2066430820","2.2"
"2066430820","1505096505","2.2"
"2066430820","2147679264","2.2"
"2147679264","2066430820","2.2"
"1505096505","1590946104","1.2"
"1590946104","1505096505","1.2"
"1590946104","2001987823","1.2"
"2001987823","1590946104","1.2"
"1590946104","2066430820","3.7"
"2066430820","1590946104","3.7"
"1590946104","2147679264","0.2"
"2147679264","1590946104","0.2"
"1590946104","2394854684","2.7"
"2394854684","1590946104","2.7"
"2001987823","2066430820","0.2"
"2066430820","2001987823","0.2"
"2066430820","2394854684","1.7"
"2394854684","2066430820","1.7"
"1505096505","2090534945","0.5"
"2090534945","1505096505","0.5"
"2090534945","2147679264","0.5"
"2147679264","2090534945","0.5"
"1540887340","1586064881","0.47619"
"1586064881","1540887340","0.47619"
"1540887340","1969525173","0.142857"
"1969525173","1540887340","0.142857"
"1540887340","1988464962","0.142857"
"1988464962","1540887340","0.142857"
"1540887340","2006245314","0.142857"
"2006245314","1540887340","0.142857"
"1540887340","2069818276","0.142857"
"2069818276","1540887340","0.142857"
"1586064881","1969525173","0.142857"
"1969525173","1586064881","0.142857"
"1586064881","1988464962","0.285714"
"1988464962","1586064881","0.285714"
"1586064881","2006245314","0.285714"
"2006245314","1586064881","0.285714"
"1586064881","2069818276","0.142857"
"2069818276","1586064881","0.142857"
"1586064881","2147432593","0.285714"
"2147432593","1586064881","0.285714"
"1586064881","2165197950","2.11905"
"2165197950","1586064881","2.11905"
"1969525173","1988464962","0.142857"
"1988464962","1969525173","0.142857"
"1969525173","2006245314","0.142857"
"2006245314","1969525173","0.142857"
"1969525173","2069818276","0.142857"
"2069818276","1969525173","0.142857"
"1969525173","2147432593","0.142857"
"2147432593","1969525173","0.142857"
"1969525173","2165197950","0.142857"
"2165197950","1969525173","0.142857"
"1988464962","2006245314","0.452381"
"2006245314","1988464962","0.452381"
"1988464962","2069818276","0.142857"
"2069818276","1988464962","0.142857"
"1988464962","2147432593","0.452381"
"2147432593","1988464962","0.452381"
"1988464962","2165197950","0.452381"
"2165197950","1988464962","0.452381"
"2006245314","2069818276","0.142857"
"2069818276","2006245314","0.142857"
"2006245314","2147432593","0.702381"
"2147432593","2006245314","0.702381"
"2006245314","2165197950","2.20238"
"2165197950","2006245314","2.20238"
"2069818276","2147432593","1.97619"
"2147432593","2069818276","1.97619"
"2069818276","2165197950","0.142857"
"2165197950","2069818276","0.142857"
"1586064881","93770828","0.97619"
"93770828","1586064881","0.97619"
"1586064881","2066746339","1"
"2066746339","1586064881","1"
"1586064881","192895065","1.14286"
"192895065","1586064881","1.14286"
"1586064881","2096811081","0.142857"
"2096811081","1586064881","0.142857"
"192895065","1988464962","0.142857"
"1988464962","192895065","0.142857"
"192895065","2006245314","1.14286"
"2006245314","192895065","1.14286"
"192895065","2096811081","0.142857"
"2096811081","192895065","0.142857"
"1988464962","2096811081","0.142857"
"2096811081","1988464962","0.142857"
"1988464962","93770828","0.309524"
"93770828","1988464962","0.309524"
"2006245314","2096811081","0.142857"
"2096811081","2006245314","0.142857"
"2006245314","93770828","0.309524"
"93770828","2006245314","0.309524"
"2096811081","2165197950","1.14286"
"2165197950","2096811081","1.14286"
"2096811081","93770828","0.142857"
"93770828","2096811081","0.142857"
"1586064881","2076775570","1"
"2076775570","1586064881","1"
"1591874225","1970941603","0.0909091"
"1970941603","1591874225","0.0909091"
"1591874225","2080965661","0.0909091"
"2080965661","1591874225","0.0909091"
"1591874225","2156869896","0.0909091"
"2156869896","1591874225","0.0909091"
"1591874225","2394957087","0.0909091"
"2394957087","1591874225","0.0909091"
"1591874225","2610766202","0.0909091"
"2610766202","1591874225","0.0909091"
"1965931250","1970941603","0.840909"
"1970941603","1965931250","0.840909"
"1965931250","2080965661","0.924242"
"2080965661","1965931250","0.924242"
"1965931250","2156869896","0.0909091"
"2156869896","1965931250","0.0909091"
"1965931250","2394957087","0.0909091"
"2394957087","1965931250","0.0909091"
"1965931250","2610766202","0.0909091"
"2610766202","1965931250","0.0909091"
"1970941603","2022360138","0.674242"
"2022360138","1970941603","0.674242"
"1970941603","2060850044","0.0909091"
"2060850044","1970941603","0.0909091"
"1970941603","2080965661","0.0909091"
"2080965661","1970941603","0.0909091"
"1970941603","2103700053","0.0909091"
"2103700053","1970941603","0.0909091"
"1970941603","2134422067","0.0909091"
"2134422067","1970941603","0.0909091"
"1970941603","2147432593","0.507576"
"2147432593","1970941603","0.507576"
"1970941603","2156869896","0.0909091"
"2156869896","1970941603","0.0909091"
"1970941603","2394957087","0.0909091"
"2394957087","1970941603","0.0909091"
"1970941603","2610766202","0.0909091"
"2610766202","1970941603","0.0909091"
"2022360138","2080965661","0.424242"
"2080965661","2022360138","0.424242"
"2022360138","2156869896","0.0909091"
"2156869896","2022360138","0.0909091"
"2022360138","2394957087","0.0909091"
"2394957087","2022360138","0.0909091"
"2022360138","2610766202","0.0909091"
"2610766202","2022360138","0.0909091"
"2060850044","2080965661","0.0909091"
"2080965661","2060850044","0.0909091"
"2060850044","2156869896","0.0909091"
"2156869896","2060850044","0.0909091"
"2060850044","2394957087","0.0909091"
"2394957087","2060850044","0.0909091"
"2060850044","2610766202","0.0909091"
"2610766202","2060850044","0.0909091"
"2080965661","2103700053","0.0909091"
"2103700053","2080965661","0.0909091"
"2080965661","2134422067","1.09091"
"2134422067","2080965661","1.09091"
"2080965661","2147432593","0.424242"
"2147432593","2080965661","0.424242"
"2080965661","2156869896","0.0909091"
"2156869896","2080965661","0.0909091"
"2080965661","2394957087","0.0909091"
"2394957087","2080965661","0.0909091"
"2080965661","2610766202","0.424242"
"2610766202","2080965661","0.424242"
"2103700053","2156869896","1.09091"
"2156869896","2103700053","1.09091"
"2103700053","2394957087","0.0909091"
"2394957087","2103700053","0.0909091"
"2103700053","2610766202","0.0909091"
"2610766202","2103700053","0.0909091"
"2134422067","2156869896","0.0909091"
"2156869896","2134422067","0.0909091"
"2134422067","2394957087","0.0909091"
"2394957087","2134422067","0.0909091"
"2134422067","2610766202","0.0909091"
"2610766202","2134422067","0.0909091"
"2147432593","2156869896","0.0909091"
"2156869896","2147432593","0.0909091"
"2147432593","2394957087","0.0909091"
"2394957087","2147432593","0.0909091"
"2147432593","2610766202","0.0909091"
"2610766202","2147432593","0.0909091"
"2156869896","2394957087","0.0909091"
"2394957087","2156869896","0.0909091"
"2156869896","2610766202","0.0909091"
"2610766202","2156869896","0.0909091"
"2394957087","2610766202","0.290909"
"2610766202","2394957087","0.290909"
"1591874225","2161790114","1"
"2161790114","1591874225","1"
"1754692908","2029624068","1"
"2029624068","1754692908","1"
"1754692908","2023754107","1"
"2023754107","1754692908","1"
"1754692908","2754484422","1"
"2754484422","1754692908","1"
"192895065","1994163494","1"
"1994163494","192895065","1"
"192895065","2553573790","1"
"2553573790","192895065","1"
"192895065","2080703155","1"
"2080703155","192895065","1"
"192895065","2021322825","1"
"2021322825","192895065","1"
"1964843483","2060850044","0.333333"
"2060850044","1964843483","0.333333"
"1964843483","2096811081","0.333333"
"2096811081","1964843483","0.333333"
"1964843483","2147432593","1"
"2147432593","1964843483","1"
"1964843483","2022077671","0.5"
"2022077671","1964843483","0.5"
"1964843483","2405023176","0.5"
"2405023176","1964843483","0.5"
"2022077671","2405023176","0.5"
"2405023176","2022077671","0.5"
"1965931250","2013277903","0.166667"
"2013277903","1965931250","0.166667"
"2004913103","2013277903","0.166667"
"2013277903","2004913103","0.166667"
"2013277903","2022360138","0.166667"
"2022360138","2013277903","0.166667"
"2013277903","2060850044","0.166667"
"2060850044","2013277903","0.166667"
"2013277903","2070558619","0.166667"
"2070558619","2013277903","0.166667"
"2013277903","2147432593","0.166667"
