"1002545948","1564397977","1.15026"
"1564397977","1002545948","1.15026"
"1002545948","204122382","2.43792"
"204122382","1002545948","2.43792"
"1002545948","2261357919","0.726018"
"2261357919","1002545948","0.726018"
"1002545948","2425862633","0.995498"
"2425862633","1002545948","0.995498"
"1002545948","2546776436","0.516927"
"2546776436","1002545948","0.516927"
"1002545948","2613950772","0.516927"
"2613950772","1002545948","0.516927"
"1002545948","2784834763","0.154589"
"2784834763","1002545948","0.154589"
"1002545948","2972207043","0.316927"
"2972207043","1002545948","0.316927"
"1002545948","968816485","0.20202"
"968816485","1002545948","0.20202"
"1564397977","204122382","0.687923"
"204122382","1564397977","0.687923"
"1564397977","2261357919","0.426018"
"2261357919","1564397977","0.426018"
"1564397977","2425862633","0.35661"
"2425862633","1564397977","0.35661"
"1564397977","2546776436","0.428038"
"2546776436","1564397977","0.428038"
"1564397977","2613950772","0.428038"
"2613950772","1564397977","0.428038"
"1564397977","2784834763","0.2657"
"2784834763","1564397977","0.2657"
"1564397977","2972207043","0.428038"
"2972207043","1564397977","0.428038"
"1564397977","968816485","0.20202"
"968816485","1564397977","0.20202"
"204122382","2261357919","0.354589"
"2261357919","204122382","0.354589"
"204122382","2425862633","1.23792"
"2425862633","204122382","1.23792"
"204122382","2546776436","0.154589"
"2546776436","204122382","0.154589"
"204122382","2613950772","0.154589"
"2613950772","204122382","0.154589"
"204122382","2784834763","0.154589"
"2784834763","204122382","0.154589"
"204122382","2972207043","0.154589"
"2972207043","204122382","0.154589"
"204122382","968816485","0.444444"
"968816485","204122382","0.444444"
"2261357919","2425862633","0.354589"
"2425862633","2261357919","0.354589"
"2261357919","2546776436","0.226018"
"2546776436","2261357919","0.226018"
"2261357919","2613950772","0.226018"
"2613950772","2261357919","0.226018"
"2261357919","2784834763","0.154589"
"2784834763","2261357919","0.154589"
"2261357919","2972207043","0.226018"
"2972207043","2261357919","0.226018"
"2261357919","968816485","0.111111"
"968816485","2261357919","0.111111"
"2425862633","2546776436","2.61613"
"2546776436","2425862633","2.61613"
"2425862633","2613950772","3.11613"
"2613950772","2425862633","3.11613"
"2425862633","2784834763","0.7657"
"2784834763","2425862633","0.7657"
"2425862633","2972207043","0.866133"
"2972207043","2425862633","0.866133"
"2425862633","968816485","2.53535"
"968816485","2425862633","2.53535"
"2546776436","2613950772","6.38201"
"2613950772","2546776436","6.38201"
"2546776436","2784834763","0.2657"
"2784834763","2546776436","0.2657"
"2546776436","2972207043","1.13756"
"2972207043","2546776436","1.13756"
"2546776436","968816485","0.20202"
"968816485","2546776436","0.20202"
"2613950772","2784834763","0.2657"
"2784834763","2613950772","0.2657"
"2613950772","2972207043","1.13756"
"2972207043","2613950772","1.13756"
"2613950772","968816485","0.20202"
"968816485","2613950772","0.20202"
"2784834763","2972207043","0.2657"
"2972207043","2784834763","0.2657"
"2784834763","968816485","0.111111"
"968816485","2784834763","0.111111"
"2972207043","968816485","0.20202"
"968816485","2972207043","0.20202"
"1002545948","28891281","1.31491"
"28891281","1002545948","1.31491"
"204122382","28891281","0.943478"
"28891281","204122382","0.943478"
"1002545948","2005534629","0.5"
"2005534629","1002545948","0.5"
"1002545948","2201094956","0.814907"
"2201094956","1002545948","0.814907"
"2005534629","2201094956","0.7"
"2201094956","2005534629","0.7"
"1002545948","2004688267","2.14824"
"2004688267","1002545948","2.14824"
"1002545948","2337132394","0.705816"
"2337132394","1002545948","0.705816"
"2004688267","204122382","3.02681"
"204122382","2004688267","3.02681"
"2004688267","2337132394","0.614907"
"2337132394","2004688267","0.614907"
"2004688267","2425862633","1.29348"
"2425862633","2004688267","1.29348"
"204122382","2337132394","0.293478"
"2337132394","204122382","0.293478"
"2337132394","2425862633","2.97724"
"2425862633","2337132394","2.97724"
"1002545948","2783264848","1.20582"
"2783264848","1002545948","1.20582"
"1002545948","2805433485","0.134387"
"2805433485","1002545948","0.134387"
"1002545948","2904156144","0.205816"
"2904156144","1002545948","0.205816"
"1002545948","658686476","0.855816"
"658686476","1002545948","0.855816"
"1564397977","2337132394","0.205816"
"2337132394","1564397977","0.205816"
"1564397977","2783264848","1.31693"
"2783264848","1564397977","1.31693"
"1564397977","2805433485","0.134387"
"2805433485","1564397977","0.134387"
"1564397977","2904156144","0.205816"
"2904156144","1564397977","0.205816"
"1564397977","658686476","0.205816"
"658686476","1564397977","0.205816"
"2337132394","2546776436","0.998673"
"2546776436","2337132394","0.998673"
"2337132394","2613950772","0.998673"
"2613950772","2337132394","0.998673"
"2337132394","2783264848","2.49867"
"2783264848","2337132394","2.49867"
"2337132394","2805433485","0.134387"
"2805433485","2337132394","0.134387"
"2337132394","2904156144","0.205816"
"2904156144","2337132394","0.205816"
"2337132394","2972207043","0.748673"
"2972207043","2337132394","0.748673"
"2337132394","658686476","0.598673"
"658686476","2337132394","0.598673"
"2337132394","968816485","0.0909091"
"968816485","2337132394","0.0909091"
"2425862633","2783264848","6.00502"
"2783264848","2425862633","6.00502"
"2425862633","2805433485","0.134387"
"2805433485","2425862633","0.134387"
"2425862633","2904156144","0.467721"
"2904156144","2425862633","0.467721"
"2425862633","658686476","1.97724"
"658686476","2425862633","1.97724"
"2546776436","2783264848","3.20978"
"2783264848","2546776436","3.20978"
"2546776436","2805433485","0.234387"
"2805433485","2546776436","0.234387"
"2546776436","2904156144","0.305816"
"2904156144","2546776436","0.305816"
"2546776436","658686476","1.06534"
"658686476","2546776436","1.06534"
"2613950772","2783264848","3.45978"
"2783264848","2613950772","3.45978"
"2613950772","2805433485","0.484387"
"2805433485","2613950772","0.484387"
"2613950772","2904156144","0.305816"
"2904156144","2613950772","0.305816"
"2613950772","658686476","1.06534"
"658686476","2613950772","1.06534"
"2783264848","2805433485","1.48439"
"2805433485","2783264848","1.48439"
"2783264848","2904156144","0.805816"
"2904156144","2783264848","0.805816"
"2783264848","2972207043","2.52645"
"2972207043","2783264848","2.52645"
"2783264848","658686476","0.948673"
"658686476","2783264848","0.948673"
"2783264848","968816485","0.0909091"
"968816485","2783264848","0.0909091"
"2805433485","2904156144","0.434387"
"2904156144","2805433485","0.434387"
"2805433485","2972207043","0.334387"
"2972207043","2805433485","0.334387"
"2805433485","658686476","0.234387"
"658686476","2805433485","0.234387"
"2805433485","968816485","0.0909091"
"968816485","2805433485","0.0909091"
"2904156144","2972207043","0.905816"
"2972207043","2904156144","0.905816"
"2904156144","658686476","0.305816"
"658686476","2904156144","0.305816"
"2904156144","968816485","0.0909091"
"968816485","2904156144","0.0909091"
"2972207043","658686476","0.626451"
"658686476","2972207043","0.626451"
"658686476","968816485","0.424242"
"968816485","658686476","0.424242"
"1002545948","2485325085","0.114907"
"2485325085","1002545948","0.114907"
"1002545948","69868437","0.114907"
"69868437","1002545948","0.114907"
"1564397977","2004688267","0.64824"
"2004688267","1564397977","0.64824"
"1564397977","2201094956","0.114907"
"2201094956","1564397977","0.114907"
"1564397977","2485325085","0.114907"
"2485325085","1564397977","0.114907"
"1564397977","28891281","0.981574"
"28891281","1564397977","0.981574"
"1564397977","69868437","0.114907"
"69868437","1564397977","0.114907"
"2004688267","2201094956","0.314907"
"2201094956","2004688267","0.314907"
"2004688267","2261357919","0.314907"
"2261357919","2004688267","0.314907"
"2004688267","2485325085","0.114907"
"2485325085","2004688267","0.114907"
"2004688267","2546776436","0.114907"
"2546776436","2004688267","0.114907"
"2004688267","2613950772","0.114907"
"2613950772","2004688267","0.114907"
"2004688267","2783264848","0.114907"
"2783264848","2004688267","0.114907"
"2004688267","28891281","0.514907"
"28891281","2004688267","0.514907"
"2004688267","2904156144","0.114907"
"2904156144","2004688267","0.114907"
"2004688267","2972207043","0.114907"
"2972207043","2004688267","0.114907"
"2004688267","658686476","0.564907"
"658686476","2004688267","0.564907"
"2004688267","69868437","0.114907"
"69868437","2004688267","0.114907"
"2201094956","2261357919","0.381573"
"2261357919","2201094956","0.381573"
"2201094956","2337132394","0.114907"
"2337132394","2201094956","0.114907"
"2201094956","2485325085","0.364907"
"2485325085","2201094956","0.364907"
"2201094956","2546776436","0.364907"
"2546776436","2201094956","0.364907"
"2201094956","2613950772","0.364907"
"2613950772","2201094956","0.364907"
"2201094956","2783264848","0.44824"
"2783264848","2201094956","0.44824"
"2201094956","28891281","0.759351"
"28891281","2201094956","0.759351"
"2201094956","2904156144","0.114907"
"2904156144","2201094956","0.114907"
"2201094956","2972207043","0.226018"
"2972207043","2201094956","0.226018"
"2201094956","658686476","4.20935"
"658686476","2201094956","4.20935"
"2201094956","69868437","0.181573"
"69868437","2201094956","0.181573"
"2261357919","2337132394","0.114907"
"2337132394","2261357919","0.114907"
"2261357919","2485325085","0.114907"
"2485325085","2261357919","0.114907"
"2261357919","2783264848","0.614907"
"2783264848","2261357919","0.614907"
"2261357919","28891281","0.314907"
"28891281","2261357919","0.314907"
"2261357919","2904156144","0.114907"
"2904156144","2261357919","0.114907"
"2261357919","658686476","1.31491"
"658686476","2261357919","1.31491"
"2261357919","69868437","0.181573"
"69868437","2261357919","0.181573"
"2337132394","2485325085","0.457764"
"2485325085","2337132394","0.457764"
"2337132394","28891281","0.114907"
"28891281","2337132394","0.114907"
"2337132394","69868437","0.114907"
"69868437","2337132394","0.114907"
"2485325085","2546776436","3.15221"
"2546776436","2485325085","3.15221"
"2485325085","2613950772","2.65221"
"2613950772","2485325085","2.65221"
"2485325085","2783264848","0.791097"
"2783264848","2485325085","0.791097"
"2485325085","28891281","0.114907"
"28891281","2485325085","0.114907"
"2485325085","2904156144","0.114907"
"2904156144","2485325085","0.114907"
"2485325085","2972207043","0.457764"
"2972207043","2485325085","0.457764"
"2485325085","658686476","0.507764"
"658686476","2485325085","0.507764"
"2485325085","69868437","0.114907"
"69868437","2485325085","0.114907"
"2546776436","28891281","0.226018"
"28891281","2546776436","0.226018"
"2546776436","69868437","0.114907"
"69868437","2546776436","0.114907"
"2613950772","28891281","0.226018"
"28891281","2613950772","0.226018"
"2613950772","69868437","0.114907"
"69868437","2613950772","0.114907"
"2783264848","28891281","0.559351"
"28891281","2783264848","0.559351"
"2783264848","69868437","0.114907"
"69868437","2783264848","0.114907"
"28891281","2904156144","0.114907"
"2904156144","28891281","0.114907"
"28891281","2972207043","0.337129"
"2972207043","28891281","0.337129"
"28891281","658686476","1.25935"
"658686476","28891281","1.25935"
"28891281","69868437","0.614907"
"69868437","28891281","0.614907"
"2904156144","69868437","0.114907"
"69868437","2904156144","0.114907"
"2972207043","69868437","0.114907"
"69868437","2972207043","0.114907"
"658686476","69868437","0.614907"
"69868437","658686476","0.614907"
"1002545948","1996558793","0.0434783"
"1996558793","1002545948","0.0434783"
"1002545948","2806899844","0.493478"
"2806899844","1002545948","0.493478"
"1002545948","2888733172","0.0434783"
"2888733172","1002545948","0.0434783"
"1002545948","2899401858","0.0434783"
"2899401858","1002545948","0.0434783"
"1002545948","2991224497","0.0434783"
"2991224497","1002545948","0.0434783"
"1564397977","1996558793","0.0434783"
"1996558793","1564397977","0.0434783"
"1564397977","2806899844","0.0990338"
"2806899844","1564397977","0.0990338"
"1564397977","2888733172","0.0434783"
"2888733172","1564397977","0.0434783"
"1564397977","2899401858","0.0434783"
"2899401858","1564397977","0.0434783"
"1564397977","2991224497","0.0434783"
"2991224497","1564397977","0.0434783"
"1996558793","2004688267","0.0434783"
"2004688267","1996558793","0.0434783"
"1996558793","204122382","1.04348"
"204122382","1996558793","1.04348"
"1996558793","2201094956","0.154589"
"2201094956","1996558793","0.154589"
"1996558793","2261357919","0.0434783"
"2261357919","1996558793","0.0434783"
"1996558793","2337132394","0.0434783"
"2337132394","1996558793","0.0434783"
"1996558793","2425862633","0.0434783"
"2425862633","1996558793","0.0434783"
"1996558793","2485325085","0.154589"
"2485325085","1996558793","0.154589"
"1996558793","2546776436","0.154589"
"2546776436","1996558793","0.154589"
"1996558793","2613950772","0.154589"
"2613950772","1996558793","0.154589"
"1996558793","2783264848","0.0434783"
"2783264848","1996558793","0.0434783"
"1996558793","2784834763","0.0434783"
"2784834763","1996558793","0.0434783"
"1996558793","2805433485","0.0434783"
"2805433485","1996558793","0.0434783"
"1996558793","2806899844","0.154589"
"2806899844","1996558793","0.154589"
"1996558793","2888733172","0.0434783"
"2888733172","1996558793","0.0434783"
"1996558793","28891281","0.154589"
"28891281","1996558793","0.154589"
"1996558793","2899401858","0.0434783"
"2899401858","1996558793","0.0434783"
"1996558793","2904156144","0.0434783"
"2904156144","1996558793","0.0434783"
"1996558793","2972207043","0.154589"
"2972207043","1996558793","0.154589"
"1996558793","2991224497","0.0434783"
"2991224497","1996558793","0.0434783"
"1996558793","658686476","0.154589"
"658686476","1996558793","0.154589"
"1996558793","69868437","0.0434783"
"69868437","1996558793","0.0434783"
"2004688267","2784834763","0.0434783"
"2784834763","2004688267","0.0434783"
"2004688267","2805433485","0.0434783"
"2805433485","2004688267","0.0434783"
"2004688267","2806899844","0.293478"
"2806899844","2004688267","0.293478"
"2004688267","2888733172","0.0434783"
"2888733172","2004688267","0.0434783"
"2004688267","2899401858","0.0434783"
"2899401858","2004688267","0.0434783"
"2004688267","2991224497","0.0434783"
"2991224497","2004688267","0.0434783"
"204122382","2201094956","0.243478"
"2201094956","204122382","0.243478"
"204122382","2485325085","0.0434783"
"2485325085","204122382","0.0434783"
"204122382","2783264848","0.543478"
"2783264848","204122382","0.543478"
"204122382","2805433485","0.0434783"
"2805433485","204122382","0.0434783"
"204122382","2806899844","0.0434783"
"2806899844","204122382","0.0434783"
"204122382","2888733172","0.0434783"
"2888733172","204122382","0.0434783"
"204122382","2899401858","0.0434783"
"2899401858","204122382","0.0434783"
"204122382","2904156144","0.0434783"
"2904156144","204122382","0.0434783"
"204122382","2991224497","0.0434783"
"2991224497","204122382","0.0434783"
"204122382","658686476","0.576812"
"658686476","204122382","0.576812"
"204122382","69868437","0.0434783"
"69868437","204122382","0.0434783"
"2201094956","2425862633","0.243478"
"2425862633","2201094956","0.243478"
"2201094956","2784834763","0.0434783"
"2784834763","2201094956","0.0434783"
"2201094956","2805433485","0.0434783"
"2805433485","2201094956","0.0434783"
"2201094956","2806899844","0.110145"
"2806899844","2201094956","0.110145"
"2201094956","2888733172","0.0434783"
"2888733172","2201094956","0.0434783"
"2201094956","2899401858","0.0434783"
"2899401858","2201094956","0.0434783"
"2201094956","2991224497","0.0434783"
"2991224497","2201094956","0.0434783"
"2261357919","2805433485","0.0434783"
"2805433485","2261357919","0.0434783"
"2261357919","2806899844","0.110145"
"2806899844","2261357919","0.110145"
"2261357919","2888733172","0.0434783"
"2888733172","2261357919","0.0434783"
"2261357919","2899401858","0.0434783"
"2899401858","2261357919","0.0434783"
"2261357919","2991224497","0.0434783"
"2991224497","2261357919","0.0434783"
"2337132394","2784834763","0.543478"
"2784834763","2337132394","0.543478"
"2337132394","2806899844","0.293478"
"2806899844","2337132394","0.293478"
"2337132394","2888733172","0.0434783"
"2888733172","2337132394","0.0434783"
"2337132394","2899401858","0.0434783"
"2899401858","2337132394","0.0434783"
"2337132394","2991224497","0.0434783"
"2991224497","2337132394","0.0434783"
"2425862633","2485325085","0.686335"
"2485325085","2425862633","0.686335"
"2425862633","2806899844","0.0434783"
"2806899844","2425862633","0.0434783"
"2425862633","2888733172","0.0434783"
"2888733172","2425862633","0.0434783"
"2425862633","28891281","0.154589"
"28891281","2425862633","0.154589"
"2425862633","2899401858","0.0434783"
"2899401858","2425862633","0.0434783"
"2425862633","2991224497","1.54348"
"2991224497","2425862633","1.54348"
"2425862633","69868437","0.0434783"
"69868437","2425862633","0.0434783"
"2485325085","2784834763","0.0434783"
"2784834763","2485325085","0.0434783"
"2485325085","2805433485","0.0434783"
"2805433485","2485325085","0.0434783"
"2485325085","2806899844","0.154589"
"2806899844","2485325085","0.154589"
"2485325085","2888733172","0.0434783"
"2888733172","2485325085","0.0434783"
"2485325085","2899401858","0.0434783"
"2899401858","2485325085","0.0434783"
"2485325085","2991224497","0.0434783"
"2991224497","2485325085","0.0434783"
"2546776436","2806899844","0.454589"
"2806899844","2546776436","0.454589"
"2546776436","2888733172","0.0434783"
"2888733172","2546776436","0.0434783"
"2546776436","2899401858","0.0434783"
"2899401858","2546776436","0.0434783"
"2546776436","2991224497","0.310145"
"2991224497","2546776436","0.310145"
"2613950772","2806899844","0.704589"
"2806899844","2613950772","0.704589"
"2613950772","2888733172","0.0434783"
"2888733172","2613950772","0.0434783"
"2613950772","2899401858","0.0434783"
"2899401858","2613950772","0.0434783"
"2613950772","2991224497","0.310145"
"2991224497","2613950772","0.310145"
"2783264848","2784834763","0.154589"
"2784834763","2783264848","0.154589"
"2783264848","2806899844","1.39348"
"2806899844","2783264848","1.39348"
"2783264848","2888733172","0.0434783"
"2888733172","2783264848","0.0434783"
"2783264848","2899401858","0.0434783"
"2899401858","2783264848","0.0434783"
"2783264848","2991224497","0.310145"
"2991224497","2783264848","0.310145"
"2784834763","2805433485","0.0434783"
"2805433485","2784834763","0.0434783"
"2784834763","2806899844","0.0434783"
"2806899844","2784834763","0.0434783"
"2784834763","2888733172","0.0434783"
"2888733172","2784834763","0.0434783"
"2784834763","28891281","0.154589"
"28891281","2784834763","0.154589"
"2784834763","2899401858","0.0434783"
"2899401858","2784834763","0.0434783"
"2784834763","2904156144","0.0434783"
"2904156144","2784834763","0.0434783"
"2784834763","2991224497","0.0434783"
"2991224497","2784834763","0.0434783"
"2784834763","658686476","0.0434783"
"658686476","2784834763","0.0434783"
"2784834763","69868437","0.0434783"
"69868437","2784834763","0.0434783"
"2805433485","2806899844","1.39348"
"2806899844","2805433485","1.39348"
"2805433485","2888733172","2.37681"
"2888733172","2805433485","2.37681"
"2805433485","28891281","0.0434783"
"28891281","2805433485","0.0434783"
"2805433485","2899401858","0.243478"
"2899401858","2805433485","0.243478"
"2805433485","2991224497","0.143478"
"2991224497","2805433485","0.143478"
"2805433485","69868437","0.0434783"
"69868437","2805433485","0.0434783"
"2806899844","2888733172","1.04348"
"2888733172","2806899844","1.04348"
"2806899844","28891281","0.0990338"
"28891281","2806899844","0.0990338"
"2806899844","2899401858","0.0434783"
"2899401858","2806899844","0.0434783"
"2806899844","2904156144","0.143478"
"2904156144","2806899844","0.143478"
"2806899844","2972207043","0.0434783"
"2972207043","2806899844","0.0434783"
"2806899844","2991224497","0.143478"
"2991224497","2806899844","0.143478"
"2806899844","658686476","0.593478"
"658686476","2806899844","0.593478"
"2806899844","69868437","0.110145"
"69868437","2806899844","0.110145"
"2888733172","28891281","0.0434783"
"28891281","2888733172","0.0434783"
"2888733172","2899401858","0.0434783"
"2899401858","2888733172","0.0434783"
"2888733172","2904156144","0.0434783"
"2904156144","2888733172","0.0434783"
"2888733172","2972207043","0.0434783"
"2972207043","2888733172","0.0434783"
"2888733172","2991224497","0.0434783"
"2991224497","2888733172","0.0434783"
"2888733172","658686476","0.0434783"
"658686476","2888733172","0.0434783"
"2888733172","69868437","0.0434783"
"69868437","2888733172","0.0434783"
"28891281","2899401858","0.0434783"
"2899401858","28891281","0.0434783"
"28891281","2991224497","0.0434783"
"2991224497","28891281","0.0434783"
"2899401858","2904156144","0.243478"
"2904156144","2899401858","0.243478"
"2899401858","2972207043","0.243478"
"2972207043","2899401858","0.243478"
"2899401858","2991224497","0.0434783"
"2991224497","2899401858","0.0434783"
"2899401858","658686476","0.0434783"
"658686476","2899401858","0.0434783"
"2899401858","69868437","0.0434783"
"69868437","2899401858","0.0434783"
"2904156144","2991224497","0.476812"
"2991224497","2904156144","0.476812"
"2972207043","2991224497","0.210145"
"2991224497","2972207043","0.210145"
"2991224497","658686476","0.310145"
"658686476","2991224497","0.310145"
"2991224497","69868437","0.0434783"
"69868437","2991224497","0.0434783"
"1002545948","2899224101","0.2"
"2899224101","1002545948","0.2"
"2546776436","2899224101","0.3"
"2899224101","2546776436","0.3"
"2613950772","2899224101","0.3"
"2899224101","2613950772","0.3"
"2806899844","2899224101","0.3"
"2899224101","2806899844","0.3"
"2899224101","658686476","0.3"
"658686476","2899224101","0.3"
"125881891","2149891488","1.11111"
"2149891488","125881891","1.11111"
"125881891","1545838510","0.25"
"1545838510","125881891","0.25"
"125881891","2010894040","0.25"
"2010894040","125881891","0.25"
"125881891","2921129956","0.25"
"2921129956","125881891","0.25"
"125881891","80558616","0.25"
"80558616","125881891","0.25"
"1545838510","2010894040","4.10833"
"2010894040","1545838510","4.10833"
"1545838510","2921129956","0.25"
"2921129956","1545838510","0.25"
"1545838510","80558616","2.375"
"80558616","1545838510","2.375"
"2010894040","2921129956","0.25"
"2921129956","2010894040","0.25"
"2010894040","80558616","2.375"
"80558616","2010894040","2.375"
"2921129956","80558616","0.25"
"80558616","2921129956","0.25"
"125881891","1577402524","0.444444"
"1577402524","125881891","0.444444"
"125881891","2127782058","0.333333"
"2127782058","125881891","0.333333"
"125881891","53305734","0.444444"
"53305734","125881891","0.444444"
"1577402524","2127782058","0.972222"
"2127782058","1577402524","0.972222"
"1577402524","53305734","1.025"
"53305734","1577402524","1.025"
"2127782058","53305734","0.513889"
"53305734","2127782058","0.513889"
"125881891","1511819051","0.111111"
"1511819051","125881891","0.111111"
"125881891","1997499340","0.111111"
"1997499340","125881891","0.111111"
"125881891","2023882703","0.111111"
"2023882703","125881891","0.111111"
"125881891","2067260547","0.111111"
"2067260547","125881891","0.111111"
"125881891","2095038777","0.111111"
"2095038777","125881891","0.111111"
"125881891","2108856251","0.111111"
"2108856251","125881891","0.111111"
"1511819051","1577402524","0.233333"
"1577402524","1511819051","0.233333"
"1511819051","1997499340","4.90278"
"1997499340","1511819051","4.90278"
"1511819051","2023882703","0.291667"
"2023882703","1511819051","0.291667"
"1511819051","2067260547","1.29167"
"2067260547","1511819051","1.29167"
"1511819051","2095038777","0.236111"
"2095038777","1511819051","0.236111"
"1511819051","2108856251","0.111111"
"2108856251","1511819051","0.111111"
"1511819051","2149891488","2.025"
"2149891488","1511819051","2.025"
"1511819051","53305734","0.416667"
"53305734","1511819051","0.416667"
"1577402524","1997499340","0.111111"
"1997499340","1577402524","0.111111"
"1577402524","2023882703","2"
"2023882703","1577402524","2"
"1577402524","2067260547","0.4"
"2067260547","1577402524","0.4"
"1577402524","2095038777","0.177778"
"2095038777","1577402524","0.177778"
"1577402524","2108856251","0.111111"
"2108856251","1577402524","0.111111"
"1577402524","2149891488","0.3"
"2149891488","1577402524","0.3"
"1997499340","2023882703","0.111111"
"2023882703","1997499340","0.111111"
"1997499340","2067260547","0.486111"
"2067260547","1997499340","0.486111"
"1997499340","2095038777","0.236111"
"2095038777","1997499340","0.236111"
"1997499340","2108856251","0.111111"
"2108856251","1997499340","0.111111"
"1997499340","2149891488","1.56944"
"2149891488","1997499340","1.56944"
"1997499340","53305734","0.486111"
"53305734","1997499340","0.486111"
"2023882703","2067260547","1.66667"
"2067260547","2023882703","1.66667"
"2023882703","2095038777","0.111111"
"2095038777","2023882703","0.111111"
"2023882703","2108856251","0.111111"
"2108856251","2023882703","0.111111"
"2023882703","2149891488","0.166667"
"2149891488","2023882703","0.166667"
"2023882703","53305734","0.166667"
"53305734","2023882703","0.166667"
"2067260547","2095038777","11.6361"
"2095038777","2067260547","11.6361"
"2067260547","2108856251","0.111111"
"2108856251","2067260547","0.111111"
"2067260547","2149891488","0.525"
"2149891488","2067260547","0.525"
"2067260547","53305734","2.10833"
"53305734","2067260547","2.10833"
"2095038777","2108856251","0.111111"
"2108856251","2095038777","0.111111"
"2095038777","2149891488","0.969444"
"2149891488","2095038777","0.969444"
"2095038777","53305734","0.636111"
"53305734","2095038777","0.636111"
"2108856251","2149891488","0.111111"
"2149891488","2108856251","0.111111"
"2108856251","53305734","0.111111"
"53305734","2108856251","0.111111"
"2149891488","53305734","2.35833"
"53305734","2149891488","2.35833"
"125881891","2005534629","0.5"
"2005534629","125881891","0.5"
"125881891","2100927527","0.5"
"2100927527","125881891","0.5"
"2005534629","2100927527","4.58889"
"2100927527","2005534629","4.58889"
"1501461439","1996558793","5.44444"
"1996558793","1501461439","5.44444"
"1501461439","2098192779","0.944444"
"2098192779","1501461439","0.944444"
"1996558793","2098192779","4.05556"
"2098192779","1996558793","4.05556"
"1501461439","2075574189","0.944444"
"2075574189","1501461439","0.944444"
"1996558793","2075574189","0.944444"
"2075574189","1996558793","0.944444"
"2075574189","2098192779","0.444444"
"2098192779","2075574189","0.444444"
"1501461439","1973264227","0.111111"
"1973264227","1501461439","0.111111"
"1501461439","2127782058","0.111111"
"2127782058","1501461439","0.111111"
"1501461439","2201094956","0.111111"
"2201094956","1501461439","0.111111"
"1501461439","28891281","0.111111"
"28891281","1501461439","0.111111"
"1501461439","2972207043","0.111111"
"2972207043","1501461439","0.111111"
"1501461439","658686476","0.111111"
"658686476","1501461439","0.111111"
"1973264227","1996558793","0.111111"
"1996558793","1973264227","0.111111"
"1973264227","2075574189","0.111111"
"2075574189","1973264227","0.111111"
"1973264227","2098192779","0.111111"
"2098192779","1973264227","0.111111"
"1973264227","2127782058","0.111111"
"2127782058","1973264227","0.111111"
"1973264227","2201094956","0.111111"
"2201094956","1973264227","0.111111"
"1973264227","28891281","0.111111"
"28891281","1973264227","0.111111"
"1973264227","2972207043","0.111111"
"2972207043","1973264227","0.111111"
"1973264227","658686476","0.111111"
"658686476","1973264227","0.111111"
"1996558793","2127782058","0.111111"
"2127782058","1996558793","0.111111"
"2075574189","2127782058","0.111111"
"2127782058","2075574189","0.111111"
"2075574189","2201094956","0.111111"
"2201094956","2075574189","0.111111"
"2075574189","28891281","0.111111"
"28891281","2075574189","0.111111"
"2075574189","2972207043","0.111111"
"2972207043","2075574189","0.111111"
"2075574189","658686476","0.111111"
"658686476","2075574189","0.111111"
"2098192779","2127782058","0.111111"
"2127782058","2098192779","0.111111"
"2098192779","2201094956","0.177778"
"2201094956","2098192779","0.177778"
"2098192779","28891281","0.111111"
"28891281","2098192779","0.111111"
"2098192779","2972207043","0.111111"
"2972207043","2098192779","0.111111"
"2098192779","658686476","0.111111"
"658686476","2098192779","0.111111"
"2127782058","2201094956","0.111111"
"2201094956","2127782058","0.111111"
"2127782058","28891281","0.166667"
"28891281","2127782058","0.166667"
"2127782058","2972207043","0.111111"
"2972207043","2127782058","0.111111"
"2127782058","658686476","0.111111"
"658686476","2127782058","0.111111"
"1511819051","2100927527","0.180556"
"2100927527","1511819051","0.180556"
"1511819051","2127782058","0.513889"
"2127782058","1511819051","0.513889"
"1511819051","2146838760","0.125"
"2146838760","1511819051","0.125"
"1997499340","2100927527","0.125"
"2100927527","1997499340","0.125"
"1997499340","2127782058","0.125"
"2127782058","1997499340","0.125"
"1997499340","2146838760","0.125"
"2146838760","1997499340","0.125"
"2067260547","2100927527","0.180556"
"2100927527","2067260547","0.180556"
"2067260547","2127782058","0.180556"
"2127782058","2067260547","0.180556"
"2067260547","2146838760","0.125"
"2146838760","2067260547","0.125"
"2095038777","2100927527","0.125"
"2100927527","2095038777","0.125"
"2095038777","2127782058","0.125"
"2127782058","2095038777","0.125"
"2095038777","2146838760","0.458333"
"2146838760","2095038777","0.458333"
"2100927527","2127782058","2.01389"
"2127782058","2100927527","2.01389"
"2100927527","2146838760","0.125"
"2146838760","2100927527","0.125"
"2100927527","2149891488","0.180556"
"2149891488","2100927527","0.180556"
"2100927527","53305734","0.180556"
"53305734","2100927527","0.180556"
"2127782058","2146838760","0.125"
"2146838760","2127782058","0.125"
"2127782058","2149891488","0.513889"
"2149891488","2127782058","0.513889"
"2146838760","2149891488","1.45833"
"2149891488","2146838760","1.45833"
"2146838760","53305734","0.125"
"53305734","2146838760","0.125"
"1511819051","1535043495","0.0555556"
"1535043495","1511819051","0.0555556"
"1511819051","1564397977","0.0555556"
"1564397977","1511819051","0.0555556"
"1511819051","1977963311","0.180556"
"1977963311","1511819051","0.180556"
"1511819051","198014941","1.18056"
"198014941","1511819051","1.18056"
"1511819051","2005534629","0.0555556"
"2005534629","1511819051","0.0555556"
"1511819051","2017913696","0.0555556"
"2017913696","1511819051","0.0555556"
"1511819051","2068876959","0.180556"
"2068876959","1511819051","0.180556"
"1511819051","2100924937","0.122222"
"2100924937","1511819051","0.122222"
"1511819051","2806899844","0.122222"
"2806899844","1511819051","0.122222"
"1511819051","28891281","0.555556"
"28891281","1511819051","0.555556"
"1511819051","80558616","0.847222"
"80558616","1511819051","0.847222"
"1535043495","1564397977","0.0555556"
"1564397977","1535043495","0.0555556"
"1535043495","1577402524","0.122222"
"1577402524","1535043495","0.122222"
"1535043495","1977963311","0.122222"
"1977963311","1535043495","0.122222"
"1535043495","198014941","0.305556"
"198014941","1535043495","0.305556"
"1535043495","2005534629","0.0555556"
"2005534629","1535043495","0.0555556"
"1535043495","2017913696","0.0555556"
"2017913696","1535043495","0.0555556"
"1535043495","2023882703","0.0555556"
"2023882703","1535043495","0.0555556"
"1535043495","2067260547","0.372222"
"2067260547","1535043495","0.372222"
"1535043495","2068876959","0.122222"
"2068876959","1535043495","0.122222"
"1535043495","2100924937","0.0555556"
"2100924937","1535043495","0.0555556"
"1535043495","2100927527","0.0555556"
"2100927527","1535043495","0.0555556"
"1535043495","2127782058","0.0555556"
"2127782058","1535043495","0.0555556"
"1535043495","2149891488","0.872222"
"2149891488","1535043495","0.872222"
"1535043495","2806899844","0.0555556"
"2806899844","1535043495","0.0555556"
"1535043495","28891281","0.0555556"
"28891281","1535043495","0.0555556"
"1535043495","53305734","2.12222"
"53305734","1535043495","2.12222"
"1535043495","80558616","0.555556"
"80558616","1535043495","0.555556"
"1564397977","1577402524","0.0555556"
"1577402524","1564397977","0.0555556"
"1564397977","1977963311","0.0555556"
"1977963311","1564397977","0.0555556"
"1564397977","198014941","0.0555556"
"198014941","1564397977","0.0555556"
"1564397977","2005534629","0.166667"
"2005534629","1564397977","0.166667"
"1564397977","2017913696","0.0555556"
"2017913696","1564397977","0.0555556"
"1564397977","2023882703","0.0555556"
"2023882703","1564397977","0.0555556"
"1564397977","2067260547","0.0555556"
"2067260547","1564397977","0.0555556"
"1564397977","2068876959","0.0555556"
"2068876959","1564397977","0.0555556"
"1564397977","2100924937","0.0555556"
"2100924937","1564397977","0.0555556"
"1564397977","2100927527","0.0555556"
"2100927527","1564397977","0.0555556"
"1564397977","2127782058","0.0555556"
"2127782058","1564397977","0.0555556"
"1564397977","2149891488","0.0555556"
"2149891488","1564397977","0.0555556"
"1564397977","53305734","0.0555556"
"53305734","1564397977","0.0555556"
"1564397977","80558616","0.0555556"
"80558616","1564397977","0.0555556"
"1577402524","1977963311","0.913889"
"1977963311","1577402524","0.913889"
"1577402524","198014941","0.0555556"
"198014941","1577402524","0.0555556"
"1577402524","2005534629","0.597222"
"2005534629","1577402524","0.597222"
"1577402524","2017913696","1.18056"
"2017913696","1577402524","1.18056"
"1577402524","2068876959","0.788889"
"2068876959","1577402524","0.788889"
"1577402524","2100924937","0.663889"
"2100924937","1577402524","0.663889"
"1577402524","2100927527","0.305556"
"2100927527","1577402524","0.305556"
"1577402524","2806899844","0.122222"
"2806899844","1577402524","0.122222"
"1577402524","28891281","0.222222"
"28891281","1577402524","0.222222"
"1577402524","80558616","0.388889"
"80558616","1577402524","0.388889"
"1977963311","198014941","0.180556"
"198014941","1977963311","0.180556"
"1977963311","2005534629","0.180556"
"2005534629","1977963311","0.180556"
"1977963311","2017913696","0.180556"
"2017913696","1977963311","0.180556"
"1977963311","2023882703","0.0555556"
"2023882703","1977963311","0.0555556"
"1977963311","2067260547","4.28889"
"2067260547","1977963311","4.28889"
"1977963311","2068876959","6.16389"
"2068876959","1977963311","6.16389"
"1977963311","2100924937","0.180556"
"2100924937","1977963311","0.180556"
"1977963311","2100927527","0.0555556"
"2100927527","1977963311","0.0555556"
"1977963311","2127782058","0.0555556"
"2127782058","1977963311","0.0555556"
"1977963311","2149891488","1.20556"
"2149891488","1977963311","1.20556"
"1977963311","2806899844","0.0555556"
"2806899844","1977963311","0.0555556"
"1977963311","28891281","0.0555556"
"28891281","1977963311","0.0555556"
"1977963311","53305734","2.45556"
"53305734","1977963311","2.45556"
"1977963311","80558616","0.180556"
"80558616","1977963311","0.180556"
"198014941","2005534629","0.0555556"
"2005534629","198014941","0.0555556"
"198014941","2017913696","0.0555556"
"2017913696","198014941","0.0555556"
"198014941","2023882703","0.0555556"
"2023882703","198014941","0.0555556"
"198014941","2067260547","0.0555556"
"2067260547","198014941","0.0555556"
"198014941","2068876959","0.180556"
"2068876959","198014941","0.180556"
"198014941","2100924937","0.0555556"
"2100924937","198014941","0.0555556"
"198014941","2100927527","0.0555556"
"2100927527","198014941","0.0555556"
"198014941","2127782058","0.0555556"
"2127782058","198014941","0.0555556"
"198014941","2149891488","2.13889"
"2149891488","198014941","2.13889"
"198014941","2806899844","0.0555556"
"2806899844","198014941","0.0555556"
"198014941","28891281","0.555556"
"28891281","198014941","0.555556"
"198014941","53305734","0.430556"
"53305734","198014941","0.430556"
"198014941","80558616","0.763889"
"80558616","198014941","0.763889"
"2005534629","2017913696","0.180556"
"2017913696","2005534629","0.180556"
"2005534629","2023882703","0.0555556"
"2023882703","2005534629","0.0555556"
"2005534629","2067260547","0.222222"
"2067260547","2005534629","0.222222"
"2005534629","2068876959","0.0555556"
"2068876959","2005534629","0.0555556"
"2005534629","2100924937","4.01389"
"2100924937","2005534629","4.01389"
"2005534629","2127782058","0.888889"
"2127782058","2005534629","0.888889"
"2005534629","2149891488","0.0555556"
"2149891488","2005534629","0.0555556"
"2005534629","2806899844","0.0555556"
"2806899844","2005534629","0.0555556"
"2005534629","28891281","0.333333"
"28891281","2005534629","0.333333"
"2005534629","53305734","0.180556"
"53305734","2005534629","0.180556"
"2005534629","80558616","0.0555556"
"80558616","2005534629","0.0555556"
"2017913696","2023882703","0.0555556"
"2023882703","2017913696","0.0555556"
"2017913696","2067260547","0.0555556"
"2067260547","2017913696","0.0555556"
"2017913696","2068876959","0.0555556"
"2068876959","2017913696","0.0555556"
"2017913696","2100924937","0.180556"
"2100924937","2017913696","0.180556"
"2017913696","2100927527","0.0555556"
"2100927527","2017913696","0.0555556"
"2017913696","2127782058","0.0555556"
"2127782058","2017913696","0.0555556"
"2017913696","2149891488","0.0555556"
"2149891488","2017913696","0.0555556"
"2017913696","2806899844","0.0555556"
"2806899844","2017913696","0.0555556"
"2017913696","28891281","0.0555556"
"28891281","2017913696","0.0555556"
"2017913696","53305734","0.180556"
"53305734","2017913696","0.180556"
"2017913696","80558616","0.0555556"
"80558616","2017913696","0.0555556"
"2023882703","2068876959","0.0555556"
"2068876959","2023882703","0.0555556"
"2023882703","2100924937","0.388889"
"2100924937","2023882703","0.388889"
"2023882703","2100927527","0.0555556"
"2100927527","2023882703","0.0555556"
"2023882703","2127782058","0.388889"
"2127782058","2023882703","0.388889"
"2023882703","2806899844","0.0555556"
"2806899844","2023882703","0.0555556"
"2023882703","28891281","0.0555556"
"28891281","2023882703","0.0555556"
"2023882703","80558616","0.555556"
"80558616","2023882703","0.555556"
"2067260547","2068876959","0.622222"
"2068876959","2067260547","0.622222"
"2067260547","2100924937","0.222222"
"2100924937","2067260547","0.222222"
"2067260547","2806899844","0.0555556"
"2806899844","2067260547","0.0555556"
"2067260547","28891281","0.222222"
"28891281","2067260547","0.222222"
"2067260547","80558616","0.305556"
"80558616","2067260547","0.305556"
"2068876959","2100924937","0.0555556"
"2100924937","2068876959","0.0555556"
"2068876959","2100927527","0.0555556"
"2100927527","2068876959","0.0555556"
"2068876959","2127782058","0.0555556"
"2127782058","2068876959","0.0555556"
"2068876959","2149891488","1.20556"
"2149891488","2068876959","1.20556"
"2068876959","2806899844","0.0555556"
"2806899844","2068876959","0.0555556"
"2068876959","28891281","0.0555556"
"28891281","2068876959","0.0555556"
"2068876959","53305734","2.66389"
"53305734","2068876959","2.66389"
"2068876959","80558616","0.180556"
"80558616","2068876959","0.180556"
"2100924937","2100927527","3.72222"
"2100927527","2100924937","3.72222"
"2100924937","2127782058","2.05556"
"2127782058","2100924937","2.05556"
"2100924937","2149891488","0.122222"
"2149891488","2100924937","0.122222"
"2100924937","2806899844","0.122222"
"2806899844","2100924937","0.122222"
"2100924937","28891281","0.222222"
"28891281","2100924937","0.222222"
"2100924937","53305734","0.180556"
"53305734","2100924937","0.180556"
"2100924937","80558616","0.0555556"
"80558616","2100924937","0.0555556"
"2100927527","2806899844","0.0555556"
"2806899844","2100927527","0.0555556"
"2100927527","28891281","0.0555556"
"28891281","2100927527","0.0555556"
"2100927527","80558616","0.0555556"
"80558616","2100927527","0.0555556"
"2127782058","2806899844","0.0555556"
"2806899844","2127782058","0.0555556"
"2127782058","80558616","0.388889"
"80558616","2127782058","0.388889"
"2149891488","2806899844","0.122222"
"2806899844","2149891488","0.122222"
"2149891488","28891281","0.0555556"
"28891281","2149891488","0.0555556"
"2149891488","80558616","1.30556"
"80558616","2149891488","1.30556"
"2806899844","53305734","0.0555556"
"53305734","2806899844","0.0555556"
