"1506455352","1988830510","0.495833"
"1988830510","1506455352","0.495833"
"1506455352","2003278454","0.395833"
"2003278454","1506455352","0.395833"
"1506455352","2048009484","0.333333"
"2048009484","1506455352","0.333333"
"1988830510","2003278454","0.458333"
"2003278454","1988830510","0.458333"
"1988830510","2048009484","1.25833"
"2048009484","1988830510","1.25833"
"2003278454","2048009484","0.333333"
"2048009484","2003278454","0.333333"
"1506455352","1516508944","2.26442"
"1516508944","1506455352","2.26442"
"1506455352","2005425904","0.2625"
"2005425904","1506455352","0.2625"
"1506455352","2099857728","2.37553"
"2099857728","1506455352","2.37553"
"1506455352","2100195487","1.55053"
"2100195487","1506455352","1.55053"
"1506455352","2165028744","1.37553"
"2165028744","1506455352","1.37553"
"1516508944","2005425904","0.2625"
"2005425904","1516508944","0.2625"
"1516508944","2099857728","4.38109"
"2099857728","1516508944","4.38109"
"1516508944","2100195487","1.35609"
"2100195487","1516508944","1.35609"
"1516508944","2165028744","4.38109"
"2165028744","1516508944","4.38109"
"2005425904","2099857728","0.2625"
"2099857728","2005425904","0.2625"
"2005425904","2100195487","1.2625"
"2100195487","2005425904","1.2625"
"2005425904","2165028744","0.2625"
"2165028744","2005425904","0.2625"
"2099857728","2100195487","1.4672"
"2100195487","2099857728","1.4672"
"2099857728","2165028744","5.7422"
"2165028744","2099857728","5.7422"
"2100195487","2165028744","1.4672"
"2165028744","2100195487","1.4672"
"1506455352","2053971830","3.70278"
"2053971830","1506455352","3.70278"
"1506455352","1543423908","0.875534"
"1543423908","1506455352","0.875534"
"1506455352","2011983247","0.0625"
"2011983247","1506455352","0.0625"
"1506455352","2033569111","0.439423"
"2033569111","1506455352","0.439423"
"1506455352","2076735213","0.0625"
"2076735213","1506455352","0.0625"
"1506455352","2102329924","0.0625"
"2102329924","1506455352","0.0625"
"1506455352","2121079875","0.0625"
"2121079875","1506455352","0.0625"
"1506455352","2145199549","0.239423"
"2145199549","1506455352","0.239423"
"1506455352","2163940273","0.1625"
"2163940273","1506455352","0.1625"
"1506455352","2183236901","0.764423"
"2183236901","1506455352","0.764423"
"1516508944","1543423908","0.514423"
"1543423908","1516508944","0.514423"
"1516508944","1988830510","0.329167"
"1988830510","1516508944","0.329167"
"1516508944","2003278454","0.0625"
"2003278454","1516508944","0.0625"
"1516508944","2011983247","0.0625"
"2011983247","1516508944","0.0625"
"1516508944","2033569111","0.439423"
"2033569111","1516508944","0.439423"
"1516508944","2076735213","0.0625"
"2076735213","1516508944","0.0625"
"1516508944","2102329924","0.0625"
"2102329924","1516508944","0.0625"
"1516508944","2121079875","0.0625"
"2121079875","1516508944","0.0625"
"1516508944","2145199549","0.239423"
"2145199549","1516508944","0.239423"
"1516508944","2163940273","0.1625"
"2163940273","1516508944","0.1625"
"1516508944","2183236901","0.264423"
"2183236901","1516508944","0.264423"
"1543423908","1988830510","0.5125"
"1988830510","1543423908","0.5125"
"1543423908","2003278454","0.0625"
"2003278454","1543423908","0.0625"
"1543423908","2005425904","0.0625"
"2005425904","1543423908","0.0625"
"1543423908","2011983247","0.0625"
"2011983247","1543423908","0.0625"
"1543423908","2033569111","0.139423"
"2033569111","1543423908","0.139423"
"1543423908","2076735213","0.2625"
"2076735213","1543423908","0.2625"
"1543423908","2099857728","0.625534"
"2099857728","1543423908","0.625534"
"1543423908","2100195487","0.667201"
"2100195487","1543423908","0.667201"
"1543423908","2102329924","0.395833"
"2102329924","1543423908","0.395833"
"1543423908","2121079875","0.0625"
"2121079875","1543423908","0.0625"
"1543423908","2145199549","0.339423"
"2145199549","1543423908","0.339423"
"1543423908","2163940273","0.5125"
"2163940273","1543423908","0.5125"
"1543423908","2165028744","0.625534"
"2165028744","1543423908","0.625534"
"1543423908","2183236901","9.53109"
"2183236901","1543423908","9.53109"
"1988830510","2005425904","0.28869"
"2005425904","1988830510","0.28869"
"1988830510","2011983247","0.9375"
"2011983247","1988830510","0.9375"
"1988830510","2033569111","0.125"
"2033569111","1988830510","0.125"
"1988830510","2076735213","1.55119"
"2076735213","1988830510","1.55119"
"1988830510","2099857728","0.329167"
"2099857728","1988830510","0.329167"
"1988830510","2100195487","0.491667"
"2100195487","1988830510","0.491667"
"1988830510","2102329924","0.205357"
"2102329924","1988830510","0.205357"
"1988830510","2121079875","0.51369"
"2121079875","1988830510","0.51369"
"1988830510","2145199549","1.29405"
"2145199549","1988830510","1.29405"
"1988830510","2163940273","2.22738"
"2163940273","1988830510","2.22738"
"1988830510","2165028744","0.329167"
"2165028744","1988830510","0.329167"
"1988830510","2183236901","0.225"
"2183236901","1988830510","0.225"
"2003278454","2005425904","0.0625"
"2005425904","2003278454","0.0625"
"2003278454","2011983247","0.0625"
"2011983247","2003278454","0.0625"
"2003278454","2033569111","0.125"
"2033569111","2003278454","0.125"
"2003278454","2076735213","0.125"
"2076735213","2003278454","0.125"
"2003278454","2099857728","0.0625"
"2099857728","2003278454","0.0625"
"2003278454","2100195487","0.125"
"2100195487","2003278454","0.125"
"2003278454","2102329924","0.0625"
"2102329924","2003278454","0.0625"
"2003278454","2121079875","0.0625"
"2121079875","2003278454","0.0625"
"2003278454","2145199549","0.125"
"2145199549","2003278454","0.125"
"2003278454","2163940273","0.125"
"2163940273","2003278454","0.125"
"2003278454","2165028744","0.0625"
"2165028744","2003278454","0.0625"
"2003278454","2183236901","0.125"
"2183236901","2003278454","0.125"
"2005425904","2011983247","0.0625"
"2011983247","2005425904","0.0625"
"2005425904","2033569111","0.0625"
"2033569111","2005425904","0.0625"
"2005425904","2076735213","1.48869"
"2076735213","2005425904","1.48869"
"2005425904","2102329924","2.42917"
"2102329924","2005425904","2.42917"
"2005425904","2121079875","1.84583"
"2121079875","2005425904","1.84583"
"2005425904","2145199549","1.70536"
"2145199549","2005425904","1.70536"
"2005425904","2163940273","0.622024"
"2163940273","2005425904","0.622024"
"2005425904","2183236901","0.0625"
"2183236901","2005425904","0.0625"
"2011983247","2033569111","0.479167"
"2033569111","2011983247","0.479167"
"2011983247","2076735213","0.229167"
"2076735213","2011983247","0.229167"
"2011983247","2099857728","0.3125"
"2099857728","2011983247","0.3125"
"2011983247","2100195487","0.3125"
"2100195487","2011983247","0.3125"
"2011983247","2102329924","0.229167"
"2102329924","2011983247","0.229167"
"2011983247","2121079875","0.1875"
"2121079875","2011983247","0.1875"
"2011983247","2145199549","0.3125"
"2145199549","2011983247","0.3125"
"2011983247","2163940273","0.729167"
"2163940273","2011983247","0.729167"
"2011983247","2165028744","0.3125"
"2165028744","2011983247","0.3125"
"2011983247","2183236901","0.0625"
"2183236901","2011983247","0.0625"
"2033569111","2076735213","0.708333"
"2076735213","2033569111","0.708333"
"2033569111","2099857728","0.689423"
"2099857728","2033569111","0.689423"
"2033569111","2100195487","1.50192"
"2100195487","2033569111","1.50192"
"2033569111","2102329924","0.229167"
"2102329924","2033569111","0.229167"
"2033569111","2121079875","0.0625"
"2121079875","2033569111","0.0625"
"2033569111","2145199549","0.301923"
"2145199549","2033569111","0.301923"
"2033569111","2163940273","0.125"
"2163940273","2033569111","0.125"
"2033569111","2165028744","0.689423"
"2165028744","2033569111","0.689423"
"2033569111","2183236901","0.201923"
"2183236901","2033569111","0.201923"
"2076735213","2099857728","0.0625"
"2099857728","2076735213","0.0625"
"2076735213","2100195487","0.125"
"2100195487","2076735213","0.125"
"2076735213","2102329924","0.0625"
"2102329924","2076735213","0.0625"
"2076735213","2121079875","0.145833"
"2121079875","2076735213","0.145833"
"2076735213","2145199549","0.55119"
"2145199549","2076735213","0.55119"
"2076735213","2163940273","1.38452"
"2163940273","2076735213","1.38452"
"2076735213","2165028744","0.0625"
"2165028744","2076735213","0.0625"
"2076735213","2183236901","0.225"
"2183236901","2076735213","0.225"
"2099857728","2102329924","0.0625"
"2102329924","2099857728","0.0625"
"2099857728","2121079875","0.0625"
"2121079875","2099857728","0.0625"
"2099857728","2145199549","0.239423"
"2145199549","2099857728","0.239423"
"2099857728","2163940273","0.1625"
"2163940273","2099857728","0.1625"
"2099857728","2183236901","0.264423"
"2183236901","2099857728","0.264423"
"2100195487","2102329924","0.0625"
"2102329924","2100195487","0.0625"
"2100195487","2121079875","0.1625"
"2121079875","2100195487","0.1625"
"2100195487","2145199549","0.651923"
"2145199549","2100195487","0.651923"
"2100195487","2163940273","0.575"
"2163940273","2100195487","0.575"
"2100195487","2183236901","0.61859"
"2183236901","2100195487","0.61859"
"2102329924","2121079875","3.57202"
"2121079875","2102329924","3.57202"
"2102329924","2145199549","0.872024"
"2145199549","2102329924","0.872024"
"2102329924","2163940273","0.205357"
"2163940273","2102329924","0.205357"
"2102329924","2165028744","0.0625"
"2165028744","2102329924","0.0625"
"2102329924","2183236901","0.395833"
"2183236901","2102329924","0.395833"
"2121079875","2145199549","1.38869"
"2145199549","2121079875","1.38869"
"2121079875","2163940273","0.38869"
"2163940273","2121079875","0.38869"
"2121079875","2165028744","0.0625"
"2165028744","2121079875","0.0625"
"2121079875","2183236901","0.0625"
"2183236901","2121079875","0.0625"
"2145199549","2163940273","2.07738"
"2163940273","2145199549","2.07738"
"2145199549","2165028744","0.239423"
"2165028744","2145199549","0.239423"
"2145199549","2183236901","0.301923"
"2183236901","2145199549","0.301923"
"2163940273","2165028744","0.1625"
"2165028744","2163940273","0.1625"
"2163940273","2183236901","0.225"
"2183236901","2163940273","0.225"
"2165028744","2183236901","0.264423"
"2183236901","2165028744","0.264423"
"1506455352","3027564430","0.433333"
"3027564430","1506455352","0.433333"
"1543423908","3027564430","0.583333"
"3027564430","1543423908","0.583333"
"2183236901","3027564430","0.333333"
"3027564430","2183236901","0.333333"
"1506455352","1864238835","1.73611"
"1864238835","1506455352","1.73611"
"1506455352","2180920424","0.477778"
"2180920424","1506455352","0.477778"
"1543423908","1864238835","1.15278"
"1864238835","1543423908","1.15278"
"1543423908","2053971830","0.652778"
"2053971830","1543423908","0.652778"
"1543423908","2180920424","0.277778"
"2180920424","1543423908","0.277778"
"1864238835","2053971830","0.670635"
"2053971830","1864238835","0.670635"
"1864238835","2100195487","0.923611"
"2100195487","1864238835","0.923611"
"1864238835","2180920424","0.840278"
"2180920424","1864238835","0.840278"
"1864238835","2183236901","1.10417"
"2183236901","1864238835","1.10417"
"2053971830","2100195487","0.627778"
"2100195487","2053971830","0.627778"
"2053971830","2180920424","1.37778"
"2180920424","2053971830","1.37778"
"2053971830","2183236901","0.541667"
"2183236901","2053971830","0.541667"
"2100195487","2180920424","0.540278"
"2180920424","2100195487","0.540278"
"2180920424","2183236901","0.229167"
"2183236901","2180920424","0.229167"
"1506455352","2155811791","1.81303"
"2155811791","1506455352","1.81303"
"1506455352","2210010151","0.544444"
"2210010151","1506455352","0.544444"
"1543423908","2155811791","0.313034"
"2155811791","1543423908","0.313034"
"1543423908","2210010151","0.111111"
"2210010151","1543423908","0.111111"
"1864238835","2099857728","0.736111"
"2099857728","1864238835","0.736111"
"1864238835","2155811791","0.486111"
"2155811791","1864238835","0.486111"
"1864238835","2165028744","0.736111"
"2165028744","1864238835","0.736111"
"1864238835","2210010151","1.00694"
"2210010151","1864238835","1.00694"
"2053971830","2099857728","0.536111"
"2099857728","2053971830","0.536111"
"2053971830","2155811791","0.436111"
"2155811791","2053971830","0.436111"
"2053971830","2165028744","0.536111"
"2165028744","2053971830","0.536111"
"2053971830","2210010151","0.111111"
"2210010151","2053971830","0.111111"
"2099857728","2155811791","1.26303"
"2155811791","2099857728","1.26303"
"2099857728","2180920424","0.311111"
"2180920424","2099857728","0.311111"
"2099857728","2210010151","0.211111"
"2210010151","2099857728","0.211111"
"2100195487","2155811791","0.488034"
"2155811791","2100195487","0.488034"
"2100195487","2210010151","0.606944"
"2210010151","2100195487","0.606944"
"2155811791","2165028744","1.26303"
"2165028744","2155811791","1.26303"
"2155811791","2180920424","0.211111"
"2180920424","2155811791","0.211111"
"2155811791","2210010151","0.211111"
"2210010151","2155811791","0.211111"
"2165028744","2180920424","0.311111"
"2180920424","2165028744","0.311111"
"2165028744","2210010151","0.211111"
"2210010151","2165028744","0.211111"
"2180920424","2210010151","0.773611"
"2210010151","2180920424","0.773611"
"1506455352","2010473024","0.1"
"2010473024","1506455352","0.1"
"1506455352","2971740159","0.1"
"2971740159","1506455352","0.1"
"1516508944","2010473024","0.35"
"2010473024","1516508944","0.35"
"1516508944","2053971830","0.425"
"2053971830","1516508944","0.425"
"1516508944","2180920424","0.2"
"2180920424","1516508944","0.2"
"1516508944","2971740159","0.266667"
"2971740159","1516508944","0.266667"
"1988830510","2010473024","1.87083"
"2010473024","1988830510","1.87083"
"1988830510","2053971830","0.725"
"2053971830","1988830510","0.725"
"1988830510","2180920424","0.1625"
"2180920424","1988830510","0.1625"
"1988830510","2971740159","0.679167"
"2971740159","1988830510","0.679167"
"2010473024","2053971830","0.617857"
"2053971830","2010473024","0.617857"
"2010473024","2099857728","0.35"
"2099857728","2010473024","0.35"
"2010473024","2100195487","1.6625"
"2100195487","2010473024","1.6625"
"2010473024","2163940273","1.58869"
"2163940273","2010473024","1.58869"
"2010473024","2165028744","0.35"
"2165028744","2010473024","0.35"
"2010473024","2180920424","0.1625"
"2180920424","2010473024","0.1625"
"2010473024","2971740159","0.1625"
"2971740159","2010473024","0.1625"
"2053971830","2163940273","0.492857"
"2163940273","2053971830","0.492857"
"2053971830","2971740159","0.35"
"2971740159","2053971830","0.35"
"2099857728","2971740159","0.266667"
"2971740159","2099857728","0.266667"
"2100195487","2971740159","0.429167"
"2971740159","2100195487","0.429167"
"2163940273","2180920424","0.1625"
"2180920424","2163940273","0.1625"
"2163940273","2971740159","0.7625"
"2971740159","2163940273","0.7625"
"2165028744","2971740159","0.266667"
"2971740159","2165028744","0.266667"
"2180920424","2971740159","0.1625"
"2971740159","2180920424","0.1625"
"1516508944","2155811791","1.15192"
"2155811791","1516508944","1.15192"
"1516508944","2210010151","0.1"
"2210010151","1516508944","0.1"
"1516508944","3027564430","0.1"
"3027564430","1516508944","0.1"
"2033569111","2155811791","0.176923"
"2155811791","2033569111","0.176923"
"2033569111","2180920424","0.1625"
"2180920424","2033569111","0.1625"
"2033569111","2210010151","0.1625"
"2210010151","2033569111","0.1625"
"2033569111","3027564430","0.683333"
"3027564430","2033569111","0.683333"
"2099857728","3027564430","0.35"
"3027564430","2099857728","0.35"
"2100195487","3027564430","2.1"
"3027564430","2100195487","2.1"
"2145199549","2155811791","0.176923"
"2155811791","2145199549","0.176923"
"2145199549","2180920424","0.1625"
"2180920424","2145199549","0.1625"
"2145199549","2210010151","0.1625"
"2210010151","2145199549","0.1625"
"2145199549","3027564430","0.1"
"3027564430","2145199549","0.1"
"2155811791","3027564430","0.1"
"3027564430","2155811791","0.1"
"2165028744","3027564430","0.35"
"3027564430","2165028744","0.35"
"2180920424","3027564430","0.1"
"3027564430","2180920424","0.1"
"2210010151","3027564430","0.1"
"3027564430","2210010151","0.1"
"1506455352","2050044564","0.0769231"
"2050044564","1506455352","0.0769231"
"1506455352","2135428644","0.0769231"
"2135428644","1506455352","0.0769231"
"1506455352","2170183598","0.0769231"
"2170183598","1506455352","0.0769231"
"1506455352","2785548792","0.0769231"
"2785548792","1506455352","0.0769231"
"1516508944","2050044564","0.0769231"
"2050044564","1516508944","0.0769231"
"1516508944","2135428644","0.0769231"
"2135428644","1516508944","0.0769231"
"1516508944","2170183598","0.0769231"
"2170183598","1516508944","0.0769231"
"1516508944","2785548792","0.0769231"
"2785548792","1516508944","0.0769231"
"1543423908","2050044564","0.176923"
"2050044564","1543423908","0.176923"
"1543423908","2135428644","0.0769231"
"2135428644","1543423908","0.0769231"
"1543423908","2170183598","0.0769231"
"2170183598","1543423908","0.0769231"
"1543423908","2785548792","0.0769231"
"2785548792","1543423908","0.0769231"
"2033569111","2050044564","0.326923"
"2050044564","2033569111","0.326923"
"2033569111","2135428644","0.0769231"
"2135428644","2033569111","0.0769231"
"2033569111","2170183598","0.30609"
"2170183598","2033569111","0.30609"
"2033569111","2785548792","0.0769231"
"2785548792","2033569111","0.0769231"
"2050044564","2099857728","0.0769231"
"2099857728","2050044564","0.0769231"
"2050044564","2100195487","0.326923"
"2100195487","2050044564","0.326923"
"2050044564","2135428644","0.860256"
"2135428644","2050044564","0.860256"
"2050044564","2145199549","1.99597"
"2145199549","2050044564","1.99597"
"2050044564","2155811791","0.0769231"
"2155811791","2050044564","0.0769231"
"2050044564","2165028744","0.0769231"
"2165028744","2050044564","0.0769231"
"2050044564","2170183598","1.33645"
"2170183598","2050044564","1.33645"
"2050044564","2183236901","0.176923"
"2183236901","2050044564","0.176923"
"2050044564","2785548792","0.0769231"
"2785548792","2050044564","0.0769231"
"2099857728","2135428644","0.0769231"
"2135428644","2099857728","0.0769231"
"2099857728","2170183598","0.0769231"
"2170183598","2099857728","0.0769231"
"2099857728","2785548792","0.0769231"
"2785548792","2099857728","0.0769231"
"2100195487","2135428644","0.0769231"
"2135428644","2100195487","0.0769231"
"2100195487","2170183598","0.139423"
"2170183598","2100195487","0.139423"
"2100195487","2785548792","0.0769231"
"2785548792","2100195487","0.0769231"
"2135428644","2145199549","0.160256"
"2145199549","2135428644","0.160256"
"2135428644","2155811791","0.0769231"
"2155811791","2135428644","0.0769231"
"2135428644","2165028744","0.0769231"
"2165028744","2135428644","0.0769231"
"2135428644","2170183598","1.16026"
"2170183598","2135428644","1.16026"
"2135428644","2183236901","0.0769231"
"2183236901","2135428644","0.0769231"
"2135428644","2785548792","0.0769231"
"2785548792","2135428644","0.0769231"
"2145199549","2170183598","1.14895"
"2170183598","2145199549","1.14895"
"2145199549","2785548792","0.326923"
"2785548792","2145199549","0.326923"
"2155811791","2170183598","0.0769231"
"2170183598","2155811791","0.0769231"
"2155811791","2183236901","0.201923"
"2183236901","2155811791","0.201923"
"2155811791","2785548792","0.0769231"
"2785548792","2155811791","0.0769231"
"2165028744","2170183598","0.0769231"
"2170183598","2165028744","0.0769231"
"2165028744","2785548792","0.0769231"
"2785548792","2165028744","0.0769231"
"2170183598","2183236901","0.139423"
"2183236901","2170183598","0.139423"
"2170183598","2785548792","0.326923"
"2785548792","2170183598","0.326923"
"2183236901","2785548792","0.0769231"
"2785548792","2183236901","0.0769231"
"1516508944","1864238835","0.625"
"1864238835","1516508944","0.625"
"1515711897","2011983247","4"
"2011983247","1515711897","4"
"1515711897","1563566356","0.1"
"1563566356","1515711897","0.1"
"1515711897","1574945875","0.1"
"1574945875","1515711897","0.1"
"1515711897","1988830510","0.1"
"1988830510","1515711897","0.1"
"1515711897","2048009484","0.35"
"2048009484","1515711897","0.35"
"1515711897","2100195487","1.1"
"2100195487","1515711897","1.1"
"1515711897","2121079875","0.1"
"2121079875","1515711897","0.1"
"1515711897","2145199549","0.1"
"2145199549","1515711897","0.1"
"1515711897","2148316600","0.1"
"2148316600","1515711897","0.1"
"1515711897","2163940273","0.1"
"2163940273","1515711897","0.1"
"1515711897","2971740159","0.1"
"2971740159","1515711897","0.1"
"1563566356","1574945875","0.1"
"1574945875","1563566356","0.1"
"1563566356","1988830510","0.1"
"1988830510","1563566356","0.1"
"1563566356","2048009484","0.1"
"2048009484","1563566356","0.1"
"1563566356","2100195487","0.1"
"2100195487","1563566356","0.1"
"1563566356","2121079875","0.1"
"2121079875","1563566356","0.1"
"1563566356","2145199549","0.1"
"2145199549","1563566356","0.1"
"1563566356","2148316600","0.1"
"2148316600","1563566356","0.1"
"1563566356","2163940273","0.1"
"2163940273","1563566356","0.1"
"1563566356","2971740159","0.1"
"2971740159","1563566356","0.1"
"1574945875","1988830510","0.55"
"1988830510","1574945875","0.55"
"1574945875","2048009484","0.3"
"2048009484","1574945875","0.3"
"1574945875","2100195487","0.1"
"2100195487","1574945875","0.1"
"1574945875","2121079875","1.1"
"2121079875","1574945875","1.1"
"1574945875","2145199549","0.3"
"2145199549","1574945875","0.3"
"1574945875","2148316600","0.1"
"2148316600","1574945875","0.1"
"1574945875","2163940273","1.55"
"2163940273","1574945875","1.55"
"1574945875","2971740159","0.35"
"2971740159","1574945875","0.35"
"1988830510","2148316600","0.32619"
"2148316600","1988830510","0.32619"
"2048009484","2100195487","0.1"
"2100195487","2048009484","0.1"
"2048009484","2121079875","0.425"
"2121079875","2048009484","0.425"
"2048009484","2145199549","3"
"2145199549","2048009484","3"
"2048009484","2148316600","0.1"
"2148316600","2048009484","0.1"
"2048009484","2163940273","0.5"
"2163940273","2048009484","0.5"
"2048009484","2971740159","0.1"
"2971740159","2048009484","0.1"
"2100195487","2148316600","0.1"
"2148316600","2100195487","0.1"
"2121079875","2148316600","0.383333"
"2148316600","2121079875","0.383333"
"2121079875","2971740159","0.1"
"2971740159","2121079875","0.1"
"2145199549","2148316600","0.32619"
"2148316600","2145199549","0.32619"
"2145199549","2971740159","0.1625"
"2971740159","2145199549","0.1625"
"2148316600","2163940273","0.492857"
"2163940273","2148316600","0.492857"
"2148316600","2971740159","0.1"
"2971740159","2148316600","0.1"
"1515711897","2034855595","0.25"
"2034855595","1515711897","0.25"
"1515711897","2076735213","0.25"
"2076735213","1515711897","0.25"
"1515711897","2180920424","0.25"
"2180920424","1515711897","0.25"
"2034855595","2048009484","0.875"
"2048009484","2034855595","0.875"
"2034855595","2076735213","0.25"
"2076735213","2034855595","0.25"
"2034855595","2180920424","0.25"
"2180920424","2034855595","0.25"
"2048009484","2076735213","0.45"
"2076735213","2048009484","0.45"
"2048009484","2180920424","0.25"
"2180920424","2048009484","0.25"
"2076735213","2180920424","0.3125"
"2180920424","2076735213","0.3125"
"1515711897","2075208666","1"
"2075208666","1515711897","1"
"1543423908","2010473024","0.833333"
"2010473024","1543423908","0.833333"
"1516508944","2034855595","0.2"
"2034855595","1516508944","0.2"
"1516508944","2920183796","0.2"
"2920183796","1516508944","0.2"
"2034855595","2099857728","0.2"
"2099857728","2034855595","0.2"
"2034855595","2155811791","0.2"
"2155811791","2034855595","0.2"
"2034855595","2165028744","0.2"
"2165028744","2034855595","0.2"
"2034855595","2920183796","0.2"
"2920183796","2034855595","0.2"
"2099857728","2920183796","0.2"
"2920183796","2099857728","0.2"
"2155811791","2920183796","0.2"
"2920183796","2155811791","0.2"
"2165028744","2920183796","0.2"
"2920183796","2165028744","0.2"
"1516508944","319567962","0.166667"
"319567962","1516508944","0.166667"
"1988830510","319567962","0.166667"
"319567962","1988830510","0.166667"
"2099857728","319567962","0.166667"
"319567962","2099857728","0.166667"
"2100195487","319567962","0.166667"
"319567962","2100195487","0.166667"
"2165028744","319567962","0.166667"
"319567962","2165028744","0.166667"
"2971740159","319567962","0.666667"
"319567962","2971740159","0.666667"
"1543423908","2048009484","1.78333"
"2048009484","1543423908","1.78333"
"2048009484","2183236901","1.68333"
"2183236901","2048009484","1.68333"
"1543423908","2134967881","0.25"
"2134967881","1543423908","0.25"
"1988830510","2134967881","0.25"
"2134967881","1988830510","0.25"
"1988830510","3027564430","0.25"
"3027564430","1988830510","0.25"
"2134967881","2163940273","0.25"
"2163940273","2134967881","0.25"
"2134967881","3027564430","0.25"
"3027564430","2134967881","0.25"
"2163940273","3027564430","0.25"
"3027564430","2163940273","0.25"
"1543423908","1974076088","0.45"
"1974076088","1543423908","0.45"
"1864238835","1974076088","0.517857"
"1974076088","1864238835","0.517857"
"1864238835","2048009484","0.708333"
"2048009484","1864238835","0.708333"
"1974076088","2048009484","1.275"
"2048009484","1974076088","1.275"
"1974076088","2183236901","0.35"
"2183236901","1974076088","0.35"
"2010473024","2048009484","0.991667"
"2048009484","2010473024","0.991667"
"2010473024","2183236901","0.645833"
"2183236901","2010473024","0.645833"
"1543423908","2135155571","0.433333"
"2135155571","1543423908","0.433333"
"2102329924","2135155571","0.333333"
"2135155571","2102329924","0.333333"
"2135155571","2183236901","0.333333"
"2183236901","2135155571","0.333333"
"1543423908","1574945875","0.2"
"1574945875","1543423908","0.2"
"1543423908","2623851756","0.2"
"2623851756","1543423908","0.2"
"1574945875","1974076088","2.03333"
"1974076088","1574945875","2.03333"
"1574945875","2050044564","3.43333"
"2050044564","1574945875","3.43333"
"1574945875","2076735213","2.03333"
"2076735213","1574945875","2.03333"
"1574945875","2183236901","0.1"
"2183236901","1574945875","0.1"
"1574945875","2623851756","0.2"
"2623851756","1574945875","0.2"
"1974076088","1988830510","0.325"
"1988830510","1974076088","0.325"
"1974076088","2050044564","1.93333"
"2050044564","1974076088","1.93333"
"1974076088","2076735213","0.533333"
"2076735213","1974076088","0.533333"
"1974076088","2145199549","0.2"
"2145199549","1974076088","0.2"
"1974076088","2163940273","0.592857"
"2163940273","1974076088","0.592857"
"1974076088","2623851756","0.342857"
"2623851756","1974076088","0.342857"
"1988830510","2050044564","1.30238"
"2050044564","1988830510","1.30238"
"1988830510","2623851756","0.2625"
"2623851756","1988830510","0.2625"
"2048009484","2050044564","0.3"
"2050044564","2048009484","0.3"
"2048009484","2623851756","0.2"
"2623851756","2048009484","0.2"
"2050044564","2076735213","3.94286"
"2076735213","2050044564","3.94286"
"2050044564","2163940273","4.91905"
"2163940273","2050044564","4.91905"
"2050044564","2623851756","0.1"
"2623851756","2050044564","0.1"
"2076735213","2623851756","0.2625"
"2623851756","2076735213","0.2625"
"2145199549","2623851756","0.2625"
"2623851756","2145199549","0.2625"
"2163940273","2623851756","0.405357"
"2623851756","2163940273","0.405357"
"2183236901","2623851756","0.1625"
"2623851756","2183236901","0.1625"
"1543423908","2176788652","0.1"
"2176788652","1543423908","0.1"
"1574945875","2135155571","0.1"
"2135155571","1574945875","0.1"
"1574945875","2176788652","0.1"
"2176788652","1574945875","0.1"
"1974076088","2135155571","0.1"
"2135155571","1974076088","0.1"
"1974076088","2176788652","0.1"
"2176788652","1974076088","0.1"
"1988830510","2135155571","0.1"
"2135155571","1988830510","0.1"
"1988830510","2176788652","0.1"
"2176788652","1988830510","0.1"
"2048009484","2135155571","0.1"
"2135155571","2048009484","0.1"
"2048009484","2176788652","0.1"
"2176788652","2048009484","0.1"
"2076735213","2135155571","0.1"
"2135155571","2076735213","0.1"
"2076735213","2176788652","0.1"
"2176788652","2076735213","0.1"
"2135155571","2145199549","0.1"
"2145199549","2135155571","0.1"
"2135155571","2163940273","0.1"
"2163940273","2135155571","0.1"
"2135155571","2176788652","0.6"
"2176788652","2135155571","0.6"
"2135155571","2623851756","1.6"
"2623851756","2135155571","1.6"
"2145199549","2176788652","0.1"
"2176788652","2145199549","0.1"
"2163940273","2176788652","0.1"
"2176788652","2163940273","0.1"
"2176788652","2623851756","2.43333"
"2623851756","2176788652","2.43333"
"1563566356","2155811791","1"
"2155811791","1563566356","1"
"1563566356","2034855595","1"
"2034855595","1563566356","1"
"1563566356","1989535192","1"
"1989535192","1563566356","1"
"1574945875","2034855595","1"
"2034855595","1574945875","1"
"1574945875","2003278454","1"
"2003278454","1574945875","1"
"1574945875","2011983247","1.25"
"2011983247","1574945875","1.25"
"2011983247","2971740159","0.25"
"2971740159","2011983247","0.25"
"1864238835","1988830510","1.1875"
"1988830510","1864238835","1.1875"
"1864238835","2102329924","0.666667"
"2102329924","1864238835","0.666667"
"1864238835","2121079875","0.791667"
"2121079875","1864238835","0.791667"
"1864238835","2145199549","0.729167"
"2145199549","1864238835","0.729167"
"1864238835","2010473024","0.66369"
"2010473024","1864238835","0.66369"
"1864238835","2011983247","2.29167"
"2011983247","1864238835","2.29167"
"1864238835","2034855595","0.267857"
"2034855595","1864238835","0.267857"
"1974076088","2010473024","0.267857"
"2010473024","1974076088","0.267857"
"1974076088","2011983247","0.125"
"2011983247","1974076088","0.125"
"1974076088","2034855595","2.76786"
"2034855595","1974076088","2.76786"
"1974076088","2053971830","0.517857"
"2053971830","1974076088","0.517857"
"1974076088","2121079875","0.325"
"2121079875","1974076088","0.325"
"1988830510","2034855595","1.125"
"2034855595","1988830510","1.125"
"2010473024","2011983247","0.291667"
"2011983247","2010473024","0.291667"
"2010473024","2034855595","0.267857"
"2034855595","2010473024","0.267857"
"2010473024","2121079875","0.208333"
"2121079875","2010473024","0.208333"
"2011983247","2034855595","0.125"
"2034855595","2011983247","0.125"
"2011983247","2048009484","0.125"
"2048009484","2011983247","0.125"
"2011983247","2053971830","0.625"
"2053971830","2011983247","0.625"
"2034855595","2053971830","1.76786"
"2053971830","2034855595","1.76786"
"2034855595","2121079875","0.125"
"2121079875","2034855595","0.125"
"2048009484","2053971830","0.125"
"2053971830","2048009484","0.125"
"2053971830","2121079875","0.458333"
"2121079875","2053971830","0.458333"
"1864238835","2163940273","0.372024"
"2163940273","1864238835","0.372024"
"1864238835","2221771051","0.142857"
"2221771051","1864238835","0.142857"
"1864238835","2623851756","0.205357"
"2623851756","1864238835","0.205357"
"1974076088","2221771051","0.142857"
"2221771051","1974076088","0.142857"
"2010473024","2221771051","0.642857"
"2221771051","2010473024","0.642857"
"2010473024","2623851756","0.205357"
"2623851756","2010473024","0.205357"
"2034855595","2163940273","0.142857"
"2163940273","2034855595","0.142857"
"2034855595","2221771051","0.142857"
"2221771051","2034855595","0.142857"
"2034855595","2623851756","0.142857"
"2623851756","2034855595","0.142857"
"2053971830","2221771051","0.142857"
"2221771051","2053971830","0.142857"
"2053971830","2623851756","0.142857"
"2623851756","2053971830","0.142857"
"2163940273","2221771051","0.142857"
"2221771051","2163940273","0.142857"
"2221771051","2623851756","18.0595"
"2623851756","2221771051","18.0595"
"1864238835","2003278454","0.0625"
"2003278454","1864238835","0.0625"
"1864238835","2033569111","0.0625"
"2033569111","1864238835","0.0625"
"1864238835","2076735213","0.229167"
"2076735213","1864238835","0.229167"
"1864238835","2118691412","0.395833"
"2118691412","1864238835","0.395833"
"1864238835","2170183598","0.229167"
"2170183598","1864238835","0.229167"
"1864238835","2920183796","0.395833"
"2920183796","1864238835","0.395833"
"1864238835","2971740159","0.395833"
"2971740159","1864238835","0.395833"
"1988830510","2118691412","0.0625"
"2118691412","1988830510","0.0625"
"1988830510","2170183598","4.45536"
"2170183598","1988830510","4.45536"
"1988830510","2210010151","0.0625"
"2210010151","1988830510","0.0625"
"1988830510","2920183796","0.0625"
"2920183796","1988830510","0.0625"
"2003278454","2010473024","1.0625"
"2010473024","2003278454","1.0625"
"2003278454","2118691412","0.0625"
"2118691412","2003278454","0.0625"
"2003278454","2170183598","0.0625"
"2170183598","2003278454","0.0625"
"2003278454","2180920424","0.0625"
"2180920424","2003278454","0.0625"
"2003278454","2210010151","0.0625"
"2210010151","2003278454","0.0625"
"2003278454","2623851756","0.0625"
"2623851756","2003278454","0.0625"
"2003278454","2920183796","0.0625"
"2920183796","2003278454","0.0625"
"2003278454","2971740159","0.0625"
"2971740159","2003278454","0.0625"
"2010473024","2033569111","1.0625"
"2033569111","2010473024","1.0625"
"2010473024","2076735213","0.895833"
"2076735213","2010473024","0.895833"
"2010473024","2118691412","0.0625"
"2118691412","2010473024","0.0625"
"2010473024","2145199549","1.34583"
"2145199549","2010473024","1.34583"
"2010473024","2170183598","0.5125"
"2170183598","2010473024","0.5125"
"2010473024","2210010151","0.0625"
"2210010151","2010473024","0.0625"
"2010473024","2920183796","0.3125"
"2920183796","2010473024","0.3125"
"2033569111","2118691412","0.0625"
"2118691412","2033569111","0.0625"
"2033569111","2623851756","1.64583"
"2623851756","2033569111","1.64583"
"2033569111","2920183796","0.645833"
"2920183796","2033569111","0.645833"
"2033569111","2971740159","0.0625"
"2971740159","2033569111","0.0625"
"2076735213","2118691412","0.0625"
"2118691412","2076735213","0.0625"
"2076735213","2170183598","1.14583"
"2170183598","2076735213","1.14583"
"2076735213","2210010151","0.0625"
"2210010151","2076735213","0.0625"
"2076735213","2920183796","0.3125"
"2920183796","2076735213","0.3125"
"2076735213","2971740159","0.0625"
"2971740159","2076735213","0.0625"
"2100195487","2118691412","0.0625"
"2118691412","2100195487","0.0625"
"2100195487","2623851756","0.3125"
"2623851756","2100195487","0.3125"
"2100195487","2920183796","0.0625"
"2920183796","2100195487","0.0625"
"2118691412","2145199549","1.89583"
"2145199549","2118691412","1.89583"
"2118691412","2163940273","0.395833"
"2163940273","2118691412","0.395833"
"2118691412","2170183598","0.0625"
"2170183598","2118691412","0.0625"
"2118691412","2180920424","0.0625"
"2180920424","2118691412","0.0625"
"2118691412","2183236901","0.0625"
"2183236901","2118691412","0.0625"
"2118691412","2210010151","0.0625"
"2210010151","2118691412","0.0625"
"2118691412","2623851756","0.0625"
"2623851756","2118691412","0.0625"
"2118691412","2920183796","0.395833"
"2920183796","2118691412","0.395833"
"2118691412","2971740159","0.395833"
"2971740159","2118691412","0.395833"
"2145199549","2920183796","0.3125"
"2920183796","2145199549","0.3125"
"2163940273","2170183598","2.73869"
"2170183598","2163940273","2.73869"
"2163940273","2210010151","0.0625"
"2210010151","2163940273","0.0625"
"2163940273","2920183796","0.0625"
"2920183796","2163940273","0.0625"
"2170183598","2180920424","0.0625"
"2180920424","2170183598","0.0625"
"2170183598","2210010151","0.0625"
"2210010151","2170183598","0.0625"
"2170183598","2623851756","0.0625"
"2623851756","2170183598","0.0625"
"2170183598","2920183796","0.3125"
"2920183796","2170183598","0.3125"
"2170183598","2971740159","0.3125"
"2971740159","2170183598","0.3125"
"2180920424","2623851756","0.0625"
"2623851756","2180920424","0.0625"
"2180920424","2920183796","0.0625"
"2920183796","2180920424","0.0625"
"2183236901","2210010151","0.0625"
"2210010151","2183236901","0.0625"
"2183236901","2920183796","0.0625"
"2920183796","2183236901","0.0625"
"2183236901","2971740159","0.0625"
"2971740159","2183236901","0.0625"
"2210010151","2623851756","0.0625"
"2623851756","2210010151","0.0625"
"2210010151","2920183796","0.0625"
"2920183796","2210010151","0.0625"
"2210010151","2971740159","0.0625"
"2971740159","2210010151","0.0625"
"2623851756","2920183796","2.39583"
"2920183796","2623851756","2.39583"
"2623851756","2971740159","3.0625"
"2971740159","2623851756","3.0625"
"2920183796","2971740159","3.22917"
"2971740159","2920183796","3.22917"
"1864238835","2050044564","0.166667"
"2050044564","1864238835","0.166667"
"1864238835","2148316600","0.166667"
"2148316600","1864238835","0.166667"
"2011983247","2050044564","0.916667"
"2050044564","2011983247","0.916667"
"2011983247","2148316600","0.166667"
"2148316600","2011983247","0.166667"
"2011983247","2170183598","0.333333"
"2170183598","2011983247","0.333333"
"2050044564","2148316600","0.392857"
"2148316600","2050044564","0.392857"
"2076735213","2148316600","0.392857"
"2148316600","2076735213","0.392857"
"2148316600","2170183598","0.25"
"2170183598","2148316600","0.25"
"1864238835","3027564430","0.333333"
"3027564430","1864238835","0.333333"
"2010473024","3027564430","0.666667"
"3027564430","2010473024","0.666667"
"2048009484","3027564430","0.333333"
"3027564430","2048009484","0.333333"
"1974076088","2170183598","0.25"
"2170183598","1974076088","0.25"
"1974076088","2971740159","0.25"
"2971740159","1974076088","0.25"
"2053971830","2170183598","0.25"
"2170183598","2053971830","0.25"
"1974076088","2075707188","0.2"
"2075707188","1974076088","0.2"
"1974076088","2785548792","0.2"
"2785548792","1974076088","0.2"
"1974076088","2920183796","0.2"
"2920183796","1974076088","0.2"
"2048009484","2075707188","0.2"
"2075707188","2048009484","0.2"
"2048009484","2785548792","0.2"
"2785548792","2048009484","0.2"
"2048009484","2920183796","0.2"
"2920183796","2048009484","0.2"
"2075707188","2121079875","0.959524"
"2121079875","2075707188","0.959524"
"2075707188","2785548792","0.533333"
"2785548792","2075707188","0.533333"
"2075707188","2920183796","0.2"
"2920183796","2075707188","0.2"
"2121079875","2785548792","0.2"
"2785548792","2121079875","0.2"
"2121079875","2920183796","1.2"
"2920183796","2121079875","1.2"
"2785548792","2920183796","3.61667"
"2920183796","2785548792","3.61667"
"1988830510","2075707188","1.03571"
"2075707188","1988830510","1.03571"
"2005425904","2050044564","0.42619"
"2050044564","2005425904","0.42619"
"2005425904","2075707188","1.29286"
"2075707188","2005425904","1.29286"
"2005425904","2148316600","0.759524"
"2148316600","2005425904","0.759524"
"2050044564","2075707188","1.73571"
"2075707188","2050044564","1.73571"
"2075707188","2076735213","1.09286"
"2076735213","2075707188","1.09286"
"2075707188","2145199549","0.369048"
"2145199549","2075707188","0.369048"
"2075707188","2148316600","1.75952"
"2148316600","2075707188","1.75952"
"2075707188","2163940273","0.535714"
"2163940273","2075707188","0.535714"
"1988830510","2163738319","1.08333"
"2163738319","1988830510","1.08333"
"2076735213","2163738319","1.78333"
"2163738319","2076735213","1.78333"
"2163738319","2170183598","1.08333"
"2170183598","2163738319","1.08333"
"1988830510","2135428644","0.0833333"
"2135428644","1988830510","0.0833333"
"2005425904","2010473024","0.0833333"
"2010473024","2005425904","0.0833333"
"2005425904","2135428644","0.283333"
"2135428644","2005425904","0.283333"
"2005425904","2163738319","0.483333"
"2163738319","2005425904","0.483333"
"2005425904","2170183598","0.666667"
"2170183598","2005425904","0.666667"
"2010473024","2050044564","1.03333"
"2050044564","2010473024","1.03333"
"2010473024","2075707188","0.25"
"2075707188","2010473024","0.25"
"2010473024","2135428644","0.0833333"
"2135428644","2010473024","0.0833333"
"2010473024","2148316600","0.0833333"
"2148316600","2010473024","0.0833333"
"2010473024","2163738319","0.416667"
"2163738319","2010473024","0.416667"
"2050044564","2121079875","0.559524"
"2121079875","2050044564","0.559524"
"2050044564","2163738319","1.45"
"2163738319","2050044564","1.45"
"2075707188","2135428644","0.283333"
"2135428644","2075707188","0.283333"
"2075707188","2163738319","4.15"
"2163738319","2075707188","4.15"
"2075707188","2170183598","0.22619"
"2170183598","2075707188","0.22619"
"2076735213","2135428644","0.283333"
"2135428644","2076735213","0.283333"
"2121079875","2135428644","0.0833333"
"2135428644","2121079875","0.0833333"
"2121079875","2163738319","0.283333"
"2163738319","2121079875","0.283333"
"2121079875","2170183598","0.892857"
"2170183598","2121079875","0.892857"
"2135428644","2148316600","0.0833333"
"2148316600","2135428644","0.0833333"
"2135428644","2163738319","0.783333"
"2163738319","2135428644","0.783333"
