"1492713280","1511569389","2.14444"
"1511569389","1492713280","2.14444"
"1492713280","1524019357","0.333333"
"1524019357","1492713280","0.333333"
"1492713280","2161222115","11.6444"
"2161222115","1492713280","11.6444"
"1511569389","1524019357","9.78333"
"1524019357","1511569389","9.78333"
"1511569389","2161222115","1.34444"
"2161222115","1511569389","1.34444"
"1524019357","2161222115","0.533333"
"2161222115","1524019357","0.533333"
"1492713280","2231284662","0.5"
"2231284662","1492713280","0.5"
"2161222115","2231284662","3.84286"
"2231284662","2161222115","3.84286"
"1492713280","1870564534","0.111111"
"1870564534","1492713280","0.111111"
"1492713280","2114801867","0.311111"
"2114801867","1492713280","0.311111"
"1492713280","2138502298","0.111111"
"2138502298","1492713280","0.111111"
"1492713280","2147401839","0.311111"
"2147401839","1492713280","0.311111"
"1492713280","2170519810","1.11111"
"2170519810","1492713280","1.11111"
"1492713280","2187972383","0.111111"
"2187972383","1492713280","0.111111"
"1492713280","2839599958","0.311111"
"2839599958","1492713280","0.311111"
"1511569389","1870564534","0.444444"
"1870564534","1511569389","0.444444"
"1511569389","2114801867","0.644444"
"2114801867","1511569389","0.644444"
"1511569389","2138502298","0.694444"
"2138502298","1511569389","0.694444"
"1511569389","2147401839","0.561111"
"2147401839","1511569389","0.561111"
"1511569389","2170519810","0.444444"
"2170519810","1511569389","0.444444"
"1511569389","2187972383","0.444444"
"2187972383","1511569389","0.444444"
"1511569389","2839599958","0.311111"
"2839599958","1511569389","0.311111"
"1870564534","2114801867","0.111111"
"2114801867","1870564534","0.111111"
"1870564534","2138502298","0.111111"
"2138502298","1870564534","0.111111"
"1870564534","2147401839","0.111111"
"2147401839","1870564534","0.111111"
"1870564534","2161222115","0.111111"
"2161222115","1870564534","0.111111"
"1870564534","2170519810","0.444444"
"2170519810","1870564534","0.444444"
"1870564534","2187972383","2.44444"
"2187972383","1870564534","2.44444"
"1870564534","2839599958","0.111111"
"2839599958","1870564534","0.111111"
"2114801867","2138502298","0.277778"
"2138502298","2114801867","0.277778"
"2114801867","2147401839","0.477778"
"2147401839","2114801867","0.477778"
"2114801867","2161222115","0.311111"
"2161222115","2114801867","0.311111"
"2114801867","2170519810","0.111111"
"2170519810","2114801867","0.111111"
"2114801867","2187972383","0.111111"
"2187972383","2114801867","0.111111"
"2114801867","2839599958","0.311111"
"2839599958","2114801867","0.311111"
"2138502298","2147401839","5.24564"
"2147401839","2138502298","5.24564"
"2138502298","2161222115","0.745635"
"2161222115","2138502298","0.745635"
"2138502298","2170519810","0.111111"
"2170519810","2138502298","0.111111"
"2138502298","2187972383","0.111111"
"2187972383","2138502298","0.111111"
"2138502298","2839599958","0.111111"
"2839599958","2138502298","0.111111"
"2147401839","2161222115","1.08849"
"2161222115","2147401839","1.08849"
"2147401839","2170519810","0.111111"
"2170519810","2147401839","0.111111"
"2147401839","2187972383","0.111111"
"2187972383","2147401839","0.111111"
"2147401839","2839599958","0.311111"
"2839599958","2147401839","0.311111"
"2161222115","2170519810","0.111111"
"2170519810","2161222115","0.111111"
"2161222115","2187972383","0.111111"
"2187972383","2161222115","0.111111"
"2161222115","2839599958","0.811111"
"2839599958","2161222115","0.811111"
"2170519810","2187972383","0.444444"
"2187972383","2170519810","0.444444"
"2170519810","2839599958","0.111111"
"2839599958","2170519810","0.111111"
"2187972383","2839599958","0.111111"
"2839599958","2187972383","0.111111"
"1511569389","2011555924","0.25"
"2011555924","1511569389","0.25"
"1511569389","2046859992","0.75"
"2046859992","1511569389","0.75"
"2011555924","2046859992","9.96786"
"2046859992","2011555924","9.96786"
"2011555924","2138502298","2.825"
"2138502298","2011555924","2.825"
"2011555924","2147401839","2.96786"
"2147401839","2011555924","2.96786"
"2046859992","2138502298","4.49167"
"2138502298","2046859992","4.49167"
"2046859992","2147401839","5.63452"
"2147401839","2046859992","5.63452"
"1511569389","2189116631","1.08333"
"2189116631","1511569389","1.08333"
"1524019357","2189116631","1.08333"
"2189116631","1524019357","1.08333"
"1511569389","1551837321","1.61667"
"1551837321","1511569389","1.61667"
"1511569389","2102783898","0.166667"
"2102783898","1511569389","0.166667"
"1511569389","2790923150","0.5"
"2790923150","1511569389","0.5"
"1511569389","45293414","0.616667"
"45293414","1511569389","0.616667"
"1511569389","8483291","0.166667"
"8483291","1511569389","0.166667"
"1524019357","1551837321","0.616667"
"1551837321","1524019357","0.616667"
"1524019357","2102783898","0.166667"
"2102783898","1524019357","0.166667"
"1524019357","2790923150","0.166667"
"2790923150","1524019357","0.166667"
"1524019357","45293414","0.616667"
"45293414","1524019357","0.616667"
"1524019357","8483291","0.166667"
"8483291","1524019357","0.166667"
"1551837321","2102783898","0.166667"
"2102783898","1551837321","0.166667"
"1551837321","2790923150","0.309524"
"2790923150","1551837321","0.309524"
"1551837321","45293414","4.61667"
"45293414","1551837321","4.61667"
"1551837321","8483291","0.666667"
"8483291","1551837321","0.666667"
"2102783898","2790923150","0.166667"
"2790923150","2102783898","0.166667"
"2102783898","45293414","0.166667"
"45293414","2102783898","0.166667"
"2102783898","8483291","0.166667"
"8483291","2102783898","0.166667"
"2790923150","45293414","0.166667"
"45293414","2790923150","0.166667"
"2790923150","8483291","0.166667"
"8483291","2790923150","0.166667"
"45293414","8483291","0.166667"
"8483291","45293414","0.166667"
"1511569389","177136698","0.2"
"177136698","1511569389","0.2"
"1524019357","177136698","0.2"
"177136698","1524019357","0.2"
"1551837321","177136698","0.2"
"177136698","1551837321","0.2"
"1551837321","2161222115","1.84286"
"2161222115","1551837321","1.84286"
"177136698","2161222115","0.2"
"2161222115","177136698","0.2"
"177136698","45293414","0.2"
"45293414","177136698","0.2"
"2161222115","45293414","0.7"
"45293414","2161222115","0.7"
"1511569389","2765447327","0.333333"
"2765447327","1511569389","0.333333"
"2114801867","2765447327","0.333333"
"2765447327","2114801867","0.333333"
"2114801867","2790923150","0.333333"
"2790923150","2114801867","0.333333"
"2765447327","2790923150","21.6762"
"2790923150","2765447327","21.6762"
"1524019357","2138502298","0.333333"
"2138502298","1524019357","0.333333"
"2138502298","2189116631","0.333333"
"2189116631","2138502298","0.333333"
"1511569389","1857585410","0.5"
"1857585410","1511569389","0.5"
"1524019357","1857585410","0.5"
"1857585410","1524019357","0.5"
"1524019357","2046859992","0.5"
"2046859992","1524019357","0.5"
"1551837321","2189116631","0.25"
"2189116631","1551837321","0.25"
"2189116631","45293414","0.25"
"45293414","2189116631","0.25"
"1551837321","2011555924","0.142857"
"2011555924","1551837321","0.142857"
"1551837321","2046859992","0.142857"
"2046859992","1551837321","0.142857"
"1551837321","2127095181","0.142857"
"2127095181","1551837321","0.142857"
"1551837321","2147401839","0.142857"
"2147401839","1551837321","0.142857"
"1551837321","2765447327","0.142857"
"2765447327","1551837321","0.142857"
"2011555924","2127095181","2.35119"
"2127095181","2011555924","2.35119"
"2011555924","2161222115","0.634524"
"2161222115","2011555924","0.634524"
"2011555924","2765447327","0.267857"
"2765447327","2011555924","0.267857"
"2011555924","2790923150","0.142857"
"2790923150","2011555924","0.142857"
"2046859992","2127095181","4.18452"
"2127095181","2046859992","4.18452"
"2046859992","2161222115","1.63452"
"2161222115","2046859992","1.63452"
"2046859992","2765447327","0.267857"
"2765447327","2046859992","0.267857"
"2046859992","2790923150","0.309524"
"2790923150","2046859992","0.309524"
"2127095181","2147401839","4.01786"
"2147401839","2127095181","4.01786"
"2127095181","2161222115","0.434524"
"2161222115","2127095181","0.434524"
"2127095181","2765447327","0.267857"
"2765447327","2127095181","0.267857"
"2127095181","2790923150","0.309524"
"2790923150","2127095181","0.309524"
"2147401839","2765447327","0.267857"
"2765447327","2147401839","0.267857"
"2147401839","2790923150","0.142857"
"2790923150","2147401839","0.142857"
"2161222115","2765447327","0.267857"
"2765447327","2161222115","0.267857"
"2161222115","2790923150","0.142857"
"2790923150","2161222115","0.142857"
"1551837321","2157899282","1.5"
"2157899282","1551837321","1.5"
"2157899282","45293414","0.5"
"45293414","2157899282","0.5"
"1551837321","2147564626","0.5"
"2147564626","1551837321","0.5"
"2147564626","2157899282","2"
"2157899282","2147564626","2"
"2157899282","8483291","1.5"
"8483291","2157899282","1.5"
"1857585410","2161222115","1"
"2161222115","1857585410","1"
"2002181994","2093734098","1"
"2093734098","2002181994","1"
"2127095181","2138502298","3.875"
"2138502298","2127095181","3.875"
"2011555924","94574575","0.291667"
"94574575","2011555924","0.291667"
"2046859992","94574575","0.291667"
"94574575","2046859992","0.291667"
"2127095181","94574575","0.291667"
"94574575","2127095181","0.291667"
"2138502298","94574575","0.291667"
"94574575","2138502298","0.291667"
"2147401839","94574575","0.291667"
"94574575","2147401839","0.291667"
"2161222115","94574575","0.291667"
"94574575","2161222115","0.291667"
"2011555924","2839599958","0.5"
"2839599958","2011555924","0.5"
"2046859992","2839599958","1.66667"
"2839599958","2046859992","1.66667"
"2011555924","2114801867","0.166667"
"2114801867","2011555924","0.166667"
"2011555924","2147564626","0.166667"
"2147564626","2011555924","0.166667"
"2046859992","2114801867","0.166667"
"2114801867","2046859992","0.166667"
"2046859992","2147564626","0.166667"
"2147564626","2046859992","0.166667"
"2114801867","2127095181","0.166667"
"2127095181","2114801867","0.166667"
"2114801867","2147564626","1.16667"
"2147564626","2114801867","1.16667"
"2127095181","2147564626","0.166667"
"2147564626","2127095181","0.166667"
"2138502298","2147564626","0.166667"
"2147564626","2138502298","0.166667"
"2147401839","2147564626","0.166667"
"2147564626","2147401839","0.166667"
"2011555924","2102783898","0.125"
"2102783898","2011555924","0.125"
"2046859992","2102783898","0.125"
"2102783898","2046859992","0.125"
"2102783898","2127095181","0.125"
"2127095181","2102783898","0.125"
"2102783898","2138502298","0.125"
"2138502298","2102783898","0.125"
"2102783898","2147401839","0.125"
"2147401839","2102783898","0.125"
"2102783898","2161222115","2.125"
"2161222115","2102783898","2.125"
"2102783898","2765447327","0.125"
"2765447327","2102783898","0.125"
"2102783898","94574575","0.125"
"94574575","2102783898","0.125"
"2138502298","2765447327","0.125"
"2765447327","2138502298","0.125"
"2765447327","94574575","6.99167"
"94574575","2765447327","6.99167"
"2011555924","2231284662","0.2"
"2231284662","2011555924","0.2"
"2046859992","2231284662","0.2"
"2231284662","2046859992","0.2"
"2138502298","2231284662","0.342857"
"2231284662","2138502298","0.342857"
"2147401839","2231284662","0.342857"
"2231284662","2147401839","0.342857"
"2029541601","2786115447","21.5"
"2786115447","2029541601","21.5"
"2029541601","2186632817","1"
"2186632817","2029541601","1"
"2186632817","2786115447","1"
"2786115447","2186632817","1"
"2029541601","2147564626","0.5"
"2147564626","2029541601","0.5"
"2147564626","2786115447","0.5"
"2786115447","2147564626","0.5"
"2039898959","94574575","2"
"94574575","2039898959","2"
"2039898959","2790923150","1.16667"
"2790923150","2039898959","1.16667"
"2039898959","2765447327","1"
"2765447327","2039898959","1"
"2039898959","2046859992","0.166667"
"2046859992","2039898959","0.166667"
"2039898959","2113296328","0.166667"
"2113296328","2039898959","0.166667"
"2039898959","2127095181","0.166667"
"2127095181","2039898959","0.166667"
"2039898959","2839599958","0.166667"
"2839599958","2039898959","0.166667"
"2039898959","2883608792","0.166667"
"2883608792","2039898959","0.166667"
"2046859992","2113296328","0.166667"
"2113296328","2046859992","0.166667"
"2046859992","2883608792","0.166667"
"2883608792","2046859992","0.166667"
"2113296328","2127095181","0.166667"
"2127095181","2113296328","0.166667"
"2113296328","2790923150","1.66667"
"2790923150","2113296328","1.66667"
"2113296328","2839599958","0.166667"
"2839599958","2113296328","0.166667"
"2113296328","2883608792","0.166667"
"2883608792","2113296328","0.166667"
"2127095181","2839599958","0.166667"
"2839599958","2127095181","0.166667"
"2127095181","2883608792","0.166667"
"2883608792","2127095181","0.166667"
"2790923150","2839599958","3.78333"
"2839599958","2790923150","3.78333"
"2790923150","2883608792","0.166667"
"2883608792","2790923150","0.166667"
"2839599958","2883608792","0.166667"
"2883608792","2839599958","0.166667"
"2102783898","2170519810","1"
"2170519810","2102783898","1"
"2113296328","2576317817","2.5"
"2576317817","2113296328","2.5"
"2576317817","2790923150","6"
"2790923150","2576317817","6"
"2138502298","2978351011","0.142857"
"2978351011","2138502298","0.142857"
"2138502298","2991289101","0.142857"
"2991289101","2138502298","0.142857"
"2138502298","3013571849","0.142857"
"3013571849","2138502298","0.142857"
"2138502298","3014290995","0.142857"
"3014290995","2138502298","0.142857"
"2147401839","2978351011","0.142857"
"2978351011","2147401839","0.142857"
"2147401839","2991289101","0.142857"
"2991289101","2147401839","0.142857"
"2147401839","3013571849","0.142857"
"3013571849","2147401839","0.142857"
"2147401839","3014290995","0.142857"
"3014290995","2147401839","0.142857"
"2161222115","2978351011","0.142857"
"2978351011","2161222115","0.142857"
"2161222115","2991289101","0.142857"
"2991289101","2161222115","0.142857"
"2161222115","3013571849","0.142857"
"3013571849","2161222115","0.142857"
"2161222115","3014290995","0.142857"
"3014290995","2161222115","0.142857"
"2231284662","2978351011","0.142857"
"2978351011","2231284662","0.142857"
"2231284662","2991289101","0.142857"
"2991289101","2231284662","0.142857"
"2231284662","3013571849","0.142857"
"3013571849","2231284662","0.142857"
"2231284662","3014290995","0.142857"
"3014290995","2231284662","0.142857"
"2978351011","2991289101","5.47619"
"2991289101","2978351011","5.47619"
"2978351011","3013571849","5.47619"
"3013571849","2978351011","5.47619"
"2978351011","3014290995","0.142857"
"3014290995","2978351011","0.142857"
"2991289101","3013571849","3.47619"
"3013571849","2991289101","3.47619"
"2991289101","3014290995","0.142857"
"3014290995","2991289101","0.142857"
"3013571849","3014290995","0.142857"
"3014290995","3013571849","0.142857"
"2147564626","2186632817","1.5"
"2186632817","2147564626","1.5"
"2147564626","2977251978","4.5"
"2977251978","2147564626","4.5"
"2147564626","45293414","1"
"45293414","2147564626","1"
"2157899282","2977251978","0.5"
"2977251978","2157899282","0.5"
"2147564626","2945091099","1.5"
"2945091099","2147564626","1.5"
"2945091099","2977251978","8.5"
"2977251978","2945091099","8.5"
"2147564626","2231284662","1"
"2231284662","2147564626","1"
"2147564626","2790923150","1"
"2790923150","2147564626","1"
"2186632817","2977251978","0.5"
"2977251978","2186632817","0.5"
"2153800743","2839599958","0.5"
"2839599958","2153800743","0.5"
"2153800743","94574575","1.5"
"94574575","2153800743","1.5"
"2839599958","94574575","8.53333"
"94574575","2839599958","8.53333"
"2153800743","2186632817","1"
"2186632817","2153800743","1"
"2161222115","2773083428","0.5"
"2773083428","2161222115","0.5"
"2231284662","2773083428","0.5"
"2773083428","2231284662","0.5"
"2231284662","2839599958","0.5"
"2839599958","2231284662","0.5"
"2170519810","2188324914","1"
"2188324914","2170519810","1"
"2231284662","2274873809","1"
"2274873809","2231284662","1"
"2576317817","2765447327","0.5"
"2765447327","2576317817","0.5"
"2576317817","2773083428","0.5"
"2773083428","2576317817","0.5"
"2765447327","2773083428","1.58333"
"2773083428","2765447327","1.58333"
"2576317817","2792021648","0.5"
"2792021648","2576317817","0.5"
"2790923150","2792021648","4.36667"
"2792021648","2790923150","4.36667"
"2790923150","94574575","8.36667"
"94574575","2790923150","8.36667"
"2765447327","2839599958","4.11667"
"2839599958","2765447327","4.11667"
"2765447327","2811140736","0.833333"
"2811140736","2765447327","0.833333"
"2790923150","2811140736","0.833333"
"2811140736","2790923150","0.833333"
"2811140736","94574575","0.583333"
"94574575","2811140736","0.583333"
"2765447327","2792021648","2.36667"
"2792021648","2765447327","2.36667"
"2792021648","94574575","0.533333"
"94574575","2792021648","0.533333"
"2773083428","2790923150","0.583333"
"2790923150","2773083428","0.583333"
"2773083428","2839599958","0.25"
"2839599958","2773083428","0.25"
"2773083428","94574575","1.08333"
"94574575","2773083428","1.08333"
"2765447327","2911896255","0.45"
"2911896255","2765447327","0.45"
"2790923150","2911896255","5.95"
"2911896255","2790923150","5.95"
"2792021648","2839599958","2.11667"
"2839599958","2792021648","2.11667"
"2792021648","2911896255","1.28333"
"2911896255","2792021648","1.28333"
"2839599958","2911896255","1.86667"
"2911896255","2839599958","1.86667"
"2911896255","94574575","0.2"
"94574575","2911896255","0.2"
"2765447327","2970874997","0.833333"
"2970874997","2765447327","0.833333"
"2790923150","2970874997","1.33333"
"2970874997","2790923150","1.33333"
"2970874997","94574575","0.333333"
"94574575","2970874997","0.333333"
"2811140736","2839599958","1.16667"
"2839599958","2811140736","1.16667"
"2765447327","2977251978","1"
"2977251978","2765447327","1"
"2765447327","2791964831","0.25"
"2791964831","2765447327","0.25"
"2790923150","2791964831","0.25"
"2791964831","2790923150","0.25"
"2791964831","2792021648","0.25"
"2792021648","2791964831","0.25"
"2791964831","2911896255","0.25"
"2911896255","2791964831","0.25"
"2792021648","2811140736","0.583333"
"2811140736","2792021648","0.583333"
"2839599958","2970874997","0.833333"
"2970874997","2839599958","0.833333"
"2791964831","2978351011","0.333333"
"2978351011","2791964831","0.333333"
"2791964831","2991289101","0.333333"
"2991289101","2791964831","0.333333"
"2791964831","3013571849","0.333333"
"3013571849","2791964831","0.333333"
"2811140736","2911896255","0.666667"
"2911896255","2811140736","0.666667"
"2811140736","2970874997","0.333333"
"2970874997","2811140736","0.333333"
"2911896255","2970874997","0.333333"
"2970874997","2911896255","0.333333"
"2883608792","2915051973","1"
"2915051973","2883608792","1"
"2915051973","3014290995","3"
"3014290995","2915051973","3"
