"12994956","1970613547","1.5"
"1970613547","12994956","1.5"
"12994956","2005062613","0.5"
"2005062613","12994956","0.5"
"1970613547","2005062613","2.33333"
"2005062613","1970613547","2.33333"
"12994956","1992837034","0.5"
"1992837034","12994956","0.5"
"1970613547","1992837034","3.33333"
"1992837034","1970613547","3.33333"
"12994956","1479989837","0.5"
"1479989837","12994956","0.5"
"1479989837","1970613547","5.83333"
"1970613547","1479989837","5.83333"
"1479989837","1992837034","1.33333"
"1992837034","1479989837","1.33333"
"1479989837","2005062613","1.33333"
"2005062613","1479989837","1.33333"
"1992837034","2005062613","7.33333"
"2005062613","1992837034","7.33333"
"1556242696","2031418229","7.14444"
"2031418229","1556242696","7.14444"
"1556242696","1824549708","1.39444"
"1824549708","1556242696","1.39444"
"1824549708","2031418229","3.39444"
"2031418229","1824549708","3.39444"
"1556242696","2039876199","0.727778"
"2039876199","1556242696","0.727778"
"1556242696","2069843477","2.14444"
"2069843477","1556242696","2.14444"
"1556242696","2070108929","0.283333"
"2070108929","1556242696","0.283333"
"1824549708","2039876199","1.90397"
"2039876199","1824549708","1.90397"
"1824549708","2069843477","2.9873"
"2069843477","1824549708","2.9873"
"1824549708","2070108929","1.95"
"2070108929","1824549708","1.95"
"2031418229","2039876199","1.06111"
"2039876199","2031418229","1.06111"
"2031418229","2069843477","3.47778"
"2069843477","2031418229","3.47778"
"2031418229","2070108929","0.283333"
"2070108929","2031418229","0.283333"
"2039876199","2069843477","2.84841"
"2069843477","2039876199","2.84841"
"2039876199","2070108929","0.45"
"2070108929","2039876199","0.45"
"2069843477","2070108929","0.45"
"2070108929","2069843477","0.45"
"1556242696","2010368488","0.777778"
"2010368488","1556242696","0.777778"
"1556242696","2073408277","0.25"
"2073408277","1556242696","0.25"
"1556242696","2165268962","0.694444"
"2165268962","1556242696","0.694444"
"2010368488","2031418229","1.11111"
"2031418229","2010368488","1.11111"
"2010368488","2039876199","5.81508"
"2039876199","2010368488","5.81508"
"2010368488","2069843477","5.23175"
"2069843477","2010368488","5.23175"
"2010368488","2073408277","0.503968"
"2073408277","2010368488","0.503968"
"2010368488","2165268962","7.64841"
"2165268962","2010368488","7.64841"
"2031418229","2073408277","0.25"
"2073408277","2031418229","0.25"
"2031418229","2165268962","0.694444"
"2165268962","2031418229","0.694444"
"2039876199","2073408277","1.00397"
"2073408277","2039876199","1.00397"
"2039876199","2165268962","6.73175"
"2165268962","2039876199","6.73175"
"2069843477","2073408277","0.670635"
"2073408277","2069843477","0.670635"
"2069843477","2165268962","3.81508"
"2165268962","2069843477","3.81508"
"2073408277","2165268962","0.753968"
"2165268962","2073408277","0.753968"
"1556242696","1977549579","0.194444"
"1977549579","1556242696","0.194444"
"1556242696","2021105024","0.0833333"
"2021105024","1556242696","0.0833333"
"1556242696","2050066766","0.0833333"
"2050066766","1556242696","0.0833333"
"1556242696","2103601382","0.25"
"2103601382","1556242696","0.25"
"1556242696","2167479877","1.41667"
"2167479877","1556242696","1.41667"
"1824549708","1977549579","0.194444"
"1977549579","1824549708","0.194444"
"1824549708","2010368488","1.20397"
"2010368488","1824549708","1.20397"
"1824549708","2021105024","0.75"
"2021105024","1824549708","0.75"
"1824549708","2050066766","0.25"
"2050066766","1824549708","0.25"
"1824549708","2073408277","0.72619"
"2073408277","1824549708","0.72619"
"1824549708","2103601382","0.75"
"2103601382","1824549708","0.75"
"1824549708","2167479877","0.22619"
"2167479877","1824549708","0.22619"
"1977549579","2010368488","0.305556"
"2010368488","1977549579","0.305556"
"1977549579","2021105024","0.0833333"
"2021105024","1977549579","0.0833333"
"1977549579","2031418229","0.194444"
"2031418229","1977549579","0.194444"
"1977549579","2039876199","0.305556"
"2039876199","1977549579","0.305556"
"1977549579","2050066766","0.0833333"
"2050066766","1977549579","0.0833333"
"1977549579","2069843477","0.305556"
"2069843477","1977549579","0.305556"
"1977549579","2070108929","0.0833333"
"2070108929","1977549579","0.0833333"
"1977549579","2073408277","0.194444"
"2073408277","1977549579","0.194444"
"1977549579","2103601382","0.0833333"
"2103601382","1977549579","0.0833333"
"1977549579","2167479877","0.194444"
"2167479877","1977549579","0.194444"
"2010368488","2021105024","0.0833333"
"2021105024","2010368488","0.0833333"
"2010368488","2050066766","0.0833333"
"2050066766","2010368488","0.0833333"
"2010368488","2070108929","0.0833333"
"2070108929","2010368488","0.0833333"
"2010368488","2103601382","0.583333"
"2103601382","2010368488","0.583333"
"2010368488","2167479877","1.17063"
"2167479877","2010368488","1.17063"
"2021105024","2031418229","0.0833333"
"2031418229","2021105024","0.0833333"
"2021105024","2039876199","0.25"
"2039876199","2021105024","0.25"
"2021105024","2050066766","0.25"
"2050066766","2021105024","0.25"
"2021105024","2069843477","0.75"
"2069843477","2021105024","0.75"
"2021105024","2070108929","0.25"
"2070108929","2021105024","0.25"
"2021105024","2073408277","0.25"
"2073408277","2021105024","0.25"
"2021105024","2103601382","4.58333"
"2103601382","2021105024","4.58333"
"2021105024","2167479877","0.0833333"
"2167479877","2021105024","0.0833333"
"2031418229","2050066766","0.0833333"
"2050066766","2031418229","0.0833333"
"2031418229","2103601382","0.25"
"2103601382","2031418229","0.25"
"2031418229","2167479877","0.416667"
"2167479877","2031418229","0.416667"
"2039876199","2050066766","0.25"
"2050066766","2039876199","0.25"
"2039876199","2103601382","0.583333"
"2103601382","2039876199","0.583333"
"2039876199","2167479877","1.17063"
"2167479877","2039876199","1.17063"
"2050066766","2069843477","0.25"
"2069843477","2050066766","0.25"
"2050066766","2070108929","0.25"
"2070108929","2050066766","0.25"
"2050066766","2073408277","0.25"
"2073408277","2050066766","0.25"
"2050066766","2103601382","1.08333"
"2103601382","2050066766","1.08333"
"2050066766","2167479877","0.0833333"
"2167479877","2050066766","0.0833333"
"2069843477","2103601382","0.0833333"
"2103601382","2069843477","0.0833333"
"2069843477","2167479877","0.587302"
"2167479877","2069843477","0.587302"
"2070108929","2073408277","0.25"
"2073408277","2070108929","0.25"
"2070108929","2103601382","0.583333"
"2103601382","2070108929","0.583333"
"2070108929","2167479877","0.0833333"
"2167479877","2070108929","0.0833333"
"2073408277","2103601382","0.0833333"
"2103601382","2073408277","0.0833333"
"2073408277","2167479877","0.337302"
"2167479877","2073408277","0.337302"
"2103601382","2167479877","0.0833333"
"2167479877","2103601382","0.0833333"
"1556242696","1971937064","0.333333"
"1971937064","1556242696","0.333333"
"1971937064","2031418229","0.333333"
"2031418229","1971937064","0.333333"
"1971937064","2167479877","0.333333"
"2167479877","1971937064","0.333333"
"1824549708","2165268962","1.45397"
"2165268962","1824549708","1.45397"
"2103601382","2165268962","0.5"
"2165268962","2103601382","0.5"
"1556242696","2092731605","0.111111"
"2092731605","1556242696","0.111111"
"1556242696","409907802","0.111111"
"409907802","1556242696","0.111111"
"1824549708","2092731605","0.253968"
"2092731605","1824549708","0.253968"
"1824549708","409907802","0.561111"
"409907802","1824549708","0.561111"
"1977549579","2092731605","0.222222"
"2092731605","1977549579","0.222222"
"1977549579","2165268962","0.222222"
"2165268962","1977549579","0.222222"
"1977549579","409907802","0.222222"
"409907802","1977549579","0.222222"
"2010368488","2092731605","0.365079"
"2092731605","2010368488","0.365079"
"2010368488","409907802","1.58889"
"409907802","2010368488","1.58889"
"2031418229","2092731605","0.111111"
"2092731605","2031418229","0.111111"
"2031418229","409907802","0.111111"
"409907802","2031418229","0.111111"
"2039876199","2092731605","0.365079"
"2092731605","2039876199","0.365079"
"2039876199","409907802","1.58889"
"409907802","2039876199","1.58889"
"2069843477","2092731605","0.365079"
"2092731605","2069843477","0.365079"
"2069843477","409907802","0.422222"
"409907802","2069843477","0.422222"
"2092731605","2165268962","0.365079"
"2165268962","2092731605","0.365079"
"2092731605","409907802","0.222222"
"409907802","2092731605","0.222222"
"2165268962","409907802","1.58889"
"409907802","2165268962","1.58889"
"2073408277","2092731605","0.253968"
"2092731605","2073408277","0.253968"
"2092731605","2167479877","0.253968"
"2167479877","2092731605","0.253968"
"2165268962","2167479877","1.0873"
"2167479877","2165268962","1.0873"
"1977549579","2062403271","0.111111"
"2062403271","1977549579","0.111111"
"2010368488","2062403271","0.444444"
"2062403271","2010368488","0.444444"
"2039876199","2062403271","0.944444"
"2062403271","2039876199","0.944444"
"2062403271","2069843477","0.611111"
"2069843477","2062403271","0.611111"
"2062403271","2073408277","0.111111"
"2073408277","2062403271","0.111111"
"2062403271","2092731605","0.111111"
"2092731605","2062403271","0.111111"
"2062403271","2165268962","0.444444"
"2165268962","2062403271","0.444444"
"2062403271","2167479877","19.1111"
"2167479877","2062403271","19.1111"
"2062403271","409907802","0.111111"
"409907802","2062403271","0.111111"
"2073408277","409907802","0.111111"
"409907802","2073408277","0.111111"
"2167479877","409907802","0.361111"
"409907802","2167479877","0.361111"
"1988526349","2103601382","10.5"
"2103601382","1988526349","10.5"
"1988526349","2021105024","3.5"
"2021105024","1988526349","3.5"
"1988526349","2005062613","1"
"2005062613","1988526349","1"
"1992837034","2087697043","0.5"
"2087697043","1992837034","0.5"
"2005062613","2087697043","3"
"2087697043","2005062613","3"
"1996838830","2092047229","16"
"2092047229","1996838830","16"
"2005062613","2021105024","0.5"
"2021105024","2005062613","0.5"
"2021105024","2087697043","1.5"
"2087697043","2021105024","1.5"
"2087697043","2103601382","7"
"2103601382","2087697043","7"
