"114359212","1590556824","0.166667"
"1590556824","114359212","0.166667"
"114359212","1973487768","0.166667"
"1973487768","114359212","0.166667"
"114359212","1993683979","0.166667"
"1993683979","114359212","0.166667"
"114359212","1997733547","0.166667"
"1997733547","114359212","0.166667"
"114359212","2045603064","0.166667"
"2045603064","114359212","0.166667"
"114359212","2151356253","0.166667"
"2151356253","114359212","0.166667"
"1590556824","1973487768","0.166667"
"1973487768","1590556824","0.166667"
"1590556824","1993683979","0.509524"
"1993683979","1590556824","0.509524"
"1590556824","1997733547","0.166667"
"1997733547","1590556824","0.166667"
"1590556824","2045603064","0.366667"
"2045603064","1590556824","0.366667"
"1590556824","2151356253","1.35119"
"2151356253","1590556824","1.35119"
"1973487768","1993683979","0.166667"
"1993683979","1973487768","0.166667"
"1973487768","1997733547","0.166667"
"1997733547","1973487768","0.166667"
"1973487768","2045603064","0.166667"
"2045603064","1973487768","0.166667"
"1973487768","2151356253","0.166667"
"2151356253","1973487768","0.166667"
"1993683979","1997733547","0.416667"
"1997733547","1993683979","0.416667"
"1993683979","2045603064","0.366667"
"2045603064","1993683979","0.366667"
"1993683979","2151356253","2.30952"
"2151356253","1993683979","2.30952"
"1997733547","2045603064","0.777778"
"2045603064","1997733547","0.777778"
"1997733547","2151356253","0.166667"
"2151356253","1997733547","0.166667"
"2045603064","2151356253","0.291667"
"2151356253","2045603064","0.291667"
"1590556824","1995553331","3.51786"
"1995553331","1590556824","3.51786"
"1590556824","2069033369","2.26786"
"2069033369","1590556824","2.26786"
"1995553331","2069033369","5.46786"
"2069033369","1995553331","5.46786"
"1995553331","2151356253","1.18452"
"2151356253","1995553331","1.18452"
"2069033369","2151356253","1.05952"
"2151356253","2069033369","1.05952"
"1590556824","2004116597","1"
"2004116597","1590556824","1"
"1590556824","985202171","1.5"
"985202171","1590556824","1.5"
"1590556824","189400912","0.142857"
"189400912","1590556824","0.142857"
"1590556824","1978814076","0.342857"
"1978814076","1590556824","0.342857"
"1590556824","2023383390","0.267857"
"2023383390","1590556824","0.267857"
"189400912","1978814076","0.142857"
"1978814076","189400912","0.142857"
"189400912","1993683979","0.142857"
"1993683979","189400912","0.142857"
"189400912","1995553331","0.342857"
"1995553331","189400912","0.342857"
"189400912","2023383390","0.142857"
"2023383390","189400912","0.142857"
"189400912","2069033369","0.342857"
"2069033369","189400912","0.342857"
"189400912","2151356253","0.142857"
"2151356253","189400912","0.142857"
"1978814076","1993683979","0.592857"
"1993683979","1978814076","0.592857"
"1978814076","1995553331","0.142857"
"1995553331","1978814076","0.142857"
"1978814076","2023383390","0.267857"
"2023383390","1978814076","0.267857"
"1978814076","2069033369","0.378968"
"2069033369","1978814076","0.378968"
"1978814076","2151356253","0.267857"
"2151356253","1978814076","0.267857"
"1993683979","1995553331","0.142857"
"1995553331","1993683979","0.142857"
"1993683979","2023383390","0.142857"
"2023383390","1993683979","0.142857"
"1993683979","2069033369","0.142857"
"2069033369","1993683979","0.142857"
"1995553331","2023383390","0.267857"
"2023383390","1995553331","0.267857"
"2023383390","2069033369","0.392857"
"2069033369","2023383390","0.392857"
"2023383390","2151356253","0.392857"
"2151356253","2023383390","0.392857"
"1590556824","1949577538","0.125"
"1949577538","1590556824","0.125"
"1590556824","1973548720","0.375"
"1973548720","1590556824","0.375"
"1590556824","2076891891","0.125"
"2076891891","1590556824","0.125"
"1590556824","2289564828","0.125"
"2289564828","1590556824","0.125"
"1949577538","1973548720","0.125"
"1973548720","1949577538","0.125"
"1949577538","1995553331","0.625"
"1995553331","1949577538","0.625"
"1949577538","2023383390","0.125"
"2023383390","1949577538","0.125"
"1949577538","2069033369","0.625"
"2069033369","1949577538","0.625"
"1949577538","2076891891","0.125"
"2076891891","1949577538","0.125"
"1949577538","2151356253","0.125"
"2151356253","1949577538","0.125"
"1949577538","2289564828","0.125"
"2289564828","1949577538","0.125"
"1973548720","1995553331","1.075"
"1995553331","1973548720","1.075"
"1973548720","2023383390","0.125"
"2023383390","1973548720","0.125"
"1973548720","2069033369","2.825"
"2069033369","1973548720","2.825"
"1973548720","2076891891","0.291667"
"2076891891","1973548720","0.291667"
"1973548720","2151356253","0.375"
"2151356253","1973548720","0.375"
"1973548720","2289564828","0.125"
"2289564828","1973548720","0.125"
"1995553331","2076891891","0.291667"
"2076891891","1995553331","0.291667"
"1995553331","2289564828","0.125"
"2289564828","1995553331","0.125"
"2023383390","2076891891","0.125"
"2076891891","2023383390","0.125"
"2023383390","2289564828","2.25"
"2289564828","2023383390","2.25"
"2069033369","2076891891","0.291667"
"2076891891","2069033369","0.291667"
"2069033369","2289564828","0.25"
"2289564828","2069033369","0.25"
"2076891891","2151356253","0.125"
"2151356253","2076891891","0.125"
"2076891891","2289564828","0.125"
"2289564828","2076891891","0.125"
"2151356253","2289564828","0.25"
"2289564828","2151356253","0.25"
"1590556824","1977691814","0.2"
"1977691814","1590556824","0.2"
"1590556824","2079607003","0.2"
"2079607003","1590556824","0.2"
"1977691814","1978814076","1.68611"
"1978814076","1977691814","1.68611"
"1977691814","1993683979","0.45"
"1993683979","1977691814","0.45"
"1977691814","2045603064","1.43611"
"2045603064","1977691814","1.43611"
"1977691814","2079607003","2.68611"
"2079607003","1977691814","2.68611"
"1978814076","2045603064","1.43611"
"2045603064","1978814076","1.43611"
"1978814076","2079607003","1.68611"
"2079607003","1978814076","1.68611"
"1993683979","2079607003","0.45"
"2079607003","1993683979","0.45"
"2045603064","2079607003","1.43611"
"2079607003","2045603064","1.43611"
"1590556824","2056263258","1.83333"
"2056263258","1590556824","1.83333"
"2056263258","985202171","2.5"
"985202171","2056263258","2.5"
"1995553331","2056263258","0.833333"
"2056263258","1995553331","0.833333"
"2056263258","2069033369","0.833333"
"2069033369","2056263258","0.833333"
"1590556824","2018318983","0.25"
"2018318983","1590556824","0.25"
"1973548720","2018318983","0.416667"
"2018318983","1973548720","0.416667"
"1995553331","2018318983","0.416667"
"2018318983","1995553331","0.416667"
"2018318983","2151356253","1.25"
"2151356253","2018318983","1.25"
"1756657970","1971337195","1"
"1971337195","1756657970","1"
"1756657970","985202171","1"
"985202171","1756657970","1"
"189400912","1973548720","0.533333"
"1973548720","189400912","0.533333"
"189400912","2100606034","1.86667"
"2100606034","189400912","1.86667"
"189400912","934586339","3.53333"
"934586339","189400912","3.53333"
"1973548720","2100606034","0.533333"
"2100606034","1973548720","0.533333"
"1973548720","934586339","0.2"
"934586339","1973548720","0.2"
"1995553331","2100606034","0.2"
"2100606034","1995553331","0.2"
"1995553331","934586339","0.2"
"934586339","1995553331","0.2"
"2069033369","2100606034","0.2"
"2100606034","2069033369","0.2"
"2069033369","934586339","0.2"
"934586339","2069033369","0.2"
"2100606034","934586339","3.53333"
"934586339","2100606034","3.53333"
"189400912","1997733547","0.333333"
"1997733547","189400912","0.333333"
"1973548720","1997733547","0.333333"
"1997733547","1973548720","0.333333"
"1997733547","2100606034","0.333333"
"2100606034","1997733547","0.333333"
"189400912","2079611458","0.333333"
"2079611458","189400912","0.333333"
"2079611458","2100606034","1.33333"
"2100606034","2079611458","1.33333"
"2079611458","934586339","0.333333"
"934586339","2079611458","0.333333"
"1949577538","985202171","1"
"985202171","1949577538","1"
"1971337195","2157907293","1"
"2157907293","1971337195","1"
"1973548720","2056263258","0.5"
"2056263258","1973548720","0.5"
"1973548720","1977565678","0.166667"
"1977565678","1973548720","0.166667"
"1977565678","1995553331","0.166667"
"1995553331","1977565678","0.166667"
"1977565678","2018318983","0.166667"
"2018318983","1977565678","0.166667"
"1977565678","2056263258","0.166667"
"2056263258","1977565678","0.166667"
"1977565678","2069033369","0.277778"
"2069033369","1977565678","0.277778"
"1977565678","2076891891","0.166667"
"2076891891","1977565678","0.166667"
"2018318983","2056263258","0.166667"
"2056263258","2018318983","0.166667"
"2018318983","2069033369","0.166667"
"2069033369","2018318983","0.166667"
"2018318983","2076891891","0.166667"
"2076891891","2018318983","0.166667"
"2056263258","2076891891","0.166667"
"2076891891","2056263258","0.166667"
"1977565678","1977691814","0.111111"
"1977691814","1977565678","0.111111"
"1977565678","1978814076","0.111111"
"1978814076","1977565678","0.111111"
"1977565678","1995141770","0.111111"
"1995141770","1977565678","0.111111"
"1977565678","1997733547","0.111111"
"1997733547","1977565678","0.111111"
"1977565678","2004116597","0.111111"
"2004116597","1977565678","0.111111"
"1977565678","2045603064","0.111111"
"2045603064","1977565678","0.111111"
"1977565678","2079607003","0.111111"
"2079607003","1977565678","0.111111"
"1977565678","2141860657","0.111111"
"2141860657","1977565678","0.111111"
"1977691814","1995141770","0.236111"
"1995141770","1977691814","0.236111"
"1977691814","1997733547","0.361111"
"1997733547","1977691814","0.361111"
"1977691814","2004116597","0.111111"
"2004116597","1977691814","0.111111"
"1977691814","2069033369","0.236111"
"2069033369","1977691814","0.236111"
"1977691814","2141860657","0.111111"
"2141860657","1977691814","0.111111"
"1978814076","1995141770","0.236111"
"1995141770","1978814076","0.236111"
"1978814076","1997733547","0.361111"
"1997733547","1978814076","0.361111"
"1978814076","2004116597","0.111111"
"2004116597","1978814076","0.111111"
"1978814076","2141860657","0.111111"
"2141860657","1978814076","0.111111"
"1995141770","1997733547","0.111111"
"1997733547","1995141770","0.111111"
"1995141770","2004116597","2.11111"
"2004116597","1995141770","2.11111"
"1995141770","2045603064","0.236111"
"2045603064","1995141770","0.236111"
"1995141770","2069033369","1.23611"
"2069033369","1995141770","1.23611"
"1995141770","2079607003","0.236111"
"2079607003","1995141770","0.236111"
"1995141770","2141860657","0.111111"
"2141860657","1995141770","0.111111"
"1997733547","2004116597","0.111111"
"2004116597","1997733547","0.111111"
"1997733547","2069033369","0.111111"
"2069033369","1997733547","0.111111"
"1997733547","2079607003","0.361111"
"2079607003","1997733547","0.361111"
"1997733547","2141860657","0.611111"
"2141860657","1997733547","0.611111"
"2004116597","2045603064","0.111111"
"2045603064","2004116597","0.111111"
"2004116597","2069033369","0.111111"
"2069033369","2004116597","0.111111"
"2004116597","2079607003","0.111111"
"2079607003","2004116597","0.111111"
"2004116597","2141860657","0.111111"
"2141860657","2004116597","0.111111"
"2045603064","2069033369","0.236111"
"2069033369","2045603064","0.236111"
"2045603064","2141860657","0.611111"
"2141860657","2045603064","0.611111"
"2069033369","2079607003","0.236111"
"2079607003","2069033369","0.236111"
"2069033369","2141860657","0.111111"
"2141860657","2069033369","0.111111"
"2079607003","2141860657","0.111111"
"2141860657","2079607003","0.111111"
"1977691814","2023383390","0.125"
"2023383390","1977691814","0.125"
"1977691814","2151356253","0.125"
"2151356253","1977691814","0.125"
"1977691814","2289564828","0.125"
"2289564828","1977691814","0.125"
"1978814076","2289564828","0.125"
"2289564828","1978814076","0.125"
"1995141770","2023383390","0.125"
"2023383390","1995141770","0.125"
"1995141770","2151356253","0.125"
"2151356253","1995141770","0.125"
"1995141770","2289564828","0.125"
"2289564828","1995141770","0.125"
"2023383390","2045603064","0.125"
"2045603064","2023383390","0.125"
"2023383390","2079607003","0.125"
"2079607003","2023383390","0.125"
"2045603064","2289564828","0.125"
"2289564828","2045603064","0.125"
"2079607003","2151356253","0.125"
"2151356253","2079607003","0.125"
"2079607003","2289564828","0.125"
"2289564828","2079607003","0.125"
"1993683979","2059952833","1"
"2059952833","1993683979","1"
