"123272198","2329267147","9.2"
"2329267147","123272198","9.2"
"123272198","1800581585","0.2"
"1800581585","123272198","0.2"
"123272198","1904973894","0.2"
"1904973894","123272198","0.2"
"123272198","2396689622","0.2"
"2396689622","123272198","0.2"
"123272198","2498043799","0.2"
"2498043799","123272198","0.2"
"1800581585","1904973894","4.13966"
"1904973894","1800581585","4.13966"
"1800581585","2329267147","1.00311"
"2329267147","1800581585","1.00311"
"1800581585","2396689622","4.13966"
"2396689622","1800581585","4.13966"
"1800581585","2498043799","26.723"
"2498043799","1800581585","26.723"
"1904973894","2329267147","1.16978"
"2329267147","1904973894","1.16978"
"1904973894","2396689622","4.88966"
"2396689622","1904973894","4.88966"
"1904973894","2498043799","4.38966"
"2498043799","1904973894","4.38966"
"2329267147","2396689622","1.16978"
"2396689622","2329267147","1.16978"
"2329267147","2498043799","4.66978"
"2498043799","2329267147","4.66978"
"2396689622","2498043799","5.73251"
"2498043799","2396689622","5.73251"
"1528280116","1734977366","0.265152"
"1734977366","1528280116","0.265152"
"1528280116","1800581585","0.174242"
"1800581585","1528280116","0.174242"
"1528280116","1902366060","0.843265"
"1902366060","1528280116","0.843265"
"1528280116","1904973894","0.174242"
"1904973894","1528280116","0.174242"
"1528280116","2147330660","0.926598"
"2147330660","1528280116","0.926598"
"1528280116","2208779117","0.700408"
"2208779117","1528280116","0.700408"
"1528280116","2226676753","0.0909091"
"2226676753","1528280116","0.0909091"
"1528280116","2396689622","0.174242"
"2396689622","1528280116","0.174242"
"1528280116","2398263679","0.167832"
"2398263679","1528280116","0.167832"
"1528280116","2498043799","0.675408"
"2498043799","1528280116","0.675408"
"1528280116","2498620878","0.157576"
"2498620878","1528280116","0.157576"
"1734977366","1800581585","0.684499"
"1800581585","1734977366","0.684499"
"1734977366","1902366060","0.61912"
"1902366060","1734977366","0.61912"
"1734977366","1904973894","0.351166"
"1904973894","1734977366","0.351166"
"1734977366","2147330660","0.181818"
"2147330660","1734977366","0.181818"
"1734977366","2208779117","0.61912"
"2208779117","1734977366","0.61912"
"1734977366","2226676753","0.167832"
"2226676753","1734977366","0.167832"
"1734977366","2396689622","0.351166"
"2396689622","1734977366","0.351166"
"1734977366","2398263679","0.167832"
"2398263679","1734977366","0.167832"
"1734977366","2498043799","0.886519"
"2498043799","1734977366","0.886519"
"1734977366","2498620878","0.0909091"
"2498620878","1734977366","0.0909091"
"1800581585","1902366060","0.274242"
"1902366060","1800581585","0.274242"
"1800581585","2147330660","0.0909091"
"2147330660","1800581585","0.0909091"
"1800581585","2208779117","0.274242"
"2208779117","1800581585","0.274242"
"1800581585","2226676753","1.1968"
"2226676753","1800581585","1.1968"
"1800581585","2398263679","1.6968"
"2398263679","1800581585","1.6968"
"1800581585","2498620878","0.0909091"
"2498620878","1800581585","0.0909091"
"1902366060","1904973894","0.274242"
"1904973894","1902366060","0.274242"
"1902366060","2147330660","0.593265"
"2147330660","1902366060","0.593265"
"1902366060","2208779117","16.0222"
"2208779117","1902366060","16.0222"
"1902366060","2226676753","0.0909091"
"2226676753","1902366060","0.0909091"
"1902366060","2396689622","0.274242"
"2396689622","1902366060","0.274242"
"1902366060","2398263679","0.167832"
"2398263679","1902366060","0.167832"
"1902366060","2498043799","0.553186"
"2498043799","1902366060","0.553186"
"1902366060","2498620878","0.407576"
"2498620878","1902366060","0.407576"
"1904973894","2147330660","0.0909091"
"2147330660","1904973894","0.0909091"
"1904973894","2208779117","0.274242"
"2208779117","1904973894","0.274242"
"1904973894","2226676753","1.1968"
"2226676753","1904973894","1.1968"
"1904973894","2398263679","1.6968"
"2398263679","1904973894","1.6968"
"1904973894","2498620878","0.0909091"
"2498620878","1904973894","0.0909091"
"2147330660","2208779117","0.450408"
"2208779117","2147330660","0.450408"
"2147330660","2226676753","0.0909091"
"2226676753","2147330660","0.0909091"
"2147330660","2396689622","0.0909091"
"2396689622","2147330660","0.0909091"
"2147330660","2398263679","0.167832"
"2398263679","2147330660","0.167832"
"2147330660","2498043799","0.592075"
"2498043799","2147330660","0.592075"
"2147330660","2498620878","0.157576"
"2498620878","2147330660","0.157576"
"2208779117","2226676753","0.0909091"
"2226676753","2208779117","0.0909091"
"2208779117","2396689622","0.274242"
"2396689622","2208779117","0.274242"
"2208779117","2398263679","0.167832"
"2398263679","2208779117","0.167832"
"2208779117","2498043799","0.553186"
"2498043799","2208779117","0.553186"
"2208779117","2498620878","0.407576"
"2498620878","2208779117","0.407576"
"2226676753","2396689622","1.33966"
"2396689622","2226676753","1.33966"
"2226676753","2398263679","18.2087"
"2398263679","2226676753","18.2087"
"2226676753","2498043799","1.33966"
"2498043799","2226676753","1.33966"
"2226676753","2498620878","8.59091"
"2498620878","2226676753","8.59091"
"2396689622","2398263679","1.83966"
"2398263679","2396689622","1.83966"
"2396689622","2498620878","0.0909091"
"2498620878","2396689622","0.0909091"
"2398263679","2498043799","1.91658"
"2498043799","2398263679","1.91658"
"2398263679","2498620878","9.59091"
"2498620878","2398263679","9.59091"
"2498043799","2498620878","0.0909091"
"2498620878","2498043799","0.0909091"
"1528280116","2097454281","1.25236"
"2097454281","1528280116","1.25236"
"1528280116","2252933973","1.25236"
"2252933973","1528280116","1.25236"
"1528280116","2951524581","0.340909"
"2951524581","1528280116","0.340909"
"1528280116","2952972670","1.25236"
"2952972670","1528280116","1.25236"
"1902366060","2097454281","1.39799"
"2097454281","1902366060","1.39799"
"1902366060","2252933973","1.39799"
"2252933973","1902366060","1.39799"
"1902366060","2951524581","1.83773"
"2951524581","1902366060","1.83773"
"1902366060","2952972670","1.39799"
"2952972670","1902366060","1.39799"
"2097454281","2208779117","1.25513"
"2208779117","2097454281","1.25513"
"2097454281","2252933973","27.2622"
"2252933973","2097454281","27.2622"
"2097454281","2951524581","1.91624"
"2951524581","2097454281","1.91624"
"2097454281","2952972670","29.5955"
"2952972670","2097454281","29.5955"
"2208779117","2252933973","1.25513"
"2252933973","2208779117","1.25513"
"2208779117","2951524581","1.83773"
"2951524581","2208779117","1.83773"
"2208779117","2952972670","1.25513"
"2952972670","2208779117","1.25513"
"2252933973","2951524581","2.24958"
"2951524581","2252933973","2.24958"
"2252933973","2952972670","27.5955"
"2952972670","2252933973","27.5955"
"2951524581","2952972670","2.24958"
"2952972670","2951524581","2.24958"
"1528280116","1951812109","0.4"
"1951812109","1528280116","0.4"
"1734977366","1951812109","0.337302"
"1951812109","1734977366","0.337302"
"1734977366","2097454281","0.605134"
"2097454281","1734977366","0.605134"
"1734977366","2252933973","0.605134"
"2252933973","1734977366","0.605134"
"1734977366","2951524581","0.605134"
"2951524581","1734977366","0.605134"
"1734977366","2952972670","0.605134"
"2952972670","1734977366","0.605134"
"1800581585","1951812109","0.0833333"
"1951812109","1800581585","0.0833333"
"1800581585","2097454281","0.653114"
"2097454281","1800581585","0.653114"
"1800581585","2252933973","0.653114"
"2252933973","1800581585","0.653114"
"1800581585","2951524581","0.260256"
"2951524581","1800581585","0.260256"
"1800581585","2952972670","0.653114"
"2952972670","1800581585","0.653114"
"1902366060","1951812109","0.403968"
"1951812109","1902366060","0.403968"
"1904973894","1951812109","0.0833333"
"1951812109","1904973894","0.0833333"
"1904973894","2097454281","0.403114"
"2097454281","1904973894","0.403114"
"1904973894","2252933973","0.403114"
"2252933973","1904973894","0.403114"
"1904973894","2951524581","0.260256"
"2951524581","1904973894","0.260256"
"1904973894","2952972670","0.403114"
"2952972670","1904973894","0.403114"
"1951812109","2097454281","0.778968"
"2097454281","1951812109","0.778968"
"1951812109","2208779117","0.403968"
"2208779117","1951812109","0.403968"
"1951812109","2252933973","0.778968"
"2252933973","1951812109","0.778968"
"1951812109","2396689622","0.0833333"
"2396689622","1951812109","0.0833333"
"1951812109","2498043799","0.194444"
"2498043799","1951812109","0.194444"
"1951812109","2951524581","0.462302"
"2951524581","1951812109","0.462302"
"1951812109","2952972670","0.778968"
"2952972670","1951812109","0.778968"
"2097454281","2396689622","0.603114"
"2396689622","2097454281","0.603114"
"2097454281","2498043799","1.24317"
"2498043799","2097454281","1.24317"
"2252933973","2396689622","0.603114"
"2396689622","2252933973","0.603114"
"2252933973","2498043799","1.24317"
"2498043799","2252933973","1.24317"
"2396689622","2951524581","0.460256"
"2951524581","2396689622","0.460256"
"2396689622","2952972670","0.603114"
"2952972670","2396689622","0.603114"
"2498043799","2951524581","0.773388"
"2951524581","2498043799","0.773388"
"2498043799","2952972670","1.24317"
"2952972670","2498043799","1.24317"
"1528280116","2204217011","0.14359"
"2204217011","1528280116","0.14359"
"1528280116","2221899874","0.14359"
"2221899874","1528280116","0.14359"
"1528280116","2309083741","0.14359"
"2309083741","1528280116","0.14359"
"1528280116","2313033407","0.14359"
"2313033407","1528280116","0.14359"
"1528280116","2609246003","0.502356"
"2609246003","1528280116","0.502356"
"1902366060","2204217011","0.14359"
"2204217011","1902366060","0.14359"
"1902366060","2221899874","0.14359"
"2221899874","1902366060","0.14359"
"1902366060","2309083741","1.27811"
"2309083741","1902366060","1.27811"
"1902366060","2313033407","2.27811"
"2313033407","1902366060","2.27811"
"1902366060","2609246003","13.2202"
"2609246003","1902366060","13.2202"
"2097454281","2147330660","0.502356"
"2147330660","2097454281","0.502356"
"2097454281","2204217011","0.838034"
"2204217011","2097454281","0.838034"
"2097454281","2221899874","0.838034"
"2221899874","2097454281","0.838034"
"2097454281","2309083741","0.914957"
"2309083741","2097454281","0.914957"
"2097454281","2313033407","1.16496"
"2313033407","2097454281","1.16496"
"2097454281","2398263679","1.23718"
"2398263679","2097454281","1.23718"
"2097454281","2609246003","1.08569"
"2609246003","2097454281","1.08569"
"2147330660","2204217011","0.14359"
"2204217011","2147330660","0.14359"
"2147330660","2221899874","0.14359"
"2221899874","2147330660","0.14359"
"2147330660","2252933973","0.502356"
"2252933973","2147330660","0.502356"
"2147330660","2309083741","0.14359"
"2309083741","2147330660","0.14359"
"2147330660","2313033407","0.14359"
"2313033407","2147330660","0.14359"
"2147330660","2609246003","0.502356"
"2609246003","2147330660","0.502356"
"2147330660","2952972670","0.502356"
"2952972670","2147330660","0.502356"
"2204217011","2208779117","0.14359"
"2208779117","2204217011","0.14359"
"2204217011","2221899874","26.3456"
"2221899874","2204217011","26.3456"
"2204217011","2252933973","0.588034"
"2252933973","2204217011","0.588034"
"2204217011","2309083741","1.25827"
"2309083741","2204217011","1.25827"
"2204217011","2313033407","1.61938"
"2313033407","2204217011","1.61938"
"2204217011","2398263679","1.9678"
"2398263679","2204217011","1.9678"
"2204217011","2498043799","0.95986"
"2498043799","2204217011","0.95986"
"2204217011","2609246003","0.801923"
"2609246003","2204217011","0.801923"
"2204217011","2952972670","0.588034"
"2952972670","2204217011","0.588034"
"2208779117","2221899874","0.14359"
"2221899874","2208779117","0.14359"
"2208779117","2309083741","1.27811"
"2309083741","2208779117","1.27811"
"2208779117","2313033407","1.27811"
"2313033407","2208779117","1.27811"
"2208779117","2609246003","14.0774"
"2609246003","2208779117","14.0774"
"2221899874","2252933973","0.588034"
"2252933973","2221899874","0.588034"
"2221899874","2309083741","1.25827"
"2309083741","2221899874","1.25827"
"2221899874","2313033407","1.61938"
"2313033407","2221899874","1.61938"
"2221899874","2398263679","1.9678"
"2398263679","2221899874","1.9678"
"2221899874","2498043799","0.95986"
"2498043799","2221899874","0.95986"
"2221899874","2609246003","0.801923"
"2609246003","2221899874","0.801923"
"2221899874","2952972670","0.588034"
"2952972670","2221899874","0.588034"
"2252933973","2309083741","1.24829"
"2309083741","2252933973","1.24829"
"2252933973","2313033407","0.914957"
"2313033407","2252933973","0.914957"
"2252933973","2398263679","0.237179"
"2398263679","2252933973","0.237179"
"2252933973","2609246003","0.835689"
"2609246003","2252933973","0.835689"
"2309083741","2313033407","40.8864"
"2313033407","2309083741","40.8864"
"2309083741","2398263679","1.41575"
"2398263679","2309083741","1.41575"
"2309083741","2498043799","0.991148"
"2498043799","2309083741","0.991148"
"2309083741","2609246003","1.43645"
"2609246003","2309083741","1.43645"
"2309083741","2952972670","1.24829"
"2952972670","2309083741","1.24829"
"2313033407","2398263679","1.52686"
"2398263679","2313033407","1.52686"
"2313033407","2498043799","1.10226"
"2498043799","2313033407","1.10226"
"2313033407","2609246003","1.68645"
"2609246003","2313033407","1.68645"
"2313033407","2952972670","0.914957"
"2952972670","2313033407","0.914957"
"2398263679","2609246003","0.160256"
"2609246003","2398263679","0.160256"
"2398263679","2952972670","0.237179"
"2952972670","2398263679","0.237179"
"2498043799","2609246003","0.167832"
"2609246003","2498043799","0.167832"
"2609246003","2952972670","0.835689"
"2952972670","2609246003","0.835689"
"1528280116","2105708196","0.233766"
"2105708196","1528280116","0.233766"
"1902366060","2105708196","0.233766"
"2105708196","1902366060","0.233766"
"2097454281","2105708196","0.900433"
"2105708196","2097454281","0.900433"
"2105708196","2147330660","0.233766"
"2147330660","2105708196","0.233766"
"2105708196","2252933973","0.900433"
"2252933973","2105708196","0.900433"
"2105708196","2609246003","0.233766"
"2609246003","2105708196","0.233766"
"2105708196","2952972670","0.900433"
"2952972670","2105708196","0.900433"
"1528280116","2329267147","0.458333"
"2329267147","1528280116","0.458333"
"2147330660","2329267147","0.458333"
"2329267147","2147330660","0.458333"
"1528280116","2213323767","0.0666667"
"2213323767","1528280116","0.0666667"
"1528280116","2951872361","0.0666667"
"2951872361","1528280116","0.0666667"
"1902366060","2213323767","1.52063"
"2213323767","1902366060","1.52063"
"1902366060","2951872361","0.334524"
"2951872361","1902366060","0.334524"
"1951812109","2147330660","0.0666667"
"2147330660","1951812109","0.0666667"
"1951812109","2204217011","0.191667"
"2204217011","1951812109","0.191667"
"1951812109","2213323767","0.177778"
"2213323767","1951812109","0.177778"
"1951812109","2221899874","0.191667"
"2221899874","1951812109","0.191667"
"1951812109","2309083741","0.0666667"
"2309083741","1951812109","0.0666667"
"1951812109","2313033407","0.0666667"
"2313033407","1951812109","0.0666667"
"1951812109","2498620878","0.191667"
"2498620878","1951812109","0.191667"
"1951812109","2609246003","0.0666667"
"2609246003","1951812109","0.0666667"
"1951812109","2951872361","0.191667"
"2951872361","1951812109","0.191667"
"2097454281","2213323767","0.594444"
"2213323767","2097454281","0.594444"
"2097454281","2498620878","0.191667"
"2498620878","2097454281","0.191667"
"2097454281","2951872361","0.511111"
"2951872361","2097454281","0.511111"
"2147330660","2213323767","0.0666667"
"2213323767","2147330660","0.0666667"
"2147330660","2951872361","0.0666667"
"2951872361","2147330660","0.0666667"
"2204217011","2213323767","0.15"
"2213323767","2204217011","0.15"
"2204217011","2498620878","0.191667"
"2498620878","2204217011","0.191667"
"2204217011","2951872361","2.60794"
"2951872361","2204217011","2.60794"
"2208779117","2213323767","1.52063"
"2213323767","2208779117","1.52063"
"2208779117","2951872361","0.334524"
"2951872361","2208779117","0.334524"
"2213323767","2221899874","0.15"
"2221899874","2213323767","0.15"
"2213323767","2252933973","0.594444"
"2252933973","2213323767","0.594444"
"2213323767","2309083741","0.659524"
"2309083741","2213323767","0.659524"
"2213323767","2313033407","0.659524"
"2313033407","2213323767","0.659524"
"2213323767","2498620878","0.0666667"
"2498620878","2213323767","0.0666667"
"2213323767","2609246003","0.659524"
"2609246003","2213323767","0.659524"
"2213323767","2951872361","0.292857"
"2951872361","2213323767","0.292857"
"2213323767","2952972670","0.594444"
"2952972670","2213323767","0.594444"
"2221899874","2498620878","0.191667"
"2498620878","2221899874","0.191667"
"2221899874","2951872361","2.60794"
"2951872361","2221899874","2.60794"
"2252933973","2498620878","0.191667"
"2498620878","2252933973","0.191667"
"2252933973","2951872361","0.511111"
"2951872361","2252933973","0.511111"
"2309083741","2498620878","0.816667"
"2498620878","2309083741","0.816667"
"2309083741","2951872361","5.68135"
"2951872361","2309083741","5.68135"
"2313033407","2498620878","0.816667"
"2498620878","2313033407","0.816667"
"2313033407","2951872361","6.79246"
"2951872361","2313033407","6.79246"
"2498620878","2609246003","0.0666667"
"2609246003","2498620878","0.0666667"
"2498620878","2951872361","0.191667"
"2951872361","2498620878","0.191667"
"2498620878","2952972670","0.191667"
"2952972670","2498620878","0.191667"
"2609246003","2951872361","0.617857"
"2951872361","2609246003","0.617857"
"2951872361","2952972670","0.511111"
"2952972670","2951872361","0.511111"
"1902366060","2329267147","0.291667"
"2329267147","1902366060","0.291667"
"2097454281","2329267147","1.17811"
"2329267147","2097454281","1.17811"
"2208779117","2329267147","0.291667"
"2329267147","2208779117","0.291667"
"2252933973","2329267147","0.84478"
"2329267147","2252933973","0.84478"
"2329267147","2609246003","0.125"
"2609246003","2329267147","0.125"
"2329267147","2952972670","1.17811"
"2952972670","2329267147","1.17811"
"1734977366","2105708196","0.0909091"
"2105708196","1734977366","0.0909091"
"1734977366","2609246003","0.0909091"
"2609246003","1734977366","0.0909091"
"2105708196","2208779117","0.0909091"
"2208779117","2105708196","0.0909091"
"2105708196","2498043799","0.0909091"
"2498043799","2105708196","0.0909091"
"2105708196","2951524581","0.0909091"
"2951524581","2105708196","0.0909091"
"2147330660","2951524581","0.0909091"
"2951524581","2147330660","0.0909091"
"2609246003","2951524581","4.9421"
"2951524581","2609246003","4.9421"
"1528280116","2079431474","0.25"
"2079431474","1528280116","0.25"
"2079431474","2097454281","1.91667"
"2097454281","2079431474","1.91667"
"2079431474","2252933973","1.58333"
"2252933973","2079431474","1.58333"
"2079431474","2952972670","1.91667"
"2952972670","2079431474","1.91667"
"1734977366","2309083741","0.0769231"
"2309083741","1734977366","0.0769231"
"1734977366","2313033407","0.0769231"
"2313033407","1734977366","0.0769231"
"1734977366","2329267147","0.410256"
"2329267147","1734977366","0.410256"
"1800581585","2309083741","0.0769231"
"2309083741","1800581585","0.0769231"
"1800581585","2313033407","0.188034"
"2313033407","1800581585","0.188034"
"1904973894","2309083741","0.326923"
"2309083741","1904973894","0.326923"
"1904973894","2313033407","0.438034"
"2313033407","1904973894","0.438034"
"2097454281","2226676753","0.160256"
"2226676753","2097454281","0.160256"
"2226676753","2252933973","0.160256"
"2252933973","2226676753","0.160256"
"2226676753","2309083741","1.33883"
"2309083741","2226676753","1.33883"
"2226676753","2313033407","1.44994"
"2313033407","2226676753","1.44994"
"2226676753","2329267147","0.612637"
"2329267147","2226676753","0.612637"
"2226676753","2951524581","0.160256"
"2951524581","2226676753","0.160256"
"2226676753","2952972670","0.160256"
"2952972670","2226676753","0.160256"
"2309083741","2329267147","0.945971"
"2329267147","2309083741","0.945971"
"2309083741","2396689622","0.46978"
"2396689622","2309083741","0.46978"
"2309083741","2951524581","1.03922"
"2951524581","2309083741","1.03922"
"2313033407","2329267147","0.945971"
"2329267147","2313033407","0.945971"
"2313033407","2396689622","0.580891"
"2396689622","2313033407","0.580891"
"2313033407","2951524581","0.705891"
"2951524581","2313033407","0.705891"
"2329267147","2398263679","0.612637"
"2398263679","2329267147","0.612637"
"2329267147","2951524581","0.24359"
"2951524581","2329267147","0.24359"
"2398263679","2951524581","0.160256"
"2951524581","2398263679","0.160256"
"1734977366","2213323767","0.111111"
"2213323767","1734977366","0.111111"
"2213323767","2498043799","0.111111"
"2498043799","2213323767","0.111111"
"2213323767","2951524581","2.8373"
"2951524581","2213323767","2.8373"
"1800581585","2204217011","0.628968"
"2204217011","1800581585","0.628968"
"1800581585","2221899874","0.628968"
"2221899874","1800581585","0.628968"
"1904973894","2204217011","0.628968"
"2204217011","1904973894","0.628968"
"1904973894","2221899874","0.628968"
"2221899874","1904973894","0.628968"
"2204217011","2226676753","1.55754"
"2226676753","2204217011","1.55754"
"2204217011","2396689622","0.771825"
"2396689622","2204217011","0.771825"
"2221899874","2226676753","1.55754"
"2226676753","2221899874","1.55754"
"2221899874","2396689622","0.771825"
"2396689622","2221899874","0.771825"
"1800581585","2951872361","0.486111"
"2951872361","1800581585","0.486111"
"1904973894","2951872361","0.486111"
"2951872361","1904973894","0.486111"
"2226676753","2951872361","1.27183"
"2951872361","2226676753","1.27183"
"2396689622","2951872361","0.486111"
"2951872361","2396689622","0.486111"
"2398263679","2951872361","1.60516"
"2951872361","2398263679","1.60516"
"2498043799","2951872361","0.597222"
"2951872361","2498043799","0.597222"
"2951524581","2951872361","0.462302"
"2951872361","2951524581","0.462302"
"2204217011","2951524581","0.444444"
"2951524581","2204217011","0.444444"
"2221899874","2951524581","0.444444"
"2951524581","2221899874","0.444444"
"2498620878","2951524581","0.125"
"2951524581","2498620878","0.125"
"2079431474","2105708196","1"
"2105708196","2079431474","1"
"2079431474","2329267147","0.333333"
"2329267147","2079431474","0.333333"
"2213323767","2226676753","0.0833333"
"2226676753","2213323767","0.0833333"
"2213323767","2398263679","0.0833333"
"2398263679","2213323767","0.0833333"
"2226676753","2609246003","0.0833333"
"2609246003","2226676753","0.0833333"
"2204217011","2329267147","0.285714"
"2329267147","2204217011","0.285714"
"2221899874","2329267147","0.285714"
"2329267147","2221899874","0.285714"
"2329267147","2951872361","0.285714"
"2951872361","2329267147","0.285714"
