"1496584327","1510685731","0.738095"
"1510685731","1496584327","0.738095"
"1496584327","1607970481","1.71429"
"1607970481","1496584327","1.71429"
"1496584327","1832434501","0.595238"
"1832434501","1496584327","0.595238"
"1496584327","1964998604","1.46429"
"1964998604","1496584327","1.46429"
"1496584327","2008550985","0.738095"
"2008550985","1496584327","0.738095"
"1496584327","2163134789","1.71429"
"2163134789","1496584327","1.71429"
"1510685731","1607970481","0.738095"
"1607970481","1510685731","0.738095"
"1510685731","1832434501","2.92857"
"1832434501","1510685731","2.92857"
"1510685731","1964998604","0.738095"
"1964998604","1510685731","0.738095"
"1510685731","2008550985","2.57143"
"2008550985","1510685731","2.57143"
"1510685731","2163134789","0.738095"
"2163134789","1510685731","0.738095"
"1607970481","1832434501","0.595238"
"1832434501","1607970481","0.595238"
"1607970481","1964998604","3.29762"
"1964998604","1607970481","3.29762"
"1607970481","2008550985","1.0381"
"2008550985","1607970481","1.0381"
"1607970481","2163134789","2.26429"
"2163134789","1607970481","2.26429"
"1832434501","1964998604","0.595238"
"1964998604","1832434501","0.595238"
"1832434501","2008550985","0.928571"
"2008550985","1832434501","0.928571"
"1832434501","2163134789","0.595238"
"2163134789","1832434501","0.595238"
"1964998604","2008550985","1.0381"
"2008550985","1964998604","1.0381"
"1964998604","2163134789","2.09762"
"2163134789","1964998604","2.09762"
"2008550985","2163134789","1.3381"
"2163134789","2008550985","1.3381"
"1496584327","2121298390","0.571429"
"2121298390","1496584327","0.571429"
"1510685731","2121298390","1.40476"
"2121298390","1510685731","1.40476"
"1607970481","2121298390","0.871429"
"2121298390","1607970481","0.871429"
"1832434501","2121298390","0.428571"
"2121298390","1832434501","0.428571"
"1964998604","2121298390","0.871429"
"2121298390","1964998604","0.871429"
"2008550985","2121298390","2.87143"
"2121298390","2008550985","2.87143"
"2121298390","2163134789","0.671429"
"2163134789","2121298390","0.671429"
"1496584327","2149185154","1"
"2149185154","1496584327","1"
"1496584327","1879040603","0.392857"
"1879040603","1496584327","0.392857"
"1607970481","1879040603","0.642857"
"1879040603","1607970481","0.642857"
"1879040603","1964998604","0.392857"
"1964998604","1879040603","0.392857"
"1879040603","2163134789","0.642857"
"2163134789","1879040603","0.642857"
"1496584327","1899649398","0.72619"
"1899649398","1496584327","0.72619"
"1496584327","2036382204","0.72619"
"2036382204","1496584327","0.72619"
"1496584327","2265322559","0.47619"
"2265322559","1496584327","0.47619"
"1607970481","1899649398","1.17619"
"1899649398","1607970481","1.17619"
"1607970481","2036382204","1.50952"
"2036382204","1607970481","1.50952"
"1607970481","2265322559","1.00952"
"2265322559","1607970481","1.00952"
"1899649398","1964998604","0.67619"
"1964998604","1899649398","0.67619"
"1899649398","2036382204","2.84286"
"2036382204","1899649398","2.84286"
"1899649398","2163134789","1.17619"
"2163134789","1899649398","1.17619"
"1899649398","2265322559","1.84286"
"2265322559","1899649398","1.84286"
"1964998604","2036382204","1.34286"
"2036382204","1964998604","1.34286"
"1964998604","2265322559","1.34286"
"2265322559","1964998604","1.34286"
"2036382204","2163134789","1.50952"
"2163134789","2036382204","1.50952"
"2036382204","2265322559","2.50952"
"2265322559","2036382204","2.50952"
"2163134789","2265322559","1.00952"
"2265322559","2163134789","1.00952"
"1879040603","1899649398","2.72619"
"1899649398","1879040603","2.72619"
"1879040603","2036382204","1.55952"
"2036382204","1879040603","1.55952"
"1879040603","2265322559","0.809524"
"2265322559","1879040603","0.809524"
"1496584327","2043889838","0.142857"
"2043889838","1496584327","0.142857"
"1510685731","2043889838","0.47619"
"2043889838","1510685731","0.47619"
"1607970481","2043889838","0.242857"
"2043889838","1607970481","0.242857"
"1964998604","2043889838","0.242857"
"2043889838","1964998604","0.242857"
"2008550985","2043889838","1.24286"
"2043889838","2008550985","1.24286"
"2043889838","2121298390","1.07619"
"2121298390","2043889838","1.07619"
"2043889838","2163134789","0.742857"
"2163134789","2043889838","0.742857"
"1498199842","2120295736","3.33333"
"2120295736","1498199842","3.33333"
"1498199842","1562418252","4.53333"
"1562418252","1498199842","4.53333"
"1562418252","2120295736","5.83333"
"2120295736","1562418252","5.83333"
"1498199842","2287904731","2.33333"
"2287904731","1498199842","2.33333"
"1562418252","2287904731","0.333333"
"2287904731","1562418252","0.333333"
"2120295736","2287904731","0.333333"
"2287904731","2120295736","0.333333"
"1498199842","1607970481","0.2"
"1607970481","1498199842","0.2"
"1498199842","1964998604","0.2"
"1964998604","1498199842","0.2"
"1498199842","2008550985","0.2"
"2008550985","1498199842","0.2"
"1498199842","2121298390","0.2"
"2121298390","1498199842","0.2"
"1562418252","1607970481","0.2"
"1607970481","1562418252","0.2"
"1562418252","1964998604","0.2"
"1964998604","1562418252","0.2"
"1562418252","2008550985","0.2"
"2008550985","1562418252","0.2"
"1562418252","2121298390","0.2"
"2121298390","1562418252","0.2"
"1510685731","2149185154","0.333333"
"2149185154","1510685731","0.333333"
"1832434501","2149185154","0.333333"
"2149185154","1832434501","0.333333"
"2008550985","2149185154","0.333333"
"2149185154","2008550985","0.333333"
"1510685731","2122760400","1"
"2122760400","1510685731","1"
"1510685731","1878961253","0.333333"
"1878961253","1510685731","0.333333"
"1878961253","2043889838","0.333333"
"2043889838","1878961253","0.333333"
"1878961253","2121298390","0.333333"
"2121298390","1878961253","0.333333"
"1557542503","1993733042","0.851263"
"1993733042","1557542503","0.851263"
"1557542503","2084734790","0.125"
"2084734790","1557542503","0.125"
"1557542503","2115495807","2.65364"
"2115495807","1557542503","2.65364"
"1557542503","2116252440","1.48698"
"2116252440","1557542503","1.48698"
"1557542503","2121608304","2.90364"
"2121608304","1557542503","2.90364"
"1557542503","2138435779","0.215909"
"2138435779","1557542503","0.215909"
"1557542503","2161225903","2.66079"
"2161225903","1557542503","2.66079"
"1557542503","2287904731","0.819877"
"2287904731","1557542503","0.819877"
"1993733042","2084734790","0.125"
"2084734790","1993733042","0.125"
"1993733042","2115495807","1.7965"
"2115495807","1993733042","1.7965"
"1993733042","2116252440","3.08817"
"2116252440","1993733042","3.08817"
"1993733042","2121608304","1.6715"
"2121608304","1993733042","1.6715"
"1993733042","2138435779","1.05877"
"2138435779","1993733042","1.05877"
"1993733042","2161225903","2.02031"
"2161225903","1993733042","2.02031"
"1993733042","2287904731","2.19726"
"2287904731","1993733042","2.19726"
"2084734790","2115495807","0.125"
"2115495807","2084734790","0.125"
"2084734790","2116252440","1.125"
"2116252440","2084734790","1.125"
"2084734790","2121608304","0.125"
"2121608304","2084734790","0.125"
"2084734790","2138435779","0.125"
"2138435779","2084734790","0.125"
"2084734790","2161225903","0.125"
"2161225903","2084734790","0.125"
"2084734790","2287904731","0.125"
"2287904731","2084734790","0.125"
"2115495807","2116252440","12.4933"
"2116252440","2115495807","12.4933"
"2115495807","2121608304","5.67388"
"2121608304","2115495807","5.67388"
"2115495807","2138435779","0.358766"
"2138435779","2115495807","0.358766"
"2115495807","2161225903","2.74095"
"2161225903","2115495807","2.74095"
"2115495807","2287904731","2.40956"
"2287904731","2115495807","2.40956"
"2116252440","2121608304","3.00722"
"2121608304","2116252440","3.00722"
"2116252440","2138435779","1.55877"
"2138435779","2116252440","1.55877"
"2116252440","2161225903","5.69095"
"2161225903","2116252440","5.69095"
"2116252440","2287904731","4.48456"
"2287904731","2116252440","4.48456"
"2121608304","2138435779","0.358766"
"2138435779","2121608304","0.358766"
"2121608304","2161225903","1.33817"
"2161225903","2121608304","1.33817"
"2121608304","2287904731","2.34012"
"2287904731","2121608304","2.34012"
"2138435779","2161225903","1.25877"
"2161225903","2138435779","1.25877"
"2138435779","2287904731","1.16786"
"2287904731","2138435779","1.16786"
"2161225903","2287904731","3.7167"
"2287904731","2161225903","3.7167"
"1557542503","2032534248","0.531818"
"2032534248","1557542503","0.531818"
"1557542503","2060249292","2.45238"
"2060249292","1557542503","2.45238"
"2032534248","2060249292","0.25"
"2060249292","2032534248","0.25"
"2032534248","2116252440","0.642929"
"2116252440","2032534248","0.642929"
"2032534248","2121608304","0.531818"
"2121608304","2032534248","0.531818"
"2060249292","2116252440","5.07738"
"2116252440","2060249292","5.07738"
"2060249292","2121608304","1.45238"
"2121608304","2060249292","1.45238"
"1557542503","2020624551","0.392929"
"2020624551","1557542503","0.392929"
"1557542503","2139003681","0.30202"
"2139003681","1557542503","0.30202"
"1557542503","2145525700","0.444877"
"2145525700","1557542503","0.444877"
"1993733042","2020624551","1.89531"
"2020624551","1993733042","1.89531"
"1993733042","2139003681","1.61988"
"2139003681","1993733042","1.61988"
"1993733042","2145525700","0.669877"
"2145525700","1993733042","0.669877"
"2020624551","2115495807","1.19531"
"2115495807","2020624551","1.19531"
"2020624551","2116252440","1.69531"
"2116252440","2020624551","1.69531"
"2020624551","2121608304","1.07031"
"2121608304","2020624551","1.07031"
"2020624551","2139003681","1.35202"
"2139003681","2020624551","1.35202"
"2020624551","2145525700","0.669877"
"2145525700","2020624551","0.669877"
"2020624551","2161225903","1.89531"
"2161225903","2020624551","1.89531"
"2020624551","2287904731","1.8044"
"2287904731","2020624551","1.8044"
"2115495807","2139003681","1.10599"
"2139003681","2115495807","1.10599"
"2115495807","2145525700","0.812734"
"2145525700","2115495807","0.812734"
"2116252440","2139003681","3.93099"
"2139003681","2116252440","3.93099"
"2116252440","2145525700","1.06273"
"2145525700","2116252440","1.06273"
"2121608304","2139003681","0.869877"
"2139003681","2121608304","0.869877"
"2121608304","2145525700","0.812734"
"2145525700","2121608304","0.812734"
"2139003681","2145525700","0.52702"
"2145525700","2139003681","0.52702"
"2139003681","2161225903","1.66313"
"2161225903","2139003681","1.66313"
"2139003681","2287904731","2.13099"
"2287904731","2139003681","2.13099"
"2145525700","2161225903","1.06273"
"2161225903","2145525700","1.06273"
"2145525700","2287904731","0.812734"
"2287904731","2145525700","0.812734"
"2060249292","2115495807","4.49405"
"2115495807","2060249292","4.49405"
"2060249292","2287904731","0.517857"
"2287904731","2060249292","0.517857"
"1557542503","2120295736","0.166667"
"2120295736","1557542503","0.166667"
"1557542503","93768245","0.400433"
"93768245","1557542503","0.400433"
"1993733042","2060249292","0.958333"
"2060249292","1993733042","0.958333"
"1993733042","2120295736","0.166667"
"2120295736","1993733042","0.166667"
"1993733042","93768245","0.750433"
"93768245","1993733042","0.750433"
"2060249292","2120295736","0.166667"
"2120295736","2060249292","0.166667"
"2060249292","93768245","0.434524"
"93768245","2060249292","0.434524"
"2115495807","2120295736","0.666667"
"2120295736","2115495807","0.666667"
"2115495807","93768245","0.879401"
"93768245","2115495807","0.879401"
"2120295736","2121608304","0.166667"
"2121608304","2120295736","0.166667"
"2120295736","93768245","0.166667"
"93768245","2120295736","0.166667"
"2121608304","93768245","0.64329"
"93768245","2121608304","0.64329"
"1557542503","1879040603","0.166667"
"1879040603","1557542503","0.166667"
"1557542503","1899649398","0.166667"
"1899649398","1557542503","0.166667"
"1879040603","1993733042","0.166667"
"1993733042","1879040603","0.166667"
"1879040603","2060249292","0.166667"
"2060249292","1879040603","0.166667"
"1879040603","2115495807","0.166667"
"2115495807","1879040603","0.166667"
"1879040603","2121608304","0.166667"
"2121608304","1879040603","0.166667"
"1899649398","1993733042","0.166667"
"1993733042","1899649398","0.166667"
"1899649398","2060249292","0.166667"
"2060249292","1899649398","0.166667"
"1899649398","2115495807","0.166667"
"2115495807","1899649398","0.166667"
"1899649398","2121608304","0.166667"
"2121608304","1899649398","0.166667"
"1557542503","2149185154","0.0909091"
"2149185154","1557542503","0.0909091"
"1993733042","2032534248","0.281818"
"2032534248","1993733042","0.281818"
"1993733042","2149185154","0.0909091"
"2149185154","1993733042","0.0909091"
"2020624551","2032534248","0.281818"
"2032534248","2020624551","0.281818"
"2020624551","2149185154","0.0909091"
"2149185154","2020624551","0.0909091"
"2032534248","2115495807","0.392929"
"2115495807","2032534248","0.392929"
"2032534248","2139003681","0.30202"
"2139003681","2032534248","0.30202"
"2032534248","2145525700","0.190909"
"2145525700","2032534248","0.190909"
"2032534248","2149185154","0.0909091"
"2149185154","2032534248","0.0909091"
"2032534248","2161225903","0.392929"
"2161225903","2032534248","0.392929"
"2032534248","2287904731","0.30202"
"2287904731","2032534248","0.30202"
"2115495807","2149185154","0.0909091"
"2149185154","2115495807","0.0909091"
"2116252440","2149185154","0.0909091"
"2149185154","2116252440","0.0909091"
"2121608304","2149185154","0.0909091"
"2149185154","2121608304","0.0909091"
"2139003681","2149185154","0.0909091"
"2149185154","2139003681","0.0909091"
"2145525700","2149185154","0.0909091"
"2149185154","2145525700","0.0909091"
"2149185154","2161225903","0.0909091"
"2161225903","2149185154","0.0909091"
"2149185154","2287904731","0.0909091"
"2287904731","2149185154","0.0909091"
"2060249292","2145525700","0.392857"
"2145525700","2060249292","0.392857"
"2060249292","2161225903","0.85119"
"2161225903","2060249292","0.85119"
"1557542503","1997499991","0.233766"
"1997499991","1557542503","0.233766"
"1557542503","2016352555","0.233766"
"2016352555","1557542503","0.233766"
"1997499991","2016352555","0.233766"
"2016352555","1997499991","0.233766"
"1997499991","2060249292","0.142857"
"2060249292","1997499991","0.142857"
"1997499991","2115495807","0.233766"
"2115495807","1997499991","0.233766"
"1997499991","2116252440","3.23377"
"2116252440","1997499991","3.23377"
"1997499991","2121608304","0.233766"
"2121608304","1997499991","0.233766"
"1997499991","93768245","0.233766"
"93768245","1997499991","0.233766"
"2016352555","2060249292","0.47619"
"2060249292","2016352555","0.47619"
"2016352555","2115495807","1.12107"
"2115495807","2016352555","1.12107"
"2016352555","2116252440","2.74607"
"2116252440","2016352555","2.74607"
"2016352555","2121608304","0.676623"
"2121608304","2016352555","0.676623"
"2016352555","93768245","6.46273"
"93768245","2016352555","6.46273"
"2116252440","93768245","1.33773"
"93768245","2116252440","1.33773"
"1557542503","1607970481","0.1"
"1607970481","1557542503","0.1"
"1557542503","1964998604","0.1"
"1964998604","1557542503","0.1"
"1557542503","2008550985","0.1"
"2008550985","1557542503","0.1"
"1557542503","2043889838","0.1"
"2043889838","1557542503","0.1"
"1557542503","2121298390","0.1"
"2121298390","1557542503","0.1"
"1557542503","2122760400","0.1"
"2122760400","1557542503","0.1"
"1557542503","2163134789","0.1"
"2163134789","1557542503","0.1"
"1607970481","2115495807","0.1"
"2115495807","1607970481","0.1"
"1607970481","2116252440","0.1"
"2116252440","1607970481","0.1"
"1607970481","2121608304","0.1"
"2121608304","1607970481","0.1"
"1607970481","2122760400","0.1"
"2122760400","1607970481","0.1"
"1964998604","2115495807","0.1"
"2115495807","1964998604","0.1"
"1964998604","2116252440","0.1"
"2116252440","1964998604","0.1"
"1964998604","2121608304","0.1"
"2121608304","1964998604","0.1"
"1964998604","2122760400","0.1"
"2122760400","1964998604","0.1"
"2008550985","2115495807","0.211111"
"2115495807","2008550985","0.211111"
"2008550985","2116252440","0.211111"
"2116252440","2008550985","0.211111"
"2008550985","2121608304","0.1"
"2121608304","2008550985","0.1"
"2008550985","2122760400","0.1"
"2122760400","2008550985","0.1"
"2043889838","2115495807","0.1"
"2115495807","2043889838","0.1"
"2043889838","2116252440","0.1"
"2116252440","2043889838","0.1"
"2043889838","2121608304","0.1"
"2121608304","2043889838","0.1"
"2043889838","2122760400","0.1"
"2122760400","2043889838","0.1"
"2115495807","2121298390","0.1"
"2121298390","2115495807","0.1"
"2115495807","2122760400","0.1"
"2122760400","2115495807","0.1"
"2115495807","2163134789","0.1"
"2163134789","2115495807","0.1"
"2116252440","2121298390","1.1"
"2121298390","2116252440","1.1"
"2116252440","2122760400","0.1"
"2122760400","2116252440","0.1"
"2116252440","2163134789","0.1"
"2163134789","2116252440","0.1"
"2121298390","2121608304","0.1"
"2121608304","2121298390","0.1"
"2121298390","2122760400","0.1"
"2122760400","2121298390","0.1"
"2121608304","2122760400","0.1"
"2122760400","2121608304","0.1"
"2121608304","2163134789","0.1"
"2163134789","2121608304","0.1"
"2122760400","2163134789","0.1"
"2163134789","2122760400","0.1"
"1993733042","1997499991","0.0909091"
"1997499991","1993733042","0.0909091"
"1993733042","2016352555","0.458766"
"2016352555","1993733042","0.458766"
"1997499991","2020624551","0.0909091"
"2020624551","1997499991","0.0909091"
"1997499991","2032534248","0.0909091"
"2032534248","1997499991","0.0909091"
"1997499991","2138435779","0.0909091"
"2138435779","1997499991","0.0909091"
"1997499991","2161225903","0.0909091"
"2161225903","1997499991","0.0909091"
"2016352555","2020624551","0.190909"
"2020624551","2016352555","0.190909"
"2016352555","2032534248","0.70202"
"2032534248","2016352555","0.70202"
"2016352555","2138435779","0.0909091"
"2138435779","2016352555","0.0909091"
"2016352555","2161225903","0.30202"
"2161225903","2016352555","0.30202"
"2020624551","2138435779","0.933766"
"2138435779","2020624551","0.933766"
"2020624551","93768245","0.315909"
"93768245","2020624551","0.315909"
"2032534248","2138435779","0.0909091"
"2138435779","2032534248","0.0909091"
"2032534248","93768245","0.70202"
"93768245","2032534248","0.70202"
"2138435779","93768245","0.0909091"
"93768245","2138435779","0.0909091"
"2161225903","93768245","0.42702"
"93768245","2161225903","0.42702"
"1562418252","2115495807","0.5"
"2115495807","1562418252","0.5"
"1562418252","1879040603","1"
"1879040603","1562418252","1"
"1878961253","2116252440","0.5"
"2116252440","1878961253","0.5"
"1878961253","2138435779","0.5"
"2138435779","1878961253","0.5"
"1993733042","2122760400","0.5"
"2122760400","1993733042","0.5"
"2060249292","2122760400","0.5"
"2122760400","2060249292","0.5"
"2138435779","2139003681","0.9"
"2139003681","2138435779","0.9"
"1993733042","2019043725","0.125"
"2019043725","1993733042","0.125"
"1993733042","2112181485","0.125"
"2112181485","1993733042","0.125"
"1993733042","2144076870","0.125"
"2144076870","1993733042","0.125"
"2016352555","2019043725","2.98611"
"2019043725","2016352555","2.98611"
"2016352555","2112181485","1.375"
"2112181485","2016352555","1.375"
"2016352555","2139003681","0.678968"
"2139003681","2016352555","0.678968"
"2016352555","2144076870","1.375"
"2144076870","2016352555","1.375"
"2016352555","2287904731","0.678968"
"2287904731","2016352555","0.678968"
"2019043725","2112181485","1.70833"
"2112181485","2019043725","1.70833"
"2019043725","2116252440","0.236111"
"2116252440","2019043725","0.236111"
"2019043725","2139003681","0.236111"
"2139003681","2019043725","0.236111"
"2019043725","2144076870","1.70833"
"2144076870","2019043725","1.70833"
"2019043725","2287904731","0.236111"
"2287904731","2019043725","0.236111"
"2019043725","93768245","3.31944"
"93768245","2019043725","3.31944"
"2112181485","2116252440","0.125"
"2116252440","2112181485","0.125"
"2112181485","2139003681","0.125"
"2139003681","2112181485","0.125"
"2112181485","2144076870","2.70833"
"2144076870","2112181485","2.70833"
"2112181485","2287904731","0.125"
"2287904731","2112181485","0.125"
"2112181485","93768245","1.70833"
"93768245","2112181485","1.70833"
"2116252440","2144076870","0.125"
"2144076870","2116252440","0.125"
"2139003681","2144076870","0.125"
"2144076870","2139003681","0.125"
"2139003681","93768245","0.603968"
"93768245","2139003681","0.603968"
"2144076870","2287904731","0.125"
"2287904731","2144076870","0.125"
"2144076870","93768245","1.70833"
"93768245","2144076870","1.70833"
"2287904731","93768245","0.603968"
"93768245","2287904731","0.603968"
"2020624551","2060249292","0.125"
"2060249292","2020624551","0.125"
"2060249292","2139003681","0.125"
"2139003681","2060249292","0.125"
"2016352555","2145525700","0.1"
"2145525700","2016352555","0.1"
"2145525700","93768245","0.1"
"93768245","2145525700","0.1"
"2008550985","2016352555","0.111111"
"2016352555","2008550985","0.111111"
"2008550985","2019043725","0.111111"
"2019043725","2008550985","0.111111"
"2008550985","2032534248","0.111111"
"2032534248","2008550985","0.111111"
"2008550985","2139003681","0.111111"
"2139003681","2008550985","0.111111"
"2008550985","2161225903","0.111111"
"2161225903","2008550985","0.111111"
"2008550985","2287904731","0.111111"
"2287904731","2008550985","0.111111"
"2008550985","93768245","0.111111"
"93768245","2008550985","0.111111"
"2019043725","2032534248","0.111111"
"2032534248","2019043725","0.111111"
"2019043725","2115495807","0.111111"
"2115495807","2019043725","0.111111"
"2019043725","2161225903","0.111111"
"2161225903","2019043725","0.111111"
"2017654546","2116252440","0.2"
"2116252440","2017654546","0.2"
"2017654546","2138435779","0.2"
"2138435779","2017654546","0.2"
"2017654546","2139003681","0.2"
"2139003681","2017654546","0.2"
"2017654546","2161225903","0.2"
"2161225903","2017654546","0.2"
"2017654546","2287904731","0.2"
"2287904731","2017654546","0.2"
"2036382204","2060249292","0.25"
"2060249292","2036382204","0.25"
"2036382204","2116252440","0.25"
"2116252440","2036382204","0.25"
"2036382204","2145525700","0.25"
"2145525700","2036382204","0.25"
"2036382204","2161225903","0.25"
"2161225903","2036382204","0.25"
"2116252440","2120295736","2"
"2120295736","2116252440","2"
"2122760400","2138435779","1"
"2138435779","2122760400","1"
