"1560415637","2159861746","1.2"
"2159861746","1560415637","1.2"
"1560415637","1605728230","1.03333"
"1605728230","1560415637","1.03333"
"1560415637","2121300270","0.833333"
"2121300270","1560415637","0.833333"
"1560415637","2167215631","0.45"
"2167215631","1560415637","0.45"
"1560415637","27499789","0.25"
"27499789","1560415637","0.25"
"1605728230","2121300270","1"
"2121300270","1605728230","1"
"1605728230","2167215631","2.61667"
"2167215631","1605728230","2.61667"
"1605728230","27499789","1.08333"
"27499789","1605728230","1.08333"
"2121300270","2167215631","0.25"
"2167215631","2121300270","0.25"
"2121300270","27499789","0.416667"
"27499789","2121300270","0.416667"
"2167215631","27499789","0.583333"
"27499789","2167215631","0.583333"
"1560415637","2088689354","0.65"
"2088689354","1560415637","0.65"
"1560415637","2503115954","0.4"
"2503115954","1560415637","0.4"
"1605728230","2088689354","0.45"
"2088689354","1605728230","0.45"
"1605728230","2159861746","0.2"
"2159861746","1605728230","0.2"
"1605728230","2503115954","0.366667"
"2503115954","1605728230","0.366667"
"2088689354","2159861746","0.2"
"2159861746","2088689354","0.2"
"2088689354","2167215631","0.2"
"2167215631","2088689354","0.2"
"2088689354","2503115954","0.733333"
"2503115954","2088689354","0.733333"
"2159861746","2167215631","0.4"
"2167215631","2159861746","0.4"
"2159861746","2503115954","0.2"
"2503115954","2159861746","0.2"
"2167215631","2503115954","0.2"
"2503115954","2167215631","0.2"
"1560415637","2166318848","0.25"
"2166318848","1560415637","0.25"
"1605728230","2166318848","0.25"
"2166318848","1605728230","0.25"
"2088689354","2121300270","5.75"
"2121300270","2088689354","5.75"
"2088689354","2166318848","0.25"
"2166318848","2088689354","0.25"
"2121300270","2166318848","0.25"
"2166318848","2121300270","0.25"
"1560415637","2086442101","0.2"
"2086442101","1560415637","0.2"
"1560415637","2124738487","0.2"
"2124738487","1560415637","0.2"
"1560415637","2147038881","0.533333"
"2147038881","1560415637","0.533333"
"2086442101","2088689354","0.2"
"2088689354","2086442101","0.2"
"2086442101","2124738487","0.7"
"2124738487","2086442101","0.7"
"2086442101","2147038881","0.2"
"2147038881","2086442101","0.2"
"2086442101","2503115954","1.2"
"2503115954","2086442101","1.2"
"2088689354","2124738487","0.2"
"2124738487","2088689354","0.2"
"2088689354","2147038881","0.2"
"2147038881","2088689354","0.2"
"2124738487","2147038881","0.2"
"2147038881","2124738487","0.2"
"2124738487","2503115954","0.7"
"2503115954","2124738487","0.7"
"2147038881","2503115954","4.2"
"2503115954","2147038881","4.2"
"1605728230","2147038881","2"
"2147038881","1605728230","2"
"2121300270","2147038881","2.5"
"2147038881","2121300270","2.5"
"1605728230","1673039321","0.666667"
"1673039321","1605728230","0.666667"
"1605728230","2105412186","0.333333"
"2105412186","1605728230","0.333333"
"1605728230","2150386633","0.666667"
"2150386633","1605728230","0.666667"
"1605728230","2168152009","0.166667"
"2168152009","1605728230","0.166667"
"1673039321","2105412186","0.410256"
"2105412186","1673039321","0.410256"
"1673039321","2150386633","3.07692"
"2150386633","1673039321","3.07692"
"1673039321","2167215631","0.666667"
"2167215631","1673039321","0.666667"
"1673039321","2168152009","1"
"2168152009","1673039321","1"
"1673039321","27499789","0.410256"
"27499789","1673039321","0.410256"
"2105412186","2150386633","0.410256"
"2150386633","2105412186","0.410256"
"2105412186","2167215631","1.53333"
"2167215631","2105412186","1.53333"
"2105412186","2168152009","0.366667"
"2168152009","2105412186","0.366667"
"2105412186","27499789","1.57692"
"27499789","2105412186","1.57692"
"2150386633","2167215631","0.666667"
"2167215631","2150386633","0.666667"
"2150386633","2168152009","0.5"
"2168152009","2150386633","0.5"
"2150386633","27499789","0.410256"
"27499789","2150386633","0.410256"
"2167215631","2168152009","0.366667"
"2168152009","2167215631","0.366667"
"2168152009","27499789","0.166667"
"27499789","2168152009","0.166667"
"1605728230","2124738487","1"
"2124738487","1605728230","1"
"1673039321","2124738487","0.24359"
"2124738487","1673039321","0.24359"
"2105412186","2124738487","0.576923"
"2124738487","2105412186","0.576923"
"2124738487","2150386633","0.24359"
"2150386633","2124738487","0.24359"
"2124738487","2167215631","0.666667"
"2167215631","2124738487","0.666667"
"2124738487","27499789","0.910256"
"27499789","2124738487","0.910256"
"1605728230","2053596265","0.166667"
"2053596265","1605728230","0.166667"
"1605728230","2077088464","0.5"
"2077088464","1605728230","0.5"
"2053596265","2077088464","0.166667"
"2077088464","2053596265","0.166667"
"2053596265","2121300270","0.166667"
"2121300270","2053596265","0.166667"
"2053596265","2147038881","0.166667"
"2147038881","2053596265","0.166667"
"2053596265","2503115954","0.166667"
"2503115954","2053596265","0.166667"
"2053596265","27499789","0.166667"
"27499789","2053596265","0.166667"
"2077088464","2121300270","0.166667"
"2121300270","2077088464","0.166667"
"2077088464","2147038881","0.166667"
"2147038881","2077088464","0.166667"
"2077088464","2503115954","0.166667"
"2503115954","2077088464","0.166667"
"2077088464","27499789","1.74359"
"27499789","2077088464","1.74359"
"2121300270","2503115954","0.166667"
"2503115954","2121300270","0.166667"
"2147038881","27499789","0.166667"
"27499789","2147038881","0.166667"
"2503115954","27499789","0.166667"
"27499789","2503115954","0.166667"
"2077088464","2124738487","0.74359"
"2124738487","2077088464","0.74359"
"1605728230","2025734307","0.5"
"2025734307","1605728230","0.5"
"2025734307","2147038881","0.5"
"2147038881","2025734307","0.5"
"1673039321","2077088464","0.910256"
"2077088464","1673039321","0.910256"
"2077088464","2150386633","0.410256"
"2150386633","2077088464","0.410256"
"2077088464","2168152009","2.03333"
"2168152009","2077088464","2.03333"
"1673039321","178335335","0.0769231"
"178335335","1673039321","0.0769231"
"1673039321","1977801520","0.0769231"
"1977801520","1673039321","0.0769231"
"1673039321","2139203421","0.0769231"
"2139203421","1673039321","0.0769231"
"1673039321","2151049923","0.0769231"
"2151049923","1673039321","0.0769231"
"1673039321","2293340641","0.0769231"
"2293340641","1673039321","0.0769231"
"1673039321","2469266040","0.0769231"
"2469266040","1673039321","0.0769231"
"1673039321","2474581426","0.0769231"
"2474581426","1673039321","0.0769231"
"1673039321","2621761902","0.0769231"
"2621761902","1673039321","0.0769231"
"178335335","1977801520","0.0769231"
"1977801520","178335335","0.0769231"
"178335335","2077088464","0.0769231"
"2077088464","178335335","0.0769231"
"178335335","2105412186","0.0769231"
"2105412186","178335335","0.0769231"
"178335335","2124738487","0.576923"
"2124738487","178335335","0.576923"
"178335335","2139203421","0.576923"
"2139203421","178335335","0.576923"
"178335335","2150386633","0.0769231"
"2150386633","178335335","0.0769231"
"178335335","2151049923","0.0769231"
"2151049923","178335335","0.0769231"
"178335335","2293340641","0.0769231"
"2293340641","178335335","0.0769231"
"178335335","2469266040","0.0769231"
"2469266040","178335335","0.0769231"
"178335335","2474581426","0.0769231"
"2474581426","178335335","0.0769231"
"178335335","2621761902","0.0769231"
"2621761902","178335335","0.0769231"
"178335335","27499789","0.0769231"
"27499789","178335335","0.0769231"
"1977801520","2077088464","0.0769231"
"2077088464","1977801520","0.0769231"
"1977801520","2105412186","0.0769231"
"2105412186","1977801520","0.0769231"
"1977801520","2124738487","0.0769231"
"2124738487","1977801520","0.0769231"
"1977801520","2139203421","0.0769231"
"2139203421","1977801520","0.0769231"
"1977801520","2150386633","0.0769231"
"2150386633","1977801520","0.0769231"
"1977801520","2151049923","0.0769231"
"2151049923","1977801520","0.0769231"
"1977801520","2293340641","0.0769231"
"2293340641","1977801520","0.0769231"
"1977801520","2469266040","0.0769231"
"2469266040","1977801520","0.0769231"
"1977801520","2474581426","0.0769231"
"2474581426","1977801520","0.0769231"
"1977801520","2621761902","0.0769231"
"2621761902","1977801520","0.0769231"
"1977801520","27499789","0.0769231"
"27499789","1977801520","0.0769231"
"2077088464","2105412186","2.56026"
"2105412186","2077088464","2.56026"
"2077088464","2139203421","1.19359"
"2139203421","2077088464","1.19359"
"2077088464","2151049923","0.860256"
"2151049923","2077088464","0.860256"
"2077088464","2293340641","0.0769231"
"2293340641","2077088464","0.0769231"
"2077088464","2469266040","1.19359"
"2469266040","2077088464","1.19359"
"2077088464","2474581426","0.276923"
"2474581426","2077088464","0.276923"
"2077088464","2621761902","0.0769231"
"2621761902","2077088464","0.0769231"
"2105412186","2139203421","1.19359"
"2139203421","2105412186","1.19359"
"2105412186","2151049923","0.860256"
"2151049923","2105412186","0.860256"
"2105412186","2293340641","0.0769231"
"2293340641","2105412186","0.0769231"
"2105412186","2469266040","1.19359"
"2469266040","2105412186","1.19359"
"2105412186","2474581426","0.276923"
"2474581426","2105412186","0.276923"
"2105412186","2621761902","0.0769231"
"2621761902","2105412186","0.0769231"
"2124738487","2139203421","0.576923"
"2139203421","2124738487","0.576923"
"2124738487","2151049923","0.0769231"
"2151049923","2124738487","0.0769231"
"2124738487","2293340641","0.0769231"
"2293340641","2124738487","0.0769231"
"2124738487","2469266040","0.0769231"
"2469266040","2124738487","0.0769231"
"2124738487","2474581426","0.0769231"
"2474581426","2124738487","0.0769231"
"2124738487","2621761902","0.0769231"
"2621761902","2124738487","0.0769231"
"2139203421","2150386633","0.0769231"
"2150386633","2139203421","0.0769231"
"2139203421","2151049923","0.326923"
"2151049923","2139203421","0.326923"
"2139203421","2293340641","0.0769231"
"2293340641","2139203421","0.0769231"
"2139203421","2469266040","2.19359"
"2469266040","2139203421","2.19359"
"2139203421","2474581426","3.27692"
"2474581426","2139203421","3.27692"
"2139203421","2621761902","0.0769231"
"2621761902","2139203421","0.0769231"
"2139203421","27499789","0.0769231"
"27499789","2139203421","0.0769231"
"2150386633","2151049923","0.0769231"
"2151049923","2150386633","0.0769231"
"2150386633","2293340641","0.0769231"
"2293340641","2150386633","0.0769231"
"2150386633","2469266040","0.0769231"
"2469266040","2150386633","0.0769231"
"2150386633","2474581426","0.0769231"
"2474581426","2150386633","0.0769231"
"2150386633","2621761902","0.0769231"
"2621761902","2150386633","0.0769231"
"2151049923","2293340641","0.0769231"
"2293340641","2151049923","0.0769231"
"2151049923","2469266040","0.326923"
"2469266040","2151049923","0.326923"
"2151049923","2474581426","0.0769231"
"2474581426","2151049923","0.0769231"
"2151049923","2621761902","0.0769231"
"2621761902","2151049923","0.0769231"
"2151049923","27499789","0.410256"
"27499789","2151049923","0.410256"
"2293340641","2469266040","0.0769231"
"2469266040","2293340641","0.0769231"
"2293340641","2474581426","0.0769231"
"2474581426","2293340641","0.0769231"
"2293340641","2621761902","0.0769231"
"2621761902","2293340641","0.0769231"
"2293340641","27499789","0.0769231"
"27499789","2293340641","0.0769231"
"2469266040","2474581426","1.27692"
"2474581426","2469266040","1.27692"
"2469266040","2621761902","1.27692"
"2621761902","2469266040","1.27692"
"2469266040","27499789","0.0769231"
"27499789","2469266040","0.0769231"
"2474581426","2621761902","0.0769231"
"2621761902","2474581426","0.0769231"
"2474581426","27499789","0.0769231"
"27499789","2474581426","0.0769231"
"2621761902","27499789","0.0769231"
"27499789","2621761902","0.0769231"
"178335335","2161709257","0.7"
"2161709257","178335335","0.7"
"178335335","2462835173","1.83333"
"2462835173","178335335","1.83333"
"2161709257","2462835173","0.95"
"2462835173","2161709257","0.95"
"178335335","2053596265","0.533333"
"2053596265","178335335","0.533333"
"178335335","2136237657","0.533333"
"2136237657","178335335","0.533333"
"178335335","2158320805","1.86667"
"2158320805","178335335","1.86667"
"178335335","2159710437","2.03333"
"2159710437","178335335","2.03333"
"2053596265","2136237657","2.28333"
"2136237657","2053596265","2.28333"
"2053596265","2158320805","2.35"
"2158320805","2053596265","2.35"
"2053596265","2159710437","0.525"
"2159710437","2053596265","0.525"
"2053596265","2161709257","5.4"
"2161709257","2053596265","5.4"
"2136237657","2158320805","2.61667"
"2158320805","2136237657","2.61667"
"2136237657","2159710437","0.325"
"2159710437","2136237657","0.325"
"2136237657","2161709257","1.7"
"2161709257","2136237657","1.7"
"2158320805","2159710437","1.85833"
"2159710437","2158320805","1.85833"
"2158320805","2161709257","1.81667"
"2161709257","2158320805","1.81667"
"2159710437","2161709257","1.7"
"2161709257","2159710437","1.7"
"178335335","2004622895","0.333333"
"2004622895","178335335","0.333333"
"178335335","2054465415","0.333333"
"2054465415","178335335","0.333333"
"2004622895","2054465415","0.333333"
"2054465415","2004622895","0.333333"
"2004622895","2158320805","0.333333"
"2158320805","2004622895","0.333333"
"2054465415","2158320805","0.833333"
"2158320805","2054465415","0.833333"
"178335335","2025734307","0.333333"
"2025734307","178335335","0.333333"
"2025734307","2158320805","0.333333"
"2158320805","2025734307","0.333333"
"2025734307","2159710437","0.333333"
"2159710437","2025734307","0.333333"
"178335335","2086442101","0.5"
"2086442101","178335335","0.5"
"2086442101","2159710437","0.825"
"2159710437","2086442101","0.825"
"2053596265","2462835173","1.10833"
"2462835173","2053596265","1.10833"
"2136237657","2462835173","0.708333"
"2462835173","2136237657","0.708333"
"178335335","2102367855","1"
"2102367855","178335335","1"
"1977801520","2159710437","0.625"
"2159710437","1977801520","0.625"
"1977801520","2161709257","0.5"
"2161709257","1977801520","0.5"
"1977801520","2053596265","0.125"
"2053596265","1977801520","0.125"
"1977801520","2085412990","0.125"
"2085412990","1977801520","0.125"
"1977801520","2086442101","2.125"
"2086442101","1977801520","2.125"
"1977801520","2113221457","0.125"
"2113221457","1977801520","0.125"
"1977801520","2136237657","0.125"
"2136237657","1977801520","0.125"
"1977801520","2158320805","0.125"
"2158320805","1977801520","0.125"
"1977801520","2462835173","0.125"
"2462835173","1977801520","0.125"
"2053596265","2085412990","0.125"
"2085412990","2053596265","0.125"
"2053596265","2086442101","1.075"
"2086442101","2053596265","1.075"
"2053596265","2113221457","0.125"
"2113221457","2053596265","0.125"
"2085412990","2086442101","0.125"
"2086442101","2085412990","0.125"
"2085412990","2113221457","0.125"
"2113221457","2085412990","0.125"
"2085412990","2136237657","0.125"
"2136237657","2085412990","0.125"
"2085412990","2158320805","0.125"
"2158320805","2085412990","0.125"
"2085412990","2159710437","0.125"
"2159710437","2085412990","0.125"
"2085412990","2462835173","0.125"
"2462835173","2085412990","0.125"
"2086442101","2113221457","0.125"
"2113221457","2086442101","0.125"
"2086442101","2136237657","0.375"
"2136237657","2086442101","0.375"
"2086442101","2158320805","1.575"
"2158320805","2086442101","1.575"
"2086442101","2462835173","0.325"
"2462835173","2086442101","0.325"
"2113221457","2136237657","0.125"
"2136237657","2113221457","0.125"
"2113221457","2158320805","0.125"
"2158320805","2113221457","0.125"
"2113221457","2159710437","0.125"
"2159710437","2113221457","0.125"
"2113221457","2462835173","0.125"
"2462835173","2113221457","0.125"
"2158320805","2462835173","0.775"
"2462835173","2158320805","0.775"
"2159710437","2462835173","0.325"
"2462835173","2159710437","0.325"
"2004622895","2025734307","0.5"
"2025734307","2004622895","0.5"
"2004622895","2086442101","0.5"
"2086442101","2004622895","0.5"
"2025734307","2086442101","0.5"
"2086442101","2025734307","0.5"
"2004622895","2113221457","1"
"2113221457","2004622895","1"
"2011959348","2151027695","2"
"2151027695","2011959348","2"
"2018647271","2161709257","1.25"
"2161709257","2018647271","1.25"
"2018647271","2090850260","4.16667"
"2090850260","2018647271","4.16667"
"2018647271","2101357892","2.16667"
"2101357892","2018647271","2.16667"
"2018647271","2395408443","0.333333"
"2395408443","2018647271","0.333333"
"2090850260","2101357892","3.5"
"2101357892","2090850260","3.5"
"2090850260","2395408443","0.333333"
"2395408443","2090850260","0.333333"
"2101357892","2395408443","0.333333"
"2395408443","2101357892","0.333333"
"2018647271","2474581426","0.333333"
"2474581426","2018647271","0.333333"
"2090850260","2474581426","0.333333"
"2474581426","2090850260","0.333333"
"2101357892","2474581426","0.333333"
"2474581426","2101357892","0.333333"
"2018647271","2095284697","1.95833"
"2095284697","2018647271","1.95833"
"2018647271","2048214561","0.125"
"2048214561","2018647271","0.125"
"2018647271","2078074240","0.125"
"2078074240","2018647271","0.125"
"2018647271","2406632925","0.958333"
"2406632925","2018647271","0.958333"
"2018647271","2509009161","0.125"
"2509009161","2018647271","0.125"
"2018647271","2520081825","0.125"
"2520081825","2018647271","0.125"
"2018647271","2904671425","0.125"
"2904671425","2018647271","0.125"
"2018647271","3004396437","0.125"
"3004396437","2018647271","0.125"
"2048214561","2078074240","0.458333"
"2078074240","2048214561","0.458333"
"2048214561","2095284697","0.125"
"2095284697","2048214561","0.125"
"2048214561","2406632925","0.125"
"2406632925","2048214561","0.125"
"2048214561","2509009161","8.95833"
"2509009161","2048214561","8.95833"
"2048214561","2520081825","0.125"
"2520081825","2048214561","0.125"
"2048214561","2904671425","0.125"
"2904671425","2048214561","0.125"
"2048214561","3004396437","0.125"
"3004396437","2048214561","0.125"
"2078074240","2095284697","0.125"
"2095284697","2078074240","0.125"
"2078074240","2406632925","0.291667"
"2406632925","2078074240","0.291667"
"2078074240","2509009161","0.75"
"2509009161","2078074240","0.75"
"2078074240","2520081825","0.125"
"2520081825","2078074240","0.125"
"2078074240","2904671425","0.416667"
"2904671425","2078074240","0.416667"
"2078074240","3004396437","0.125"
"3004396437","2078074240","0.125"
"2095284697","2406632925","3.45833"
"2406632925","2095284697","3.45833"
"2095284697","2509009161","0.125"
"2509009161","2095284697","0.125"
"2095284697","2520081825","0.125"
"2520081825","2095284697","0.125"
"2095284697","2904671425","0.25"
"2904671425","2095284697","0.25"
"2095284697","3004396437","0.125"
"3004396437","2095284697","0.125"
"2406632925","2509009161","0.391667"
"2509009161","2406632925","0.391667"
"2406632925","2520081825","1.125"
"2520081825","2406632925","1.125"
"2406632925","2904671425","0.891667"
"2904671425","2406632925","0.891667"
"2406632925","3004396437","1.125"
"3004396437","2406632925","1.125"
"2509009161","2520081825","0.125"
"2520081825","2509009161","0.125"
"2509009161","2904671425","2.50833"
"2904671425","2509009161","2.50833"
"2509009161","3004396437","0.125"
"3004396437","2509009161","0.125"
"2520081825","2904671425","0.125"
"2904671425","2520081825","0.125"
"2520081825","3004396437","0.125"
"3004396437","2520081825","0.125"
"2904671425","3004396437","0.125"
"3004396437","2904671425","0.125"
"2018647271","2103424508","0.25"
"2103424508","2018647271","0.25"
"2018647271","2158320805","0.25"
"2158320805","2018647271","0.25"
"2018647271","2940716241","0.25"
"2940716241","2018647271","0.25"
"2103424508","2158320805","0.25"
"2158320805","2103424508","0.25"
"2103424508","2161709257","0.25"
"2161709257","2103424508","0.25"
"2103424508","2940716241","0.25"
"2940716241","2103424508","0.25"
"2158320805","2940716241","0.25"
"2940716241","2158320805","0.25"
"2161709257","2940716241","0.25"
"2940716241","2161709257","0.25"
"2018647271","2469266040","0.333333"
"2469266040","2018647271","0.333333"
"2095284697","2469266040","0.833333"
"2469266040","2095284697","0.833333"
"2406632925","2469266040","1.08333"
"2469266040","2406632925","1.08333"
"2025734307","2469266040","1"
"2469266040","2025734307","1"
"2025734307","2053596265","1"
"2053596265","2025734307","1"
"2048214561","2469266040","0.333333"
"2469266040","2048214561","0.333333"
"2078074240","2469266040","6.2"
"2469266040","2078074240","6.2"
"2469266040","2509009161","0.333333"
"2509009161","2469266040","0.333333"
"2048214561","3004586828","0.5"
"3004586828","2048214561","0.5"
"2509009161","3004586828","0.6"
"3004586828","2509009161","0.6"
"2086442101","2161709257","0.75"
"2161709257","2086442101","0.75"
"2053596265","2754141758","2"
"2754141758","2053596265","2"
"2053596265","2098369783","0.575"
"2098369783","2053596265","0.575"
"2053596265","2293340641","0.375"
"2293340641","2053596265","0.375"
"2053596265","2508078825","0.25"
"2508078825","2053596265","0.25"
"2053596265","2530046342","0.25"
"2530046342","2053596265","0.25"
"2098369783","2293340641","0.825"
"2293340641","2098369783","0.825"
"2098369783","2508078825","0.25"
"2508078825","2098369783","0.25"
"2098369783","2530046342","2.25"
"2530046342","2098369783","2.25"
"2293340641","2508078825","0.75"
"2508078825","2293340641","0.75"
"2293340641","2530046342","0.25"
"2530046342","2293340641","0.25"
"2508078825","2530046342","11.4833"
"2530046342","2508078825","11.4833"
"2053596265","2062167145","0.325"
"2062167145","2053596265","0.325"
"2062167145","2098369783","0.658333"
"2098369783","2062167145","0.658333"
"2062167145","2158320805","0.491667"
"2158320805","2062167145","0.491667"
"2062167145","2161709257","0.7"
"2161709257","2062167145","0.7"
"2062167145","2462835173","0.2"
"2462835173","2062167145","0.2"
"2098369783","2158320805","0.325"
"2158320805","2098369783","0.325"
"2098369783","2161709257","0.533333"
"2161709257","2098369783","0.533333"
"2098369783","2462835173","0.45"
"2462835173","2098369783","0.45"
"2053596265","2083261093","0.125"
"2083261093","2053596265","0.125"
"2053596265","2613162388","0.325"
"2613162388","2053596265","0.325"
"2053596265","2948630599","0.125"
"2948630599","2053596265","0.125"
"2062167145","2083261093","0.125"
"2083261093","2062167145","0.125"
"2062167145","2136237657","0.625"
"2136237657","2062167145","0.625"
"2062167145","2293340641","0.125"
"2293340641","2062167145","0.125"
"2062167145","2613162388","0.125"
"2613162388","2062167145","0.125"
"2062167145","2948630599","0.125"
"2948630599","2062167145","0.125"
"2083261093","2098369783","0.125"
"2098369783","2083261093","0.125"
"2083261093","2136237657","0.125"
"2136237657","2083261093","0.125"
"2083261093","2158320805","0.125"
"2158320805","2083261093","0.125"
"2083261093","2293340641","0.125"
"2293340641","2083261093","0.125"
"2083261093","2613162388","0.125"
"2613162388","2083261093","0.125"
"2083261093","2948630599","0.125"
"2948630599","2083261093","0.125"
"2098369783","2136237657","0.458333"
"2136237657","2098369783","0.458333"
"2098369783","2613162388","0.575"
"2613162388","2098369783","0.575"
"2098369783","2948630599","0.325"
"2948630599","2098369783","0.325"
"2136237657","2293340641","0.125"
"2293340641","2136237657","0.125"
"2136237657","2613162388","0.125"
"2613162388","2136237657","0.125"
"2136237657","2948630599","0.125"
"2948630599","2136237657","0.125"
"2158320805","2293340641","0.125"
"2293340641","2158320805","0.125"
"2158320805","2613162388","0.325"
"2613162388","2158320805","0.325"
"2158320805","2948630599","0.125"
"2948630599","2158320805","0.125"
"2293340641","2613162388","1.575"
"2613162388","2293340641","1.575"
"2293340641","2948630599","0.325"
"2948630599","2293340641","0.325"
"2613162388","2948630599","9.15833"
"2948630599","2613162388","9.15833"
"2086442101","2613162388","0.2"
"2613162388","2086442101","0.2"
"2159710437","2613162388","0.2"
"2613162388","2159710437","0.2"
"2462835173","2613162388","0.783333"
"2613162388","2462835173","0.783333"
"2054465415","2136237657","1"
"2136237657","2054465415","1"
"2054465415","3004396437","0.5"
"3004396437","2054465415","0.5"
"2158320805","3004396437","0.5"
"3004396437","2158320805","0.5"
"2062167145","2139203421","1"
"2139203421","2062167145","1"
"2062167145","2530046342","1.16667"
"2530046342","2062167145","1.16667"
"2062167145","2406632925","0.166667"
"2406632925","2062167145","0.166667"
"2062167145","2754141758","0.166667"
"2754141758","2062167145","0.166667"
"2136237657","2406632925","0.166667"
"2406632925","2136237657","0.166667"
"2136237657","2530046342","0.166667"
"2530046342","2136237657","0.166667"
"2136237657","2754141758","0.166667"
"2754141758","2136237657","0.166667"
"2158320805","2406632925","0.166667"
"2406632925","2158320805","0.166667"
"2158320805","2530046342","0.416667"
"2530046342","2158320805","0.416667"
"2158320805","2754141758","0.416667"
"2754141758","2158320805","0.416667"
"2161709257","2406632925","0.166667"
"2406632925","2161709257","0.166667"
"2161709257","2530046342","0.166667"
"2530046342","2161709257","0.166667"
"2161709257","2754141758","1.16667"
"2754141758","2161709257","1.16667"
"2406632925","2530046342","0.166667"
"2530046342","2406632925","0.166667"
"2406632925","2754141758","0.477778"
"2754141758","2406632925","0.477778"
"2530046342","2754141758","0.416667"
"2754141758","2530046342","0.416667"
"2070561555","2395408443","5.61667"
"2395408443","2070561555","5.61667"
"2070561555","2099913530","5.525"
"2099913530","2070561555","5.525"
"2070561555","2904671425","2.78333"
"2904671425","2070561555","2.78333"
"2099913530","2395408443","2.575"
"2395408443","2099913530","2.575"
"2099913530","2904671425","0.658333"
"2904671425","2099913530","0.658333"
"2395408443","2904671425","2.33333"
"2904671425","2395408443","2.33333"
"2070561555","2509009161","1.325"
"2509009161","2070561555","1.325"
"2070561555","2755563992","0.333333"
"2755563992","2070561555","0.333333"
"2509009161","2755563992","1.55833"
"2755563992","2509009161","1.55833"
"2755563992","2904671425","0.558333"
"2904671425","2755563992","0.558333"
"2070561555","2078074240","0.491667"
"2078074240","2070561555","0.491667"
"2070561555","2083261093","0.533333"
"2083261093","2070561555","0.533333"
"2070561555","2469266040","0.2"
"2469266040","2070561555","0.2"
"2070561555","2621761902","0.2"
"2621761902","2070561555","0.2"
"2078074240","2083261093","0.366667"
"2083261093","2078074240","0.366667"
"2078074240","2099913530","0.2"
"2099913530","2078074240","0.2"
"2078074240","2621761902","1.2"
"2621761902","2078074240","1.2"
"2083261093","2099913530","0.2"
"2099913530","2083261093","0.2"
"2083261093","2469266040","0.2"
"2469266040","2083261093","0.2"
"2083261093","2621761902","0.2"
"2621761902","2083261093","0.2"
"2099913530","2469266040","1.2"
"2469266040","2099913530","1.2"
"2099913530","2621761902","0.2"
"2621761902","2099913530","0.2"
"2070561555","2591257477","0.95"
"2591257477","2070561555","0.95"
"2509009161","2591257477","0.95"
"2591257477","2509009161","0.95"
"2070561555","2095284697","0.125"
"2095284697","2070561555","0.125"
"2070561555","2727254102","0.583333"
"2727254102","2070561555","0.583333"
"2070561555","2902009635","1.08333"
"2902009635","2070561555","1.08333"
"2070561555","2940716241","0.125"
"2940716241","2070561555","0.125"
"2095284697","2099913530","1.125"
"2099913530","2095284697","1.125"
"2095284697","2395408443","0.125"
"2395408443","2095284697","0.125"
"2095284697","2591257477","0.125"
"2591257477","2095284697","0.125"
"2095284697","2727254102","0.125"
"2727254102","2095284697","0.125"
"2095284697","2902009635","0.125"
"2902009635","2095284697","0.125"
"2095284697","2940716241","0.125"
"2940716241","2095284697","0.125"
"2099913530","2591257477","0.325"
"2591257477","2099913530","0.325"
"2099913530","2727254102","0.458333"
"2727254102","2099913530","0.458333"
"2099913530","2902009635","0.708333"
"2902009635","2099913530","0.708333"
"2099913530","2940716241","0.375"
"2940716241","2099913530","0.375"
"2395408443","2591257477","3.28333"
"2591257477","2395408443","3.28333"
"2395408443","2727254102","2.66111"
"2727254102","2395408443","2.66111"
"2395408443","2902009635","1.29444"
"2902009635","2395408443","1.29444"
"2395408443","2940716241","0.686111"
"2940716241","2395408443","0.686111"
"2591257477","2727254102","2.20833"
"2727254102","2591257477","2.20833"
"2591257477","2902009635","0.375"
"2902009635","2591257477","0.375"
"2591257477","2904671425","1.575"
"2904671425","2591257477","1.575"
"2591257477","2940716241","0.125"
"2940716241","2591257477","0.125"
"2727254102","2902009635","2.16944"
"2902009635","2727254102","2.16944"
"2727254102","2904671425","4.00833"
"2904671425","2727254102","4.00833"
"2727254102","2940716241","2.01944"
"2940716241","2727254102","2.01944"
"2902009635","2904671425","1.89167"
"2904671425","2902009635","1.89167"
"2902009635","2940716241","6.40278"
"2940716241","2902009635","6.40278"
"2904671425","2940716241","0.658333"
"2940716241","2904671425","0.658333"
"2070561555","2508078825","0.2"
"2508078825","2070561555","0.2"
"2070561555","2530046342","0.2"
"2530046342","2070561555","0.2"
"2070561555","2858729524","0.366667"
"2858729524","2070561555","0.366667"
"2070561555","2929751249","0.366667"
"2929751249","2070561555","0.366667"
"2070561555","2955092663","0.366667"
"2955092663","2070561555","0.366667"
"2508078825","2858729524","1.65"
"2858729524","2508078825","1.65"
"2508078825","2929751249","2.98333"
"2929751249","2508078825","2.98333"
"2508078825","2955092663","0.9"
"2955092663","2508078825","0.9"
"2530046342","2858729524","1.56667"
"2858729524","2530046342","1.56667"
"2530046342","2929751249","1.65"
"2929751249","2530046342","1.65"
"2530046342","2955092663","0.566667"
"2955092663","2530046342","0.566667"
"2858729524","2929751249","5.425"
"2929751249","2858729524","5.425"
"2858729524","2955092663","2.05"
"2955092663","2858729524","2.05"
"2929751249","2955092663","4.8"
"2955092663","2929751249","4.8"
"2070561555","2406632925","0.166667"
"2406632925","2070561555","0.166667"
"2078074240","2395408443","0.291667"
"2395408443","2078074240","0.291667"
"2083261093","2395408443","0.166667"
"2395408443","2083261093","0.166667"
"2083261093","2406632925","0.166667"
"2406632925","2083261093","0.166667"
"2083261093","2509009161","0.166667"
"2509009161","2083261093","0.166667"
"2083261093","2904671425","0.166667"
"2904671425","2083261093","0.166667"
"2395408443","2406632925","0.627778"
"2406632925","2395408443","0.627778"
"2395408443","2509009161","0.591667"
"2509009161","2395408443","0.591667"
"2070561555","2921886909","0.125"
"2921886909","2070561555","0.125"
"2078074240","2591257477","0.125"
"2591257477","2078074240","0.125"
"2078074240","2727254102","0.125"
"2727254102","2078074240","0.125"
"2078074240","2902009635","0.625"
"2902009635","2078074240","0.625"
"2078074240","2921886909","0.125"
"2921886909","2078074240","0.125"
"2395408443","2921886909","2.49167"
"2921886909","2395408443","2.49167"
"2509009161","2727254102","0.683333"
"2727254102","2509009161","0.683333"
"2509009161","2902009635","0.35"
"2902009635","2509009161","0.35"
"2509009161","2921886909","0.458333"
"2921886909","2509009161","0.458333"
"2591257477","2921886909","1.45833"
"2921886909","2591257477","1.45833"
"2727254102","2921886909","8.65833"
"2921886909","2727254102","8.65833"
"2902009635","2921886909","1.125"
"2921886909","2902009635","1.125"
"2904671425","2921886909","2.15833"
"2921886909","2904671425","2.15833"
"2070561555","2134803429","0.166667"
"2134803429","2070561555","0.166667"
"2070561555","2468404889","0.166667"
"2468404889","2070561555","0.166667"
"2083261093","2134803429","2.66667"
"2134803429","2083261093","2.66667"
"2083261093","2468404889","2.66667"
"2468404889","2083261093","2.66667"
"2083261093","2858729524","0.666667"
"2858729524","2083261093","0.666667"
"2083261093","2929751249","0.166667"
"2929751249","2083261093","0.166667"
"2083261093","2955092663","0.166667"
"2955092663","2083261093","0.166667"
"2134803429","2468404889","3.66667"
"2468404889","2134803429","3.66667"
"2134803429","2858729524","0.166667"
"2858729524","2134803429","0.166667"
"2134803429","2929751249","0.166667"
"2929751249","2134803429","0.166667"
"2134803429","2955092663","0.166667"
"2955092663","2134803429","0.166667"
"2468404889","2858729524","0.166667"
"2858729524","2468404889","0.166667"
"2468404889","2929751249","0.166667"
"2929751249","2468404889","0.166667"
"2468404889","2955092663","0.166667"
"2955092663","2468404889","0.166667"
"2099913530","2509009161","0.2"
"2509009161","2099913530","0.2"
"2077088464","2088689354","0.5"
"2088689354","2077088464","0.5"
"2077088464","2165670599","0.5"
"2165670599","2077088464","0.5"
"2088689354","2165670599","2.83333"
"2165670599","2088689354","2.83333"
"2077088464","2159861746","0.4"
"2159861746","2077088464","0.4"
"2077088464","2167215631","0.2"
"2167215631","2077088464","0.2"
"2105412186","2159861746","0.4"
"2159861746","2105412186","0.4"
"2151049923","2159861746","0.2"
"2159861746","2151049923","0.2"
"2151049923","2167215631","0.2"
"2167215631","2151049923","0.2"
"2151049923","2168152009","0.2"
"2168152009","2151049923","0.2"
"2159861746","2168152009","0.2"
"2168152009","2159861746","0.2"
"2139203421","2159861746","0.2"
"2159861746","2139203421","0.2"
"2159861746","2469266040","0.7"
"2469266040","2159861746","0.7"
"2159861746","2474581426","0.2"
"2474581426","2159861746","0.2"
"2078074240","2159861746","0.5"
"2159861746","2078074240","0.5"
"2078074240","3004586828","0.5"
"3004586828","2078074240","0.5"
"2469266040","3004586828","0.75"
"3004586828","2469266040","0.75"
"2078074240","2996667664","0.5"
"2996667664","2078074240","0.5"
"2902009635","2996667664","0.833333"
"2996667664","2902009635","0.833333"
"2078074240","2090850260","0.333333"
"2090850260","2078074240","0.333333"
"2078074240","2101357892","0.333333"
"2101357892","2078074240","0.333333"
"2090850260","2469266040","0.333333"
"2469266040","2090850260","0.333333"
"2101357892","2469266040","0.333333"
"2469266040","2101357892","0.333333"
"2078074240","2147038881","0.333333"
"2147038881","2078074240","0.333333"
"2078074240","2503115954","0.333333"
"2503115954","2078074240","0.333333"
"2147038881","2469266040","0.333333"
"2469266040","2147038881","0.333333"
"2469266040","2503115954","0.333333"
"2503115954","2469266040","0.333333"
"2083261093","2727254102","0.5"
"2727254102","2083261093","0.5"
"2727254102","2858729524","0.625"
"2858729524","2727254102","0.625"
"2083261093","2510588241","1.5"
"2510588241","2083261093","1.5"
"2083261093","2794495458","0.5"
"2794495458","2083261093","0.5"
"2510588241","2794495458","0.5"
"2794495458","2510588241","0.5"
"2086442101","2165670599","0.5"
"2165670599","2086442101","0.5"
"2165670599","2503115954","2.83333"
"2503115954","2165670599","2.83333"
"2086442101","2159861746","1"
"2159861746","2086442101","1"
"2088689354","2940716241","1"
"2940716241","2088689354","1"
"2088689354","2778798971","0.333333"
"2778798971","2088689354","0.333333"
"2165670599","2778798971","0.333333"
"2778798971","2165670599","0.333333"
"2503115954","2778798971","0.333333"
"2778798971","2503115954","0.333333"
"2088689354","2293340641","0.5"
"2293340641","2088689354","0.5"
"2121300270","2293340641","0.5"
"2293340641","2121300270","0.5"
"2098369783","2142325976","0.5"
"2142325976","2098369783","0.5"
"2098369783","2899407961","0.5"
"2899407961","2098369783","0.5"
"2142325976","2899407961","0.5"
"2899407961","2142325976","0.5"
"2098369783","2406632925","0.2"
"2406632925","2098369783","0.2"
"2098369783","2754141758","0.45"
"2754141758","2098369783","0.45"
"2293340641","2406632925","0.2"
"2406632925","2293340641","0.2"
"2293340641","2754141758","0.45"
"2754141758","2293340641","0.45"
"2406632925","2613162388","0.2"
"2613162388","2406632925","0.2"
"2406632925","2948630599","0.2"
"2948630599","2406632925","0.2"
"2613162388","2754141758","0.783333"
"2754141758","2613162388","0.783333"
"2754141758","2948630599","0.533333"
"2948630599","2754141758","0.533333"
"2293340641","2462835173","0.25"
"2462835173","2293340641","0.25"
"2462835173","2754141758","0.583333"
"2754141758","2462835173","0.583333"
"2099913530","2754141758","0.25"
"2754141758","2099913530","0.25"
"2395408443","2754141758","1.36111"
"2754141758","2395408443","1.36111"
"2754141758","2902009635","2.56944"
"2902009635","2754141758","2.56944"
"2754141758","2940716241","6.11111"
"2940716241","2754141758","6.11111"
"2099913530","2755563992","1"
"2755563992","2099913530","1"
"2101357892","2898986204","3"
"2898986204","2101357892","3"
"2113221457","2469266040","1"
"2469266040","2113221457","1"
"2121300270","2159710437","1"
"2159710437","2121300270","1"
"2124738487","2159710437","1"
"2159710437","2124738487","1"
"2127199792","2904671425","1"
"2904671425","2127199792","1"
"2142325976","2727254102","0.25"
"2727254102","2142325976","0.25"
"2142325976","2754141758","1.25"
"2754141758","2142325976","1.25"
"2142325976","2902009635","0.25"
"2902009635","2142325976","0.25"
"2142325976","2940716241","0.25"
"2940716241","2142325976","0.25"
"2727254102","2754141758","0.986111"
"2754141758","2727254102","0.986111"
"2142325976","2395408443","1"
"2395408443","2142325976","1"
"2147038881","2968413407","1.5"
"2968413407","2147038881","1.5"
"2503115954","2968413407","0.5"
"2968413407","2503115954","0.5"
"2158320805","2508078825","0.25"
"2508078825","2158320805","0.25"
"2158320805","2858729524","0.25"
"2858729524","2158320805","0.25"
"2508078825","2754141758","0.25"
"2754141758","2508078825","0.25"
"2754141758","2858729524","0.375"
"2858729524","2754141758","0.375"
"2161709257","2613162388","0.5"
"2613162388","2161709257","0.5"
"2161709257","2948630599","0.5"
"2948630599","2161709257","0.5"
"2508078825","2613162388","0.5"
"2613162388","2508078825","0.5"
"2293340641","2778798971","0.5"
"2778798971","2293340641","0.5"
"2613162388","2778798971","0.5"
"2778798971","2613162388","0.5"
"2395408443","2510588241","0.111111"
"2510588241","2395408443","0.111111"
"2395408443","2519449328","0.711111"
"2519449328","2395408443","0.711111"
"2395408443","2520668597","0.211111"
"2520668597","2395408443","0.211111"
"2395408443","2755563992","0.211111"
"2755563992","2395408443","0.211111"
"2406632925","2510588241","0.361111"
"2510588241","2406632925","0.361111"
"2406632925","2519449328","0.211111"
"2519449328","2406632925","0.211111"
"2406632925","2520668597","0.211111"
"2520668597","2406632925","0.211111"
"2406632925","2727254102","0.211111"
"2727254102","2406632925","0.211111"
"2406632925","2755563992","0.211111"
"2755563992","2406632925","0.211111"
"2406632925","2902009635","0.461111"
"2902009635","2406632925","0.461111"
"2406632925","2940716241","0.111111"
"2940716241","2406632925","0.111111"
"2510588241","2519449328","0.111111"
"2519449328","2510588241","0.111111"
"2510588241","2520668597","0.111111"
"2520668597","2510588241","0.111111"
"2510588241","2727254102","0.111111"
"2727254102","2510588241","0.111111"
"2510588241","2754141758","0.111111"
"2754141758","2510588241","0.111111"
"2510588241","2755563992","0.111111"
"2755563992","2510588241","0.111111"
"2510588241","2902009635","0.111111"
"2902009635","2510588241","0.111111"
"2510588241","2940716241","0.111111"
"2940716241","2510588241","0.111111"
"2519449328","2520668597","0.211111"
"2520668597","2519449328","0.211111"
"2519449328","2727254102","0.711111"
"2727254102","2519449328","0.711111"
"2519449328","2754141758","0.111111"
"2754141758","2519449328","0.111111"
"2519449328","2755563992","3.21111"
"2755563992","2519449328","3.21111"
"2519449328","2902009635","0.211111"
"2902009635","2519449328","0.211111"
"2519449328","2940716241","0.111111"
"2940716241","2519449328","0.111111"
"2520668597","2727254102","0.211111"
"2727254102","2520668597","0.211111"
"2520668597","2754141758","0.111111"
"2754141758","2520668597","0.111111"
"2520668597","2755563992","0.211111"
"2755563992","2520668597","0.211111"
"2520668597","2902009635","0.211111"
"2902009635","2520668597","0.211111"
"2520668597","2940716241","0.111111"
"2940716241","2520668597","0.111111"
"2727254102","2755563992","1.33611"
"2755563992","2727254102","1.33611"
"2754141758","2755563992","0.236111"
"2755563992","2754141758","0.236111"
"2755563992","2902009635","0.336111"
"2902009635","2755563992","0.336111"
"2755563992","2940716241","0.111111"
"2940716241","2755563992","0.111111"
"2395408443","2898986204","0.2"
"2898986204","2395408443","0.2"
