"109046314","177387244","4"
"177387244","109046314","4"
"1563047147","1590683051","1"
"1590683051","1563047147","1"
"1563047147","65301588","1.33333"
"65301588","1563047147","1.33333"
"1590683051","65301588","1"
"65301588","1590683051","1"
"1563047147","199621549","0.5"
"199621549","1563047147","0.5"
"1563047147","2536060784","0.5"
"2536060784","1563047147","0.5"
"199621549","2536060784","4.53803"
"2536060784","199621549","4.53803"
"1563047147","1980165186","0.333333"
"1980165186","1563047147","0.333333"
"1563047147","2268870100","0.333333"
"2268870100","1563047147","0.333333"
"1980165186","2268870100","1.47619"
"2268870100","1980165186","1.47619"
"1980165186","65301588","1.47619"
"65301588","1980165186","1.47619"
"2268870100","65301588","0.809524"
"65301588","2268870100","0.809524"
"1581315377","1593231112","1.63526"
"1593231112","1581315377","1.63526"
"1581315377","1878461938","0.0769231"
"1878461938","1581315377","0.0769231"
"1581315377","1977413865","1.25385"
"1977413865","1581315377","1.25385"
"1581315377","199621549","0.176923"
"199621549","1581315377","0.176923"
"1581315377","2005933580","0.153846"
"2005933580","1581315377","0.153846"
"1581315377","2048167006","2.80192"
"2048167006","1581315377","2.80192"
"1581315377","2049690911","0.278846"
"2049690911","1581315377","0.278846"
"1581315377","2080573999","0.301923"
"2080573999","1581315377","0.301923"
"1581315377","2117242855","1.30192"
"2117242855","1581315377","1.30192"
"1581315377","2132136207","0.612179"
"2132136207","1581315377","0.612179"
"1581315377","2197696765","1.75385"
"2197696765","1581315377","1.75385"
"1581315377","2536060784","0.253846"
"2536060784","1581315377","0.253846"
"1581315377","2751340059","0.176923"
"2751340059","1581315377","0.176923"
"1593231112","1878461938","0.153846"
"1878461938","1593231112","0.153846"
"1593231112","1977413865","1.45385"
"1977413865","1593231112","1.45385"
"1593231112","199621549","0.453846"
"199621549","1593231112","0.453846"
"1593231112","2005933580","1.78526"
"2005933580","1593231112","1.78526"
"1593231112","2048167006","1.44829"
"2048167006","1593231112","1.44829"
"1593231112","2049690911","3.58996"
"2049690911","1593231112","3.58996"
"1593231112","2080573999","1.19829"
"2080573999","1593231112","1.19829"
"1593231112","2117242855","4.30662"
"2117242855","1593231112","4.30662"
"1593231112","2132136207","0.813034"
"2132136207","1593231112","0.813034"
"1593231112","2197696765","1.65385"
"2197696765","1593231112","1.65385"
"1593231112","2536060784","0.176923"
"2536060784","1593231112","0.176923"
"1593231112","2751340059","0.253846"
"2751340059","1593231112","0.253846"
"1878461938","1977413865","0.264957"
"1977413865","1878461938","0.264957"
"1878461938","199621549","0.514957"
"199621549","1878461938","0.514957"
"1878461938","2005933580","0.0769231"
"2005933580","1878461938","0.0769231"
"1878461938","2048167006","0.931624"
"2048167006","1878461938","0.931624"
"1878461938","2049690911","0.320513"
"2049690911","1878461938","0.320513"
"1878461938","2080573999","0.153846"
"2080573999","1878461938","0.153846"
"1878461938","2117242855","1.68162"
"2117242855","1878461938","1.68162"
"1878461938","2132136207","0.188034"
"2132136207","1878461938","0.188034"
"1878461938","2197696765","0.931624"
"2197696765","1878461938","0.931624"
"1878461938","2536060784","0.438034"
"2536060784","1878461938","0.438034"
"1878461938","2751340059","0.320513"
"2751340059","1878461938","0.320513"
"1977413865","199621549","0.364957"
"199621549","1977413865","0.364957"
"1977413865","2005933580","1.23718"
"2005933580","1977413865","1.23718"
"1977413865","2048167006","0.531624"
"2048167006","1977413865","0.531624"
"1977413865","2049690911","0.764103"
"2049690911","1977413865","0.764103"
"1977413865","2080573999","0.253846"
"2080573999","1977413865","0.253846"
"1977413865","2117242855","2.98162"
"2117242855","1977413865","2.98162"
"1977413865","2132136207","0.431624"
"2132136207","1977413865","0.431624"
"1977413865","2197696765","0.64188"
"2197696765","1977413865","0.64188"
"1977413865","2536060784","0.364957"
"2536060784","1977413865","0.364957"
"1977413865","2751340059","0.253846"
"2751340059","1977413865","0.253846"
"199621549","2005933580","0.326923"
"2005933580","199621549","0.326923"
"199621549","2048167006","0.364957"
"2048167006","199621549","0.364957"
"199621549","2049690911","1.02885"
"2049690911","199621549","1.02885"
"199621549","2080573999","0.503846"
"2080573999","199621549","0.503846"
"199621549","2117242855","1.08281"
"2117242855","199621549","1.08281"
"199621549","2132136207","0.188034"
"2132136207","199621549","0.188034"
"199621549","2197696765","2.58281"
"2197696765","199621549","2.58281"
"199621549","2751340059","1.00385"
"2751340059","199621549","1.00385"
"2005933580","2048167006","0.701923"
"2048167006","2005933580","0.701923"
"2005933580","2049690911","1.32051"
"2049690911","2005933580","1.32051"
"2005933580","2080573999","1.53526"
"2080573999","2005933580","1.53526"
"2005933580","2117242855","1.41026"
"2117242855","2005933580","1.41026"
"2005933580","2132136207","0.320513"
"2132136207","2005933580","0.320513"
"2005933580","2197696765","0.737179"
"2197696765","2005933580","0.737179"
"2005933580","2536060784","0.403846"
"2536060784","2005933580","0.403846"
"2005933580","2751340059","0.410256"
"2751340059","2005933580","0.410256"
"2048167006","2049690911","3.05662"
"2049690911","2048167006","3.05662"
"2048167006","2080573999","0.948291"
"2080573999","2048167006","0.948291"
"2048167006","2117242855","7.60107"
"2117242855","2048167006","7.60107"
"2048167006","2132136207","0.924145"
"2132136207","2048167006","0.924145"
"2048167006","2197696765","3.36496"
"2197696765","2048167006","3.36496"
"2048167006","2536060784","0.288034"
"2536060784","2048167006","0.288034"
"2048167006","2751340059","0.420513"
"2751340059","2048167006","0.420513"
"2049690911","2080573999","1.05662"
"2080573999","2049690911","1.05662"
"2049690911","2117242855","5.71496"
"2117242855","2049690911","5.71496"
"2049690911","2132136207","1.05662"
"2132136207","2049690911","1.05662"
"2049690911","2197696765","1.97244"
"2197696765","2049690911","1.97244"
"2049690911","2536060784","0.403846"
"2536060784","2049690911","0.403846"
"2049690911","2751340059","0.320513"
"2751340059","2049690911","0.320513"
"2080573999","2117242855","4.90662"
"2117242855","2080573999","4.90662"
"2080573999","2132136207","0.646368"
"2132136207","2080573999","0.646368"
"2080573999","2197696765","1.50385"
"2197696765","2080573999","1.50385"
"2080573999","2536060784","0.426923"
"2536060784","2080573999","0.426923"
"2080573999","2751340059","0.753846"
"2751340059","2080573999","0.753846"
"2117242855","2132136207","2.25748"
"2132136207","2117242855","2.25748"
"2117242855","2197696765","4.86615"
"2197696765","2117242855","4.86615"
"2117242855","2536060784","0.288034"
"2536060784","2117242855","0.288034"
"2117242855","2751340059","2.00385"
"2751340059","2117242855","2.00385"
"2132136207","2197696765","0.598291"
"2197696765","2132136207","0.598291"
"2132136207","2536060784","0.264957"
"2536060784","2132136207","0.264957"
"2132136207","2751340059","0.0769231"
"2751340059","2132136207","0.0769231"
"2197696765","2536060784","1.36496"
"2536060784","2197696765","1.36496"
"2197696765","2751340059","1.50385"
"2751340059","2197696765","1.50385"
"2536060784","2751340059","0.676923"
"2751340059","2536060784","0.676923"
"1581315377","2268870100","0.1"
"2268870100","1581315377","0.1"
"1593231112","2268870100","0.1"
"2268870100","1593231112","0.1"
"1977413865","2268870100","0.1"
"2268870100","1977413865","0.1"
"199621549","2268870100","0.492857"
"2268870100","199621549","0.492857"
"2048167006","2268870100","0.1"
"2268870100","2048167006","0.1"
"2080573999","2268870100","0.1"
"2268870100","2080573999","0.1"
"2117242855","2268870100","0.242857"
"2268870100","2117242855","0.242857"
"2197696765","2268870100","0.242857"
"2268870100","2197696765","0.242857"
"2268870100","2536060784","0.35"
"2536060784","2268870100","0.35"
"2268870100","2751340059","0.1"
"2751340059","2268870100","0.1"
"1581315377","1590683051","0.0769231"
"1590683051","1581315377","0.0769231"
"1581315377","1935295469","0.410256"
"1935295469","1581315377","0.410256"
"1581315377","1980165186","0.0769231"
"1980165186","1581315377","0.0769231"
"1581315377","2119169724","0.201923"
"2119169724","1581315377","0.201923"
"1581315377","2133722420","0.0769231"
"2133722420","1581315377","0.0769231"
"1581315377","2135077139","0.0769231"
"2135077139","1581315377","0.0769231"
"1581315377","2156420220","0.0769231"
"2156420220","1581315377","0.0769231"
"1590683051","1935295469","0.0769231"
"1935295469","1590683051","0.0769231"
"1590683051","1977413865","0.0769231"
"1977413865","1590683051","0.0769231"
"1590683051","1980165186","0.326923"
"1980165186","1590683051","0.326923"
"1590683051","2005933580","0.0769231"
"2005933580","1590683051","0.0769231"
"1590683051","2049690911","0.0769231"
"2049690911","1590683051","0.0769231"
"1590683051","2119169724","0.0769231"
"2119169724","1590683051","0.0769231"
"1590683051","2132136207","0.0769231"
"2132136207","1590683051","0.0769231"
"1590683051","2133722420","0.326923"
"2133722420","1590683051","0.326923"
"1590683051","2135077139","0.0769231"
"2135077139","1590683051","0.0769231"
"1590683051","2156420220","0.326923"
"2156420220","1590683051","0.326923"
"1590683051","2197696765","0.0769231"
"2197696765","1590683051","0.0769231"
"1590683051","2536060784","0.0769231"
"2536060784","1590683051","0.0769231"
"1935295469","1977413865","0.0769231"
"1977413865","1935295469","0.0769231"
"1935295469","1980165186","0.701923"
"1980165186","1935295469","0.701923"
"1935295469","2005933580","0.0769231"
"2005933580","1935295469","0.0769231"
"1935295469","2049690911","0.201923"
"2049690911","1935295469","0.201923"
"1935295469","2119169724","0.0769231"
"2119169724","1935295469","0.0769231"
"1935295469","2132136207","0.0769231"
"2132136207","1935295469","0.0769231"
"1935295469","2133722420","1.40192"
"2133722420","1935295469","1.40192"
"1935295469","2135077139","0.201923"
"2135077139","1935295469","0.201923"
"1935295469","2156420220","0.0769231"
"2156420220","1935295469","0.0769231"
"1935295469","2197696765","0.735256"
"2197696765","1935295469","0.735256"
"1935295469","2536060784","0.0769231"
"2536060784","1935295469","0.0769231"
"1977413865","1980165186","1.10385"
"1980165186","1977413865","1.10385"
"1977413865","2119169724","0.153846"
"2119169724","1977413865","0.153846"
"1977413865","2133722420","0.438034"
"2133722420","1977413865","0.438034"
"1977413865","2135077139","0.188034"
"2135077139","1977413865","0.188034"
"1977413865","2156420220","0.0769231"
"2156420220","1977413865","0.0769231"
"1980165186","2005933580","0.326923"
"2005933580","1980165186","0.326923"
"1980165186","2049690911","1.47885"
"2049690911","1980165186","1.47885"
"1980165186","2119169724","0.153846"
"2119169724","1980165186","0.153846"
"1980165186","2132136207","0.0769231"
"2132136207","1980165186","0.0769231"
"1980165186","2133722420","1.09478"
"2133722420","1980165186","1.09478"
"1980165186","2135077139","0.201923"
"2135077139","1980165186","0.201923"
"1980165186","2156420220","0.326923"
"2156420220","1980165186","0.326923"
"1980165186","2197696765","1.6217"
"2197696765","1980165186","1.6217"
"1980165186","2536060784","0.0769231"
"2536060784","1980165186","0.0769231"
"2005933580","2119169724","0.0769231"
"2119169724","2005933580","0.0769231"
"2005933580","2133722420","0.326923"
"2133722420","2005933580","0.326923"
"2005933580","2135077139","0.0769231"
"2135077139","2005933580","0.0769231"
"2005933580","2156420220","0.0769231"
"2156420220","2005933580","0.0769231"
"2049690911","2119169724","0.528846"
"2119169724","2049690911","0.528846"
"2049690911","2133722420","0.201923"
"2133722420","2049690911","0.201923"
"2049690911","2135077139","0.201923"
"2135077139","2049690911","0.201923"
"2049690911","2156420220","0.0769231"
"2156420220","2049690911","0.0769231"
"2119169724","2132136207","0.201923"
"2132136207","2119169724","0.201923"
"2119169724","2133722420","0.0769231"
"2133722420","2119169724","0.0769231"
"2119169724","2135077139","0.0769231"
"2135077139","2119169724","0.0769231"
"2119169724","2156420220","0.0769231"
"2156420220","2119169724","0.0769231"
"2119169724","2197696765","0.403846"
"2197696765","2119169724","0.403846"
"2119169724","2536060784","0.326923"
"2536060784","2119169724","0.326923"
"2132136207","2133722420","0.188034"
"2133722420","2132136207","0.188034"
"2132136207","2135077139","0.188034"
"2135077139","2132136207","0.188034"
"2132136207","2156420220","0.0769231"
"2156420220","2132136207","0.0769231"
"2133722420","2135077139","0.313034"
"2135077139","2133722420","0.313034"
"2133722420","2156420220","2.66026"
"2156420220","2133722420","2.66026"
"2133722420","2197696765","0.655891"
"2197696765","2133722420","0.655891"
"2133722420","2536060784","0.188034"
"2536060784","2133722420","0.188034"
"2135077139","2156420220","0.0769231"
"2156420220","2135077139","0.0769231"
"2135077139","2197696765","0.563034"
"2197696765","2135077139","0.563034"
"2135077139","2536060784","0.188034"
"2536060784","2135077139","0.188034"
"2156420220","2197696765","0.0769231"
"2197696765","2156420220","0.0769231"
"2156420220","2536060784","0.0769231"
"2536060784","2156420220","0.0769231"
"1935295469","2048167006","0.333333"
"2048167006","1935295469","0.333333"
"1581315377","2089090243","0.125"
"2089090243","1581315377","0.125"
"1593231112","2089090243","0.125"
"2089090243","1593231112","0.125"
"1593231112","2119169724","1.20192"
"2119169724","1593231112","1.20192"
"2048167006","2089090243","0.125"
"2089090243","2048167006","0.125"
"2048167006","2119169724","0.201923"
"2119169724","2048167006","0.201923"
"2049690911","2089090243","0.125"
"2089090243","2049690911","0.125"
"2080573999","2089090243","0.125"
"2089090243","2080573999","0.125"
"2080573999","2119169724","0.201923"
"2119169724","2080573999","0.201923"
"2089090243","2117242855","0.125"
"2117242855","2089090243","0.125"
"2089090243","2119169724","0.125"
"2119169724","2089090243","0.125"
"2089090243","2132136207","0.125"
"2132136207","2089090243","0.125"
"2117242855","2119169724","0.201923"
"2119169724","2117242855","0.201923"
"1590683051","1989040368","0.25"
"1989040368","1590683051","0.25"
"1980165186","1989040368","1.34478"
"1989040368","1980165186","1.34478"
"1989040368","2133722420","0.767857"
"2133722420","1989040368","0.767857"
"1989040368","2156420220","0.25"
"2156420220","1989040368","0.25"
"1593231112","84464482","1.28526"
"84464482","1593231112","1.28526"
"2005933580","84464482","4.04167"
"84464482","2005933580","4.04167"
"2080573999","84464482","0.785256"
"84464482","2080573999","0.785256"
"2117242855","84464482","0.99359"
"84464482","2117242855","0.99359"
"1593231112","1992763586","0.236111"
"1992763586","1593231112","0.236111"
"1593231112","2063189554","0.236111"
"2063189554","1593231112","0.236111"
"1593231112","2122435786","0.125"
"2122435786","1593231112","0.125"
"1593231112","942626190","0.236111"
"942626190","1593231112","0.236111"
"1992763586","2005933580","1.79167"
"2005933580","1992763586","1.79167"
"1992763586","2048167006","0.236111"
"2048167006","1992763586","0.236111"
"1992763586","2063189554","0.236111"
"2063189554","1992763586","0.236111"
"1992763586","2080573999","0.236111"
"2080573999","1992763586","0.236111"
"1992763586","2122435786","0.125"
"2122435786","1992763586","0.125"
"1992763586","84464482","0.791667"
"84464482","1992763586","0.791667"
"1992763586","942626190","0.736111"
"942626190","1992763586","0.736111"
"2005933580","2063189554","0.625"
"2063189554","2005933580","0.625"
"2005933580","2122435786","0.458333"
"2122435786","2005933580","0.458333"
"2005933580","942626190","0.625"
"942626190","2005933580","0.625"
"2048167006","2063189554","0.236111"
"2063189554","2048167006","0.236111"
"2048167006","2122435786","0.125"
"2122435786","2048167006","0.125"
"2048167006","84464482","0.36859"
"84464482","2048167006","0.36859"
"2048167006","942626190","0.236111"
"942626190","2048167006","0.236111"
"2063189554","2080573999","0.236111"
"2080573999","2063189554","0.236111"
"2063189554","2122435786","0.125"
"2122435786","2063189554","0.125"
"2063189554","84464482","0.125"
"84464482","2063189554","0.125"
"2063189554","942626190","0.236111"
"942626190","2063189554","0.236111"
"2080573999","2122435786","0.125"
"2122435786","2080573999","0.125"
"2080573999","942626190","0.236111"
"942626190","2080573999","0.236111"
"2122435786","84464482","0.125"
"84464482","2122435786","0.125"
"2122435786","942626190","3.125"
"942626190","2122435786","3.125"
"84464482","942626190","0.125"
"942626190","84464482","0.125"
"1593231112","2955693117","0.333333"
"2955693117","1593231112","0.333333"
"2049690911","2955693117","0.333333"
"2955693117","2049690911","0.333333"
"2049690911","84464482","1.41026"
"84464482","2049690911","1.41026"
"2955693117","84464482","0.333333"
"84464482","2955693117","0.333333"
"1977413865","84464482","0.576923"
"84464482","1977413865","0.576923"
"2132136207","84464482","0.166667"
"84464482","2132136207","0.166667"
"1593231112","1966713146","0.666667"
"1966713146","1593231112","0.666667"
"1593231112","2087100355","0.666667"
"2087100355","1593231112","0.666667"
"1966713146","2087100355","5.66667"
"2087100355","1966713146","5.66667"
"1966713146","2197696765","0.333333"
"2197696765","1966713146","0.333333"
"2087100355","2197696765","0.333333"
"2197696765","2087100355","0.333333"
"1593231112","1980165186","0.276923"
"1980165186","1593231112","0.276923"
"1980165186","2117242855","1.54478"
"2117242855","1980165186","1.54478"
"1966713146","2049690911","1.33333"
"2049690911","1966713146","1.33333"
"2049690911","2087100355","0.333333"
"2087100355","2049690911","0.333333"
"1593231112","2911420183","0.111111"
"2911420183","1593231112","0.111111"
"1992763586","2049690911","0.111111"
"2049690911","1992763586","0.111111"
"1992763586","2117242855","0.111111"
"2117242855","1992763586","0.111111"
"1992763586","2132136207","0.111111"
"2132136207","1992763586","0.111111"
"1992763586","2911420183","0.111111"
"2911420183","1992763586","0.111111"
"2048167006","2911420183","0.111111"
"2911420183","2048167006","0.111111"
"2049690911","2063189554","0.111111"
"2063189554","2049690911","0.111111"
"2049690911","2911420183","0.111111"
"2911420183","2049690911","0.111111"
"2049690911","942626190","0.111111"
"942626190","2049690911","0.111111"
"2063189554","2117242855","0.111111"
"2117242855","2063189554","0.111111"
"2063189554","2132136207","0.111111"
"2132136207","2063189554","0.111111"
"2063189554","2911420183","0.111111"
"2911420183","2063189554","0.111111"
"2080573999","2911420183","0.111111"
"2911420183","2080573999","0.111111"
"2117242855","2911420183","0.111111"
"2911420183","2117242855","0.111111"
"2117242855","942626190","0.111111"
"942626190","2117242855","0.111111"
"2132136207","2911420183","0.111111"
"2911420183","2132136207","0.111111"
"2132136207","942626190","0.111111"
"942626190","2132136207","0.111111"
"2911420183","942626190","0.111111"
"942626190","2911420183","0.111111"
"1593231112","1989040368","0.0769231"
"1989040368","1593231112","0.0769231"
"1878461938","1980165186","0.326923"
"1980165186","1878461938","0.326923"
"1878461938","1989040368","0.74359"
"1989040368","1878461938","0.74359"
"1878461938","2119169724","0.0769231"
"2119169724","1878461938","0.0769231"
"1878461938","84464482","0.0769231"
"84464482","1878461938","0.0769231"
"1977413865","1989040368","0.0769231"
"1989040368","1977413865","0.0769231"
"1980165186","199621549","0.34478"
"199621549","1980165186","0.34478"
"1980165186","2048167006","0.0769231"
"2048167006","1980165186","0.0769231"
"1980165186","2080573999","0.0769231"
"2080573999","1980165186","0.0769231"
"1980165186","2751340059","0.0769231"
"2751340059","1980165186","0.0769231"
"1980165186","84464482","0.0769231"
"84464482","1980165186","0.0769231"
"1989040368","199621549","0.59478"
"199621549","1989040368","0.59478"
"1989040368","2048167006","0.24359"
"2048167006","1989040368","0.24359"
"1989040368","2049690911","0.36859"
"2049690911","1989040368","0.36859"
"1989040368","2080573999","0.0769231"
"2080573999","1989040368","0.0769231"
"1989040368","2117242855","1.51145"
"2117242855","1989040368","1.51145"
"1989040368","2119169724","0.0769231"
"2119169724","1989040368","0.0769231"
"1989040368","2197696765","0.761447"
"2197696765","1989040368","0.761447"
"1989040368","2751340059","0.24359"
"2751340059","1989040368","0.24359"
"1989040368","84464482","0.326923"
"84464482","1989040368","0.326923"
"199621549","2119169724","0.326923"
"2119169724","199621549","0.326923"
"199621549","84464482","0.326923"
"84464482","199621549","0.326923"
"2119169724","2751340059","0.0769231"
"2751340059","2119169724","0.0769231"
"2119169724","84464482","0.0769231"
"84464482","2119169724","0.0769231"
"2197696765","84464482","0.576923"
"84464482","2197696765","0.576923"
"2751340059","84464482","0.326923"
"84464482","2751340059","0.326923"
"1593231112","1935295469","0.2"
"1935295469","1593231112","0.2"
"1593231112","2133722420","0.2"
"2133722420","1593231112","0.2"
"1935295469","199621549","0.325"
"199621549","1935295469","0.325"
"1935295469","2117242855","0.825"
"2117242855","1935295469","0.825"
"199621549","2133722420","0.578968"
"2133722420","199621549","0.578968"
"2117242855","2133722420","1.07897"
"2133722420","2117242855","1.07897"
"1878461938","2133722420","0.361111"
"2133722420","1878461938","0.361111"
"1878461938","2135077139","0.111111"
"2135077139","1878461938","0.111111"
"199621549","2135077139","0.236111"
"2135077139","199621549","0.236111"
"2048167006","2133722420","0.111111"
"2133722420","2048167006","0.111111"
"2048167006","2135077139","0.111111"
"2135077139","2048167006","0.111111"
"2117242855","2135077139","0.486111"
"2135077139","2117242855","0.486111"
"1878461938","2268870100","0.25"
"2268870100","1878461938","0.25"
"1989040368","2268870100","0.392857"
"2268870100","1989040368","0.392857"
"1989040368","2536060784","0.25"
"2536060784","1989040368","0.25"
"1935295469","1989040368","1.125"
"1989040368","1935295469","1.125"
"1989040368","2135077139","2.375"
"2135077139","1989040368","2.375"
"1966713146","1992763586","0.833333"
"1992763586","1966713146","0.833333"
"1966713146","2005933580","0.833333"
"2005933580","1966713146","0.833333"
"1966713146","84464482","0.333333"
"84464482","1966713146","0.333333"
"1966713146","2063189554","1"
"2063189554","1966713146","1"
"1977413865","1992763586","0.333333"
"1992763586","1977413865","0.333333"
"1989040368","65301588","0.142857"
"65301588","1989040368","0.142857"
"199621549","65301588","0.142857"
"65301588","199621549","0.142857"
"2117242855","65301588","0.142857"
"65301588","2117242855","0.142857"
"2133722420","2268870100","0.47619"
"2268870100","2133722420","0.47619"
"2133722420","65301588","0.47619"
"65301588","2133722420","0.47619"
"2197696765","65301588","0.142857"
"65301588","2197696765","0.142857"
"2135077139","84464482","0.25"
"84464482","2135077139","0.25"
"2005933580","2911420183","1.33333"
"2911420183","2005933580","1.33333"
"2005933580","2089090243","1.33333"
"2089090243","2005933580","1.33333"
"2063189554","2089090243","0.5"
"2089090243","2063189554","0.5"
"2005933580","2745549719","0.5"
"2745549719","2005933580","0.5"
"2745549719","84464482","0.5"
"84464482","2745549719","0.5"
"2005933580","2532893398","0.5"
"2532893398","2005933580","0.5"
"2089090243","2532893398","0.833333"
"2532893398","2089090243","0.833333"
"2005933580","2955693117","1"
"2955693117","2005933580","1"
"2005933580","2898767836","0.5"
"2898767836","2005933580","0.5"
"2080573999","2898767836","0.5"
"2898767836","2080573999","0.5"
"2089090243","2122435786","0.333333"
"2122435786","2089090243","0.333333"
"2089090243","2911420183","0.666667"
"2911420183","2089090243","0.666667"
"2122435786","2911420183","0.333333"
"2911420183","2122435786","0.333333"
"2063189554","2745549719","1"
"2745549719","2063189554","1"
"2080573999","2087100355","1"
"2087100355","2080573999","1"
"2089090243","2745549719","10.8333"
"2745549719","2089090243","10.8333"
"2532893398","2745549719","0.833333"
"2745549719","2532893398","0.833333"
"2532893398","2911420183","0.333333"
"2911420183","2532893398","0.333333"
"2745549719","2911420183","2.66667"
"2911420183","2745549719","2.66667"
"2089090243","2955693117","1"
"2955693117","2089090243","1"
"2089090243","2408338886","0.5"
"2408338886","2089090243","0.5"
"2408338886","2745549719","3.33333"
"2745549719","2408338886","3.33333"
"2156420220","2268870100","0.333333"
"2268870100","2156420220","0.333333"
"2156420220","65301588","0.333333"
"65301588","2156420220","0.333333"
"2407806196","2534079850","2"
"2534079850","2407806196","2"
"2408338886","2534079850","1"
"2534079850","2408338886","1"
"2408338886","2898767836","0.333333"
"2898767836","2408338886","0.333333"
"2408338886","2911420183","0.333333"
"2911420183","2408338886","0.333333"
"2745549719","2898767836","0.333333"
"2898767836","2745549719","0.333333"
"2898767836","2911420183","0.833333"
"2911420183","2898767836","0.833333"
"2408338886","2532893398","0.5"
"2532893398","2408338886","0.5"
"2770612894","2911420183","5"
"2911420183","2770612894","5"
"2898767836","2955693117","0.5"
"2955693117","2898767836","0.5"
"2911420183","2955693117","3.5"
"2955693117","2911420183","3.5"
"2911420183","84464482","1"
"84464482","2911420183","1"
