"104889987","2056649465","1.27143"
"2056649465","104889987","1.27143"
"104889987","1995760065","1.79345"
"1995760065","104889987","1.79345"
"104889987","2050355816","0.783929"
"2050355816","104889987","0.783929"
"104889987","2109996803","1.7125"
"2109996803","104889987","1.7125"
"104889987","2136626147","0.9125"
"2136626147","104889987","0.9125"
"1995760065","2050355816","1.9506"
"2050355816","1995760065","1.9506"
"1995760065","2109996803","0.8375"
"2109996803","1995760065","0.8375"
"1995760065","2136626147","0.9125"
"2136626147","1995760065","0.9125"
"2050355816","2109996803","0.5125"
"2109996803","2050355816","0.5125"
"2050355816","2136626147","0.7125"
"2136626147","2050355816","0.7125"
"2109996803","2136626147","1.2125"
"2136626147","2109996803","1.2125"
"104889987","1484492989","0.142857"
"1484492989","104889987","0.142857"
"104889987","2056219499","2.17679"
"2056219499","104889987","2.17679"
"104889987","2095185249","0.142857"
"2095185249","104889987","0.142857"
"104889987","2115215265","0.276786"
"2115215265","104889987","0.276786"
"104889987","2154639228","0.705357"
"2154639228","104889987","0.705357"
"104889987","2611109828","0.142857"
"2611109828","104889987","0.142857"
"1484492989","1995760065","0.253968"
"1995760065","1484492989","0.253968"
"1484492989","2056219499","0.142857"
"2056219499","1484492989","0.142857"
"1484492989","2095185249","0.42619"
"2095185249","1484492989","0.42619"
"1484492989","2115215265","1.01349"
"2115215265","1484492989","1.01349"
"1484492989","2154639228","0.17619"
"2154639228","1484492989","0.17619"
"1484492989","2611109828","0.142857"
"2611109828","1484492989","0.142857"
"1995760065","2056219499","1.21012"
"2056219499","1995760065","1.21012"
"1995760065","2095185249","0.652381"
"2095185249","1995760065","0.652381"
"1995760065","2115215265","1.23075"
"2115215265","1995760065","1.23075"
"1995760065","2154639228","0.622024"
"2154639228","1995760065","0.622024"
"1995760065","2611109828","0.142857"
"2611109828","1995760065","0.142857"
"2056219499","2095185249","0.142857"
"2095185249","2056219499","0.142857"
"2056219499","2115215265","0.276786"
"2115215265","2056219499","0.276786"
"2056219499","2154639228","0.872024"
"2154639228","2056219499","0.872024"
"2056219499","2611109828","0.142857"
"2611109828","2056219499","0.142857"
"2095185249","2115215265","13.894"
"2115215265","2095185249","13.894"
"2095185249","2154639228","0.17619"
"2154639228","2095185249","0.17619"
"2095185249","2611109828","0.142857"
"2611109828","2095185249","0.142857"
"2115215265","2154639228","1.23869"
"2154639228","2115215265","1.23869"
"2115215265","2611109828","0.342857"
"2611109828","2115215265","0.342857"
"2154639228","2611109828","0.142857"
"2611109828","2154639228","0.142857"
"104889987","14439443","0.0714286"
"14439443","104889987","0.0714286"
"104889987","1725878278","0.0714286"
"1725878278","104889987","0.0714286"
"104889987","1783926085","0.0714286"
"1783926085","104889987","0.0714286"
"104889987","203580956","0.0714286"
"203580956","104889987","0.0714286"
"104889987","2113545124","0.467262"
"2113545124","104889987","0.467262"
"104889987","2134033596","0.0714286"
"2134033596","104889987","0.0714286"
"104889987","2142168836","0.0714286"
"2142168836","104889987","0.0714286"
"104889987","2505256855","0.0714286"
"2505256855","104889987","0.0714286"
"104889987","3026507538","0.0714286"
"3026507538","104889987","0.0714286"
"14439443","1725878278","0.505195"
"1725878278","14439443","0.505195"
"14439443","1783926085","1.10714"
"1783926085","14439443","1.10714"
"14439443","1995760065","0.380952"
"1995760065","14439443","0.380952"
"14439443","203580956","5.08853"
"203580956","14439443","5.08853"
"14439443","2050355816","0.0714286"
"2050355816","14439443","0.0714286"
"14439443","2056219499","0.321429"
"2056219499","14439443","0.321429"
"14439443","2056649465","0.195671"
"2056649465","14439443","0.195671"
"14439443","2113545124","0.380952"
"2113545124","14439443","0.380952"
"14439443","2115215265","0.247619"
"2115215265","14439443","0.247619"
"14439443","2134033596","0.214286"
"2134033596","14439443","0.214286"
"14439443","2142168836","0.104762"
"2142168836","14439443","0.104762"
"14439443","2505256855","0.604762"
"2505256855","14439443","0.604762"
"14439443","3026507538","0.0714286"
"3026507538","14439443","0.0714286"
"1725878278","1783926085","0.492063"
"1783926085","1725878278","0.492063"
"1725878278","1995760065","1.49206"
"1995760065","1725878278","1.49206"
"1725878278","203580956","0.612338"
"203580956","1725878278","0.612338"
"1725878278","2050355816","0.0714286"
"2050355816","1725878278","0.0714286"
"1725878278","2056219499","0.0714286"
"2056219499","1725878278","0.0714286"
"1725878278","2056649465","0.612338"
"2056649465","1725878278","0.612338"
"1725878278","2113545124","0.214286"
"2113545124","1725878278","0.214286"
"1725878278","2115215265","1.7754"
"2115215265","1725878278","1.7754"
"1725878278","2134033596","0.214286"
"2134033596","1725878278","0.214286"
"1725878278","2142168836","0.215873"
"2142168836","1725878278","0.215873"
"1725878278","2505256855","0.549206"
"2505256855","1725878278","0.549206"
"1725878278","3026507538","0.0714286"
"3026507538","1725878278","0.0714286"
"1783926085","1995760065","2.1504"
"1995760065","1783926085","2.1504"
"1783926085","203580956","0.547619"
"203580956","1783926085","0.547619"
"1783926085","2050355816","0.321429"
"2050355816","1783926085","0.321429"
"1783926085","2056219499","0.321429"
"2056219499","1783926085","0.321429"
"1783926085","2056649465","0.238095"
"2056649465","1783926085","0.238095"
"1783926085","2113545124","1.28929"
"2113545124","1783926085","1.28929"
"1783926085","2115215265","1.0254"
"2115215265","1783926085","1.0254"
"1783926085","2134033596","1.16429"
"2134033596","1783926085","1.16429"
"1783926085","2142168836","0.18254"
"2142168836","1783926085","0.18254"
"1783926085","2505256855","0.18254"
"2505256855","1783926085","0.18254"
"1783926085","3026507538","0.0714286"
"3026507538","1783926085","0.0714286"
"1995760065","203580956","1.27143"
"203580956","1995760065","1.27143"
"1995760065","2056649465","2.1381"
"2056649465","1995760065","2.1381"
"1995760065","2113545124","5.80179"
"2113545124","1995760065","5.80179"
"1995760065","2134033596","6.86429"
"2134033596","1995760065","6.86429"
"1995760065","2142168836","0.18254"
"2142168836","1995760065","0.18254"
"1995760065","2505256855","0.38254"
"2505256855","1995760065","0.38254"
"1995760065","3026507538","0.0714286"
"3026507538","1995760065","0.0714286"
"203580956","2050355816","0.0714286"
"2050355816","203580956","0.0714286"
"203580956","2056219499","0.0714286"
"2056219499","203580956","0.0714286"
"203580956","2056649465","1.64567"
"2056649465","203580956","1.64567"
"203580956","2113545124","0.0714286"
"2113545124","203580956","0.0714286"
"203580956","2115215265","0.354762"
"2115215265","203580956","0.354762"
"203580956","2134033596","0.271429"
"2134033596","203580956","0.271429"
"203580956","2142168836","0.104762"
"2142168836","203580956","0.104762"
"203580956","2505256855","0.604762"
"2505256855","203580956","0.604762"
"203580956","3026507538","0.0714286"
"3026507538","203580956","0.0714286"
"2050355816","2056219499","0.533929"
"2056219499","2050355816","0.533929"
"2050355816","2056649465","0.0714286"
"2056649465","2050355816","0.0714286"
"2050355816","2113545124","1.3006"
"2113545124","2050355816","1.3006"
"2050355816","2115215265","0.133929"
"2115215265","2050355816","0.133929"
"2050355816","2134033596","0.0714286"
"2134033596","2050355816","0.0714286"
"2050355816","2142168836","0.0714286"
"2142168836","2050355816","0.0714286"
"2050355816","2505256855","0.0714286"
"2505256855","2050355816","0.0714286"
"2050355816","3026507538","0.0714286"
"3026507538","2050355816","0.0714286"
"2056219499","2056649465","0.0714286"
"2056649465","2056219499","0.0714286"
"2056219499","2113545124","0.333929"
"2113545124","2056219499","0.333929"
"2056219499","2134033596","0.0714286"
"2134033596","2056219499","0.0714286"
"2056219499","2142168836","0.0714286"
"2142168836","2056219499","0.0714286"
"2056219499","2505256855","0.0714286"
"2505256855","2056219499","0.0714286"
"2056219499","3026507538","0.0714286"
"3026507538","2056219499","0.0714286"
"2056649465","2113545124","0.0714286"
"2113545124","2056649465","0.0714286"
"2056649465","2115215265","0.354762"
"2115215265","2056649465","0.354762"
"2056649465","2134033596","0.271429"
"2134033596","2056649465","0.271429"
"2056649465","2142168836","0.104762"
"2142168836","2056649465","0.104762"
"2056649465","2505256855","0.438095"
"2505256855","2056649465","0.438095"
"2056649465","3026507538","0.0714286"
"3026507538","2056649465","0.0714286"
"2113545124","2115215265","1.14345"
"2115215265","2113545124","1.14345"
"2113545124","2134033596","3.58095"
"2134033596","2113545124","3.58095"
"2113545124","2142168836","0.0714286"
"2142168836","2113545124","0.0714286"
"2113545124","2505256855","0.0714286"
"2505256855","2113545124","0.0714286"
"2113545124","3026507538","0.0714286"
"3026507538","2113545124","0.0714286"
"2115215265","2134033596","1.58095"
"2134033596","2115215265","1.58095"
"2115215265","2142168836","0.715873"
"2142168836","2115215265","0.715873"
"2115215265","2505256855","1.21587"
"2505256855","2115215265","1.21587"
"2115215265","3026507538","0.0714286"
"3026507538","2115215265","0.0714286"
"2134033596","2142168836","0.404762"
"2142168836","2134033596","0.404762"
"2134033596","2505256855","0.404762"
"2505256855","2134033596","0.404762"
"2134033596","3026507538","0.0714286"
"3026507538","2134033596","0.0714286"
"2142168836","2505256855","4.51587"
"2505256855","2142168836","4.51587"
"2142168836","3026507538","0.0714286"
"3026507538","2142168836","0.0714286"
"2505256855","3026507538","0.0714286"
"3026507538","2505256855","0.0714286"
"104889987","2110035876","1.33333"
"2110035876","104889987","1.33333"
"1995760065","2110035876","0.458333"
"2110035876","1995760065","0.458333"
"2110035876","2113545124","0.458333"
"2113545124","2110035876","0.458333"
"104889987","1534306849","1.2"
"1534306849","104889987","1.2"
"104889987","2148205923","0.595833"
"2148205923","104889987","0.595833"
"104889987","2152444830","0.395833"
"2152444830","104889987","0.395833"
"1995760065","2148205923","2.3875"
"2148205923","1995760065","2.3875"
"1995760065","2152444830","0.395833"
"2152444830","1995760065","0.395833"
"2148205923","2152444830","2.49583"
"2152444830","2148205923","2.49583"
"2050355816","2148205923","0.929167"
"2148205923","2050355816","0.929167"
"2056219499","2136626147","5.9625"
"2136626147","2056219499","5.9625"
"2056219499","2148205923","0.2625"
"2148205923","2056219499","0.2625"
"2136626147","2148205923","0.2625"
"2148205923","2136626147","0.2625"
"104889987","109821912","0.0625"
"109821912","104889987","0.0625"
"104889987","1507687470","0.0625"
"1507687470","104889987","0.0625"
"104889987","1660845601","0.0625"
"1660845601","104889987","0.0625"
"104889987","2074453864","0.0625"
"2074453864","104889987","0.0625"
"104889987","2109382464","0.0625"
"2109382464","104889987","0.0625"
"104889987","2159212869","0.0625"
"2159212869","104889987","0.0625"
"109821912","1507687470","0.1875"
"1507687470","109821912","0.1875"
"109821912","1660845601","0.0625"
"1660845601","109821912","0.0625"
"109821912","1995760065","0.4375"
"1995760065","109821912","0.4375"
"109821912","2050355816","0.0625"
"2050355816","109821912","0.0625"
"109821912","2056219499","0.0625"
"2056219499","109821912","0.0625"
"109821912","2074453864","0.5625"
"2074453864","109821912","0.5625"
"109821912","2109382464","0.0958333"
"2109382464","109821912","0.0958333"
"109821912","2109996803","0.1875"
"2109996803","109821912","0.1875"
"109821912","2113545124","0.4375"
"2113545124","109821912","0.4375"
"109821912","2115215265","0.0958333"
"2115215265","109821912","0.0958333"
"109821912","2136626147","0.0625"
"2136626147","109821912","0.0625"
"109821912","2148205923","0.1875"
"2148205923","109821912","0.1875"
"109821912","2152444830","0.0625"
"2152444830","109821912","0.0625"
"109821912","2154639228","0.345833"
"2154639228","109821912","0.345833"
"109821912","2159212869","0.0625"
"2159212869","109821912","0.0625"
"1507687470","1660845601","0.645833"
"1660845601","1507687470","0.645833"
"1507687470","1995760065","0.4375"
"1995760065","1507687470","0.4375"
"1507687470","2050355816","0.0625"
"2050355816","1507687470","0.0625"
"1507687470","2056219499","0.0625"
"2056219499","1507687470","0.0625"
"1507687470","2074453864","0.645833"
"2074453864","1507687470","0.645833"
"1507687470","2109382464","4.5625"
"2109382464","1507687470","4.5625"
"1507687470","2109996803","0.1875"
"2109996803","1507687470","0.1875"
"1507687470","2113545124","0.1875"
"2113545124","1507687470","0.1875"
"1507687470","2115215265","0.0625"
"2115215265","1507687470","0.0625"
"1507687470","2136626147","0.0625"
"2136626147","1507687470","0.0625"
"1507687470","2148205923","0.1875"
"2148205923","1507687470","0.1875"
"1507687470","2152444830","1.0625"
"2152444830","1507687470","1.0625"
"1507687470","2154639228","0.0625"
"2154639228","1507687470","0.0625"
"1507687470","2159212869","0.0625"
"2159212869","1507687470","0.0625"
"1660845601","1995760065","1.30417"
"1995760065","1660845601","1.30417"
"1660845601","2050355816","0.229167"
"2050355816","1660845601","0.229167"
"1660845601","2056219499","0.2625"
"2056219499","1660845601","0.2625"
"1660845601","2074453864","5.09861"
"2074453864","1660845601","5.09861"
"1660845601","2109382464","0.0625"
"2109382464","1660845601","0.0625"
"1660845601","2109996803","0.0625"
"2109996803","1660845601","0.0625"
"1660845601","2113545124","0.429167"
"2113545124","1660845601","0.429167"
"1660845601","2115215265","0.0625"
"2115215265","1660845601","0.0625"
"1660845601","2136626147","0.0625"
"2136626147","1660845601","0.0625"
"1660845601","2148205923","0.329167"
"2148205923","1660845601","0.329167"
"1660845601","2152444830","0.1625"
"2152444830","1660845601","0.1625"
"1660845601","2154639228","0.0625"
"2154639228","1660845601","0.0625"
"1660845601","2159212869","1.0125"
"2159212869","1660845601","1.0125"
"1995760065","2074453864","1.30417"
"2074453864","1995760065","1.30417"
"1995760065","2109382464","1.0625"
"2109382464","1995760065","1.0625"
"1995760065","2159212869","0.2625"
"2159212869","1995760065","0.2625"
"2050355816","2074453864","0.229167"
"2074453864","2050355816","0.229167"
"2050355816","2109382464","0.0625"
"2109382464","2050355816","0.0625"
"2050355816","2152444830","0.0625"
"2152444830","2050355816","0.0625"
"2050355816","2154639228","0.0625"
"2154639228","2050355816","0.0625"
"2050355816","2159212869","0.0625"
"2159212869","2050355816","0.0625"
"2056219499","2074453864","0.2625"
"2074453864","2056219499","0.2625"
"2056219499","2109382464","0.0625"
"2109382464","2056219499","0.0625"
"2056219499","2109996803","1.7625"
"2109996803","2056219499","1.7625"
"2056219499","2152444830","0.0625"
"2152444830","2056219499","0.0625"
"2056219499","2159212869","0.2625"
"2159212869","2056219499","0.2625"
"2074453864","2109382464","0.0625"
"2109382464","2074453864","0.0625"
"2074453864","2109996803","0.0625"
"2109996803","2074453864","0.0625"
"2074453864","2113545124","0.429167"
"2113545124","2074453864","0.429167"
"2074453864","2115215265","0.0625"
"2115215265","2074453864","0.0625"
"2074453864","2136626147","0.0625"
"2136626147","2074453864","0.0625"
"2074453864","2148205923","0.329167"
"2148205923","2074453864","0.329167"
"2074453864","2152444830","0.1625"
"2152444830","2074453864","0.1625"
"2074453864","2154639228","0.0625"
"2154639228","2074453864","0.0625"
"2074453864","2159212869","3.0125"
"2159212869","2074453864","3.0125"
"2109382464","2109996803","0.0625"
"2109996803","2109382464","0.0625"
"2109382464","2113545124","0.0625"
"2113545124","2109382464","0.0625"
"2109382464","2115215265","0.0958333"
"2115215265","2109382464","0.0958333"
"2109382464","2136626147","0.0625"
"2136626147","2109382464","0.0625"
"2109382464","2148205923","0.0625"
"2148205923","2109382464","0.0625"
"2109382464","2152444830","1.0625"
"2152444830","2109382464","1.0625"
"2109382464","2154639228","0.0958333"
"2154639228","2109382464","0.0958333"
"2109382464","2159212869","0.0625"
"2159212869","2109382464","0.0625"
"2109996803","2113545124","0.1875"
"2113545124","2109996803","0.1875"
"2109996803","2115215265","0.0625"
"2115215265","2109996803","0.0625"
"2109996803","2148205923","0.1875"
"2148205923","2109996803","0.1875"
"2109996803","2152444830","0.0625"
"2152444830","2109996803","0.0625"
"2109996803","2154639228","0.0625"
"2154639228","2109996803","0.0625"
"2109996803","2159212869","0.0625"
"2159212869","2109996803","0.0625"
"2113545124","2136626147","0.0625"
"2136626147","2113545124","0.0625"
"2113545124","2148205923","0.354167"
"2148205923","2113545124","0.354167"
"2113545124","2152444830","0.0625"
"2152444830","2113545124","0.0625"
"2113545124","2154639228","0.3125"
"2154639228","2113545124","0.3125"
"2113545124","2159212869","0.2625"
"2159212869","2113545124","0.2625"
"2115215265","2136626147","0.0625"
"2136626147","2115215265","0.0625"
"2115215265","2148205923","0.0625"
"2148205923","2115215265","0.0625"
"2115215265","2152444830","0.0625"
"2152444830","2115215265","0.0625"
"2115215265","2159212869","0.0625"
"2159212869","2115215265","0.0625"
"2136626147","2152444830","0.0625"
"2152444830","2136626147","0.0625"
"2136626147","2154639228","0.0625"
"2154639228","2136626147","0.0625"
"2136626147","2159212869","0.0625"
"2159212869","2136626147","0.0625"
"2148205923","2154639228","0.0625"
"2154639228","2148205923","0.0625"
"2148205923","2159212869","0.0625"
"2159212869","2148205923","0.0625"
"2152444830","2154639228","0.0625"
"2154639228","2152444830","0.0625"
"2152444830","2159212869","0.0625"
"2159212869","2152444830","0.0625"
"2154639228","2159212869","0.0625"
"2159212869","2154639228","0.0625"
"1534306849","1995760065","0.2"
"1995760065","1534306849","0.2"
"1534306849","2056649465","0.2"
"2056649465","1534306849","0.2"
"1534306849","2109996803","0.2"
"2109996803","1534306849","0.2"
"1534306849","2136626147","0.2"
"2136626147","1534306849","0.2"
"2056649465","2109996803","0.2"
"2109996803","2056649465","0.2"
"2056649465","2136626147","0.2"
"2136626147","2056649465","0.2"
"104889987","2058649858","0.5"
"2058649858","104889987","0.5"
"104889987","2183885930","0.5"
"2183885930","104889987","0.5"
"2058649858","2183885930","0.5"
"2183885930","2058649858","0.5"
"109821912","1577302482","0.5"
"1577302482","109821912","0.5"
"1577302482","2074453864","1.05"
"2074453864","1577302482","1.05"
"109821912","14439443","0.0333333"
"14439443","109821912","0.0333333"
"109821912","1484492989","0.0333333"
"1484492989","109821912","0.0333333"
"109821912","1505715758","0.158333"
"1505715758","109821912","0.158333"
"109821912","1524018787","0.0333333"
"1524018787","109821912","0.0333333"
"109821912","1537755482","0.0333333"
"1537755482","109821912","0.0333333"
"109821912","1541379273","0.0333333"
"1541379273","109821912","0.0333333"
"109821912","1725878278","0.0333333"
"1725878278","109821912","0.0333333"
"109821912","1824005789","0.0333333"
"1824005789","109821912","0.0333333"
"109821912","1914448837","0.0333333"
"1914448837","109821912","0.0333333"
"109821912","1963985659","0.0333333"
"1963985659","109821912","0.0333333"
"109821912","1994536909","0.0333333"
"1994536909","109821912","0.0333333"
"109821912","2025577934","0.0333333"
"2025577934","109821912","0.0333333"
"109821912","203580956","0.0333333"
"203580956","109821912","0.0333333"
"109821912","2056649465","0.0333333"
"2056649465","109821912","0.0333333"
"109821912","2060126140","0.0333333"
"2060126140","109821912","0.0333333"
"109821912","208081251","0.0333333"
"208081251","109821912","0.0333333"
"109821912","2095185249","0.0333333"
"2095185249","109821912","0.0333333"
"109821912","2096530587","0.0333333"
"2096530587","109821912","0.0333333"
"109821912","2097226661","0.283333"
"2097226661","109821912","0.283333"
"109821912","2104609283","0.0333333"
"2104609283","109821912","0.0333333"
"109821912","2105363719","0.366667"
"2105363719","109821912","0.366667"
"109821912","2109116422","0.0333333"
"2109116422","109821912","0.0333333"
"109821912","2115077635","0.0333333"
"2115077635","109821912","0.0333333"
"109821912","2142168836","0.0333333"
"2142168836","109821912","0.0333333"
"109821912","2505256855","0.0333333"
"2505256855","109821912","0.0333333"
"109821912","2971759148","0.0333333"
"2971759148","109821912","0.0333333"
"109821912","2973185567","0.0333333"
"2973185567","109821912","0.0333333"
"14439443","1484492989","0.509524"
"1484492989","14439443","0.509524"
"14439443","1505715758","0.283333"
"1505715758","14439443","0.283333"
"14439443","1524018787","0.0333333"
"1524018787","14439443","0.0333333"
"14439443","1537755482","0.374242"
"1537755482","14439443","0.374242"
"14439443","1541379273","0.0333333"
"1541379273","14439443","0.0333333"
"14439443","1824005789","0.0333333"
"1824005789","14439443","0.0333333"
"14439443","1914448837","0.0333333"
"1914448837","14439443","0.0333333"
"14439443","1963985659","0.0333333"
"1963985659","14439443","0.0333333"
"14439443","1994536909","0.0333333"
"1994536909","14439443","0.0333333"
"14439443","2025577934","0.124242"
"2025577934","14439443","0.124242"
"14439443","2060126140","0.0333333"
"2060126140","14439443","0.0333333"
"14439443","208081251","0.374242"
"208081251","14439443","0.374242"
"14439443","2095185249","0.17619"
"2095185249","14439443","0.17619"
"14439443","2096530587","0.2"
"2096530587","14439443","0.2"
"14439443","2097226661","0.0333333"
"2097226661","14439443","0.0333333"
"14439443","2104609283","1.37424"
"2104609283","14439443","1.37424"
"14439443","2105363719","0.0333333"
"2105363719","14439443","0.0333333"
"14439443","2109116422","0.0333333"
"2109116422","14439443","0.0333333"
"14439443","2109382464","0.0333333"
"2109382464","14439443","0.0333333"
"14439443","2115077635","0.283333"
"2115077635","14439443","0.283333"
"14439443","2154639228","0.0333333"
"2154639228","14439443","0.0333333"
"14439443","2971759148","0.0333333"
"2971759148","14439443","0.0333333"
"14439443","2973185567","0.2"
"2973185567","14439443","0.2"
"1484492989","1505715758","0.491667"
"1505715758","1484492989","0.491667"
"1484492989","1524018787","0.0333333"
"1524018787","1484492989","0.0333333"
"1484492989","1537755482","0.575"
"1537755482","1484492989","0.575"
"1484492989","1541379273","0.0333333"
"1541379273","1484492989","0.0333333"
"1484492989","1725878278","0.144444"
"1725878278","1484492989","0.144444"
"1484492989","1824005789","0.0333333"
"1824005789","1484492989","0.0333333"
"1484492989","1914448837","0.0333333"
"1914448837","1484492989","0.0333333"
"1484492989","1963985659","0.0333333"
"1963985659","1484492989","0.0333333"
"1484492989","1994536909","0.158333"
"1994536909","1484492989","0.158333"
"1484492989","2025577934","0.158333"
"2025577934","1484492989","0.158333"
"1484492989","203580956","0.509524"
"203580956","1484492989","0.509524"
"1484492989","2056649465","0.366667"
"2056649465","1484492989","0.366667"
"1484492989","2060126140","0.0333333"
"2060126140","1484492989","0.0333333"
"1484492989","208081251","0.561111"
"208081251","1484492989","0.561111"
"1484492989","2096530587","0.0333333"
"2096530587","1484492989","0.0333333"
"1484492989","2097226661","0.0333333"
"2097226661","1484492989","0.0333333"
"1484492989","2104609283","0.366667"
"2104609283","1484492989","0.366667"
"1484492989","2105363719","0.0333333"
"2105363719","1484492989","0.0333333"
"1484492989","2109116422","0.0333333"
"2109116422","1484492989","0.0333333"
"1484492989","2109382464","0.0333333"
"2109382464","1484492989","0.0333333"
"1484492989","2115077635","0.0333333"
"2115077635","1484492989","0.0333333"
"1484492989","2142168836","0.394444"
"2142168836","1484492989","0.394444"
"1484492989","2505256855","0.477778"
"2505256855","1484492989","0.477778"
"1484492989","2971759148","0.17619"
"2971759148","1484492989","0.17619"
"1484492989","2973185567","0.17619"
"2973185567","1484492989","0.17619"
"1505715758","1524018787","0.0333333"
"1524018787","1505715758","0.0333333"
"1505715758","1537755482","0.575"
"1537755482","1505715758","0.575"
"1505715758","1541379273","0.233333"
"1541379273","1505715758","0.233333"
"1505715758","1725878278","0.0333333"
"1725878278","1505715758","0.0333333"
"1505715758","1824005789","0.0333333"
"1824005789","1505715758","0.0333333"
"1505715758","1914448837","0.0333333"
"1914448837","1505715758","0.0333333"
"1505715758","1963985659","0.483333"
"1963985659","1505715758","0.483333"
"1505715758","1994536909","0.158333"
"1994536909","1505715758","0.158333"
"1505715758","2025577934","0.158333"
"2025577934","1505715758","0.158333"
"1505715758","203580956","0.116667"
"203580956","1505715758","0.116667"
"1505715758","2056649465","0.0333333"
"2056649465","1505715758","0.0333333"
"1505715758","2060126140","0.0333333"
"2060126140","1505715758","0.0333333"
"1505715758","208081251","0.116667"
"208081251","1505715758","0.116667"
"1505715758","2095185249","0.0333333"
"2095185249","1505715758","0.0333333"
"1505715758","2096530587","0.0333333"
"2096530587","1505715758","0.0333333"
"1505715758","2097226661","0.0333333"
"2097226661","1505715758","0.0333333"
"1505715758","2104609283","0.0333333"
"2104609283","1505715758","0.0333333"
"1505715758","2105363719","0.0333333"
"2105363719","1505715758","0.0333333"
"1505715758","2109116422","0.0333333"
"2109116422","1505715758","0.0333333"
"1505715758","2109382464","0.533333"
"2109382464","1505715758","0.533333"
"1505715758","2115077635","0.0333333"
"2115077635","1505715758","0.0333333"
"1505715758","2115215265","0.0333333"
"2115215265","1505715758","0.0333333"
"1505715758","2142168836","0.483333"
"2142168836","1505715758","0.483333"
"1505715758","2154639228","0.2"
"2154639228","1505715758","0.2"
"1505715758","2505256855","0.483333"
"2505256855","1505715758","0.483333"
"1505715758","2971759148","1.53333"
"2971759148","1505715758","1.53333"
"1505715758","2973185567","0.0333333"
"2973185567","1505715758","0.0333333"
"1524018787","1537755482","0.0333333"
"1537755482","1524018787","0.0333333"
"1524018787","1541379273","0.0333333"
"1541379273","1524018787","0.0333333"
"1524018787","1725878278","0.0333333"
"1725878278","1524018787","0.0333333"
"1524018787","1824005789","0.366667"
"1824005789","1524018787","0.366667"
"1524018787","1914448837","0.0333333"
"1914448837","1524018787","0.0333333"
"1524018787","1963985659","0.0333333"
"1963985659","1524018787","0.0333333"
"1524018787","1994536909","0.0333333"
"1994536909","1524018787","0.0333333"
"1524018787","2025577934","0.0333333"
"2025577934","1524018787","0.0333333"
"1524018787","203580956","0.0333333"
"203580956","1524018787","0.0333333"
"1524018787","2056649465","0.0333333"
"2056649465","1524018787","0.0333333"
"1524018787","2060126140","0.0333333"
"2060126140","1524018787","0.0333333"
"1524018787","208081251","0.0333333"
"208081251","1524018787","0.0333333"
"1524018787","2095185249","0.0333333"
"2095185249","1524018787","0.0333333"
"1524018787","2096530587","0.0333333"
"2096530587","1524018787","0.0333333"
"1524018787","2097226661","0.0333333"
"2097226661","1524018787","0.0333333"
"1524018787","2104609283","0.0333333"
"2104609283","1524018787","0.0333333"
"1524018787","2105363719","0.0333333"
"2105363719","1524018787","0.0333333"
"1524018787","2109116422","0.366667"
"2109116422","1524018787","0.366667"
"1524018787","2109382464","0.0333333"
"2109382464","1524018787","0.0333333"
"1524018787","2115077635","0.0333333"
"2115077635","1524018787","0.0333333"
"1524018787","2115215265","0.0333333"
"2115215265","1524018787","0.0333333"
"1524018787","2142168836","0.0333333"
"2142168836","1524018787","0.0333333"
"1524018787","2154639228","0.0333333"
"2154639228","1524018787","0.0333333"
"1524018787","2505256855","0.0333333"
"2505256855","1524018787","0.0333333"
"1524018787","2971759148","0.0333333"
"2971759148","1524018787","0.0333333"
"1524018787","2973185567","0.0333333"
"2973185567","1524018787","0.0333333"
"1537755482","1541379273","0.0333333"
"1541379273","1537755482","0.0333333"
"1537755482","1725878278","0.124242"
"1725878278","1537755482","0.124242"
"1537755482","1824005789","0.0333333"
"1824005789","1537755482","0.0333333"
"1537755482","1914448837","0.0333333"
"1914448837","1537755482","0.0333333"
"1537755482","1963985659","0.0333333"
"1963985659","1537755482","0.0333333"
"1537755482","1994536909","0.394444"
"1994536909","1537755482","0.394444"
"1537755482","2025577934","1.44924"
"2025577934","1537755482","1.44924"
"1537755482","203580956","0.207576"
"203580956","1537755482","0.207576"
"1537755482","2056649465","0.624242"
"2056649465","1537755482","0.624242"
"1537755482","2060126140","0.0333333"
"2060126140","1537755482","0.0333333"
"1537755482","208081251","0.540909"
"208081251","1537755482","0.540909"
"1537755482","2095185249","0.0333333"
"2095185249","1537755482","0.0333333"
"1537755482","2096530587","0.0333333"
"2096530587","1537755482","0.0333333"
"1537755482","2097226661","0.0333333"
"2097226661","1537755482","0.0333333"
"1537755482","2104609283","0.324242"
"2104609283","1537755482","0.324242"
"1537755482","2105363719","0.0333333"
"2105363719","1537755482","0.0333333"
"1537755482","2109116422","0.0333333"
"2109116422","1537755482","0.0333333"
"1537755482","2109382464","0.0333333"
"2109382464","1537755482","0.0333333"
"1537755482","2115077635","0.0333333"
"2115077635","1537755482","0.0333333"
"1537755482","2115215265","1.56667"
"2115215265","1537755482","1.56667"
"1537755482","2142168836","0.0333333"
"2142168836","1537755482","0.0333333"
"1537755482","2154639228","0.2"
"2154639228","1537755482","0.2"
"1537755482","2505256855","0.0333333"
"2505256855","1537755482","0.0333333"
"1537755482","2971759148","0.0333333"
"2971759148","1537755482","0.0333333"
"1537755482","2973185567","0.0333333"
"2973185567","1537755482","0.0333333"
"1541379273","1725878278","0.0333333"
"1725878278","1541379273","0.0333333"
"1541379273","1824005789","0.0333333"
"1824005789","1541379273","0.0333333"
"1541379273","1914448837","0.0333333"
"1914448837","1541379273","0.0333333"
"1541379273","1963985659","1.06667"
"1963985659","1541379273","1.06667"
"1541379273","1994536909","0.0333333"
"1994536909","1541379273","0.0333333"
"1541379273","2025577934","0.233333"
"2025577934","1541379273","0.233333"
"1541379273","203580956","0.733333"
"203580956","1541379273","0.733333"
"1541379273","2056649465","0.233333"
"2056649465","1541379273","0.233333"
"1541379273","2060126140","0.0333333"
"2060126140","1541379273","0.0333333"
"1541379273","208081251","0.0333333"
"208081251","1541379273","0.0333333"
"1541379273","2095185249","0.0333333"
"2095185249","1541379273","0.0333333"
"1541379273","2096530587","0.2"
"2096530587","1541379273","0.2"
"1541379273","2097226661","0.0333333"
"2097226661","1541379273","0.0333333"
"1541379273","2104609283","0.0333333"
"2104609283","1541379273","0.0333333"
"1541379273","2105363719","0.2"
"2105363719","1541379273","0.2"
"1541379273","2109116422","0.0333333"
"2109116422","1541379273","0.0333333"
"1541379273","2109382464","0.0333333"
"2109382464","1541379273","0.0333333"
"1541379273","2115077635","0.0333333"
"2115077635","1541379273","0.0333333"
"1541379273","2115215265","0.2"
"2115215265","1541379273","0.2"
"1541379273","2142168836","2.23333"
"2142168836","1541379273","2.23333"
"1541379273","2154639228","0.0333333"
"2154639228","1541379273","0.0333333"
"1541379273","2505256855","1.06667"
"2505256855","1541379273","1.06667"
"1541379273","2971759148","0.0333333"
"2971759148","1541379273","0.0333333"
"1541379273","2973185567","0.2"
"2973185567","1541379273","0.2"
"1725878278","1824005789","0.0333333"
"1824005789","1725878278","0.0333333"
"1725878278","1914448837","0.0333333"
"1914448837","1725878278","0.0333333"
"1725878278","1963985659","0.0333333"
"1963985659","1725878278","0.0333333"
"1725878278","1994536909","0.0333333"
"1994536909","1725878278","0.0333333"
"1725878278","2025577934","0.124242"
"2025577934","1725878278","0.124242"
"1725878278","2060126140","0.0333333"
"2060126140","1725878278","0.0333333"
"1725878278","208081251","1.65202"
"208081251","1725878278","1.65202"
"1725878278","2095185249","1.00952"
"2095185249","1725878278","1.00952"
"1725878278","2096530587","0.533333"
"2096530587","1725878278","0.533333"
"1725878278","2097226661","0.0333333"
"2097226661","1725878278","0.0333333"
"1725878278","2104609283","0.124242"
"2104609283","1725878278","0.124242"
"1725878278","2105363719","0.0333333"
"2105363719","1725878278","0.0333333"
"1725878278","2109116422","0.0333333"
"2109116422","1725878278","0.0333333"
"1725878278","2109382464","0.0333333"
"2109382464","1725878278","0.0333333"
"1725878278","2115077635","0.0333333"
"2115077635","1725878278","0.0333333"
"1725878278","2154639228","0.0333333"
"2154639228","1725878278","0.0333333"
"1725878278","2971759148","0.0333333"
"2971759148","1725878278","0.0333333"
"1725878278","2973185567","0.533333"
"2973185567","1725878278","0.533333"
"1824005789","1914448837","0.0333333"
"1914448837","1824005789","0.0333333"
"1824005789","1963985659","0.0333333"
"1963985659","1824005789","0.0333333"
"1824005789","1994536909","0.0333333"
"1994536909","1824005789","0.0333333"
"1824005789","2025577934","0.0333333"
"2025577934","1824005789","0.0333333"
"1824005789","203580956","0.0333333"
"203580956","1824005789","0.0333333"
"1824005789","2056649465","0.0333333"
"2056649465","1824005789","0.0333333"
"1824005789","2060126140","0.0333333"
"2060126140","1824005789","0.0333333"
"1824005789","208081251","0.0333333"
"208081251","1824005789","0.0333333"
"1824005789","2095185249","0.0333333"
"2095185249","1824005789","0.0333333"
"1824005789","2096530587","0.0333333"
"2096530587","1824005789","0.0333333"
"1824005789","2097226661","0.0333333"
"2097226661","1824005789","0.0333333"
"1824005789","2104609283","0.0333333"
"2104609283","1824005789","0.0333333"
"1824005789","2105363719","0.0333333"
"2105363719","1824005789","0.0333333"
"1824005789","2109116422","0.366667"
"2109116422","1824005789","0.366667"
"1824005789","2109382464","0.0333333"
"2109382464","1824005789","0.0333333"
"1824005789","2115077635","0.0333333"
"2115077635","1824005789","0.0333333"
"1824005789","2115215265","0.0333333"
"2115215265","1824005789","0.0333333"
"1824005789","2142168836","0.0333333"
"2142168836","1824005789","0.0333333"
"1824005789","2154639228","0.0333333"
"2154639228","1824005789","0.0333333"
"1824005789","2505256855","0.0333333"
"2505256855","1824005789","0.0333333"
"1824005789","2971759148","0.0333333"
"2971759148","1824005789","0.0333333"
"1824005789","2973185567","0.0333333"
"2973185567","1824005789","0.0333333"
"1914448837","1963985659","0.0333333"
"1963985659","1914448837","0.0333333"
"1914448837","1994536909","0.0333333"
"1994536909","1914448837","0.0333333"
"1914448837","2025577934","0.0333333"
"2025577934","1914448837","0.0333333"
"1914448837","203580956","0.0333333"
"203580956","1914448837","0.0333333"
"1914448837","2056649465","0.0333333"
"2056649465","1914448837","0.0333333"
"1914448837","2060126140","0.0333333"
"2060126140","1914448837","0.0333333"
"1914448837","208081251","0.0333333"
"208081251","1914448837","0.0333333"
"1914448837","2095185249","0.0333333"
"2095185249","1914448837","0.0333333"
"1914448837","2096530587","0.0333333"
"2096530587","1914448837","0.0333333"
"1914448837","2097226661","2.53333"
"2097226661","1914448837","2.53333"
"1914448837","2104609283","0.0333333"
"2104609283","1914448837","0.0333333"
"1914448837","2105363719","0.0333333"
"2105363719","1914448837","0.0333333"
"1914448837","2109116422","0.0333333"
"2109116422","1914448837","0.0333333"
"1914448837","2109382464","0.0333333"
"2109382464","1914448837","0.0333333"
"1914448837","2115077635","0.0333333"
"2115077635","1914448837","0.0333333"
"1914448837","2115215265","0.533333"
"2115215265","1914448837","0.533333"
"1914448837","2142168836","0.0333333"
"2142168836","1914448837","0.0333333"
"1914448837","2154639228","0.0333333"
"2154639228","1914448837","0.0333333"
"1914448837","2505256855","0.0333333"
"2505256855","1914448837","0.0333333"
"1914448837","2971759148","0.0333333"
"2971759148","1914448837","0.0333333"
"1914448837","2973185567","0.0333333"
"2973185567","1914448837","0.0333333"
"1963985659","1994536909","0.0333333"
"1994536909","1963985659","0.0333333"
"1963985659","2025577934","0.0333333"
"2025577934","1963985659","0.0333333"
"1963985659","203580956","0.533333"
"203580956","1963985659","0.533333"
"1963985659","2056649465","0.0333333"
"2056649465","1963985659","0.0333333"
"1963985659","2060126140","0.0333333"
"2060126140","1963985659","0.0333333"
"1963985659","208081251","0.0333333"
"208081251","1963985659","0.0333333"
"1963985659","2095185249","0.0333333"
"2095185249","1963985659","0.0333333"
"1963985659","2096530587","0.0333333"
"2096530587","1963985659","0.0333333"
"1963985659","2097226661","0.0333333"
"2097226661","1963985659","0.0333333"
"1963985659","2104609283","0.0333333"
"2104609283","1963985659","0.0333333"
"1963985659","2105363719","0.0333333"
"2105363719","1963985659","0.0333333"
"1963985659","2109116422","0.0333333"
"2109116422","1963985659","0.0333333"
"1963985659","2109382464","0.0333333"
"2109382464","1963985659","0.0333333"
"1963985659","2115077635","0.0333333"
"2115077635","1963985659","0.0333333"
"1963985659","2115215265","0.0333333"
"2115215265","1963985659","0.0333333"
"1963985659","2142168836","0.566667"
"2142168836","1963985659","0.566667"
"1963985659","2154639228","1.53333"
"2154639228","1963985659","1.53333"
"1963985659","2505256855","1.01667"
"2505256855","1963985659","1.01667"
"1963985659","2971759148","0.0333333"
"2971759148","1963985659","0.0333333"
"1963985659","2973185567","0.0333333"
"2973185567","1963985659","0.0333333"
"1994536909","2025577934","0.158333"
"2025577934","1994536909","0.158333"
"1994536909","203580956","0.0333333"
"203580956","1994536909","0.0333333"
"1994536909","2056649465","0.0333333"
"2056649465","1994536909","0.0333333"
"1994536909","2060126140","0.0333333"
"2060126140","1994536909","0.0333333"
"1994536909","208081251","0.0333333"
"208081251","1994536909","0.0333333"
"1994536909","2095185249","0.0333333"
"2095185249","1994536909","0.0333333"
"1994536909","2096530587","0.0333333"
"2096530587","1994536909","0.0333333"
"1994536909","2097226661","0.0333333"
"2097226661","1994536909","0.0333333"
"1994536909","2104609283","0.0333333"
"2104609283","1994536909","0.0333333"
"1994536909","2105363719","0.0333333"
"2105363719","1994536909","0.0333333"
"1994536909","2109116422","0.0333333"
"2109116422","1994536909","0.0333333"
"1994536909","2109382464","0.0333333"
"2109382464","1994536909","0.0333333"
"1994536909","2115077635","0.0333333"
"2115077635","1994536909","0.0333333"
"1994536909","2115215265","0.0333333"
"2115215265","1994536909","0.0333333"
"1994536909","2142168836","0.0333333"
"2142168836","1994536909","0.0333333"
"1994536909","2154639228","0.0333333"
"2154639228","1994536909","0.0333333"
"1994536909","2505256855","0.0333333"
"2505256855","1994536909","0.0333333"
"1994536909","2971759148","0.0333333"
"2971759148","1994536909","0.0333333"
"1994536909","2973185567","0.0333333"
"2973185567","1994536909","0.0333333"
"2025577934","203580956","0.324242"
"203580956","2025577934","0.324242"
"2025577934","2056649465","0.324242"
"2056649465","2025577934","0.324242"
"2025577934","2060126140","0.0333333"
"2060126140","2025577934","0.0333333"
"2025577934","208081251","0.124242"
"208081251","2025577934","0.124242"
"2025577934","2095185249","0.533333"
"2095185249","2025577934","0.533333"
"2025577934","2096530587","0.283333"
"2096530587","2025577934","0.283333"
"2025577934","2097226661","0.0333333"
"2097226661","2025577934","0.0333333"
"2025577934","2104609283","0.374242"
"2104609283","2025577934","0.374242"
"2025577934","2105363719","0.533333"
"2105363719","2025577934","0.533333"
"2025577934","2109116422","0.0333333"
"2109116422","2025577934","0.0333333"
"2025577934","2109382464","0.0333333"
"2109382464","2025577934","0.0333333"
"2025577934","2115077635","0.0333333"
"2115077635","2025577934","0.0333333"
"2025577934","2115215265","1.53333"
