"124566997","2149441410","1"
"2149441410","124566997","1"
"124566997","1733944366","3.43333"
"1733944366","124566997","3.43333"
"124566997","1798413934","0.433333"
"1798413934","124566997","0.433333"
"124566997","37705796","0.433333"
"37705796","124566997","0.433333"
"1733944366","1798413934","0.524242"
"1798413934","1733944366","0.524242"
"1733944366","37705796","0.857576"
"37705796","1733944366","0.857576"
"1798413934","37705796","1.89924"
"37705796","1798413934","1.89924"
"124566997","1495289840","0.1"
"1495289840","124566997","0.1"
"124566997","1565866345","0.1"
"1565866345","124566997","0.1"
"124566997","1793325710","0.1"
"1793325710","124566997","0.1"
"124566997","2019887239","0.1"
"2019887239","124566997","0.1"
"124566997","2106384298","0.1"
"2106384298","124566997","0.1"
"124566997","2176731732","0.1"
"2176731732","124566997","0.1"
"124566997","67849966","0.1"
"67849966","124566997","0.1"
"1495289840","1565866345","0.211111"
"1565866345","1495289840","0.211111"
"1495289840","1733944366","0.433333"
"1733944366","1495289840","0.433333"
"1495289840","1793325710","0.211111"
"1793325710","1495289840","0.211111"
"1495289840","1798413934","0.211111"
"1798413934","1495289840","0.211111"
"1495289840","2019887239","0.433333"
"2019887239","1495289840","0.433333"
"1495289840","2106384298","1.21111"
"2106384298","1495289840","1.21111"
"1495289840","2176731732","0.1"
"2176731732","1495289840","0.1"
"1495289840","37705796","0.1"
"37705796","1495289840","0.1"
"1495289840","67849966","1.04444"
"67849966","1495289840","1.04444"
"1565866345","1733944366","0.1"
"1733944366","1565866345","0.1"
"1565866345","1793325710","11.5028"
"1793325710","1565866345","11.5028"
"1565866345","1798413934","1.33611"
"1798413934","1565866345","1.33611"
"1565866345","2019887239","0.6"
"2019887239","1565866345","0.6"
"1565866345","2106384298","1.00278"
"2106384298","1565866345","1.00278"
"1565866345","2176731732","0.1"
"2176731732","1565866345","0.1"
"1565866345","37705796","0.725"
"37705796","1565866345","0.725"
"1565866345","67849966","0.877778"
"67849966","1565866345","0.877778"
"1733944366","1793325710","0.1"
"1793325710","1733944366","0.1"
"1733944366","2019887239","2.19091"
"2019887239","1733944366","2.19091"
"1733944366","2106384298","0.1"
"2106384298","1733944366","0.1"
"1733944366","2176731732","0.190909"
"2176731732","1733944366","0.190909"
"1733944366","67849966","0.440909"
"67849966","1733944366","0.440909"
"1793325710","1798413934","1.00278"
"1798413934","1793325710","1.00278"
"1793325710","2019887239","0.6"
"2019887239","1793325710","0.6"
"1793325710","2106384298","0.669444"
"2106384298","1793325710","0.669444"
"1793325710","2176731732","0.1"
"2176731732","1793325710","0.1"
"1793325710","37705796","0.725"
"37705796","1793325710","0.725"
"1793325710","67849966","0.877778"
"67849966","1793325710","0.877778"
"1798413934","2019887239","0.190909"
"2019887239","1798413934","0.190909"
"1798413934","2106384298","3.16944"
"2106384298","1798413934","3.16944"
"1798413934","2176731732","0.940909"
"2176731732","1798413934","0.940909"
"1798413934","67849966","1.46869"
"67849966","1798413934","1.46869"
"2019887239","2106384298","0.1"
"2106384298","2019887239","0.1"
"2019887239","2176731732","0.190909"
"2176731732","2019887239","0.190909"
"2019887239","37705796","0.524242"
"37705796","2019887239","0.524242"
"2019887239","67849966","0.774242"
"67849966","2019887239","0.774242"
"2106384298","2176731732","0.85"
"2176731732","2106384298","0.85"
"2106384298","37705796","0.475"
"37705796","2106384298","0.475"
"2106384298","67849966","0.211111"
"67849966","2106384298","0.211111"
"2176731732","37705796","0.440909"
"37705796","2176731732","0.440909"
"2176731732","67849966","0.190909"
"67849966","2176731732","0.190909"
"37705796","67849966","0.190909"
"67849966","37705796","0.190909"
"1495289840","1516265878","0.333333"
"1516265878","1495289840","0.333333"
"1516265878","1733944366","1.50758"
"1733944366","1516265878","1.50758"
"1516265878","2019887239","7.50758"
"2019887239","1516265878","7.50758"
"1495289840","2149441410","0.5"
"2149441410","1495289840","0.5"
"2149441410","67849966","0.590909"
"67849966","2149441410","0.590909"
"1495289840","1761250868","0.444444"
"1761250868","1495289840","0.444444"
"1495289840","1806335491","0.444444"
"1806335491","1495289840","0.444444"
"1761250868","1806335491","10.2854"
"1806335491","1761250868","10.2854"
"1761250868","67849966","4.28535"
"67849966","1761250868","4.28535"
"1806335491","67849966","4.28535"
"67849966","1806335491","4.28535"
"1495289840","2084742446","0.111111"
"2084742446","1495289840","0.111111"
"1495289840","2157081946","1.11111"
"2157081946","1495289840","1.11111"
"1565866345","1761250868","0.402778"
"1761250868","1565866345","0.402778"
"1565866345","1806335491","0.611111"
"1806335491","1565866345","0.611111"
"1565866345","2084742446","0.569444"
"2084742446","1565866345","0.569444"
"1565866345","2157081946","0.277778"
"2157081946","1565866345","0.277778"
"1761250868","1793325710","0.402778"
"1793325710","1761250868","0.402778"
"1761250868","1798413934","0.743687"
"1798413934","1761250868","0.743687"
"1761250868","2084742446","0.236111"
"2084742446","1761250868","0.236111"
"1761250868","2106384298","0.486111"
"2106384298","1761250868","0.486111"
"1761250868","2157081946","0.368687"
"2157081946","1761250868","0.368687"
"1793325710","1806335491","0.277778"
"1806335491","1793325710","0.277778"
"1793325710","2084742446","0.569444"
"2084742446","1793325710","0.569444"
"1793325710","2157081946","0.277778"
"2157081946","1793325710","0.277778"
"1798413934","1806335491","0.95202"
"1806335491","1798413934","0.95202"
"1798413934","2084742446","0.236111"
"2084742446","1798413934","0.236111"
"1798413934","2157081946","0.868687"
"2157081946","1798413934","0.868687"
"1806335491","2084742446","0.111111"
"2084742446","1806335491","0.111111"
"1806335491","2106384298","0.694444"
"2106384298","1806335491","0.694444"
"1806335491","2157081946","0.368687"
"2157081946","1806335491","0.368687"
"2084742446","2106384298","0.569444"
"2106384298","2084742446","0.569444"
"2084742446","2157081946","0.111111"
"2157081946","2084742446","0.111111"
"2084742446","67849966","0.111111"
"67849966","2084742446","0.111111"
"2106384298","2157081946","1.61111"
"2157081946","2106384298","1.61111"
"2157081946","67849966","0.368687"
"67849966","2157081946","0.368687"
"1516265878","37705796","0.424242"
"37705796","1516265878","0.424242"
"1516265878","1761250868","1.09091"
"1761250868","1516265878","1.09091"
"1516265878","1806335491","1.09091"
"1806335491","1516265878","1.09091"
"1733944366","1761250868","0.590909"
"1761250868","1733944366","0.590909"
"1733944366","1806335491","0.590909"
"1806335491","1733944366","0.590909"
"1761250868","2019887239","0.924242"
"2019887239","1761250868","0.924242"
"1806335491","2019887239","0.924242"
"2019887239","1806335491","0.924242"
"1516265878","1576888350","0.0909091"
"1576888350","1516265878","0.0909091"
"1516265878","1798413934","1.34091"
"1798413934","1516265878","1.34091"
"1516265878","2149441410","0.0909091"
"2149441410","1516265878","0.0909091"
"1516265878","2157081946","0.0909091"
"2157081946","1516265878","0.0909091"
"1516265878","2176731732","0.0909091"
"2176731732","1516265878","0.0909091"
"1516265878","67849966","0.0909091"
"67849966","1516265878","0.0909091"
"1576888350","1733944366","0.424242"
"1733944366","1576888350","0.424242"
"1576888350","1761250868","0.0909091"
"1761250868","1576888350","0.0909091"
"1576888350","1798413934","0.0909091"
"1798413934","1576888350","0.0909091"
"1576888350","1806335491","0.0909091"
"1806335491","1576888350","0.0909091"
"1576888350","2019887239","0.424242"
"2019887239","1576888350","0.424242"
"1576888350","2149441410","10.9242"
"2149441410","1576888350","10.9242"
"1576888350","2157081946","0.0909091"
"2157081946","1576888350","0.0909091"
"1576888350","2176731732","0.0909091"
"2176731732","1576888350","0.0909091"
"1576888350","37705796","0.0909091"
"37705796","1576888350","0.0909091"
"1576888350","67849966","0.0909091"
"67849966","1576888350","0.0909091"
"1733944366","2149441410","0.424242"
"2149441410","1733944366","0.424242"
"1733944366","2157081946","0.0909091"
"2157081946","1733944366","0.0909091"
"1761250868","2149441410","0.0909091"
"2149441410","1761250868","0.0909091"
"1761250868","2176731732","0.0909091"
"2176731732","1761250868","0.0909091"
"1761250868","37705796","0.215909"
"37705796","1761250868","0.215909"
"1798413934","2149441410","0.0909091"
"2149441410","1798413934","0.0909091"
"1806335491","2149441410","0.0909091"
"2149441410","1806335491","0.0909091"
"1806335491","2176731732","0.0909091"
"2176731732","1806335491","0.0909091"
"1806335491","37705796","0.0909091"
"37705796","1806335491","0.0909091"
"2019887239","2149441410","1.42424"
"2149441410","2019887239","1.42424"
"2019887239","2157081946","0.0909091"
"2157081946","2019887239","0.0909091"
"2149441410","2157081946","0.0909091"
"2157081946","2149441410","0.0909091"
"2149441410","2176731732","1.09091"
"2176731732","2149441410","1.09091"
"2149441410","37705796","0.0909091"
"37705796","2149441410","0.0909091"
"2157081946","2176731732","0.0909091"
"2176731732","2157081946","0.0909091"
"2157081946","37705796","0.0909091"
"37705796","2157081946","0.0909091"
"1516265878","2106384298","0.25"
"2106384298","1516265878","0.25"
"1565866345","1920165913","0.791667"
"1920165913","1565866345","0.791667"
"1565866345","2075911836","0.791667"
"2075911836","1565866345","0.791667"
"1793325710","1920165913","0.791667"
"1920165913","1793325710","0.791667"
"1793325710","2075911836","0.791667"
"2075911836","1793325710","0.791667"
"1920165913","2075911836","14.7917"
"2075911836","1920165913","14.7917"
"1761250868","1920165913","0.125"
"1920165913","1761250868","0.125"
"1761250868","2075911836","0.125"
"2075911836","1761250868","0.125"
"1798413934","1920165913","0.125"
"1920165913","1798413934","0.125"
"1798413934","2075911836","0.125"
"2075911836","1798413934","0.125"
"1920165913","2084742446","0.125"
"2084742446","1920165913","0.125"
"1920165913","2106384298","0.125"
"2106384298","1920165913","0.125"
"1920165913","37705796","0.125"
"37705796","1920165913","0.125"
"2075911836","2084742446","0.125"
"2084742446","2075911836","0.125"
"2075911836","2106384298","0.125"
"2106384298","2075911836","0.125"
"2075911836","37705796","0.125"
"37705796","2075911836","0.125"
"2084742446","37705796","0.125"
"37705796","2084742446","0.125"
"1576888350","60881392","0.5"
"60881392","1576888350","0.5"
"2149441410","60881392","0.5"
"60881392","2149441410","0.5"
"1798413934","60881392","0.25"
"60881392","1798413934","0.25"
"2106384298","60881392","0.25"
"60881392","2106384298","0.25"
"2176731732","60881392","5.25"
"60881392","2176731732","5.25"
"37705796","60881392","0.25"
"60881392","37705796","0.25"
