"1487359213","1966820659","8.39444"
"1966820659","1487359213","8.39444"
"1487359213","2050383980","1.69444"
"2050383980","1487359213","1.69444"
"1966820659","2050383980","7.94444"
"2050383980","1966820659","7.94444"
"1487359213","179821368","0.111111"
"179821368","1487359213","0.111111"
"1487359213","182980531","0.561111"
"182980531","1487359213","0.561111"
"1487359213","1966246813","0.311111"
"1966246813","1487359213","0.311111"
"1487359213","2064131882","0.311111"
"2064131882","1487359213","0.311111"
"1487359213","2075753387","0.111111"
"2075753387","1487359213","0.111111"
"1487359213","2086956503","0.111111"
"2086956503","1487359213","0.111111"
"1487359213","2479025957","0.111111"
"2479025957","1487359213","0.111111"
"179821368","182980531","0.611111"
"182980531","179821368","0.611111"
"179821368","1966246813","0.111111"
"1966246813","179821368","0.111111"
"179821368","1966820659","0.611111"
"1966820659","179821368","0.611111"
"179821368","2050383980","0.20202"
"2050383980","179821368","0.20202"
"179821368","2064131882","0.111111"
"2064131882","179821368","0.111111"
"179821368","2075753387","0.111111"
"2075753387","179821368","0.111111"
"179821368","2086956503","0.20202"
"2086956503","179821368","0.20202"
"179821368","2479025957","0.20202"
"2479025957","179821368","0.20202"
"182980531","1966246813","1.56111"
"1966246813","182980531","1.56111"
"182980531","1966820659","4.56111"
"1966820659","182980531","4.56111"
"182980531","2050383980","2.61111"
"2050383980","182980531","2.61111"
"182980531","2064131882","1.56111"
"2064131882","182980531","1.56111"
"182980531","2075753387","0.111111"
"2075753387","182980531","0.111111"
"182980531","2086956503","0.111111"
"2086956503","182980531","0.111111"
"182980531","2479025957","0.361111"
"2479025957","182980531","0.361111"
"1966246813","1966820659","0.894444"
"1966820659","1966246813","0.894444"
"1966246813","2050383980","0.111111"
"2050383980","1966246813","0.111111"
"1966246813","2064131882","12.0611"
"2064131882","1966246813","12.0611"
"1966246813","2075753387","1.11111"
"2075753387","1966246813","1.11111"
"1966246813","2086956503","0.111111"
"2086956503","1966246813","0.111111"
"1966246813","2479025957","0.944444"
"2479025957","1966246813","0.944444"
"1966820659","2064131882","0.894444"
"2064131882","1966820659","0.894444"
"1966820659","2075753387","0.111111"
"2075753387","1966820659","0.111111"
"1966820659","2086956503","0.111111"
"2086956503","1966820659","0.111111"
"1966820659","2479025957","0.361111"
"2479025957","1966820659","0.361111"
"2050383980","2064131882","0.861111"
"2064131882","2050383980","0.861111"
"2050383980","2075753387","0.111111"
"2075753387","2050383980","0.111111"
"2050383980","2086956503","0.20202"
"2086956503","2050383980","0.20202"
"2050383980","2479025957","0.45202"
"2479025957","2050383980","0.45202"
"2064131882","2075753387","3.44444"
"2075753387","2064131882","3.44444"
"2064131882","2086956503","0.111111"
"2086956503","2064131882","0.111111"
"2064131882","2479025957","0.944444"
"2479025957","2064131882","0.944444"
"2075753387","2086956503","0.111111"
"2086956503","2075753387","0.111111"
"2075753387","2479025957","0.111111"
"2479025957","2075753387","0.111111"
"2086956503","2479025957","0.20202"
"2479025957","2086956503","0.20202"
"1487359213","2969259031","0.25"
"2969259031","1487359213","0.25"
"182980531","2969259031","0.5"
"2969259031","182980531","0.5"
"1966820659","2969259031","2.5"
"2969259031","1966820659","2.5"
"2050383980","2969259031","13.25"
"2969259031","2050383980","13.25"
"1487359213","2394629470","0.5"
"2394629470","1487359213","0.5"
"1966820659","2394629470","0.5"
"2394629470","1966820659","0.5"
"1487359213","1961634645","0.2"
"1961634645","1487359213","0.2"
"182980531","1961634645","0.2"
"1961634645","182980531","0.2"
"1961634645","1966246813","0.2"
"1966246813","1961634645","0.2"
"1961634645","1966820659","0.2"
"1966820659","1961634645","0.2"
"1961634645","2064131882","0.2"
"2064131882","1961634645","0.2"
"1487359213","1587128425","0.333333"
"1587128425","1487359213","0.333333"
"1587128425","1966820659","0.333333"
"1966820659","1587128425","0.333333"
"1587128425","2050383980","0.333333"
"2050383980","1587128425","0.333333"
"1521998406","2043694512","0.75"
"2043694512","1521998406","0.75"
"1521998406","2185917119","2.6"
"2185917119","1521998406","2.6"
"2043694512","2185917119","0.5"
"2185917119","2043694512","0.5"
"1521998406","1734178338","2.25"
"1734178338","1521998406","2.25"
"1521998406","2047623587","0.6"
"2047623587","1521998406","0.6"
"1734178338","2047623587","1.5"
"2047623587","1734178338","1.5"
"1521998406","2115045424","0.5"
"2115045424","1521998406","0.5"
"2115045424","2185917119","0.5"
"2185917119","2115045424","0.5"
"1521998406","2732506023","0.690909"
"2732506023","1521998406","0.690909"
"1734178338","2732506023","0.5"
"2732506023","1734178338","0.5"
"1521998406","1966246813","0.333333"
"1966246813","1521998406","0.333333"
"1521998406","1966820659","0.333333"
"1966820659","1521998406","0.333333"
"1521998406","2064131882","0.583333"
"2064131882","1521998406","0.583333"
"1521998406","1541210889","1"
"1541210889","1521998406","1"
"1521998406","1981965013","1.34091"
"1981965013","1521998406","1.34091"
"1521998406","2034893256","0.340909"
"2034893256","1521998406","0.340909"
"1521998406","2337630312","0.25"
"2337630312","1521998406","0.25"
"1734178338","1981965013","0.25"
"1981965013","1734178338","0.25"
"1734178338","2034893256","0.45"
"2034893256","1734178338","0.45"
"1734178338","2337630312","0.25"
"2337630312","1734178338","0.25"
"1981965013","2034893256","0.340909"
"2034893256","1981965013","0.340909"
"1981965013","2337630312","0.25"
"2337630312","1981965013","0.25"
"2034893256","2337630312","1.25"
"2337630312","2034893256","1.25"
"1521998406","179821368","1.59091"
"179821368","1521998406","1.59091"
"1521998406","1967528915","0.5"
"1967528915","1521998406","0.5"
"179821368","1967528915","0.5"
"1967528915","179821368","0.5"
"1521998406","2014782314","0.190909"
"2014782314","1521998406","0.190909"
"1521998406","2050383980","0.340909"
"2050383980","1521998406","0.340909"
"1521998406","2086956503","0.190909"
"2086956503","1521998406","0.190909"
"1521998406","2155157906","0.0909091"
"2155157906","1521998406","0.0909091"
"1521998406","2394629470","0.190909"
"2394629470","1521998406","0.190909"
"1521998406","2479025957","0.590909"
"2479025957","1521998406","0.590909"
"1521998406","2660629940","0.0909091"
"2660629940","1521998406","0.0909091"
"179821368","1981965013","0.0909091"
"1981965013","179821368","0.0909091"
"179821368","2014782314","0.0909091"
"2014782314","179821368","0.0909091"
"179821368","2034893256","0.590909"
"2034893256","179821368","0.590909"
"179821368","2155157906","0.0909091"
"2155157906","179821368","0.0909091"
"179821368","2394629470","0.0909091"
"2394629470","179821368","0.0909091"
"179821368","2660629940","0.0909091"
"2660629940","179821368","0.0909091"
"179821368","2732506023","0.0909091"
"2732506023","179821368","0.0909091"
"1981965013","2014782314","0.340909"
"2014782314","1981965013","0.340909"
"1981965013","2050383980","0.0909091"
"2050383980","1981965013","0.0909091"
"1981965013","2086956503","0.340909"
"2086956503","1981965013","0.340909"
"1981965013","2155157906","0.0909091"
"2155157906","1981965013","0.0909091"
"1981965013","2394629470","0.340909"
"2394629470","1981965013","0.340909"
"1981965013","2479025957","0.0909091"
"2479025957","1981965013","0.0909091"
"1981965013","2660629940","0.0909091"
"2660629940","1981965013","0.0909091"
"1981965013","2732506023","0.0909091"
"2732506023","1981965013","0.0909091"
"2014782314","2034893256","1.09091"
"2034893256","2014782314","1.09091"
"2014782314","2050383980","0.0909091"
"2050383980","2014782314","0.0909091"
"2014782314","2086956503","0.440909"
"2086956503","2014782314","0.440909"
"2014782314","2155157906","0.0909091"
"2155157906","2014782314","0.0909091"
"2014782314","2394629470","1.44091"
"2394629470","2014782314","1.44091"
"2014782314","2479025957","0.0909091"
"2479025957","2014782314","0.0909091"
"2014782314","2660629940","0.0909091"
"2660629940","2014782314","0.0909091"
"2014782314","2732506023","0.190909"
"2732506023","2014782314","0.190909"
"2034893256","2050383980","1.09091"
"2050383980","2034893256","1.09091"
"2034893256","2086956503","0.0909091"
"2086956503","2034893256","0.0909091"
"2034893256","2155157906","0.0909091"
"2155157906","2034893256","0.0909091"
"2034893256","2394629470","0.0909091"
"2394629470","2034893256","0.0909091"
"2034893256","2479025957","0.0909091"
"2479025957","2034893256","0.0909091"
"2034893256","2660629940","0.0909091"
"2660629940","2034893256","0.0909091"
"2034893256","2732506023","0.0909091"
"2732506023","2034893256","0.0909091"
"2050383980","2155157906","0.0909091"
"2155157906","2050383980","0.0909091"
"2050383980","2394629470","0.0909091"
"2394629470","2050383980","0.0909091"
"2050383980","2660629940","0.0909091"
"2660629940","2050383980","0.0909091"
"2050383980","2732506023","0.0909091"
"2732506023","2050383980","0.0909091"
"2086956503","2155157906","1.09091"
"2155157906","2086956503","1.09091"
"2086956503","2394629470","2.19091"
"2394629470","2086956503","2.19091"
"2086956503","2660629940","0.0909091"
"2660629940","2086956503","0.0909091"
"2086956503","2732506023","0.190909"
"2732506023","2086956503","0.190909"
"2155157906","2394629470","0.0909091"
"2394629470","2155157906","0.0909091"
"2155157906","2479025957","0.0909091"
"2479025957","2155157906","0.0909091"
"2155157906","2660629940","0.0909091"
"2660629940","2155157906","0.0909091"
"2155157906","2732506023","0.233766"
"2732506023","2155157906","0.233766"
"2394629470","2479025957","0.0909091"
"2479025957","2394629470","0.0909091"
"2394629470","2660629940","0.0909091"
"2660629940","2394629470","0.0909091"
"2394629470","2732506023","0.190909"
"2732506023","2394629470","0.190909"
"2479025957","2660629940","0.0909091"
"2660629940","2479025957","0.0909091"
"2479025957","2732506023","0.0909091"
"2732506023","2479025957","0.0909091"
"2660629940","2732506023","0.0909091"
"2732506023","2660629940","0.0909091"
"2185917119","2479025957","0.833333"
"2479025957","2185917119","0.833333"
"1521998406","1998995270","0.1"
"1998995270","1521998406","0.1"
"1521998406","2014858229","0.1"
"2014858229","1521998406","0.1"
"1521998406","2034642401","0.1"
"2034642401","1521998406","0.1"
"1521998406","2133376239","0.1"
"2133376239","1521998406","0.1"
"1998995270","2014782314","0.1"
"2014782314","1998995270","0.1"
"1998995270","2014858229","0.433333"
"2014858229","1998995270","0.433333"
"1998995270","2034642401","0.1"
"2034642401","1998995270","0.1"
"1998995270","2047623587","0.1"
"2047623587","1998995270","0.1"
"1998995270","2086956503","0.6"
"2086956503","1998995270","0.6"
"1998995270","2133376239","0.433333"
"2133376239","1998995270","0.433333"
"1998995270","2185917119","0.1"
"2185917119","1998995270","0.1"
"1998995270","2394629470","0.6"
"2394629470","1998995270","0.6"
"1998995270","2732506023","0.1"
"2732506023","1998995270","0.1"
"2014782314","2014858229","0.1"
"2014858229","2014782314","0.1"
"2014782314","2034642401","0.35"
"2034642401","2014782314","0.35"
"2014782314","2047623587","0.1"
"2047623587","2014782314","0.1"
"2014782314","2133376239","0.1"
"2133376239","2014782314","0.1"
"2014782314","2185917119","0.1"
"2185917119","2014782314","0.1"
"2014858229","2034642401","0.1"
"2034642401","2014858229","0.1"
"2014858229","2047623587","0.85"
"2047623587","2014858229","0.85"
"2014858229","2086956503","0.1"
"2086956503","2014858229","0.1"
"2014858229","2133376239","4.71667"
"2133376239","2014858229","4.71667"
"2014858229","2185917119","0.1"
"2185917119","2014858229","0.1"
"2014858229","2394629470","0.35"
"2394629470","2014858229","0.35"
"2014858229","2732506023","0.1"
"2732506023","2014858229","0.1"
"2034642401","2047623587","0.6"
"2047623587","2034642401","0.6"
"2034642401","2086956503","1.1"
"2086956503","2034642401","1.1"
"2034642401","2133376239","0.35"
"2133376239","2034642401","0.35"
"2034642401","2185917119","0.35"
"2185917119","2034642401","0.35"
"2034642401","2394629470","0.6"
"2394629470","2034642401","0.6"
"2034642401","2732506023","0.1"
"2732506023","2034642401","0.1"
"2047623587","2086956503","0.6"
"2086956503","2047623587","0.6"
"2047623587","2133376239","0.85"
"2133376239","2047623587","0.85"
"2047623587","2185917119","0.1"
"2185917119","2047623587","0.1"
"2047623587","2394629470","0.35"
"2394629470","2047623587","0.35"
"2047623587","2732506023","0.1"
"2732506023","2047623587","0.1"
"2086956503","2133376239","0.35"
"2133376239","2086956503","0.35"
"2086956503","2185917119","0.35"
"2185917119","2086956503","0.35"
"2133376239","2185917119","0.35"
"2185917119","2133376239","0.35"
"2133376239","2394629470","0.6"
"2394629470","2133376239","0.6"
"2133376239","2732506023","0.1"
"2732506023","2133376239","0.1"
"2185917119","2394629470","0.35"
"2394629470","2185917119","0.35"
"2185917119","2732506023","1.1"
"2732506023","2185917119","1.1"
"1521998406","2969259031","0.25"
"2969259031","1521998406","0.25"
"2043694512","2050383980","0.25"
"2050383980","2043694512","0.25"
"2043694512","2064131882","0.5"
"2064131882","2043694512","0.5"
"2043694512","2969259031","0.25"
"2969259031","2043694512","0.25"
"2064131882","2969259031","0.75"
"2969259031","2064131882","0.75"
"1544742915","2479025957","1"
"2479025957","1544742915","1"
"1587128425","1966246813","0.333333"
"1966246813","1587128425","0.333333"
"1587128425","2064131882","0.333333"
"2064131882","1587128425","0.333333"
"1587128425","2126860176","0.333333"
"2126860176","1587128425","0.333333"
"1966246813","2126860176","0.333333"
"2126860176","1966246813","0.333333"
"2064131882","2126860176","0.333333"
"2126860176","2064131882","0.333333"
"1734178338","2917744131","1"
"2917744131","1734178338","1"
"1734178338","2005783023","0.2"
"2005783023","1734178338","0.2"
"1734178338","2007443350","1.2"
"2007443350","1734178338","1.2"
"1734178338","2014858229","0.2"
"2014858229","1734178338","0.2"
"1734178338","2133376239","0.2"
"2133376239","1734178338","0.2"
"2005783023","2007443350","3.36667"
"2007443350","2005783023","3.36667"
"2005783023","2014858229","0.866667"
"2014858229","2005783023","0.866667"
"2005783023","2034893256","0.2"
"2034893256","2005783023","0.2"
"2005783023","2133376239","1.03333"
"2133376239","2005783023","1.03333"
"2007443350","2014858229","1.45"
"2014858229","2007443350","1.45"
"2007443350","2034893256","0.7"
"2034893256","2007443350","0.7"
"2007443350","2133376239","1.61667"
"2133376239","2007443350","1.61667"
"2014858229","2034893256","1.2"
"2034893256","2014858229","1.2"
"2034893256","2133376239","0.2"
"2133376239","2034893256","0.2"
"179821368","2007443350","0.5"
"2007443350","179821368","0.5"
"182980531","2043694512","1.25"
"2043694512","182980531","1.25"
"1966246813","2043694512","0.25"
"2043694512","1966246813","0.25"
"1966820659","2043694512","0.25"
"2043694512","1966820659","0.25"
"2479025957","2969259031","0.25"
"2969259031","2479025957","0.25"
"1961634645","2042656399","1"
"2042656399","1961634645","1"
"1966246813","2185917119","0.333333"
"2185917119","1966246813","0.333333"
"2064131882","2185917119","0.333333"
"2185917119","2064131882","0.333333"
"1967528915","2042656399","3"
"2042656399","1967528915","3"
"1967528915","2014858229","2"
"2014858229","1967528915","2"
"1980388712","2913848260","0.825"
"2913848260","1980388712","0.825"
"1980388712","2940967687","0.825"
"2940967687","1980388712","0.825"
"2913848260","2940967687","2.35833"
"2940967687","2913848260","2.35833"
"1980388712","2665254792","4.825"
"2665254792","1980388712","4.825"
"1980388712","2732506023","1.84286"
"2732506023","1980388712","1.84286"
"1980388712","2767211034","0.2"
"2767211034","1980388712","0.2"
"2665254792","2732506023","0.7"
"2732506023","2665254792","0.7"
"2665254792","2767211034","0.533333"
"2767211034","2665254792","0.533333"
"2665254792","2913848260","3.35833"
"2913848260","2665254792","3.35833"
"2665254792","2940967687","2.85833"
"2940967687","2665254792","2.85833"
"2732506023","2767211034","1.2"
"2767211034","2732506023","1.2"
"2732506023","2913848260","0.2"
"2913848260","2732506023","0.2"
"2732506023","2940967687","0.2"
"2940967687","2732506023","0.2"
"2767211034","2913848260","0.533333"
"2913848260","2767211034","0.533333"
"2767211034","2940967687","4.03333"
"2940967687","2767211034","4.03333"
"1980388712","2155157906","0.267857"
"2155157906","1980388712","0.267857"
"1980388712","2761680260","0.142857"
"2761680260","1980388712","0.142857"
"1980388712","2941624748","0.142857"
"2941624748","1980388712","0.142857"
"1980388712","2951486999","0.142857"
"2951486999","1980388712","0.142857"
"1980388712","2955469239","0.142857"
"2955469239","1980388712","0.142857"
"1980388712","3010957017","0.142857"
"3010957017","1980388712","0.142857"
"2155157906","2761680260","0.142857"
"2761680260","2155157906","0.142857"
"2155157906","2941624748","0.142857"
"2941624748","2155157906","0.142857"
"2155157906","2951486999","0.142857"
"2951486999","2155157906","0.142857"
"2155157906","2955469239","0.142857"
"2955469239","2155157906","0.142857"
"2155157906","3010957017","0.142857"
"3010957017","2155157906","0.142857"
"2732506023","2761680260","0.142857"
"2761680260","2732506023","0.142857"
"2732506023","2941624748","2.14286"
"2941624748","2732506023","2.14286"
"2732506023","2951486999","0.142857"
"2951486999","2732506023","0.142857"
"2732506023","2955469239","0.142857"
"2955469239","2732506023","0.142857"
"2732506023","3010957017","0.142857"
"3010957017","2732506023","0.142857"
"2761680260","2941624748","0.142857"
"2941624748","2761680260","0.142857"
"2761680260","2951486999","0.142857"
"2951486999","2761680260","0.142857"
"2761680260","2955469239","0.142857"
"2955469239","2761680260","0.142857"
"2761680260","3010957017","5.61905"
"3010957017","2761680260","5.61905"
"2941624748","2951486999","3.45238"
"2951486999","2941624748","3.45238"
"2941624748","2955469239","7.27738"
"2955469239","2941624748","7.27738"
"2941624748","3010957017","2.03571"
"3010957017","2941624748","2.03571"
"2951486999","2955469239","2.28571"
"2955469239","2951486999","2.28571"
"2951486999","3010957017","1.28571"
"3010957017","2951486999","1.28571"
"2955469239","3010957017","1.95238"
"3010957017","2955469239","1.95238"
"1980388712","2168568775","0.125"
"2168568775","1980388712","0.125"
"1980388712","2276995168","0.125"
"2276995168","1980388712","0.125"
"1980388712","2340348342","0.125"
"2340348342","1980388712","0.125"
"1980388712","2765861025","0.125"
"2765861025","1980388712","0.125"
"2155157906","2168568775","0.625"
"2168568775","2155157906","0.625"
"2155157906","2276995168","0.125"
"2276995168","2155157906","0.125"
"2155157906","2340348342","0.125"
"2340348342","2155157906","0.125"
"2155157906","2665254792","0.125"
"2665254792","2155157906","0.125"
"2155157906","2765861025","0.125"
"2765861025","2155157906","0.125"
"2155157906","2913848260","0.125"
"2913848260","2155157906","0.125"
"2155157906","2940967687","0.125"
"2940967687","2155157906","0.125"
"2168568775","2276995168","0.125"
"2276995168","2168568775","0.125"
"2168568775","2340348342","0.708333"
"2340348342","2168568775","0.708333"
"2168568775","2665254792","0.458333"
"2665254792","2168568775","0.458333"
"2168568775","2765861025","0.125"
"2765861025","2168568775","0.125"
"2168568775","2913848260","0.125"
"2913848260","2168568775","0.125"
"2168568775","2940967687","0.125"
"2940967687","2168568775","0.125"
"2276995168","2340348342","0.378968"
"2340348342","2276995168","0.378968"
"2276995168","2665254792","0.125"
"2665254792","2276995168","0.125"
"2276995168","2765861025","0.125"
"2765861025","2276995168","0.125"
"2276995168","2913848260","0.125"
"2913848260","2276995168","0.125"
"2276995168","2940967687","0.125"
"2940967687","2276995168","0.125"
"2340348342","2665254792","0.491667"
"2665254792","2340348342","0.491667"
"2340348342","2765861025","0.125"
"2765861025","2340348342","0.125"
"2340348342","2913848260","0.325"
"2913848260","2340348342","0.325"
"2340348342","2940967687","0.325"
"2940967687","2340348342","0.325"
"2665254792","2765861025","0.458333"
"2765861025","2665254792","0.458333"
"2765861025","2913848260","0.125"
"2913848260","2765861025","0.125"
"2765861025","2940967687","0.375"
"2940967687","2765861025","0.375"
"1981965013","2034642401","0.25"
"2034642401","1981965013","0.25"
"1981965013","2075753387","1"
"2075753387","1981965013","1"
"1994116937","2023105301","0.333333"
"2023105301","1994116937","0.333333"
"1994116937","2075753387","0.333333"
"2075753387","1994116937","0.333333"
"1994116937","2394629470","0.333333"
"2394629470","1994116937","0.333333"
"2023105301","2075753387","1.66667"
"2075753387","2023105301","1.66667"
"2023105301","2394629470","0.666667"
"2394629470","2023105301","0.666667"
"2075753387","2394629470","0.666667"
"2394629470","2075753387","0.666667"
"1998995270","2007443350","0.333333"
"2007443350","1998995270","0.333333"
"2005783023","2047623587","1"
"2047623587","2005783023","1"
"2005783023","2042656399","0.333333"
"2042656399","2005783023","0.333333"
"2007443350","2042656399","0.333333"
"2042656399","2007443350","0.333333"
"2014858229","2042656399","0.666667"
"2042656399","2014858229","0.666667"
"2007037908","2126860176","5"
"2126860176","2007037908","5"
"2007037908","2406164434","1"
"2406164434","2007037908","1"
"2126860176","2406164434","2"
"2406164434","2126860176","2"
"2007443350","2047623587","0.25"
"2047623587","2007443350","0.25"
"2007443350","2394629470","0.25"
"2394629470","2007443350","0.25"
"2014782314","2969259031","1"
"2969259031","2014782314","1"
"2014858229","2046038143","0.333333"
"2046038143","2014858229","0.333333"
"2014858229","2337630312","0.333333"
"2337630312","2014858229","0.333333"
"2042656399","2046038143","0.333333"
"2046038143","2042656399","0.333333"
"2042656399","2337630312","0.333333"
"2337630312","2042656399","0.333333"
"2046038143","2337630312","0.333333"
"2337630312","2046038143","0.333333"
"2021989784","2024280648","2"
"2024280648","2021989784","2"
"2023105301","2064131882","0.333333"
"2064131882","2023105301","0.333333"
"2064131882","2394629470","0.333333"
"2394629470","2064131882","0.333333"
"2034642401","2075753387","1"
"2075753387","2034642401","1"
"2034893256","2043694512","1"
"2043694512","2034893256","1"
"2034893256","2046038143","1"
"2046038143","2034893256","1"
"2034893256","2047623587","1"
"2047623587","2034893256","1"
"2042656399","2757921939","1.79167"
"2757921939","2042656399","1.79167"
"2042656399","2917744131","1.29167"
"2917744131","2042656399","1.29167"
"2757921939","2917744131","8.61667"
"2917744131","2757921939","8.61667"
"2042656399","2636392882","1.74167"
"2636392882","2042656399","1.74167"
"2042656399","2941624748","1.49167"
"2941624748","2042656399","1.49167"
"2042656399","2895209290","0.825"
"2895209290","2042656399","0.825"
"2042656399","2895479873","0.491667"
"2895479873","2042656399","0.491667"
"2042656399","2955469239","1.825"
"2955469239","2042656399","1.825"
"2636392882","2895209290","2.34444"
"2895209290","2636392882","2.34444"
"2636392882","2895479873","2.47778"
"2895479873","2636392882","2.47778"
"2636392882","2941624748","1.99167"
"2941624748","2636392882","1.99167"
"2636392882","2955469239","2.48333"
"2955469239","2636392882","2.48333"
"2895209290","2895479873","13.204"
"2895479873","2895209290","13.204"
"2895209290","2941624748","0.80119"
"2941624748","2895209290","0.80119"
"2895209290","2955469239","2.04286"
"2955469239","2895209290","2.04286"
"2895479873","2941624748","2.96786"
"2941624748","2895479873","2.96786"
"2895479873","2955469239","10.3429"
"2955469239","2895479873","10.3429"
"2757921939","2895209290","4.97778"
"2895209290","2757921939","4.97778"
"2042656399","2168568775","0.75"
"2168568775","2042656399","0.75"
"2042656399","3022307797","0.5"
"3022307797","2042656399","0.5"
"2168568775","3022307797","1.5"
"3022307797","2168568775","1.5"
"2042656399","2340348342","0.25"
"2340348342","2042656399","0.25"
"2042656399","2509763952","0.25"
"2509763952","2042656399","0.25"
"2168568775","2509763952","0.583333"
"2509763952","2168568775","0.583333"
"2168568775","2636392882","4.08333"
"2636392882","2168568775","4.08333"
"2340348342","2509763952","0.97619"
"2509763952","2340348342","0.97619"
"2340348342","2636392882","0.837302"
"2636392882","2340348342","0.837302"
"2509763952","2636392882","0.72619"
"2636392882","2509763952","0.72619"
"2042656399","2568660802","0.791667"
"2568660802","2042656399","0.791667"
"2568660802","2636392882","1.56944"
"2636392882","2568660802","1.56944"
"2568660802","2757921939","1.81944"
"2757921939","2568660802","1.81944"
"2568660802","2895209290","1.73611"
"2895209290","2568660802","1.73611"
"2568660802","2895479873","0.986111"
"2895479873","2568660802","0.986111"
"2568660802","2917744131","2.875"
"2917744131","2568660802","2.875"
"2568660802","2941624748","0.291667"
"2941624748","2568660802","0.291667"
"2568660802","2955469239","0.125"
"2955469239","2568660802","0.125"
"2636392882","2757921939","3.81111"
"2757921939","2636392882","3.81111"
"2636392882","2917744131","4.11667"
"2917744131","2636392882","4.11667"
"2757921939","2895479873","3.02778"
"2895479873","2757921939","3.02778"
"2757921939","2941624748","0.791667"
"2941624748","2757921939","0.791667"
"2757921939","2955469239","3.61667"
"2955469239","2757921939","3.61667"
"2895209290","2917744131","7.42619"
"2917744131","2895209290","7.42619"
"2895479873","2917744131","3.64286"
"2917744131","2895479873","3.64286"
"2917744131","2941624748","1.10119"
"2941624748","2917744131","1.10119"
"2917744131","2955469239","3.17619"
"2955469239","2917744131","3.17619"
"2043694512","2665254792","1"
"2665254792","2043694512","1"
"2043694512","2896427803","1"
"2896427803","2043694512","1"
"2046038143","2732506023","1"
"2732506023","2046038143","1"
"2046038143","2115045424","1"
"2115045424","2046038143","1"
"2110104407","2276995168","0.111111"
"2276995168","2110104407","0.111111"
"2110104407","2337630312","0.111111"
"2337630312","2110104407","0.111111"
"2110104407","2340348342","0.111111"
"2340348342","2110104407","0.111111"
"2110104407","2568660802","0.111111"
"2568660802","2110104407","0.111111"
"2110104407","2636392882","0.111111"
"2636392882","2110104407","0.111111"
"2110104407","2757921939","0.111111"
"2757921939","2110104407","0.111111"
"2110104407","2895209290","0.111111"
"2895209290","2110104407","0.111111"
"2110104407","2895479873","0.111111"
"2895479873","2110104407","0.111111"
"2110104407","2937766018","0.111111"
"2937766018","2110104407","0.111111"
"2276995168","2337630312","0.111111"
"2337630312","2276995168","0.111111"
"2276995168","2568660802","0.111111"
"2568660802","2276995168","0.111111"
"2276995168","2636392882","0.253968"
"2636392882","2276995168","0.253968"
"2276995168","2757921939","0.111111"
"2757921939","2276995168","0.111111"
"2276995168","2895209290","0.111111"
"2895209290","2276995168","0.111111"
"2276995168","2895479873","0.111111"
"2895479873","2276995168","0.111111"
"2276995168","2937766018","0.111111"
"2937766018","2276995168","0.111111"
"2337630312","2340348342","0.111111"
"2340348342","2337630312","0.111111"
"2337630312","2568660802","0.111111"
"2568660802","2337630312","0.111111"
"2337630312","2636392882","0.111111"
"2636392882","2337630312","0.111111"
"2337630312","2757921939","1.11111"
"2757921939","2337630312","1.11111"
"2337630312","2895209290","0.111111"
"2895209290","2337630312","0.111111"
"2337630312","2895479873","0.111111"
"2895479873","2337630312","0.111111"
"2337630312","2937766018","0.111111"
"2937766018","2337630312","0.111111"
"2340348342","2568660802","0.111111"
"2568660802","2340348342","0.111111"
"2340348342","2757921939","0.111111"
"2757921939","2340348342","0.111111"
"2340348342","2895209290","0.277778"
"2895209290","2340348342","0.277778"
"2340348342","2895479873","0.277778"
"2895479873","2340348342","0.277778"
"2340348342","2937766018","0.111111"
"2937766018","2340348342","0.111111"
"2568660802","2937766018","0.361111"
"2937766018","2568660802","0.361111"
"2636392882","2937766018","0.236111"
"2937766018","2636392882","0.236111"
"2757921939","2937766018","4.73611"
"2937766018","2757921939","4.73611"
"2895209290","2937766018","2.29563"
"2937766018","2895209290","2.29563"
"2895479873","2937766018","1.04563"
"2937766018","2895479873","1.04563"
"2126860176","2185917119","1"
"2185917119","2126860176","1"
"2155157906","2341914889","1.5"
"2341914889","2155157906","1.5"
"2168568775","2341914889","0.666667"
"2341914889","2168568775","0.666667"
"2168568775","2761680260","3.83333"
"2761680260","2168568775","3.83333"
"2168568775","3010957017","1.5"
"3010957017","2168568775","1.5"
"2168568775","2895209290","0.166667"
"2895209290","2168568775","0.166667"
"2168568775","2895479873","0.166667"
"2895479873","2168568775","0.166667"
"2168568775","2951486999","0.333333"
"2951486999","2168568775","0.333333"
"2340348342","2951486999","0.166667"
"2951486999","2340348342","0.166667"
"2509763952","2895209290","0.166667"
"2895209290","2509763952","0.166667"
"2509763952","2895479873","0.166667"
"2895479873","2509763952","0.166667"
"2509763952","2951486999","0.166667"
"2951486999","2509763952","0.166667"
"2636392882","2951486999","0.333333"
"2951486999","2636392882","0.333333"
"2895209290","2951486999","0.97619"
"2951486999","2895209290","0.97619"
"2895479873","2951486999","0.642857"
"2951486999","2895479873","0.642857"
"2168568775","2896427803","0.666667"
"2896427803","2168568775","0.666667"
"2340348342","2896427803","0.309524"
"2896427803","2340348342","0.309524"
"2340348342","3010957017","0.559524"
"3010957017","2340348342","0.559524"
"2509763952","2665254792","0.166667"
"2665254792","2509763952","0.166667"
"2509763952","2896427803","0.309524"
"2896427803","2509763952","0.309524"
"2509763952","3010957017","0.559524"
"3010957017","2509763952","0.559524"
"2636392882","2665254792","0.458333"
"2665254792","2636392882","0.458333"
"2636392882","2896427803","1.35119"
"2896427803","2636392882","1.35119"
"2636392882","3010957017","9.64286"
"3010957017","2636392882","9.64286"
"2665254792","2896427803","0.291667"
"2896427803","2665254792","0.291667"
"2665254792","3010957017","0.166667"
"3010957017","2665254792","0.166667"
"2896427803","3010957017","4.55952"
"3010957017","2896427803","4.55952"
"2168568775","2337539845","0.166667"
"2337539845","2168568775","0.166667"
"2168568775","2941624748","0.166667"
"2941624748","2168568775","0.166667"
"2337539845","2341914889","0.166667"
"2341914889","2337539845","0.166667"
"2337539845","2636392882","1.16667"
"2636392882","2337539845","1.16667"
"2337539845","2665254792","0.166667"
"2665254792","2337539845","0.166667"
"2337539845","2941624748","1.16667"
"2941624748","2337539845","1.16667"
"2337539845","2951486999","0.166667"
"2951486999","2337539845","0.166667"
"2341914889","2636392882","0.366667"
"2636392882","2341914889","0.366667"
"2341914889","2665254792","0.166667"
"2665254792","2341914889","0.166667"
"2341914889","2941624748","1.16667"
"2941624748","2341914889","1.16667"
"2341914889","2951486999","1.16667"
"2951486999","2341914889","1.16667"
"2665254792","2941624748","0.7"
"2941624748","2665254792","0.7"
"2665254792","2951486999","0.166667"
"2951486999","2665254792","0.166667"
"2636392882","2761680260","1.47619"
"2761680260","2636392882","1.47619"
"2276995168","2509763952","0.142857"
"2509763952","2276995168","0.142857"
"2276995168","2703179392","0.142857"
"2703179392","2276995168","0.142857"
"2276995168","2761680260","0.142857"
"2761680260","2276995168","0.142857"
"2276995168","2896427803","0.142857"
"2896427803","2276995168","0.142857"
"2276995168","3010957017","0.142857"
"3010957017","2276995168","0.142857"
"2340348342","2703179392","1.34286"
"2703179392","2340348342","1.34286"
"2340348342","2761680260","0.142857"
"2761680260","2340348342","0.142857"
"2509763952","2703179392","0.142857"
"2703179392","2509763952","0.142857"
"2509763952","2761680260","0.142857"
"2761680260","2509763952","0.142857"
"2636392882","2703179392","3.39286"
"2703179392","2636392882","3.39286"
"2703179392","2761680260","0.142857"
"2761680260","2703179392","0.142857"
"2703179392","2896427803","0.392857"
"2896427803","2703179392","0.392857"
"2703179392","3010957017","1.14286"
"3010957017","2703179392","1.14286"
"2761680260","2896427803","2.64286"
"2896427803","2761680260","2.64286"
"2340348342","2767958185","0.25"
"2767958185","2340348342","0.25"
"2340348342","2895039799","0.25"
"2895039799","2340348342","0.25"
"2509763952","2767958185","0.25"
"2767958185","2509763952","0.25"
"2509763952","2895039799","0.25"
"2895039799","2509763952","0.25"
"2767958185","2895039799","1.25"
"2895039799","2767958185","1.25"
"2767958185","3010957017","0.916667"
"3010957017","2767958185","0.916667"
"2895039799","3010957017","1.25"
"3010957017","2895039799","1.25"
"2340348342","2955469239","1"
"2955469239","2340348342","1"
"2340348342","2941624748","0.2"
"2941624748","2340348342","0.2"
"2665254792","2703179392","0.2"
"2703179392","2665254792","0.2"
"2703179392","2913848260","0.2"
"2913848260","2703179392","0.2"
"2703179392","2940967687","0.2"
"2940967687","2703179392","0.2"
"2703179392","2941624748","0.7"
"2941624748","2703179392","0.7"
"2913848260","2941624748","0.2"
"2941624748","2913848260","0.2"
"2940967687","2941624748","0.45"
"2941624748","2940967687","0.45"
"2341914889","2757921939","0.2"
"2757921939","2341914889","0.2"
"2341914889","2895209290","0.2"
"2895209290","2341914889","0.2"
"2341914889","2917744131","0.2"
"2917744131","2341914889","0.2"
"2341914889","2955469239","0.2"
"2955469239","2341914889","0.2"
"2341914889","3010957017","1"
"3010957017","2341914889","1"
"2917744131","2937766018","4.01786"
"2937766018","2917744131","4.01786"
"2636392882","2940967687","2"
"2940967687","2636392882","2"
"2896427803","2955469239","0.458333"
"2955469239","2896427803","0.458333"
"2636392882","2765861025","0.583333"
"2765861025","2636392882","0.583333"
"2703179392","2757921939","0.25"
"2757921939","2703179392","0.25"
"2703179392","2765861025","0.25"
"2765861025","2703179392","0.25"
"2757921939","2765861025","0.583333"
"2765861025","2757921939","0.583333"
"2757921939","2896427803","0.375"
"2896427803","2757921939","0.375"
"2765861025","2896427803","0.5"
"2896427803","2765861025","0.5"
"2665254792","2757921939","0.458333"
"2757921939","2665254792","0.458333"
"2665254792","2895209290","0.625"
"2895209290","2665254792","0.625"
"2665254792","2895479873","1.625"
"2895479873","2665254792","1.625"
"2665254792","2917744131","0.125"
"2917744131","2665254792","0.125"
"2665254792","2937766018","0.125"
"2937766018","2665254792","0.125"
"2665254792","2955469239","0.125"
"2955469239","2665254792","0.125"
"2895209290","2896427803","0.125"
"2896427803","2895209290","0.125"
"2895479873","2896427803","0.125"
"2896427803","2895479873","0.125"
"2896427803","2917744131","0.125"
"2917744131","2896427803","0.125"
"2896427803","2937766018","0.125"
"2937766018","2896427803","0.125"
"2937766018","2955469239","2.51786"
"2955469239","2937766018","2.51786"
"2636392882","2767958185","0.333333"
"2767958185","2636392882","0.333333"
"2765861025","2767958185","0.333333"
"2767958185","2765861025","0.333333"
"2765861025","3010957017","0.583333"
"3010957017","2765861025","0.583333"
"2896427803","2941624748","0.916667"
"2941624748","2896427803","0.916667"
"2660629940","2767211034","1.5"
"2767211034","2660629940","1.5"
"2660629940","2940967687","0.5"
"2940967687","2660629940","0.5"
"2765861025","2941624748","0.583333"
"2941624748","2765861025","0.583333"
"2665254792","3022307797","0.5"
"3022307797","2665254792","0.5"
"2913848260","3022307797","0.5"
"3022307797","2913848260","0.5"
"2703179392","3022307797","0.5"
"3022307797","2703179392","0.5"
"3010957017","3022307797","0.5"
"3022307797","3010957017","0.5"
"2757921939","3010957017","0.166667"
"3010957017","2757921939","0.166667"
"2895209290","3010957017","0.47619"
"3010957017","2895209290","0.47619"
"2895479873","3010957017","1.47619"
"3010957017","2895479873","1.47619"
"2917744131","3010957017","0.47619"
"3010957017","2917744131","0.47619"
"2757921939","2951486999","0.333333"
"2951486999","2757921939","0.333333"
"2917744131","2951486999","0.809524"
"2951486999","2917744131","0.809524"
"2761680260","2895039799","1"
"2895039799","2761680260","1"
"2896427803","2940967687","0.25"
"2940967687","2896427803","0.25"
"2940967687","3010957017","0.25"
"3010957017","2940967687","0.25"
"2767958185","2941624748","1.33333"
"2941624748","2767958185","1.33333"
"2767958185","2896427803","0.333333"
"2896427803","2767958185","0.333333"
"2788272508","2940967687","3"
"2940967687","2788272508","3"
"2788272508","3022307797","1"
"3022307797","2788272508","1"
"2788272508","2951486999","2"
"2951486999","2788272508","2"
"2940967687","2951486999","3"
"2951486999","2940967687","3"
"2788272508","2895479873","1"
"2895479873","2788272508","1"
"2788272508","3010957017","1"
"3010957017","2788272508","1"
"2788272508","2941624748","1"
"2941624748","2788272508","1"
"2937766018","2941624748","0.642857"
"2941624748","2937766018","0.642857"
"2937766018","3010957017","0.309524"
"3010957017","2937766018","0.309524"
"2937766018","2951486999","0.142857"
"2951486999","2937766018","0.142857"
