"144330247","289861815","3.19348"
"289861815","144330247","3.19348"
"144330247","1522590096","0.0434783"
"1522590096","144330247","0.0434783"
"144330247","1599517904","0.0434783"
"1599517904","144330247","0.0434783"
"144330247","1795122992","0.0434783"
"1795122992","144330247","0.0434783"
"144330247","1824959172","0.0434783"
"1824959172","144330247","0.0434783"
"144330247","1918180538","0.0434783"
"1918180538","144330247","0.0434783"
"144330247","1983650165","0.0434783"
"1983650165","144330247","0.0434783"
"144330247","1984127021","0.0434783"
"1984127021","144330247","0.0434783"
"144330247","2008691114","0.0434783"
"2008691114","144330247","0.0434783"
"144330247","2027233529","0.143478"
"2027233529","144330247","0.143478"
"144330247","2031763556","1.19348"
"2031763556","144330247","1.19348"
"144330247","2055694118","0.0434783"
"2055694118","144330247","0.0434783"
"144330247","2066655325","0.143478"
"2066655325","144330247","0.143478"
"144330247","2066948538","0.0434783"
"2066948538","144330247","0.0434783"
"144330247","2115331914","0.143478"
"2115331914","144330247","0.143478"
"144330247","2116406311","0.143478"
"2116406311","144330247","0.143478"
"144330247","2169257305","0.0434783"
"2169257305","144330247","0.0434783"
"144330247","2296104469","0.143478"
"2296104469","144330247","0.143478"
"144330247","2573096963","0.0434783"
"2573096963","144330247","0.0434783"
"144330247","2579421226","0.443478"
"2579421226","144330247","0.443478"
"144330247","2678399610","0.343478"
"2678399610","144330247","0.343478"
"144330247","2744098782","0.0434783"
"2744098782","144330247","0.0434783"
"144330247","47793185","0.143478"
"47793185","144330247","0.143478"
"1522590096","1599517904","0.0434783"
"1599517904","1522590096","0.0434783"
"1522590096","1795122992","0.114907"
"1795122992","1522590096","0.114907"
"1522590096","1824959172","0.0434783"
"1824959172","1522590096","0.0434783"
"1522590096","1918180538","0.114907"
"1918180538","1522590096","0.114907"
"1522590096","1983650165","0.114907"
"1983650165","1522590096","0.114907"
"1522590096","1984127021","0.0434783"
"1984127021","1522590096","0.0434783"
"1522590096","2008691114","0.809351"
"2008691114","1522590096","0.809351"
"1522590096","2027233529","1.47602"
"2027233529","1522590096","1.47602"
"1522590096","2031763556","0.0434783"
"2031763556","1522590096","0.0434783"
"1522590096","2055694118","0.154589"
"2055694118","1522590096","0.154589"
"1522590096","2066655325","0.0434783"
"2066655325","1522590096","0.0434783"
"1522590096","2066948538","0.476018"
"2066948538","1522590096","0.476018"
"1522590096","2115331914","0.114907"
"2115331914","1522590096","0.114907"
"1522590096","2116406311","0.114907"
"2116406311","1522590096","0.114907"
"1522590096","2169257305","0.487923"
"2169257305","1522590096","0.487923"
"1522590096","2296104469","0.0434783"
"2296104469","1522590096","0.0434783"
"1522590096","2573096963","0.114907"
"2573096963","1522590096","0.114907"
"1522590096","2579421226","0.0434783"
"2579421226","1522590096","0.0434783"
"1522590096","2678399610","0.0434783"
"2678399610","1522590096","0.0434783"
"1522590096","2744098782","0.364907"
"2744098782","1522590096","0.364907"
"1522590096","289861815","0.0434783"
"289861815","1522590096","0.0434783"
"1522590096","47793185","0.114907"
"47793185","1522590096","0.114907"
"1599517904","1795122992","0.210145"
"1795122992","1599517904","0.210145"
"1599517904","1824959172","0.0434783"
"1824959172","1599517904","0.0434783"
"1599517904","1918180538","0.0434783"
"1918180538","1599517904","0.0434783"
"1599517904","1983650165","0.0434783"
"1983650165","1599517904","0.0434783"
"1599517904","1984127021","0.0434783"
"1984127021","1599517904","0.0434783"
"1599517904","2008691114","0.0434783"
"2008691114","1599517904","0.0434783"
"1599517904","2027233529","0.243478"
"2027233529","1599517904","0.243478"
"1599517904","2031763556","0.410145"
"2031763556","1599517904","0.410145"
"1599517904","2055694118","0.243478"
"2055694118","1599517904","0.243478"
"1599517904","2066655325","0.0434783"
"2066655325","1599517904","0.0434783"
"1599517904","2066948538","0.243478"
"2066948538","1599517904","0.243478"
"1599517904","2115331914","0.376812"
"2115331914","1599517904","0.376812"
"1599517904","2116406311","0.0434783"
"2116406311","1599517904","0.0434783"
"1599517904","2169257305","0.443478"
"2169257305","1599517904","0.443478"
"1599517904","2296104469","0.243478"
"2296104469","1599517904","0.243478"
"1599517904","2573096963","0.0434783"
"2573096963","1599517904","0.0434783"
"1599517904","2579421226","0.210145"
"2579421226","1599517904","0.210145"
"1599517904","2678399610","0.0434783"
"2678399610","1599517904","0.0434783"
"1599517904","2744098782","0.0434783"
"2744098782","1599517904","0.0434783"
"1599517904","289861815","0.0434783"
"289861815","1599517904","0.0434783"
"1599517904","47793185","0.0434783"
"47793185","1599517904","0.0434783"
"1795122992","1824959172","0.210145"
"1824959172","1795122992","0.210145"
"1795122992","1918180538","0.114907"
"1918180538","1795122992","0.114907"
"1795122992","1983650165","0.281574"
"1983650165","1795122992","0.281574"
"1795122992","1984127021","0.653735"
"1984127021","1795122992","0.653735"
"1795122992","2008691114","0.358497"
"2008691114","1795122992","0.358497"
"1795122992","2027233529","0.89183"
"2027233529","1795122992","0.89183"
"1795122992","2031763556","0.287068"
"2031763556","1795122992","0.287068"
"1795122992","2055694118","0.120401"
"2055694118","1795122992","0.120401"
"1795122992","2066655325","0.320401"
"2066655325","1795122992","0.320401"
"1795122992","2066948538","0.364907"
"2066948538","1795122992","0.364907"
"1795122992","2115331914","0.19183"
"2115331914","1795122992","0.19183"
"1795122992","2116406311","0.19183"
"2116406311","1795122992","0.19183"
"1795122992","2169257305","0.370401"
"2169257305","1795122992","0.370401"
"1795122992","2296104469","0.0434783"
"2296104469","1795122992","0.0434783"
"1795122992","2573096963","0.114907"
"2573096963","1795122992","0.114907"
"1795122992","2579421226","0.210145"
"2579421226","1795122992","0.210145"
"1795122992","2678399610","0.243478"
"2678399610","1795122992","0.243478"
"1795122992","2744098782","0.114907"
"2744098782","1795122992","0.114907"
"1795122992","289861815","0.243478"
"289861815","1795122992","0.243478"
"1795122992","47793185","0.19183"
"47793185","1795122992","0.19183"
"1824959172","1918180538","0.543478"
"1918180538","1824959172","0.543478"
"1824959172","1983650165","19.5435"
"1983650165","1824959172","19.5435"
"1824959172","1984127021","0.0434783"
"1984127021","1824959172","0.0434783"
"1824959172","2008691114","0.710145"
"2008691114","1824959172","0.710145"
"1824959172","2027233529","1.04348"
"2027233529","1824959172","1.04348"
"1824959172","2031763556","0.0434783"
"2031763556","1824959172","0.0434783"
"1824959172","2055694118","0.376812"
"2055694118","1824959172","0.376812"
"1824959172","2066655325","0.0434783"
"2066655325","1824959172","0.0434783"
"1824959172","2066948538","0.0434783"
"2066948538","1824959172","0.0434783"
"1824959172","2115331914","0.0434783"
"2115331914","1824959172","0.0434783"
"1824959172","2116406311","0.0434783"
"2116406311","1824959172","0.0434783"
"1824959172","2169257305","0.0434783"
"2169257305","1824959172","0.0434783"
"1824959172","2296104469","0.0434783"
"2296104469","1824959172","0.0434783"
"1824959172","2573096963","0.0434783"
"2573096963","1824959172","0.0434783"
"1824959172","2579421226","0.0434783"
"2579421226","1824959172","0.0434783"
"1824959172","2678399610","0.0434783"
"2678399610","1824959172","0.0434783"
"1824959172","2744098782","0.0434783"
"2744098782","1824959172","0.0434783"
"1824959172","289861815","0.0434783"
"289861815","1824959172","0.0434783"
"1824959172","47793185","0.0434783"
"47793185","1824959172","0.0434783"
"1918180538","1983650165","0.614907"
"1983650165","1918180538","0.614907"
"1918180538","1984127021","0.0434783"
"1984127021","1918180538","0.0434783"
"1918180538","2008691114","0.614907"
"2008691114","1918180538","0.614907"
"1918180538","2027233529","1.81491"
"2027233529","1918180538","1.81491"
"1918180538","2031763556","0.0434783"
"2031763556","1918180538","0.0434783"
"1918180538","2055694118","0.0434783"
"2055694118","1918180538","0.0434783"
"1918180538","2066655325","0.0434783"
"2066655325","1918180538","0.0434783"
"1918180538","2066948538","0.114907"
"2066948538","1918180538","0.114907"
"1918180538","2115331914","0.64824"
"2115331914","1918180538","0.64824"
"1918180538","2116406311","1.14824"
"2116406311","1918180538","1.14824"
"1918180538","2169257305","0.0434783"
"2169257305","1918180538","0.0434783"
"1918180538","2296104469","0.0434783"
"2296104469","1918180538","0.0434783"
"1918180538","2573096963","1.31491"
"2573096963","1918180538","1.31491"
"1918180538","2579421226","0.0434783"
"2579421226","1918180538","0.0434783"
"1918180538","2678399610","0.0434783"
"2678399610","1918180538","0.0434783"
"1918180538","2744098782","0.114907"
"2744098782","1918180538","0.114907"
"1918180538","289861815","0.0434783"
"289861815","1918180538","0.0434783"
"1918180538","47793185","1.14824"
"47793185","1918180538","1.14824"
"1983650165","1984127021","0.154589"
"1984127021","1983650165","0.154589"
"1983650165","2008691114","0.781573"
"2008691114","1983650165","0.781573"
"1983650165","2027233529","1.61491"
"2027233529","1983650165","1.61491"
"1983650165","2031763556","0.404589"
"2031763556","1983650165","0.404589"
"1983650165","2055694118","0.376812"
"2055694118","1983650165","0.376812"
"1983650165","2066655325","0.154589"
"2066655325","1983650165","0.154589"
"1983650165","2066948538","0.114907"
"2066948538","1983650165","0.114907"
"1983650165","2115331914","0.814907"
"2115331914","1983650165","0.814907"
"1983650165","2116406311","1.06491"
"2116406311","1983650165","1.06491"
"1983650165","2169257305","1.24348"
"2169257305","1983650165","1.24348"
"1983650165","2296104469","0.0434783"
"2296104469","1983650165","0.0434783"
"1983650165","2573096963","0.114907"
"2573096963","1983650165","0.114907"
"1983650165","2579421226","0.404589"
"2579421226","1983650165","0.404589"
"1983650165","2678399610","0.0434783"
"2678399610","1983650165","0.0434783"
"1983650165","2744098782","0.114907"
"2744098782","1983650165","0.114907"
"1983650165","289861815","0.154589"
"289861815","1983650165","0.154589"
"1983650165","47793185","0.314907"
"47793185","1983650165","0.314907"
"1984127021","2008691114","0.120401"
"2008691114","1984127021","0.120401"
"1984127021","2027233529","1.48707"
"2027233529","1984127021","1.48707"
"1984127021","2031763556","0.731512"
"2031763556","1984127021","0.731512"
"1984127021","2055694118","1.28707"
"2055694118","1984127021","1.28707"
"1984127021","2066655325","7.93151"
"2066655325","1984127021","7.93151"
"1984127021","2066948538","0.0434783"
"2066948538","1984127021","0.0434783"
"1984127021","2115331914","0.370401"
"2115331914","1984127021","0.370401"
"1984127021","2116406311","0.620401"
"2116406311","1984127021","0.620401"
"1984127021","2169257305","0.120401"
"2169257305","1984127021","0.120401"
"1984127021","2296104469","0.0434783"
"2296104469","1984127021","0.0434783"
"1984127021","2573096963","0.0434783"
"2573096963","1984127021","0.0434783"
"1984127021","2579421226","0.654589"
"2579421226","1984127021","0.654589"
"1984127021","2678399610","1.66014"
"2678399610","1984127021","1.66014"
"1984127021","2744098782","0.0434783"
"2744098782","1984127021","0.0434783"
"1984127021","289861815","0.354589"
"289861815","1984127021","0.354589"
"1984127021","47793185","0.120401"
"47793185","1984127021","0.120401"
"2008691114","2027233529","4.88627"
"2027233529","2008691114","4.88627"
"2008691114","2031763556","0.287068"
"2031763556","2008691114","0.287068"
"2008691114","2055694118","0.231512"
"2055694118","2008691114","0.231512"
"2008691114","2066655325","0.287068"
"2066655325","2008691114","0.287068"
"2008691114","2066948538","0.476018"
"2066948538","2008691114","0.476018"
"2008691114","2115331914","0.358497"
"2115331914","2008691114","0.358497"
"2008691114","2116406311","0.69183"
"2116406311","2008691114","0.69183"
"2008691114","2169257305","0.564846"
"2169257305","2008691114","0.564846"
"2008691114","2296104469","0.0434783"
"2296104469","2008691114","0.0434783"
"2008691114","2573096963","1.61491"
"2573096963","2008691114","1.61491"
"2008691114","2579421226","0.0434783"
"2579421226","2008691114","0.0434783"
"2008691114","2678399610","0.0434783"
"2678399610","2008691114","0.0434783"
"2008691114","2744098782","0.364907"
"2744098782","2008691114","0.364907"
"2008691114","289861815","0.0434783"
"289861815","2008691114","0.0434783"
"2008691114","47793185","0.69183"
"47793185","2008691114","0.69183"
"2027233529","2031763556","1.58707"
"2031763556","2027233529","1.58707"
"2027233529","2055694118","5.59818"
"2055694118","2027233529","5.59818"
"2027233529","2066655325","1.4204"
"2066655325","2027233529","1.4204"
"2027233529","2066948538","0.476018"
"2066948538","2027233529","0.476018"
"2027233529","2115331914","0.808497"
"2115331914","2027233529","0.808497"
"2027233529","2116406311","1.0585"
"2116406311","2027233529","1.0585"
"2027233529","2169257305","0.231512"
"2169257305","2027233529","0.231512"
"2027233529","2296104469","1.24348"
"2296104469","2027233529","1.24348"
"2027233529","2573096963","1.81491"
"2573096963","2027233529","1.81491"
"2027233529","2579421226","0.143478"
"2579421226","2027233529","0.143478"
"2027233529","2678399610","0.593478"
"2678399610","2027233529","0.593478"
"2027233529","2744098782","0.364907"
"2744098782","2027233529","0.364907"
"2027233529","289861815","0.343478"
"289861815","2027233529","0.343478"
"2027233529","47793185","0.558497"
"47793185","2027233529","0.558497"
"2031763556","2055694118","0.320401"
"2055694118","2031763556","0.320401"
"2031763556","2066655325","0.831512"
"2066655325","2031763556","0.831512"
"2031763556","2066948538","0.0434783"
"2066948538","2031763556","0.0434783"
"2031763556","2115331914","0.887068"
"2115331914","2031763556","0.887068"
"2031763556","2116406311","0.887068"
"2116406311","2031763556","0.887068"
"2031763556","2169257305","0.120401"
"2169257305","2031763556","0.120401"
"2031763556","2296104469","1.17681"
"2296104469","2031763556","1.17681"
"2031763556","2573096963","0.0434783"
"2573096963","2031763556","0.0434783"
"2031763556","2579421226","7.05459"
"2579421226","2031763556","7.05459"
"2031763556","2678399610","0.343478"
"2678399610","2031763556","0.343478"
"2031763556","2744098782","0.0434783"
"2744098782","2031763556","0.0434783"
"2031763556","289861815","0.804589"
"289861815","2031763556","0.804589"
"2031763556","47793185","0.387068"
"47793185","2031763556","0.387068"
"2055694118","2066655325","4.78707"
"2066655325","2055694118","4.78707"
"2055694118","2066948538","0.154589"
"2066948538","2055694118","0.154589"
"2055694118","2115331914","0.370401"
"2115331914","2055694118","0.370401"
"2055694118","2116406311","0.120401"
"2116406311","2055694118","0.120401"
"2055694118","2169257305","0.231512"
"2169257305","2055694118","0.231512"
"2055694118","2296104469","0.243478"
"2296104469","2055694118","0.243478"
"2055694118","2573096963","0.0434783"
"2573096963","2055694118","0.0434783"
"2055694118","2579421226","0.0434783"
"2579421226","2055694118","0.0434783"
"2055694118","2678399610","5.12681"
"2678399610","2055694118","5.12681"
"2055694118","2744098782","0.0434783"
"2744098782","2055694118","0.0434783"
"2055694118","289861815","0.0434783"
"289861815","2055694118","0.0434783"
"2055694118","47793185","0.120401"
"47793185","2055694118","0.120401"
"2066655325","2066948538","0.243478"
"2066948538","2066655325","0.243478"
"2066655325","2115331914","0.537068"
"2115331914","2066655325","0.537068"
"2066655325","2116406311","0.287068"
"2116406311","2066655325","0.287068"
"2066655325","2169257305","0.120401"
"2169257305","2066655325","0.120401"
"2066655325","2296104469","0.0434783"
"2296104469","2066655325","0.0434783"
"2066655325","2573096963","0.0434783"
"2573096963","2066655325","0.0434783"
"2066655325","2579421226","0.254589"
"2579421226","2066655325","0.254589"
"2066655325","2678399610","6.26014"
"2678399610","2066655325","6.26014"
"2066655325","2744098782","0.0434783"
"2744098782","2066655325","0.0434783"
"2066655325","289861815","0.454589"
"289861815","2066655325","0.454589"
"2066655325","47793185","1.28707"
"47793185","2066655325","1.28707"
"2066948538","2115331914","0.114907"
"2115331914","2066948538","0.114907"
"2066948538","2116406311","0.114907"
"2116406311","2066948538","0.114907"
"2066948538","2169257305","1.60459"
"2169257305","2066948538","1.60459"
"2066948538","2296104469","0.0434783"
"2296104469","2066948538","0.0434783"
"2066948538","2573096963","0.114907"
"2573096963","2066948538","0.114907"
"2066948538","2579421226","0.0434783"
"2579421226","2066948538","0.0434783"
"2066948538","2678399610","0.0434783"
"2678399610","2066948538","0.0434783"
"2066948538","2744098782","0.864907"
"2744098782","2066948538","0.864907"
"2066948538","289861815","0.0434783"
"289861815","2066948538","0.0434783"
"2066948538","47793185","0.114907"
"47793185","2066948538","0.114907"
"2115331914","2116406311","2.77516"
"2116406311","2115331914","2.77516"
"2115331914","2169257305","0.320401"
"2169257305","2115331914","0.320401"
"2115331914","2296104469","0.893478"
"2296104469","2115331914","0.893478"
"2115331914","2573096963","0.314907"
"2573096963","2115331914","0.314907"
"2115331914","2579421226","0.143478"
"2579421226","2115331914","0.143478"
"2115331914","2678399610","0.0434783"
"2678399610","2115331914","0.0434783"
"2115331914","2744098782","0.114907"
"2744098782","2115331914","0.114907"
"2115331914","289861815","0.143478"
"289861815","2115331914","0.143478"
"2115331914","47793185","2.77516"
"47793185","2115331914","2.77516"
"2116406311","2169257305","0.320401"
"2169257305","2116406311","0.320401"
"2116406311","2296104469","0.393478"
"2296104469","2116406311","0.393478"
"2116406311","2573096963","0.314907"
"2573096963","2116406311","0.314907"
"2116406311","2579421226","0.143478"
"2579421226","2116406311","0.143478"
"2116406311","2678399610","0.0434783"
"2678399610","2116406311","0.0434783"
"2116406311","2744098782","0.114907"
"2744098782","2116406311","0.114907"
"2116406311","289861815","0.143478"
"289861815","2116406311","0.143478"
"2116406311","47793185","4.6085"
"47793185","2116406311","4.6085"
"2169257305","2296104469","0.0434783"
"2296104469","2169257305","0.0434783"
"2169257305","2573096963","0.0434783"
"2573096963","2169257305","0.0434783"
"2169257305","2579421226","0.0434783"
"2579421226","2169257305","0.0434783"
"2169257305","2678399610","0.0434783"
"2678399610","2169257305","0.0434783"
"2169257305","2744098782","0.0434783"
"2744098782","2169257305","0.0434783"
"2169257305","289861815","0.0434783"
"289861815","2169257305","0.0434783"
"2169257305","47793185","0.320401"
"47793185","2169257305","0.320401"
"2296104469","2573096963","0.0434783"
"2573096963","2296104469","0.0434783"
"2296104469","2579421226","0.476812"
"2579421226","2296104469","0.476812"
"2296104469","2678399610","0.0434783"
"2678399610","2296104469","0.0434783"
"2296104469","2744098782","0.0434783"
"2744098782","2296104469","0.0434783"
"2296104469","289861815","1.14348"
"289861815","2296104469","1.14348"
"2296104469","47793185","0.393478"
"47793185","2296104469","0.393478"
"2573096963","2579421226","0.0434783"
"2579421226","2573096963","0.0434783"
"2573096963","2678399610","0.0434783"
"2678399610","2573096963","0.0434783"
"2573096963","2744098782","0.114907"
"2744098782","2573096963","0.114907"
"2573096963","289861815","0.0434783"
"289861815","2573096963","0.0434783"
"2573096963","47793185","0.314907"
"47793185","2573096963","0.314907"
"2579421226","2678399610","0.343478"
"2678399610","2579421226","0.343478"
"2579421226","2744098782","0.0434783"
"2744098782","2579421226","0.0434783"
"2579421226","289861815","0.554589"
"289861815","2579421226","0.554589"
"2579421226","47793185","0.143478"
"47793185","2579421226","0.143478"
"2678399610","2744098782","0.0434783"
"2744098782","2678399610","0.0434783"
"2678399610","289861815","0.543478"
"289861815","2678399610","0.543478"
"2678399610","47793185","0.0434783"
"47793185","2678399610","0.0434783"
"2744098782","289861815","0.0434783"
"289861815","2744098782","0.0434783"
"2744098782","47793185","0.114907"
"47793185","2744098782","0.114907"
"289861815","47793185","0.143478"
"47793185","289861815","0.143478"
"144330247","2017278753","0.1"
"2017278753","144330247","0.1"
"144330247","2568800058","0.35"
"2568800058","144330247","0.35"
"144330247","2756138356","0.45"
"2756138356","144330247","0.45"
"2017278753","2031763556","0.516667"
"2031763556","2017278753","0.516667"
"2017278753","2115331914","0.1"
"2115331914","2017278753","0.1"
"2017278753","2116406311","0.35"
"2116406311","2017278753","0.35"
"2017278753","2296104469","2.26667"
"2296104469","2017278753","2.26667"
"2017278753","2568800058","2.43333"
"2568800058","2017278753","2.43333"
"2017278753","2579421226","0.516667"
"2579421226","2017278753","0.516667"
"2017278753","2756138356","1.68333"
"2756138356","2017278753","1.68333"
"2017278753","289861815","0.1"
"289861815","2017278753","0.1"
"2017278753","47793185","0.1"
"47793185","2017278753","0.1"
"2031763556","2568800058","2.34359"
"2568800058","2031763556","2.34359"
"2031763556","2756138356","1.81111"
"2756138356","2031763556","1.81111"
"2115331914","2568800058","0.176923"
"2568800058","2115331914","0.176923"
"2115331914","2756138356","0.35"
"2756138356","2115331914","0.35"
"2116406311","2568800058","1.42692"
"2568800058","2116406311","1.42692"
"2116406311","2756138356","0.35"
"2756138356","2116406311","0.35"
"2296104469","2568800058","2.26667"
"2568800058","2296104469","2.26667"
"2296104469","2756138356","5.35"
"2756138356","2296104469","5.35"
"2568800058","2579421226","1.51667"
"2579421226","2568800058","1.51667"
"2568800058","2756138356","4.93333"
"2756138356","2568800058","4.93333"
"2568800058","289861815","0.35"
"289861815","2568800058","0.35"
"2568800058","47793185","0.176923"
"47793185","2568800058","0.176923"
"2579421226","2756138356","1.56111"
"2756138356","2579421226","1.56111"
"2756138356","289861815","0.561111"
"289861815","2756138356","0.561111"
"2756138356","47793185","0.35"
"47793185","2756138356","0.35"
"144330247","1893515342","1.3"
"1893515342","144330247","1.3"
"144330247","2253283309","0.1"
"2253283309","144330247","0.1"
"144330247","2610559138","0.1"
"2610559138","144330247","0.1"
"1893515342","2027233529","0.1"
"2027233529","1893515342","0.1"
"1893515342","2031763556","0.8"
"2031763556","1893515342","0.8"
"1893515342","2066655325","0.1"
"2066655325","1893515342","0.1"
"1893515342","2253283309","0.6"
"2253283309","1893515342","0.6"
"1893515342","2579421226","2.3"
"2579421226","1893515342","2.3"
"1893515342","2610559138","0.1"
"2610559138","1893515342","0.1"
"1893515342","2678399610","1.3"
"2678399610","1893515342","1.3"
"1893515342","2756138356","0.1"
"2756138356","1893515342","0.1"
"1893515342","289861815","0.8"
"289861815","1893515342","0.8"
"2027233529","2253283309","0.1"
"2253283309","2027233529","0.1"
"2027233529","2610559138","0.1"
"2610559138","2027233529","0.1"
"2027233529","2756138356","0.1"
"2756138356","2027233529","0.1"
"2031763556","2253283309","0.35"
"2253283309","2031763556","0.35"
"2031763556","2610559138","0.35"
"2610559138","2031763556","0.35"
"2066655325","2253283309","0.6"
"2253283309","2066655325","0.6"
"2066655325","2610559138","0.6"
"2610559138","2066655325","0.6"
"2066655325","2756138356","0.211111"
"2756138356","2066655325","0.211111"
"2253283309","2579421226","0.35"
"2579421226","2253283309","0.35"
"2253283309","2610559138","13.35"
"2610559138","2253283309","13.35"
"2253283309","2678399610","0.1"
"2678399610","2253283309","0.1"
"2253283309","2756138356","0.1"
"2756138356","2253283309","0.1"
"2253283309","289861815","1.1"
"289861815","2253283309","1.1"
"2579421226","2610559138","0.35"
"2610559138","2579421226","0.35"
"2610559138","2678399610","0.1"
"2678399610","2610559138","0.1"
"2610559138","2756138356","0.1"
"2756138356","2610559138","0.1"
"2610559138","289861815","0.1"
"289861815","2610559138","0.1"
"2678399610","2756138356","0.1"
"2756138356","2678399610","0.1"
"1522590096","2030690140","1.18254"
"2030690140","1522590096","1.18254"
"1522590096","3021023391","1.18254"
"3021023391","1522590096","1.18254"
"2030690140","3021023391","12.0492"
"3021023391","2030690140","12.0492"
"1522590096","2268766441","0.18254"
"2268766441","1522590096","0.18254"
"1522590096","2542930352","0.111111"
"2542930352","1522590096","0.111111"
"2008691114","2030690140","0.349206"
"2030690140","2008691114","0.349206"
"2008691114","2268766441","0.18254"
"2268766441","2008691114","0.18254"
"2008691114","2542930352","0.688034"
"2542930352","2008691114","0.688034"
"2008691114","3021023391","0.349206"
"3021023391","2008691114","0.349206"
"2027233529","2030690140","0.349206"
"2030690140","2027233529","0.349206"
"2027233529","2268766441","0.18254"
"2268766441","2027233529","0.18254"
"2027233529","2542930352","1.02137"
"2542930352","2027233529","1.02137"
"2027233529","3021023391","0.349206"
"3021023391","2027233529","0.349206"
"2030690140","2055694118","0.111111"
"2055694118","2030690140","0.111111"
"2030690140","2066948538","0.68254"
"2066948538","2030690140","0.68254"
"2030690140","2169257305","2.47778"
"2169257305","2030690140","2.47778"
"2030690140","2268766441","0.88254"
"2268766441","2030690140","0.88254"
"2030690140","2542930352","0.111111"
"2542930352","2030690140","0.111111"
"2055694118","2268766441","0.111111"
"2268766441","2055694118","0.111111"
"2055694118","2542930352","0.188034"
"2542930352","2055694118","0.188034"
"2055694118","3021023391","0.111111"
"3021023391","2055694118","0.111111"
"2066948538","2268766441","0.18254"
"2268766441","2066948538","0.18254"
"2066948538","2542930352","0.361111"
"2542930352","2066948538","0.361111"
"2066948538","3021023391","0.68254"
"3021023391","2066948538","0.68254"
"2169257305","2268766441","0.311111"
"2268766441","2169257305","0.311111"
"2169257305","2542930352","0.438034"
"2542930352","2169257305","0.438034"
"2169257305","3021023391","1.47778"
"3021023391","2169257305","1.47778"
"2268766441","2542930352","0.111111"
"2542930352","2268766441","0.111111"
"2268766441","3021023391","0.88254"
"3021023391","2268766441","0.88254"
"2542930352","3021023391","0.111111"
"3021023391","2542930352","0.111111"
"1522590096","2625592095","0.333333"
"2625592095","1522590096","0.333333"
"2008691114","2625592095","0.333333"
"2625592095","2008691114","0.333333"
"2169257305","2625592095","0.333333"
"2625592095","2169257305","0.333333"
"1795122992","2030690140","0.238095"
"2030690140","1795122992","0.238095"
"1795122992","2268766441","0.0714286"
"2268766441","1795122992","0.0714286"
"1795122992","3021023391","0.238095"
"3021023391","1795122992","0.238095"
"1918180538","2030690140","0.0714286"
"2030690140","1918180538","0.0714286"
"1918180538","2268766441","0.0714286"
"2268766441","1918180538","0.0714286"
"1918180538","3021023391","0.0714286"
"3021023391","1918180538","0.0714286"
"1983650165","2030690140","0.238095"
"2030690140","1983650165","0.238095"
"1983650165","2268766441","0.0714286"
"2268766441","1983650165","0.0714286"
"1983650165","3021023391","0.238095"
"3021023391","1983650165","0.238095"
"2030690140","2115331914","0.0714286"
"2115331914","2030690140","0.0714286"
"2030690140","2116406311","0.0714286"
"2116406311","2030690140","0.0714286"
"2030690140","2573096963","0.0714286"
"2573096963","2030690140","0.0714286"
"2030690140","2744098782","0.0714286"
"2744098782","2030690140","0.0714286"
"2030690140","47793185","0.0714286"
"47793185","2030690140","0.0714286"
"2115331914","2268766441","0.0714286"
"2268766441","2115331914","0.0714286"
"2115331914","3021023391","0.0714286"
"3021023391","2115331914","0.0714286"
"2116406311","2268766441","0.0714286"
"2268766441","2116406311","0.0714286"
"2116406311","3021023391","0.0714286"
"3021023391","2116406311","0.0714286"
"2268766441","2573096963","0.0714286"
"2573096963","2268766441","0.0714286"
"2268766441","2744098782","0.0714286"
"2744098782","2268766441","0.0714286"
"2268766441","47793185","0.0714286"
"47793185","2268766441","0.0714286"
"2573096963","3021023391","0.0714286"
"3021023391","2573096963","0.0714286"
"2744098782","3021023391","0.0714286"
"3021023391","2744098782","0.0714286"
"3021023391","47793185","0.0714286"
"47793185","3021023391","0.0714286"
"1599517904","2030690140","0.2"
"2030690140","1599517904","0.2"
"1599517904","2268766441","0.2"
"2268766441","1599517904","0.2"
"1599517904","2735827401","0.2"
"2735827401","1599517904","0.2"
"1599517904","3021023391","0.2"
"3021023391","1599517904","0.2"
"2030690140","2735827401","1.03333"
"2735827401","2030690140","1.03333"
"2169257305","2735827401","0.533333"
"2735827401","2169257305","0.533333"
"2268766441","2735827401","0.2"
"2735827401","2268766441","0.2"
"2735827401","3021023391","1.03333"
"3021023391","2735827401","1.03333"
"1599517904","2582201933","0.2"
"2582201933","1599517904","0.2"
"2027233529","2582201933","0.2"
"2582201933","2027233529","0.2"
"2031763556","2582201933","0.2"
"2582201933","2031763556","0.2"
"2055694118","2582201933","0.2"
"2582201933","2055694118","0.2"
"2296104469","2582201933","0.2"
"2582201933","2296104469","0.2"
"1599517904","2017278753","0.166667"
"2017278753","1599517904","0.166667"
"1599517904","2568800058","0.166667"
"2568800058","1599517904","0.166667"
"1599517904","2756138356","0.166667"
"2756138356","1599517904","0.166667"
"1795122992","2017278753","0.166667"
"2017278753","1795122992","0.166667"
"1795122992","2568800058","0.24359"
"2568800058","1795122992","0.24359"
"1795122992","2756138356","0.416667"
"2756138356","1795122992","0.416667"
"1599517904","1972514554","0.2"
"1972514554","1599517904","0.2"
"1599517904","2140734389","0.2"
"2140734389","1599517904","0.2"
"1599517904","2275893319","0.2"
"2275893319","1599517904","0.2"
"1972514554","2066948538","0.2"
"2066948538","1972514554","0.2"
"1972514554","2140734389","2.2"
"2140734389","1972514554","2.2"
"1972514554","2169257305","0.2"
"2169257305","1972514554","0.2"
"1972514554","2275893319","0.533333"
"2275893319","1972514554","0.533333"
"2066948538","2140734389","0.9"
"2140734389","2066948538","0.9"
"2066948538","2275893319","0.2"
"2275893319","2066948538","0.2"
"2140734389","2169257305","0.7"
"2169257305","2140734389","0.7"
"2140734389","2275893319","0.7"
"2275893319","2140734389","0.7"
"2169257305","2275893319","3.03333"
"2275893319","2169257305","3.03333"
"1599517904","2106692452","0.333333"
"2106692452","1599517904","0.333333"
"1599517904","2625592095","0.333333"
"2625592095","1599517904","0.333333"
"2106692452","2115331914","0.333333"
"2115331914","2106692452","0.333333"
"2106692452","2625592095","0.333333"
"2625592095","2106692452","0.333333"
"2115331914","2625592095","1.83333"
"2625592095","2115331914","1.83333"
"1824959172","2030690140","0.166667"
"2030690140","1824959172","0.166667"
"1824959172","3021023391","0.166667"
"3021023391","1824959172","0.166667"
"1795122992","2542930352","1.66026"
"2542930352","1795122992","1.66026"
"1984127021","2542930352","0.854701"
"2542930352","1984127021","0.854701"
"1795122992","2044255712","0.5"
"2044255712","1795122992","0.5"
"2044255712","2066948538","0.45"
"2066948538","2044255712","0.45"
"2044255712","2169257305","0.45"
"2169257305","2044255712","0.45"
"2044255712","2542930352","0.25"
"2542930352","2044255712","0.25"
"1795122992","2101809822","0.326923"
"2101809822","1795122992","0.326923"
"1984127021","2101809822","0.188034"
"2101809822","1984127021","0.188034"
"1984127021","2568800058","0.576923"
"2568800058","1984127021","0.576923"
"2008691114","2101809822","0.910256"
"2101809822","2008691114","0.910256"
"2008691114","2568800058","0.0769231"
"2568800058","2008691114","0.0769231"
"2027233529","2101809822","1.57692"
"2101809822","2027233529","1.57692"
"2027233529","2568800058","0.0769231"
"2568800058","2027233529","0.0769231"
"2031763556","2101809822","0.521368"
"2101809822","2031763556","0.521368"
"2031763556","2542930352","1.68803"
"2542930352","2031763556","1.68803"
"2055694118","2101809822","0.0769231"
"2101809822","2055694118","0.0769231"
"2055694118","2568800058","0.0769231"
"2568800058","2055694118","0.0769231"
"2066655325","2101809822","0.521368"
"2101809822","2066655325","0.521368"
"2066655325","2542930352","0.521368"
"2542930352","2066655325","0.521368"
"2066655325","2568800058","0.0769231"
"2568800058","2066655325","0.0769231"
"2101809822","2115331914","0.410256"
"2115331914","2101809822","0.410256"
"2101809822","2116406311","0.74359"
"2116406311","2101809822","0.74359"
"2101809822","2169257305","0.0769231"
"2169257305","2101809822","0.0769231"
"2101809822","2542930352","1.18803"
"2542930352","2101809822","1.18803"
"2101809822","2568800058","0.0769231"
"2568800058","2101809822","0.0769231"
"2101809822","47793185","0.74359"
"47793185","2101809822","0.74359"
"2115331914","2542930352","0.0769231"
"2542930352","2115331914","0.0769231"
"2116406311","2542930352","0.0769231"
"2542930352","2116406311","0.0769231"
"2169257305","2568800058","0.0769231"
"2568800058","2169257305","0.0769231"
"2542930352","2568800058","0.0769231"
"2568800058","2542930352","0.0769231"
"2542930352","47793185","0.0769231"
"47793185","2542930352","0.0769231"
"1795122992","2755550447","0.25"
"2755550447","1795122992","0.25"
"2044255712","2101809822","1.75"
"2101809822","2044255712","1.75"
"2044255712","2755550447","0.25"
"2755550447","2044255712","0.25"
"2044255712","2756138356","0.25"
"2756138356","2044255712","0.25"
"2101809822","2755550447","0.25"
"2755550447","2101809822","0.25"
"2101809822","2756138356","0.361111"
"2756138356","2101809822","0.361111"
"2755550447","2756138356","0.25"
"2756138356","2755550447","0.25"
"1824959172","2044255712","0.5"
"2044255712","1824959172","0.5"
"1983650165","2044255712","0.95"
"2044255712","1983650165","0.95"
"1893515342","2101809822","0.5"
"2101809822","1893515342","0.5"
"2101809822","2253283309","0.5"
"2253283309","2101809822","0.5"
"1893515342","1984127021","1"
"1984127021","1893515342","1"
"1972514554","1975607958","4.83333"
"1975607958","1972514554","4.83333"
"1972514554","2030690140","1.16667"
"2030690140","1972514554","1.16667"
"1975607958","2030690140","0.333333"
"2030690140","1975607958","0.333333"
"1975607958","2275893319","0.333333"
"2275893319","1975607958","0.333333"
"2030690140","2275893319","1.16667"
"2275893319","2030690140","1.16667"
"1972514554","2106692452","1.5"
"2106692452","1972514554","1.5"
"1975607958","2106692452","3.5"
"2106692452","1975607958","3.5"
"1972514554","2030157633","3.41667"
"2030157633","1972514554","3.41667"
"1972514554","2141805918","1.33333"
"2141805918","1972514554","1.33333"
"1972514554","2735827401","1.33333"
"2735827401","1972514554","1.33333"
"2030157633","2140734389","2"
"2140734389","2030157633","2"
"2030157633","2141805918","1.41667"
"2141805918","2030157633","1.41667"
"2030157633","2735827401","0.5"
"2735827401","2030157633","0.5"
"2140734389","2141805918","2.5"
"2141805918","2140734389","2.5"
"2140734389","2735827401","1.91667"
"2735827401","2140734389","1.91667"
"2141805918","2735827401","3.33333"
"2735827401","2141805918","3.33333"
"1972514554","3021023391","0.833333"
"3021023391","1972514554","0.833333"
"1972514554","4628921","2.25"
"4628921","1972514554","2.25"
"2030690140","4628921","0.333333"
"4628921","2030690140","0.333333"
"3021023391","4628921","0.333333"
"4628921","3021023391","0.333333"
"2030157633","4628921","1.08333"
"4628921","2030157633","1.08333"
"2140734389","4628921","2.2"
"4628921","2140734389","2.2"
"2141805918","4628921","2.08333"
"4628921","2141805918","2.08333"
"2735827401","4628921","3.66667"
"4628921","2735827401","3.66667"
"1975607958","2030157633","0.333333"
"2030157633","1975607958","0.333333"
"1975607958","2140734389","0.333333"
"2140734389","1975607958","0.333333"
"1975607958","2141805918","0.333333"
"2141805918","1975607958","0.333333"
"1983650165","2253283309","0.75"
"2253283309","1983650165","0.75"
"1983650165","2610559138","0.75"
"2610559138","1983650165","0.75"
"2044255712","2115331914","0.2"
"2115331914","2044255712","0.2"
"2044255712","2116406311","0.45"
"2116406311","2044255712","0.45"
"2044255712","47793185","0.2"
"47793185","2044255712","0.2"
"1983650165","2625592095","0.5"
"2625592095","1983650165","0.5"
"1983650165","2101809822","0.111111"
"2101809822","1983650165","0.111111"
"1983650165","2542930352","0.111111"
"2542930352","1983650165","0.111111"
"1983650165","2571259184","0.111111"
"2571259184","1983650165","0.111111"
"1983650165","2756138356","0.111111"
"2756138356","1983650165","0.111111"
"1984127021","2571259184","0.111111"
"2571259184","1984127021","0.111111"
"1984127021","2756138356","0.111111"
"2756138356","1984127021","0.111111"
"2031763556","2571259184","0.111111"
"2571259184","2031763556","0.111111"
"2066655325","2571259184","0.111111"
"2571259184","2066655325","0.111111"
"2101809822","2571259184","0.111111"
"2571259184","2101809822","0.111111"
"2101809822","2579421226","0.111111"
"2579421226","2101809822","0.111111"
"2101809822","289861815","0.111111"
"289861815","2101809822","0.111111"
"2542930352","2571259184","0.111111"
"2571259184","2542930352","0.111111"
"2542930352","2579421226","0.611111"
"2579421226","2542930352","0.611111"
"2542930352","2756138356","0.111111"
"2756138356","2542930352","0.111111"
"2542930352","289861815","0.111111"
"289861815","2542930352","0.111111"
"2571259184","2579421226","0.111111"
"2579421226","2571259184","0.111111"
"2571259184","2756138356","1.11111"
"2756138356","2571259184","1.11111"
"2571259184","289861815","0.111111"
"289861815","2571259184","0.111111"
"1983650165","2017278753","0.25"
"2017278753","1983650165","0.25"
"1983650165","2568800058","0.25"
"2568800058","1983650165","0.25"
"2017278753","2044255712","0.25"
"2044255712","2017278753","0.25"
"2044255712","2568800058","0.25"
"2568800058","2044255712","0.25"
"1984127021","2275893319","0.5"
"2275893319","1984127021","0.5"
"2066655325","2275893319","0.5"
"2275893319","2066655325","0.5"
"2542930352","2678399610","0.333333"
"2678399610","2542930352","0.333333"
"2030157633","2117482119","0.25"
"2117482119","2030157633","0.25"
"2117482119","2140734389","0.25"
"2140734389","2117482119","0.25"
"2117482119","2735827401","1.25"
"2735827401","2117482119","1.25"
"2117482119","4628921","0.25"
"4628921","2117482119","0.25"
"2030157633","2030690140","0.5"
"2030690140","2030157633","0.5"
"2030157633","3021023391","0.5"
"3021023391","2030157633","0.5"
"2275893319","3021023391","0.833333"
"3021023391","2275893319","0.833333"
"2031763556","2625592095","0.333333"
"2625592095","2031763556","0.333333"
"2066655325","2625592095","0.333333"
"2625592095","2066655325","0.333333"
"2101809822","2625592095","0.833333"
"2625592095","2101809822","0.833333"
"2044255712","2625592095","2.5"
"2625592095","2044255712","2.5"
"2044255712","2066655325","0.2"
"2066655325","2044255712","0.2"
"2044255712","2106692452","0.2"
"2106692452","2044255712","0.2"
"2044255712","2140734389","0.2"
"2140734389","2044255712","0.2"
"2044255712","4628921","0.2"
"4628921","2044255712","0.2"
"2066655325","2106692452","0.2"
"2106692452","2066655325","0.2"
"2066655325","2140734389","0.2"
"2140734389","2066655325","0.2"
"2066655325","4628921","0.2"
"4628921","2066655325","0.2"
"2066948538","2106692452","0.2"
"2106692452","2066948538","0.2"
"2066948538","4628921","0.2"
"4628921","2066948538","0.2"
"2106692452","2140734389","0.2"
"2140734389","2106692452","0.2"
"2106692452","4628921","0.2"
"4628921","2106692452","0.2"
"2140734389","2744098782","0.5"
"2744098782","2140734389","0.5"
"2069508797","2099835196","8"
"2099835196","2069508797","8"
"2101809822","2117482119","1"
"2117482119","2101809822","1"
"2106692452","2117482119","1"
"2117482119","2106692452","1"
"2253283309","2296104469","1"
"2296104469","2253283309","1"
"2296104469","2755550447","2"
"2755550447","2296104469","2"
