"1572821578","1607925518","0.2"
"1607925518","1572821578","0.2"
"1572821578","2125227611","0.2625"
"2125227611","1572821578","0.2625"
"1572821578","2125869150","0.2625"
"2125869150","1572821578","0.2625"
"1572821578","2243152727","0.325"
"2243152727","1572821578","0.325"
"1572821578","2563363262","2.63056"
"2563363262","1572821578","2.63056"
"1607925518","2125227611","0.2"
"2125227611","1607925518","0.2"
"1607925518","2125869150","0.2"
"2125869150","1607925518","0.2"
"1607925518","2243152727","0.2"
"2243152727","1607925518","0.2"
"1607925518","2563363262","1.7754"
"2563363262","1607925518","1.7754"
"2125227611","2125869150","16.7625"
"2125869150","2125227611","16.7625"
"2125227611","2243152727","0.2625"
"2243152727","2125227611","0.2625"
"2125227611","2563363262","0.595833"
"2563363262","2125227611","0.595833"
"2125869150","2243152727","0.2625"
"2243152727","2125869150","0.2625"
"2125869150","2563363262","0.595833"
"2563363262","2125869150","0.595833"
"2243152727","2563363262","2.61667"
"2563363262","2243152727","2.61667"
"1572821578","2008653289","2.93056"
"2008653289","1572821578","2.93056"
"1572821578","2063080686","0.618056"
"2063080686","1572821578","0.618056"
"1572821578","2610981715","0.444444"
"2610981715","1572821578","0.444444"
"2008653289","2063080686","1.81513"
"2063080686","2008653289","1.81513"
"2008653289","2563363262","15.9443"
"2563363262","2008653289","15.9443"
"2008653289","2610981715","0.497076"
"2610981715","2008653289","0.497076"
"2063080686","2563363262","2.34846"
"2563363262","2063080686","2.34846"
"2063080686","2610981715","0.663743"
"2610981715","2063080686","0.663743"
"2563363262","2610981715","4.15581"
"2610981715","2563363262","4.15581"
"1572821578","2078149863","0.458333"
"2078149863","1572821578","0.458333"
"1572821578","2081030515","0.5625"
"2081030515","1572821578","0.5625"
"2008653289","2078149863","0.764933"
"2078149863","2008653289","0.764933"
"2008653289","2081030515","0.5625"
"2081030515","2008653289","0.5625"
"2078149863","2081030515","0.3125"
"2081030515","2078149863","0.3125"
"2078149863","2563363262","4.34747"
"2563363262","2078149863","4.34747"
"2081030515","2563363262","1.5625"
"2563363262","2081030515","1.5625"
"1572821578","185394792","0.506944"
"185394792","1572821578","0.506944"
"1572821578","1985041962","0.173611"
"1985041962","1572821578","0.173611"
"1572821578","2042705691","0.423611"
"2042705691","1572821578","0.423611"
"1572821578","2113948632","0.173611"
"2113948632","1572821578","0.173611"
"1572821578","2141837194","0.111111"
"2141837194","1572821578","0.111111"
"1572821578","2291668214","0.222222"
"2291668214","1572821578","0.222222"
"185394792","1985041962","1.78472"
"1985041962","185394792","1.78472"
"185394792","2008653289","1.15139"
"2008653289","185394792","1.15139"
"185394792","2042705691","0.284722"
"2042705691","185394792","0.284722"
"185394792","2063080686","0.368056"
"2063080686","185394792","0.368056"
"185394792","2113948632","0.111111"
"2113948632","185394792","0.111111"
"185394792","2141837194","0.111111"
"2141837194","185394792","0.111111"
"185394792","2291668214","0.111111"
"2291668214","185394792","0.111111"
"185394792","2563363262","4.49425"
"2563363262","185394792","4.49425"
"1985041962","2008653289","0.284722"
"2008653289","1985041962","0.284722"
"1985041962","2042705691","0.284722"
"2042705691","1985041962","0.284722"
"1985041962","2063080686","0.284722"
"2063080686","1985041962","0.284722"
"1985041962","2113948632","0.111111"
"2113948632","1985041962","0.111111"
"1985041962","2141837194","0.111111"
"2141837194","1985041962","0.111111"
"1985041962","2291668214","2.01944"
"2291668214","1985041962","2.01944"
"1985041962","2563363262","0.909722"
"2563363262","1985041962","0.909722"
"2008653289","2042705691","0.701389"
"2042705691","2008653289","0.701389"
"2008653289","2113948632","0.173611"
"2113948632","2008653289","0.173611"
"2008653289","2141837194","0.111111"
"2141837194","2008653289","0.111111"
"2008653289","2291668214","0.222222"
"2291668214","2008653289","0.222222"
"2042705691","2063080686","0.284722"
"2063080686","2042705691","0.284722"
"2042705691","2113948632","0.111111"
"2113948632","2042705691","0.111111"
"2042705691","2141837194","0.111111"
"2141837194","2042705691","0.111111"
"2042705691","2291668214","0.18254"
"2291668214","2042705691","0.18254"
"2042705691","2563363262","1.33234"
"2563363262","2042705691","1.33234"
"2063080686","2113948632","0.111111"
"2113948632","2063080686","0.111111"
"2063080686","2141837194","0.111111"
"2141837194","2063080686","0.111111"
"2063080686","2291668214","0.222222"
"2291668214","2063080686","0.222222"
"2113948632","2141837194","1.44444"
"2141837194","2113948632","1.44444"
"2113948632","2291668214","0.111111"
"2291668214","2113948632","0.111111"
"2113948632","2563363262","0.173611"
"2563363262","2113948632","0.173611"
"2141837194","2291668214","0.111111"
"2291668214","2141837194","0.111111"
"2141837194","2563363262","0.111111"
"2563363262","2141837194","0.111111"
"2291668214","2563363262","2.52976"
"2563363262","2291668214","2.52976"
"1572821578","2066362855","0.506944"
"2066362855","1572821578","0.506944"
"2008653289","2066362855","0.837354"
"2066362855","2008653289","0.837354"
"2042705691","2066362855","1.98313"
"2066362855","2042705691","1.98313"
"2066362855","2563363262","3.34132"
"2563363262","2066362855","3.34132"
"1572821578","2032485670","0.3125"
"2032485670","1572821578","0.3125"
"1572821578","2056318365","0.25"
"2056318365","1572821578","0.25"
"1572821578","2995149157","0.25"
"2995149157","1572821578","0.25"
"2032485670","2056318365","6.39286"
"2056318365","2032485670","6.39286"
"2032485670","2081030515","0.3125"
"2081030515","2032485670","0.3125"
"2032485670","2995149157","0.75"
"2995149157","2032485670","0.75"
"2056318365","2081030515","0.25"
"2081030515","2056318365","0.25"
"2056318365","2995149157","0.25"
"2995149157","2056318365","0.25"
"2081030515","2995149157","0.25"
"2995149157","2081030515","0.25"
"1572821578","1984605336","0.645833"
"1984605336","1572821578","0.645833"
"1984605336","2563363262","1.89489"
"2563363262","1984605336","1.89489"
"1572821578","2037038338","0.423611"
"2037038338","1572821578","0.423611"
"185394792","2037038338","0.5125"
"2037038338","185394792","0.5125"
"2008653289","2037038338","0.956944"
"2037038338","2008653289","0.956944"
"2037038338","2563363262","0.623611"
"2563363262","2037038338","0.623611"
"1572821578","2007121217","0.125"
"2007121217","1572821578","0.125"
"1572821578","2070477427","0.145833"
"2070477427","1572821578","0.145833"
"1572821578","2797722071","0.145833"
"2797722071","1572821578","0.145833"
"1572821578","2901016516","0.173611"
"2901016516","1572821578","0.173611"
"1572821578","2913589315","0.256944"
"2913589315","1572821578","0.256944"
"185394792","1984605336","1.3125"
"1984605336","185394792","1.3125"
"185394792","2007121217","0.2625"
"2007121217","185394792","0.2625"
"185394792","2066362855","0.399802"
"2066362855","185394792","0.399802"
"185394792","2070477427","0.256944"
"2070477427","185394792","0.256944"
"185394792","2078149863","1.0998"
"2078149863","185394792","1.0998"
"185394792","2243152727","0.5625"
"2243152727","185394792","0.5625"
"185394792","2797722071","0.622024"
"2797722071","185394792","0.622024"
"185394792","2901016516","0.53869"
"2901016516","185394792","0.53869"
"185394792","2913589315","0.28869"
"2913589315","185394792","0.28869"
"1984605336","1985041962","2.6875"
"1985041962","1984605336","2.6875"
"1984605336","2007121217","0.115132"
"2007121217","1984605336","0.115132"
"1984605336","2008653289","0.531798"
"2008653289","1984605336","0.531798"
"1984605336","2037038338","0.395833"
"2037038338","1984605336","0.395833"
"1984605336","2042705691","0.133929"
"2042705691","1984605336","0.133929"
"1984605336","2063080686","0.531798"
"2063080686","1984605336","0.531798"
"1984605336","2066362855","0.198465"
"2066362855","1984605336","0.198465"
"1984605336","2070477427","0.269893"
"2070477427","1984605336","0.269893"
"1984605336","2078149863","0.769893"
"2078149863","1984605336","0.769893"
"1984605336","2243152727","0.1875"
"2243152727","1984605336","0.1875"
"1984605336","2797722071","0.217262"
"2797722071","1984605336","0.217262"
"1984605336","2901016516","0.467262"
"2901016516","1984605336","0.467262"
"1984605336","2913589315","0.217262"
"2913589315","1984605336","0.217262"
"1985041962","2007121217","0.0625"
"2007121217","1985041962","0.0625"
"1985041962","2037038338","0.0625"
"2037038338","1985041962","0.0625"
"1985041962","2066362855","0.173611"
"2066362855","1985041962","0.173611"
"1985041962","2070477427","0.173611"
"2070477427","1985041962","0.173611"
"1985041962","2078149863","0.673611"
"2078149863","1985041962","0.673611"
"1985041962","2243152727","0.770833"
"2243152727","1985041962","0.770833"
"1985041962","2797722071","4.34583"
"2797722071","1985041962","4.34583"
"1985041962","2901016516","2.34583"
"2901016516","1985041962","2.34583"
"1985041962","2913589315","2.2625"
"2913589315","1985041962","2.2625"
"2007121217","2008653289","0.320489"
"2008653289","2007121217","0.320489"
"2007121217","2037038338","0.0625"
"2037038338","2007121217","0.0625"
"2007121217","2042705691","0.395833"
"2042705691","2007121217","0.395833"
"2007121217","2063080686","0.115132"
"2063080686","2007121217","0.115132"
"2007121217","2066362855","0.226243"
"2066362855","2007121217","0.226243"
"2007121217","2070477427","0.115132"
"2070477427","2007121217","0.115132"
"2007121217","2078149863","4.6316"
"2078149863","2007121217","4.6316"
"2007121217","2243152727","0.125"
"2243152727","2007121217","0.125"
"2007121217","2563363262","1.48874"
"2563363262","2007121217","1.48874"
"2007121217","2797722071","0.173611"
"2797722071","2007121217","0.173611"
"2007121217","2901016516","0.173611"
"2901016516","2007121217","0.173611"
"2007121217","2913589315","0.173611"
"2913589315","2007121217","0.173611"
"2008653289","2070477427","0.309576"
"2070477427","2008653289","0.309576"
"2008653289","2243152727","0.125"
"2243152727","2008653289","0.125"
"2008653289","2797722071","0.479167"
"2797722071","2008653289","0.479167"
"2008653289","2901016516","0.173611"
"2901016516","2008653289","0.173611"
"2008653289","2913589315","0.256944"
"2913589315","2008653289","0.256944"
"2037038338","2042705691","0.0625"
"2042705691","2037038338","0.0625"
"2037038338","2063080686","0.506944"
"2063080686","2037038338","0.506944"
"2037038338","2066362855","0.173611"
"2066362855","2037038338","0.173611"
"2037038338","2070477427","0.0625"
"2070477427","2037038338","0.0625"
"2037038338","2078149863","0.0625"
"2078149863","2037038338","0.0625"
"2037038338","2243152727","0.0625"
"2243152727","2037038338","0.0625"
"2037038338","2797722071","0.0625"
"2797722071","2037038338","0.0625"
"2037038338","2901016516","0.173611"
"2901016516","2037038338","0.173611"
"2037038338","2913589315","0.173611"
"2913589315","2037038338","0.173611"
"2042705691","2070477427","0.780754"
"2070477427","2042705691","0.780754"
"2042705691","2078149863","0.24504"
"2078149863","2042705691","0.24504"
"2042705691","2243152727","0.229167"
"2243152727","2042705691","0.229167"
"2042705691","2797722071","0.133929"
"2797722071","2042705691","0.133929"
"2042705691","2901016516","0.133929"
"2901016516","2042705691","0.133929"
"2042705691","2913589315","0.133929"
"2913589315","2042705691","0.133929"
"2063080686","2066362855","0.420687"
"2066362855","2063080686","0.420687"
"2063080686","2070477427","0.309576"
"2070477427","2063080686","0.309576"
"2063080686","2078149863","1.00958"
"2078149863","2063080686","1.00958"
"2063080686","2243152727","0.229167"
"2243152727","2063080686","0.229167"
"2063080686","2797722071","0.645833"
"2797722071","2063080686","0.645833"
"2063080686","2901016516","0.706944"
"2901016516","2063080686","0.706944"
"2063080686","2913589315","0.756944"
"2913589315","2063080686","0.756944"
"2066362855","2070477427","0.702433"
"2070477427","2066362855","0.702433"
"2066362855","2078149863","0.563544"
"2078149863","2066362855","0.563544"
"2066362855","2243152727","0.0625"
"2243152727","2066362855","0.0625"
"2066362855","2797722071","0.399802"
"2797722071","2066362855","0.399802"
"2066362855","2901016516","0.427579"
"2901016516","2066362855","0.427579"
"2066362855","2913589315","0.510913"
"2913589315","2066362855","0.510913"
"2070477427","2078149863","0.381005"
"2078149863","2070477427","0.381005"
"2070477427","2243152727","0.0625"
"2243152727","2070477427","0.0625"
"2070477427","2563363262","0.773862"
"2563363262","2070477427","0.773862"
"2070477427","2797722071","0.217262"
"2797722071","2070477427","0.217262"
"2070477427","2901016516","0.133929"
"2901016516","2070477427","0.133929"
"2070477427","2913589315","0.217262"
"2913589315","2070477427","0.217262"
"2078149863","2243152727","1.125"
"2243152727","2078149863","1.125"
"2078149863","2797722071","0.47123"
"2797722071","2078149863","0.47123"
"2078149863","2901016516","0.754564"
"2901016516","2078149863","0.754564"
"2078149863","2913589315","0.637897"
"2913589315","2078149863","0.637897"
"2243152727","2797722071","0.479167"
"2797722071","2243152727","0.479167"
"2243152727","2901016516","0.0625"
"2901016516","2243152727","0.0625"
"2243152727","2913589315","0.229167"
"2913589315","2243152727","0.229167"
"2563363262","2797722071","3.1379"
"2797722071","2563363262","3.1379"
"2563363262","2901016516","1.03234"
"2901016516","2563363262","1.03234"
"2563363262","2913589315","1.08234"
"2913589315","2563363262","1.08234"
"2797722071","2901016516","5.25456"
"2901016516","2797722071","5.25456"
"2797722071","2913589315","5.42123"
"2913589315","2797722071","5.42123"
"2901016516","2913589315","10.699"
"2913589315","2901016516","10.699"
"1572821578","1970507444","0.0625"
"1970507444","1572821578","0.0625"
"1572821578","1982673860","0.0625"
"1982673860","1572821578","0.0625"
"1572821578","1987088513","0.0625"
"1987088513","1572821578","0.0625"
"1572821578","2061148657","0.0625"
"2061148657","1572821578","0.0625"
"1572821578","2086226427","0.0625"
"2086226427","1572821578","0.0625"
"1572821578","2166153889","0.0625"
"2166153889","1572821578","0.0625"
"1970507444","1982673860","0.115132"
"1982673860","1970507444","0.115132"
"1970507444","1987088513","0.0625"
"1987088513","1970507444","0.0625"
"1970507444","2007121217","0.457989"
"2007121217","1970507444","0.457989"
"1970507444","2008653289","0.3691"
"2008653289","1970507444","0.3691"
"1970507444","2032485670","0.205357"
"2032485670","1970507444","0.205357"
"1970507444","2061148657","0.0625"
"2061148657","1970507444","0.0625"
"1970507444","2078149863","1.90243"
"2078149863","1970507444","1.90243"
"1970507444","2081030515","0.0625"
"2081030515","1970507444","0.0625"
"1970507444","2086226427","0.205357"
"2086226427","1970507444","0.205357"
"1970507444","2113948632","0.0625"
"2113948632","1970507444","0.0625"
"1970507444","2125227611","0.0625"
"2125227611","1970507444","0.0625"
"1970507444","2125869150","0.0625"
"2125869150","1970507444","0.0625"
"1970507444","2166153889","0.115132"
"2166153889","1970507444","0.115132"
"1970507444","2243152727","0.0625"
"2243152727","1970507444","0.0625"
"1970507444","2563363262","0.759576"
"2563363262","1970507444","0.759576"
"1982673860","1987088513","0.0625"
"1987088513","1982673860","0.0625"
"1982673860","2007121217","0.115132"
"2007121217","1982673860","0.115132"
"1982673860","2008653289","0.315132"
"2008653289","1982673860","0.315132"
"1982673860","2032485670","0.0625"
"2032485670","1982673860","0.0625"
"1982673860","2061148657","0.405357"
"2061148657","1982673860","0.405357"
"1982673860","2078149863","0.38656"
"2078149863","1982673860","0.38656"
"1982673860","2081030515","0.0625"
"2081030515","1982673860","0.0625"
"1982673860","2086226427","0.0625"
"2086226427","1982673860","0.0625"
"1982673860","2113948632","0.0625"
"2113948632","1982673860","0.0625"
"1982673860","2125227611","0.0625"
"2125227611","1982673860","0.0625"
"1982673860","2125869150","0.0625"
"2125869150","1982673860","0.0625"
"1982673860","2166153889","4.06275"
"2166153889","1982673860","4.06275"
"1982673860","2243152727","0.9625"
"2243152727","1982673860","0.9625"
"1982673860","2563363262","1.22942"
"2563363262","1982673860","1.22942"
"1987088513","2007121217","0.0625"
"2007121217","1987088513","0.0625"
"1987088513","2008653289","0.395833"
"2008653289","1987088513","0.395833"
"1987088513","2032485670","0.395833"
"2032485670","1987088513","0.395833"
"1987088513","2061148657","0.0625"
"2061148657","1987088513","0.0625"
"1987088513","2078149863","1.5625"
"2078149863","1987088513","1.5625"
"1987088513","2081030515","0.0625"
"2081030515","1987088513","0.0625"
"1987088513","2086226427","0.0625"
"2086226427","1987088513","0.0625"
"1987088513","2113948632","0.0625"
"2113948632","1987088513","0.0625"
"1987088513","2125227611","0.0625"
"2125227611","1987088513","0.0625"
"1987088513","2125869150","0.0625"
"2125869150","1987088513","0.0625"
"1987088513","2166153889","0.0625"
"2166153889","1987088513","0.0625"
"1987088513","2243152727","0.0625"
"2243152727","1987088513","0.0625"
"1987088513","2563363262","0.895833"
"2563363262","1987088513","0.895833"
"2007121217","2032485670","0.205357"
"2032485670","2007121217","0.205357"
"2007121217","2061148657","0.0625"
"2061148657","2007121217","0.0625"
"2007121217","2081030515","0.0625"
"2081030515","2007121217","0.0625"
"2007121217","2086226427","0.205357"
"2086226427","2007121217","0.205357"
"2007121217","2113948632","0.0625"
"2113948632","2007121217","0.0625"
"2007121217","2125227611","0.0625"
"2125227611","2007121217","0.0625"
"2007121217","2125869150","0.0625"
"2125869150","2007121217","0.0625"
"2007121217","2166153889","0.115132"
"2166153889","2007121217","0.115132"
"2008653289","2032485670","0.53869"
"2032485670","2008653289","0.53869"
"2008653289","2061148657","0.2625"
"2061148657","2008653289","0.2625"
"2008653289","2086226427","0.405357"
"2086226427","2008653289","0.405357"
"2008653289","2125227611","0.0625"
"2125227611","2008653289","0.0625"
"2008653289","2125869150","0.0625"
"2125869150","2008653289","0.0625"
"2008653289","2166153889","0.315132"
"2166153889","2008653289","0.315132"
"2032485670","2061148657","0.0625"
"2061148657","2032485670","0.0625"
"2032485670","2078149863","0.205357"
"2078149863","2032485670","0.205357"
"2032485670","2086226427","4.20536"
"2086226427","2032485670","4.20536"
"2032485670","2113948632","0.0625"
"2113948632","2032485670","0.0625"
"2032485670","2125227611","0.0625"
"2125227611","2032485670","0.0625"
"2032485670","2125869150","0.0625"
"2125869150","2032485670","0.0625"
"2032485670","2166153889","0.0625"
"2166153889","2032485670","0.0625"
"2032485670","2243152727","0.0625"
"2243152727","2032485670","0.0625"
"2032485670","2563363262","0.395833"
"2563363262","2032485670","0.395833"
"2061148657","2078149863","0.0625"
"2078149863","2061148657","0.0625"
"2061148657","2081030515","0.0625"
"2081030515","2061148657","0.0625"
"2061148657","2086226427","0.2625"
"2086226427","2061148657","0.2625"
"2061148657","2113948632","0.0625"
"2113948632","2061148657","0.0625"
"2061148657","2125227611","0.0625"
"2125227611","2061148657","0.0625"
"2061148657","2125869150","0.0625"
"2125869150","2061148657","0.0625"
"2061148657","2166153889","0.229167"
"2166153889","2061148657","0.229167"
"2061148657","2243152727","0.354167"
"2243152727","2061148657","0.354167"
"2061148657","2563363262","0.554167"
"2563363262","2061148657","0.554167"
"2078149863","2086226427","0.205357"
"2086226427","2078149863","0.205357"
"2078149863","2113948632","0.0625"
"2113948632","2078149863","0.0625"
"2078149863","2125227611","0.0625"
"2125227611","2078149863","0.0625"
"2078149863","2125869150","0.0625"
"2125869150","2078149863","0.0625"
"2078149863","2166153889","0.18656"
"2166153889","2078149863","0.18656"
"2081030515","2086226427","0.0625"
"2086226427","2081030515","0.0625"
"2081030515","2113948632","0.0625"
"2113948632","2081030515","0.0625"
"2081030515","2125227611","0.395833"
"2125227611","2081030515","0.395833"
"2081030515","2125869150","0.395833"
"2125869150","2081030515","0.395833"
"2081030515","2166153889","0.0625"
"2166153889","2081030515","0.0625"
"2081030515","2243152727","0.0625"
"2243152727","2081030515","0.0625"
"2086226427","2113948632","0.395833"
"2113948632","2086226427","0.395833"
"2086226427","2125227611","0.0625"
"2125227611","2086226427","0.0625"
"2086226427","2125869150","0.0625"
"2125869150","2086226427","0.0625"
"2086226427","2166153889","0.0625"
"2166153889","2086226427","0.0625"
"2086226427","2243152727","0.0625"
"2243152727","2086226427","0.0625"
"2086226427","2563363262","0.2625"
"2563363262","2086226427","0.2625"
"2113948632","2125227611","0.395833"
"2125227611","2113948632","0.395833"
"2113948632","2125869150","0.395833"
"2125869150","2113948632","0.395833"
"2113948632","2166153889","1.0625"
"2166153889","2113948632","1.0625"
"2113948632","2243152727","0.0625"
"2243152727","2113948632","0.0625"
"2125227611","2166153889","0.395833"
"2166153889","2125227611","0.395833"
"2125869150","2166153889","0.395833"
"2166153889","2125869150","0.395833"
"2166153889","2243152727","0.7625"
"2243152727","2166153889","0.7625"
"2166153889","2563363262","1.02942"
"2563363262","2166153889","1.02942"
"1572821578","2165891495","0.0833333"
"2165891495","1572821578","0.0833333"
"185394792","2165891495","0.22619"
"2165891495","185394792","0.22619"
"185394792","2610981715","0.0833333"
"2610981715","185394792","0.0833333"
"1984605336","2165891495","0.207393"
"2165891495","1984605336","0.207393"
"1984605336","2610981715","0.207393"
"2610981715","1984605336","0.207393"
"2008653289","2165891495","0.135965"
"2165891495","2008653289","0.135965"
"2063080686","2165891495","0.335965"
"2165891495","2063080686","0.335965"
"2066362855","2165891495","0.278822"
"2165891495","2066362855","0.278822"
"2066362855","2610981715","0.358187"
"2610981715","2066362855","0.358187"
"2070477427","2165891495","0.207393"
"2165891495","2070477427","0.207393"
"2070477427","2610981715","0.350251"
"2610981715","2070477427","0.350251"
"2078149863","2165891495","0.716917"
"2165891495","2078149863","0.716917"
"2078149863","2610981715","0.485171"
"2610981715","2078149863","0.485171"
"2165891495","2563363262","1.71692"
"2563363262","2165891495","1.71692"
"2165891495","2610981715","0.37406"
"2610981715","2165891495","0.37406"
"2165891495","2797722071","0.297619"
"2797722071","2165891495","0.297619"
"2165891495","2913589315","0.464286"
"2913589315","2165891495","0.464286"
"2610981715","2797722071","2.54921"
"2797722071","2610981715","2.54921"
"2610981715","2913589315","2.07698"
"2913589315","2610981715","2.07698"
"2037038338","2291668214","0.111111"
"2291668214","2037038338","0.111111"
"2037038338","2610981715","0.111111"
"2610981715","2037038338","0.111111"
"2066362855","2291668214","0.222222"
"2291668214","2066362855","0.222222"
"2291668214","2610981715","4.16032"
"2610981715","2291668214","4.16032"
"2291668214","2901016516","1.24365"
"2901016516","2291668214","1.24365"
"2291668214","2913589315","0.910317"
"2913589315","2291668214","0.910317"
"2610981715","2901016516","1.57698"
"2901016516","2610981715","1.57698"
"1588840856","2084225040","2.81667"
"2084225040","1588840856","2.81667"
"1588840856","2000738236","2"
"2000738236","1588840856","2"
"2000738236","2084225040","1"
"2084225040","2000738236","1"
"1588840856","1982673860","0.9"
"1982673860","1588840856","0.9"
"1588840856","2004403975","0.833333"
"2004403975","1588840856","0.833333"
"1588840856","2037038338","1.73333"
"2037038338","1588840856","1.73333"
"1982673860","2004403975","1.84286"
"2004403975","1982673860","1.84286"
"1982673860","2037038338","0.533333"
"2037038338","1982673860","0.533333"
"2004403975","2037038338","0.333333"
"2037038338","2004403975","0.333333"
"1588840856","2005996634","1"
"2005996634","1588840856","1"
"1588840856","2112294638","3.31667"
"2112294638","1588840856","3.31667"
"1588840856","2243152727","0.616667"
"2243152727","1588840856","0.616667"
"1588840856","2563363262","0.95"
"2563363262","1588840856","0.95"
"1982673860","2084225040","0.566667"
"2084225040","1982673860","0.566667"
"1982673860","2112294638","0.619298"
"2112294638","1982673860","0.619298"
"2004403975","2084225040","0.166667"
"2084225040","2004403975","0.166667"
"2004403975","2112294638","1.16667"
"2112294638","2004403975","1.16667"
"2004403975","2243152727","0.366667"
"2243152727","2004403975","0.366667"
"2004403975","2563363262","0.642857"
"2563363262","2004403975","0.642857"
"2084225040","2112294638","0.7"
"2112294638","2084225040","0.7"
"2084225040","2243152727","0.366667"
"2243152727","2084225040","0.366667"
"2084225040","2563363262","0.75"
"2563363262","2084225040","0.75"
"2112294638","2243152727","0.416667"
"2243152727","2112294638","0.416667"
"2112294638","2563363262","0.952632"
"2563363262","2112294638","0.952632"
"1588840856","2061148657","0.7"
"2061148657","1588840856","0.7"
"2061148657","2112294638","7.53333"
"2112294638","2061148657","7.53333"
"1588840856","2035550706","0.2"
"2035550706","1588840856","0.2"
"1588840856","2166153889","0.2"
"2166153889","1588840856","0.2"
"1982673860","2035550706","0.271429"
"2035550706","1982673860","0.271429"
"2035550706","2084225040","0.2"
"2084225040","2035550706","0.2"
"2035550706","2166153889","0.438095"
"2166153889","2035550706","0.438095"
"2035550706","2243152727","4.15833"
"2243152727","2035550706","4.15833"
"2084225040","2166153889","0.2"
"2166153889","2084225040","0.2"
"1588840856","2008653289","0.783333"
"2008653289","1588840856","0.783333"
"2004403975","2008653289","1.33333"
"2008653289","2004403975","1.33333"
"1588840856","2112619565","0.333333"
"2112619565","1588840856","0.333333"
"1588840856","2125227611","0.666667"
"2125227611","1588840856","0.666667"
"1588840856","2125869150","0.666667"
"2125869150","1588840856","0.666667"
"2112619565","2125227611","2"
"2125227611","2112619565","2"
"2112619565","2125869150","2"
"2125869150","2112619565","2"
"2037038338","2061148657","0.2"
"2061148657","2037038338","0.2"
"2037038338","2084225040","0.2"
"2084225040","2037038338","0.2"
"2037038338","2112294638","0.4"
"2112294638","2037038338","0.4"
"2061148657","2084225040","0.2"
"2084225040","2061148657","0.2"
"1588840856","2092378847","0.25"
"2092378847","1588840856","0.25"
"1588840856","2119036170","0.25"
"2119036170","1588840856","0.25"
"2092378847","2112294638","0.635965"
"2112294638","2092378847","0.635965"
"2092378847","2119036170","1.91667"
"2119036170","2092378847","1.91667"
"2092378847","2243152727","1.25"
"2243152727","2092378847","1.25"
"2112294638","2119036170","1.08333"
"2119036170","2112294638","1.08333"
"2119036170","2243152727","0.25"
"2243152727","2119036170","0.25"
"1588840856","2113948632","0.333333"
"2113948632","1588840856","0.333333"
"1588840856","185394792","0.2"
"185394792","1588840856","0.2"
"185394792","2112294638","0.7"
"2112294638","185394792","0.7"
"2008653289","2112294638","1.78596"
"2112294638","2008653289","1.78596"
"1588840856","2081030515","0.25"
"2081030515","1588840856","0.25"
"2008653289","2084225040","0.583333"
"2084225040","2008653289","0.583333"
"2081030515","2084225040","0.25"
"2084225040","2081030515","0.25"
"1607925518","1982673860","0.857143"
"1982673860","1607925518","0.857143"
"1607925518","2042705691","1.10714"
"2042705691","1607925518","1.10714"
"1607925518","2061148657","0.142857"
"2061148657","1607925518","0.142857"
"1607925518","2066362855","1.50397"
"2066362855","1607925518","1.50397"
"1607925518","2070477427","0.607143"
"2070477427","1607925518","0.607143"
"1607925518","2119036170","0.142857"
"2119036170","1607925518","0.142857"
"1607925518","2170982357","0.142857"
"2170982357","1607925518","0.142857"
"1982673860","2042705691","0.857143"
"2042705691","1982673860","0.857143"
"1982673860","2066362855","0.195489"
"2066362855","1982673860","0.195489"
"1982673860","2070477427","0.409774"
"2070477427","1982673860","0.409774"
"1982673860","2119036170","0.142857"
"2119036170","1982673860","0.142857"
"1982673860","2170982357","0.342857"
"2170982357","1982673860","0.342857"
"2042705691","2061148657","0.309524"
"2061148657","2042705691","0.309524"
"2042705691","2119036170","0.142857"
"2119036170","2042705691","0.142857"
"2042705691","2170982357","0.309524"
"2170982357","2042705691","0.309524"
"2061148657","2066362855","0.142857"
"2066362855","2061148657","0.142857"
"2061148657","2070477427","0.142857"
"2070477427","2061148657","0.142857"
"2061148657","2119036170","2.55952"
"2119036170","2061148657","2.55952"
"2061148657","2170982357","0.392857"
"2170982357","2061148657","0.392857"
"2066362855","2119036170","0.142857"
"2119036170","2066362855","0.142857"
"2066362855","2170982357","0.309524"
"2170982357","2066362855","0.309524"
"2070477427","2119036170","0.142857"
"2119036170","2070477427","0.142857"
"2070477427","2170982357","0.142857"
"2170982357","2070477427","0.142857"
"2119036170","2170982357","0.392857"
"2170982357","2119036170","0.392857"
"1607925518","2004403975","0.142857"
"2004403975","1607925518","0.142857"
"1607925518","2166153889","0.214286"
"2166153889","1607925518","0.214286"
"1607925518","2610981715","0.325397"
"2610981715","1607925518","0.325397"
"1982673860","2610981715","0.466917"
"2610981715","1982673860","0.466917"
"2004403975","2042705691","0.142857"
"2042705691","2004403975","0.142857"
"2004403975","2070477427","0.142857"
"2070477427","2004403975","0.142857"
"2004403975","2166153889","0.47619"
"2166153889","2004403975","0.47619"
"2004403975","2610981715","0.342857"
"2610981715","2004403975","0.342857"
"2042705691","2166153889","0.380952"
"2166153889","2042705691","0.380952"
"2042705691","2610981715","0.214286"
"2610981715","2042705691","0.214286"
"2070477427","2166153889","0.266917"
"2166153889","2070477427","0.266917"
"2166153889","2610981715","0.766917"
"2610981715","2166153889","0.766917"
"1607925518","1984605336","0.0714286"
"1984605336","1607925518","0.0714286"
"1607925518","2035550706","0.0714286"
"2035550706","1607925518","0.0714286"
"1607925518","2078149863","0.18254"
"2078149863","1607925518","0.18254"
"1607925518","2165891495","0.0714286"
"2165891495","1607925518","0.0714286"
"1607925518","2291668214","0.18254"
"2291668214","1607925518","0.18254"
"1607925518","2797722071","0.18254"
"2797722071","1607925518","0.18254"
"1607925518","2901016516","0.18254"
"2901016516","1607925518","0.18254"
"1607925518","2913589315","0.18254"
"2913589315","1607925518","0.18254"
"1982673860","1984605336","0.12406"
"1984605336","1982673860","0.12406"
"1982673860","2165891495","0.32406"
"2165891495","1982673860","0.32406"
"1982673860","2291668214","0.0714286"
"2291668214","1982673860","0.0714286"
"1982673860","2797722071","0.0714286"
"2797722071","1982673860","0.0714286"
"1982673860","2901016516","0.271429"
"2901016516","1982673860","0.271429"
"1982673860","2913589315","0.0714286"
"2913589315","1982673860","0.0714286"
"1984605336","2035550706","0.196429"
"2035550706","1984605336","0.196429"
"1984605336","2166153889","0.12406"
"2166153889","1984605336","0.12406"
"1984605336","2291668214","0.196429"
"2291668214","1984605336","0.196429"
"2035550706","2042705691","0.238095"
"2042705691","2035550706","0.238095"
"2035550706","2070477427","0.0714286"
"2070477427","2035550706","0.0714286"
"2035550706","2078149863","1.2381"
"2078149863","2035550706","1.2381"
"2035550706","2165891495","0.238095"
"2165891495","2035550706","0.238095"
"2035550706","2291668214","0.696429"
"2291668214","2035550706","0.696429"
"2035550706","2563363262","1.69643"
"2563363262","2035550706","1.69643"
"2035550706","2610981715","0.654762"
"2610981715","2035550706","0.654762"
"2035550706","2797722071","0.738095"
"2797722071","2035550706","0.738095"
"2035550706","2901016516","0.488095"
"2901016516","2035550706","0.488095"
"2035550706","2913589315","0.904762"
"2913589315","2035550706","0.904762"
"2042705691","2165891495","0.404762"
"2165891495","2042705691","0.404762"
"2070477427","2291668214","0.0714286"
"2291668214","2070477427","0.0714286"
"2078149863","2291668214","1.18254"
"2291668214","2078149863","1.18254"
"2165891495","2166153889","0.12406"
"2166153889","2165891495","0.12406"
"2165891495","2291668214","0.0714286"
"2291668214","2165891495","0.0714286"
"2165891495","2901016516","0.580952"
"2901016516","2165891495","0.580952"
"2166153889","2291668214","1.57143"
"2291668214","2166153889","1.57143"
"2166153889","2797722071","0.0714286"
"2797722071","2166153889","0.0714286"
"2166153889","2901016516","0.0714286"
"2901016516","2166153889","0.0714286"
"2166153889","2913589315","0.0714286"
"2913589315","2166153889","0.0714286"
"2291668214","2797722071","1.38254"
"2797722071","2291668214","1.38254"
"1607925518","2007121217","0.111111"
"2007121217","1607925518","0.111111"
"2007121217","2291668214","0.111111"
"2291668214","2007121217","0.111111"
"2007121217","2610981715","0.163743"
"2610981715","2007121217","0.163743"
"1643315914","2039888599","2.16667"
"2039888599","1643315914","2.16667"
"1643315914","2109114668","2.66667"
"2109114668","1643315914","2.66667"
"1643315914","2243147110","1.16667"
"2243147110","1643315914","1.16667"
"2039888599","2109114668","1.16667"
"2109114668","2039888599","1.16667"
"2039888599","2243147110","0.666667"
"2243147110","2039888599","0.666667"
"2109114668","2243147110","4.66667"
"2243147110","2109114668","4.66667"
"1643315914","2056318365","3"
"2056318365","1643315914","3"
"1790863378","2035679478","10"
"2035679478","1790863378","10"
"1790863378","2527686047","4"
"2527686047","1790863378","4"
"2035679478","2527686047","3"
"2527686047","2035679478","3"
"1790863378","1965912542","0.5"
"1965912542","1790863378","0.5"
"1790863378","2888787505","0.5"
"2888787505","1790863378","0.5"
"1965912542","2888787505","1.5"
"2888787505","1965912542","1.5"
"1790863378","2047713368","0.5"
"2047713368","1790863378","0.5"
"1790863378","2075940826","0.5"
"2075940826","1790863378","0.5"
"2047713368","2075940826","4.05263"
"2075940826","2047713368","4.05263"
"185394792","1970507444","0.311111"
"1970507444","185394792","0.311111"
"1970507444","1985041962","0.111111"
"1985041962","1970507444","0.111111"
"1970507444","2042705691","0.111111"
"2042705691","1970507444","0.111111"
"1970507444","2063080686","0.163743"
"2063080686","1970507444","0.163743"
"1970507444","2066362855","0.163743"
"2066362855","1970507444","0.163743"
"1970507444","2070477427","1.16374"
"2070477427","1970507444","1.16374"
"185394792","2097485395","0.2"
"2097485395","185394792","0.2"
"1970507444","2097485395","0.2"
"2097485395","1970507444","0.2"
"2007121217","2097485395","0.2"
"2097485395","2007121217","0.2"
"2078149863","2097485395","0.2"
"2097485395","2078149863","0.2"
"2097485395","2563363262","0.2"
"2563363262","2097485395","0.2"
"185394792","2035550706","0.5"
"2035550706","185394792","0.5"
"185394792","2092378847","0.833333"
"2092378847","185394792","0.833333"
"2092378847","2563363262","0.552632"
"2563363262","2092378847","0.552632"
"185394792","1968787838","1.16667"
"1968787838","185394792","1.16667"
"1968787838","1984605336","2.2193"
"1984605336","1968787838","2.2193"
"1968787838","2901016516","0.333333"
"2901016516","1968787838","0.333333"
"1968787838","2092378847","0.385965"
"2092378847","1968787838","0.385965"
"1984605336","2092378847","2.7193"
"2092378847","1984605336","2.7193"
"1985041962","2112294638","0.5"
"2112294638","1985041962","0.5"
"1965912542","2797722071","2.5"
"2797722071","1965912542","2.5"
"1965912542","2981066189","1"
"2981066189","1965912542","1"
"2797722071","2981066189","2.5"
"2981066189","2797722071","2.5"
"1965912542","2610981715","0.552632"
"2610981715","1965912542","0.552632"
"1965912542","1968787838","0.0526316"
"1968787838","1965912542","0.0526316"
"1965912542","1970507444","0.0526316"
"1970507444","1965912542","0.0526316"
"1965912542","1982673860","0.0526316"
"1982673860","1965912542","0.0526316"
"1965912542","1984605336","1.17763"
"1984605336","1965912542","1.17763"
"1965912542","2007121217","0.0526316"
"2007121217","1965912542","0.0526316"
"1965912542","2008653289","0.0526316"
"2008653289","1965912542","0.0526316"
"1965912542","2047713368","0.0526316"
"2047713368","1965912542","0.0526316"
"1965912542","2063080686","0.0526316"
"2063080686","1965912542","0.0526316"
"1965912542","2066362855","0.0526316"
"2066362855","1965912542","0.0526316"
"1965912542","2070477427","0.0526316"
"2070477427","1965912542","0.0526316"
"1965912542","2075940826","0.0526316"
"2075940826","1965912542","0.0526316"
"1965912542","2078149863","0.0526316"
"2078149863","1965912542","0.0526316"
"1965912542","2092378847","0.0526316"
"2092378847","1965912542","0.0526316"
"1965912542","2112294638","0.0526316"
"2112294638","1965912542","0.0526316"
"1965912542","2165891495","0.0526316"
"2165891495","1965912542","0.0526316"
"1965912542","2166153889","0.0526316"
"2166153889","1965912542","0.0526316"
"1965912542","2563363262","0.177632"
"2563363262","1965912542","0.177632"
"1965912542","2610251148","0.0526316"
"2610251148","1965912542","0.0526316"
"1968787838","1970507444","0.0526316"
"1970507444","1968787838","0.0526316"
"1968787838","1982673860","0.0526316"
"1982673860","1968787838","0.0526316"
"1968787838","2007121217","0.0526316"
"2007121217","1968787838","0.0526316"
"1968787838","2008653289","0.0526316"
"2008653289","1968787838","0.0526316"
"1968787838","2047713368","0.0526316"
"2047713368","1968787838","0.0526316"
"1968787838","2063080686","0.0526316"
"2063080686","1968787838","0.0526316"
"1968787838","2066362855","0.0526316"
"2066362855","1968787838","0.0526316"
"1968787838","2070477427","0.0526316"
"2070477427","1968787838","0.0526316"
"1968787838","2075940826","0.0526316"
"2075940826","1968787838","0.0526316"
"1968787838","2078149863","0.0526316"
"2078149863","1968787838","0.0526316"
"1968787838","2112294638","0.0526316"
"2112294638","1968787838","0.0526316"
"1968787838","2165891495","0.0526316"
"2165891495","1968787838","0.0526316"
"1968787838","2166153889","0.0526316"
"2166153889","1968787838","0.0526316"
"1968787838","2563363262","0.0526316"
"2563363262","1968787838","0.0526316"
"1968787838","2610251148","0.0526316"
"2610251148","1968787838","0.0526316"
"1968787838","2610981715","0.0526316"
"2610981715","1968787838","0.0526316"
"1970507444","1984605336","0.0526316"
"1984605336","1970507444","0.0526316"
"1970507444","2047713368","0.0526316"
"2047713368","1970507444","0.0526316"
"1970507444","2075940826","0.0526316"
"2075940826","1970507444","0.0526316"
"1970507444","2092378847","0.0526316"
"2092378847","1970507444","0.0526316"
"1970507444","2112294638","0.0526316"
"2112294638","1970507444","0.0526316"
"1970507444","2165891495","0.0526316"
"2165891495","1970507444","0.0526316"
"1970507444","2610251148","0.0526316"
"2610251148","1970507444","0.0526316"
"1970507444","2610981715","0.0526316"
"2610981715","1970507444","0.0526316"
"1982673860","2047713368","0.0526316"
"2047713368","1982673860","0.0526316"
"1982673860","2063080686","0.452632"
"2063080686","1982673860","0.452632"
"1982673860","2075940826","0.0526316"
"2075940826","1982673860","0.0526316"
"1982673860","2092378847","0.0526316"
"2092378847","1982673860","0.0526316"
"1982673860","2610251148","0.0526316"
"2610251148","1982673860","0.0526316"
"1984605336","2047713368","1.05263"
"2047713368","1984605336","1.05263"
"1984605336","2075940826","0.0526316"
"2075940826","1984605336","0.0526316"
"1984605336","2112294638","0.0526316"
"2112294638","1984605336","0.0526316"
"1984605336","2610251148","0.0526316"
"2610251148","1984605336","0.0526316"
"2007121217","2047713368","0.0526316"
"2047713368","2007121217","0.0526316"
"2007121217","2075940826","0.0526316"
"2075940826","2007121217","0.0526316"
"2007121217","2092378847","0.0526316"
"2092378847","2007121217","0.0526316"
"2007121217","2112294638","1.05263"
"2112294638","2007121217","1.05263"
"2007121217","2165891495","0.385965"
"2165891495","2007121217","0.385965"
"2007121217","2610251148","0.0526316"
"2610251148","2007121217","0.0526316"
"2008653289","2047713368","0.0526316"
"2047713368","2008653289","0.0526316"
"2008653289","2075940826","0.0526316"
"2075940826","2008653289","0.0526316"
"2008653289","2092378847","0.0526316"
"2092378847","2008653289","0.0526316"
