"1492713280","1511569389","1.74091"
"1511569389","1492713280","1.74091"
"1492713280","1524019357","0.2"
"1524019357","1492713280","0.2"
"1492713280","1590104688","0.45"
"1590104688","1492713280","0.45"
"1492713280","2029434782","0.45"
"2029434782","1492713280","0.45"
"1492713280","2161222115","9.57424"
"2161222115","1492713280","9.57424"
"1511569389","1524019357","9.42619"
"1524019357","1511569389","9.42619"
"1511569389","1590104688","0.592857"
"1590104688","1511569389","0.592857"
"1511569389","2029434782","0.759524"
"2029434782","1511569389","0.759524"
"1511569389","2161222115","0.883766"
"2161222115","1511569389","0.883766"
"1524019357","1590104688","0.342857"
"1590104688","1524019357","0.342857"
"1524019357","2029434782","0.509524"
"2029434782","1524019357","0.509524"
"1524019357","2161222115","0.342857"
"2161222115","1524019357","0.342857"
"1590104688","2029434782","13.9262"
"2029434782","1590104688","13.9262"
"1590104688","2161222115","1.84286"
"2161222115","1590104688","1.84286"
"2029434782","2161222115","3.96786"
"2161222115","2029434782","3.96786"
"1492713280","1527149525","0.333333"
"1527149525","1492713280","0.333333"
"1492713280","2231284662","0.333333"
"2231284662","1492713280","0.333333"
"1527149525","2161222115","0.833333"
"2161222115","1527149525","0.833333"
"1527149525","2231284662","0.5"
"2231284662","1527149525","0.5"
"2161222115","2231284662","3.16667"
"2231284662","2161222115","3.16667"
"1492713280","2529309867","1.5"
"2529309867","1492713280","1.5"
"1492713280","1870564534","0.0909091"
"1870564534","1492713280","0.0909091"
"1492713280","2114801867","0.290909"
"2114801867","1492713280","0.290909"
"1492713280","2138502298","0.0909091"
"2138502298","1492713280","0.0909091"
"1492713280","2147401839","0.290909"
"2147401839","1492713280","0.290909"
"1492713280","2170519810","0.590909"
"2170519810","1492713280","0.590909"
"1492713280","2187972383","0.0909091"
"2187972383","1492713280","0.0909091"
"1492713280","2794109536","0.290909"
"2794109536","1492713280","0.290909"
"1492713280","2909836626","0.0909091"
"2909836626","1492713280","0.0909091"
"1492713280","2953586260","0.0909091"
"2953586260","1492713280","0.0909091"
"1511569389","1870564534","0.424242"
"1870564534","1511569389","0.424242"
"1511569389","2114801867","1.29091"
"2114801867","1511569389","1.29091"
"1511569389","2138502298","0.674242"
"2138502298","1511569389","0.674242"
"1511569389","2147401839","0.540909"
"2147401839","1511569389","0.540909"
"1511569389","2170519810","0.424242"
"2170519810","1511569389","0.424242"
"1511569389","2187972383","0.424242"
"2187972383","1511569389","0.424242"
"1511569389","2794109536","0.290909"
"2794109536","1511569389","0.290909"
"1511569389","2909836626","0.0909091"
"2909836626","1511569389","0.0909091"
"1511569389","2953586260","0.0909091"
"2953586260","1511569389","0.0909091"
"1870564534","2114801867","0.0909091"
"2114801867","1870564534","0.0909091"
"1870564534","2138502298","0.0909091"
"2138502298","1870564534","0.0909091"
"1870564534","2147401839","0.0909091"
"2147401839","1870564534","0.0909091"
"1870564534","2161222115","0.0909091"
"2161222115","1870564534","0.0909091"
"1870564534","2170519810","0.424242"
"2170519810","1870564534","0.424242"
"1870564534","2187972383","2.42424"
"2187972383","1870564534","2.42424"
"1870564534","2794109536","0.0909091"
"2794109536","1870564534","0.0909091"
"1870564534","2909836626","0.0909091"
"2909836626","1870564534","0.0909091"
"1870564534","2953586260","0.0909091"
"2953586260","1870564534","0.0909091"
"2114801867","2138502298","0.290909"
"2138502298","2114801867","0.290909"
"2114801867","2147401839","0.490909"
"2147401839","2114801867","0.490909"
"2114801867","2161222115","0.290909"
"2161222115","2114801867","0.290909"
"2114801867","2170519810","0.0909091"
"2170519810","2114801867","0.0909091"
"2114801867","2187972383","0.0909091"
"2187972383","2114801867","0.0909091"
"2114801867","2794109536","0.290909"
"2794109536","2114801867","0.290909"
"2114801867","2909836626","0.0909091"
"2909836626","2114801867","0.0909091"
"2114801867","2953586260","0.0909091"
"2953586260","2114801867","0.0909091"
"2138502298","2147401839","5.19924"
"2147401839","2138502298","5.19924"
"2138502298","2161222115","0.832576"
"2161222115","2138502298","0.832576"
"2138502298","2170519810","0.0909091"
"2170519810","2138502298","0.0909091"
"2138502298","2187972383","0.0909091"
"2187972383","2138502298","0.0909091"
"2138502298","2794109536","0.0909091"
"2794109536","2138502298","0.0909091"
"2138502298","2909836626","0.0909091"
"2909836626","2138502298","0.0909091"
"2138502298","2953586260","0.0909091"
"2953586260","2138502298","0.0909091"
"2147401839","2161222115","1.23258"
"2161222115","2147401839","1.23258"
"2147401839","2170519810","0.0909091"
"2170519810","2147401839","0.0909091"
"2147401839","2187972383","0.0909091"
"2187972383","2147401839","0.0909091"
"2147401839","2794109536","0.290909"
"2794109536","2147401839","0.290909"
"2147401839","2909836626","0.0909091"
"2909836626","2147401839","0.0909091"
"2147401839","2953586260","0.0909091"
"2953586260","2147401839","0.0909091"
"2161222115","2170519810","0.0909091"
"2170519810","2161222115","0.0909091"
"2161222115","2187972383","0.0909091"
"2187972383","2161222115","0.0909091"
"2161222115","2794109536","0.290909"
"2794109536","2161222115","0.290909"
"2161222115","2909836626","0.0909091"
"2909836626","2161222115","0.0909091"
"2161222115","2953586260","0.0909091"
"2953586260","2161222115","0.0909091"
"2170519810","2187972383","0.424242"
"2187972383","2170519810","0.424242"
"2170519810","2794109536","0.0909091"
"2794109536","2170519810","0.0909091"
"2170519810","2909836626","0.0909091"
"2909836626","2170519810","0.0909091"
"2170519810","2953586260","0.0909091"
"2953586260","2170519810","0.0909091"
"2187972383","2794109536","0.0909091"
"2794109536","2187972383","0.0909091"
"2187972383","2909836626","0.0909091"
"2909836626","2187972383","0.0909091"
"2187972383","2953586260","0.0909091"
"2953586260","2187972383","0.0909091"
"2794109536","2909836626","0.0909091"
"2909836626","2794109536","0.0909091"
"2794109536","2953586260","0.215909"
"2953586260","2794109536","0.215909"
"2909836626","2953586260","3.25758"
"2953586260","2909836626","3.25758"
"1492713280","1602881923","1.5"
"1602881923","1492713280","1.5"
"1602881923","2161222115","4.95833"
"2161222115","1602881923","4.95833"
"2170519810","2529309867","0.5"
"2529309867","2170519810","0.5"
"1511569389","2011555924","0.25"
"2011555924","1511569389","0.25"
"1511569389","2046859992","0.75"
"2046859992","1511569389","0.75"
"2011555924","2046859992","10.5583"
"2046859992","2011555924","10.5583"
"2011555924","2138502298","2.85833"
"2138502298","2011555924","2.85833"
"2011555924","2147401839","3.05833"
"2147401839","2011555924","3.05833"
"2046859992","2138502298","4.35833"
"2138502298","2046859992","4.35833"
"2046859992","2147401839","5.55833"
"2147401839","2046859992","5.55833"
"1511569389","2189116631","1.08333"
"2189116631","1511569389","1.08333"
"1524019357","2189116631","1.08333"
"2189116631","1524019357","1.08333"
"1511569389","1551837321","1.55952"
"1551837321","1511569389","1.55952"
"1511569389","2102783898","0.166667"
"2102783898","1511569389","0.166667"
"1511569389","45293414","0.559524"
"45293414","1511569389","0.559524"
"1511569389","8483291","0.166667"
"8483291","1511569389","0.166667"
"1524019357","1551837321","0.559524"
"1551837321","1524019357","0.559524"
"1524019357","2102783898","0.166667"
"2102783898","1524019357","0.166667"
"1524019357","45293414","0.559524"
"45293414","1524019357","0.559524"
"1524019357","8483291","0.166667"
"8483291","1524019357","0.166667"
"1551837321","2029434782","1.39286"
"2029434782","1551837321","1.39286"
"1551837321","2102783898","0.166667"
"2102783898","1551837321","0.166667"
"1551837321","45293414","4.05952"
"45293414","1551837321","4.05952"
"1551837321","8483291","0.416667"
"8483291","1551837321","0.416667"
"2029434782","2102783898","2.20833"
"2102783898","2029434782","2.20833"
"2029434782","45293414","0.309524"
"45293414","2029434782","0.309524"
"2029434782","8483291","0.416667"
"8483291","2029434782","0.416667"
"2102783898","45293414","0.166667"
"45293414","2102783898","0.166667"
"2102783898","8483291","0.166667"
"8483291","2102783898","0.166667"
"45293414","8483291","0.166667"
"8483291","45293414","0.166667"
"1511569389","177136698","0.142857"
"177136698","1511569389","0.142857"
"1524019357","177136698","0.142857"
"177136698","1524019357","0.142857"
"1551837321","1590104688","1.22619"
"1590104688","1551837321","1.22619"
"1551837321","177136698","0.142857"
"177136698","1551837321","0.142857"
"1551837321","2161222115","1.17619"
"2161222115","1551837321","1.17619"
"1590104688","177136698","0.142857"
"177136698","1590104688","0.142857"
"1590104688","45293414","0.142857"
"45293414","1590104688","0.142857"
"177136698","2029434782","0.142857"
"2029434782","177136698","0.142857"
"177136698","2161222115","0.142857"
"2161222115","177136698","0.142857"
"177136698","45293414","0.142857"
"45293414","177136698","0.142857"
"2161222115","45293414","0.642857"
"45293414","2161222115","0.642857"
"1524019357","2138502298","0.333333"
"2138502298","1524019357","0.333333"
"2138502298","2189116631","0.333333"
"2189116631","2138502298","0.333333"
"1511569389","1602881923","0.333333"
"1602881923","1511569389","0.333333"
"1511569389","1857585410","0.333333"
"1857585410","1511569389","0.333333"
"1524019357","1602881923","0.333333"
"1602881923","1524019357","0.333333"
"1524019357","1857585410","0.333333"
"1857585410","1524019357","0.333333"
"1602881923","1857585410","0.333333"
"1857585410","1602881923","0.333333"
"1524019357","2046859992","0.5"
"2046859992","1524019357","0.5"
"1551837321","2189116631","0.25"
"2189116631","1551837321","0.25"
"2189116631","45293414","0.25"
"45293414","2189116631","0.25"
"1527149525","2029434782","1"
"2029434782","1527149525","1"
"1527149525","2529309867","1"
"2529309867","1527149525","1"
"1527149525","1602881923","0.166667"
"1602881923","1527149525","0.166667"
"1527149525","2112609612","0.5"
"2112609612","1527149525","0.5"
"1527149525","2776939420","0.166667"
"2776939420","1527149525","0.166667"
"1527149525","2783126745","0.166667"
"2783126745","1527149525","0.166667"
"1602881923","2112609612","0.666667"
"2112609612","1602881923","0.666667"
"1602881923","2231284662","0.333333"
"2231284662","1602881923","0.333333"
"1602881923","2776939420","0.166667"
"2776939420","1602881923","0.166667"
"1602881923","2783126745","0.166667"
"2783126745","1602881923","0.166667"
"2112609612","2161222115","0.75"
"2161222115","2112609612","0.75"
"2112609612","2231284662","1.16667"
"2231284662","2112609612","1.16667"
"2112609612","2776939420","0.166667"
"2776939420","2112609612","0.166667"
"2112609612","2783126745","0.166667"
"2783126745","2112609612","0.166667"
"2161222115","2776939420","0.166667"
"2776939420","2161222115","0.166667"
"2161222115","2783126745","0.416667"
"2783126745","2161222115","0.416667"
"2231284662","2776939420","0.666667"
"2776939420","2231284662","0.666667"
"2231284662","2783126745","1.41667"
"2783126745","2231284662","1.41667"
"2776939420","2783126745","0.625"
"2783126745","2776939420","0.625"
"1527149525","2170519810","1"
"2170519810","1527149525","1"
"1527149525","2046859992","0.333333"
"2046859992","1527149525","0.333333"
"2046859992","2112609612","0.333333"
"2112609612","2046859992","0.333333"
"2046859992","2161222115","1.025"
"2161222115","2046859992","1.025"
"1551837321","1602881923","1"
"1602881923","1551837321","1"
"1551837321","2011555924","0.2"
"2011555924","1551837321","0.2"
"1551837321","2046859992","0.2"
"2046859992","1551837321","0.2"
"1551837321","2127095181","0.2"
"2127095181","1551837321","0.2"
"1551837321","2147401839","0.2"
"2147401839","1551837321","0.2"
"2011555924","2127095181","2.475"
"2127095181","2011555924","2.475"
"2011555924","2161222115","0.691667"
"2161222115","2011555924","0.691667"
"2046859992","2127095181","4.1"
"2127095181","2046859992","4.1"
"2127095181","2147401839","3.975"
"2147401839","2127095181","3.975"
"2127095181","2161222115","0.525"
"2161222115","2127095181","0.525"
"1551837321","2157899282","1.75"
"2157899282","1551837321","1.75"
"2157899282","45293414","0.5"
"45293414","2157899282","0.5"
"1590104688","2157899282","0.25"
"2157899282","1590104688","0.25"
"1590104688","8483291","0.25"
"8483291","1590104688","0.25"
"2029434782","2157899282","0.25"
"2157899282","2029434782","0.25"
"2157899282","8483291","1.25"
"8483291","2157899282","1.25"
"1551837321","2951975135","0.5"
"2951975135","1551837321","0.5"
"2951975135","45293414","0.5"
"45293414","2951975135","0.5"
"1590104688","2102783898","0.916667"
"2102783898","1590104688","0.916667"
"1590104688","2170519810","0.333333"
"2170519810","1590104688","0.333333"
"2029434782","2170519810","0.333333"
"2170519810","2029434782","0.333333"
"2102783898","2170519810","0.333333"
"2170519810","2102783898","0.333333"
"2102783898","2161222115","0.708333"
"2161222115","2102783898","0.708333"
"1590104688","2529113322","0.5"
"2529113322","1590104688","0.5"
"2029434782","2529113322","0.5"
"2529113322","2029434782","0.5"
"1590104688","2112609612","0.75"
"2112609612","1590104688","0.75"
"2029434782","2112609612","0.75"
"2112609612","2029434782","0.75"
"2102783898","2112609612","0.25"
"2112609612","2102783898","0.25"
"1590104688","1857585410","0.333333"
"1857585410","1590104688","0.333333"
"1857585410","2029434782","0.333333"
"2029434782","1857585410","0.333333"
"1857585410","2161222115","0.333333"
"2161222115","1857585410","0.333333"
"1602881923","2170519810","0.5"
"2170519810","1602881923","0.5"
"2112609612","2170519810","0.5"
"2170519810","2112609612","0.5"
"1602881923","2011555924","0.291667"
"2011555924","1602881923","0.291667"
"1602881923","2029434782","0.125"
"2029434782","1602881923","0.125"
"1602881923","2046859992","0.291667"
"2046859992","1602881923","0.291667"
"1602881923","2102783898","0.125"
"2102783898","1602881923","0.125"
"1602881923","2127095181","0.125"
"2127095181","1602881923","0.125"
"1602881923","2138502298","0.291667"
"2138502298","1602881923","0.291667"
"1602881923","2147401839","0.291667"
"2147401839","1602881923","0.291667"
"2011555924","2029434782","0.125"
"2029434782","2011555924","0.125"
"2011555924","2102783898","0.125"
"2102783898","2011555924","0.125"
"2029434782","2046859992","0.125"
"2046859992","2029434782","0.125"
"2029434782","2127095181","0.125"
"2127095181","2029434782","0.125"
"2029434782","2138502298","0.125"
"2138502298","2029434782","0.125"
"2029434782","2147401839","0.125"
"2147401839","2029434782","0.125"
"2046859992","2102783898","0.125"
"2102783898","2046859992","0.125"
"2102783898","2127095181","0.125"
"2127095181","2102783898","0.125"
"2102783898","2138502298","0.125"
"2138502298","2102783898","0.125"
"2102783898","2147401839","0.125"
"2147401839","2102783898","0.125"
"2127095181","2138502298","3.775"
"2138502298","2127095181","3.775"
"2011555924","2231284662","0.166667"
"2231284662","2011555924","0.166667"
"2046859992","2231284662","0.166667"
"2231284662","2046859992","0.166667"
"2138502298","2231284662","0.416667"
"2231284662","2138502298","0.416667"
"2147401839","2231284662","0.416667"
"2231284662","2147401839","0.416667"
"2011555924","2114801867","0.2"
"2114801867","2011555924","0.2"
"2046859992","2114801867","0.2"
"2114801867","2046859992","0.2"
"2114801867","2127095181","0.2"
"2127095181","2114801867","0.2"
"203775923","2127907138","1"
"2127907138","203775923","1"
"203775923","2231284662","2"
"2231284662","203775923","2"
"203775923","2776939420","0.5"
"2776939420","203775923","0.5"
"203775923","2529113322","0.5"
"2529113322","203775923","0.5"
"2231284662","2529113322","0.75"
"2529113322","2231284662","0.75"
"2046859992","2529113322","0.625"
"2529113322","2046859992","0.625"
"2127095181","2529113322","0.625"
"2529113322","2127095181","0.625"
"2138502298","2529113322","0.5"
"2529113322","2138502298","0.5"
"2147401839","2529113322","0.5"
"2529113322","2147401839","0.5"
"2046859992","2528035878","0.125"
"2528035878","2046859992","0.125"
"2046859992","2776939420","0.125"
"2776939420","2046859992","0.125"
"2046859992","2783126745","0.125"
"2783126745","2046859992","0.125"
"2046859992","2794109536","0.125"
"2794109536","2046859992","0.125"
"2046859992","2951975135","0.125"
"2951975135","2046859992","0.125"
"2046859992","2953586260","0.125"
"2953586260","2046859992","0.125"
"2127095181","2528035878","0.125"
"2528035878","2127095181","0.125"
"2127095181","2776939420","0.125"
"2776939420","2127095181","0.125"
"2127095181","2783126745","0.125"
"2783126745","2127095181","0.125"
"2127095181","2794109536","0.125"
"2794109536","2127095181","0.125"
"2127095181","2951975135","0.125"
"2951975135","2127095181","0.125"
"2127095181","2953586260","0.125"
"2953586260","2127095181","0.125"
"2528035878","2529113322","0.125"
"2529113322","2528035878","0.125"
"2528035878","2776939420","0.125"
"2776939420","2528035878","0.125"
"2528035878","2783126745","0.125"
"2783126745","2528035878","0.125"
"2528035878","2794109536","0.125"
"2794109536","2528035878","0.125"
"2528035878","2951975135","0.125"
"2951975135","2528035878","0.125"
"2528035878","2953586260","0.625"
"2953586260","2528035878","0.625"
"2529113322","2776939420","0.458333"
"2776939420","2529113322","0.458333"
"2529113322","2783126745","4.70833"
"2783126745","2529113322","4.70833"
"2529113322","2794109536","0.125"
"2794109536","2529113322","0.125"
"2529113322","2951975135","1.125"
"2951975135","2529113322","1.125"
"2529113322","2953586260","0.458333"
"2953586260","2529113322","0.458333"
"2776939420","2794109536","0.125"
"2794109536","2776939420","0.125"
"2776939420","2951975135","0.125"
"2951975135","2776939420","0.125"
"2776939420","2953586260","0.458333"
"2953586260","2776939420","0.458333"
"2783126745","2794109536","0.625"
"2794109536","2783126745","0.625"
"2783126745","2951975135","0.125"
"2951975135","2783126745","0.125"
"2783126745","2953586260","0.125"
"2953586260","2783126745","0.125"
"2794109536","2951975135","0.125"
"2951975135","2794109536","0.125"
"2951975135","2953586260","0.125"
"2953586260","2951975135","0.125"
"2138502298","2765277596","0.25"
"2765277596","2138502298","0.25"
"2147401839","2765277596","0.25"
"2765277596","2147401839","0.25"
"2161222115","2765277596","0.25"
"2765277596","2161222115","0.25"
"2231284662","2765277596","0.25"
"2765277596","2231284662","0.25"
"2161222115","2529113322","0.25"
"2529113322","2161222115","0.25"
"2161222115","2913133035","0.25"
"2913133035","2161222115","0.25"
"2231284662","2913133035","0.25"
"2913133035","2231284662","0.25"
"2529113322","2913133035","1.58333"
"2913133035","2529113322","1.58333"
"2783126745","2913133035","4.08333"
"2913133035","2783126745","4.08333"
"2170519810","2188324914","1"
"2188324914","2170519810","1"
"2231284662","2274873809","1"
"2274873809","2231284662","1"
"2528035878","2529309867","4"
"2529309867","2528035878","4"
"2528035878","2909836626","0.5"
"2909836626","2528035878","0.5"
"2776939420","2913133035","0.333333"
"2913133035","2776939420","0.333333"
"2529113322","2900984796","1"
"2900984796","2529113322","1"
"2529113322","2765277596","0.333333"
"2765277596","2529113322","0.333333"
"2529113322","2909836626","0.333333"
"2909836626","2529113322","0.333333"
"2765277596","2909836626","3.66667"
"2909836626","2765277596","3.66667"
"2765277596","2953586260","20.6667"
"2953586260","2765277596","20.6667"
"2765277596","2776939420","0.333333"
"2776939420","2765277596","0.333333"
"2776939420","2909836626","0.333333"
"2909836626","2776939420","0.333333"
"2794109536","2913133035","2.5"
"2913133035","2794109536","2.5"
