"1525946179","2061319836","11.15"
"2061319836","1525946179","11.15"
"1525946179","1551631225","4.4"
"1551631225","1525946179","4.4"
"1525946179","2408389737","0.333333"
"2408389737","1525946179","0.333333"
"1551631225","2061319836","4.775"
"2061319836","1551631225","4.775"
"1551631225","2408389737","0.458333"
"2408389737","1551631225","0.458333"
"2061319836","2408389737","0.958333"
"2408389737","2061319836","0.958333"
"1525946179","1888221220","1.65"
"1888221220","1525946179","1.65"
"1888221220","2061319836","4.73333"
"2061319836","1888221220","4.73333"
"1525946179","988410826","2.31667"
"988410826","1525946179","2.31667"
"1551631225","988410826","2.76667"
"988410826","1551631225","2.76667"
"2061319836","988410826","4.4"
"988410826","2061319836","4.4"
"1551631225","1888221220","1.1"
"1888221220","1551631225","1.1"
"1888221220","988410826","1.43333"
"988410826","1888221220","1.43333"
"1525946179","1886742437","0.25"
"1886742437","1525946179","0.25"
"1525946179","2157595025","0.25"
"2157595025","1525946179","0.25"
"1525946179","224927278","0.25"
"224927278","1525946179","0.25"
"1551631225","1886742437","0.25"
"1886742437","1551631225","0.25"
"1551631225","2157595025","0.45"
"2157595025","1551631225","0.45"
"1551631225","224927278","0.25"
"224927278","1551631225","0.25"
"1886742437","2157595025","0.75"
"2157595025","1886742437","0.75"
"1886742437","224927278","0.958333"
"224927278","1886742437","0.958333"
"2157595025","224927278","0.25"
"224927278","2157595025","0.25"
"1525946179","95387378","0.4"
"95387378","1525946179","0.4"
"1551631225","95387378","0.8"
"95387378","1551631225","0.8"
"1888221220","95387378","0.6"
"95387378","1888221220","0.6"
"2061319836","95387378","0.4"
"95387378","2061319836","0.4"
"95387378","988410826","0.6"
"988410826","95387378","0.6"
"1531821269","1833779271","1.41667"
"1833779271","1531821269","1.41667"
"1531821269","1968899925","3.75"
"1968899925","1531821269","3.75"
"1531821269","1994466783","2.91667"
"1994466783","1531821269","2.91667"
"1531821269","2113716368","0.25"
"2113716368","1531821269","0.25"
"1833779271","1968899925","2.88452"
"1968899925","1833779271","2.88452"
"1833779271","1994466783","2.38452"
"1994466783","1833779271","2.38452"
"1833779271","2113716368","0.5"
"2113716368","1833779271","0.5"
"1968899925","1994466783","7.88452"
"1994466783","1968899925","7.88452"
"1968899925","2113716368","0.375"
"2113716368","1968899925","0.375"
"1994466783","2113716368","0.375"
"2113716368","1994466783","0.375"
"1531821269","192450950","1.5"
"192450950","1531821269","1.5"
"192450950","1968899925","1.5"
"1968899925","192450950","1.5"
"192450950","1994466783","1"
"1994466783","192450950","1"
"1531821269","1886742437","0.5"
"1886742437","1531821269","0.5"
"1531821269","2157595025","0.5"
"2157595025","1531821269","0.5"
"1531821269","2971437295","0.25"
"2971437295","1531821269","0.25"
"1833779271","2971437295","0.25"
"2971437295","1833779271","0.25"
"1968899925","2971437295","0.25"
"2971437295","1968899925","0.25"
"1994466783","2971437295","0.25"
"2971437295","1994466783","0.25"
"1531821269","2482180150","0.25"
"2482180150","1531821269","0.25"
"1833779271","2482180150","0.375"
"2482180150","1833779271","0.375"
"1968899925","2482180150","1.25"
"2482180150","1968899925","1.25"
"1994466783","2482180150","0.25"
"2482180150","1994466783","0.25"
"1531821269","2304597587","1"
"2304597587","1531821269","1"
"192450950","2304597587","2.16667"
"2304597587","192450950","2.16667"
"1968899925","2304597587","1"
"2304597587","1968899925","1"
"1994466783","2304597587","0.666667"
"2304597587","1994466783","0.666667"
"1531821269","2182489632","0.333333"
"2182489632","1531821269","0.333333"
"1968899925","2182489632","0.333333"
"2182489632","1968899925","0.333333"
"2182489632","2304597587","6.03333"
"2304597587","2182489632","6.03333"
"1531821269","278129321","0.166667"
"278129321","1531821269","0.166667"
"1531821269","95387378","0.166667"
"95387378","1531821269","0.166667"
"192450950","278129321","0.166667"
"278129321","192450950","0.166667"
"192450950","95387378","0.166667"
"95387378","192450950","0.166667"
"1968899925","278129321","0.291667"
"278129321","1968899925","0.291667"
"1968899925","95387378","0.625"
"95387378","1968899925","0.625"
"1994466783","278129321","0.291667"
"278129321","1994466783","0.291667"
"1994466783","95387378","0.291667"
"95387378","1994466783","0.291667"
"2304597587","278129321","0.366667"
"278129321","2304597587","0.366667"
"2304597587","95387378","1.36667"
"95387378","2304597587","1.36667"
"278129321","95387378","4.19167"
"95387378","278129321","4.19167"
"1544213528","1967952393","0.333333"
"1967952393","1544213528","0.333333"
"1544213528","2304597587","0.333333"
"2304597587","1544213528","0.333333"
"1544213528","2507410144","0.333333"
"2507410144","1544213528","0.333333"
"1967952393","2304597587","0.333333"
"2304597587","1967952393","0.333333"
"1967952393","2507410144","15.3187"
"2507410144","1967952393","15.3187"
"2304597587","2507410144","0.333333"
"2507410144","2304597587","0.333333"
"1551631225","1967451046","0.625"
"1967451046","1551631225","0.625"
"1551631225","2019944300","0.125"
"2019944300","1551631225","0.125"
"1551631225","2024806371","0.625"
"2024806371","1551631225","0.625"
"1551631225","2066930153","0.125"
"2066930153","1551631225","0.125"
"1551631225","2111384966","0.125"
"2111384966","1551631225","0.125"
"1551631225","2738221637","0.658333"
"2738221637","1551631225","0.658333"
"1967451046","2019944300","1.25204"
"2019944300","1967451046","1.25204"
"1967451046","2024806371","4.05372"
"2024806371","1967451046","4.05372"
"1967451046","2061319836","0.125"
"2061319836","1967451046","0.125"
"1967451046","2066930153","0.125"
"2066930153","1967451046","0.125"
"1967451046","2111384966","1.98229"
"2111384966","1967451046","1.98229"
"1967451046","2408389737","0.643027"
"2408389737","1967451046","0.643027"
"1967451046","2738221637","0.125"
"2738221637","1967451046","0.125"
"2019944300","2024806371","1.45204"
"2024806371","2019944300","1.45204"
"2019944300","2061319836","0.125"
"2061319836","2019944300","0.125"
"2019944300","2066930153","0.125"
"2066930153","2019944300","0.125"
"2019944300","2111384966","2.45204"
"2111384966","2019944300","2.45204"
"2019944300","2408389737","0.412775"
"2408389737","2019944300","0.412775"
"2019944300","2738221637","0.125"
"2738221637","2019944300","0.125"
"2024806371","2061319836","0.125"
"2061319836","2024806371","0.125"
"2024806371","2066930153","0.125"
"2066930153","2024806371","0.125"
"2024806371","2111384966","1.23586"
"2111384966","2024806371","1.23586"
"2024806371","2408389737","1.1966"
"2408389737","2024806371","1.1966"
"2024806371","2738221637","0.125"
"2738221637","2024806371","0.125"
"2061319836","2066930153","0.125"
"2066930153","2061319836","0.125"
"2061319836","2111384966","0.125"
"2111384966","2061319836","0.125"
"2061319836","2738221637","0.125"
"2738221637","2061319836","0.125"
"2066930153","2111384966","0.125"
"2111384966","2066930153","0.125"
"2066930153","2408389737","0.125"
"2408389737","2066930153","0.125"
"2066930153","2738221637","1.95833"
"2738221637","2066930153","1.95833"
"2111384966","2408389737","1.35136"
"2408389737","2111384966","1.35136"
"2111384966","2738221637","0.125"
"2738221637","2111384966","0.125"
"2408389737","2738221637","0.125"
"2738221637","2408389737","0.125"
"1551631225","2915495256","0.833333"
"2915495256","1551631225","0.833333"
"1551631225","2995596267","0.833333"
"2995596267","1551631225","0.833333"
"2738221637","2915495256","0.333333"
"2915495256","2738221637","0.333333"
"2738221637","2995596267","0.333333"
"2995596267","2738221637","0.333333"
"2915495256","2995596267","1.15833"
"2995596267","2915495256","1.15833"
"1551631225","2131732427","0.45"
"2131732427","1551631225","0.45"
"1551631225","278129321","0.2"
"278129321","1551631225","0.2"
"1888221220","2131732427","2.03333"
"2131732427","1888221220","2.03333"
"1888221220","278129321","0.2"
"278129321","1888221220","0.2"
"2131732427","278129321","0.7"
"278129321","2131732427","0.7"
"2131732427","95387378","1.2"
"95387378","2131732427","1.2"
"2131732427","988410826","1.03333"
"988410826","2131732427","1.03333"
"278129321","988410826","0.2"
"988410826","278129321","0.2"
"1551631225","1968899925","0.25"
"1968899925","1551631225","0.25"
"1551631225","2013974720","0.5"
"2013974720","1551631225","0.5"
"1968899925","2013974720","0.375"
"2013974720","1968899925","0.375"
"1968899925","2061319836","0.45"
"2061319836","1968899925","0.45"
"1968899925","2131732427","0.25"
"2131732427","1968899925","0.25"
"2013974720","2061319836","1.5"
"2061319836","2013974720","1.5"
"2013974720","2131732427","0.25"
"2131732427","2013974720","0.25"
"2061319836","2131732427","3.58333"
"2131732427","2061319836","3.58333"
"1551631225","2045019452","0.2"
"2045019452","1551631225","0.2"
"1551631225","2915109507","0.2"
"2915109507","1551631225","0.2"
"2045019452","2157595025","0.2"
"2157595025","2045019452","0.2"
"2045019452","2738221637","3.03333"
"2738221637","2045019452","3.03333"
"2045019452","2915109507","1.53333"
"2915109507","2045019452","1.53333"
"2045019452","95387378","0.2"
"95387378","2045019452","0.2"
"2157595025","2738221637","0.2"
"2738221637","2157595025","0.2"
"2157595025","2915109507","0.2"
"2915109507","2157595025","0.2"
"2157595025","95387378","1.9"
"95387378","2157595025","1.9"
"2738221637","2915109507","1.73333"
"2915109507","2738221637","1.73333"
"2738221637","95387378","0.2"
"95387378","2738221637","0.2"
"2915109507","95387378","0.2"
"95387378","2915109507","0.2"
"1888221220","2013974720","0.25"
"2013974720","1888221220","0.25"
"2013974720","988410826","0.25"
"988410826","2013974720","0.25"
"1572609470","2157595025","1"
"2157595025","1572609470","1"
"1572609470","2182489632","0.5"
"2182489632","1572609470","0.5"
"2157595025","2182489632","2.7"
"2182489632","2157595025","2.7"
"1572609470","95387378","0.5"
"95387378","1572609470","0.5"
"1759801701","2157595025","2.2"
"2157595025","1759801701","2.2"
"1759801701","2182489632","3.2"
"2182489632","1759801701","3.2"
"1759801701","1968899925","1"
"1968899925","1759801701","1"
"1759801701","1994466783","1"
"1994466783","1759801701","1"
"1759801701","2304597587","0.2"
"2304597587","1759801701","0.2"
"1759801701","278129321","0.2"
"278129321","1759801701","0.2"
"1759801701","95387378","0.2"
"95387378","1759801701","0.2"
"2157595025","2304597587","0.2"
"2304597587","2157595025","0.2"
"2157595025","278129321","0.2"
"278129321","2157595025","0.2"
"2182489632","278129321","0.2"
"278129321","2182489632","0.2"
"2182489632","95387378","0.7"
"95387378","2182489632","0.7"
"1821624969","19322915","0.803441"
"19322915","1821624969","0.803441"
"1821624969","1967451046","0.780365"
"1967451046","1821624969","0.780365"
"1821624969","1967952393","0.780195"
"1967952393","1821624969","0.780195"
"1821624969","1972524317","0.626955"
"1972524317","1821624969","0.626955"
"1821624969","2019944300","2.15011"
"2019944300","1821624969","2.15011"
"1821624969","2024806371","1.40894"
"2024806371","1821624969","1.40894"
"1821624969","2062065656","0.548352"
"2062065656","1821624969","0.548352"
"1821624969","2111384966","5.35536"
"2111384966","1821624969","5.35536"
"1821624969","2207077672","0.760884"
"2207077672","1821624969","0.760884"
"1821624969","2237259080","0.610852"
"2237259080","1821624969","0.610852"
"1821624969","2507410144","2.57295"
"2507410144","1821624969","2.57295"
"1821624969","2594185020","0.314286"
"2594185020","1821624969","0.314286"
"1821624969","3010457914","1.39987"
"3010457914","1821624969","1.39987"
"1821624969","7692735","0.960884"
"7692735","1821624969","0.960884"
"19322915","1967451046","1.20894"
"1967451046","19322915","1.20894"
"19322915","1967952393","0.583766"
"1967952393","19322915","0.583766"
"19322915","1972524317","0.516699"
"1972524317","19322915","0.516699"
"19322915","2019944300","0.978684"
"2019944300","19322915","0.978684"
"19322915","2024806371","4.30417"
"2024806371","19322915","4.30417"
"19322915","2062065656","0.148352"
"2062065656","19322915","0.148352"
"19322915","2111384966","0.708936"
"2111384966","19322915","0.708936"
"19322915","2207077672","1.02279"
"2207077672","19322915","1.02279"
"19322915","2237259080","0.377518"
"2237259080","19322915","0.377518"
"19322915","2507410144","0.876518"
"2507410144","19322915","0.876518"
"19322915","2594185020","1.14121"
"2594185020","19322915","1.14121"
"19322915","3010457914","0.703441"
"3010457914","19322915","0.703441"
"19322915","7692735","1.93946"
"7692735","19322915","1.93946"
"1967451046","1967952393","0.233766"
"1967952393","1967451046","0.233766"
"1967451046","1972524317","1.09719"
"1972524317","1967451046","1.09719"
"1967451046","2062065656","1.14835"
"2062065656","1967451046","1.14835"
"1967451046","2207077672","0.916378"
"2207077672","1967451046","0.916378"
"1967451046","2237259080","0.520375"
"2237259080","1967451046","0.520375"
"1967451046","2507410144","0.526518"
"2507410144","1967451046","0.526518"
"1967451046","2594185020","0.21978"
"2594185020","1967451046","0.21978"
"1967451046","3010457914","0.780365"
"3010457914","1967451046","0.780365"
"1967451046","7692735","2.59257"
"7692735","1967451046","2.59257"
"1967952393","1972524317","2.68571"
"1972524317","1967952393","2.68571"
"1967952393","2019944300","0.233766"
"2019944300","1967952393","0.233766"
"1967952393","2024806371","0.233766"
"2024806371","1967952393","0.233766"
"1967952393","2062065656","0.0714286"
"2062065656","1967952393","0.0714286"
"1967952393","2111384966","0.608766"
"2111384966","1967952393","0.608766"
"1967952393","2207077672","1.11706"
"2207077672","1967952393","1.11706"
"1967952393","2237259080","0.0714286"
"2237259080","1967952393","0.0714286"
"1967952393","2594185020","8.44802"
"2594185020","1967952393","8.44802"
"1967952393","3010457914","0.684163"
"3010457914","1967952393","0.684163"
"1967952393","7692735","0.480952"
"7692735","1967952393","0.480952"
"1972524317","2019944300","0.591941"
"2019944300","1972524317","0.591941"
"1972524317","2024806371","0.575765"
"2024806371","1972524317","0.575765"
"1972524317","2062065656","0.348352"
"2062065656","1972524317","0.348352"
"1972524317","2111384966","0.480527"
"2111384966","1972524317","0.480527"
"1972524317","2207077672","0.918622"
"2207077672","1972524317","0.918622"
"1972524317","2237259080","0.515018"
"2237259080","1972524317","0.515018"
"1972524317","2507410144","2.31597"
"2507410144","1972524317","2.31597"
"1972524317","2594185020","2.75714"
"2594185020","1972524317","2.75714"
"1972524317","3010457914","0.350032"
"3010457914","1972524317","0.350032"
"1972524317","7692735","2.45196"
"7692735","1972524317","2.45196"
"2019944300","2062065656","3.88169"
"2062065656","2019944300","3.88169"
"2019944300","2207077672","0.436126"
"2207077672","2019944300","0.436126"
"2019944300","2237259080","1.77752"
"2237259080","2019944300","1.77752"
"2019944300","2507410144","0.396266"
"2507410144","2019944300","0.396266"
"2019944300","2594185020","0.481685"
"2594185020","2019944300","0.481685"
"2019944300","3010457914","0.550112"
"3010457914","2019944300","0.550112"
"2019944300","7692735","0.636126"
"7692735","2019944300","0.636126"
"2024806371","2062065656","0.148352"
"2062065656","2024806371","0.148352"
"2024806371","2207077672","1.30328"
"2207077672","2024806371","1.30328"
"2024806371","2237259080","0.520375"
"2237259080","2024806371","0.520375"
"2024806371","2507410144","0.45509"
"2507410144","2024806371","0.45509"
"2024806371","2594185020","0.648352"
"2594185020","2024806371","0.648352"
"2024806371","3010457914","0.708936"
"3010457914","2024806371","0.708936"
"2024806371","7692735","1.44614"
"7692735","2024806371","1.44614"
"2062065656","2111384966","0.148352"
"2111384966","2062065656","0.148352"
"2062065656","2207077672","0.148352"
"2207077672","2062065656","0.148352"
"2062065656","2237259080","1.54835"
"2237259080","2062065656","1.54835"
"2062065656","2507410144","0.0714286"
"2507410144","2062065656","0.0714286"
"2062065656","2594185020","0.404762"
"2594185020","2062065656","0.404762"
"2062065656","3010457914","0.271429"
"3010457914","2062065656","0.271429"
"2062065656","7692735","0.348352"
"7692735","2062065656","0.348352"
"2111384966","2207077672","0.791378"
"2207077672","2111384966","0.791378"
"2111384966","2237259080","0.210852"
"2237259080","2111384966","0.210852"
"2111384966","2507410144","1.90152"
"2507410144","2111384966","1.90152"
"2111384966","2594185020","0.71978"
"2594185020","2111384966","0.71978"
"2111384966","3010457914","1.90536"
"3010457914","2111384966","1.90536"
"2111384966","7692735","0.791378"
"7692735","2111384966","0.791378"
"2207077672","2237259080","0.210852"
"2237259080","2207077672","0.210852"
"2207077672","2507410144","1.50982"
"2507410144","2207077672","1.50982"
"2207077672","2594185020","1.39399"
"2594185020","2207077672","1.39399"
"2207077672","3010457914","0.771995"
"3010457914","2207077672","0.771995"
"2207077672","7692735","1.12947"
"7692735","2207077672","1.12947"
"2237259080","2507410144","0.133929"
"2507410144","2237259080","0.133929"
"2237259080","2594185020","0.0714286"
"2594185020","2237259080","0.0714286"
"2237259080","3010457914","0.133929"
"3010457914","2237259080","0.133929"
"2237259080","7692735","0.553709"
"7692735","2237259080","0.553709"
"2507410144","2594185020","9.46944"
"2594185020","2507410144","9.46944"
"2507410144","3010457914","1.22692"
"3010457914","2507410144","1.22692"
"2507410144","7692735","0.673705"
"7692735","2507410144","0.673705"
"2594185020","3010457914","0.795177"
"3010457914","2594185020","0.795177"
"2594185020","7692735","0.557875"
"7692735","2594185020","0.557875"
"3010457914","7692735","0.660884"
"7692735","3010457914","0.660884"
"1821624969","2734916492","1.25152"
"2734916492","1821624969","1.25152"
"1821624969","2792276653","1.10894"
"2792276653","1821624969","1.10894"
"1821624969","2970404470","1.18036"
"2970404470","1821624969","1.18036"
"19322915","2734916492","0.55509"
"2734916492","19322915","0.55509"
"19322915","2792276653","0.637507"
"2792276653","19322915","0.637507"
"19322915","2970404470","1.8756"
"2970404470","19322915","1.8756"
"1967451046","2734916492","0.45509"
"2734916492","1967451046","0.45509"
"1967451046","2792276653","0.71443"
"2792276653","1967451046","0.71443"
"1967451046","2970404470","0.685859"
"2970404470","1967451046","0.685859"
"1967952393","2734916492","0.601623"
"2734916492","1967952393","0.601623"
"1967952393","2792276653","0.344877"
"2792276653","1967952393","0.344877"
"1967952393","2970404470","1.89726"
"2970404470","1967952393","1.89726"
"2019944300","2734916492","0.324838"
"2734916492","2019944300","0.324838"
"2019944300","2792276653","0.955607"
"2792276653","2019944300","0.955607"
"2019944300","2970404470","1.35561"
"2970404470","2019944300","1.35561"
"2024806371","2734916492","0.383661"
"2734916492","2024806371","0.383661"
"2024806371","2792276653","0.91443"
"2792276653","2024806371","0.91443"
"2024806371","2970404470","1.4811"
"2970404470","2024806371","1.4811"
"2111384966","2734916492","0.58009"
"2734916492","2111384966","0.58009"
"2111384966","2792276653","0.91443"
"2792276653","2111384966","0.91443"
"2111384966","2970404470","1.38586"
"2970404470","2111384966","1.38586"
"2507410144","2734916492","1.14438"
"2734916492","2507410144","1.14438"
"2507410144","2792276653","1.3162"
"2792276653","2507410144","1.3162"
"2507410144","2970404470","3.62334"
"2970404470","2507410144","3.62334"
"2734916492","2792276653","0.597947"
"2792276653","2734916492","0.597947"
"2734916492","2970404470","0.812233"
"2970404470","2734916492","0.812233"
"2734916492","3010457914","2.79438"
"3010457914","2734916492","2.79438"
"2792276653","2970404470","13.2398"
"2970404470","2792276653","13.2398"
"2792276653","3010457914","1.47005"
"3010457914","2792276653","1.47005"
"2970404470","3010457914","1.58433"
"3010457914","2970404470","1.58433"
"1821624969","2408389737","2.1911"
"2408389737","1821624969","2.1911"
"1821624969","2915109507","0.571598"
"2915109507","1821624969","0.571598"
"1821624969","2971437295","0.269675"
"2971437295","1821624969","0.269675"
"1967451046","2915109507","0.446598"
"2915109507","1967451046","0.446598"
"1967451046","2971437295","0.27517"
"2971437295","1967451046","0.27517"
"1972524317","2408389737","0.332175"
"2408389737","1972524317","0.332175"
"1972524317","2792276653","0.284098"
"2792276653","1972524317","0.284098"
"1972524317","2915109507","0.41267"
"2915109507","1972524317","0.41267"
"1972524317","2970404470","0.498384"
"2970404470","1972524317","0.498384"
"1972524317","2971437295","0.475032"
"2971437295","1972524317","0.475032"
"2019944300","2915109507","0.721108"
"2915109507","2019944300","0.721108"
"2019944300","2971437295","0.216346"
"2971437295","2019944300","0.216346"
"2024806371","2915109507","0.446598"
"2915109507","2024806371","0.446598"
"2024806371","2971437295","0.40017"
"2971437295","2024806371","0.40017"
"2111384966","2915109507","0.571598"
"2915109507","2111384966","0.571598"
"2111384966","2971437295","0.40017"
"2971437295","2111384966","0.40017"
"2207077672","2408389737","0.643027"
"2408389737","2207077672","0.643027"
"2207077672","2792276653","0.956061"
"2792276653","2207077672","0.956061"
"2207077672","2915109507","1.7966"
"2915109507","2207077672","1.7966"
"2207077672","2970404470","1.66082"
"2970404470","2207077672","1.66082"
"2207077672","2971437295","2.69104"
"2971437295","2207077672","2.69104"
"2408389737","2792276653","0.446598"
"2792276653","2408389737","0.446598"
"2408389737","2915109507","0.269675"
"2915109507","2408389737","0.269675"
"2408389737","2970404470","0.518027"
"2970404470","2408389737","0.518027"
"2408389737","2971437295","0.40017"
"2971437295","2408389737","0.40017"
"2408389737","3010457914","0.518027"
"3010457914","2408389737","0.518027"
"2408389737","7692735","0.643027"
"7692735","2408389737","0.643027"
"2792276653","2915109507","1.53946"
"2915109507","2792276653","1.53946"
"2792276653","2971437295","4.46723"
"2971437295","2792276653","4.46723"
"2792276653","7692735","0.59495"
"7692735","2792276653","0.59495"
"2915109507","2970404470","1.97279"
"2970404470","2915109507","1.97279"
"2915109507","2971437295","1.4911"
"2971437295","2915109507","1.4911"
"2915109507","3010457914","0.694675"
"3010457914","2915109507","0.694675"
"2915109507","7692735","0.346598"
"7692735","2915109507","0.346598"
"2970404470","2971437295","7.72676"
"2971437295","2970404470","7.72676"
"2970404470","7692735","0.766378"
"7692735","2970404470","0.766378"
"2971437295","3010457914","1.15771"
"3010457914","2971437295","1.15771"
"2971437295","7692735","0.471598"
"7692735","2971437295","0.471598"
"1821624969","2574075402","1.6"
"2574075402","1821624969","1.6"
"1821624969","2947131910","0.230252"
"2947131910","1821624969","0.230252"
"19322915","2574075402","0.1"
"2574075402","19322915","0.1"
"19322915","2947131910","0.307175"
"2947131910","19322915","0.307175"
"1967952393","2574075402","1.03611"
"2574075402","1967952393","1.03611"
"1967952393","2947131910","0.439286"
"2947131910","1967952393","0.439286"
"2207077672","2574075402","0.869444"
"2574075402","2207077672","0.869444"
"2207077672","2734916492","0.435609"
"2734916492","2207077672","0.435609"
"2207077672","2947131910","0.765509"
"2947131910","2207077672","0.765509"
"2507410144","2574075402","2.61944"
"2574075402","2507410144","2.61944"
"2507410144","2947131910","0.498109"
"2947131910","2507410144","0.498109"
"2574075402","2594185020","3.28611"
"2594185020","2574075402","3.28611"
"2574075402","2734916492","0.1"
"2734916492","2574075402","0.1"
"2574075402","2947131910","0.558333"
"2947131910","2574075402","0.558333"
"2574075402","2970404470","0.794444"
"2970404470","2574075402","0.794444"
"2574075402","7692735","0.1"
"7692735","2574075402","0.1"
"2594185020","2734916492","0.778571"
"2734916492","2594185020","0.778571"
"2594185020","2947131910","0.516209"
"2947131910","2594185020","0.516209"
"2594185020","2970404470","2.72613"
"2970404470","2594185020","2.72613"
"2734916492","2947131910","0.373109"
"2947131910","2734916492","0.373109"
"2734916492","7692735","0.435609"
"7692735","2734916492","0.435609"
"2947131910","2970404470","1.65003"
"2970404470","2947131910","1.65003"
"2947131910","7692735","0.307175"
"7692735","2947131910","0.307175"
"1821624969","2915495256","0.255252"
"2915495256","1821624969","0.255252"
"19322915","2408389737","0.369675"
"2408389737","19322915","0.369675"
"19322915","2915109507","0.548247"
"2915109507","19322915","0.548247"
"19322915","2915495256","0.130252"
"2915495256","19322915","0.130252"
"19322915","2971437295","0.269675"
"2971437295","19322915","0.269675"
"1967451046","2915495256","0.0588235"
"2915495256","1967451046","0.0588235"
"1967451046","2947131910","0.135747"
"2947131910","1967451046","0.135747"
"1972524317","2734916492","0.201681"
"2734916492","1972524317","0.201681"
"1972524317","2915495256","0.130252"
"2915495256","1972524317","0.130252"
"1972524317","2947131910","0.130252"
"2947131910","1972524317","0.130252"
"2024806371","2915495256","0.0588235"
"2915495256","2024806371","0.0588235"
"2024806371","2947131910","0.135747"
"2947131910","2024806371","0.135747"
"2111384966","2915495256","0.183824"
"2915495256","2111384966","0.183824"
"2111384966","2947131910","0.135747"
"2947131910","2111384966","0.135747"
"2207077672","2915495256","0.241363"
"2915495256","2207077672","0.241363"
"2408389737","2507410144","1.01418"
"2507410144","2408389737","1.01418"
"2408389737","2734916492","0.264181"
"2734916492","2408389737","0.264181"
"2408389737","2915495256","0.0588235"
"2915495256","2408389737","0.0588235"
"2408389737","2947131910","0.135747"
"2947131910","2408389737","0.135747"
"2507410144","2915109507","2.48442"
"2915109507","2507410144","2.48442"
"2507410144","2915495256","0.616363"
"2915495256","2507410144","0.616363"
"2507410144","2971437295","3.47172"
"2971437295","2507410144","3.47172"
"2734916492","2915109507","0.810609"
"2915109507","2734916492","0.810609"
"2734916492","2915495256","0.648109"
"2915495256","2734916492","0.648109"
"2734916492","2971437295","0.835609"
"2971437295","2734916492","0.835609"
"2792276653","2915495256","0.83422"
"2915495256","2792276653","0.83422"
"2792276653","2947131910","0.407175"
"2947131910","2792276653","0.407175"
"2915109507","2915495256","0.826681"
"2915495256","2915109507","0.826681"
"2915109507","2947131910","0.258824"
"2947131910","2915109507","0.258824"
"2915495256","2947131910","0.130252"
"2947131910","2915495256","0.130252"
"2915495256","2970404470","1.16755"
"2970404470","2915495256","1.16755"
"2915495256","2971437295","0.967554"
"2971437295","2915495256","0.967554"
"2915495256","3010457914","0.566363"
"3010457914","2915495256","0.566363"
"2915495256","7692735","0.130252"
"7692735","2915495256","0.130252"
"2947131910","2971437295","1.86551"
"2971437295","2947131910","1.86551"
"2947131910","3010457914","0.550032"
"3010457914","2947131910","0.550032"
"1821624969","224927278","0.0714286"
"224927278","1821624969","0.0714286"
"1821624969","2401510503","0.0714286"
"2401510503","1821624969","0.0714286"
"19322915","224927278","0.321429"
"224927278","19322915","0.321429"
"19322915","2401510503","0.0714286"
"2401510503","19322915","0.0714286"
"1967451046","224927278","0.646429"
"224927278","1967451046","0.646429"
"1967451046","2401510503","2.16429"
"2401510503","1967451046","2.16429"
"1972524317","224927278","1.44762"
"224927278","1972524317","1.44762"
"1972524317","2401510503","0.705952"
"2401510503","1972524317","0.705952"
"2111384966","224927278","1.19643"
"224927278","2111384966","1.19643"
"2111384966","2401510503","0.196429"
"2401510503","2111384966","0.196429"
"2207077672","224927278","0.196429"
"224927278","2207077672","0.196429"
"2207077672","2401510503","0.613095"
"2401510503","2207077672","0.613095"
"224927278","2401510503","0.539286"
"2401510503","224927278","0.539286"
"224927278","2408389737","0.196429"
"2408389737","224927278","0.196429"
"224927278","2507410144","0.214286"
"2507410144","224927278","0.214286"
"224927278","2594185020","0.214286"
"2594185020","224927278","0.214286"
"224927278","2734916492","0.0714286"
"2734916492","224927278","0.0714286"
"224927278","2970404470","0.547619"
"2970404470","224927278","0.547619"
"224927278","3010457914","0.0714286"
"3010457914","224927278","0.0714286"
"224927278","7692735","0.979762"
"7692735","224927278","0.979762"
"2401510503","2408389737","0.196429"
"2408389737","2401510503","0.196429"
"2401510503","2507410144","0.380952"
"2507410144","2401510503","0.380952"
"2401510503","2594185020","0.380952"
"2594185020","2401510503","0.380952"
"2401510503","2734916492","0.0714286"
"2734916492","2401510503","0.0714286"
"2401510503","2970404470","0.214286"
"2970404470","2401510503","0.214286"
"2401510503","3010457914","0.0714286"
"3010457914","2401510503","0.0714286"
"2401510503","7692735","1.28929"
"7692735","2401510503","1.28929"
"2408389737","2594185020","0.648352"
"2594185020","2408389737","0.648352"
"1967952393","2408389737","0.321429"
"2408389737","1967952393","0.321429"
"1967952393","2915109507","1.47976"
"2915109507","1967952393","1.47976"
"2237259080","2408389737","0.0625"
"2408389737","2237259080","0.0625"
"2237259080","2734916492","0.0625"
"2734916492","2237259080","0.0625"
"2237259080","2792276653","0.339423"
"2792276653","2237259080","0.339423"
"2237259080","2915109507","0.139423"
"2915109507","2237259080","0.139423"
"2237259080","2970404470","0.339423"
"2970404470","2237259080","0.339423"
"2237259080","2971437295","0.0625"
"2971437295","2237259080","0.0625"
"1821624969","2995596267","0.125"
"2995596267","1821624969","0.125"
"1967952393","2915495256","0.30754"
"2915495256","1967952393","0.30754"
"1967952393","2995596267","0.325"
"2995596267","1967952393","0.325"
"2111384966","2995596267","0.458333"
"2995596267","2111384966","0.458333"
"2507410144","2995596267","0.575"
"2995596267","2507410144","0.575"
"2734916492","2995596267","0.125"
"2995596267","2734916492","0.125"
"2915109507","2995596267","1.875"
"2995596267","2915109507","1.875"
"2995596267","3010457914","0.325"
"3010457914","2995596267","0.325"
"1967952393","2971437295","0.650397"
"2971437295","1967952393","0.650397"
"2594185020","2792276653","1.15232"
"2792276653","2594185020","1.15232"
"2594185020","2915495256","0.575397"
"2915495256","2594185020","0.575397"
"2594185020","2971437295","1.57018"
"2971437295","2594185020","1.57018"
"2408389737","2574075402","0.5"
"2574075402","2408389737","0.5"
"2062065656","2792276653","0.476923"
"2792276653","2062065656","0.476923"
"2062065656","2915109507","0.410256"
"2915109507","2062065656","0.410256"
"2062065656","2970404470","0.476923"
"2970404470","2062065656","0.476923"
"1833779271","1967451046","0.267857"
"1967451046","1833779271","0.267857"
"1833779271","2024806371","0.142857"
"2024806371","1833779271","0.142857"
"1833779271","2237259080","0.642857"
"2237259080","1833779271","0.642857"
"1833779271","2401510503","0.142857"
"2401510503","1833779271","0.142857"
"1833779271","7692735","0.142857"
"7692735","1833779271","0.142857"
"1967451046","1968899925","0.142857"
"1968899925","1967451046","0.142857"
"1967451046","1994466783","0.142857"
"1994466783","1967451046","0.142857"
"1968899925","2024806371","0.142857"
"2024806371","1968899925","0.142857"
"1968899925","2237259080","0.642857"
"2237259080","1968899925","0.642857"
"1968899925","2401510503","0.142857"
"2401510503","1968899925","0.142857"
"1968899925","7692735","0.142857"
"7692735","1968899925","0.142857"
"1994466783","2024806371","0.142857"
"2024806371","1994466783","0.142857"
"1994466783","2237259080","0.142857"
"2237259080","1994466783","0.142857"
"1994466783","2401510503","0.142857"
"2401510503","1994466783","0.142857"
"1994466783","7692735","0.142857"
"7692735","1994466783","0.142857"
"2024806371","2401510503","2.01786"
"2401510503","2024806371","2.01786"
"2237259080","2401510503","0.142857"
"2401510503","2237259080","0.142857"
"1833779271","2003554962","0.25"
"2003554962","1833779271","0.25"
"1833779271","2013974720","0.125"
"2013974720","1833779271","0.125"
"1833779271","224927278","0.45"
"224927278","1833779271","0.45"
"1833779271","278129321","0.125"
"278129321","1833779271","0.125"
"1833779271","95387378","0.125"
"95387378","1833779271","0.125"
"1968899925","2003554962","0.458333"
"2003554962","1968899925","0.458333"
"1968899925","224927278","0.658333"
"224927278","1968899925","0.658333"
"1994466783","2003554962","0.125"
"2003554962","1994466783","0.125"
"1994466783","2013974720","0.125"
"2013974720","1994466783","0.125"
"1994466783","224927278","0.325"
"224927278","1994466783","0.325"
"2003554962","2013974720","0.125"
"2013974720","2003554962","0.125"
"2003554962","2113716368","0.25"
"2113716368","2003554962","0.25"
"2003554962","224927278","3.11667"
"224927278","2003554962","3.11667"
"2003554962","278129321","0.125"
"278129321","2003554962","0.125"
"2003554962","95387378","0.458333"
"95387378","2003554962","0.458333"
"2013974720","2113716368","0.125"
"2113716368","2013974720","0.125"
"2013974720","224927278","0.125"
"224927278","2013974720","0.125"
"2013974720","278129321","0.125"
"278129321","2013974720","0.125"
"2013974720","95387378","0.125"
"95387378","2013974720","0.125"
"2113716368","224927278","0.25"
"224927278","2113716368","0.25"
"2113716368","278129321","0.125"
"278129321","2113716368","0.125"
"2113716368","95387378","0.125"
"95387378","2113716368","0.125"
"224927278","278129321","0.125"
"278129321","224927278","0.125"
"224927278","95387378","0.458333"
"95387378","224927278","0.458333"
"1833779271","1972524317","0.325"
"1972524317","1833779271","0.325"
"1833779271","2061319836","0.2"
"2061319836","1833779271","0.2"
"1968899925","1972524317","0.2"
"1972524317","1968899925","0.2"
"1972524317","1994466783","0.2"
"1994466783","1972524317","0.2"
"1972524317","2061319836","0.2"
"2061319836","1972524317","0.2"
"1994466783","2061319836","0.2"
"2061319836","1994466783","0.2"
"2061319836","224927278","0.2"
"224927278","2061319836","0.2"
"1833779271","1886742437","0.125"
"1886742437","1833779271","0.125"
"1833779271","192450950","0.125"
"192450950","1833779271","0.125"
"1886742437","192450950","0.125"
"192450950","1886742437","0.125"
"1886742437","1967451046","0.125"
"1967451046","1886742437","0.125"
"1886742437","1972524317","0.458333"
"1972524317","1886742437","0.458333"
"1886742437","2003554962","1.375"
"2003554962","1886742437","1.375"
"1886742437","2113716368","0.125"
"2113716368","1886742437","0.125"
"1886742437","2482180150","0.125"
"2482180150","1886742437","0.125"
"192450950","1967451046","0.125"
"1967451046","192450950","0.125"
"192450950","1972524317","0.125"
"1972524317","192450950","0.125"
"192450950","2003554962","0.125"
"2003554962","192450950","0.125"
"192450950","2113716368","0.125"
"2113716368","192450950","0.125"
"192450950","224927278","0.125"
"224927278","192450950","0.125"
"192450950","2482180150","0.125"
"2482180150","192450950","0.125"
"1967451046","2003554962","1.70833"
"2003554962","1967451046","1.70833"
"1967451046","2113716368","0.125"
"2113716368","1967451046","0.125"
"1967451046","2482180150","0.625"
"2482180150","1967451046","0.625"
"1972524317","2003554962","0.291667"
"2003554962","1972524317","0.291667"
"1972524317","2113716368","0.125"
"2113716368","1972524317","0.125"
"1972524317","2482180150","0.125"
"2482180150","1972524317","0.125"
"2003554962","2482180150","1.25"
"2482180150","2003554962","1.25"
"2113716368","2482180150","0.125"
"2482180150","2113716368","0.125"
"224927278","2482180150","0.625"
"2482180150","224927278","0.625"
"1886742437","988410826","2"
"988410826","1886742437","2"
"1886742437","2111384966","0.333333"
"2111384966","1886742437","0.333333"
"1886742437","2408389737","1.33333"
"2408389737","1886742437","1.33333"
"1886742437","2995596267","0.333333"
"2995596267","1886742437","0.333333"
"2408389737","2995596267","0.333333"
"2995596267","2408389737","0.333333"
"1886742437","19322915","0.25"
"19322915","1886742437","0.25"
"1886742437","7692735","0.583333"
"7692735","1886742437","0.583333"
"19322915","2003554962","0.416667"
"2003554962","19322915","0.416667"
"2003554962","7692735","0.5"
"7692735","2003554962","0.5"
"1886742437","2304597587","1"
"2304597587","1886742437","1"
"1886742437","2061319836","1"
"2061319836","1886742437","1"
"192450950","2013974720","0.5"
"2013974720","192450950","0.5"
"2013974720","2304597587","0.5"
"2304597587","2013974720","0.5"
"2594185020","2915109507","2.70952"
"2915109507","2594185020","2.70952"
"2019944300","2947131910","0.0769231"
"2947131910","2019944300","0.0769231"
"19322915","3010016343","0.833333"
"3010016343","19322915","0.833333"
"2024806371","3010016343","0.833333"
"3010016343","2024806371","0.833333"
"2970404470","3010016343","3.45238"
"3010016343","2970404470","3.45238"
"2003554962","2019944300","0.166667"
"2019944300","2003554962","0.166667"
"2003554962","2024806371","2.58333"
"2024806371","2003554962","2.58333"
"2003554962","2237259080","0.166667"
"2237259080","2003554962","0.166667"
"2003554962","2401510503","1.16667"
"2401510503","2003554962","1.16667"
"1967451046","2014744489","0.2"
"2014744489","1967451046","0.2"
"1972524317","2014744489","0.2"
"2014744489","1972524317","0.2"
"2014744489","224927278","1.65"
"224927278","2014744489","1.65"
"2014744489","2401510503","0.2"
"2401510503","2014744489","0.2"
"2014744489","7692735","0.2"
"7692735","2014744489","0.2"
"1967451046","3010016343","0.5"
"3010016343","1967451046","0.5"
"2003554962","3010016343","0.25"
"3010016343","2003554962","0.25"
"2024806371","2482180150","0.5"
"2482180150","2024806371","0.5"
"2482180150","3010016343","0.25"
"3010016343","2482180150","0.25"
"2207077672","3010016343","0.25"
"3010016343","2207077672","0.25"
"2401510503","3010016343","0.25"
"3010016343","2401510503","0.25"
"2401510503","2482180150","2.25"
"2482180150","2401510503","2.25"
"1967451046","2397894633","0.25"
"2397894633","1967451046","0.25"
"1967451046","2401880028","0.25"
"2401880028","1967451046","0.25"
"1972524317","2397894633","0.25"
"2397894633","1972524317","0.25"
"1972524317","2401880028","0.25"
"2401880028","1972524317","0.25"
"224927278","2397894633","0.45"
"2397894633","224927278","0.45"
"224927278","2401880028","1"
"2401880028","224927278","1"
"2397894633","2401880028","2.25"
"2401880028","2397894633","2.25"
"2574075402","2971437295","1.76944"
"2971437295","2574075402","1.76944"
"2574075402","2792276653","0.361111"
"2792276653","2574075402","0.361111"
"2574075402","2915495256","0.111111"
"2915495256","2574075402","0.111111"
"2574075402","3010457914","0.111111"
"3010457914","2574075402","0.111111"
"1967952393","2003554962","0.125"
"2003554962","1967952393","0.125"
"1967952393","2482180150","0.125"
"2482180150","1967952393","0.125"
"2003554962","2207077672","0.125"
"2207077672","2003554962","0.125"
"2003554962","2507410144","0.125"
"2507410144","2003554962","0.125"
"2003554962","2574075402","0.125"
"2574075402","2003554962","0.125"
"2003554962","2594185020","0.125"
"2594185020","2003554962","0.125"
"2003554962","2947131910","0.125"
"2947131910","2003554962","0.125"
"2003554962","2971437295","0.125"
"2971437295","2003554962","0.125"
"2207077672","2482180150","1.125"
"2482180150","2207077672","1.125"
"2482180150","2507410144","0.125"
"2507410144","2482180150","0.125"
"2482180150","2574075402","0.125"
"2574075402","2482180150","0.125"
"2482180150","2594185020","0.125"
"2594185020","2482180150","0.125"
"2482180150","2947131910","0.125"
"2947131910","2482180150","0.125"
"2482180150","2971437295","0.125"
"2971437295","2482180150","0.125"
"1967952393","2738221637","0.2"
"2738221637","1967952393","0.2"
"1972524317","2738221637","0.2"
"2738221637","1972524317","0.2"
"2507410144","2738221637","0.2"
"2738221637","2507410144","0.2"
"2594185020","2738221637","0.2"
"2738221637","2594185020","0.2"
"1967952393","224927278","0.142857"
"224927278","1967952393","0.142857"
"1967952393","2401510503","0.309524"
"2401510503","1967952393","0.309524"
"224927278","2971437295","0.267857"
"2971437295","224927278","0.267857"
"2401510503","2971437295","0.267857"
"2971437295","2401510503","0.267857"
"1967952393","1968899925","0.333333"
"1968899925","1967952393","0.333333"
