"113618398","1748096091","1.27143"
"1748096091","113618398","1.27143"
"113618398","1996712453","0.342857"
"1996712453","113618398","0.342857"
"113618398","2086731826","0.539286"
"2086731826","113618398","0.539286"
"113618398","2317663056","8.28095"
"2317663056","113618398","8.28095"
"113618398","39017015","0.342857"
"39017015","113618398","0.342857"
"1748096091","1996712453","1.16429"
"1996712453","1748096091","1.16429"
"1748096091","2086731826","0.846825"
"2086731826","1748096091","0.846825"
"1748096091","2317663056","0.485014"
"2317663056","1748096091","0.485014"
"1748096091","39017015","0.819048"
"39017015","1748096091","0.819048"
"1996712453","2086731826","0.628114"
"2086731826","1996712453","0.628114"
"1996712453","2317663056","0.711905"
"2317663056","1996712453","0.711905"
"1996712453","39017015","2.83645"
"39017015","1996712453","2.83645"
"2086731826","2317663056","0.67619"
"2317663056","2086731826","0.67619"
"2086731826","39017015","0.491209"
"39017015","2086731826","0.491209"
"2317663056","39017015","0.557143"
"39017015","2317663056","0.557143"
"113618398","1540898056","0.535714"
"1540898056","113618398","0.535714"
"113618398","2004750137","0.47619"
"2004750137","113618398","0.47619"
"113618398","2170320478","0.142857"
"2170320478","113618398","0.142857"
"113618398","284246973","0.392857"
"284246973","113618398","0.392857"
"1540898056","1996712453","0.582875"
"1996712453","1540898056","0.582875"
"1540898056","2004750137","1.35272"
"2004750137","1540898056","1.35272"
"1540898056","2170320478","2.32097"
"2170320478","1540898056","2.32097"
"1540898056","2317663056","0.773109"
"2317663056","1540898056","0.773109"
"1540898056","284246973","0.837302"
"284246973","1540898056","0.837302"
"1540898056","39017015","0.529304"
"39017015","1540898056","0.529304"
"1996712453","2004750137","1.11859"
"2004750137","1996712453","1.11859"
"1996712453","2170320478","0.951923"
"2170320478","1996712453","0.951923"
"1996712453","284246973","0.47619"
"284246973","1996712453","0.47619"
"2004750137","2170320478","2.45669"
"2170320478","2004750137","2.45669"
"2004750137","2317663056","1.12381"
"2317663056","2004750137","1.12381"
"2004750137","284246973","0.753968"
"284246973","2004750137","0.753968"
"2004750137","39017015","0.981685"
"39017015","2004750137","0.981685"
"2170320478","2317663056","0.540476"
"2317663056","2170320478","0.540476"
"2170320478","284246973","0.47619"
"284246973","2170320478","0.47619"
"2170320478","39017015","0.815018"
"39017015","2170320478","0.815018"
"2317663056","284246973","0.392857"
"284246973","2317663056","0.392857"
"284246973","39017015","0.47619"
"39017015","284246973","0.47619"
"113618398","1587956602","9.64643"
"1587956602","113618398","9.64643"
"1587956602","2317663056","3.72976"
"2317663056","1587956602","3.72976"
"113618398","1499501833","0.125"
"1499501833","113618398","0.125"
"113618398","2033664446","0.125"
"2033664446","113618398","0.125"
"113618398","2045780827","0.125"
"2045780827","113618398","0.125"
"113618398","2049326972","0.125"
"2049326972","113618398","0.125"
"113618398","2057797237","0.125"
"2057797237","113618398","0.125"
"113618398","2146990749","0.125"
"2146990749","113618398","0.125"
"113618398","2179132614","0.125"
"2179132614","113618398","0.125"
"1499501833","2033664446","2.26786"
"2033664446","1499501833","2.26786"
"1499501833","2045780827","0.225"
"2045780827","1499501833","0.225"
"1499501833","2049326972","0.125"
"2049326972","1499501833","0.125"
"1499501833","2057797237","0.125"
"2057797237","1499501833","0.125"
"1499501833","2086731826","0.225"
"2086731826","1499501833","0.225"
"1499501833","2146990749","1.125"
"2146990749","1499501833","1.125"
"1499501833","2179132614","0.434524"
"2179132614","1499501833","0.434524"
"2033664446","2045780827","0.75"
"2045780827","2033664446","0.75"
"2033664446","2049326972","0.125"
"2049326972","2033664446","0.125"
"2033664446","2057797237","0.517857"
"2057797237","2033664446","0.517857"
"2033664446","2086731826","0.375"
"2086731826","2033664446","0.375"
"2033664446","2146990749","0.236111"
"2146990749","2033664446","0.236111"
"2033664446","2179132614","0.378968"
"2179132614","2033664446","0.378968"
"2045780827","2049326972","0.125"
"2049326972","2045780827","0.125"
"2045780827","2057797237","1.8"
"2057797237","2045780827","1.8"
"2045780827","2086731826","0.867857"
"2086731826","2045780827","0.867857"
"2045780827","2146990749","0.125"
"2146990749","2045780827","0.125"
"2045780827","2179132614","0.125"
"2179132614","2045780827","0.125"
"2049326972","2057797237","0.325"
"2057797237","2049326972","0.325"
"2049326972","2086731826","0.125"
"2086731826","2049326972","0.125"
"2049326972","2146990749","0.125"
"2146990749","2049326972","0.125"
"2049326972","2179132614","0.125"
"2179132614","2049326972","0.125"
"2057797237","2086731826","0.279762"
"2086731826","2057797237","0.279762"
"2057797237","2146990749","1.125"
"2146990749","2057797237","1.125"
"2057797237","2179132614","0.291667"
"2179132614","2057797237","0.291667"
"2086731826","2146990749","0.125"
"2146990749","2086731826","0.125"
"2086731826","2179132614","0.125"
"2179132614","2086731826","0.125"
"2146990749","2179132614","0.236111"
"2179132614","2146990749","0.236111"
"113618398","1994452857","0.630952"
"1994452857","113618398","0.630952"
"113618398","2029030812","0.267857"
"2029030812","113618398","0.267857"
"113618398","2034438017","1.39286"
"2034438017","113618398","1.39286"
"113618398","2046020695","0.142857"
"2046020695","113618398","0.142857"
"113618398","2053103169","0.142857"
"2053103169","113618398","0.142857"
"1540898056","1994452857","0.580649"
"1994452857","1540898056","0.580649"
"1540898056","2029030812","0.142857"
"2029030812","1540898056","0.142857"
"1540898056","2034438017","0.209524"
"2034438017","1540898056","0.209524"
"1540898056","2046020695","0.450032"
"2046020695","1540898056","0.450032"
"1540898056","2053103169","0.755952"
"2053103169","1540898056","0.755952"
"1540898056","2086731826","1.02018"
"2086731826","1540898056","1.02018"
"1994452857","2029030812","0.267857"
"2029030812","1994452857","0.267857"
"1994452857","2034438017","6.92619"
"2034438017","1994452857","6.92619"
"1994452857","2046020695","0.526681"
"2046020695","1994452857","0.526681"
"1994452857","2053103169","1.45119"
"2053103169","1994452857","1.45119"
"1994452857","2086731826","2.00159"
"2086731826","1994452857","2.00159"
"2029030812","2034438017","0.267857"
"2034438017","2029030812","0.267857"
"2029030812","2046020695","0.179894"
"2046020695","2029030812","0.179894"
"2029030812","2053103169","0.179894"
"2053103169","2029030812","0.179894"
"2029030812","2086731826","0.142857"
"2086731826","2029030812","0.142857"
"2034438017","2046020695","0.142857"
"2046020695","2034438017","0.142857"
"2034438017","2053103169","0.809524"
"2053103169","2034438017","0.809524"
"2034438017","2086731826","2.80952"
"2086731826","2034438017","2.80952"
"2046020695","2053103169","0.453003"
"2053103169","2046020695","0.453003"
"2046020695","2086731826","0.670971"
"2086731826","2046020695","0.670971"
"2053103169","2086731826","11.1536"
"2086731826","2053103169","11.1536"
"113618398","2509433105","2.5"
"2509433105","113618398","2.5"
"1540898056","1587956602","0.35"
"1587956602","1540898056","0.35"
"1587956602","284246973","0.25"
"284246973","1587956602","0.25"
"113618398","2062169489","0.416667"
"2062169489","113618398","0.416667"
"113618398","2078063157","0.166667"
"2078063157","113618398","0.166667"
"113618398","2331618448","0.95"
"2331618448","113618398","0.95"
"1587956602","1994452857","0.446429"
"1994452857","1587956602","0.446429"
"1587956602","2062169489","0.375"
"2062169489","1587956602","0.375"
"1587956602","2078063157","0.25"
"2078063157","1587956602","0.25"
"1587956602","2331618448","0.908333"
"2331618448","1587956602","0.908333"
"1994452857","2062169489","1.01716"
"2062169489","1994452857","1.01716"
"1994452857","2078063157","1.62549"
"2078063157","1994452857","1.62549"
"1994452857","2317663056","0.996919"
"2317663056","1994452857","0.996919"
"1994452857","2331618448","0.92549"
"2331618448","1994452857","0.92549"
"2062169489","2078063157","0.767157"
"2078063157","2062169489","0.767157"
"2062169489","2317663056","0.72549"
"2317663056","2062169489","0.72549"
"2062169489","2331618448","0.796919"
"2331618448","2062169489","0.796919"
"2078063157","2317663056","0.47549"
"2317663056","2078063157","0.47549"
"2078063157","2331618448","0.47549"
"2331618448","2078063157","0.47549"
"2317663056","2331618448","4.04811"
"2331618448","2317663056","4.04811"
"113618398","2081550964","0.271429"
"2081550964","113618398","0.271429"
"113618398","87680929","0.45"
"87680929","113618398","0.45"
"1587956602","2081550964","0.371429"
"2081550964","1587956602","0.371429"
"1587956602","87680929","0.408333"
"87680929","1587956602","0.408333"
"2081550964","2317663056","0.271429"
"2317663056","2081550964","0.271429"
"2081550964","2331618448","0.2"
"2331618448","2081550964","0.2"
"2081550964","87680929","0.2"
"87680929","2081550964","0.2"
"2317663056","87680929","2.58929"
"87680929","2317663056","2.58929"
"2331618448","87680929","2.56071"
"87680929","2331618448","2.56071"
"113618398","136689989","0.0714286"
"136689989","113618398","0.0714286"
"113618398","1678529639","0.196429"
"1678529639","113618398","0.196429"
"113618398","1977369706","0.0714286"
"1977369706","113618398","0.0714286"
"113618398","2072326039","0.404762"
"2072326039","113618398","0.404762"
"113618398","2148468248","0.0714286"
"2148468248","113618398","0.0714286"
"113618398","2295568358","0.0714286"
"2295568358","113618398","0.0714286"
"113618398","2804033957","0.0714286"
"2804033957","113618398","0.0714286"
"113618398","2906876301","0.196429"
"2906876301","113618398","0.196429"
"136689989","1587956602","0.171429"
"1587956602","136689989","0.171429"
"136689989","1678529639","0.208466"
"1678529639","136689989","0.208466"
"136689989","1748096091","0.201681"
"1748096091","136689989","0.201681"
"136689989","1977369706","0.130252"
"1977369706","136689989","0.130252"
"136689989","1994452857","0.255252"
"1994452857","136689989","0.255252"
"136689989","2072326039","0.130252"
"2072326039","136689989","0.130252"
"136689989","2081550964","0.275132"
"2081550964","136689989","0.275132"
"136689989","2086731826","0.748352"
"2086731826","136689989","0.748352"
"136689989","2148468248","0.404762"
"2148468248","136689989","0.404762"
"136689989","2295568358","0.430384"
"2295568358","136689989","0.430384"
"136689989","2317663056","0.130252"
"2317663056","136689989","0.130252"
"136689989","2804033957","0.267289"
"2804033957","136689989","0.267289"
"136689989","2906876301","0.138095"
"2906876301","136689989","0.138095"
"1587956602","1678529639","0.171429"
"1678529639","1587956602","0.171429"
"1587956602","1748096091","0.154762"
"1748096091","1587956602","0.154762"
"1587956602","1977369706","0.0714286"
"1977369706","1587956602","0.0714286"
"1587956602","2072326039","0.0714286"
"2072326039","1587956602","0.0714286"
"1587956602","2086731826","0.254762"
"2086731826","1587956602","0.254762"
"1587956602","2148468248","0.0714286"
"2148468248","1587956602","0.0714286"
"1587956602","2295568358","0.0714286"
"2295568358","1587956602","0.0714286"
"1587956602","2804033957","0.171429"
"2804033957","1587956602","0.171429"
"1587956602","2906876301","0.0714286"
"2906876301","1587956602","0.0714286"
"1678529639","1748096091","0.0714286"
"1748096091","1678529639","0.0714286"
"1678529639","1977369706","0.0714286"
"1977369706","1678529639","0.0714286"
"1678529639","1994452857","0.296429"
"1994452857","1678529639","0.296429"
"1678529639","2072326039","0.0714286"
"2072326039","1678529639","0.0714286"
"1678529639","2081550964","1.18466"
"2081550964","1678529639","1.18466"
"1678529639","2086731826","0.414286"
"2086731826","1678529639","0.414286"
"1678529639","2148468248","0.0714286"
"2148468248","1678529639","0.0714286"
"1678529639","2295568358","0.108466"
"2295568358","1678529639","0.108466"
"1678529639","2317663056","0.321429"
"2317663056","1678529639","0.321429"
"1678529639","2804033957","0.975132"
"2804033957","1678529639","0.975132"
"1678529639","2906876301","1.38095"
"2906876301","1678529639","1.38095"
"1748096091","1977369706","0.130252"
"1977369706","1748096091","0.130252"
"1748096091","1994452857","0.491363"
"1994452857","1748096091","0.491363"
"1748096091","2072326039","0.130252"
"2072326039","1748096091","0.130252"
"1748096091","2081550964","0.380952"
"2081550964","1748096091","0.380952"
"1748096091","2148468248","0.142857"
"2148468248","1748096091","0.142857"
"1748096091","2295568358","0.401681"
"2295568358","1748096091","0.401681"
"1748096091","2804033957","0.0714286"
"2804033957","1748096091","0.0714286"
"1748096091","2906876301","0.414286"
"2906876301","1748096091","0.414286"
"1977369706","1994452857","0.130252"
"1994452857","1977369706","0.130252"
"1977369706","2072326039","3.63025"
"2072326039","1977369706","3.63025"
"1977369706","2081550964","0.0714286"
"2081550964","1977369706","0.0714286"
"1977369706","2086731826","0.0714286"
"2086731826","1977369706","0.0714286"
"1977369706","2148468248","0.0714286"
"2148468248","1977369706","0.0714286"
"1977369706","2295568358","0.130252"
"2295568358","1977369706","0.130252"
"1977369706","2317663056","0.130252"
"2317663056","1977369706","0.130252"
"1977369706","2804033957","0.0714286"
"2804033957","1977369706","0.0714286"
"1977369706","2906876301","0.0714286"
"2906876301","1977369706","0.0714286"
"1994452857","2072326039","0.130252"
"2072326039","1994452857","0.130252"
"1994452857","2081550964","0.271429"
"2081550964","1994452857","0.271429"
"1994452857","2148468248","0.171429"
"2148468248","1994452857","0.171429"
"1994452857","2295568358","0.455252"
"2295568358","1994452857","0.455252"
"1994452857","2804033957","0.171429"
"2804033957","1994452857","0.171429"
"1994452857","2906876301","0.396429"
"2906876301","1994452857","0.396429"
"2072326039","2081550964","0.0714286"
"2081550964","2072326039","0.0714286"
"2072326039","2086731826","0.0714286"
"2086731826","2072326039","0.0714286"
"2072326039","2148468248","0.0714286"
"2148468248","2072326039","0.0714286"
"2072326039","2295568358","0.130252"
"2295568358","2072326039","0.130252"
"2072326039","2317663056","0.463585"
"2317663056","2072326039","0.463585"
"2072326039","2804033957","0.0714286"
"2804033957","2072326039","0.0714286"
"2072326039","2906876301","0.0714286"
"2906876301","2072326039","0.0714286"
"2081550964","2086731826","0.457143"
"2086731826","2081550964","0.457143"
"2081550964","2148468248","0.0714286"
"2148468248","2081550964","0.0714286"
"2081550964","2295568358","0.375132"
"2295568358","2081550964","0.375132"
"2081550964","2804033957","0.375132"
"2804033957","2081550964","0.375132"
"2081550964","2906876301","0.790476"
"2906876301","2081550964","0.790476"
"2086731826","2148468248","0.242857"
"2148468248","2086731826","0.242857"
"2086731826","2295568358","0.0714286"
"2295568358","2086731826","0.0714286"
"2086731826","2804033957","0.354762"
"2804033957","2086731826","0.354762"
"2086731826","2906876301","0.357143"
"2906876301","2086731826","0.357143"
"2148468248","2295568358","0.18254"
"2295568358","2148468248","0.18254"
"2148468248","2317663056","0.885714"
"2317663056","2148468248","0.885714"
"2148468248","2804033957","0.0714286"
"2804033957","2148468248","0.0714286"
"2148468248","2906876301","0.321429"
"2906876301","2148468248","0.321429"
"2295568358","2317663056","0.130252"
"2317663056","2295568358","0.130252"
"2295568358","2804033957","0.352055"
"2804033957","2295568358","0.352055"
"2295568358","2906876301","0.704762"
"2906876301","2295568358","0.704762"
"2317663056","2804033957","0.0714286"
"2804033957","2317663056","0.0714286"
"2317663056","2906876301","0.321429"
"2906876301","2317663056","0.321429"
"2804033957","2906876301","0.404762"
"2906876301","2804033957","0.404762"
"1587956602","2029030812","0.125"
"2029030812","1587956602","0.125"
"1587956602","2034438017","0.125"
"2034438017","1587956602","0.125"
"1994452857","87680929","0.842857"
"87680929","1994452857","0.842857"
"2029030812","2062169489","0.125"
"2062169489","2029030812","0.125"
"2029030812","2317663056","0.125"
"2317663056","2029030812","0.125"
"2029030812","2331618448","0.125"
"2331618448","2029030812","0.125"
"2029030812","87680929","0.125"
"87680929","2029030812","0.125"
"2034438017","2062169489","0.583333"
"2062169489","2034438017","0.583333"
"2034438017","2317663056","0.866667"
"2317663056","2034438017","0.866667"
"2034438017","2331618448","0.866667"
"2331618448","2034438017","0.866667"
"2034438017","87680929","1.86667"
"87680929","2034438017","1.86667"
"2062169489","87680929","0.571429"
"87680929","2062169489","0.571429"
"1678529639","2034438017","0.125"
"2034438017","1678529639","0.125"
"1678529639","2062169489","0.125"
"2062169489","1678529639","0.125"
"1678529639","2331618448","0.25"
"2331618448","1678529639","0.25"
"1678529639","87680929","0.25"
"87680929","1678529639","0.25"
"2034438017","2906876301","0.191667"
"2906876301","2034438017","0.191667"
"2062169489","2906876301","0.125"
"2906876301","2062169489","0.125"
"2331618448","2906876301","0.25"
"2906876301","2331618448","0.25"
"2906876301","87680929","0.25"
"87680929","2906876301","0.25"
"113618398","1532687280","0.333333"
"1532687280","113618398","0.333333"
"113618398","2907162474","0.333333"
"2907162474","113618398","0.333333"
"1532687280","2317663056","0.333333"
"2317663056","1532687280","0.333333"
"1532687280","2907162474","1.58333"
"2907162474","1532687280","1.58333"
"2317663056","2907162474","0.333333"
"2907162474","2317663056","0.333333"
"2317663056","2509433105","0.5"
"2509433105","2317663056","0.5"
"2004750137","2072326039","0.333333"
"2072326039","2004750137","0.333333"
"122216813","1549974765","0.1"
"1549974765","122216813","0.1"
"122216813","1576752393","0.1"
"1576752393","122216813","0.1"
"122216813","1985629579","0.1"
"1985629579","122216813","0.1"
"122216813","2004750137","0.492857"
"2004750137","122216813","0.492857"
"122216813","2045780827","0.1"
"2045780827","122216813","0.1"
"122216813","2057797237","0.1"
"2057797237","122216813","0.1"
"122216813","2148468248","0.1"
"2148468248","122216813","0.1"
"122216813","2170320478","0.242857"
"2170320478","122216813","0.242857"
"122216813","2317663056","0.35"
"2317663056","122216813","0.35"
"122216813","87680929","0.1"
"87680929","122216813","0.1"
"1549974765","1576752393","0.225"
"1576752393","1549974765","0.225"
"1549974765","1985629579","0.1"
"1985629579","1549974765","0.1"
"1549974765","2004750137","0.433333"
"2004750137","1549974765","0.433333"
"1549974765","2045780827","0.225"
"2045780827","1549974765","0.225"
"1549974765","2057797237","0.225"
"2057797237","1549974765","0.225"
"1549974765","2148468248","0.1"
"2148468248","1549974765","0.1"
"1549974765","2170320478","0.1"
"2170320478","1549974765","0.1"
"1549974765","2317663056","0.1"
"2317663056","1549974765","0.1"
"1549974765","87680929","0.225"
"87680929","1549974765","0.225"
"1576752393","1985629579","0.1"
"1985629579","1576752393","0.1"
"1576752393","2004750137","0.1"
"2004750137","1576752393","0.1"
"1576752393","2045780827","0.683333"
"2045780827","1576752393","0.683333"
"1576752393","2057797237","1.85"
"2057797237","1576752393","1.85"
"1576752393","2148468248","0.1"
"2148468248","1576752393","0.1"
"1576752393","2170320478","0.1"
"2170320478","1576752393","0.1"
"1576752393","2317663056","0.225"
"2317663056","1576752393","0.225"
"1576752393","87680929","0.35"
"87680929","1576752393","0.35"
"1985629579","2004750137","0.248352"
"2004750137","1985629579","0.248352"
"1985629579","2045780827","0.1"
"2045780827","1985629579","0.1"
"1985629579","2057797237","0.1"
"2057797237","1985629579","0.1"
"1985629579","2148468248","0.6"
"2148468248","1985629579","0.6"
"1985629579","2170320478","0.248352"
"2170320478","1985629579","0.248352"
"1985629579","2317663056","0.6"
"2317663056","1985629579","0.6"
"1985629579","87680929","0.171429"
"87680929","1985629579","0.171429"
"2004750137","2045780827","1.29286"
"2045780827","2004750137","1.29286"
"2004750137","2057797237","0.514286"
"2057797237","2004750137","0.514286"
"2004750137","2148468248","0.775397"
"2148468248","2004750137","0.775397"
"2004750137","87680929","0.580159"
"87680929","2004750137","0.580159"
"2045780827","2148468248","0.533333"
"2148468248","2045780827","0.533333"
"2045780827","2170320478","0.1"
"2170320478","2045780827","0.1"
"2045780827","2317663056","0.225"
"2317663056","2045780827","0.225"
"2045780827","87680929","0.492857"
"87680929","2045780827","0.492857"
"2057797237","2148468248","0.314286"
"2148468248","2057797237","0.314286"
"2057797237","2170320478","0.314286"
"2170320478","2057797237","0.314286"
"2057797237","2317663056","0.439286"
"2317663056","2057797237","0.439286"
"2057797237","87680929","0.921429"
"87680929","2057797237","0.921429"
"2148468248","2170320478","1.64762"
"2170320478","2148468248","1.64762"
"2148468248","87680929","0.28254"
"87680929","2148468248","0.28254"
"2170320478","87680929","0.32619"
"87680929","2170320478","0.32619"
"122216813","1996712453","0.142857"
"1996712453","122216813","0.142857"
"122216813","2019418523","0.142857"
"2019418523","122216813","0.142857"
"122216813","2166258447","0.559524"
"2166258447","122216813","0.559524"
"122216813","33652494","0.142857"
"33652494","122216813","0.142857"
"122216813","39017015","0.142857"
"39017015","122216813","0.142857"
"1996712453","2019418523","0.142857"
"2019418523","1996712453","0.142857"
"1996712453","2166258447","0.71978"
"2166258447","1996712453","0.71978"
"1996712453","33652494","0.142857"
"33652494","1996712453","0.142857"
"2004750137","2019418523","0.142857"
"2019418523","2004750137","0.142857"
"2004750137","2166258447","1.38089"
"2166258447","2004750137","1.38089"
"2004750137","33652494","0.253968"
"33652494","2004750137","0.253968"
"2019418523","2166258447","0.142857"
"2166258447","2019418523","0.142857"
"2019418523","2170320478","0.142857"
"2170320478","2019418523","0.142857"
"2019418523","33652494","0.142857"
"33652494","2019418523","0.142857"
"2019418523","39017015","0.142857"
"39017015","2019418523","0.142857"
"2166258447","2170320478","0.21978"
"2170320478","2166258447","0.21978"
"2166258447","33652494","0.142857"
"33652494","2166258447","0.142857"
"2166258447","39017015","0.386447"
"39017015","2166258447","0.386447"
"2170320478","33652494","0.142857"
"33652494","2170320478","0.142857"
"33652494","39017015","0.142857"
"39017015","33652494","0.142857"
"122216813","2805278448","1"
"2805278448","122216813","1"
"122216813","2119949883","0.416667"
"2119949883","122216813","0.416667"
"2004750137","2119949883","1.13803"
"2119949883","2004750137","1.13803"
"2119949883","2166258447","2.4297"
"2166258447","2119949883","2.4297"
"2119949883","2317663056","0.25"
"2317663056","2119949883","0.25"
"2166258447","2317663056","0.25"
"2317663056","2166258447","0.25"
"122216813","148012277","0.166667"
"148012277","122216813","0.166667"
"122216813","1540898056","0.166667"
"1540898056","122216813","0.166667"
"122216813","2167063371","0.166667"
"2167063371","122216813","0.166667"
"122216813","2509433105","0.166667"
"2509433105","122216813","0.166667"
"148012277","1540898056","0.611111"
"1540898056","148012277","0.611111"
"148012277","2119949883","0.166667"
"2119949883","148012277","0.166667"
"148012277","2166258447","0.166667"
"2166258447","148012277","0.166667"
"148012277","2167063371","0.166667"
"2167063371","148012277","0.166667"
"148012277","2509433105","2.32692"
"2509433105","148012277","2.32692"
"1540898056","2119949883","0.354701"
"2119949883","1540898056","0.354701"
"1540898056","2166258447","0.354701"
"2166258447","1540898056","0.354701"
"1540898056","2167063371","0.354701"
"2167063371","1540898056","0.354701"
"1540898056","2509433105","0.166667"
"2509433105","1540898056","0.166667"
"2119949883","2167063371","2.51303"
"2167063371","2119949883","2.51303"
"2119949883","2509433105","0.166667"
"2509433105","2119949883","0.166667"
"2166258447","2167063371","2.1797"
"2167063371","2166258447","2.1797"
"2166258447","2509433105","0.166667"
"2509433105","2166258447","0.166667"
"2167063371","2509433105","0.166667"
"2509433105","2167063371","0.166667"
"124006210","173745642","3"
"173745642","124006210","3"
"124006210","2179132614","1"
"2179132614","124006210","1"
"136689989","2048376803","6.29444"
"2048376803","136689989","6.29444"
"136689989","2104675958","10.4333"
"2104675958","136689989","10.4333"
"136689989","2740294951","5.70327"
"2740294951","136689989","5.70327"
"2048376803","2104675958","6.15952"
"2104675958","2048376803","6.15952"
"2048376803","2740294951","10.9361"
"2740294951","2048376803","10.9361"
"2104675958","2740294951","5.36667"
"2740294951","2104675958","5.36667"
"136689989","1540898056","1.70718"
"1540898056","136689989","1.70718"
"136689989","1971717340","0.417779"
"1971717340","136689989","0.417779"
"136689989","1985629579","0.248352"
"1985629579","136689989","0.248352"
"136689989","1996712453","0.148352"
"1996712453","136689989","0.148352"
"136689989","2004750137","0.148352"
"2004750137","136689989","0.148352"
"136689989","2046020695","0.936369"
"2046020695","136689989","0.936369"
"136689989","2053103169","0.167289"
"2053103169","136689989","0.167289"
"136689989","2062169489","0.130252"
"2062169489","136689989","0.130252"
"136689989","2170320478","0.481685"
"2170320478","136689989","0.481685"
"136689989","2331618448","0.130252"
"2331618448","136689989","0.130252"
"136689989","39017015","0.148352"
"39017015","136689989","0.148352"
"136689989","87680929","0.0714286"
"87680929","136689989","0.0714286"
"1540898056","1748096091","0.479458"
"1748096091","1540898056","0.479458"
"1540898056","1971717340","0.363585"
"1971717340","1540898056","0.363585"
"1540898056","1985629579","0.248352"
"1985629579","1540898056","0.248352"
"1540898056","2062169489","0.588585"
"2062169489","1540898056","0.588585"
"1540898056","2295568358","0.30803"
"2295568358","1540898056","0.30803"
"1540898056","2331618448","0.201681"
"2331618448","1540898056","0.201681"
"1540898056","87680929","0.396825"
"87680929","1540898056","0.396825"
"1748096091","1971717340","0.130252"
"1971717340","1748096091","0.130252"
"1748096091","1985629579","0.0714286"
"1985629579","1748096091","0.0714286"
"1748096091","2004750137","0.703968"
"2004750137","1748096091","0.703968"
"1748096091","2046020695","0.130252"
"2046020695","1748096091","0.130252"
"1748096091","2053103169","0.464286"
"2053103169","1748096091","0.464286"
"1748096091","2062169489","0.880252"
"2062169489","1748096091","0.880252"
"1748096091","2170320478","0.392857"
"2170320478","1748096091","0.392857"
"1748096091","2331618448","0.285014"
"2331618448","1748096091","0.285014"
"1748096091","87680929","0.22619"
"87680929","1748096091","0.22619"
"1971717340","1985629579","0.0714286"
"1985629579","1971717340","0.0714286"
"1971717340","1996712453","0.0714286"
"1996712453","1971717340","0.0714286"
"1971717340","2004750137","0.238095"
"2004750137","1971717340","0.238095"
"1971717340","2046020695","0.226113"
"2046020695","1971717340","0.226113"
"1971717340","2053103169","0.333956"
"2053103169","1971717340","0.333956"
"1971717340","2062169489","0.130252"
"2062169489","1971717340","0.130252"
"1971717340","2170320478","0.238095"
"2170320478","1971717340","0.238095"
"1971717340","2295568358","0.358956"
"2295568358","1971717340","0.358956"
"1971717340","2331618448","0.130252"
"2331618448","1971717340","0.130252"
"1971717340","39017015","0.0714286"
"39017015","1971717340","0.0714286"
"1971717340","87680929","0.0714286"
"87680929","1971717340","0.0714286"
"1985629579","1996712453","0.148352"
"1996712453","1985629579","0.148352"
"1985629579","2046020695","0.248352"
"2046020695","1985629579","0.248352"
"1985629579","2053103169","0.171429"
"2053103169","1985629579","0.171429"
"1985629579","2062169489","0.0714286"
"2062169489","1985629579","0.0714286"
"1985629579","2295568358","0.0714286"
"2295568358","1985629579","0.0714286"
"1985629579","2331618448","0.0714286"
"2331618448","1985629579","0.0714286"
"1985629579","39017015","0.148352"
"39017015","1985629579","0.148352"
"1996712453","2046020695","0.148352"
"2046020695","1996712453","0.148352"
"1996712453","2053103169","0.422619"
"2053103169","1996712453","0.422619"
"1996712453","2062169489","1.02976"
"2062169489","1996712453","1.02976"
"1996712453","2295568358","0.0714286"
"2295568358","1996712453","0.0714286"
"1996712453","2331618448","0.297619"
"2331618448","1996712453","0.297619"
"1996712453","87680929","0.297619"
"87680929","1996712453","0.297619"
"2004750137","2046020695","0.148352"
"2046020695","2004750137","0.148352"
"2004750137","2053103169","0.946429"
"2053103169","2004750137","0.946429"
"2004750137","2062169489","0.613095"
"2062169489","2004750137","0.613095"
"2004750137","2295568358","0.38254"
"2295568358","2004750137","0.38254"
"2004750137","2331618448","0.22619"
"2331618448","2004750137","0.22619"
"2046020695","2062169489","0.130252"
"2062169489","2046020695","0.130252"
"2046020695","2170320478","0.148352"
"2170320478","2046020695","0.148352"
"2046020695","2295568358","0.367289"
"2295568358","2046020695","0.367289"
"2046020695","2331618448","0.130252"
"2331618448","2046020695","0.130252"
"2046020695","39017015","0.148352"
"39017015","2046020695","0.148352"
"2046020695","87680929","0.0714286"
"87680929","2046020695","0.0714286"
"2053103169","2062169489","0.446429"
"2062169489","2053103169","0.446429"
"2053103169","2170320478","0.446429"
"2170320478","2053103169","0.446429"
"2053103169","2295568358","0.108466"
"2295568358","2053103169","0.108466"
"2053103169","2331618448","0.154762"
"2331618448","2053103169","0.154762"
"2053103169","39017015","0.214286"
"39017015","2053103169","0.214286"
"2053103169","87680929","0.154762"
"87680929","2053103169","0.154762"
"2062169489","2170320478","0.613095"
"2170320478","2062169489","0.613095"
"2062169489","2295568358","0.130252"
"2295568358","2062169489","0.130252"
"2062169489","39017015","0.821429"
"39017015","2062169489","0.821429"
"2170320478","2295568358","0.0714286"
"2295568358","2170320478","0.0714286"
"2170320478","2331618448","0.22619"
"2331618448","2170320478","0.22619"
"2295568358","2331618448","0.130252"
"2331618448","2295568358","0.130252"
"2295568358","39017015","0.0714286"
"39017015","2295568358","0.0714286"
"2295568358","87680929","0.18254"
"87680929","2295568358","0.18254"
"2331618448","39017015","0.142857"
"39017015","2331618448","0.142857"
"39017015","87680929","0.142857"
"87680929","39017015","0.142857"
"136689989","2033664446","0.724829"
"2033664446","136689989","0.724829"
"136689989","2057797237","0.267857"
"2057797237","136689989","0.267857"
"136689989","2074733377","0.312792"
"2074733377","136689989","0.312792"
"136689989","2078063157","0.489208"
"2078063157","136689989","0.489208"
"136689989","2405745007","0.253968"
"2405745007","136689989","0.253968"
"136689989","2509433105","0.22619"
"2509433105","136689989","0.22619"
"136689989","2907162474","0.285014"
"2907162474","136689989","0.285014"
"2033664446","2074733377","0.253968"
"2074733377","2033664446","0.253968"
"2033664446","2078063157","0.488718"
"2078063157","2033664446","0.488718"
"2033664446","2405745007","0.253968"
"2405745007","2033664446","0.253968"
"2033664446","2509433105","0.142857"
"2509433105","2033664446","0.142857"
"2033664446","2907162474","0.142857"
"2907162474","2033664446","0.142857"
"2057797237","2074733377","0.142857"
"2074733377","2057797237","0.142857"
"2057797237","2078063157","0.142857"
"2078063157","2057797237","0.142857"
"2057797237","2405745007","0.142857"
"2405745007","2057797237","0.142857"
"2057797237","2509433105","0.142857"
"2509433105","2057797237","0.142857"
"2057797237","2907162474","0.142857"
"2907162474","2057797237","0.142857"
"2074733377","2078063157","0.201681"
"2078063157","2074733377","0.201681"
"2074733377","2405745007","0.320635"
"2405745007","2074733377","0.320635"
"2074733377","2509433105","5.3312"
"2509433105","2074733377","5.3312"
"2074733377","2907162474","2.11429"
"2907162474","2074733377","2.11429"
"2078063157","2405745007","0.47619"
"2405745007","2078063157","0.47619"
"2078063157","2509433105","0.142857"
"2509433105","2078063157","0.142857"
"2078063157","2907162474","0.201681"
"2907162474","2078063157","0.201681"
"2405745007","2509433105","0.392857"
"2509433105","2405745007","0.392857"
"2405745007","2907162474","0.659524"
"2907162474","2405745007","0.659524"
"2509433105","2907162474","8.05428"
"2907162474","2509433105","8.05428"
"136689989","2083681811","0.470861"
"2083681811","136689989","0.470861"
"2033664446","2048376803","0.503968"
"2048376803","2033664446","0.503968"
"2033664446","2083681811","1.05489"
"2083681811","2033664446","1.05489"
"2033664446","2740294951","0.419935"
"2740294951","2033664446","0.419935"
"2048376803","2083681811","0.392857"
"2083681811","2048376803","0.392857"
"2083681811","2740294951","0.25"
"2740294951","2083681811","0.25"
"136689989","148012277","1.79031"
"148012277","136689989","1.79031"
"136689989","2146990749","0.194444"
"2146990749","136689989","0.194444"
"136689989","2179132614","0.277778"
"2179132614","136689989","0.277778"
"136689989","2731603508","0.277778"
"2731603508","136689989","0.277778"
"148012277","2033664446","1.14815"
"2033664446","148012277","1.14815"
"148012277","2048376803","0.361111"
"2048376803","148012277","0.361111"
"148012277","2074733377","0.446858"
"2074733377","148012277","0.446858"
"148012277","2146990749","0.194444"
"2146990749","148012277","0.194444"
"148012277","2179132614","0.944444"
"2179132614","148012277","0.944444"
"148012277","2405745007","0.111111"
"2405745007","148012277","0.111111"
"148012277","2731603508","0.111111"
"2731603508","148012277","0.111111"
"148012277","2740294951","0.277778"
"2740294951","148012277","0.277778"
"2033664446","2731603508","0.111111"
"2731603508","2033664446","0.111111"
"2048376803","2074733377","0.236111"
"2074733377","2048376803","0.236111"
"2048376803","2146990749","0.194444"
"2146990749","2048376803","0.194444"
"2048376803","2179132614","0.420635"
"2179132614","2048376803","0.420635"
"2048376803","2405745007","0.111111"
"2405745007","2048376803","0.111111"
"2048376803","2731603508","0.277778"
"2731603508","2048376803","0.277778"
"2074733377","2146990749","0.111111"
"2146990749","2074733377","0.111111"
"2074733377","2179132614","0.311111"
"2179132614","2074733377","0.311111"
"2074733377","2731603508","1.17778"
"2731603508","2074733377","1.17778"
"2074733377","2740294951","0.236111"
"2740294951","2074733377","0.236111"
"2146990749","2405745007","0.111111"
"2405745007","2146990749","0.111111"
"2146990749","2731603508","0.111111"
"2731603508","2146990749","0.111111"
"2146990749","2740294951","0.111111"
"2740294951","2146990749","0.111111"
"2179132614","2405745007","0.111111"
"2405745007","2179132614","0.111111"
"2179132614","2731603508","0.111111"
"2731603508","2179132614","0.111111"
"2179132614","2740294951","0.277778"
"2740294951","2179132614","0.277778"
"2405745007","2731603508","5.87778"
"2731603508","2405745007","5.87778"
"2405745007","2740294951","0.111111"
"2740294951","2405745007","0.111111"
"2731603508","2740294951","0.277778"
"2740294951","2731603508","0.277778"
"136689989","1599319862","0.49537"
"1599319862","136689989","0.49537"
"136689989","2136015180","0.387527"
"2136015180","136689989","0.387527"
"136689989","2163806685","0.162037"
"2163806685","136689989","0.162037"
"1599319862","1971717340","0.162037"
"1971717340","1599319862","0.162037"
"1599319862","1994452857","0.125"
"1994452857","1599319862","0.125"
"1599319862","2078063157","1.16204"
"2078063157","1599319862","1.16204"
"1599319862","2083681811","0.162037"
"2083681811","1599319862","0.162037"
"1599319862","2136015180","0.162037"
"2136015180","1599319862","0.162037"
"1599319862","2163806685","0.162037"
"2163806685","1599319862","0.162037"
"1599319862","2295568358","0.273148"
"2295568358","1599319862","0.273148"
"1971717340","1994452857","0.183824"
"1994452857","1971717340","0.183824"
"1971717340","2078063157","0.346351"
"2078063157","1971717340","0.346351"
"1971717340","2083681811","0.220861"
"2083681811","1971717340","0.220861"
"1971717340","2136015180","0.220861"
"2136015180","1971717340","0.220861"
"1971717340","2163806685","0.162037"
"2163806685","1971717340","0.162037"
"1994452857","2083681811","0.125"
"2083681811","1994452857","0.125"
"1994452857","2136015180","0.183824"
"2136015180","1994452857","0.183824"
"1994452857","2163806685","0.225"
"2163806685","1994452857","0.225"
"2078063157","2083681811","0.220861"
"2083681811","2078063157","0.220861"
"2078063157","2136015180","0.470861"
"2136015180","2078063157","0.470861"
"2078063157","2163806685","0.512037"
"2163806685","2078063157","0.512037"
"2078063157","2295568358","0.487527"
"2295568358","2078063157","0.487527"
"2083681811","2136015180","0.162037"
"2136015180","2083681811","0.162037"
"2083681811","2163806685","0.162037"
"2163806685","2083681811","0.162037"
"2083681811","2295568358","0.162037"
"2295568358","2083681811","0.162037"
"2136015180","2163806685","4.24537"
"2163806685","2136015180","4.24537"
"2136015180","2295568358","0.220861"
"2295568358","2136015180","0.220861"
"2163806685","2295568358","0.162037"
"2295568358","2163806685","0.162037"
"136689989","1983488896","0.162527"
"1983488896","136689989","0.162527"
"136689989","2034438017","0.0666667"
"2034438017","136689989","0.0666667"
"136689989","2044354544","0.162527"
"2044354544","136689989","0.162527"
"136689989","2806325184","0.0666667"
"2806325184","136689989","0.0666667"
"136689989","2951541278","0.0666667"
"2951541278","136689989","0.0666667"
"136689989","2970563330","0.103704"
"2970563330","136689989","0.103704"
"136689989","2971041528","0.103704"
"2971041528","136689989","0.103704"
"1540898056","1983488896","0.0666667"
"1983488896","1540898056","0.0666667"
"1540898056","2044354544","0.0666667"
"2044354544","1540898056","0.0666667"
"1540898056","2048376803","0.316667"
"2048376803","1540898056","0.316667"
"1540898056","2078063157","0.25049"
"2078063157","1540898056","0.25049"
"1540898056","2081550964","0.333333"
"2081550964","1540898056","0.333333"
"1540898056","2104675958","0.4"
"2104675958","1540898056","0.4"
"1540898056","2806325184","0.0666667"
"2806325184","1540898056","0.0666667"
"1540898056","2906876301","0.0666667"
"2906876301","1540898056","0.0666667"
"1540898056","2951541278","0.0666667"
"2951541278","1540898056","0.0666667"
"1540898056","2970563330","0.177778"
"2970563330","1540898056","0.177778"
"1540898056","2971041528","0.138095"
"2971041528","1540898056","0.138095"
"1971717340","1983488896","0.162527"
"1983488896","1971717340","0.162527"
"1971717340","2034438017","0.0666667"
"2034438017","1971717340","0.0666667"
"1971717340","2044354544","0.162527"
"2044354544","1971717340","0.162527"
"1971717340","2048376803","0.0666667"
"2048376803","1971717340","0.0666667"
"1971717340","2081550964","0.103704"
"2081550964","1971717340","0.103704"
"1971717340","2104675958","0.0666667"
"2104675958","1971717340","0.0666667"
"1971717340","2806325184","0.0666667"
"2806325184","1971717340","0.0666667"
"1971717340","2906876301","0.0666667"
"2906876301","1971717340","0.0666667"
"1971717340","2951541278","0.0666667"
"2951541278","1971717340","0.0666667"
"1971717340","2970563330","0.103704"
"2970563330","1971717340","0.103704"
"1971717340","2971041528","0.103704"
"2971041528","1971717340","0.103704"
"1983488896","2034438017","0.0666667"
"2034438017","1983488896","0.0666667"
"1983488896","2044354544","13.0172"
"2044354544","1983488896","13.0172"
"1983488896","2048376803","0.0666667"
"2048376803","1983488896","0.0666667"
"1983488896","2078063157","0.162527"
"2078063157","1983488896","0.162527"
"1983488896","2081550964","0.103704"
"2081550964","1983488896","0.103704"
"1983488896","2104675958","0.0666667"
"2104675958","1983488896","0.0666667"
"1983488896","2295568358","0.381481"
"2295568358","1983488896","0.381481"
"1983488896","2806325184","0.0666667"
"2806325184","1983488896","0.0666667"
"1983488896","2906876301","0.233333"
"2906876301","1983488896","0.233333"
"1983488896","2951541278","0.210256"
"2951541278","1983488896","0.210256"
