"1039479391","1512883364","1.55055"
"1512883364","1039479391","1.55055"
"1039479391","1918971735","0.990591"
"1918971735","1039479391","0.990591"
"1039479391","2096640219","0.626306"
"2096640219","1039479391","0.626306"
"1512883364","1918971735","17.7274"
"1918971735","1512883364","17.7274"
"1512883364","2096640219","4.22258"
"2096640219","1512883364","4.22258"
"1918971735","2096640219","4.10093"
"2096640219","1918971735","4.10093"
"1039479391","1490428831","11.1339"
"1490428831","1039479391","11.1339"
"1039479391","1535982959","0.383881"
"1535982959","1039479391","0.383881"
"1039479391","1552227436","0.383881"
"1552227436","1039479391","0.383881"
"1039479391","1598175280","0.408881"
"1598175280","1039479391","0.408881"
"1039479391","1840682959","0.376623"
"1840682959","1039479391","0.376623"
"1039479391","1897565547","0.158881"
"1897565547","1039479391","0.158881"
"1039479391","2127045065","0.967215"
"2127045065","1039479391","0.967215"
"1039479391","2224937117","0.408881"
"2224937117","1039479391","0.408881"
"1039479391","2282506026","0.408881"
"2282506026","1039479391","0.408881"
"1039479391","311271408","0.717215"
"311271408","1039479391","0.717215"
"1490428831","1512883364","0.883881"
"1512883364","1490428831","0.883881"
"1490428831","1535982959","0.383881"
"1535982959","1490428831","0.383881"
"1490428831","1552227436","0.383881"
"1552227436","1490428831","0.383881"
"1490428831","1598175280","0.408881"
"1598175280","1490428831","0.408881"
"1490428831","1840682959","0.376623"
"1840682959","1490428831","0.376623"
"1490428831","1897565547","0.158881"
"1897565547","1490428831","0.158881"
"1490428831","2127045065","0.633881"
"2127045065","1490428831","0.633881"
"1490428831","2224937117","0.408881"
"2224937117","1490428831","0.408881"
"1490428831","2282506026","0.408881"
"2282506026","1490428831","0.408881"
"1490428831","311271408","0.383881"
"311271408","1490428831","0.383881"
"1512883364","1535982959","1.22902"
"1535982959","1512883364","1.22902"
"1512883364","1552227436","1.22902"
"1552227436","1512883364","1.22902"
"1512883364","1598175280","4.08478"
"1598175280","1512883364","4.08478"
"1512883364","1840682959","3.20771"
"1840682959","1512883364","3.20771"
"1512883364","1897565547","2.27526"
"1897565547","1512883364","2.27526"
"1512883364","2127045065","33.4171"
"2127045065","1512883364","33.4171"
"1512883364","2224937117","3.75145"
"2224937117","1512883364","3.75145"
"1512883364","2282506026","2.44192"
"2282506026","1512883364","2.44192"
"1512883364","311271408","23.5171"
"311271408","1512883364","23.5171"
"1535982959","1552227436","41.6783"
"1552227436","1535982959","41.6783"
"1535982959","1598175280","0.991948"
"1598175280","1535982959","0.991948"
"1535982959","1840682959","0.939123"
"1840682959","1535982959","0.939123"
"1535982959","1897565547","0.849091"
"1897565547","1535982959","0.849091"
"1535982959","2127045065","1.81992"
"2127045065","1535982959","1.81992"
"1535982959","2224937117","0.991948"
"2224937117","1535982959","0.991948"
"1535982959","2282506026","0.849091"
"2282506026","1535982959","0.849091"
"1535982959","311271408","0.979015"
"311271408","1535982959","0.979015"
"1552227436","1598175280","0.991948"
"1598175280","1552227436","0.991948"
"1552227436","1840682959","0.939123"
"1840682959","1552227436","0.939123"
"1552227436","1897565547","0.849091"
"1897565547","1552227436","0.849091"
"1552227436","2127045065","1.81992"
"2127045065","1552227436","1.81992"
"1552227436","2224937117","0.991948"
"2224937117","1552227436","0.991948"
"1552227436","2282506026","0.849091"
"2282506026","1552227436","0.849091"
"1552227436","311271408","0.979015"
"311271408","1552227436","0.979015"
"1598175280","1840682959","2.20596"
"1840682959","1598175280","2.20596"
"1598175280","1897565547","25.2794"
"1897565547","1598175280","25.2794"
"1598175280","2127045065","4.18495"
"2127045065","1598175280","4.18495"
"1598175280","2224937117","44.648"
"2224937117","1598175280","44.648"
"1598175280","2282506026","33.5472"
"2282506026","1598175280","33.5472"
"1598175280","311271408","2.49404"
"311271408","1598175280","2.49404"
"1840682959","1897565547","0.795703"
"1897565547","1840682959","0.795703"
"1840682959","2127045065","3.6082"
"2127045065","1840682959","3.6082"
"1840682959","2224937117","2.33096"
"2224937117","1840682959","2.33096"
"1840682959","2282506026","0.795703"
"2282506026","1840682959","0.795703"
"1840682959","311271408","1.49154"
"311271408","1840682959","1.49154"
"1897565547","2127045065","2.54209"
"2127045065","1897565547","2.54209"
"1897565547","2224937117","25.2794"
"2224937117","1897565547","25.2794"
"1897565547","2282506026","24.2794"
"2282506026","1897565547","24.2794"
"1897565547","311271408","1.68451"
"311271408","1897565547","1.68451"
"2127045065","2224937117","4.01828"
"2224937117","2127045065","4.01828"
"2127045065","2282506026","2.95876"
"2282506026","2127045065","2.95876"
"2127045065","311271408","40.3858"
"311271408","2127045065","40.3858"
"2224937117","2282506026","33.5472"
"2282506026","2224937117","33.5472"
"2224937117","311271408","2.82737"
"311271408","2224937117","2.82737"
"2282506026","311271408","2.10118"
"311271408","2282506026","2.10118"
"1039479391","1563939289","0.0679723"
"1563939289","1039479391","0.0679723"
"1039479391","1609137366","0.234639"
"1609137366","1039479391","0.234639"
"1039479391","2137940331","0.234639"
"2137940331","1039479391","0.234639"
"1039479391","2150021268","0.0322581"
"2150021268","1039479391","0.0322581"
"1039479391","2156271654","0.132258"
"2156271654","1039479391","0.132258"
"1039479391","2158339894","0.132258"
"2158339894","1039479391","0.132258"
"1039479391","2271483348","0.0679723"
"2271483348","1039479391","0.0679723"
"1039479391","2274598673","0.0679723"
"2274598673","1039479391","0.0679723"
"1039479391","2279786116","0.0679723"
"2279786116","1039479391","0.0679723"
"1039479391","2280243266","0.0679723"
"2280243266","1039479391","0.0679723"
"1039479391","2281178765","0.0679723"
"2281178765","1039479391","0.0679723"
"1039479391","2285520741","0.0679723"
"2285520741","1039479391","0.0679723"
"1039479391","2287338123","0.234639"
"2287338123","1039479391","0.234639"
"1039479391","2292336229","0.234639"
"2292336229","1039479391","0.234639"
"1039479391","2300100263","0.0679723"
"2300100263","1039479391","0.0679723"
"1039479391","2341115826","0.234639"
"2341115826","1039479391","0.234639"
"1039479391","935142948","0.0679723"
"935142948","1039479391","0.0679723"
"1039479391","971879451","0.0679723"
"971879451","1039479391","0.0679723"
"1039479391","973357609","0.132258"
"973357609","1039479391","0.132258"
"1490428831","1563939289","0.0679723"
"1563939289","1490428831","0.0679723"
"1490428831","1609137366","0.0679723"
"1609137366","1490428831","0.0679723"
"1490428831","1918971735","0.657258"
"1918971735","1490428831","0.657258"
"1490428831","2096640219","0.292972"
"2096640219","1490428831","0.292972"
"1490428831","2137940331","0.0679723"
"2137940331","1490428831","0.0679723"
"1490428831","2150021268","0.0322581"
"2150021268","1490428831","0.0322581"
"1490428831","2156271654","0.132258"
"2156271654","1490428831","0.132258"
"1490428831","2158339894","0.132258"
"2158339894","1490428831","0.132258"
"1490428831","2271483348","0.0679723"
"2271483348","1490428831","0.0679723"
"1490428831","2274598673","0.0679723"
"2274598673","1490428831","0.0679723"
"1490428831","2279786116","0.0679723"
"2279786116","1490428831","0.0679723"
"1490428831","2280243266","0.0679723"
"2280243266","1490428831","0.0679723"
"1490428831","2281178765","0.0679723"
"2281178765","1490428831","0.0679723"
"1490428831","2285520741","0.0679723"
"2285520741","1490428831","0.0679723"
"1490428831","2287338123","0.0679723"
"2287338123","1490428831","0.0679723"
"1490428831","2292336229","0.0679723"
"2292336229","1490428831","0.0679723"
"1490428831","2300100263","0.0679723"
"2300100263","1490428831","0.0679723"
"1490428831","2341115826","0.0679723"
"2341115826","1490428831","0.0679723"
"1490428831","935142948","0.0679723"
"935142948","1490428831","0.0679723"
"1490428831","971879451","0.0679723"
"971879451","1490428831","0.0679723"
"1490428831","973357609","0.132258"
"973357609","1490428831","0.132258"
"1512883364","1563939289","0.639401"
"1563939289","1512883364","0.639401"
"1512883364","1609137366","1.15166"
"1609137366","1512883364","1.15166"
"1512883364","2137940331","1.86475"
"2137940331","1512883364","1.86475"
"1512883364","2150021268","1.9077"
"2150021268","1512883364","1.9077"
"1512883364","2156271654","2.79937"
"2156271654","1512883364","2.79937"
"1512883364","2158339894","2.99937"
"2158339894","1512883364","2.99937"
"1512883364","2271483348","0.535829"
"2271483348","1512883364","0.535829"
"1512883364","2274598673","0.161046"
"2274598673","1512883364","0.161046"
"1512883364","2279786116","0.639401"
"2279786116","1512883364","0.639401"
"1512883364","2280243266","1.45369"
"2280243266","1512883364","1.45369"
"1512883364","2281178765","0.306068"
"2281178765","1512883364","0.306068"
"1512883364","2285520741","0.535829"
"2285520741","1512883364","0.535829"
"1512883364","2287338123","1.86475"
"2287338123","1512883364","1.86475"
"1512883364","2292336229","1.86475"
"2292336229","1512883364","1.86475"
"1512883364","2300100263","0.564022"
"2300100263","1512883364","0.564022"
"1512883364","2341115826","1.86475"
"2341115826","1512883364","1.86475"
"1512883364","935142948","0.564022"
"935142948","1512883364","0.564022"
"1512883364","971879451","0.639401"
"971879451","1512883364","0.639401"
"1512883364","973357609","3.72853"
"973357609","1512883364","3.72853"
"1535982959","1563939289","0.0679723"
"1563939289","1535982959","0.0679723"
"1535982959","1609137366","0.348546"
"1609137366","1535982959","0.348546"
"1535982959","1918971735","2.76521"
"1918971735","1535982959","2.76521"
"1535982959","2096640219","1.05997"
"2096640219","1535982959","1.05997"
"1535982959","2137940331","0.348546"
"2137940331","1535982959","0.348546"
"1535982959","2150021268","0.736754"
"2150021268","1535982959","0.736754"
"1535982959","2156271654","0.836754"
"2156271654","1535982959","0.836754"
"1535982959","2158339894","0.836754"
"2158339894","1535982959","0.836754"
"1535982959","2271483348","0.210829"
"2271483348","1535982959","0.210829"
"1535982959","2274598673","0.661046"
"2274598673","1535982959","0.661046"
"1535982959","2279786116","0.0679723"
"2279786116","1535982959","0.0679723"
"1535982959","2280243266","0.115591"
"2280243266","1535982959","0.115591"
"1535982959","2281178765","0.0679723"
"2281178765","1535982959","0.0679723"
"1535982959","2285520741","0.210829"
"2285520741","1535982959","0.210829"
"1535982959","2287338123","0.348546"
"2287338123","1535982959","0.348546"
"1535982959","2292336229","0.348546"
"2292336229","1535982959","0.348546"
"1535982959","2300100263","0.175927"
"2300100263","1535982959","0.175927"
"1535982959","2341115826","0.348546"
"2341115826","1535982959","0.348546"
"1535982959","935142948","0.175927"
"935142948","1535982959","0.175927"
"1535982959","971879451","0.0679723"
"971879451","1535982959","0.0679723"
"1535982959","973357609","0.899254"
"973357609","1535982959","0.899254"
"1552227436","1563939289","0.0679723"
"1563939289","1552227436","0.0679723"
"1552227436","1609137366","0.348546"
"1609137366","1552227436","0.348546"
"1552227436","1918971735","2.76521"
"1918971735","1552227436","2.76521"
"1552227436","2096640219","0.859968"
"2096640219","1552227436","0.859968"
"1552227436","2137940331","0.348546"
"2137940331","1552227436","0.348546"
"1552227436","2150021268","0.536754"
"2150021268","1552227436","0.536754"
"1552227436","2156271654","0.636754"
"2156271654","1552227436","0.636754"
"1552227436","2158339894","0.636754"
"2158339894","1552227436","0.636754"
"1552227436","2271483348","0.210829"
"2271483348","1552227436","0.210829"
"1552227436","2274598673","0.661046"
"2274598673","1552227436","0.661046"
"1552227436","2279786116","0.0679723"
"2279786116","1552227436","0.0679723"
"1552227436","2280243266","0.115591"
"2280243266","1552227436","0.115591"
"1552227436","2281178765","0.0679723"
"2281178765","1552227436","0.0679723"
"1552227436","2285520741","0.210829"
"2285520741","1552227436","0.210829"
"1552227436","2287338123","0.348546"
"2287338123","1552227436","0.348546"
"1552227436","2292336229","0.348546"
"2292336229","1552227436","0.348546"
"1552227436","2300100263","0.175927"
"2300100263","1552227436","0.175927"
"1552227436","2341115826","0.348546"
"2341115826","1552227436","0.348546"
"1552227436","935142948","0.175927"
"935142948","1552227436","0.175927"
"1552227436","971879451","0.0679723"
"971879451","1552227436","0.0679723"
"1552227436","973357609","0.699254"
"973357609","1552227436","0.699254"
"1563939289","1598175280","0.27829"
"1598175280","1563939289","0.27829"
"1563939289","1609137366","2.46374"
"1609137366","1563939289","2.46374"
"1563939289","1897565547","0.123528"
"1897565547","1563939289","0.123528"
"1563939289","1918971735","0.990591"
"1918971735","1563939289","0.990591"
"1563939289","2096640219","0.251796"
"2096640219","1563939289","0.251796"
"1563939289","2127045065","0.567972"
"2127045065","1563939289","0.567972"
"1563939289","2137940331","2.77128"
"2137940331","1563939289","2.77128"
"1563939289","2150021268","0.216082"
"2150021268","1563939289","0.216082"
"1563939289","2156271654","0.216082"
"2156271654","1563939289","0.216082"
"1563939289","2158339894","0.216082"
"2158339894","1563939289","0.216082"
"1563939289","2224937117","0.40329"
"2224937117","1563939289","0.40329"
"1563939289","2271483348","0.0679723"
"2271483348","1563939289","0.0679723"
"1563939289","2274598673","0.0679723"
"2274598673","1563939289","0.0679723"
"1563939289","2279786116","16.1391"
"2279786116","1563939289","16.1391"
"1563939289","2280243266","4.64942"
"2280243266","1563939289","4.64942"
"1563939289","2281178765","11.9495"
"2281178765","1563939289","11.9495"
"1563939289","2282506026","0.123528"
"2282506026","1563939289","0.123528"
"1563939289","2285520741","0.0679723"
"2285520741","1563939289","0.0679723"
"1563939289","2287338123","2.77128"
"2287338123","1563939289","2.77128"
"1563939289","2292336229","2.77128"
"2292336229","1563939289","2.77128"
"1563939289","2300100263","6.01251"
"2300100263","1563939289","6.01251"
"1563939289","2341115826","2.91413"
"2341115826","1563939289","2.91413"
"1563939289","311271408","0.0679723"
"311271408","1563939289","0.0679723"
"1563939289","935142948","6.06251"
"935142948","1563939289","6.06251"
"1563939289","971879451","26.9213"
"971879451","1563939289","26.9213"
"1563939289","973357609","0.216082"
"973357609","1563939289","0.216082"
"1598175280","1609137366","1.04957"
"1609137366","1598175280","1.04957"
"1598175280","1918971735","4.84723"
"1918971735","1598175280","4.84723"
"1598175280","2096640219","2.24285"
"2096640219","1598175280","2.24285"
"1598175280","2137940331","1.25909"
"2137940331","1598175280","1.25909"
"1598175280","2150021268","1.10594"
"2150021268","1598175280","1.10594"
"1598175280","2156271654","1.27261"
"2156271654","1598175280","1.27261"
"1598175280","2158339894","1.43928"
"2158339894","1598175280","1.43928"
"1598175280","2271483348","0.192972"
"2271483348","1598175280","0.192972"
"1598175280","2274598673","0.113427"
"2274598673","1598175280","0.113427"
"1598175280","2279786116","0.27829"
"2279786116","1598175280","0.27829"
"1598175280","2280243266","0.729419"
"2280243266","1598175280","0.729419"
"1598175280","2281178765","0.27829"
"2281178765","1598175280","0.27829"
"1598175280","2285520741","0.192972"
"2285520741","1598175280","0.192972"
"1598175280","2287338123","1.38409"
"2287338123","1598175280","1.38409"
"1598175280","2292336229","1.25909"
"2292336229","1598175280","1.25909"
"1598175280","2300100263","1.509"
"2300100263","1598175280","1.509"
"1598175280","2341115826","1.25909"
"2341115826","1598175280","1.25909"
"1598175280","935142948","0.509001"
"935142948","1598175280","0.509001"
"1598175280","971879451","0.27829"
"971879451","1598175280","0.27829"
"1598175280","973357609","2.20713"
"973357609","1598175280","2.20713"
"1609137366","1897565547","0.550028"
"1897565547","1609137366","0.550028"
"1609137366","1918971735","0.874769"
"1918971735","1609137366","0.874769"
"1609137366","2096640219","0.968116"
"2096640219","1609137366","0.968116"
"1609137366","2127045065","1.16882"
"2127045065","1609137366","1.16882"
"1609137366","2137940331","18.5582"
"2137940331","1609137366","18.5582"
"1609137366","2150021268","0.586568"
"2150021268","1609137366","0.586568"
"1609137366","2156271654","0.769902"
"2156271654","1609137366","0.769902"
"1609137366","2158339894","0.769902"
"2158339894","1609137366","0.769902"
"1609137366","2224937117","1.04957"
"2224937117","1609137366","1.04957"
"1609137366","2271483348","0.0679723"
"2271483348","1609137366","0.0679723"
"1609137366","2274598673","0.244379"
"2274598673","1609137366","0.244379"
"1609137366","2279786116","2.55465"
"2279786116","1609137366","2.55465"
"1609137366","2280243266","2.86844"
"2280243266","1609137366","2.86844"
"1609137366","2281178765","2.01893"
"2281178765","1609137366","2.01893"
"1609137366","2282506026","0.675028"
"2282506026","1609137366","0.675028"
"1609137366","2285520741","0.0679723"
"2285520741","1609137366","0.0679723"
"1609137366","2287338123","18.8082"
"2287338123","1609137366","18.8082"
"1609137366","2292336229","18.4749"
"2292336229","1609137366","18.4749"
"1609137366","2300100263","2.43909"
"2300100263","1609137366","2.43909"
"1609137366","2341115826","18.384"
"2341115826","1609137366","18.384"
"1609137366","311271408","1.08548"
"311271408","1609137366","1.08548"
"1609137366","935142948","2.43909"
"935142948","1609137366","2.43909"
"1609137366","971879451","2.41179"
"971879451","1609137366","2.41179"
"1609137366","973357609","0.932402"
"973357609","1609137366","0.932402"
"1897565547","1918971735","1.45437"
"1918971735","1897565547","1.45437"
"1897565547","2096640219","1.40951"
"2096640219","1897565547","1.40951"
"1897565547","2137940331","0.616695"
"2137940331","1897565547","0.616695"
"1897565547","2150021268","0.939275"
"2150021268","1897565547","0.939275"
"1897565547","2156271654","0.939275"
"2156271654","1897565547","0.939275"
"1897565547","2158339894","1.10594"
"2158339894","1897565547","1.10594"
"1897565547","2271483348","0.192972"
"2271483348","1897565547","0.192972"
"1897565547","2274598673","0.113427"
"2274598673","1897565547","0.113427"
"1897565547","2279786116","0.123528"
"2279786116","1897565547","0.123528"
"1897565547","2280243266","0.384639"
"2280243266","1897565547","0.384639"
"1897565547","2281178765","0.123528"
"2281178765","1897565547","0.123528"
"1897565547","2285520741","0.192972"
"2285520741","1897565547","0.192972"
"1897565547","2287338123","0.741695"
"2287338123","1897565547","0.741695"
"1897565547","2292336229","0.616695"
"2292336229","1897565547","0.616695"
"1897565547","2300100263","0.360649"
"2300100263","1897565547","0.360649"
"1897565547","2341115826","0.616695"
"2341115826","1897565547","0.616695"
"1897565547","935142948","0.360649"
"935142948","1897565547","0.360649"
"1897565547","971879451","0.123528"
"971879451","1897565547","0.123528"
"1897565547","973357609","1.3738"
"973357609","1897565547","1.3738"
"1918971735","2127045065","6.03665"
"2127045065","1918971735","6.03665"
"1918971735","2137940331","1.14263"
"2137940331","1918971735","1.14263"
"1918971735","2150021268","2.37177"
"2150021268","1918971735","2.37177"
"1918971735","2156271654","2.74677"
"2156271654","1918971735","2.74677"
"1918971735","2158339894","3.24677"
"2158339894","1918971735","3.24677"
"1918971735","2224937117","3.68056"
"2224937117","1918971735","3.68056"
"1918971735","2271483348","0.175115"
"2271483348","1918971735","0.175115"
"1918971735","2274598673","0.291998"
"2274598673","1918971735","0.291998"
"1918971735","2279786116","0.490591"
"2279786116","1918971735","0.490591"
"1918971735","2280243266","0.556068"
"2280243266","1918971735","0.556068"
"1918971735","2281178765","0.0322581"
"2281178765","1918971735","0.0322581"
"1918971735","2282506026","1.95437"
"2282506026","1918971735","1.95437"
"1918971735","2285520741","0.175115"
"2285520741","1918971735","0.175115"
"1918971735","2287338123","1.14263"
"2287338123","1918971735","1.14263"
"1918971735","2292336229","1.14263"
"2292336229","1918971735","1.14263"
"1918971735","2300100263","0.40807"
"2300100263","1918971735","0.40807"
"1918971735","2341115826","1.14263"
"2341115826","1918971735","1.14263"
"1918971735","311271408","3.86998"
"311271408","1918971735","3.86998"
"1918971735","935142948","0.40807"
"935142948","1918971735","0.40807"
"1918971735","971879451","0.990591"
"971879451","1918971735","0.990591"
"1918971735","973357609","3.6426"
"973357609","1918971735","3.6426"
"2096640219","2127045065","3.53227"
"2127045065","2096640219","3.53227"
"2096640219","2137940331","1.06812"
"2137940331","2096640219","1.06812"
"2096640219","2150021268","16.7179"
"2150021268","2096640219","16.7179"
"2096640219","2156271654","25.5262"
"2156271654","2096640219","25.5262"
"2096640219","2158339894","26.7429"
"2158339894","2096640219","26.7429"
"2096640219","2224937117","1.57618"
"2224937117","2096640219","1.57618"
"2096640219","2271483348","0.0679723"
"2271483348","2096640219","0.0679723"
"2096640219","2274598673","0.411046"
"2274598673","2096640219","0.411046"
"2096640219","2279786116","0.251796"
"2279786116","2096640219","0.251796"
"2096640219","2280243266","0.857748"
"2280243266","2096640219","0.857748"
"2096640219","2281178765","0.126796"
"2281178765","2096640219","0.126796"
"2096640219","2282506026","1.40951"
"2282506026","2096640219","1.40951"
"2096640219","2285520741","0.0679723"
"2285520741","2096640219","0.0679723"
"2096640219","2287338123","1.19312"
"2287338123","2096640219","1.19312"
"2096640219","2292336229","1.06812"
"2292336229","2096640219","1.06812"
"2096640219","2300100263","0.45975"
"2300100263","2096640219","0.45975"
"2096640219","2341115826","1.06812"
"2341115826","2096640219","1.06812"
"2096640219","311271408","2.85803"
"311271408","2096640219","2.85803"
"2096640219","935142948","0.45975"
"935142948","2096640219","0.45975"
"2096640219","971879451","0.251796"
"971879451","2096640219","0.251796"
"2096640219","973357609","57.8399"
"973357609","2096640219","57.8399"
"2127045065","2137940331","1.33548"
"2137940331","2127045065","1.33548"
"2127045065","2150021268","1.80786"
"2150021268","2127045065","1.80786"
"2127045065","2156271654","2.1162"
"2156271654","2127045065","2.1162"
"2127045065","2158339894","2.6662"
"2158339894","2127045065","2.6662"
"2127045065","2271483348","0.535829"
"2271483348","2127045065","0.535829"
"2127045065","2274598673","0.161046"
"2274598673","2127045065","0.161046"
"2127045065","2279786116","0.0679723"
"2279786116","2127045065","0.0679723"
"2127045065","2280243266","0.740591"
"2280243266","2127045065","0.740591"
"2127045065","2281178765","0.0679723"
"2281178765","2127045065","0.0679723"
"2127045065","2285520741","0.535829"
"2285520741","2127045065","0.535829"
"2127045065","2287338123","1.33548"
"2287338123","2127045065","1.33548"
"2127045065","2292336229","1.33548"
"2292336229","2127045065","1.33548"
"2127045065","2300100263","0.242594"
"2300100263","2127045065","0.242594"
"2127045065","2341115826","1.33548"
"2341115826","2127045065","1.33548"
"2127045065","935142948","0.242594"
"935142948","2127045065","0.242594"
"2127045065","971879451","0.567972"
"971879451","2127045065","0.567972"
"2127045065","973357609","3.37156"
"973357609","2127045065","3.37156"
"2137940331","2150021268","0.586568"
"2150021268","2137940331","0.586568"
"2137940331","2156271654","0.769902"
"2156271654","2137940331","0.769902"
"2137940331","2158339894","0.869902"
"2158339894","2137940331","0.869902"
"2137940331","2224937117","1.25909"
"2224937117","2137940331","1.25909"
"2137940331","2271483348","0.0679723"
"2271483348","2137940331","0.0679723"
"2137940331","2274598673","0.244379"
"2274598673","2137940331","0.244379"
"2137940331","2279786116","2.73719"
"2279786116","2137940331","2.73719"
"2137940331","2280243266","4.19939"
"2280243266","2137940331","4.19939"
"2137940331","2281178765","2.21536"
"2281178765","2137940331","2.21536"
"2137940331","2282506026","0.884552"
"2282506026","2137940331","0.884552"
"2137940331","2285520741","0.0679723"
"2285520741","2137940331","0.0679723"
"2137940331","2287338123","27.6598"
"2287338123","2137940331","27.6598"
"2137940331","2292336229","27.8265"
"2292336229","2137940331","27.8265"
"2137940331","2300100263","4.64782"
"2300100263","2137940331","4.64782"
"2137940331","2341115826","27.2356"
"2341115826","2137940331","27.2356"
"2137940331","311271408","1.25215"
"311271408","2137940331","1.25215"
"2137940331","935142948","4.64782"
"935142948","2137940331","4.64782"
"2137940331","971879451","2.71933"
"971879451","2137940331","2.71933"
"2137940331","973357609","1.0324"
"973357609","2137940331","1.0324"
"2150021268","2156271654","17.3845"
"2156271654","2150021268","17.3845"
"2150021268","2158339894","17.3845"
"2158339894","2150021268","17.3845"
"2150021268","2224937117","1.10594"
"2224937117","2150021268","1.10594"
"2150021268","2271483348","0.0322581"
"2271483348","2150021268","0.0322581"
"2150021268","2274598673","0.208665"
"2274598673","2150021268","0.208665"
"2150021268","2279786116","0.216082"
"2279786116","2150021268","0.216082"
"2150021268","2280243266","0.222034"
"2280243266","2150021268","0.222034"
"2150021268","2281178765","0.0910816"
"2281178765","2150021268","0.0910816"
"2150021268","2282506026","0.939275"
"2282506026","2150021268","0.939275"
"2150021268","2285520741","0.0322581"
"2285520741","2150021268","0.0322581"
"2150021268","2287338123","0.586568"
"2287338123","2150021268","0.586568"
"2150021268","2292336229","0.586568"
"2292336229","2150021268","0.586568"
"2150021268","2300100263","0.136536"
"2300100263","2150021268","0.136536"
"2150021268","2341115826","0.586568"
"2341115826","2150021268","0.586568"
"2150021268","311271408","1.71696"
"311271408","2150021268","1.71696"
"2150021268","935142948","0.136536"
"935142948","2150021268","0.136536"
"2150021268","971879451","0.216082"
"971879451","2150021268","0.216082"
"2150021268","973357609","17.3845"
"973357609","2150021268","17.3845"
"2156271654","2158339894","24.1929"
"2158339894","2156271654","24.1929"
"2156271654","2224937117","1.10594"
"2224937117","2156271654","1.10594"
"2156271654","2271483348","0.0322581"
"2271483348","2156271654","0.0322581"
"2156271654","2274598673","0.208665"
"2274598673","2156271654","0.208665"
"2156271654","2279786116","0.216082"
"2279786116","2156271654","0.216082"
"2156271654","2280243266","0.622034"
"2280243266","2156271654","0.622034"
"2156271654","2281178765","0.0910816"
"2281178765","2156271654","0.0910816"
"2156271654","2282506026","0.939275"
"2282506026","2156271654","0.939275"
"2156271654","2285520741","0.0322581"
"2285520741","2156271654","0.0322581"
"2156271654","2287338123","0.769902"
"2287338123","2156271654","0.769902"
"2156271654","2292336229","0.769902"
"2292336229","2156271654","0.769902"
"2156271654","2300100263","0.136536"
"2300100263","2156271654","0.136536"
"2156271654","2341115826","0.769902"
"2341115826","2156271654","0.769902"
"2156271654","311271408","1.94196"
"311271408","2156271654","1.94196"
"2156271654","935142948","0.136536"
"935142948","2156271654","0.136536"
"2156271654","971879451","0.216082"
"971879451","2156271654","0.216082"
"2156271654","973357609","26.1929"
"973357609","2156271654","26.1929"
"2158339894","2224937117","1.27261"
"2224937117","2158339894","1.27261"
"2158339894","2271483348","0.0322581"
"2271483348","2158339894","0.0322581"
"2158339894","2274598673","0.375332"
"2274598673","2158339894","0.375332"
"2158339894","2279786116","0.216082"
"2279786116","2158339894","0.216082"
"2158339894","2280243266","0.722034"
"2280243266","2158339894","0.722034"
"2158339894","2281178765","0.0910816"
"2281178765","2158339894","0.0910816"
"2158339894","2282506026","1.10594"
"2282506026","2158339894","1.10594"
"2158339894","2285520741","0.0322581"
"2285520741","2158339894","0.0322581"
"2158339894","2287338123","0.869902"
"2287338123","2158339894","0.869902"
"2158339894","2292336229","0.869902"
"2292336229","2158339894","0.869902"
"2158339894","2300100263","0.136536"
"2300100263","2158339894","0.136536"
"2158339894","2341115826","0.869902"
"2341115826","2158339894","0.869902"
"2158339894","311271408","2.49196"
"311271408","2158339894","2.49196"
"2158339894","935142948","0.136536"
"935142948","2158339894","0.136536"
"2158339894","971879451","0.216082"
"971879451","2158339894","0.216082"
"2158339894","973357609","27.4095"
"973357609","2158339894","27.4095"
"2224937117","2271483348","0.192972"
"2271483348","2224937117","0.192972"
"2224937117","2274598673","0.113427"
"2274598673","2224937117","0.113427"
"2224937117","2279786116","0.40329"
"2279786116","2224937117","0.40329"
"2224937117","2280243266","0.854419"
"2280243266","2224937117","0.854419"
"2224937117","2281178765","0.40329"
"2281178765","2224937117","0.40329"
"2224937117","2285520741","0.192972"
"2285520741","2224937117","0.192972"
"2224937117","2287338123","1.38409"
"2287338123","2224937117","1.38409"
"2224937117","2292336229","1.25909"
"2292336229","2224937117","1.25909"
"2224937117","2300100263","0.634001"
"2300100263","2224937117","0.634001"
"2224937117","2341115826","1.25909"
"2341115826","2224937117","1.25909"
"2224937117","935142948","0.634001"
"935142948","2224937117","0.634001"
"2224937117","971879451","0.40329"
"971879451","2224937117","0.40329"
"2224937117","973357609","1.54047"
"973357609","2224937117","1.54047"
"2271483348","2274598673","0.0679723"
"2274598673","2271483348","0.0679723"
"2271483348","2279786116","0.0679723"
"2279786116","2271483348","0.0679723"
"2271483348","2280243266","0.0679723"
"2280243266","2271483348","0.0679723"
"2271483348","2281178765","0.0679723"
"2281178765","2271483348","0.0679723"
"2271483348","2282506026","0.192972"
"2282506026","2271483348","0.192972"
"2271483348","2285520741","15.5358"
"2285520741","2271483348","15.5358"
"2271483348","2287338123","0.0679723"
"2287338123","2271483348","0.0679723"
"2271483348","2292336229","0.0679723"
"2292336229","2271483348","0.0679723"
"2271483348","2300100263","0.0679723"
"2300100263","2271483348","0.0679723"
"2271483348","2341115826","0.0679723"
"2341115826","2271483348","0.0679723"
"2271483348","311271408","0.535829"
"311271408","2271483348","0.535829"
"2271483348","935142948","0.0679723"
"935142948","2271483348","0.0679723"
"2271483348","971879451","0.0679723"
"971879451","2271483348","0.0679723"
"2271483348","973357609","0.0322581"
"973357609","2271483348","0.0322581"
"2274598673","2279786116","0.0679723"
"2279786116","2274598673","0.0679723"
"2274598673","2280243266","0.198925"
"2280243266","2274598673","0.198925"
"2274598673","2281178765","0.0679723"
"2281178765","2274598673","0.0679723"
"2274598673","2282506026","0.113427"
"2282506026","2274598673","0.113427"
"2274598673","2285520741","0.0679723"
"2285520741","2274598673","0.0679723"
"2274598673","2287338123","0.244379"
"2287338123","2274598673","0.244379"
"2274598673","2292336229","0.244379"
"2292336229","2274598673","0.244379"
"2274598673","2300100263","0.113427"
"2300100263","2274598673","0.113427"
"2274598673","2341115826","0.244379"
"2341115826","2274598673","0.244379"
"2274598673","311271408","0.161046"
"311271408","2274598673","0.161046"
"2274598673","935142948","0.113427"
"935142948","2274598673","0.113427"
"2274598673","971879451","0.0679723"
"971879451","2274598673","0.0679723"
"2274598673","973357609","0.375332"
"973357609","2274598673","0.375332"
"2279786116","2280243266","4.94032"
"2280243266","2279786116","4.94032"
"2279786116","2281178765","12.1154"
"2281178765","2279786116","12.1154"
"2279786116","2282506026","0.123528"
"2282506026","2279786116","0.123528"
"2279786116","2285520741","0.0679723"
"2285520741","2279786116","0.0679723"
"2279786116","2287338123","2.73719"
"2287338123","2279786116","2.73719"
"2279786116","2292336229","2.73719"
"2292336229","2279786116","2.73719"
"2279786116","2300100263","6.17842"
"2300100263","2279786116","6.17842"
"2279786116","2341115826","2.78913"
"2341115826","2279786116","2.78913"
"2279786116","311271408","0.0679723"
"311271408","2279786116","0.0679723"
"2279786116","935142948","6.22842"
"935142948","2279786116","6.22842"
"2279786116","971879451","15.0872"
"971879451","2279786116","15.0872"
"2279786116","973357609","0.216082"
"973357609","2279786116","0.216082"
"2280243266","2281178765","4.59747"
"2281178765","2280243266","4.59747"
"2280243266","2282506026","0.652496"
"2282506026","2280243266","0.652496"
"2280243266","2285520741","0.0679723"
"2285520741","2280243266","0.0679723"
"2280243266","2287338123","4.19939"
"2287338123","2280243266","4.19939"
"2280243266","2292336229","4.19939"
"2292336229","2280243266","4.19939"
"2280243266","2300100263","5.68391"
"2300100263","2280243266","5.68391"
"2280243266","2341115826","4.25134"
"2341115826","2280243266","4.25134"
"2280243266","311271408","0.407258"
"311271408","2280243266","0.407258"
"2280243266","935142948","5.48391"
"935142948","2280243266","5.48391"
"2280243266","971879451","4.74032"
"971879451","2280243266","4.74032"
"2280243266","973357609","0.822034"
"973357609","2280243266","0.822034"
"2281178765","2282506026","0.123528"
"2282506026","2281178765","0.123528"
"2281178765","2285520741","0.0679723"
"2285520741","2281178765","0.0679723"
"2281178765","2287338123","2.21536"
"2287338123","2281178765","2.21536"
"2281178765","2292336229","2.21536"
"2292336229","2281178765","2.21536"
"2281178765","2300100263","5.64945"
"2300100263","2281178765","5.64945"
"2281178765","2341115826","2.12445"
"2341115826","2281178765","2.12445"
"2281178765","311271408","0.0679723"
"311271408","2281178765","0.0679723"
"2281178765","935142948","5.69945"
"935142948","2281178765","5.69945"
"2281178765","971879451","12.0404"
"971879451","2281178765","12.0404"
"2281178765","973357609","0.0910816"
"973357609","2281178765","0.0910816"
"2282506026","2285520741","0.192972"
"2285520741","2282506026","0.192972"
"2282506026","2287338123","1.00955"
"2287338123","2282506026","1.00955"
"2282506026","2292336229","0.884552"
"2292336229","2282506026","0.884552"
"2282506026","2300100263","0.360649"
"2300100263","2282506026","0.360649"
"2282506026","2341115826","0.884552"
"2341115826","2282506026","0.884552"
"2282506026","935142948","0.360649"
"935142948","2282506026","0.360649"
"2282506026","971879451","0.123528"
"971879451","2282506026","0.123528"
"2282506026","973357609","1.3738"
"973357609","2282506026","1.3738"
"2285520741","2287338123","0.0679723"
"2287338123","2285520741","0.0679723"
"2285520741","2292336229","0.0679723"
"2292336229","2285520741","0.0679723"
"2285520741","2300100263","0.0679723"
"2300100263","2285520741","0.0679723"
"2285520741","2341115826","0.0679723"
"2341115826","2285520741","0.0679723"
"2285520741","311271408","0.535829"
"311271408","2285520741","0.535829"
"2285520741","935142948","0.0679723"
"935142948","2285520741","0.0679723"
"2285520741","971879451","0.0679723"
"971879451","2285520741","0.0679723"
"2285520741","973357609","0.0322581"
"973357609","2285520741","0.0322581"
"2287338123","2292336229","29.2431"
"2292336229","2287338123","29.2431"
"2287338123","2300100263","6.77282"
"2300100263","2287338123","6.77282"
"2287338123","2341115826","29.1522"
"2341115826","2287338123","29.1522"
"2287338123","311271408","1.25215"
"311271408","2287338123","1.25215"
"2287338123","935142948","6.77282"
"935142948","2287338123","6.77282"
"2287338123","971879451","2.71933"
"971879451","2287338123","2.71933"
"2287338123","973357609","1.1574"
"973357609","2287338123","1.1574"
"2292336229","2300100263","4.64782"
"2300100263","2292336229","4.64782"
"2292336229","2341115826","29.1522"
"2341115826","2292336229","29.1522"
"2292336229","311271408","1.25215"
"311271408","2292336229","1.25215"
"2292336229","935142948","4.64782"
"935142948","2292336229","4.64782"
"2292336229","971879451","2.71933"
"971879451","2292336229","2.71933"
"2292336229","973357609","1.0324"
"973357609","2292336229","1.0324"
"2300100263","2341115826","4.69977"
"2341115826","2300100263","4.69977"
"2300100263","311271408","0.242594"
"311271408","2300100263","0.242594"
"2300100263","935142948","19.3073"
"935142948","2300100263","19.3073"
"2300100263","971879451","6.10342"
"971879451","2300100263","6.10342"
"2300100263","973357609","0.424036"
"973357609","2300100263","0.424036"
"2341115826","311271408","1.25215"
"311271408","2341115826","1.25215"
"2341115826","935142948","4.69977"
"935142948","2341115826","4.69977"
"2341115826","971879451","2.77128"
"971879451","2341115826","2.77128"
"2341115826","973357609","1.0324"
"973357609","2341115826","1.0324"
"311271408","935142948","0.242594"
"935142948","311271408","0.242594"
"311271408","971879451","0.0679723"
"971879451","311271408","0.0679723"
"311271408","973357609","2.69731"
"973357609","311271408","2.69731"
"935142948","971879451","6.15342"
"971879451","935142948","6.15342"
"935142948","973357609","0.424036"
"973357609","935142948","0.424036"
"971879451","973357609","0.216082"
"973357609","971879451","0.216082"
"1039479391","1493578528","0.202381"
"1493578528","1039479391","0.202381"
"1493578528","1609137366","13.1233"
"1609137366","1493578528","13.1233"
"1493578528","2137940331","12.8733"
"2137940331","1493578528","12.8733"
"1493578528","2287338123","13.1233"
"2287338123","1493578528","13.1233"
"1493578528","2292336229","12.79"
"2292336229","1493578528","12.79"
"1493578528","2341115826","12.6991"
"2341115826","1493578528","12.6991"
"1490428831","1493578528","0.0357143"
"1493578528","1490428831","0.0357143"
"1493578528","1512883364","0.723214"
"1512883364","1493578528","0.723214"
"1493578528","1535982959","0.223214"
"1535982959","1493578528","0.223214"
"1493578528","1552227436","0.223214"
"1552227436","1493578528","0.223214"
"1493578528","1563939289","1.92553"
"1563939289","1493578528","1.92553"
"1493578528","1598175280","0.716606"
"1598175280","1493578528","0.716606"
"1493578528","1840682959","1.26605"
"1840682959","1493578528","1.26605"
"1493578528","1897565547","0.413492"
"1897565547","1493578528","0.413492"
"1493578528","2096640219","0.523704"
"2096640219","1493578528","0.523704"
"1493578528","2127045065","0.681548"
"2127045065","1493578528","0.681548"
"1493578528","2224937117","0.716606"
"2224937117","1493578528","0.716606"
"1493578528","2271483348","0.0357143"
"2271483348","1493578528","0.0357143"
"1493578528","2274598673","0.119048"
"2274598673","1493578528","0.119048"
"1493578528","2279786116","2.01644"
"2279786116","1493578528","2.01644"
"1493578528","2280243266","2.38023"
"2280243266","1493578528","2.38023"
"1493578528","2281178765","1.74858"
"2281178765","1493578528","1.74858"
"1493578528","2282506026","0.413492"
"2282506026","1493578528","0.413492"
"1493578528","2285520741","0.0357143"
"2285520741","1493578528","0.0357143"
"1493578528","2300100263","2.20662"
"2300100263","1493578528","2.20662"
"1493578528","311271408","0.598214"
"311271408","1493578528","0.598214"
"1493578528","935142948","2.20662"
"935142948","1493578528","2.20662"
"1493578528","971879451","1.87358"
"971879451","1493578528","1.87358"
"1563939289","1840682959","1.32738"
"1840682959","1563939289","1.32738"
"1609137366","1840682959","1.8582"
"1840682959","1609137366","1.8582"
"1840682959","2096640219","1.44229"
"2096640219","1840682959","1.44229"
"1840682959","2137940331","1.9582"
"2137940331","1840682959","1.9582"
"1840682959","2271483348","0.235714"
"2271483348","1840682959","0.235714"
"1840682959","2274598673","0.202381"
"2274598673","1840682959","0.202381"
"1840682959","2279786116","1.41829"
"2279786116","1840682959","1.41829"
"1840682959","2280243266","4.24521"
"2280243266","1840682959","4.24521"
"1840682959","2281178765","1.41829"
"2281178765","1840682959","1.41829"
"1840682959","2285520741","0.235714"
"2285520741","1840682959","0.235714"
"1840682959","2287338123","2.29154"
"2287338123","1840682959","2.29154"
"1840682959","2292336229","2.29154"
"2292336229","1840682959","2.29154"
"1840682959","2300100263","1.47438"
"2300100263","1840682959","1.47438"
