"1017412513","1546464291","253.435"
"1546464291","1017412513","253.435"
"1017412513","961920052","251.685"
"961920052","1017412513","251.685"
"1546464291","961920052","282.602"
"961920052","1546464291","282.602"
"1017412513","1947783102","23.7667"
"1947783102","1017412513","23.7667"
"1546464291","1947783102","23.7667"
"1947783102","1546464291","23.7667"
"1947783102","961920052","23.7667"
"961920052","1947783102","23.7667"
"1017412513","2268590810","20.65"
"2268590810","1017412513","20.65"
"1546464291","2268590810","20.65"
"2268590810","1546464291","20.65"
"2268590810","961920052","20.65"
"961920052","2268590810","20.65"
"1017412513","2282127906","6.10192"
"2282127906","1017412513","6.10192"
"1017412513","2303356723","2.03526"
"2303356723","1017412513","2.03526"
"1546464291","2282127906","4.68526"
"2282127906","1546464291","4.68526"
"1546464291","2303356723","2.36859"
"2303356723","1546464291","2.36859"
"2282127906","2303356723","3025.02"
"2303356723","2282127906","3025.02"
"2282127906","961920052","4.93526"
"961920052","2282127906","4.93526"
"2303356723","961920052","2.36859"
"961920052","2303356723","2.36859"
"1017412513","1877870857","0.385256"
"1877870857","1017412513","0.385256"
"1017412513","2095712569","1.13526"
"2095712569","1017412513","1.13526"
"1546464291","1877870857","0.385256"
"1877870857","1546464291","0.385256"
"1546464291","2095712569","1.13526"
"2095712569","1546464291","1.13526"
"1877870857","1947783102","0.2"
"1947783102","1877870857","0.2"
"1877870857","2095712569","180.229"
"2095712569","1877870857","180.229"
"1877870857","961920052","0.385256"
"961920052","1877870857","0.385256"
"1947783102","2095712569","0.366667"
"2095712569","1947783102","0.366667"
"2095712569","961920052","1.13526"
"961920052","2095712569","1.13526"
"1017412513","2305794999","19.3353"
"2305794999","1017412513","19.3353"
"1546464291","2305794999","26.1686"
"2305794999","1546464291","26.1686"
"2305794999","961920052","25.6686"
"961920052","2305794999","25.6686"
"1947783102","2268590810","4.28333"
"2268590810","1947783102","4.28333"
"2268590810","2305794999","3.88333"
"2305794999","2268590810","3.88333"
"1017412513","2276818701","1.36667"
"2276818701","1017412513","1.36667"
"1546464291","2276818701","1.36667"
"2276818701","1546464291","1.36667"
"2276818701","961920052","1.36667"
"961920052","2276818701","1.36667"
"1017412513","2507218077","1.70833"
"2507218077","1017412513","1.70833"
"1017412513","2771132423","1.30833"
"2771132423","1017412513","1.30833"
"2282127906","2507218077","9.07901"
"2507218077","2282127906","9.07901"
"2282127906","2771132423","6.05123"
"2771132423","2282127906","6.05123"
"2507218077","2771132423","277.261"
"2771132423","2507218077","277.261"
"2507218077","961920052","2.04167"
"961920052","2507218077","2.04167"
"2771132423","961920052","1.30833"
"961920052","2771132423","1.30833"
"1947783102","2305794999","2.51667"
"2305794999","1947783102","2.51667"
"1947783102","2276818701","0.45"
"2276818701","1947783102","0.45"
"1947783102","2282127906","0.416667"
"2282127906","1947783102","0.416667"
"1947783102","2303356723","0.166667"
"2303356723","1947783102","0.166667"
"2268590810","2282127906","0.166667"
"2282127906","2268590810","0.166667"
"2268590810","2303356723","0.166667"
"2303356723","2268590810","0.166667"
"2268590810","2276818701","0.2"
"2276818701","2268590810","0.2"
"1017412513","1892580702","0.851923"
"1892580702","1017412513","0.851923"
"1546464291","1892580702","0.851923"
"1892580702","1546464291","0.851923"
"1892580702","2268590810","0.25"
"2268590810","1892580702","0.25"
"1892580702","961920052","0.851923"
"961920052","1892580702","0.851923"
"1546464291","2507218077","1.79167"
"2507218077","1546464291","1.79167"
"1947783102","2507218077","0.4"
"2507218077","1947783102","0.4"
"2268590810","2507218077","0.4"
"2507218077","2268590810","0.4"
"1546464291","2771132423","1.05833"
"2771132423","1546464291","1.05833"
"1947783102","2771132423","0.45"
"2771132423","1947783102","0.45"
"1017412513","2294984167","0.25"
"2294984167","1017412513","0.25"
"1546464291","2294984167","0.75"
"2294984167","1546464291","0.75"
"1947783102","2294984167","0.25"
"2294984167","1947783102","0.25"
"2294984167","961920052","0.25"
"961920052","2294984167","0.25"
"1017412513","1936819017","0.601923"
"1936819017","1017412513","0.601923"
"1017412513","2127810192","0.601923"
"2127810192","1017412513","0.601923"
"1546464291","1936819017","0.601923"
"1936819017","1546464291","0.601923"
"1546464291","2127810192","0.601923"
"2127810192","1546464291","0.601923"
"1936819017","2127810192","366.491"
"2127810192","1936819017","366.491"
"1936819017","2268590810","0.166667"
"2268590810","1936819017","0.166667"
"1936819017","2305794999","0.285256"
"2305794999","1936819017","0.285256"
"1936819017","961920052","0.601923"
"961920052","1936819017","0.601923"
"2127810192","2268590810","0.166667"
"2268590810","2127810192","0.166667"
"2127810192","2305794999","0.285256"
"2305794999","2127810192","0.285256"
"2127810192","961920052","0.601923"
"961920052","2127810192","0.601923"
"2095712569","2268590810","0.166667"
"2268590810","2095712569","0.166667"
"2095712569","2305794999","0.285256"
"2305794999","2095712569","0.285256"
"1017412513","1952669966","0.801923"
"1952669966","1017412513","0.801923"
"1546464291","1952669966","0.801923"
"1952669966","1546464291","0.801923"
"1947783102","1952669966","0.2"
"1952669966","1947783102","0.2"
"1952669966","2268590810","0.2"
"2268590810","1952669966","0.2"
"1952669966","961920052","0.801923"
"961920052","1952669966","0.801923"
"1017412513","1043155430","0.0416667"
"1043155430","1017412513","0.0416667"
"1017412513","1538007219","0.0416667"
"1538007219","1017412513","0.0416667"
"1017412513","1875381156","0.0416667"
"1875381156","1017412513","0.0416667"
"1017412513","1916213872","0.0416667"
"1916213872","1017412513","0.0416667"
"1017412513","1943791664","0.185256"
"1943791664","1017412513","0.185256"
"1017412513","1955828807","0.208333"
"1955828807","1017412513","0.208333"
"1017412513","2105606901","0.185256"
"2105606901","1017412513","0.185256"
"1017412513","2277804049","0.0416667"
"2277804049","1017412513","0.0416667"
"1017412513","2291726951","0.0416667"
"2291726951","1017412513","0.0416667"
"1017412513","2476118814","0.241667"
"2476118814","1017412513","0.241667"
"1017412513","2957734339","0.241667"
"2957734339","1017412513","0.241667"
"1043155430","1538007219","0.0416667"
"1538007219","1043155430","0.0416667"
"1043155430","1546464291","0.0416667"
"1546464291","1043155430","0.0416667"
"1043155430","1875381156","0.156046"
"1875381156","1043155430","0.156046"
"1043155430","1877870857","1.76402"
"1877870857","1043155430","1.76402"
"1043155430","1892580702","1.04973"
"1892580702","1043155430","1.04973"
"1043155430","1916213872","0.0972222"
"1916213872","1043155430","0.0972222"
"1043155430","1936819017","0.813622"
"1936819017","1043155430","0.813622"
"1043155430","1943791664","0.222712"
"1943791664","1043155430","0.222712"
"1043155430","1952669966","0.369177"
"1952669966","1043155430","0.369177"
"1043155430","1955828807","0.108333"
"1955828807","1043155430","0.108333"
"1043155430","2095712569","1.76402"
"2095712569","1043155430","1.76402"
"1043155430","2105606901","0.222712"
"2105606901","1043155430","0.222712"
"1043155430","2127810192","0.813622"
"2127810192","1043155430","0.813622"
"1043155430","2277804049","1.76402"
"2277804049","1043155430","1.76402"
"1043155430","2282127906","2.76402"
"2282127906","1043155430","2.76402"
"1043155430","2291726951","1.76402"
"2291726951","1043155430","1.76402"
"1043155430","2303356723","1.16716"
"2303356723","1043155430","1.16716"
"1043155430","2305794999","0.0416667"
"2305794999","1043155430","0.0416667"
"1043155430","2476118814","1.76402"
"2476118814","1043155430","1.76402"
"1043155430","2507218077","0.156046"
"2507218077","1043155430","0.156046"
"1043155430","2771132423","0.156046"
"2771132423","1043155430","0.156046"
"1043155430","2957734339","1.76402"
"2957734339","1043155430","1.76402"
"1043155430","961920052","0.0416667"
"961920052","1043155430","0.0416667"
"1538007219","1546464291","0.0416667"
"1546464291","1538007219","0.0416667"
"1538007219","1875381156","0.132576"
"1875381156","1538007219","0.132576"
"1538007219","1877870857","1.01591"
"1877870857","1538007219","1.01591"
"1538007219","1892580702","6.6921"
"1892580702","1538007219","6.6921"
"1538007219","1916213872","0.0416667"
"1916213872","1538007219","0.0416667"
"1538007219","1936819017","1.12543"
"1936819017","1538007219","1.12543"
"1538007219","1943791664","0.432576"
"1943791664","1538007219","0.432576"
"1538007219","1952669966","0.867857"
"1952669966","1538007219","0.867857"
"1538007219","1955828807","6.05119"
"1955828807","1538007219","6.05119"
"1538007219","2095712569","1.01591"
"2095712569","1538007219","1.01591"
"1538007219","2105606901","1.63258"
"2105606901","1538007219","1.63258"
"1538007219","2127810192","1.12543"
"2127810192","1538007219","1.12543"
"1538007219","2277804049","0.0416667"
"2277804049","1538007219","0.0416667"
"1538007219","2282127906","1.15877"
"2282127906","1538007219","1.15877"
"1538007219","2291726951","0.375"
"2291726951","1538007219","0.375"
"1538007219","2303356723","0.734524"
"2303356723","1538007219","0.734524"
"1538007219","2305794999","0.0416667"
"2305794999","1538007219","0.0416667"
"1538007219","2476118814","0.0416667"
"2476118814","1538007219","0.0416667"
"1538007219","2507218077","0.132576"
"2507218077","1538007219","0.132576"
"1538007219","2771132423","0.132576"
"2771132423","1538007219","0.132576"
"1538007219","2957734339","0.0416667"
"2957734339","1538007219","0.0416667"
"1538007219","961920052","0.0416667"
"961920052","1538007219","0.0416667"
"1546464291","1875381156","0.0416667"
"1875381156","1546464291","0.0416667"
"1546464291","1916213872","0.0416667"
"1916213872","1546464291","0.0416667"
"1546464291","1943791664","0.185256"
"1943791664","1546464291","0.185256"
"1546464291","1955828807","0.208333"
"1955828807","1546464291","0.208333"
"1546464291","2105606901","0.185256"
"2105606901","1546464291","0.185256"
"1546464291","2277804049","0.0416667"
"2277804049","1546464291","0.0416667"
"1546464291","2291726951","0.0416667"
"2291726951","1546464291","0.0416667"
"1546464291","2476118814","0.241667"
"2476118814","1546464291","0.241667"
"1546464291","2957734339","0.241667"
"2957734339","1546464291","0.241667"
"1875381156","1877870857","1.09171"
"1877870857","1875381156","1.09171"
"1875381156","1892580702","1.8179"
"1892580702","1875381156","1.8179"
"1875381156","1916213872","0.334402"
"1916213872","1875381156","0.334402"
"1875381156","1936819017","2.2179"
"1936819017","1875381156","2.2179"
"1875381156","1943791664","2.0179"
"1943791664","1875381156","2.0179"
"1875381156","1952669966","0.35049"
"1952669966","1875381156","0.35049"
"1875381156","1955828807","0.458333"
"1955828807","1875381156","0.458333"
"1875381156","2095712569","1.40123"
"2095712569","1875381156","1.40123"
"1875381156","2105606901","2.5179"
"2105606901","1875381156","2.5179"
"1875381156","2127810192","2.38457"
"2127810192","1875381156","2.38457"
"1875381156","2277804049","0.156046"
"2277804049","1875381156","0.156046"
"1875381156","2282127906","2.00123"
"2282127906","1875381156","2.00123"
"1875381156","2291726951","0.156046"
"2291726951","1875381156","0.156046"
"1875381156","2303356723","0.867157"
"2303356723","1875381156","0.867157"
"1875381156","2305794999","0.0416667"
"2305794999","1875381156","0.0416667"
"1875381156","2476118814","0.322712"
"2476118814","1875381156","0.322712"
"1875381156","2507218077","0.84171"
"2507218077","1875381156","0.84171"
"1875381156","2771132423","0.84171"
"2771132423","1875381156","0.84171"
"1875381156","2957734339","0.322712"
"2957734339","1875381156","0.322712"
"1875381156","961920052","0.0416667"
"961920052","1875381156","0.0416667"
"1877870857","1892580702","11.5143"
"1892580702","1877870857","11.5143"
"1877870857","1916213872","1.47726"
"1916213872","1877870857","1.47726"
"1877870857","1936819017","7.24486"
"1936819017","1877870857","7.24486"
"1877870857","1943791664","1.95316"
"1943791664","1877870857","1.95316"
"1877870857","1952669966","3.71277"
"1952669966","1877870857","3.71277"
"1877870857","1955828807","3.97183"
"1955828807","1877870857","3.97183"
"1877870857","2105606901","2.35316"
"2105606901","1877870857","2.35316"
"1877870857","2127810192","7.74486"
"2127810192","1877870857","7.74486"
"1877870857","2277804049","1.76402"
"2277804049","1877870857","1.76402"
"1877870857","2282127906","48.7762"
"2282127906","1877870857","48.7762"
"1877870857","2291726951","1.87513"
"2291726951","1877870857","1.87513"
"1877870857","2303356723","40.2052"
"2303356723","1877870857","40.2052"
"1877870857","2305794999","0.11859"
"2305794999","1877870857","0.11859"
"1877870857","2476118814","1.76402"
"2476118814","1877870857","1.76402"
"1877870857","2507218077","1.97187"
"2507218077","1877870857","1.97187"
"1877870857","2771132423","1.69409"
"2771132423","1877870857","1.69409"
"1877870857","2957734339","1.76402"
"2957734339","1877870857","1.76402"
"1892580702","1916213872","1.99512"
"1916213872","1892580702","1.99512"
"1892580702","1936819017","85.7913"
"1936819017","1892580702","85.7913"
"1892580702","1943791664","5.7722"
"1943791664","1892580702","5.7722"
"1892580702","1952669966","10.514"
"1952669966","1892580702","10.514"
"1892580702","1955828807","83.9183"
"1955828807","1892580702","83.9183"
"1892580702","2095712569","14.2572"
"2095712569","1892580702","14.2572"
"1892580702","2105606901","7.31506"
"2105606901","1892580702","7.31506"
"1892580702","2127810192","89.958"
"2127810192","1892580702","89.958"
"1892580702","2277804049","1.04973"
"2277804049","1892580702","1.04973"
"1892580702","2282127906","18.125"
"2282127906","1892580702","18.125"
"1892580702","2291726951","1.49418"
"2291726951","1892580702","1.49418"
"1892580702","2303356723","7.64924"
"2303356723","1892580702","7.64924"
"1892580702","2305794999","0.285256"
"2305794999","1892580702","0.285256"
"1892580702","2476118814","2.22592"
"2476118814","1892580702","2.22592"
"1892580702","2507218077","2.33854"
"2507218077","1892580702","2.33854"
"1892580702","2771132423","1.56076"
"2771132423","1892580702","1.56076"
"1892580702","2957734339","2.30926"
"2957734339","1892580702","2.30926"
"1916213872","1936819017","1.74512"
"1936819017","1916213872","1.74512"
"1916213872","1943791664","0.917735"
"1943791664","1916213872","0.917735"
"1916213872","1952669966","0.166667"
"1952669966","1916213872","0.166667"
"1916213872","1955828807","0.869048"
"1955828807","1916213872","0.869048"
"1916213872","2095712569","1.47726"
"2095712569","1916213872","1.47726"
"1916213872","2105606901","1.06059"
"2105606901","1916213872","1.06059"
"1916213872","2127810192","1.74512"
"2127810192","1916213872","1.74512"
"1916213872","2277804049","0.0972222"
"2277804049","1916213872","0.0972222"
"1916213872","2282127906","1.24512"
"2282127906","1916213872","1.24512"
"1916213872","2291726951","0.0972222"
"2291726951","1916213872","0.0972222"
"1916213872","2303356723","0.666667"
"2303356723","1916213872","0.666667"
"1916213872","2305794999","0.0416667"
"2305794999","1916213872","0.0416667"
"1916213872","2476118814","0.0972222"
"2476118814","1916213872","0.0972222"
"1916213872","2507218077","0.834402"
"2507218077","1916213872","0.834402"
"1916213872","2771132423","0.334402"
"2771132423","1916213872","0.334402"
"1916213872","2957734339","0.0972222"
"2957734339","1916213872","0.0972222"
"1916213872","961920052","0.0416667"
"961920052","1916213872","0.0416667"
"1936819017","1943791664","4.0722"
"1943791664","1936819017","4.0722"
"1936819017","1952669966","5.33618"
"1952669966","1936819017","5.33618"
"1936819017","1955828807","21.2587"
"1955828807","1936819017","21.2587"
"1936819017","2095712569","10.5377"
"2095712569","1936819017","10.5377"
"1936819017","2105606901","4.71506"
"2105606901","1936819017","4.71506"
"1936819017","2277804049","0.313622"
"2277804049","1936819017","0.313622"
"1936819017","2282127906","12.2222"
"2282127906","1936819017","12.2222"
"1936819017","2291726951","0.424733"
"2291726951","1936819017","0.424733"
"1936819017","2303356723","5.06591"
"2303356723","1936819017","5.06591"
"1936819017","2476118814","1.18029"
"2476118814","1936819017","1.18029"
"1936819017","2507218077","1.83854"
"2507218077","1936819017","1.83854"
"1936819017","2771132423","1.56076"
"2771132423","1936819017","1.56076"
"1936819017","2957734339","1.26362"
"2957734339","1936819017","1.26362"
"1943791664","1952669966","1.41075"
"1952669966","1943791664","1.41075"
"1943791664","1955828807","0.927381"
"1955828807","1943791664","0.927381"
"1943791664","2095712569","2.92935"
"2095712569","1943791664","2.92935"
"1943791664","2105606901","89.7555"
"2105606901","1943791664","89.7555"
"1943791664","2127810192","4.73887"
"2127810192","1943791664","4.73887"
"1943791664","2277804049","0.222712"
"2277804049","1943791664","0.222712"
"1943791664","2282127906","4.41268"
"2282127906","1943791664","4.41268"
"1943791664","2291726951","0.222712"
"2291726951","1943791664","0.222712"
"1943791664","2303356723","2.83694"
"2303356723","1943791664","2.83694"
"1943791664","2305794999","0.11859"
"2305794999","1943791664","0.11859"
"1943791664","2476118814","0.222712"
"2476118814","1943791664","0.222712"
"1943791664","2507218077","1.40838"
"2507218077","1943791664","1.40838"
"1943791664","2771132423","0.908377"
"2771132423","1943791664","0.908377"
"1943791664","2957734339","0.222712"
"2957734339","1943791664","0.222712"
"1943791664","961920052","0.185256"
"961920052","1943791664","0.185256"
"1952669966","1955828807","3.14286"
"1955828807","1952669966","3.14286"
"1952669966","2095712569","10.1128"
"2095712569","1952669966","10.1128"
"1952669966","2105606901","1.41075"
"2105606901","1952669966","1.41075"
"1952669966","2127810192","5.83618"
"2127810192","1952669966","5.83618"
"1952669966","2277804049","0.369177"
"2277804049","1952669966","0.369177"
"1952669966","2282127906","6.39729"
"2282127906","1952669966","6.39729"
"1952669966","2291726951","0.369177"
"2291726951","1952669966","0.369177"
"1952669966","2303356723","3.26194"
"2303356723","1952669966","3.26194"
"1952669966","2305794999","0.535256"
"2305794999","1952669966","0.535256"
"1952669966","2476118814","0.369177"
"2476118814","1952669966","0.369177"
"1952669966","2507218077","0.167157"
"2507218077","1952669966","0.167157"
"1952669966","2771132423","0.167157"
"2771132423","1952669966","0.167157"
"1952669966","2957734339","0.369177"
"2957734339","1952669966","0.369177"
"1955828807","2095712569","4.78849"
"2095712569","1955828807","4.78849"
"1955828807","2105606901","1.77024"
"2105606901","1955828807","1.77024"
"1955828807","2127810192","20.7587"
"2127810192","1955828807","20.7587"
"1955828807","2277804049","0.108333"
"2277804049","1955828807","0.108333"
"1955828807","2282127906","4.63254"
"2282127906","1955828807","4.63254"
"1955828807","2291726951","0.552778"
"2291726951","1955828807","0.552778"
"1955828807","2303356723","2.86905"
"2303356723","1955828807","2.86905"
"1955828807","2305794999","0.208333"
"2305794999","1955828807","0.208333"
"1955828807","2476118814","0.417857"
"2476118814","1955828807","0.417857"
"1955828807","2507218077","0.319444"
"2507218077","1955828807","0.319444"
"1955828807","2771132423","0.208333"
"2771132423","1955828807","0.208333"
"1955828807","2957734339","0.417857"
"2957734339","1955828807","0.417857"
"1955828807","961920052","0.208333"
"961920052","1955828807","0.208333"
"2095712569","2105606901","2.82935"
"2105606901","2095712569","2.82935"
"2095712569","2127810192","11.2044"
"2127810192","2095712569","11.2044"
"2095712569","2277804049","2.76402"
"2277804049","2095712569","2.76402"
"2095712569","2282127906","58.1191"
"2282127906","2095712569","58.1191"
"2095712569","2291726951","2.87513"
"2291726951","2095712569","2.87513"
"2095712569","2303356723","40.9052"
"2303356723","2095712569","40.9052"
"2095712569","2476118814","1.76402"
"2476118814","2095712569","1.76402"
"2095712569","2507218077","2.17187"
"2507218077","2095712569","2.17187"
"2095712569","2771132423","1.89409"
"2771132423","2095712569","1.89409"
"2095712569","2957734339","1.76402"
"2957734339","2095712569","1.76402"
"2105606901","2127810192","4.38173"
"2127810192","2105606901","4.38173"
"2105606901","2277804049","0.222712"
"2277804049","2105606901","0.222712"
"2105606901","2282127906","5.75554"
"2282127906","2105606901","5.75554"
"2105606901","2291726951","0.222712"
"2291726951","2105606901","0.222712"
"2105606901","2303356723","4.03694"
"2303356723","2105606901","4.03694"
"2105606901","2305794999","0.11859"
"2305794999","2105606901","0.11859"
"2105606901","2476118814","0.222712"
"2476118814","2105606901","0.222712"
"2105606901","2507218077","1.40838"
"2507218077","2105606901","1.40838"
"2105606901","2771132423","0.908377"
"2771132423","2105606901","0.908377"
"2105606901","2957734339","0.222712"
"2957734339","2105606901","0.222712"
"2105606901","961920052","0.185256"
"961920052","2105606901","0.185256"
"2127810192","2277804049","0.313622"
"2277804049","2127810192","0.313622"
"2127810192","2282127906","10.3889"
"2282127906","2127810192","10.3889"
"2127810192","2291726951","0.424733"
"2291726951","2127810192","0.424733"
"2127810192","2303356723","5.06591"
"2303356723","2127810192","5.06591"
"2127810192","2476118814","1.18029"
"2476118814","2127810192","1.18029"
"2127810192","2507218077","1.83854"
"2507218077","2127810192","1.83854"
"2127810192","2771132423","1.56076"
"2771132423","2127810192","1.56076"
"2127810192","2957734339","1.26362"
"2957734339","2127810192","1.26362"
"2277804049","2282127906","1.76402"
"2282127906","2277804049","1.76402"
"2277804049","2291726951","1.76402"
"2291726951","2277804049","1.76402"
"2277804049","2303356723","0.167157"
"2303356723","2277804049","0.167157"
"2277804049","2305794999","0.0416667"
"2305794999","2277804049","0.0416667"
"2277804049","2476118814","2.09735"
"2476118814","2277804049","2.09735"
"2277804049","2507218077","0.156046"
"2507218077","2277804049","0.156046"
"2277804049","2771132423","0.156046"
"2771132423","2277804049","0.156046"
"2277804049","2957734339","2.09735"
"2957734339","2277804049","2.09735"
"2277804049","961920052","0.0416667"
"961920052","2277804049","0.0416667"
"2282127906","2291726951","2.37513"
"2291726951","2282127906","2.37513"
"2282127906","2305794999","0.36859"
"2305794999","2282127906","0.36859"
"2282127906","2476118814","2.51402"
"2476118814","2282127906","2.51402"
"2282127906","2957734339","2.26402"
"2957734339","2282127906","2.26402"
"2291726951","2303356723","0.667157"
"2303356723","2291726951","0.667157"
"2291726951","2305794999","0.0416667"
"2305794999","2291726951","0.0416667"
"2291726951","2476118814","1.76402"
"2476118814","2291726951","1.76402"
"2291726951","2507218077","0.267157"
"2507218077","2291726951","0.267157"
"2291726951","2771132423","0.156046"
"2771132423","2291726951","0.156046"
"2291726951","2957734339","1.76402"
"2957734339","2291726951","1.76402"
"2291726951","961920052","0.0416667"
"961920052","2291726951","0.0416667"
"2303356723","2305794999","0.11859"
"2305794999","2303356723","0.11859"
"2303356723","2476118814","0.917157"
"2476118814","2303356723","0.917157"
"2303356723","2507218077","1.93382"
"2507218077","2303356723","1.93382"
"2303356723","2771132423","1.93382"
"2771132423","2303356723","1.93382"
"2303356723","2957734339","0.667157"
"2957734339","2303356723","0.667157"
"2305794999","2476118814","0.0416667"
"2476118814","2305794999","0.0416667"
"2305794999","2507218077","0.575"
"2507218077","2305794999","0.575"
"2305794999","2771132423","0.0416667"
"2771132423","2305794999","0.0416667"
"2305794999","2957734339","0.0416667"
"2957734339","2305794999","0.0416667"
"2476118814","2507218077","0.156046"
"2507218077","2476118814","0.156046"
"2476118814","2771132423","0.156046"
"2771132423","2476118814","0.156046"
"2476118814","2957734339","35.4569"
"2957734339","2476118814","35.4569"
"2476118814","961920052","0.241667"
"961920052","2476118814","0.241667"
"2507218077","2957734339","0.156046"
"2957734339","2507218077","0.156046"
"2771132423","2957734339","0.156046"
"2957734339","2771132423","0.156046"
"2957734339","961920052","0.241667"
"961920052","2957734339","0.241667"
"1017412513","1900465333","0.2"
"1900465333","1017412513","0.2"
"1546464291","1900465333","0.2"
"1900465333","1546464291","0.2"
"1900465333","2476118814","30.9429"
"2476118814","1900465333","30.9429"
"1900465333","2957734339","30.4429"
"2957734339","1900465333","30.4429"
"1900465333","961920052","0.2"
"961920052","1900465333","0.2"
"1017412513","1947481746","0.0666667"
"1947481746","1017412513","0.0666667"
"1017412513","2964557662","0.0666667"
"2964557662","1017412513","0.0666667"
"1546464291","1947481746","0.0666667"
"1947481746","1546464291","0.0666667"
"1546464291","2964557662","0.0666667"
"2964557662","1546464291","0.0666667"
"1877870857","1947481746","0.366977"
"1947481746","1877870857","0.366977"
"1877870857","2964557662","1.41893"
"2964557662","1877870857","1.41893"
"1892580702","1947481746","1.95031"
"1947481746","1892580702","1.95031"
"1892580702","2964557662","0.585592"
"2964557662","1892580702","0.585592"
"1936819017","1947481746","1.28364"
"1947481746","1936819017","1.28364"
"1936819017","2964557662","0.585592"
"2964557662","1936819017","0.585592"
"1943791664","1947481746","0.866977"
"1947481746","1943791664","0.866977"
"1943791664","2964557662","0.276068"
"2964557662","1943791664","0.276068"
"1947481746","1952669966","0.0666667"
"1952669966","1947481746","0.0666667"
"1947481746","2095712569","0.366977"
"2095712569","1947481746","0.366977"
"1947481746","2105606901","0.866977"
"2105606901","1947481746","0.866977"
"1947481746","2127810192","1.28364"
"2127810192","1947481746","1.28364"
"1947481746","2282127906","0.866977"
"2282127906","1947481746","0.866977"
"1947481746","2507218077","0.366977"
"2507218077","1947481746","0.366977"
"1947481746","2771132423","0.366977"
"2771132423","1947481746","0.366977"
"1947481746","2964557662","0.276068"
"2964557662","1947481746","0.276068"
"1947481746","961920052","0.0666667"
"961920052","1947481746","0.0666667"
"1952669966","2964557662","0.0666667"
"2964557662","1952669966","0.0666667"
"2095712569","2964557662","1.41893"
"2964557662","2095712569","1.41893"
"2105606901","2964557662","0.276068"
"2964557662","2105606901","0.276068"
"2127810192","2964557662","0.585592"
"2964557662","2127810192","0.585592"
"2282127906","2964557662","0.859402"
"2964557662","2282127906","0.859402"
"2507218077","2964557662","0.835592"
"2964557662","2507218077","0.835592"
"2771132423","2964557662","1.00226"
"2964557662","2771132423","1.00226"
"2964557662","961920052","0.0666667"
"961920052","2964557662","0.0666667"
"1017412513","1031827513","0.333333"
"1031827513","1017412513","0.333333"
"1031827513","1546464291","0.333333"
"1546464291","1031827513","0.333333"
"1031827513","961920052","0.333333"
"961920052","1031827513","0.333333"
"2276818701","2305794999","0.25"
"2305794999","2276818701","0.25"
"1031827513","2507218077","0.5"
"2507218077","1031827513","0.5"
"1031827513","2771132423","0.5"
"2771132423","1031827513","0.5"
"1043155430","2964557662","6.05556"
"2964557662","1043155430","6.05556"
"1043155430","1947481746","0.0555556"
"1947481746","1043155430","0.0555556"
"1875381156","1947481746","0.300311"
"1947481746","1875381156","0.300311"
"1875381156","2964557662","0.209402"
"2964557662","1875381156","0.209402"
"1916213872","1947481746","0.209402"
"1947481746","1916213872","0.209402"
"1916213872","2964557662","0.542735"
"2964557662","1916213872","0.542735"
"1947481746","2277804049","0.0555556"
"2277804049","1947481746","0.0555556"
"1947481746","2291726951","0.0555556"
"2291726951","1947481746","0.0555556"
"1947481746","2476118814","0.0555556"
"2476118814","1947481746","0.0555556"
"1947481746","2957734339","0.0555556"
"2957734339","1947481746","0.0555556"
"2277804049","2964557662","0.0555556"
"2964557662","2277804049","0.0555556"
"2291726951","2964557662","0.0555556"
"2964557662","2291726951","0.0555556"
"2476118814","2964557662","0.0555556"
"2964557662","2476118814","0.0555556"
"2957734339","2964557662","0.0555556"
"2964557662","2957734339","0.0555556"
"1043155430","1550913678","1"
"1550913678","1043155430","1"
"1515240150","1900465333","0.25"
"1900465333","1515240150","0.25"
"1515240150","1936819017","1.95833"
"1936819017","1515240150","1.95833"
"1515240150","2127810192","0.958333"
"2127810192","1515240150","0.958333"
"1515240150","2476118814","0.25"
"2476118814","1515240150","0.25"
"1900465333","1936819017","0.616667"
"1936819017","1900465333","0.616667"
"1900465333","2127810192","0.616667"
"2127810192","1900465333","0.616667"
"1515240150","2282127906","0.875"
"2282127906","1515240150","0.875"
"1515240150","2303356723","0.875"
"2303356723","1515240150","0.875"
"1515240150","1916213872","1.125"
"1916213872","1515240150","1.125"
"1515240150","1892580702","0.458333"
"1892580702","1515240150","0.458333"
"1515240150","1952669966","0.125"
"1952669966","1515240150","0.125"
"1515240150","1955828807","0.125"
"1955828807","1515240150","0.125"
"1515240150","1538007219","1"
"1538007219","1515240150","1"
"2294984167","2305794999","0.5"
"2305794999","2294984167","0.5"
"1550913678","2282127906","2.29167"
"2282127906","1550913678","2.29167"
"1550913678","1875381156","0.0833333"
"1875381156","1550913678","0.0833333"
"1550913678","1877870857","1.40833"
"1877870857","1550913678","1.40833"
"1550913678","1892580702","0.458333"
"1892580702","1550913678","0.458333"
"1550913678","1916213872","0.416667"
"1916213872","1550913678","0.416667"
"1550913678","1936819017","0.741667"
"1936819017","1550913678","0.741667"
"1550913678","1943791664","0.708333"
"1943791664","1550913678","0.708333"
"1550913678","2095712569","3.74167"
"2095712569","1550913678","3.74167"
"1550913678","2105606901","0.708333"
"2105606901","1550913678","0.708333"
"1550913678","2127810192","0.741667"
"2127810192","1550913678","0.741667"
"1550913678","2507218077","0.0833333"
"2507218077","1550913678","0.0833333"
"1550913678","2771132423","0.0833333"
"2771132423","1550913678","0.0833333"
"1550913678","1952669966","0.2"
"1952669966","1550913678","0.2"
"1550913678","2303356723","1.08333"
"2303356723","1550913678","1.08333"
"1550913678","1955828807","0.25"
"1955828807","1550913678","0.25"
"1557842486","2282127906","0.5"
"2282127906","1557842486","0.5"
"1557842486","2303356723","0.5"
"2303356723","1557842486","0.5"
"1817183286","1936819017","0.333333"
"1936819017","1817183286","0.333333"
"1817183286","1947481746","0.333333"
"1947481746","1817183286","0.333333"
"1817183286","2127810192","0.333333"
"2127810192","1817183286","0.333333"
"1875381156","2131977678","26.2667"
"2131977678","1875381156","26.2667"
"1875381156","2841360263","0.25"
"2841360263","1875381156","0.25"
"1877870857","2131977678","0.25"
"2131977678","1877870857","0.25"
"1877870857","2841360263","0.25"
"2841360263","1877870857","0.25"
"2095712569","2131977678","1.25"
"2131977678","2095712569","1.25"
"2095712569","2841360263","8.25"
"2841360263","2095712569","8.25"
"2131977678","2841360263","0.25"
"2841360263","2131977678","0.25"
"1892580702","2131977678","0.666667"
"2131977678","1892580702","0.666667"
"1936819017","2131977678","1.23333"
"2131977678","1936819017","1.23333"
"2127810192","2131977678","1.23333"
"2131977678","2127810192","1.23333"
"1955828807","2131977678","0.25"
"2131977678","1955828807","0.25"
"2131977678","2282127906","0.85"
"2282127906","2131977678","0.85"
"1943791664","2131977678","0.866667"
"2131977678","1943791664","0.866667"
"2105606901","2131977678","1.36667"
"2131977678","2105606901","1.36667"
"2131977678","2303356723","0.6"
"2303356723","2131977678","0.6"
"1875381156","1900465333","0.166667"
"1900465333","1875381156","0.166667"
"1875381156","2276818701","0.166667"
"2276818701","1875381156","0.166667"
"1892580702","1900465333","0.92619"
"1900465333","1892580702","0.92619"
"1892580702","2276818701","0.166667"
"2276818701","1892580702","0.166667"
"1900465333","2131977678","0.166667"
"2131977678","1900465333","0.166667"
"1900465333","2276818701","0.166667"
"2276818701","1900465333","0.166667"
"2131977678","2276818701","0.166667"
"2276818701","2131977678","0.166667"
"2131977678","2476118814","0.166667"
"2476118814","2131977678","0.166667"
"2131977678","2957734339","0.166667"
"2957734339","2131977678","0.166667"
"2276818701","2476118814","0.166667"
"2476118814","2276818701","0.166667"
"2276818701","2957734339","0.166667"
"2957734339","2276818701","0.166667"
"1952669966","2131977678","0.25"
"2131977678","1952669966","0.25"
"1877870857","2107373214","0.277778"
"2107373214","1877870857","0.277778"
"1877870857","2109380953","0.277778"
"2109380953","1877870857","0.277778"
"1877870857","2145857887","0.277778"
"2145857887","1877870857","0.277778"
"2095712569","2107373214","0.277778"
"2107373214","2095712569","0.277778"
"2095712569","2109380953","0.277778"
"2109380953","2095712569","0.277778"
"2095712569","2145857887","0.277778"
"2145857887","2095712569","0.277778"
"2107373214","2109380953","102.771"
"2109380953","2107373214","102.771"
"2107373214","2145857887","136.271"
"2145857887","2107373214","136.271"
"2107373214","2282127906","0.477778"
"2282127906","2107373214","0.477778"
"2107373214","2303356723","0.277778"
"2303356723","2107373214","0.277778"
"2109380953","2145857887","102.771"
"2145857887","2109380953","102.771"
"2109380953","2282127906","1.47778"
"2282127906","2109380953","1.47778"
"2109380953","2303356723","0.277778"
"2303356723","2109380953","0.277778"
"2145857887","2282127906","0.477778"
"2282127906","2145857887","0.477778"
"2145857887","2303356723","0.277778"
"2303356723","2145857887","0.277778"
"1892580702","2107373214","0.837302"
"2107373214","1892580702","0.837302"
"1892580702","2109380953","1.42063"
"2109380953","1892580702","1.42063"
"1892580702","2145857887","0.837302"
"2145857887","1892580702","0.837302"
"1936819017","2107373214","0.644444"
"2107373214","1936819017","0.644444"
"1936819017","2109380953","1.22778"
"2109380953","1936819017","1.22778"
"1936819017","2145857887","0.644444"
"2145857887","1936819017","0.644444"
"2107373214","2127810192","0.311111"
"2127810192","2107373214","0.311111"
"2109380953","2127810192","0.894444"
"2127810192","2109380953","0.894444"
"2127810192","2145857887","0.311111"
"2145857887","2127810192","0.311111"
"1877870857","2273947916","0.111111"
"2273947916","1877870857","0.111111"
"1892580702","2273947916","1.25397"
"2273947916","1892580702","1.25397"
"1936819017","2273947916","0.253968"
"2273947916","1936819017","0.253968"
"1955828807","2273947916","0.253968"
"2273947916","1955828807","0.253968"
"2095712569","2273947916","0.111111"
"2273947916","2095712569","0.111111"
"2127810192","2273947916","0.253968"
"2273947916","2127810192","0.253968"
"2273947916","2282127906","0.253968"
"2282127906","2273947916","0.253968"
"2273947916","2291726951","0.111111"
"2291726951","2273947916","0.111111"
"2273947916","2507218077","0.111111"
"2507218077","2273947916","0.111111"
"1947481746","1955828807","0.25"
"1955828807","1947481746","0.25"
"1900465333","1955828807","0.309524"
"1955828807","1900465333","0.309524"
"1900465333","2282127906","0.75"
"2282127906","1900465333","0.75"
"1900465333","2303356723","0.75"
"2303356723","1900465333","0.75"
"1900465333","2107373214","0.542857"
"2107373214","1900465333","0.542857"
"1900465333","2109380953","0.542857"
"2109380953","1900465333","0.542857"
"1900465333","2145857887","0.542857"
"2145857887","1900465333","0.542857"
"1955828807","2107373214","0.392857"
"2107373214","1955828807","0.392857"
"1955828807","2109380953","0.392857"
"2109380953","1955828807","0.392857"
"1955828807","2145857887","0.392857"
"2145857887","1955828807","0.392857"
"2107373214","2476118814","0.542857"
"2476118814","2107373214","0.542857"
"2107373214","2957734339","0.87619"
"2957734339","2107373214","0.87619"
"2109380953","2476118814","0.542857"
"2476118814","2109380953","0.542857"
"2109380953","2957734339","1.87619"
"2957734339","2109380953","1.87619"
"2145857887","2476118814","0.542857"
"2476118814","2145857887","0.542857"
"2145857887","2957734339","0.87619"
"2957734339","2145857887","0.87619"
"1952669966","2109380953","0.25"
"2109380953","1952669966","0.25"
"1916213872","2273947916","0.142857"
"2273947916","1916213872","0.142857"
"2105606901","2273947916","0.142857"
"2273947916","2105606901","0.142857"
"1900465333","2248034256","0.333333"
"2248034256","1900465333","0.333333"
"2248034256","2476118814","0.333333"
"2476118814","2248034256","0.333333"
"2248034256","2957734339","1.33333"
"2957734339","2248034256","1.33333"
"1900465333","2277804049","0.333333"
"2277804049","1900465333","0.333333"
"1936819017","2248034256","0.5"
"2248034256","1936819017","0.5"
"2127810192","2248034256","0.5"
"2248034256","2127810192","0.5"
"1936819017","2406963241","0.5"
"2406963241","1936819017","0.5"
"2127810192","2406963241","0.5"
"2406963241","2127810192","0.5"
"1947481746","2303356723","0.5"
"2303356723","1947481746","0.5"
"1947481746","2107373214","0.5"
"2107373214","1947481746","0.5"
"1947481746","2145857887","0.5"
"2145857887","1947481746","0.5"
"1952669966","2145857887","1"
"2145857887","1952669966","1"
"2248034256","2282127906","0.333333"
"2282127906","2248034256","0.333333"
"2248034256","2771132423","0.333333"
"2771132423","2248034256","0.333333"
"2248034256","2964557662","0.333333"
"2964557662","2248034256","0.333333"
"2248034256","2276818701","2"
"2276818701","2248034256","2"
"2248034256","2620853474","1"
"2620853474","2248034256","1"
"2276818701","2507218077","0.5"
"2507218077","2276818701","0.5"
"2276818701","2771132423","0.5"
"2771132423","2276818701","0.5"
"2276818701","2620853474","2"
"2620853474","2276818701","2"
"2277804049","2620853474","1"
"2620853474","2277804049","1"
"2281703150","978935236","4"
"978935236","2281703150","4"
"2282127906","2406963241","1"
"2406963241","2282127906","1"
"2303356723","2406963241","1"
"2406963241","2303356723","1"
"2282127906","2620853474","1.25"
"2620853474","2282127906","1.25"
"2507218077","2620853474","1.25"
"2620853474","2507218077","1.25"
"2620853474","2771132423","0.25"
"2771132423","2620853474","0.25"
"2620853474","2964557662","0.25"
"2964557662","2620853474","0.25"
