"1496150642","1505043949","66.2552"
"1505043949","1496150642","66.2552"
"1496150642","1866550111","77.744"
"1866550111","1496150642","77.744"
"1496150642","1933779895","38.85"
"1933779895","1496150642","38.85"
"1496150642","2101923427","46.0833"
"2101923427","1496150642","46.0833"
"1496150642","2106591829","277.955"
"2106591829","1496150642","277.955"
"1496150642","2110035986","79.1385"
"2110035986","1496150642","79.1385"
"1505043949","1866550111","61.7774"
"1866550111","1505043949","61.7774"
"1505043949","1933779895","38.8"
"1933779895","1505043949","38.8"
"1505043949","2101923427","40"
"2101923427","1505043949","40"
"1505043949","2106591829","72.4552"
"2106591829","1505043949","72.4552"
"1505043949","2110035986","66.4552"
"2110035986","1505043949","66.4552"
"1866550111","1933779895","34.7056"
"1933779895","1866550111","34.7056"
"1866550111","2101923427","36.4389"
"2101923427","1866550111","36.4389"
"1866550111","2106591829","76.444"
"2106591829","1866550111","76.444"
"1866550111","2110035986","73.8274"
"2110035986","1866550111","73.8274"
"1933779895","2101923427","38.85"
"2101923427","1933779895","38.85"
"1933779895","2106591829","39.05"
"2106591829","1933779895","39.05"
"1933779895","2110035986","38.8"
"2110035986","1933779895","38.8"
"2101923427","2106591829","44.7833"
"2106591829","2101923427","44.7833"
"2101923427","2110035986","40.7"
"2110035986","2101923427","40.7"
"2106591829","2110035986","78.8385"
"2110035986","2106591829","78.8385"
"1496150642","1593367703","16.6984"
"1593367703","1496150642","16.6984"
"1505043949","1593367703","11.7984"
"1593367703","1505043949","11.7984"
"1593367703","1866550111","10.254"
"1866550111","1593367703","10.254"
"1593367703","2106591829","16.6984"
"2106591829","1593367703","16.6984"
"1593367703","2110035986","11.9984"
"2110035986","1593367703","11.9984"
"1593367703","1933779895","8.55556"
"1933779895","1593367703","8.55556"
"1593367703","2101923427","8.55556"
"2101923427","1593367703","8.55556"
"1496150642","2152670952","16.9008"
"2152670952","1496150642","16.9008"
"1866550111","2152670952","15.5675"
"2152670952","1866550111","15.5675"
"2106591829","2152670952","15.4008"
"2152670952","2106591829","15.4008"
"2110035986","2152670952","13.8675"
"2152670952","2110035986","13.8675"
"1496150642","2127810192","10.4758"
"2127810192","1496150642","10.4758"
"2106591829","2127810192","6.47579"
"2127810192","2106591829","6.47579"
"1496150642","2140826043","3.80119"
"2140826043","1496150642","3.80119"
"1505043949","2127810192","2.87579"
"2127810192","1505043949","2.87579"
"1505043949","2140826043","1.80119"
"2140826043","1505043949","1.80119"
"1866550111","2127810192","3.27579"
"2127810192","1866550111","3.27579"
"1866550111","2140826043","1.80119"
"2140826043","1866550111","1.80119"
"2106591829","2140826043","3.80119"
"2140826043","2106591829","3.80119"
"2110035986","2127810192","3.07579"
"2127810192","2110035986","3.07579"
"2110035986","2140826043","1.80119"
"2140826043","2110035986","1.80119"
"2127810192","2140826043","5.29167"
"2140826043","2127810192","5.29167"
"1505043949","2152670952","1.48413"
"2152670952","1505043949","1.48413"
"1593367703","2152670952","1.17778"
"2152670952","1593367703","1.17778"
"1933779895","2152670952","1.03968"
"2152670952","1933779895","1.03968"
"2101923427","2152670952","2.23968"
"2152670952","2101923427","2.23968"
"1496150642","2107373214","0.866667"
"2107373214","1496150642","0.866667"
"1496150642","2109380953","3.01905"
"2109380953","1496150642","3.01905"
"1496150642","2145857887","0.866667"
"2145857887","1496150642","0.866667"
"1505043949","2107373214","0.333333"
"2107373214","1505043949","0.333333"
"1505043949","2109380953","0.785714"
"2109380953","1505043949","0.785714"
"1505043949","2145857887","0.333333"
"2145857887","1505043949","0.333333"
"1593367703","2107373214","0.111111"
"2107373214","1593367703","0.111111"
"1593367703","2109380953","0.111111"
"2109380953","1593367703","0.111111"
"1593367703","2145857887","0.111111"
"2145857887","1593367703","0.111111"
"1933779895","2107373214","0.222222"
"2107373214","1933779895","0.222222"
"1933779895","2109380953","0.507937"
"2109380953","1933779895","0.507937"
"1933779895","2145857887","0.222222"
"2145857887","1933779895","0.222222"
"2101923427","2107373214","0.222222"
"2107373214","2101923427","0.222222"
"2101923427","2109380953","0.507937"
"2109380953","2101923427","0.507937"
"2101923427","2145857887","0.222222"
"2145857887","2101923427","0.222222"
"2106591829","2107373214","0.533333"
"2107373214","2106591829","0.533333"
"2106591829","2109380953","1.68571"
"2109380953","2106591829","1.68571"
"2106591829","2145857887","0.533333"
"2145857887","2106591829","0.533333"
"2107373214","2109380953","103.7"
"2109380953","2107373214","103.7"
"2107373214","2110035986","0.333333"
"2110035986","2107373214","0.333333"
"2107373214","2145857887","137.7"
"2145857887","2107373214","137.7"
"2109380953","2110035986","0.985714"
"2110035986","2109380953","0.985714"
"2109380953","2145857887","103.7"
"2145857887","2109380953","103.7"
"2110035986","2145857887","0.333333"
"2145857887","2110035986","0.333333"
"1496150642","1623846180","0.5"
"1623846180","1496150642","0.5"
"1623846180","2106591829","0.5"
"2106591829","1623846180","0.5"
"1933779895","2127810192","1.39683"
"2127810192","1933779895","1.39683"
"2101923427","2127810192","2.39683"
"2127810192","2101923427","2.39683"
"1866550111","2107373214","0.222222"
"2107373214","1866550111","0.222222"
"1866550111","2109380953","0.874603"
"2109380953","1866550111","0.874603"
"1866550111","2145857887","0.222222"
"2145857887","1866550111","0.222222"
"1496150642","1849769290","0.434524"
"1849769290","1496150642","0.434524"
"1496150642","2112643908","0.267857"
"2112643908","1496150642","0.267857"
"1505043949","1849769290","0.434524"
"1849769290","1505043949","0.434524"
"1505043949","2112643908","0.267857"
"2112643908","1505043949","0.267857"
"1849769290","1866550111","0.434524"
"1866550111","1849769290","0.434524"
"1849769290","2106591829","0.434524"
"2106591829","1849769290","0.434524"
"1849769290","2110035986","0.434524"
"2110035986","1849769290","0.434524"
"1849769290","2112643908","169.601"
"2112643908","1849769290","169.601"
"1849769290","2127810192","12.2679"
"2127810192","1849769290","12.2679"
"1866550111","2112643908","0.267857"
"2112643908","1866550111","0.267857"
"2106591829","2112643908","0.267857"
"2112643908","2106591829","0.267857"
"2110035986","2112643908","0.267857"
"2112643908","2110035986","0.267857"
"2112643908","2127810192","2.10119"
"2127810192","2112643908","2.10119"
"1593367703","2140826043","0.309524"
"2140826043","1593367703","0.309524"
"2127810192","2152670952","0.622222"
"2152670952","2127810192","0.622222"
"1496150642","1877154000","0.142857"
"1877154000","1496150642","0.142857"
"1505043949","1877154000","0.142857"
"1877154000","1505043949","0.142857"
"1593367703","1877154000","0.142857"
"1877154000","1593367703","0.142857"
"1866550111","1877154000","0.142857"
"1877154000","1866550111","0.142857"
"1877154000","2106591829","0.142857"
"2106591829","1877154000","0.142857"
"1877154000","2110035986","0.142857"
"2110035986","1877154000","0.142857"
"1877154000","2140826043","72.1429"
"2140826043","1877154000","72.1429"
"2109380953","2152670952","0.477778"
"2152670952","2109380953","0.477778"
"1593367703","2127810192","1.47778"
"2127810192","1593367703","1.47778"
"2107373214","2127810192","0.311111"
"2127810192","2107373214","0.311111"
"2107373214","2152670952","0.111111"
"2152670952","2107373214","0.111111"
"2109380953","2127810192","2.31111"
"2127810192","2109380953","2.31111"
"2127810192","2145857887","0.311111"
"2145857887","2127810192","0.311111"
"2145857887","2152670952","0.111111"
"2152670952","2145857887","0.111111"
"1849769290","2140826043","1.625"
"2140826043","1849769290","1.625"
"2112643908","2140826043","1.625"
"2140826043","2112643908","1.625"
"1557842486","1849769290","0.5"
"1849769290","1557842486","0.5"
"1557842486","2112643908","0.5"
"2112643908","1557842486","0.5"
"1593367703","1849769290","0.5"
"1849769290","1593367703","0.5"
"1593367703","2112643908","0.5"
"2112643908","1593367703","0.5"
"1623846180","2127810192","12"
"2127810192","1623846180","12"
"1623846180","2140826043","1"
"2140826043","1623846180","1"
"1849769290","1910251784","0.333333"
"1910251784","1849769290","0.333333"
"1910251784","2112643908","0.333333"
"2112643908","1910251784","0.333333"
"1910251784","2127810192","0.333333"
"2127810192","1910251784","0.333333"
"1877154000","1910251784","19"
"1910251784","1877154000","19"
"1910251784","2140826043","71"
"2140826043","1910251784","71"
"2107373214","2140826043","0.333333"
"2140826043","2107373214","0.333333"
"2109380953","2140826043","0.333333"
"2140826043","2109380953","0.333333"
"2140826043","2145857887","0.333333"
"2145857887","2140826043","0.333333"
