"105361651","2115516062","1"
"2115516062","105361651","1"
"119663918","1498741478","0.833333"
"1498741478","119663918","0.833333"
"119663918","1550968189","0.674242"
"1550968189","119663918","0.674242"
"119663918","628647563","0.583333"
"628647563","119663918","0.583333"
"1498741478","1550968189","0.333333"
"1550968189","1498741478","0.333333"
"1498741478","628647563","0.333333"
"628647563","1498741478","0.333333"
"1550968189","628647563","0.92619"
"628647563","1550968189","0.92619"
"119663918","2129178411","0.25"
"2129178411","119663918","0.25"
"119663918","2232546060","0.340909"
"2232546060","119663918","0.340909"
"1550968189","2129178411","0.25"
"2129178411","1550968189","0.25"
"1550968189","2232546060","1.48377"
"2232546060","1550968189","1.48377"
"2129178411","2232546060","3.98333"
"2232546060","2129178411","3.98333"
"2129178411","628647563","0.25"
"628647563","2129178411","0.25"
"2232546060","628647563","0.392857"
"628647563","2232546060","0.392857"
"119663918","1977427206","0.5"
"1977427206","119663918","0.5"
"1498741478","1977427206","0.5"
"1977427206","1498741478","0.5"
"119663918","1483125709","0.0909091"
"1483125709","119663918","0.0909091"
"119663918","1539295925","0.0909091"
"1539295925","119663918","0.0909091"
"119663918","1864878677","0.0909091"
"1864878677","119663918","0.0909091"
"119663918","2005189412","0.0909091"
"2005189412","119663918","0.0909091"
"119663918","2016855451","0.0909091"
"2016855451","119663918","0.0909091"
"119663918","2077423506","0.0909091"
"2077423506","119663918","0.0909091"
"119663918","2100364148","0.0909091"
"2100364148","119663918","0.0909091"
"119663918","2101526973","0.0909091"
"2101526973","119663918","0.0909091"
"119663918","78613932","0.0909091"
"78613932","119663918","0.0909091"
"1483125709","1539295925","0.257576"
"1539295925","1483125709","0.257576"
"1483125709","1550968189","1.79627"
"1550968189","1483125709","1.79627"
"1483125709","1864878677","0.462933"
"1864878677","1483125709","0.462933"
"1483125709","2005189412","0.939123"
"2005189412","1483125709","0.939123"
"1483125709","2016855451","2.09091"
"2016855451","1483125709","2.09091"
"1483125709","2077423506","0.962933"
"2077423506","1483125709","0.962933"
"1483125709","2100364148","0.653409"
"2100364148","1483125709","0.653409"
"1483125709","2101526973","0.570076"
"2101526973","1483125709","0.570076"
"1483125709","2232546060","2.15043"
"2232546060","1483125709","2.15043"
"1483125709","78613932","0.0909091"
"78613932","1483125709","0.0909091"
"1539295925","1550968189","0.257576"
"1550968189","1539295925","0.257576"
"1539295925","1864878677","0.0909091"
"1864878677","1539295925","0.0909091"
"1539295925","2005189412","0.757576"
"2005189412","1539295925","0.757576"
"1539295925","2016855451","0.0909091"
"2016855451","1539295925","0.0909091"
"1539295925","2077423506","0.257576"
"2077423506","1539295925","0.257576"
"1539295925","2100364148","0.257576"
"2100364148","1539295925","0.257576"
"1539295925","2101526973","0.757576"
"2101526973","1539295925","0.757576"
"1539295925","2232546060","0.0909091"
"2232546060","1539295925","0.0909091"
"1539295925","78613932","0.0909091"
"78613932","1539295925","0.0909091"
"1550968189","1864878677","0.153409"
"1864878677","1550968189","0.153409"
"1550968189","2005189412","1.29627"
"2005189412","1550968189","1.29627"
"1550968189","2016855451","0.0909091"
"2016855451","1550968189","0.0909091"
"1550968189","2077423506","1.46293"
"2077423506","1550968189","1.46293"
"1550968189","2100364148","1.65341"
"2100364148","1550968189","1.65341"
"1550968189","2101526973","0.320076"
"2101526973","1550968189","0.320076"
"1550968189","78613932","0.0909091"
"78613932","1550968189","0.0909091"
"1864878677","2005189412","0.486742"
"2005189412","1864878677","0.486742"
"1864878677","2016855451","2.52543"
"2016855451","1864878677","2.52543"
"1864878677","2077423506","0.153409"
"2077423506","1864878677","0.153409"
"1864878677","2100364148","1.15341"
"2100364148","1864878677","1.15341"
"1864878677","2101526973","0.153409"
"2101526973","1864878677","0.153409"
"1864878677","2232546060","0.66829"
"2232546060","1864878677","0.66829"
"1864878677","78613932","0.0909091"
"78613932","1864878677","0.0909091"
"2005189412","2016855451","0.657576"
"2016855451","2005189412","0.657576"
"2005189412","2077423506","1.00579"
"2077423506","2005189412","1.00579"
"2005189412","2100364148","4.05341"
"2100364148","2005189412","4.05341"
"2005189412","2101526973","1.32008"
"2101526973","2005189412","1.32008"
"2005189412","2232546060","0.550433"
"2232546060","2005189412","0.550433"
"2005189412","78613932","0.0909091"
"78613932","2005189412","0.0909091"
"2016855451","2077423506","0.657576"
"2077423506","2016855451","0.657576"
"2016855451","2100364148","0.157576"
"2100364148","2016855451","0.157576"
"2016855451","2101526973","0.0909091"
"2101526973","2016855451","0.0909091"
"2016855451","2232546060","1.75877"
"2232546060","2016855451","1.75877"
"2016855451","78613932","0.0909091"
"78613932","2016855451","0.0909091"
"2077423506","2100364148","3.22008"
"2100364148","2077423506","3.22008"
"2077423506","2101526973","0.320076"
"2101526973","2077423506","0.320076"
"2077423506","2232546060","1.30043"
"2232546060","2077423506","1.30043"
"2077423506","78613932","0.0909091"
"78613932","2077423506","0.0909091"
"2100364148","2101526973","0.320076"
"2101526973","2100364148","0.320076"
"2100364148","2232546060","0.157576"
"2232546060","2100364148","0.157576"
"2100364148","78613932","0.0909091"
"78613932","2100364148","0.0909091"
"2101526973","2232546060","1.34091"
"2232546060","2101526973","1.34091"
"2101526973","78613932","0.0909091"
"78613932","2101526973","0.0909091"
"2232546060","78613932","0.0909091"
"78613932","2232546060","0.0909091"
"119663918","1535628766","0.833333"
"1535628766","119663918","0.833333"
"119663918","2135865213","1.5"
"2135865213","119663918","1.5"
"1535628766","2135865213","0.5"
"2135865213","1535628766","0.5"
"119663918","2134743267","0.333333"
"2134743267","119663918","0.333333"
"119663918","2612832200","0.333333"
"2612832200","119663918","0.333333"
"1535628766","2134743267","0.333333"
"2134743267","1535628766","0.333333"
"1535628766","2612832200","0.333333"
"2612832200","1535628766","0.333333"
"2134743267","2612832200","0.333333"
"2612832200","2134743267","0.333333"
"141919890","2113245105","1"
"2113245105","141919890","1"
"1482457887","2018917889","0.395833"
"2018917889","1482457887","0.395833"
"1482457887","2129178411","0.892857"
"2129178411","1482457887","0.892857"
"1482457887","2232546060","3.49405"
"2232546060","1482457887","3.49405"
"2018917889","2129178411","0.333333"
"2129178411","2018917889","0.333333"
"2018917889","2232546060","0.47619"
"2232546060","2018917889","0.47619"
"1482457887","1483125709","0.622024"
"1483125709","1482457887","0.622024"
"1482457887","149796114","0.1875"
"149796114","1482457887","0.1875"
"1482457887","1550968189","0.705357"
"1550968189","1482457887","0.705357"
"1482457887","1574188490","0.0625"
"1574188490","1482457887","0.0625"
"1482457887","1864878677","0.497024"
"1864878677","1482457887","0.497024"
"1482457887","1977427206","0.205357"
"1977427206","1482457887","0.205357"
"1482457887","2005189412","0.848214"
"2005189412","1482457887","0.848214"
"1482457887","2077423506","0.348214"
"2077423506","1482457887","0.348214"
"1482457887","2100364148","1.0625"
"2100364148","1482457887","1.0625"
"1482457887","2101526973","0.3125"
"2101526973","1482457887","0.3125"
"1482457887","2113245105","0.0625"
"2113245105","1482457887","0.0625"
"1482457887","2150267895","0.0625"
"2150267895","1482457887","0.0625"
"1482457887","2156093457","0.0625"
"2156093457","1482457887","0.0625"
"1482457887","2299592295","0.0625"
"2299592295","1482457887","0.0625"
"1482457887","2612832200","0.1875"
"2612832200","1482457887","0.1875"
"1483125709","149796114","1.20536"
"149796114","1483125709","1.20536"
"1483125709","1574188490","0.0625"
"1574188490","1483125709","0.0625"
"1483125709","1977427206","0.205357"
"1977427206","1483125709","0.205357"
"1483125709","2018917889","0.205357"
"2018917889","1483125709","0.205357"
"1483125709","2113245105","0.0625"
"2113245105","1483125709","0.0625"
"1483125709","2150267895","0.0625"
"2150267895","1483125709","0.0625"
"1483125709","2156093457","0.348214"
"2156093457","1483125709","0.348214"
"1483125709","2299592295","0.205357"
"2299592295","1483125709","0.205357"
"1483125709","2612832200","0.205357"
"2612832200","1483125709","0.205357"
"149796114","1550968189","0.0625"
"1550968189","149796114","0.0625"
"149796114","1574188490","0.129167"
"1574188490","149796114","0.129167"
"149796114","1864878677","0.830357"
"1864878677","149796114","0.830357"
"149796114","1977427206","0.0625"
"1977427206","149796114","0.0625"
"149796114","2005189412","0.129167"
"2005189412","149796114","0.129167"
"149796114","2018917889","0.0625"
"2018917889","149796114","0.0625"
"149796114","2077423506","0.129167"
"2077423506","149796114","0.129167"
"149796114","2100364148","0.129167"
"2100364148","149796114","0.129167"
"149796114","2101526973","0.0625"
"2101526973","149796114","0.0625"
"149796114","2113245105","0.129167"
"2113245105","149796114","0.129167"
"149796114","2150267895","0.129167"
"2150267895","149796114","0.129167"
"149796114","2156093457","0.205357"
"2156093457","149796114","0.205357"
"149796114","2299592295","0.0625"
"2299592295","149796114","0.0625"
"149796114","2612832200","2.33036"
"2612832200","149796114","2.33036"
"1550968189","1574188490","0.0625"
"1574188490","1550968189","0.0625"
"1550968189","1977427206","0.205357"
"1977427206","1550968189","0.205357"
"1550968189","2018917889","0.0625"
"2018917889","1550968189","0.0625"
"1550968189","2113245105","1.5625"
"2113245105","1550968189","1.5625"
"1550968189","2150267895","0.0625"
"2150267895","1550968189","0.0625"
"1550968189","2156093457","0.0625"
"2156093457","1550968189","0.0625"
"1550968189","2299592295","0.0625"
"2299592295","1550968189","0.0625"
"1550968189","2612832200","1.0625"
"2612832200","1550968189","1.0625"
"1574188490","1864878677","0.0625"
"1864878677","1574188490","0.0625"
"1574188490","1977427206","0.0625"
"1977427206","1574188490","0.0625"
"1574188490","2005189412","0.129167"
"2005189412","1574188490","0.129167"
"1574188490","2018917889","0.0625"
"2018917889","1574188490","0.0625"
"1574188490","2077423506","0.129167"
"2077423506","1574188490","0.129167"
"1574188490","2100364148","0.129167"
"2100364148","1574188490","0.129167"
"1574188490","2101526973","0.0625"
"2101526973","1574188490","0.0625"
"1574188490","2113245105","0.129167"
"2113245105","1574188490","0.129167"
"1574188490","2150267895","0.129167"
"2150267895","1574188490","0.129167"
"1574188490","2156093457","0.0625"
"2156093457","1574188490","0.0625"
"1574188490","2299592295","0.0625"
"2299592295","1574188490","0.0625"
"1574188490","2612832200","0.0625"
"2612832200","1574188490","0.0625"
"1864878677","1977427206","0.0625"
"1977427206","1864878677","0.0625"
"1864878677","2018917889","0.205357"
"2018917889","1864878677","0.205357"
"1864878677","2113245105","0.395833"
"2113245105","1864878677","0.395833"
"1864878677","2150267895","0.0625"
"2150267895","1864878677","0.0625"
"1864878677","2156093457","2.84821"
"2156093457","1864878677","2.84821"
"1864878677","2299592295","1.20536"
"2299592295","1864878677","1.20536"
"1864878677","2612832200","1.33036"
"2612832200","1864878677","1.33036"
"1977427206","2005189412","0.53869"
"2005189412","1977427206","0.53869"
"1977427206","2018917889","0.0625"
"2018917889","1977427206","0.0625"
"1977427206","2077423506","0.53869"
"2077423506","1977427206","0.53869"
"1977427206","2100364148","0.395833"
"2100364148","1977427206","0.395833"
"1977427206","2101526973","0.0625"
"2101526973","1977427206","0.0625"
"1977427206","2113245105","0.0625"
"2113245105","1977427206","0.0625"
"1977427206","2150267895","0.0625"
"2150267895","1977427206","0.0625"
"1977427206","2156093457","0.0625"
"2156093457","1977427206","0.0625"
"1977427206","2299592295","0.0625"
"2299592295","1977427206","0.0625"
"1977427206","2612832200","0.0625"
"2612832200","1977427206","0.0625"
"2005189412","2018917889","0.205357"
"2018917889","2005189412","0.205357"
"2005189412","2113245105","0.129167"
"2113245105","2005189412","0.129167"
"2005189412","2150267895","0.129167"
"2150267895","2005189412","0.129167"
"2005189412","2156093457","0.205357"
"2156093457","2005189412","0.205357"
"2005189412","2299592295","0.205357"
"2299592295","2005189412","0.205357"
"2005189412","2612832200","0.0625"
"2612832200","2005189412","0.0625"
"2018917889","2077423506","0.0625"
"2077423506","2018917889","0.0625"
"2018917889","2100364148","0.0625"
"2100364148","2018917889","0.0625"
"2018917889","2101526973","0.0625"
"2101526973","2018917889","0.0625"
"2018917889","2113245105","0.0625"
"2113245105","2018917889","0.0625"
"2018917889","2150267895","0.0625"
"2150267895","2018917889","0.0625"
"2018917889","2156093457","1.34821"
"2156093457","2018917889","1.34821"
"2018917889","2299592295","1.34821"
"2299592295","2018917889","1.34821"
"2018917889","2612832200","0.0625"
"2612832200","2018917889","0.0625"
"2077423506","2113245105","0.129167"
"2113245105","2077423506","0.129167"
"2077423506","2150267895","0.129167"
"2150267895","2077423506","0.129167"
"2077423506","2156093457","0.0625"
"2156093457","2077423506","0.0625"
"2077423506","2299592295","0.0625"
"2299592295","2077423506","0.0625"
"2077423506","2612832200","0.0625"
"2612832200","2077423506","0.0625"
"2100364148","2113245105","0.129167"
"2113245105","2100364148","0.129167"
"2100364148","2150267895","0.129167"
"2150267895","2100364148","0.129167"
"2100364148","2156093457","0.0625"
"2156093457","2100364148","0.0625"
"2100364148","2299592295","0.0625"
"2299592295","2100364148","0.0625"
"2100364148","2612832200","0.0625"
"2612832200","2100364148","0.0625"
"2101526973","2113245105","0.0625"
"2113245105","2101526973","0.0625"
"2101526973","2150267895","0.0625"
"2150267895","2101526973","0.0625"
"2101526973","2156093457","0.0625"
"2156093457","2101526973","0.0625"
"2101526973","2299592295","0.0625"
"2299592295","2101526973","0.0625"
"2101526973","2612832200","0.0625"
"2612832200","2101526973","0.0625"
"2113245105","2150267895","4.38869"
"2150267895","2113245105","4.38869"
"2113245105","2156093457","0.0625"
"2156093457","2113245105","0.0625"
"2113245105","2299592295","0.0625"
"2299592295","2113245105","0.0625"
"2113245105","2612832200","0.0625"
"2612832200","2113245105","0.0625"
"2150267895","2156093457","0.0625"
"2156093457","2150267895","0.0625"
"2150267895","2299592295","0.0625"
"2299592295","2150267895","0.0625"
"2150267895","2612832200","0.0625"
"2612832200","2150267895","0.0625"
"2156093457","2299592295","20.5982"
"2299592295","2156093457","20.5982"
"2156093457","2612832200","0.205357"
"2612832200","2156093457","0.205357"
"2299592295","2612832200","0.0625"
"2612832200","2299592295","0.0625"
"1482457887","198388987","0.642857"
"198388987","1482457887","0.642857"
"1482457887","2142918683","0.333333"
"2142918683","1482457887","0.333333"
"198388987","2142918683","0.333333"
"2142918683","198388987","0.333333"
"198388987","2232546060","1.30952"
"2232546060","198388987","1.30952"
"2142918683","2232546060","0.333333"
"2232546060","2142918683","0.333333"
"1482457887","1497161042","1"
"1497161042","1482457887","1"
"1482457887","1484368551","1.30952"
"1484368551","1482457887","1.30952"
"1483125709","1484368551","1.45238"
"1484368551","1483125709","1.45238"
"1483125709","198388987","0.309524"
"198388987","1483125709","0.309524"
"1483125709","2129178411","0.416667"
"2129178411","1483125709","0.416667"
"1484368551","1864878677","0.595238"
"1864878677","1484368551","0.595238"
"1484368551","198388987","1.78571"
"198388987","1484368551","1.78571"
"1484368551","2129178411","0.816667"
"2129178411","1484368551","0.816667"
"1484368551","2232546060","2.43571"
"2232546060","1484368551","2.43571"
"1864878677","198388987","0.309524"
"198388987","1864878677","0.309524"
"1864878677","2129178411","1.16667"
"2129178411","1864878677","1.16667"
"198388987","2129178411","0.5"
"2129178411","198388987","0.5"
"2101526973","2129178411","0.75"
"2129178411","2101526973","0.75"
"1482457887","628647563","0.142857"
"628647563","1482457887","0.142857"
"1483125709","628647563","0.142857"
"628647563","1483125709","0.142857"
"1977427206","2232546060","0.142857"
"2232546060","1977427206","0.142857"
"1977427206","628647563","0.142857"
"628647563","1977427206","0.142857"
"2005189412","628647563","0.142857"
"628647563","2005189412","0.142857"
"2077423506","628647563","0.142857"
"628647563","2077423506","0.142857"
"1482457887","1845982199","0.142857"
"1845982199","1482457887","0.142857"
"1482457887","2016855451","0.267857"
"2016855451","1482457887","0.267857"
"1482457887","583694926","0.142857"
"583694926","1482457887","0.142857"
"1484368551","1845982199","4.59524"
"1845982199","1484368551","4.59524"
"1484368551","2016855451","0.209524"
"2016855451","1484368551","0.209524"
"1484368551","583694926","2.45238"
"583694926","1484368551","2.45238"
"1845982199","1864878677","0.428571"
"1864878677","1845982199","0.428571"
"1845982199","198388987","0.809524"
"198388987","1845982199","0.809524"
"1845982199","2016855451","0.142857"
"2016855451","1845982199","0.142857"
"1845982199","2232546060","0.785714"
"2232546060","1845982199","0.785714"
"1845982199","583694926","6.20238"
"583694926","1845982199","6.20238"
"1864878677","583694926","0.285714"
"583694926","1864878677","0.285714"
"198388987","2016855451","0.142857"
"2016855451","198388987","0.142857"
"198388987","583694926","0.809524"
"583694926","198388987","0.809524"
"2016855451","583694926","0.142857"
"583694926","2016855451","0.142857"
"2232546060","583694926","0.785714"
"583694926","2232546060","0.785714"
"1482457887","1865753623","0.125"
"1865753623","1482457887","0.125"
"1482457887","1986133365","0.267857"
"1986133365","1482457887","0.267857"
"1482457887","33208237","0.125"
"33208237","1482457887","0.125"
"149796114","1865753623","0.125"
"1865753623","149796114","0.125"
"149796114","1986133365","0.191667"
"1986133365","149796114","0.191667"
"149796114","2016855451","0.191667"
"2016855451","149796114","0.191667"
"149796114","2232546060","0.691667"
"2232546060","149796114","0.691667"
"149796114","33208237","0.125"
"33208237","149796114","0.125"
"1864878677","1865753623","0.125"
"1865753623","1864878677","0.125"
"1864878677","1986133365","7.04167"
"1986133365","1864878677","7.04167"
"1864878677","33208237","1.29167"
"33208237","1864878677","1.29167"
"1865753623","1986133365","0.60119"
"1986133365","1865753623","0.60119"
"1865753623","2016855451","0.125"
"2016855451","1865753623","0.125"
"1865753623","2232546060","0.125"
"2232546060","1865753623","0.125"
"1865753623","2612832200","0.125"
"2612832200","1865753623","0.125"
"1865753623","33208237","1.45833"
"33208237","1865753623","1.45833"
"1986133365","2016855451","7.41786"
"2016855451","1986133365","7.41786"
"1986133365","2232546060","1.025"
"2232546060","1986133365","1.025"
"1986133365","2612832200","0.767857"
"2612832200","1986133365","0.767857"
"1986133365","33208237","0.767857"
"33208237","1986133365","0.767857"
"2016855451","2612832200","0.767857"
"2612832200","2016855451","0.767857"
"2016855451","33208237","1.26786"
"33208237","2016855451","1.26786"
"2232546060","2612832200","0.125"
"2612832200","2232546060","0.125"
"2232546060","33208237","0.125"
"33208237","2232546060","0.125"
"2612832200","33208237","0.267857"
"33208237","2612832200","0.267857"
"1482457887","1547522242","0.142857"
"1547522242","1482457887","0.142857"
"1482457887","2153235072","0.142857"
"2153235072","1482457887","0.142857"
"1482457887","57653493","0.142857"
"57653493","1482457887","0.142857"
"1547522242","1986133365","0.209524"
"1986133365","1547522242","0.209524"
"1547522242","2005189412","0.209524"
"2005189412","1547522242","0.209524"
"1547522242","2077423506","0.209524"
"2077423506","1547522242","0.209524"
"1547522242","2129178411","0.209524"
"2129178411","1547522242","0.209524"
"1547522242","2153235072","0.209524"
"2153235072","1547522242","0.209524"
"1547522242","57653493","0.209524"
"57653493","1547522242","0.209524"
"1986133365","2005189412","0.709524"
"2005189412","1986133365","0.709524"
"1986133365","2077423506","0.209524"
"2077423506","1986133365","0.209524"
"1986133365","2129178411","0.542857"
"2129178411","1986133365","0.542857"
"1986133365","2153235072","0.602381"
"2153235072","1986133365","0.602381"
"1986133365","57653493","0.792857"
"57653493","1986133365","0.792857"
"2005189412","2129178411","1.95952"
"2129178411","2005189412","1.95952"
"2005189412","2153235072","0.209524"
"2153235072","2005189412","0.209524"
"2005189412","57653493","0.542857"
"57653493","2005189412","0.542857"
"2077423506","2129178411","0.209524"
"2129178411","2077423506","0.209524"
"2077423506","2153235072","0.209524"
"2153235072","2077423506","0.209524"
"2077423506","57653493","0.209524"
"57653493","2077423506","0.209524"
"2129178411","2153235072","0.209524"
"2153235072","2129178411","0.209524"
"2129178411","57653493","0.209524"
"57653493","2129178411","0.209524"
"2153235072","57653493","0.209524"
"57653493","2153235072","0.209524"
"1483125709","1535628766","0.5"
"1535628766","1483125709","0.5"
"1535628766","2232546060","0.75"
"2232546060","1535628766","0.75"
"1483125709","1845982199","0.142857"
"1845982199","1483125709","0.142857"
"1483125709","2115516062","0.142857"
"2115516062","1483125709","0.142857"
"1484368551","149796114","0.209524"
"149796114","1484368551","0.209524"
"1484368551","2115516062","0.142857"
"2115516062","1484368551","0.142857"
"1484368551","2156093457","0.428571"
"2156093457","1484368551","0.428571"
"1484368551","2612832200","0.142857"
"2612832200","1484368551","0.142857"
"149796114","1845982199","0.142857"
"1845982199","149796114","0.142857"
"149796114","2115516062","1.14286"
"2115516062","149796114","1.14286"
"1845982199","2115516062","0.142857"
"2115516062","1845982199","0.142857"
"1845982199","2156093457","0.535714"
"2156093457","1845982199","0.535714"
"1845982199","2612832200","1.14286"
"2612832200","1845982199","1.14286"
"1864878677","2115516062","0.142857"
"2115516062","1864878677","0.142857"
"2115516062","2156093457","0.142857"
"2156093457","2115516062","0.142857"
"2115516062","2612832200","0.142857"
"2612832200","2115516062","0.142857"
"1483125709","2094558619","1"
"2094558619","1483125709","1"
"1483125709","1497161042","0.642857"
"1497161042","1483125709","0.642857"
"1484368551","1497161042","0.47619"
"1497161042","1484368551","0.47619"
"1484368551","2005189412","0.459524"
"2005189412","1484368551","0.459524"
"1484368551","2018917889","0.285714"
"2018917889","1484368551","0.285714"
"1484368551","2299592295","0.285714"
"2299592295","1484368551","0.285714"
"1497161042","198388987","0.142857"
"198388987","1497161042","0.142857"
"1497161042","2005189412","1.14286"
"2005189412","1497161042","1.14286"
"1497161042","2018917889","0.142857"
"2018917889","1497161042","0.142857"
"1497161042","2156093457","0.392857"
"2156093457","1497161042","0.392857"
"1497161042","2299592295","0.392857"
"2299592295","1497161042","0.392857"
"198388987","2005189412","0.142857"
"2005189412","198388987","0.142857"
"198388987","2018917889","0.142857"
"2018917889","198388987","0.142857"
"198388987","2156093457","0.142857"
"2156093457","198388987","0.142857"
"198388987","2299592295","0.142857"
"2299592295","198388987","0.142857"
"1483125709","1876280369","0.5"
"1876280369","1483125709","0.5"
"1876280369","2016855451","0.5"
"2016855451","1876280369","0.5"
"1483125709","2135865213","0.5"
"2135865213","1483125709","0.5"
"1497161042","2135865213","0.5"
"2135865213","1497161042","0.5"
"1484368551","2144580792","3"
"2144580792","1484368551","3"
"1484368551","1540995891","0.333333"
"1540995891","1484368551","0.333333"
"1540995891","198388987","0.333333"
"198388987","1540995891","0.333333"
"1540995891","2232546060","0.333333"
"2232546060","1540995891","0.333333"
"1484368551","1535628766","0.583333"
"1535628766","1484368551","0.583333"
"1535628766","2005189412","0.25"
"2005189412","1535628766","0.25"
"1535628766","2129178411","0.25"
"2129178411","1535628766","0.25"
"1845982199","2018917889","0.142857"
"2018917889","1845982199","0.142857"
"1845982199","2299592295","0.392857"
"2299592295","1845982199","0.392857"
"2018917889","583694926","0.142857"
"583694926","2018917889","0.142857"
"2156093457","2232546060","0.142857"
"2232546060","2156093457","0.142857"
"2156093457","583694926","0.392857"
"583694926","2156093457","0.392857"
"2232546060","2299592295","0.142857"
"2299592295","2232546060","0.142857"
"2299592295","583694926","0.392857"
"583694926","2299592295","0.392857"
"1484368551","1547522242","0.0666667"
"1547522242","1484368551","0.0666667"
"1484368551","1574188490","0.0666667"
"1574188490","1484368551","0.0666667"
"1484368551","1663454323","0.0666667"
"1663454323","1484368551","0.0666667"
"1484368551","1986133365","0.0666667"
"1986133365","1484368551","0.0666667"
"1484368551","2077423506","0.0666667"
"2077423506","1484368551","0.0666667"
"1484368551","2100364148","0.0666667"
"2100364148","1484368551","0.0666667"
"1484368551","2113245105","0.0666667"
"2113245105","1484368551","0.0666667"
"1484368551","2150267895","0.0666667"
"2150267895","1484368551","0.0666667"
"1484368551","2153235072","0.0666667"
"2153235072","1484368551","0.0666667"
"1484368551","57653493","0.0666667"
"57653493","1484368551","0.0666667"
"149796114","1547522242","0.0666667"
"1547522242","149796114","0.0666667"
"149796114","1663454323","0.0666667"
"1663454323","149796114","0.0666667"
"149796114","2129178411","0.0666667"
"2129178411","149796114","0.0666667"
"149796114","2153235072","0.0666667"
"2153235072","149796114","0.0666667"
"149796114","57653493","0.0666667"
"57653493","149796114","0.0666667"
"1547522242","1574188490","0.0666667"
"1574188490","1547522242","0.0666667"
"1547522242","1663454323","0.0666667"
"1663454323","1547522242","0.0666667"
"1547522242","2016855451","0.0666667"
"2016855451","1547522242","0.0666667"
"1547522242","2100364148","0.0666667"
"2100364148","1547522242","0.0666667"
"1547522242","2113245105","0.0666667"
"2113245105","1547522242","0.0666667"
"1547522242","2150267895","0.0666667"
"2150267895","1547522242","0.0666667"
"1547522242","2232546060","1.06667"
"2232546060","1547522242","1.06667"
"1574188490","1663454323","0.0666667"
"1663454323","1574188490","0.0666667"
"1574188490","1986133365","0.0666667"
"1986133365","1574188490","0.0666667"
"1574188490","2016855451","0.0666667"
"2016855451","1574188490","0.0666667"
"1574188490","2129178411","0.0666667"
"2129178411","1574188490","0.0666667"
"1574188490","2153235072","0.0666667"
"2153235072","1574188490","0.0666667"
"1574188490","2232546060","0.0666667"
"2232546060","1574188490","0.0666667"
"1574188490","57653493","0.0666667"
"57653493","1574188490","0.0666667"
"1663454323","1986133365","1.37619"
"1986133365","1663454323","1.37619"
"1663454323","2005189412","0.0666667"
"2005189412","1663454323","0.0666667"
"1663454323","2016855451","0.709524"
"2016855451","1663454323","0.709524"
"1663454323","2077423506","0.0666667"
"2077423506","1663454323","0.0666667"
"1663454323","2100364148","0.0666667"
"2100364148","1663454323","0.0666667"
"1663454323","2113245105","0.0666667"
"2113245105","1663454323","0.0666667"
"1663454323","2129178411","0.0666667"
"2129178411","1663454323","0.0666667"
"1663454323","2150267895","0.0666667"
"2150267895","1663454323","0.0666667"
"1663454323","2153235072","0.209524"
"2153235072","1663454323","0.209524"
"1663454323","2232546060","0.566667"
"2232546060","1663454323","0.566667"
"1663454323","57653493","0.266667"
"57653493","1663454323","0.266667"
"1986133365","2100364148","0.0666667"
"2100364148","1986133365","0.0666667"
"1986133365","2113245105","1.32619"
"2113245105","1986133365","1.32619"
"1986133365","2150267895","0.992857"
"2150267895","1986133365","0.992857"
"2016855451","2113245105","0.316667"
"2113245105","2016855451","0.316667"
"2016855451","2129178411","0.4"
"2129178411","2016855451","0.4"
"2016855451","2150267895","0.316667"
"2150267895","2016855451","0.316667"
"2016855451","2153235072","0.459524"
"2153235072","2016855451","0.459524"
"2016855451","57653493","0.4"
"57653493","2016855451","0.4"
"2100364148","2129178411","0.0666667"
"2129178411","2100364148","0.0666667"
"2100364148","2153235072","0.0666667"
"2153235072","2100364148","0.0666667"
"2100364148","57653493","0.0666667"
"57653493","2100364148","0.0666667"
"2113245105","2129178411","0.0666667"
"2129178411","2113245105","0.0666667"
"2113245105","2153235072","0.316667"
"2153235072","2113245105","0.316667"
"2113245105","2232546060","0.0666667"
"2232546060","2113245105","0.0666667"
"2113245105","57653493","0.733333"
"57653493","2113245105","0.733333"
"2129178411","2150267895","0.0666667"
"2150267895","2129178411","0.0666667"
"2150267895","2153235072","0.316667"
"2153235072","2150267895","0.316667"
"2150267895","2232546060","0.0666667"
"2232546060","2150267895","0.0666667"
"2150267895","57653493","0.4"
"57653493","2150267895","0.4"
"2153235072","2232546060","0.0666667"
"2232546060","2153235072","0.0666667"
"2232546060","57653493","0.0666667"
"57653493","2232546060","0.0666667"
"1484368551","2244133992","0.333333"
"2244133992","1484368551","0.333333"
"1497161042","1535628766","0.333333"
"1535628766","1497161042","0.333333"
"1497161042","2244133992","0.333333"
"2244133992","1497161042","0.333333"
"1535628766","2244133992","0.333333"
"2244133992","1535628766","0.333333"
"1497161042","1845982199","0.25"
"1845982199","1497161042","0.25"
"1497161042","583694926","0.25"
"583694926","1497161042","0.25"
"1497161042","149796114","0.5"
"149796114","1497161042","0.5"
"1497161042","2232546060","0.5"
"2232546060","1497161042","0.5"
"1497661813","2039529963","5.66667"
"2039529963","1497661813","5.66667"
"1497661813","57653493","11.75"
"57653493","1497661813","11.75"
"2039529963","57653493","2.66667"
"57653493","2039529963","2.66667"
"1497661813","2087962082","3.41667"
"2087962082","1497661813","3.41667"
"2087962082","57653493","2.41667"
"57653493","2087962082","2.41667"
"1497661813","1986133365","0.583333"
"1986133365","1497661813","0.583333"
"1497661813","2016855451","0.333333"
"2016855451","1497661813","0.333333"
"1497661813","2134743267","0.5"
"2134743267","1497661813","0.5"
"2134743267","57653493","1.03333"
"57653493","2134743267","1.03333"
"1497661813","1565813521","4"
"1565813521","1497661813","4"
"1497661813","1865753623","0.333333"
"1865753623","1497661813","0.333333"
"1497661813","2137620494","0.833333"
"2137620494","1497661813","0.833333"
"1865753623","2137620494","3.97619"
"2137620494","1865753623","3.97619"
"1865753623","57653493","0.333333"
"57653493","1865753623","0.333333"
"2137620494","57653493","0.333333"
"57653493","2137620494","0.333333"
"1565813521","2137620494","3"
"2137620494","1565813521","3"
"1497661813","1864878677","0.916667"
"1864878677","1497661813","0.916667"
"1864878677","2087962082","1.75"
"2087962082","1864878677","1.75"
"1864878677","57653493","0.916667"
"57653493","1864878677","0.916667"
"1986133365","2087962082","2.75"
"2087962082","1986133365","2.75"
"1565813521","57653493","0.7"
"57653493","1565813521","0.7"
"2039529963","2087962082","0.666667"
"2087962082","2039529963","0.666667"
"1497661813","2113245105","0.333333"
"2113245105","1497661813","0.333333"
"1497661813","2005189412","0.333333"
"2005189412","1497661813","0.333333"
"149796114","2244133992","0.5"
"2244133992","149796114","0.5"
"1864878677","2244133992","0.5"
"2244133992","1864878677","0.5"
"149796114","2087962082","1"
"2087962082","149796114","1"
"1498741478","2077423506","1"
"2077423506","1498741478","1"
"1512701659","2124150658","1"
"2124150658","1512701659","1"
"1512701659","1986133365","0.2"
"1986133365","1512701659","0.2"
"1512701659","2113245105","0.2"
"2113245105","1512701659","0.2"
"1512701659","2134743267","0.2"
"2134743267","1512701659","0.2"
"1512701659","2144728855","0.2"
"2144728855","1512701659","0.2"
"1512701659","2150267895","0.2"
"2150267895","1512701659","0.2"
"1986133365","2134743267","0.2"
"2134743267","1986133365","0.2"
"1986133365","2144728855","0.509524"
"2144728855","1986133365","0.509524"
"2113245105","2134743267","0.533333"
"2134743267","2113245105","0.533333"
"2113245105","2144728855","0.842857"
"2144728855","2113245105","0.842857"
"2134743267","2144728855","3.2"
"2144728855","2134743267","3.2"
"2134743267","2150267895","0.533333"
"2150267895","2134743267","0.533333"
"2144728855","2150267895","0.842857"
"2150267895","2144728855","0.842857"
"1524093244","2124150658","1"
"2124150658","1524093244","1"
"1538090366","1550968189","0.2"
"1550968189","1538090366","0.2"
"1538090366","2087962082","0.2"
"2087962082","1538090366","0.2"
"1538090366","2135865213","0.2"
"2135865213","1538090366","0.2"
"1538090366","628647563","0.2"
"628647563","1538090366","0.2"
"1538090366","797180589","0.842857"
"797180589","1538090366","0.842857"
"1550968189","2087962082","0.2"
"2087962082","1550968189","0.2"
"1550968189","2135865213","0.2"
"2135865213","1550968189","0.2"
"1550968189","797180589","0.2"
"797180589","1550968189","0.2"
"2087962082","2135865213","0.2"
"2135865213","2087962082","0.2"
"2087962082","628647563","0.2"
"628647563","2087962082","0.2"
"2087962082","797180589","0.2"
"797180589","2087962082","0.2"
"2135865213","628647563","0.2"
"628647563","2135865213","0.2"
"2135865213","797180589","0.2"
"797180589","2135865213","0.2"
"628647563","797180589","0.2"
"797180589","628647563","0.2"
"1538090366","1839283131","1"
"1839283131","1538090366","1"
"1538090366","1663454323","0.342857"
"1663454323","1538090366","0.342857"
"1538090366","1986133365","0.142857"
"1986133365","1538090366","0.142857"
"1538090366","2016855451","0.142857"
"2016855451","1538090366","0.142857"
"1538090366","2153235072","0.142857"
"2153235072","1538090366","0.142857"
"1538090366","2612832200","0.142857"
"2612832200","1538090366","0.142857"
"1538090366","33208237","0.142857"
"33208237","1538090366","0.142857"
"1663454323","2612832200","0.142857"
"2612832200","1663454323","0.142857"
"1663454323","33208237","2.64286"
"33208237","1663454323","2.64286"
"1663454323","797180589","0.47619"
"797180589","1663454323","0.47619"
"1986133365","797180589","0.142857"
"797180589","1986133365","0.142857"
"2016855451","797180589","0.47619"
"797180589","2016855451","0.47619"
"2153235072","2612832200","0.142857"
"2612832200","2153235072","0.142857"
"2153235072","33208237","0.142857"
"33208237","2153235072","0.142857"
"2153235072","797180589","1.14286"
"797180589","2153235072","1.14286"
"2612832200","797180589","0.142857"
"797180589","2612832200","0.142857"
"33208237","797180589","0.47619"
"797180589","33208237","0.47619"
"1538090366","2137620494","2"
"2137620494","1538090366","2"
"1538090366","1547522242","0.5"
"1547522242","1538090366","0.5"
"1547522242","797180589","1.5"
"797180589","1547522242","1.5"
"1538090366","1565813521","0.2"
"1565813521","1538090366","0.2"
"1538090366","2134743267","0.2"
"2134743267","1538090366","0.2"
"1538090366","2152579780","1.2"
"2152579780","1538090366","1.2"
"1538090366","57653493","0.2"
"57653493","1538090366","0.2"
"1565813521","1663454323","0.2"
"1663454323","1565813521","0.2"
"1565813521","2134743267","0.2"
"2134743267","1565813521","0.2"
"1565813521","2152579780","0.2"
"2152579780","1565813521","0.2"
"1663454323","2134743267","0.2"
"2134743267","1663454323","0.2"
"1663454323","2152579780","0.2"
"2152579780","1663454323","0.2"
"2134743267","2152579780","2.2"
"2152579780","2134743267","2.2"
"2152579780","57653493","0.2"
"57653493","2152579780","0.2"
"1543670547","2134743267","1"
"2134743267","1543670547","1"
"1543670547","797180589","2"
"797180589","1543670547","2"
"2134743267","797180589","1"
"797180589","2134743267","1"
"1543670547","2144728855","1"
"2144728855","1543670547","1"
"1543670547","2113245105","0.5"
"2113245105","1543670547","0.5"
"1543670547","2150267895","0.5"
"2150267895","1543670547","0.5"
"1547522242","1876280369","1"
"1876280369","1547522242","1"
"1550968189","1865753623","1.5"
"1865753623","1550968189","1.5"
"1865753623","2113245105","0.97619"
"2113245105","1865753623","0.97619"
"1550968189","1845982199","1"
"1845982199","1550968189","1"
"1565813521","2016855451","1"
"2016855451","1565813521","1"
"1565813521","1865753623","0.5"
"1865753623","1565813521","0.5"
"1663454323","2144728855","3.16667"
"2144728855","1663454323","3.16667"
"1663454323","1864878677","0.666667"
"1864878677","1663454323","0.666667"
"1663454323","2137620494","0.166667"
"2137620494","1663454323","0.166667"
"1864878677","2137620494","1.16667"
"2137620494","1864878677","1.16667"
"1864878677","2144728855","0.166667"
"2144728855","1864878677","0.166667"
"1986133365","2137620494","0.309524"
"2137620494","1986133365","0.309524"
"2016855451","2137620494","0.166667"
"2137620494","2016855451","0.166667"
"2016855451","2144728855","1.16667"
"2144728855","2016855451","1.16667"
"2137620494","2144728855","0.309524"
"2144728855","2137620494","0.309524"
"2137620494","33208237","0.166667"
"33208237","2137620494","0.166667"
"2144728855","33208237","0.166667"
"33208237","2144728855","0.166667"
"2156093457","33208237","0.5"
"33208237","2156093457","0.5"
"1864878677","2039361635","1"
"2039361635","1864878677","1"
"2113245105","33208237","1.33333"
"33208237","2113245105","1.33333"
"1865753623","2142918683","0.142857"
"2142918683","1865753623","0.142857"
"1865753623","2144728855","0.142857"
"2144728855","1865753623","0.142857"
"1865753623","2150267895","0.142857"
"2150267895","1865753623","0.142857"
"1865753623","2152579780","0.142857"
"2152579780","1865753623","0.142857"
"1986133365","2142918683","0.142857"
"2142918683","1986133365","0.142857"
"1986133365","2152579780","1.47619"
"2152579780","1986133365","1.47619"
"2113245105","2137620494","0.142857"
"2137620494","2113245105","0.142857"
"2113245105","2142918683","0.142857"
"2142918683","2113245105","0.142857"
"2113245105","2152579780","0.47619"
"2152579780","2113245105","0.47619"
"2137620494","2142918683","0.142857"
"2142918683","2137620494","0.142857"
"2137620494","2150267895","0.142857"
"2150267895","2137620494","0.142857"
"2137620494","2152579780","0.142857"
"2152579780","2137620494","0.142857"
"2142918683","2144728855","0.142857"
"2144728855","2142918683","0.142857"
"2142918683","2150267895","0.142857"
"2150267895","2142918683","0.142857"
"2142918683","2152579780","0.142857"
"2152579780","2142918683","0.142857"
"2144728855","2152579780","0.142857"
"2152579780","2144728855","0.142857"
"2150267895","2152579780","0.47619"
"2152579780","2150267895","0.47619"
"1876280369","2232546060","1"
"2232546060","1876280369","1"
"1876280369","2005189412","1"
"2005189412","1876280369","1"
"1986133365","1998358973","0.5"
"1998358973","1986133365","0.5"
"1998358973","2016855451","1.5"
"2016855451","1998358973","1.5"
"2005189412","2244133992","1"
"2244133992","2005189412","1"
"2016855451","2072668856","2"
"2072668856","2016855451","2"
"2016855451","2299592295","1"
"2299592295","2016855451","1"
"2037918268","2794416129","1"
"2794416129","2037918268","1"
"2039361635","2077682770","1"
"2077682770","2039361635","1"
"2039361635","2260362312","1"
"2260362312","2039361635","1"
"2077423506","2135865213","2.5"
"2135865213","2077423506","2.5"
"2100364148","2135865213","0.5"
"2135865213","2100364148","0.5"
"2077682770","2260362312","6"
"2260362312","2077682770","6"
"2101526973","2244133992","1"
"2244133992","2101526973","1"
"2134743267","2137620494","1"
"2137620494","2134743267","1"
"2134743267","2135865213","1"
"2135865213","2134743267","1"
"2134743267","33208237","1"
"33208237","2134743267","1"
"2135865213","2244133992","1"
"2244133992","2135865213","1"
"2144728855","2232546060","1"
"2232546060","2144728855","1"
"2244133992","797180589","1"
"797180589","2244133992","1"
