"1525328468","1553932545","0.299145"
"1553932545","1525328468","0.299145"
"1525328468","1752487527","0.188034"
"1752487527","1525328468","0.188034"
"1525328468","1921099159","0.632479"
"1921099159","1525328468","0.632479"
"1525328468","2023532412","0.222222"
"2023532412","1525328468","0.222222"
"1525328468","2089444893","0.299145"
"2089444893","1525328468","0.299145"
"1525328468","2123039900","0.632479"
"2123039900","1525328468","0.632479"
"1525328468","2125652256","0.299145"
"2125652256","1525328468","0.299145"
"1525328468","2152955343","0.299145"
"2152955343","1525328468","0.299145"
"1525328468","2165708653","0.521368"
"2165708653","1525328468","0.521368"
"1553932545","1752487527","0.424145"
"1752487527","1553932545","0.424145"
"1553932545","1921099159","1.03526"
"1921099159","1553932545","1.03526"
"1553932545","2023532412","0.444444"
"2023532412","1553932545","0.444444"
"1553932545","2089444893","1.14637"
"2089444893","1553932545","1.14637"
"1553932545","2123039900","0.813034"
"2123039900","1553932545","0.813034"
"1553932545","2125652256","4.2297"
"2125652256","1553932545","4.2297"
"1553932545","2152955343","2.9797"
"2152955343","1553932545","2.9797"
"1553932545","2165708653","0.701923"
"2165708653","1553932545","0.701923"
"1752487527","1921099159","6.29081"
"1921099159","1752487527","6.29081"
"1752487527","2023532412","0.222222"
"2023532412","1752487527","0.222222"
"1752487527","2089444893","0.624145"
"2089444893","1752487527","0.624145"
"1752487527","2123039900","7.29081"
"2123039900","1752487527","7.29081"
"1752487527","2125652256","0.424145"
"2125652256","1752487527","0.424145"
"1752487527","2152955343","0.424145"
"2152955343","1752487527","0.424145"
"1752487527","2165708653","3.79081"
"2165708653","1752487527","3.79081"
"1921099159","2023532412","1.16667"
"2023532412","1921099159","1.16667"
"1921099159","2089444893","2.31859"
"2089444893","1921099159","2.31859"
"1921099159","2123039900","11.1519"
"2123039900","1921099159","11.1519"
"1921099159","2125652256","1.61859"
"2125652256","1921099159","1.61859"
"1921099159","2152955343","1.78526"
"2152955343","1921099159","1.78526"
"1921099159","2165708653","8.29081"
"2165708653","1921099159","8.29081"
"2023532412","2089444893","0.444444"
"2089444893","2023532412","0.444444"
"2023532412","2123039900","0.444444"
"2123039900","2023532412","0.444444"
"2023532412","2125652256","0.444444"
"2125652256","2023532412","0.444444"
"2023532412","2152955343","0.444444"
"2152955343","2023532412","0.444444"
"2023532412","2165708653","0.833333"
"2165708653","2023532412","0.833333"
"2089444893","2123039900","1.09637"
"2123039900","2089444893","1.09637"
"2089444893","2125652256","1.2297"
"2125652256","2089444893","1.2297"
"2089444893","2152955343","0.896368"
"2152955343","2089444893","0.896368"
"2089444893","2165708653","0.735256"
"2165708653","2089444893","0.735256"
"2123039900","2125652256","2.56303"
"2125652256","2123039900","2.56303"
"2123039900","2152955343","1.06303"
"2152955343","2123039900","1.06303"
"2123039900","2165708653","5.90192"
"2165708653","2123039900","5.90192"
"2125652256","2152955343","2.2297"
"2152955343","2125652256","2.2297"
"2125652256","2165708653","0.701923"
"2165708653","2125652256","0.701923"
"2152955343","2165708653","0.701923"
"2165708653","2152955343","0.701923"
"1525328468","2007359506","0.188034"
"2007359506","1525328468","0.188034"
"1525328468","764472935","0.188034"
"764472935","1525328468","0.188034"
"1553932545","2007359506","0.549145"
"2007359506","1553932545","0.549145"
"1553932545","764472935","0.549145"
"764472935","1553932545","0.549145"
"1921099159","2007359506","0.521368"
"2007359506","1921099159","0.521368"
"1921099159","764472935","0.521368"
"764472935","1921099159","0.521368"
"2007359506","2023532412","0.888889"
"2023532412","2007359506","0.888889"
"2007359506","2089444893","0.299145"
"2089444893","2007359506","0.299145"
"2007359506","2123039900","0.799145"
"2123039900","2007359506","0.799145"
"2007359506","2125652256","0.882479"
"2125652256","2007359506","0.882479"
"2007359506","2152955343","0.299145"
"2152955343","2007359506","0.299145"
"2007359506","764472935","5.88248"
"764472935","2007359506","5.88248"
"2023532412","764472935","0.888889"
"764472935","2023532412","0.888889"
"2089444893","764472935","0.299145"
"764472935","2089444893","0.299145"
"2123039900","764472935","0.799145"
"764472935","2123039900","0.799145"
"2125652256","764472935","0.882479"
"764472935","2125652256","0.882479"
"2152955343","764472935","0.299145"
"764472935","2152955343","0.299145"
"1525328468","2071935445","0.0769231"
"2071935445","1525328468","0.0769231"
"1525328468","2134111744","0.0769231"
"2134111744","1525328468","0.0769231"
"1525328468","2141540322","0.0769231"
"2141540322","1525328468","0.0769231"
"1553932545","2071935445","0.576923"
"2071935445","1553932545","0.576923"
"1553932545","2134111744","1.17415"
"2134111744","1553932545","1.17415"
"1553932545","2141540322","0.0769231"
"2141540322","1553932545","0.0769231"
"1752487527","2007359506","0.0769231"
"2007359506","1752487527","0.0769231"
"1752487527","2071935445","0.0769231"
"2071935445","1752487527","0.0769231"
"1752487527","2134111744","1.01303"
"2134111744","1752487527","1.01303"
"1752487527","2141540322","0.0769231"
"2141540322","1752487527","0.0769231"
"1752487527","764472935","0.0769231"
"764472935","1752487527","0.0769231"
"1921099159","2071935445","0.0769231"
"2071935445","1921099159","0.0769231"
"1921099159","2134111744","4.51303"
"2134111744","1921099159","4.51303"
"1921099159","2141540322","0.0769231"
"2141540322","1921099159","0.0769231"
"2007359506","2071935445","0.74359"
"2071935445","2007359506","0.74359"
"2007359506","2134111744","2.6047"
"2134111744","2007359506","2.6047"
"2007359506","2141540322","0.0769231"
"2141540322","2007359506","0.0769231"
"2007359506","2165708653","0.188034"
"2165708653","2007359506","0.188034"
"2071935445","2089444893","0.576923"
"2089444893","2071935445","0.576923"
"2071935445","2123039900","0.0769231"
"2123039900","2071935445","0.0769231"
"2071935445","2125652256","0.0769231"
"2125652256","2071935445","0.0769231"
"2071935445","2134111744","1.41026"
"2134111744","2071935445","1.41026"
"2071935445","2141540322","0.0769231"
"2141540322","2071935445","0.0769231"
"2071935445","2152955343","0.0769231"
"2152955343","2071935445","0.0769231"
"2071935445","2165708653","0.0769231"
"2165708653","2071935445","0.0769231"
"2071935445","764472935","0.74359"
"764472935","2071935445","0.74359"
"2089444893","2134111744","1.95748"
"2134111744","2089444893","1.95748"
"2089444893","2141540322","0.0769231"
"2141540322","2089444893","0.0769231"
"2123039900","2134111744","3.29081"
"2134111744","2123039900","3.29081"
"2123039900","2141540322","0.0769231"
"2141540322","2123039900","0.0769231"
"2125652256","2134111744","2.34081"
"2134111744","2125652256","2.34081"
"2125652256","2141540322","0.0769231"
"2141540322","2125652256","0.0769231"
"2134111744","2141540322","0.0769231"
"2141540322","2134111744","0.0769231"
"2134111744","2152955343","1.42415"
"2152955343","2134111744","1.42415"
"2134111744","2165708653","1.29081"
"2165708653","2134111744","1.29081"
"2134111744","764472935","1.6047"
"764472935","2134111744","1.6047"
"2141540322","2152955343","0.0769231"
"2152955343","2141540322","0.0769231"
"2141540322","2165708653","0.0769231"
"2165708653","2141540322","0.0769231"
"2141540322","764472935","0.0769231"
"764472935","2141540322","0.0769231"
"2165708653","764472935","0.188034"
"764472935","2165708653","0.188034"
"2023532412","2134111744","0.222222"
"2134111744","2023532412","0.222222"
"1921099159","2032562812","1"
"2032562812","1921099159","1"
"2023532412","2071935445","0.333333"
"2071935445","2023532412","0.333333"
"2098742975","2141540322","1"
"2141540322","2098742975","1"
