"14173933","1494545093","0.666667"
"1494545093","14173933","0.666667"
"14173933","192554629","2.33333"
"192554629","14173933","2.33333"
"14173933","2338208556","1"
"2338208556","14173933","1"
"1494545093","192554629","0.666667"
"192554629","1494545093","0.666667"
"1494545093","2338208556","1.75"
"2338208556","1494545093","1.75"
"192554629","2338208556","1"
"2338208556","192554629","1"
"14173933","1987229984","0.5"
"1987229984","14173933","0.5"
"1494545093","1987229984","0.666667"
"1987229984","1494545093","0.666667"
"192554629","1987229984","3.08333"
"1987229984","192554629","3.08333"
"14173933","1514245840","0.166667"
"1514245840","14173933","0.166667"
"14173933","1593521562","0.166667"
"1593521562","14173933","0.166667"
"14173933","1779369504","0.166667"
"1779369504","14173933","0.166667"
"1514245840","1593521562","1.25"
"1593521562","1514245840","1.25"
"1514245840","1779369504","0.166667"
"1779369504","1514245840","0.166667"
"1514245840","192554629","0.166667"
"192554629","1514245840","0.166667"
"1514245840","1987229984","3.25"
"1987229984","1514245840","3.25"
"1514245840","2338208556","0.416667"
"2338208556","1514245840","0.416667"
"1593521562","1779369504","0.5"
"1779369504","1593521562","0.5"
"1593521562","192554629","0.5"
"192554629","1593521562","0.5"
"1593521562","1987229984","5.41667"
"1987229984","1593521562","5.41667"
"1593521562","2338208556","0.416667"
"2338208556","1593521562","0.416667"
"1779369504","192554629","0.75"
"192554629","1779369504","0.75"
"1779369504","1987229984","2.08333"
"1987229984","1779369504","2.08333"
"1779369504","2338208556","0.5"
"2338208556","1779369504","0.5"
"1987229984","2338208556","1.75"
"2338208556","1987229984","1.75"
"1494545093","1517724544","11.75"
"1517724544","1494545093","11.75"
"1494545093","1593521562","0.333333"
"1593521562","1494545093","0.333333"
"1517724544","1593521562","0.333333"
"1593521562","1517724544","0.333333"
"1517724544","1987229984","0.333333"
"1987229984","1517724544","0.333333"
"1517724544","2338208556","1.41667"
"2338208556","1517724544","1.41667"
"1494545093","2023685874","1"
"2023685874","1494545093","1"
"1494545093","2029020206","0.416667"
"2029020206","1494545093","0.416667"
"1494545093","29292192","0.416667"
"29292192","1494545093","0.416667"
"1517724544","2029020206","0.416667"
"2029020206","1517724544","0.416667"
"1517724544","29292192","0.416667"
"29292192","1517724544","0.416667"
"2029020206","2338208556","0.416667"
"2338208556","2029020206","0.416667"
"2029020206","29292192","5.67424"
"29292192","2029020206","5.67424"
"2338208556","29292192","0.416667"
"29292192","2338208556","0.416667"
"1494545093","1955933506","0.166667"
"1955933506","1494545093","0.166667"
"1494545093","1989549339","0.166667"
"1989549339","1494545093","0.166667"
"1517724544","1955933506","0.166667"
"1955933506","1517724544","0.166667"
"1517724544","1989549339","0.166667"
"1989549339","1517724544","0.166667"
"1955933506","1989549339","0.166667"
"1989549339","1955933506","0.166667"
"1955933506","2029020206","0.166667"
"2029020206","1955933506","0.166667"
"1955933506","2338208556","1.5"
"2338208556","1955933506","1.5"
"1955933506","29292192","0.166667"
"29292192","1955933506","0.166667"
"1989549339","2029020206","0.166667"
"2029020206","1989549339","0.166667"
"1989549339","2338208556","0.166667"
"2338208556","1989549339","0.166667"
"1989549339","29292192","0.166667"
"29292192","1989549339","0.166667"
"1494545093","1982678125","0.333333"
"1982678125","1494545093","0.333333"
"1494545093","2007484865","0.333333"
"2007484865","1494545093","0.333333"
"1494545093","2008263938","0.333333"
"2008263938","1494545093","0.333333"
"1982678125","2007484865","0.333333"
"2007484865","1982678125","0.333333"
"1982678125","2008263938","0.5"
"2008263938","1982678125","0.5"
"2007484865","2008263938","7.41991"
"2008263938","2007484865","7.41991"
"1514245840","25045882","0.333333"
"25045882","1514245840","0.333333"
"1593521562","25045882","0.333333"
"25045882","1593521562","0.333333"
"1987229984","25045882","1.33333"
"25045882","1987229984","1.33333"
"1514245840","1521627794","0.25"
"1521627794","1514245840","0.25"
"1521627794","1593521562","0.75"
"1593521562","1521627794","0.75"
"1521627794","1987229984","1"
"1987229984","1521627794","1"
"1521627794","2338208556","0.25"
"2338208556","1521627794","0.25"
"1521627794","192554629","1.25"
"192554629","1521627794","1.25"
"1521627794","1779369504","0.25"
"1779369504","1521627794","0.25"
"1521627794","201162831","0.25"
"201162831","1521627794","0.25"
"1779369504","201162831","0.25"
"201162831","1779369504","0.25"
"192554629","201162831","0.25"
"201162831","192554629","0.25"
"1987229984","201162831","0.25"
"201162831","1987229984","0.25"
"1593521562","201162831","0.5"
"201162831","1593521562","0.5"
"1593521562","2166331011","0.5"
"2166331011","1593521562","0.5"
"201162831","2166331011","3.85801"
"2166331011","201162831","3.85801"
"1601923406","1993223663","0.162338"
"1993223663","1601923406","0.162338"
"1601923406","2005941864","0.233766"
"2005941864","1601923406","0.233766"
"1601923406","2007484865","0.805195"
"2007484865","1601923406","0.805195"
"1601923406","2008263938","0.662338"
"2008263938","1601923406","0.662338"
"1601923406","201162831","0.495671"
"201162831","1601923406","0.495671"
"1601923406","2029020206","0.0909091"
"2029020206","1601923406","0.0909091"
"1601923406","209121848","0.162338"
"209121848","1601923406","0.162338"
"1601923406","2101481793","0.162338"
"2101481793","1601923406","0.162338"
"1601923406","2163529501","0.305195"
"2163529501","1601923406","0.305195"
"1601923406","2166331011","2.5671"
"2166331011","1601923406","2.5671"
"1601923406","29292192","0.0909091"
"29292192","1601923406","0.0909091"
"1993223663","2005941864","0.0909091"
"2005941864","1993223663","0.0909091"
"1993223663","2007484865","0.58658"
"2007484865","1993223663","0.58658"
"1993223663","2008263938","1.16991"
"2008263938","1993223663","1.16991"
"1993223663","201162831","0.83658"
"201162831","1993223663","0.83658"
"1993223663","2029020206","0.257576"
"2029020206","1993223663","0.257576"
"1993223663","209121848","0.162338"
"209121848","1993223663","0.162338"
"1993223663","2101481793","0.162338"
"2101481793","1993223663","0.162338"
"1993223663","2163529501","1.91991"
"2163529501","1993223663","1.91991"
"1993223663","2166331011","1.68182"
"2166331011","1993223663","1.68182"
"1993223663","29292192","0.0909091"
"29292192","1993223663","0.0909091"
"2005941864","2007484865","0.233766"
"2007484865","2005941864","0.233766"
"2005941864","2008263938","0.0909091"
"2008263938","2005941864","0.0909091"
"2005941864","201162831","0.0909091"
"201162831","2005941864","0.0909091"
"2005941864","2029020206","0.0909091"
"2029020206","2005941864","0.0909091"
"2005941864","209121848","0.0909091"
"209121848","2005941864","0.0909091"
"2005941864","2101481793","0.0909091"
"2101481793","2005941864","0.0909091"
"2005941864","2163529501","0.233766"
"2163529501","2005941864","0.233766"
"2005941864","2166331011","1.23377"
"2166331011","2005941864","1.23377"
"2005941864","29292192","0.0909091"
"29292192","2005941864","0.0909091"
"2007484865","201162831","1.08658"
"201162831","2007484865","1.08658"
"2007484865","2029020206","0.0909091"
"2029020206","2007484865","0.0909091"
"2007484865","209121848","0.162338"
"209121848","2007484865","0.162338"
"2007484865","2101481793","0.162338"
"2101481793","2007484865","0.162338"
"2007484865","2163529501","0.729437"
"2163529501","2007484865","0.729437"
"2007484865","2166331011","1.32468"
"2166331011","2007484865","1.32468"
"2007484865","29292192","0.0909091"
"29292192","2007484865","0.0909091"
"2008263938","201162831","1.83658"
"201162831","2008263938","1.83658"
"2008263938","2029020206","0.0909091"
"2029020206","2008263938","0.0909091"
"2008263938","209121848","0.162338"
"209121848","2008263938","0.162338"
"2008263938","2101481793","0.162338"
"2101481793","2008263938","0.162338"
"2008263938","2163529501","0.58658"
"2163529501","2008263938","0.58658"
"2008263938","2166331011","1.68182"
"2166331011","2008263938","1.68182"
"2008263938","29292192","0.0909091"
"29292192","2008263938","0.0909091"
"201162831","2029020206","1.2171"
"2029020206","201162831","1.2171"
"201162831","209121848","0.362338"
"209121848","201162831","0.362338"
"201162831","2101481793","1.279"
"2101481793","201162831","1.279"
"201162831","2163529501","0.253247"
"2163529501","201162831","0.253247"
"201162831","29292192","0.257576"
"29292192","201162831","0.257576"
"2029020206","209121848","0.290909"
"209121848","2029020206","0.290909"
"2029020206","2101481793","0.874242"
"2101481793","2029020206","0.874242"
"2029020206","2163529501","0.257576"
"2163529501","2029020206","0.257576"
"2029020206","2166331011","0.933766"
"2166331011","2029020206","0.933766"
"209121848","2101481793","2.19567"
"2101481793","209121848","2.19567"
"209121848","2163529501","0.162338"
"2163529501","209121848","0.162338"
"209121848","2166331011","0.0909091"
"2166331011","209121848","0.0909091"
"209121848","29292192","0.0909091"
"29292192","209121848","0.0909091"
"2101481793","2163529501","0.162338"
"2163529501","2101481793","0.162338"
"2101481793","2166331011","0.757576"
"2166331011","2101481793","0.757576"
"2101481793","29292192","0.257576"
"29292192","2101481793","0.257576"
"2163529501","2166331011","1.65801"
"2166331011","2163529501","1.65801"
"2163529501","29292192","0.0909091"
"29292192","2163529501","0.0909091"
"2166331011","29292192","0.257576"
"29292192","2166331011","0.257576"
"1601923406","2008574697","0.333333"
"2008574697","1601923406","0.333333"
"2008574697","201162831","1.42424"
"201162831","2008574697","1.42424"
"2008574697","2166331011","0.957576"
"2166331011","2008574697","0.957576"
"1601923406","1995900112","0.214286"
"1995900112","1601923406","0.214286"
"1601923406","2147246997","0.214286"
"2147246997","1601923406","0.214286"
"1601923406","2161670288","1.21429"
"2161670288","1601923406","1.21429"
"1995900112","2005941864","0.142857"
"2005941864","1995900112","0.142857"
"1995900112","2007484865","0.638528"
"2007484865","1995900112","0.638528"
"1995900112","2147246997","0.505195"
"2147246997","1995900112","0.505195"
"1995900112","2161670288","1.02381"
"2161670288","1995900112","1.02381"
"1995900112","2163529501","0.805195"
"2163529501","1995900112","0.805195"
"1995900112","2166331011","1.24329"
"2166331011","1995900112","1.24329"
"2005941864","2147246997","0.142857"
"2147246997","2005941864","0.142857"
"2005941864","2161670288","0.142857"
"2161670288","2005941864","0.142857"
"2007484865","2147246997","0.638528"
"2147246997","2007484865","0.638528"
"2007484865","2161670288","0.214286"
"2161670288","2007484865","0.214286"
"2147246997","2161670288","0.214286"
"2161670288","2147246997","0.214286"
"2147246997","2163529501","0.305195"
"2163529501","2147246997","0.305195"
"2147246997","2166331011","0.433766"
"2166331011","2147246997","0.433766"
"2161670288","2163529501","0.380952"
"2163529501","2161670288","0.380952"
"2161670288","2166331011","1.45238"
"2166331011","2161670288","1.45238"
"1601923406","1980548050","0.0714286"
"1980548050","1601923406","0.0714286"
"1601923406","1982654818","0.0714286"
"1982654818","1601923406","0.0714286"
"1601923406","2056176153","0.0714286"
"2056176153","1601923406","0.0714286"
"1601923406","2091025452","0.0714286"
"2091025452","1601923406","0.0714286"
"1980548050","1982654818","0.238095"
"1982654818","1980548050","0.238095"
"1980548050","1993223663","0.238095"
"1993223663","1980548050","0.238095"
"1980548050","1995900112","0.380952"
"1995900112","1980548050","0.380952"
"1980548050","2007484865","0.0714286"
"2007484865","1980548050","0.0714286"
"1980548050","2008263938","0.0714286"
"2008263938","1980548050","0.0714286"
"1980548050","201162831","1.19762"
"201162831","1980548050","1.19762"
"1980548050","2056176153","0.547619"
"2056176153","1980548050","0.547619"
"1980548050","2091025452","0.438095"
"2091025452","1980548050","0.438095"
"1980548050","209121848","0.271429"
"209121848","1980548050","0.271429"
"1980548050","2101481793","0.854762"
"2101481793","1980548050","0.854762"
"1980548050","2147246997","0.0714286"
"2147246997","1980548050","0.0714286"
"1980548050","2161670288","1.21429"
"2161670288","1980548050","1.21429"
"1980548050","2163529501","0.238095"
"2163529501","1980548050","0.238095"
"1982654818","1993223663","0.579004"
"1993223663","1982654818","0.579004"
"1982654818","1995900112","0.329004"
"1995900112","1982654818","0.329004"
"1982654818","2007484865","0.162338"
"2007484865","1982654818","0.162338"
"1982654818","2008263938","0.412338"
"2008263938","1982654818","0.412338"
"1982654818","201162831","0.745671"
"201162831","1982654818","0.745671"
"1982654818","2056176153","0.329004"
"2056176153","1982654818","0.329004"
"1982654818","2091025452","0.0714286"
"2091025452","1982654818","0.0714286"
"1982654818","209121848","0.0714286"
"209121848","1982654818","0.0714286"
"1982654818","2101481793","0.404762"
"2101481793","1982654818","0.404762"
"1982654818","2147246997","0.162338"
"2147246997","1982654818","0.162338"
"1982654818","2161670288","0.0714286"
"2161670288","1982654818","0.0714286"
"1982654818","2163529501","0.329004"
"2163529501","1982654818","0.329004"
"1993223663","1995900112","0.495671"
"1995900112","1993223663","0.495671"
"1993223663","2056176153","0.495671"
"2056176153","1993223663","0.495671"
"1993223663","2091025452","0.0714286"
"2091025452","1993223663","0.0714286"
"1993223663","2147246997","0.162338"
"2147246997","1993223663","0.162338"
"1993223663","2161670288","0.0714286"
"2161670288","1993223663","0.0714286"
"1995900112","2008263938","0.495671"
"2008263938","1995900112","0.495671"
"1995900112","201162831","0.888528"
"201162831","1995900112","0.888528"
"1995900112","2056176153","3.30519"
"2056176153","1995900112","3.30519"
"1995900112","2091025452","0.271429"
"2091025452","1995900112","0.271429"
"1995900112","209121848","1.57143"
"209121848","1995900112","1.57143"
"1995900112","2101481793","0.571429"
"2101481793","1995900112","0.571429"
"2007484865","2056176153","0.495671"
"2056176153","2007484865","0.495671"
"2007484865","2091025452","0.0714286"
"2091025452","2007484865","0.0714286"
"2008263938","2056176153","0.495671"
"2056176153","2008263938","0.495671"
"2008263938","2091025452","0.0714286"
"2091025452","2008263938","0.0714286"
"2008263938","2147246997","0.495671"
"2147246997","2008263938","0.495671"
"2008263938","2161670288","0.0714286"
"2161670288","2008263938","0.0714286"
"201162831","2056176153","1.05519"
"2056176153","201162831","1.05519"
"201162831","2091025452","0.438095"
"2091025452","201162831","0.438095"
"201162831","2147246997","0.495671"
"2147246997","201162831","0.495671"
"201162831","2161670288","0.214286"
"2161670288","201162831","0.214286"
"2056176153","2091025452","0.0714286"
"2091025452","2056176153","0.0714286"
"2056176153","209121848","0.0714286"
"209121848","2056176153","0.0714286"
"2056176153","2101481793","0.238095"
"2101481793","2056176153","0.238095"
"2056176153","2147246997","0.162338"
"2147246997","2056176153","0.162338"
"2056176153","2161670288","0.714286"
"2161670288","2056176153","0.714286"
"2056176153","2163529501","0.662338"
"2163529501","2056176153","0.662338"
"2091025452","209121848","0.404762"
"209121848","2091025452","0.404762"
"2091025452","2101481793","0.571429"
"2101481793","2091025452","0.571429"
"2091025452","2147246997","0.271429"
"2147246997","2091025452","0.271429"
"2091025452","2161670288","0.0714286"
"2161670288","2091025452","0.0714286"
"2091025452","2163529501","0.0714286"
"2163529501","2091025452","0.0714286"
"209121848","2147246997","0.0714286"
"2147246997","209121848","0.0714286"
"209121848","2161670288","0.0714286"
"2161670288","209121848","0.0714286"
"2101481793","2147246997","0.0714286"
"2147246997","2101481793","0.0714286"
"2101481793","2161670288","0.0714286"
"2161670288","2101481793","0.0714286"
"1779369504","1955933506","0.333333"
"1955933506","1779369504","0.333333"
"1955933506","1987229984","0.333333"
"1987229984","1955933506","0.333333"
"1955933506","25045882","1.33333"
"25045882","1955933506","1.33333"
"1955933506","2008574697","1"
"2008574697","1955933506","1"
"1955933506","201162831","0.5"
"201162831","1955933506","0.5"
"2008574697","25045882","7.45758"
"25045882","2008574697","7.45758"
"201162831","25045882","0.674242"
"25045882","201162831","0.674242"
"1955933506","1982678125","0.5"
"1982678125","1955933506","0.5"
"1955933506","2008263938","0.166667"
"2008263938","1955933506","0.166667"
"1955933506","2141533721","0.5"
"2141533721","1955933506","0.5"
"1955933506","2166331011","0.166667"
"2166331011","1955933506","0.166667"
"1982678125","2008574697","0.416667"
"2008574697","1982678125","0.416667"
"1982678125","201162831","0.166667"
"201162831","1982678125","0.166667"
"1982678125","2141533721","2"
"2141533721","1982678125","2"
"1982678125","2166331011","1.16667"
"2166331011","1982678125","1.16667"
"2008263938","2008574697","0.840909"
"2008574697","2008263938","0.840909"
"2008263938","2141533721","0.166667"
"2141533721","2008263938","0.166667"
"2008574697","2141533721","0.166667"
"2141533721","2008574697","0.166667"
"201162831","2141533721","0.166667"
"2141533721","201162831","0.166667"
"2141533721","2166331011","0.166667"
"2166331011","2141533721","0.166667"
"1955933506","2023685874","0.333333"
"2023685874","1955933506","0.333333"
"1982678125","2023685874","6.83333"
"2023685874","1982678125","6.83333"
"2023685874","2141533721","0.833333"
"2141533721","2023685874","0.833333"
"1955933506","1995900112","0.5"
"1995900112","1955933506","0.5"
"1995900112","2008574697","1.95758"
"2008574697","1995900112","1.95758"
"1956744825","1995900112","2.33333"
"1995900112","1956744825","2.33333"
"1956744825","209121848","0.5"
"209121848","1956744825","0.5"
"1956744825","2101481793","0.5"
"2101481793","1956744825","0.5"
"1956744825","2105103781","0.25"
"2105103781","1956744825","0.25"
"1995900112","2105103781","0.25"
"2105103781","1995900112","0.25"
"209121848","2105103781","0.25"
"2105103781","209121848","0.25"
"2101481793","2105103781","0.25"
"2105103781","2101481793","0.25"
"1956744825","1980061337","1.08333"
"1980061337","1956744825","1.08333"
"1956744825","2056176153","0.833333"
"2056176153","1956744825","0.833333"
"1980061337","1995900112","2.39286"
"1995900112","1980061337","2.39286"
"1980061337","2056176153","2.14286"
"2056176153","1980061337","2.14286"
"1980061337","209121848","0.783333"
"209121848","1980061337","0.783333"
"1980061337","2101481793","1.2"
"2101481793","1980061337","1.2"
"1956744825","2161670288","0.5"
"2161670288","1956744825","0.5"
"1980061337","1980548050","1.95952"
"1980548050","1980061337","1.95952"
"1980061337","201162831","0.959524"
"201162831","1980061337","0.959524"
"1980061337","2029020206","1.12619"
"2029020206","1980061337","1.12619"
"1980548050","2029020206","1.12619"
"2029020206","1980548050","1.12619"
"1980061337","1987229984","1.33333"
"1987229984","1980061337","1.33333"
"1980061337","2008574697","0.333333"
"2008574697","1980061337","0.333333"
"1980061337","2161670288","0.809524"
"2161670288","1980061337","0.809524"
"1980061337","25045882","0.333333"
"25045882","1980061337","0.333333"
"2008574697","2161670288","0.5"
"2161670288","2008574697","0.5"
"2161670288","25045882","0.5"
"25045882","2161670288","0.5"
"1980061337","2091025452","0.533333"
"2091025452","1980061337","0.533333"
"1980061337","2166331011","0.67619"
"2166331011","1980061337","0.67619"
"1980548050","2166331011","1.67619"
"2166331011","1980548050","1.67619"
"2029020206","2056176153","0.47619"
"2056176153","2029020206","0.47619"
"2056176153","2166331011","1.0671"
"2166331011","2056176153","1.0671"
"2029020206","2091025452","0.366667"
"2091025452","2029020206","0.366667"
"2091025452","2166331011","2.9"
"2166331011","2091025452","2.9"
"1980061337","1993223663","0.166667"
"1993223663","1980061337","0.166667"
"1980061337","2163529501","0.166667"
"2163529501","1980061337","0.166667"
"1995900112","2029020206","0.309524"
"2029020206","1995900112","0.309524"
"1987229984","2056176153","0.333333"
"2056176153","1987229984","0.333333"
"1987229984","2161670288","0.333333"
"2161670288","1987229984","0.333333"
"2029020206","2161670288","0.142857"
"2161670288","2029020206","0.142857"
"1980548050","29292192","0.166667"
"29292192","1980548050","0.166667"
"2091025452","29292192","0.166667"
"29292192","2091025452","0.166667"
"1980548050","25045882","0.166667"
"25045882","1980548050","0.166667"
"1982654818","25045882","0.757576"
"25045882","1982654818","0.757576"
"1993223663","25045882","0.257576"
"25045882","1993223663","0.257576"
"1995900112","25045882","1.12424"
"25045882","1995900112","1.12424"
"2056176153","25045882","0.924242"
"25045882","2056176153","0.924242"
"2163529501","25045882","0.424242"
"25045882","2163529501","0.424242"
"1982654818","2166331011","2.42424"
"2166331011","1982654818","2.42424"
"1982654818","2008574697","0.840909"
"2008574697","1982654818","0.840909"
"1993223663","2008574697","0.340909"
"2008574697","1993223663","0.340909"
"2007484865","2008574697","0.924242"
"2008574697","2007484865","0.924242"
"2007484865","25045882","0.924242"
"25045882","2007484865","0.924242"
"2008263938","25045882","0.424242"
"25045882","2008263938","0.424242"
"2008574697","2056176153","1.25758"
"2056176153","2008574697","1.25758"
"2008574697","2147246997","0.290909"
"2147246997","2008574697","0.290909"
"2008574697","2163529501","0.257576"
"2163529501","2008574697","0.257576"
"2147246997","25045882","0.290909"
"25045882","2147246997","0.290909"
"2166331011","25045882","0.457576"
"25045882","2166331011","0.457576"
"1982678125","1989549339","1"
"1989549339","1982678125","1"
"1982678125","1995900112","0.25"
"1995900112","1982678125","0.25"
"1982678125","2056176153","0.25"
"2056176153","1982678125","0.25"
"1982678125","25045882","0.25"
"25045882","1982678125","0.25"
"1987229984","1989549339","1"
"1989549339","1987229984","1"
"1989549339","2007484865","0.5"
"2007484865","1989549339","0.5"
"1989549339","2008263938","0.5"
"2008263938","1989549339","0.5"
"2008574697","2091025452","0.2"
"2091025452","2008574697","0.2"
"2091025452","25045882","0.2"
"25045882","2091025452","0.2"
"2005941864","2008574697","0.5"
"2008574697","2005941864","0.5"
"2005941864","25045882","0.5"
"25045882","2005941864","0.5"
"2091025452","213015593","2.33333"
"213015593","2091025452","2.33333"
"2091025452","2105103781","0.333333"
"2105103781","2091025452","0.333333"
"2105103781","213015593","0.333333"
"213015593","2105103781","0.333333"
"2105103781","2166331011","0.333333"
"2166331011","2105103781","0.333333"
"213015593","2166331011","0.333333"
"2166331011","213015593","0.333333"
"2338208556","25045882","2"
"25045882","2338208556","2"
