"1529061263","2024153136","0.5"
"2024153136","1529061263","0.5"
"1529061263","2098030774","1"
"2098030774","1529061263","1"
"1529061263","2133178085","0.424242"
"2133178085","1529061263","0.424242"
"2024153136","2098030774","1.16667"
"2098030774","2024153136","1.16667"
"2024153136","2133178085","0.916667"
"2133178085","2024153136","0.916667"
"2098030774","2133178085","1.2"
"2133178085","2098030774","1.2"
"1529061263","2078520378","1.75"
"2078520378","1529061263","1.75"
"1529061263","2092696924","0.616667"
"2092696924","1529061263","0.616667"
"1529061263","2111697251","0.616667"
"2111697251","1529061263","0.616667"
"1529061263","2164684769","0.540909"
"2164684769","1529061263","0.540909"
"2078520378","2092696924","0.25"
"2092696924","2078520378","0.25"
"2078520378","2111697251","0.583333"
"2111697251","2078520378","0.583333"
"2078520378","2164684769","2.58333"
"2164684769","2078520378","2.58333"
"2092696924","2111697251","0.816667"
"2111697251","2092696924","0.816667"
"2092696924","2164684769","1.45"
"2164684769","2092696924","1.45"
"2111697251","2164684769","5.76667"
"2164684769","2111697251","5.76667"
"2078520378","2098030774","1.83333"
"2098030774","2078520378","1.83333"
"1529061263","40941513","2"
"40941513","1529061263","2"
"1529061263","1963761486","0.2"
"1963761486","1529061263","0.2"
"1529061263","1977554026","0.290909"
"1977554026","1529061263","0.290909"
"1963761486","1977554026","0.2"
"1977554026","1963761486","0.2"
"1963761486","2092696924","0.983333"
"2092696924","1963761486","0.983333"
"1963761486","2111697251","1.15"
"2111697251","1963761486","1.15"
"1963761486","2164684769","0.45"
"2164684769","1963761486","0.45"
"1977554026","2092696924","0.2"
"2092696924","1977554026","0.2"
"1977554026","2111697251","3.6"
"2111697251","1977554026","3.6"
"1977554026","2164684769","12.6949"
"2164684769","1977554026","12.6949"
"1529061263","1952290064","0.590909"
"1952290064","1529061263","0.590909"
"1529061263","2045625577","0.0909091"
"2045625577","1529061263","0.0909091"
"1529061263","2087686602","0.0909091"
"2087686602","1529061263","0.0909091"
"1529061263","2104688384","0.0909091"
"2104688384","1529061263","0.0909091"
"1529061263","2133137770","0.0909091"
"2133137770","1529061263","0.0909091"
"1529061263","2137495464","0.257576"
"2137495464","1529061263","0.257576"
"1529061263","2162520211","0.590909"
"2162520211","1529061263","0.590909"
"1529061263","239468976","0.0909091"
"239468976","1529061263","0.0909091"
"1952290064","1977554026","0.785354"
"1977554026","1952290064","0.785354"
"1952290064","2045625577","0.0909091"
"2045625577","1952290064","0.0909091"
"1952290064","2087686602","0.95202"
"2087686602","1952290064","0.95202"
"1952290064","2104688384","0.290909"
"2104688384","1952290064","0.290909"
"1952290064","2133137770","2.53535"
"2133137770","1952290064","2.53535"
"1952290064","2133178085","0.340909"
"2133178085","1952290064","0.340909"
"1952290064","2137495464","0.0909091"
"2137495464","1952290064","0.0909091"
"1952290064","2162520211","1.15202"
"2162520211","1952290064","1.15202"
"1952290064","2164684769","0.95202"
"2164684769","1952290064","0.95202"
"1952290064","239468976","0.290909"
"239468976","1952290064","0.290909"
"1977554026","2045625577","1.00758"
"2045625577","1977554026","1.00758"
"1977554026","2087686602","3.04488"
"2087686602","1977554026","3.04488"
"1977554026","2104688384","0.0909091"
"2104688384","1977554026","0.0909091"
"1977554026","2133137770","1.45202"
"2133137770","1977554026","1.45202"
"1977554026","2133178085","0.457576"
"2133178085","1977554026","0.457576"
"1977554026","2137495464","0.790909"
"2137495464","1977554026","0.790909"
"1977554026","2162520211","0.535354"
"2162520211","1977554026","0.535354"
"1977554026","239468976","0.0909091"
"239468976","1977554026","0.0909091"
"2045625577","2087686602","0.257576"
"2087686602","2045625577","0.257576"
"2045625577","2104688384","0.590909"
"2104688384","2045625577","0.590909"
"2045625577","2133137770","0.590909"
"2133137770","2045625577","0.590909"
"2045625577","2133178085","2.79091"
"2133178085","2045625577","2.79091"
"2045625577","2137495464","0.340909"
"2137495464","2045625577","0.340909"
"2045625577","2162520211","0.0909091"
"2162520211","2045625577","0.0909091"
"2045625577","2164684769","2.25758"
"2164684769","2045625577","2.25758"
"2045625577","239468976","0.590909"
"239468976","2045625577","0.590909"
"2087686602","2104688384","0.215909"
"2104688384","2087686602","0.215909"
"2087686602","2133137770","1.41035"
"2133137770","2087686602","1.41035"
"2087686602","2133178085","0.0909091"
"2133178085","2087686602","0.0909091"
"2087686602","2137495464","0.0909091"
"2137495464","2087686602","0.0909091"
"2087686602","2162520211","0.493687"
"2162520211","2087686602","0.493687"
"2087686602","2164684769","1.04488"
"2164684769","2087686602","1.04488"
"2087686602","239468976","0.215909"
"239468976","2087686602","0.215909"
"2104688384","2133137770","1.24924"
"2133137770","2104688384","1.24924"
"2104688384","2133178085","0.340909"
"2133178085","2104688384","0.340909"
"2104688384","2137495464","0.0909091"
"2137495464","2104688384","0.0909091"
"2104688384","2162520211","0.615909"
"2162520211","2104688384","0.615909"
"2104688384","2164684769","0.0909091"
"2164684769","2104688384","0.0909091"
"2104688384","239468976","12.9492"
"239468976","2104688384","12.9492"
"2133137770","2133178085","0.840909"
"2133178085","2133137770","0.840909"
"2133137770","2137495464","0.0909091"
"2137495464","2133137770","0.0909091"
"2133137770","2162520211","1.19369"
"2162520211","2133137770","1.19369"
"2133137770","2164684769","1.95202"
"2164684769","2133137770","1.95202"
"2133137770","239468976","1.24924"
"239468976","2133137770","1.24924"
"2133178085","2137495464","0.290909"
"2137495464","2133178085","0.290909"
"2133178085","2162520211","0.340909"
"2162520211","2133178085","0.340909"
"2133178085","2164684769","1.29091"
"2164684769","2133178085","1.29091"
"2133178085","239468976","0.340909"
"239468976","2133178085","0.340909"
"2137495464","2162520211","0.0909091"
"2162520211","2137495464","0.0909091"
"2137495464","2164684769","1.37424"
"2164684769","2137495464","1.37424"
"2137495464","239468976","0.0909091"
"239468976","2137495464","0.0909091"
"2162520211","2164684769","0.535354"
"2164684769","2162520211","0.535354"
"2162520211","239468976","0.615909"
"239468976","2162520211","0.615909"
"2164684769","239468976","0.0909091"
"239468976","2164684769","0.0909091"
"1529061263","22778584","0.166667"
"22778584","1529061263","0.166667"
"2024153136","2092696924","0.75"
"2092696924","2024153136","0.75"
"2024153136","2111697251","1.33333"
"2111697251","2024153136","1.33333"
"2024153136","2137495464","0.166667"
"2137495464","2024153136","0.166667"
"2024153136","22778584","0.666667"
"22778584","2024153136","0.666667"
"2092696924","2098030774","0.5"
"2098030774","2092696924","0.5"
"2092696924","2137495464","0.166667"
"2137495464","2092696924","0.166667"
"2092696924","22778584","0.166667"
"22778584","2092696924","0.166667"
"2098030774","2111697251","2.31667"
"2111697251","2098030774","2.31667"
"2098030774","2137495464","0.366667"
"2137495464","2098030774","0.366667"
"2098030774","22778584","0.333333"
"22778584","2098030774","0.333333"
"2111697251","2137495464","1.11667"
"2137495464","2111697251","1.11667"
"2111697251","22778584","0.166667"
"22778584","2111697251","0.166667"
"2137495464","22778584","0.166667"
"22778584","2137495464","0.166667"
"1529061263","2061160910","1"
"2061160910","1529061263","1"
"1604594207","1972517139","0.333333"
"1972517139","1604594207","0.333333"
"1604594207","2045625577","0.333333"
"2045625577","1604594207","0.333333"
"1604594207","2092696924","0.333333"
"2092696924","1604594207","0.333333"
"1972517139","2045625577","0.333333"
"2045625577","1972517139","0.333333"
"1972517139","2092696924","0.333333"
"2092696924","1972517139","0.333333"
"2045625577","2092696924","1.53333"
"2092696924","2045625577","1.53333"
"1604594207","2133137770","1"
"2133137770","1604594207","1"
"162371693","2104688384","0.75"
"2104688384","162371693","0.75"
"162371693","2133137770","0.583333"
"2133137770","162371693","0.583333"
"162371693","2138613430","0.25"
"2138613430","162371693","0.25"
"162371693","239468976","0.75"
"239468976","162371693","0.75"
"2104688384","2138613430","1.65833"
"2138613430","2104688384","1.65833"
"2133137770","2138613430","8.51944"
"2138613430","2133137770","8.51944"
"2138613430","239468976","1.65833"
"239468976","2138613430","1.65833"
"162371693","2127216517","0.333333"
"2127216517","162371693","0.333333"
"162371693","2137495464","0.333333"
"2137495464","162371693","0.333333"
"162371693","2164684769","0.5"
"2164684769","162371693","0.5"
"2127216517","2137495464","1.33333"
"2137495464","2127216517","1.33333"
"2127216517","2164684769","0.783333"
"2164684769","2127216517","0.783333"
"162371693","2061160910","1"
"2061160910","162371693","1"
"162371693","1952290064","0.25"
"1952290064","162371693","0.25"
"162371693","2133178085","1.25"
"2133178085","162371693","1.25"
"162371693","2162520211","0.25"
"2162520211","162371693","0.25"
"162371693","2188402113","0.416667"
"2188402113","162371693","0.416667"
"1952290064","2188402113","0.45"
"2188402113","1952290064","0.45"
"2133178085","2188402113","0.25"
"2188402113","2133178085","0.25"
"2162520211","2188402113","0.575"
"2188402113","2162520211","0.575"
"162371693","2087686602","2"
"2087686602","162371693","2"
"162371693","40941513","1.33333"
"40941513","162371693","1.33333"
"162371693","2078520378","0.333333"
"2078520378","162371693","0.333333"
"2078520378","2133137770","1.5"
"2133137770","2078520378","1.5"
"2078520378","40941513","2.5"
"40941513","2078520378","2.5"
"2133137770","40941513","0.5"
"40941513","2133137770","0.5"
"162371693","1977554026","1.66667"
"1977554026","162371693","1.66667"
"162371693","2098030774","0.666667"
"2098030774","162371693","0.666667"
"162371693","2134045628","0.166667"
"2134045628","162371693","0.166667"
"162371693","22778584","0.166667"
"22778584","162371693","0.166667"
"1977554026","2098030774","5.67778"
"2098030774","1977554026","5.67778"
"1977554026","2134045628","1.42063"
"2134045628","1977554026","1.42063"
"1977554026","2188402113","0.666667"
"2188402113","1977554026","0.666667"
"1977554026","22778584","0.5"
"22778584","1977554026","0.5"
"2098030774","2134045628","0.444444"
"2134045628","2098030774","0.444444"
"2098030774","2164684769","6.17778"
"2164684769","2098030774","6.17778"
"2098030774","2188402113","0.166667"
"2188402113","2098030774","0.166667"
"2134045628","2164684769","0.420635"
"2164684769","2134045628","0.420635"
"2134045628","2188402113","2.99167"
"2188402113","2134045628","2.99167"
"2134045628","22778584","0.166667"
"22778584","2134045628","0.166667"
"2164684769","2188402113","0.166667"
"2188402113","2164684769","0.166667"
"2164684769","22778584","1.5"
"22778584","2164684769","1.5"
"2188402113","22778584","0.166667"
"22778584","2188402113","0.166667"
"1810543578","1963761486","0.166667"
"1963761486","1810543578","0.166667"
"1810543578","2024153136","0.166667"
"2024153136","1810543578","0.166667"
"1810543578","2087686602","0.587302"
"2087686602","1810543578","0.587302"
"1810543578","2111697251","0.166667"
"2111697251","1810543578","0.166667"
"1810543578","2133137770","0.444444"
"2133137770","1810543578","0.444444"
"1810543578","2134045628","14.0873"
"2134045628","1810543578","14.0873"
"1963761486","2024153136","1.08333"
"2024153136","1963761486","1.08333"
"1963761486","2087686602","0.166667"
"2087686602","1963761486","0.166667"
"1963761486","2133137770","0.166667"
"2133137770","1963761486","0.166667"
"1963761486","2134045628","0.166667"
"2134045628","1963761486","0.166667"
"2024153136","2087686602","0.166667"
"2087686602","2024153136","0.166667"
"2024153136","2133137770","0.166667"
"2133137770","2024153136","0.166667"
"2024153136","2134045628","0.166667"
"2134045628","2024153136","0.166667"
"2087686602","2111697251","0.533333"
"2111697251","2087686602","0.533333"
"2087686602","2134045628","0.712302"
"2134045628","2087686602","0.712302"
"2111697251","2133137770","0.166667"
"2133137770","2111697251","0.166667"
"2111697251","2134045628","0.166667"
"2134045628","2111697251","0.166667"
"2133137770","2134045628","2.26944"
"2134045628","2133137770","2.26944"
"1810543578","1952290064","0.111111"
"1952290064","1810543578","0.111111"
"1810543578","1977554026","0.753968"
"1977554026","1810543578","0.753968"
"1810543578","2098030774","0.277778"
"2098030774","1810543578","0.277778"
"1810543578","2138613430","0.253968"
"2138613430","1810543578","0.253968"
"1810543578","2162520211","0.277778"
"2162520211","1810543578","0.277778"
"1810543578","2164684769","0.253968"
"2164684769","1810543578","0.253968"
"1952290064","2098030774","0.694444"
"2098030774","1952290064","0.694444"
"1952290064","2134045628","0.311111"
"2134045628","1952290064","0.311111"
"1952290064","2138613430","0.361111"
"2138613430","1952290064","0.361111"
"1977554026","2138613430","0.587302"
"2138613430","1977554026","0.587302"
"2087686602","2098030774","0.811111"
"2098030774","2087686602","0.811111"
"2087686602","2138613430","1.12897"
"2138613430","2087686602","1.12897"
"2098030774","2133137770","0.861111"
"2133137770","2098030774","0.861111"
"2098030774","2138613430","0.444444"
"2138613430","2098030774","0.444444"
"2098030774","2162520211","0.277778"
"2162520211","2098030774","0.277778"
"2134045628","2138613430","1.57897"
"2138613430","2134045628","1.57897"
"2134045628","2162520211","0.802778"
"2162520211","2134045628","0.802778"
"2138613430","2162520211","0.936111"
"2162520211","2138613430","0.936111"
"2138613430","2164684769","0.587302"
"2164684769","2138613430","0.587302"
"1810543578","2188402113","2"
"2188402113","1810543578","2"
"1810543578","2117608404","0.142857"
"2117608404","1810543578","0.142857"
"1810543578","40941513","0.142857"
"40941513","1810543578","0.142857"
"1977554026","2117608404","0.142857"
"2117608404","1977554026","0.142857"
"1977554026","40941513","0.47619"
"40941513","1977554026","0.47619"
"2087686602","2117608404","0.142857"
"2117608404","2087686602","0.142857"
"2087686602","40941513","0.809524"
"40941513","2087686602","0.809524"
"2117608404","2134045628","0.142857"
"2134045628","2117608404","0.142857"
"2117608404","2138613430","0.142857"
"2138613430","2117608404","0.142857"
"2117608404","2164684769","0.142857"
"2164684769","2117608404","0.142857"
"2117608404","40941513","2.14286"
"40941513","2117608404","2.14286"
"2134045628","40941513","0.142857"
"40941513","2134045628","0.142857"
"2138613430","40941513","0.142857"
"40941513","2138613430","0.142857"
"2164684769","40941513","0.47619"
"40941513","2164684769","0.47619"
"1810543578","2127216517","0.166667"
"2127216517","1810543578","0.166667"
"2087686602","2127216517","0.366667"
"2127216517","2087686602","0.366667"
"2098030774","2127216517","0.616667"
"2127216517","2098030774","0.616667"
"2127216517","2133137770","0.166667"
"2133137770","2127216517","0.166667"
"2127216517","2134045628","0.166667"
"2134045628","2127216517","0.166667"
"2127216517","2162520211","0.166667"
"2162520211","2127216517","0.166667"
"185055196","1977554026","2"
"1977554026","185055196","2"
"185055196","2162888840","0.666667"
"2162888840","185055196","0.666667"
"185055196","2164684769","1.66667"
"2164684769","185055196","1.66667"
"1977554026","2162888840","0.916667"
"2162888840","1977554026","0.916667"
"2162888840","2164684769","1.58333"
"2164684769","2162888840","1.58333"
"185055196","2111697251","0.833333"
"2111697251","185055196","0.833333"
"185055196","2133178085","1"
"2133178085","185055196","1"
"185055196","2045625577","0.166667"
"2045625577","185055196","0.166667"
"185055196","2087686602","0.166667"
"2087686602","185055196","0.166667"
"185055196","40941513","0.166667"
"40941513","185055196","0.166667"
"2045625577","2111697251","2.53333"
"2111697251","2045625577","2.53333"
"2045625577","40941513","0.166667"
"40941513","2045625577","0.166667"
"2111697251","40941513","0.166667"
"40941513","2111697251","0.166667"
"2111697251","2162888840","0.583333"
"2162888840","2111697251","0.583333"
"185055196","2078520378","0.333333"
"2078520378","185055196","0.333333"
"1977554026","2078520378","1"
"2078520378","1977554026","1"
"1952290064","2092696924","0.5"
"2092696924","1952290064","0.5"
"2087686602","2092696924","1.125"
"2092696924","2087686602","1.125"
"1952290064","1972517139","0.25"
"1972517139","1952290064","0.25"
"1972517139","2087686602","0.25"
"2087686602","1972517139","0.25"
"1972517139","2133137770","0.583333"
"2133137770","1972517139","0.583333"
"1972517139","2138613430","1.75"
"2138613430","1972517139","1.75"
"2104688384","2134045628","0.525"
"2134045628","2104688384","0.525"
"2104688384","2188402113","0.325"
"2188402113","2104688384","0.325"
"2134045628","239468976","0.525"
"239468976","2134045628","0.525"
"2188402113","239468976","0.325"
"239468976","2188402113","0.325"
"1963761486","2098030774","5"
"2098030774","1963761486","5"
"1963761486","2061160910","0.25"
"2061160910","1963761486","0.25"
"1963761486","2133178085","0.783333"
"2133178085","1963761486","0.783333"
"2024153136","2061160910","0.25"
"2061160910","2024153136","0.25"
"2061160910","2092696924","0.25"
"2092696924","2061160910","0.25"
"2061160910","2133178085","0.583333"
"2133178085","2061160910","0.583333"
"2092696924","2133178085","0.45"
"2133178085","2092696924","0.45"
"1963761486","2045625577","6.78333"
"2045625577","1963761486","6.78333"
"1963761486","2172256455","0.2"
"2172256455","1963761486","0.2"
"2045625577","2172256455","0.533333"
"2172256455","2045625577","0.533333"
"2092696924","2172256455","0.2"
"2172256455","2092696924","0.2"
"2111697251","2133178085","1.4"
"2133178085","2111697251","1.4"
"2111697251","2172256455","0.533333"
"2172256455","2111697251","0.533333"
"2133178085","2172256455","1.36667"
"2172256455","2133178085","1.36667"
"2045625577","2098030774","0.833333"
"2098030774","2045625577","0.833333"
"1963761486","2137495464","0.25"
"2137495464","1963761486","0.25"
"1972517139","2133178085","0.333333"
"2133178085","1972517139","0.333333"
"1972517139","2164684769","0.333333"
"2164684769","1972517139","0.333333"
"1972517139","2134045628","0.5"
"2134045628","1972517139","0.5"
"1972517139","2162520211","1"
"2162520211","1972517139","1"
"2045625577","2162888840","0.25"
"2162888840","2045625577","0.25"
"1977554026","2172256455","0.166667"
"2172256455","1977554026","0.166667"
"2078520378","2133178085","0.166667"
"2133178085","2078520378","0.166667"
"2078520378","2172256455","1.33333"
"2172256455","2078520378","1.33333"
"2133137770","2172256455","0.166667"
"2172256455","2133137770","0.166667"
"2133178085","40941513","1.5"
"40941513","2133178085","1.5"
"2164684769","2172256455","2"
"2172256455","2164684769","2"
"2172256455","40941513","0.166667"
"40941513","2172256455","0.166667"
"2078520378","2137495464","1.5"
"2137495464","2078520378","1.5"
"1977554026","2127216517","0.45"
"2127216517","1977554026","0.45"
"2111697251","2127216517","0.45"
"2127216517","2111697251","0.45"
"1977554026","2061160910","0.333333"
"2061160910","1977554026","0.333333"
"2061160910","2098030774","0.666667"
"2098030774","2061160910","0.666667"
"2061160910","2164684769","0.333333"
"2164684769","2061160910","0.333333"
"2162520211","22778584","1.33333"
"22778584","2162520211","1.33333"
"2024153136","2078520378","2.5"
"2078520378","2024153136","2.5"
"2078520378","22778584","0.5"
"22778584","2078520378","0.5"
"2045625577","2078520378","0.333333"
"2078520378","2045625577","0.333333"
"2045625577","2138613430","1.5"
"2138613430","2045625577","1.5"
"2061160910","40941513","0.333333"
"40941513","2061160910","0.333333"
"2098030774","40941513","1.33333"
"40941513","2098030774","1.33333"
"2098030774","2172256455","0.333333"
"2172256455","2098030774","0.333333"
"2092696924","40941513","0.5"
"40941513","2092696924","0.5"
"2087686602","2188402113","0.125"
"2188402113","2087686602","0.125"
"2092696924","2104688384","0.125"
"2104688384","2092696924","0.125"
"2092696924","2133137770","0.125"
"2133137770","2092696924","0.125"
"2092696924","2134045628","0.125"
"2134045628","2092696924","0.125"
"2092696924","2138613430","0.125"
"2138613430","2092696924","0.125"
"2092696924","2162520211","0.125"
"2162520211","2092696924","0.125"
"2092696924","2188402113","0.125"
"2188402113","2092696924","0.125"
"2092696924","239468976","0.125"
"239468976","2092696924","0.125"
"2133137770","2188402113","0.125"
"2188402113","2133137770","0.125"
"2138613430","2188402113","0.125"
"2188402113","2138613430","0.125"
"2133178085","2138613430","0.25"
"2138613430","2133178085","0.25"
