"1482095592","2077284205","2.08333"
"2077284205","1482095592","2.08333"
"1482095592","2102969982","1"
"2102969982","1482095592","1"
"2077284205","2102969982","1.64286"
"2102969982","2077284205","1.64286"
"1482095592","1524627302","0.333333"
"1524627302","1482095592","0.333333"
"1482095592","2131149603","1.26111"
"2131149603","1482095592","1.26111"
"1524627302","2077284205","1.66667"
"2077284205","1524627302","1.66667"
"1524627302","2131149603","1.2"
"2131149603","1524627302","1.2"
"2077284205","2131149603","1.22619"
"2131149603","2077284205","1.22619"
"1482095592","1585332569","1.02341"
"1585332569","1482095592","1.02341"
"1482095592","2005756737","1.14444"
"2005756737","1482095592","1.14444"
"1482095592","2018672716","1.30913"
"2018672716","1482095592","1.30913"
"1482095592","2074588382","1.13849"
"2074588382","1482095592","1.13849"
"1482095592","2326602587","0.820635"
"2326602587","1482095592","0.820635"
"1585332569","2005756737","0.554701"
"2005756737","1585332569","0.554701"
"1585332569","2018672716","1.88367"
"2018672716","1585332569","1.88367"
"1585332569","2074588382","0.545635"
"2074588382","1585332569","0.545635"
"1585332569","2131149603","0.611111"
"2131149603","1585332569","0.611111"
"1585332569","2326602587","0.753968"
"2326602587","1585332569","0.753968"
"2005756737","2018672716","7.47256"
"2018672716","2005756737","7.47256"
"2005756737","2074588382","0.444444"
"2074588382","2005756737","0.444444"
"2005756737","2131149603","0.569444"
"2131149603","2005756737","0.569444"
"2005756737","2326602587","0.444444"
"2326602587","2005756737","0.444444"
"2018672716","2074588382","0.688492"
"2074588382","2018672716","0.688492"
"2018672716","2131149603","0.402778"
"2131149603","2018672716","0.402778"
"2018672716","2326602587","0.420635"
"2326602587","2018672716","0.420635"
"2074588382","2131149603","2.07063"
"2131149603","2074588382","2.07063"
"2074588382","2326602587","2.82063"
"2326602587","2074588382","2.82063"
"2131149603","2326602587","2.71111"
"2326602587","2131149603","2.71111"
"1482095592","2079127878","1.14286"
"2079127878","1482095592","1.14286"
"1482095592","1971348553","0.111111"
"1971348553","1482095592","0.111111"
"1482095592","2077167455","0.444444"
"2077167455","1482095592","0.444444"
"1482095592","2534858072","0.569444"
"2534858072","1482095592","0.569444"
"1585332569","1971348553","0.111111"
"1971348553","1585332569","0.111111"
"1585332569","2077167455","1.14444"
"2077167455","1585332569","1.14444"
"1585332569","2534858072","1.6797"
"2534858072","1585332569","1.6797"
"1971348553","2005756737","1.01111"
"2005756737","1971348553","1.01111"
"1971348553","2018672716","1.01111"
"2018672716","1971348553","1.01111"
"1971348553","2074588382","0.111111"
"2074588382","1971348553","0.111111"
"1971348553","2077167455","0.311111"
"2077167455","1971348553","0.311111"
"1971348553","2131149603","0.111111"
"2131149603","1971348553","0.111111"
"1971348553","2326602587","0.111111"
"2326602587","1971348553","0.111111"
"1971348553","2534858072","0.511111"
"2534858072","1971348553","0.511111"
"2005756737","2077167455","0.602778"
"2077167455","2005756737","0.602778"
"2005756737","2534858072","1.08803"
"2534858072","2005756737","1.08803"
"2018672716","2077167455","1.83611"
"2077167455","2018672716","1.83611"
"2018672716","2534858072","5.44637"
"2534858072","2018672716","5.44637"
"2074588382","2077167455","0.111111"
"2077167455","2074588382","0.111111"
"2074588382","2534858072","0.236111"
"2534858072","2074588382","0.236111"
"2077167455","2131149603","0.236111"
"2131149603","2077167455","0.236111"
"2077167455","2326602587","0.111111"
"2326602587","2077167455","0.111111"
"2077167455","2534858072","2.37778"
"2534858072","2077167455","2.37778"
"2131149603","2534858072","0.111111"
"2534858072","2131149603","0.111111"
"2326602587","2534858072","0.111111"
"2534858072","2326602587","0.111111"
"1482095592","2140706899","0.709524"
"2140706899","1482095592","0.709524"
"1482095592","2610486606","0.477778"
"2610486606","1482095592","0.477778"
"1585332569","2140706899","1.08645"
"2140706899","1585332569","1.08645"
"1585332569","2610486606","0.754701"
"2610486606","1585332569","0.754701"
"2005756737","2140706899","0.276923"
"2140706899","2005756737","0.276923"
"2005756737","2610486606","1.07811"
"2610486606","2005756737","1.07811"
"2018672716","2140706899","0.41978"
"2140706899","2018672716","0.41978"
"2018672716","2610486606","2.58922"
"2610486606","2018672716","2.58922"
"2140706899","2610486606","0.44359"
"2610486606","2140706899","0.44359"
"1482095592","2103133736","2.61071"
"2103133736","1482095592","2.61071"
"2077284205","2103133736","1.64286"
"2103133736","2077284205","1.64286"
"1482095592","2136326827","2.10119"
"2136326827","1482095592","2.10119"
"2005756737","2136326827","1.16667"
"2136326827","2005756737","1.16667"
"1482095592","2095468482","0.375"
"2095468482","1482095592","0.375"
"2074588382","2077284205","0.392857"
"2077284205","2074588382","0.392857"
"2074588382","2095468482","0.375"
"2095468482","2074588382","0.375"
"2077284205","2095468482","0.25"
"2095468482","2077284205","0.25"
"2095468482","2131149603","0.375"
"2131149603","2095468482","0.375"
"1585332569","2136326827","0.434524"
"2136326827","1585332569","0.434524"
"2077167455","2136326827","0.333333"
"2136326827","2077167455","0.333333"
"2077167455","2140706899","0.166667"
"2140706899","2077167455","0.166667"
"2077167455","2610486606","1.89167"
"2610486606","2077167455","1.89167"
"2136326827","2140706899","0.309524"
"2140706899","2136326827","0.309524"
"2136326827","2534858072","1.95833"
"2534858072","2136326827","1.95833"
"2136326827","2610486606","0.166667"
"2610486606","2136326827","0.166667"
"2140706899","2534858072","0.24359"
"2534858072","2140706899","0.24359"
"2534858072","2610486606","3.17692"
"2610486606","2534858072","3.17692"
"1482095592","1965323515","0.596825"
"1965323515","1482095592","0.596825"
"1482095592","2107413846","0.596825"
"2107413846","1482095592","0.596825"
"1965323515","2103133736","2.60355"
"2103133736","1965323515","2.60355"
"1965323515","2107413846","0.763492"
"2107413846","1965323515","0.763492"
"1965323515","2131149603","0.366667"
"2131149603","1965323515","0.366667"
"1965323515","2326602587","0.7"
"2326602587","1965323515","0.7"
"2103133736","2107413846","1.04524"
"2107413846","2103133736","1.04524"
"2103133736","2131149603","0.759524"
"2131149603","2103133736","0.759524"
"2103133736","2326602587","0.2"
"2326602587","2103133736","0.2"
"2107413846","2131149603","1.09286"
"2131149603","2107413846","1.09286"
"2107413846","2326602587","1.11667"
"2326602587","2107413846","1.11667"
"1482095592","2019597018","0.236111"
"2019597018","1482095592","0.236111"
"1585332569","2019597018","1.31303"
"2019597018","1585332569","1.31303"
"1585332569","2095468482","2.53526"
"2095468482","1585332569","2.53526"
"1585332569","2103133736","0.61859"
"2103133736","1585332569","0.61859"
"2018672716","2019597018","1.81303"
"2019597018","2018672716","1.81303"
"2018672716","2095468482","1.21978"
"2095468482","2018672716","1.21978"
"2018672716","2103133736","1.1543"
"2103133736","2018672716","1.1543"
"2018672716","2136326827","0.934524"
"2136326827","2018672716","0.934524"
"2019597018","2074588382","0.125"
"2074588382","2019597018","0.125"
"2019597018","2095468482","1.45192"
"2095468482","2019597018","1.45192"
"2019597018","2103133736","1.1595"
"2103133736","2019597018","1.1595"
"2019597018","2136326827","0.125"
"2136326827","2019597018","0.125"
"2019597018","2534858072","0.201923"
"2534858072","2019597018","0.201923"
"2074588382","2103133736","0.410714"
"2103133736","2074588382","0.410714"
"2074588382","2136326827","0.267857"
"2136326827","2074588382","0.267857"
"2095468482","2103133736","0.36859"
"2103133736","2095468482","0.36859"
"2095468482","2136326827","0.625"
"2136326827","2095468482","0.625"
"2095468482","2534858072","0.201923"
"2534858072","2095468482","0.201923"
"2103133736","2136326827","0.291667"
"2136326827","2103133736","0.291667"
"2103133736","2534858072","0.36859"
"2534858072","2103133736","0.36859"
"1482095592","1998550411","0.142857"
"1998550411","1482095592","0.142857"
"1482095592","2081672899","0.285714"
"2081672899","1482095592","0.285714"
"1482095592","2128889212","0.142857"
"2128889212","1482095592","0.142857"
"1965323515","1998550411","1.30952"
"1998550411","1965323515","1.30952"
"1965323515","2018672716","2.30708"
"2018672716","1965323515","2.30708"
"1965323515","2081672899","1.48688"
"2081672899","1965323515","1.48688"
"1965323515","2128889212","0.342857"
"2128889212","1965323515","0.342857"
"1998550411","2018672716","0.392857"
"2018672716","1998550411","0.392857"
"1998550411","2081672899","0.142857"
"2081672899","1998550411","0.142857"
"1998550411","2103133736","0.559524"
"2103133736","1998550411","0.559524"
"1998550411","2107413846","0.309524"
"2107413846","1998550411","0.309524"
"1998550411","2128889212","0.142857"
"2128889212","1998550411","0.142857"
"2018672716","2081672899","1.46383"
"2081672899","2018672716","1.46383"
"2018672716","2107413846","0.396825"
"2107413846","2018672716","0.396825"
"2018672716","2128889212","0.142857"
"2128889212","2018672716","0.142857"
"2081672899","2103133736","4.07021"
"2103133736","2081672899","4.07021"
"2081672899","2107413846","1.28571"
"2107413846","2081672899","1.28571"
"2081672899","2128889212","1.00952"
"2128889212","2081672899","1.00952"
"2103133736","2128889212","0.342857"
"2128889212","2103133736","0.342857"
"2107413846","2128889212","0.142857"
"2128889212","2107413846","0.142857"
"1482095592","1500106691","0.533333"
"1500106691","1482095592","0.533333"
"1500106691","2074588382","0.2"
"2074588382","1500106691","0.2"
"1500106691","2131149603","0.2"
"2131149603","1500106691","0.2"
"1500106691","2140706899","0.2"
"2140706899","1500106691","0.2"
"1500106691","2326602587","0.2"
"2326602587","1500106691","0.2"
"2074588382","2140706899","0.485714"
"2140706899","2074588382","0.485714"
"2131149603","2140706899","0.592857"
"2140706899","2131149603","0.592857"
"2140706899","2326602587","0.342857"
"2326602587","2140706899","0.342857"
"1585332569","2079127878","1.05952"
"2079127878","1585332569","1.05952"
"2018672716","2079127878","1.97619"
"2079127878","2018672716","1.97619"
"2074588382","2079127878","1.28571"
"2079127878","2074588382","1.28571"
"2079127878","2136326827","0.142857"
"2136326827","2079127878","0.142857"
"2079127878","2140706899","0.619048"
"2140706899","2079127878","0.619048"
"2079127878","2326602587","0.47619"
"2326602587","2079127878","0.47619"
"2136326827","2326602587","0.142857"
"2326602587","2136326827","0.142857"
"1482095592","2052981274","0.444444"
"2052981274","1482095592","0.444444"
"1482095592","2056869169","0.111111"
"2056869169","1482095592","0.111111"
"1482095592","2115322771","0.111111"
"2115322771","1482095592","0.111111"
"1585332569","1965323515","0.188034"
"1965323515","1585332569","0.188034"
"1585332569","2052981274","0.444444"
"2052981274","1585332569","0.444444"
"1585332569","2056869169","1.8547"
"2056869169","1585332569","1.8547"
"1585332569","2107413846","0.111111"
"2107413846","1585332569","0.111111"
"1585332569","2115322771","0.188034"
"2115322771","1585332569","0.188034"
"1965323515","2019597018","1.72894"
"2019597018","1965323515","1.72894"
"1965323515","2052981274","0.277778"
"2052981274","1965323515","0.277778"
"1965323515","2056869169","0.188034"
"2056869169","1965323515","0.188034"
"1965323515","2115322771","0.188034"
"2115322771","1965323515","0.188034"
"1965323515","2610486606","0.188034"
"2610486606","1965323515","0.188034"
"2018672716","2052981274","2.2873"
"2052981274","2018672716","2.2873"
"2018672716","2056869169","1.95589"
"2056869169","2018672716","1.95589"
"2018672716","2115322771","0.730891"
"2115322771","2018672716","0.730891"
"2019597018","2052981274","0.111111"
"2052981274","2019597018","0.111111"
"2019597018","2056869169","0.521368"
"2056869169","2019597018","0.521368"
"2019597018","2107413846","0.527778"
"2107413846","2019597018","0.527778"
"2019597018","2115322771","0.188034"
"2115322771","2019597018","0.188034"
"2019597018","2610486606","0.188034"
"2610486606","2019597018","0.188034"
"2052981274","2056869169","1.25397"
"2056869169","2052981274","1.25397"
"2052981274","2107413846","0.111111"
"2107413846","2052981274","0.111111"
"2052981274","2115322771","0.453968"
"2115322771","2052981274","0.453968"
"2052981274","2610486606","0.453968"
"2610486606","2052981274","0.453968"
"2056869169","2107413846","0.611111"
"2107413846","2056869169","0.611111"
"2056869169","2115322771","0.330891"
"2115322771","2056869169","0.330891"
"2056869169","2610486606","0.455891"
"2610486606","2056869169","0.455891"
"2107413846","2115322771","0.111111"
"2115322771","2107413846","0.111111"
"2107413846","2610486606","0.111111"
"2610486606","2107413846","0.111111"
"2115322771","2610486606","0.530891"
"2610486606","2115322771","0.530891"
"1482095592","2043173127","1"
"2043173127","1482095592","1"
"2005756737","2103133736","0.24359"
"2103133736","2005756737","0.24359"
"2077167455","2103133736","0.166667"
"2103133736","2077167455","0.166667"
"1500106691","2052981274","0.333333"
"2052981274","1500106691","0.333333"
"1500106691","2103133736","0.424242"
"2103133736","1500106691","0.424242"
"2052981274","2103133736","0.333333"
"2103133736","2052981274","0.333333"
"1482095592","2139725084","0.142857"
"2139725084","1482095592","0.142857"
"1965323515","2074588382","1.64286"
"2074588382","1965323515","1.64286"
"1965323515","2139725084","1.22736"
"2139725084","1965323515","1.22736"
"2018672716","2139725084","1.71978"
"2139725084","2018672716","1.71978"
"2074588382","2081672899","0.342857"
"2081672899","2074588382","0.342857"
"2074588382","2107413846","0.619048"
"2107413846","2074588382","0.619048"
"2074588382","2139725084","0.142857"
"2139725084","2074588382","0.142857"
"2081672899","2139725084","0.727356"
"2139725084","2081672899","0.727356"
"2103133736","2139725084","0.644023"
"2139725084","2103133736","0.644023"
"2107413846","2139725084","0.309524"
"2139725084","2107413846","0.309524"
"1500106691","1564947895","0.5"
"1564947895","1500106691","0.5"
"1500106691","1965323515","0.590909"
"1965323515","1500106691","0.590909"
"1564947895","1965323515","2.66667"
"1965323515","1564947895","2.66667"
"1500106691","1524627302","0.0909091"
"1524627302","1500106691","0.0909091"
"1500106691","1971348553","0.0909091"
"1971348553","1500106691","0.0909091"
"1500106691","2019597018","0.0909091"
"2019597018","1500106691","0.0909091"
"1500106691","2043173127","0.0909091"
"2043173127","1500106691","0.0909091"
"1500106691","2081672899","1.09091"
"2081672899","1500106691","1.09091"
"1500106691","2098608842","0.0909091"
"2098608842","1500106691","0.0909091"
"1500106691","2102969982","0.0909091"
"2102969982","1500106691","0.0909091"
"1500106691","2108249700","0.0909091"
"2108249700","1500106691","0.0909091"
"1500106691","2139725084","0.0909091"
"2139725084","1500106691","0.0909091"
"1524627302","1965323515","0.257576"
"1965323515","1524627302","0.257576"
"1524627302","1971348553","0.0909091"
"1971348553","1524627302","0.0909091"
"1524627302","2019597018","0.340909"
"2019597018","1524627302","0.340909"
"1524627302","2043173127","3.04091"
"2043173127","1524627302","3.04091"
"1524627302","2081672899","0.290909"
"2081672899","1524627302","0.290909"
"1524627302","2098608842","0.0909091"
"2098608842","1524627302","0.0909091"
"1524627302","2102969982","1.09091"
"2102969982","1524627302","1.09091"
"1524627302","2103133736","0.0909091"
"2103133736","1524627302","0.0909091"
"1524627302","2108249700","0.257576"
"2108249700","1524627302","0.257576"
"1524627302","2139725084","0.0909091"
"2139725084","1524627302","0.0909091"
"1965323515","1971348553","0.540909"
"1971348553","1965323515","0.540909"
"1965323515","2043173127","0.590909"
"2043173127","1965323515","0.590909"
"1965323515","2098608842","0.0909091"
"2098608842","1965323515","0.0909091"
"1965323515","2102969982","0.0909091"
"2102969982","1965323515","0.0909091"
"1965323515","2108249700","0.340909"
"2108249700","1965323515","0.340909"
"1971348553","2019597018","0.957576"
"2019597018","1971348553","0.957576"
"1971348553","2043173127","0.0909091"
"2043173127","1971348553","0.0909091"
"1971348553","2081672899","2.95758"
"2081672899","1971348553","2.95758"
"1971348553","2098608842","10.2909"
"2098608842","1971348553","10.2909"
"1971348553","2102969982","0.0909091"
"2102969982","1971348553","0.0909091"
"1971348553","2103133736","0.290909"
"2103133736","1971348553","0.290909"
"1971348553","2108249700","0.340909"
"2108249700","1971348553","0.340909"
"1971348553","2139725084","0.0909091"
"2139725084","1971348553","0.0909091"
"2019597018","2043173127","0.840909"
"2043173127","2019597018","0.840909"
"2019597018","2081672899","1.45117"
"2081672899","2019597018","1.45117"
"2019597018","2098608842","0.0909091"
"2098608842","2019597018","0.0909091"
"2019597018","2102969982","0.0909091"
"2102969982","2019597018","0.0909091"
"2019597018","2108249700","0.0909091"
"2108249700","2019597018","0.0909091"
"2019597018","2139725084","3.50117"
"2139725084","2019597018","3.50117"
"2043173127","2081672899","0.290909"
"2081672899","2043173127","0.290909"
"2043173127","2098608842","0.0909091"
"2098608842","2043173127","0.0909091"
"2043173127","2102969982","0.0909091"
"2102969982","2043173127","0.0909091"
"2043173127","2103133736","0.0909091"
"2103133736","2043173127","0.0909091"
"2043173127","2108249700","0.340909"
"2108249700","2043173127","0.340909"
"2043173127","2139725084","0.590909"
"2139725084","2043173127","0.590909"
"2081672899","2098608842","0.0909091"
"2098608842","2081672899","0.0909091"
"2081672899","2102969982","0.0909091"
"2102969982","2081672899","0.0909091"
"2081672899","2108249700","0.424242"
"2108249700","2081672899","0.424242"
"2098608842","2102969982","0.0909091"
"2102969982","2098608842","0.0909091"
"2098608842","2103133736","0.0909091"
"2103133736","2098608842","0.0909091"
"2098608842","2108249700","0.0909091"
"2108249700","2098608842","0.0909091"
"2098608842","2139725084","0.0909091"
"2139725084","2098608842","0.0909091"
"2102969982","2103133736","0.233766"
"2103133736","2102969982","0.233766"
"2102969982","2108249700","0.0909091"
"2108249700","2102969982","0.0909091"
"2102969982","2139725084","0.0909091"
"2139725084","2102969982","0.0909091"
"2103133736","2108249700","0.0909091"
"2108249700","2103133736","0.0909091"
"2108249700","2139725084","0.0909091"
"2139725084","2108249700","0.0909091"
"1524627302","2074588382","0.366667"
"2074588382","1524627302","0.366667"
"1524627302","2326602587","8.61667"
"2326602587","1524627302","8.61667"
"2043173127","2074588382","0.95"
"2074588382","2043173127","0.95"
"2043173127","2131149603","0.2"
"2131149603","2043173127","0.2"
"2043173127","2326602587","2.45"
"2326602587","2043173127","2.45"
"2081672899","2131149603","1.325"
"2131149603","2081672899","1.325"
"2081672899","2326602587","0.2"
"2326602587","2081672899","0.2"
"1524627302","2079127878","0.333333"
"2079127878","1524627302","0.333333"
"2043173127","2079127878","0.333333"
"2079127878","2043173127","0.333333"
"2077284205","2326602587","1.33333"
"2326602587","2077284205","1.33333"
"1524627302","1564947895","0.333333"
"1564947895","1524627302","0.333333"
"1524627302","2005756737","0.166667"
"2005756737","1524627302","0.166667"
"1564947895","2005756737","0.291667"
"2005756737","1564947895","0.291667"
"1564947895","2074588382","1.91667"
"2074588382","1564947895","1.91667"
"1564947895","2108249700","0.416667"
"2108249700","1564947895","0.416667"
"1564947895","2131149603","0.541667"
"2131149603","1564947895","0.541667"
"1564947895","2326602587","0.166667"
"2326602587","1564947895","0.166667"
"2005756737","2108249700","0.166667"
"2108249700","2005756737","0.166667"
"2074588382","2108249700","0.416667"
"2108249700","2074588382","0.416667"
"2108249700","2131149603","0.166667"
"2131149603","2108249700","0.166667"
"2108249700","2326602587","0.166667"
"2326602587","2108249700","0.166667"
"1524627302","2107413846","0.583333"
"2107413846","1524627302","0.583333"
"2019597018","2326602587","0.25"
"2326602587","2019597018","0.25"
"2043173127","2107413846","0.583333"
"2107413846","2043173127","0.583333"
"2043173127","2077284205","0.333333"
"2077284205","2043173127","0.333333"
"1524627302","2037883620","0.166667"
"2037883620","1524627302","0.166667"
"1524627302","2052981274","0.166667"
"2052981274","1524627302","0.166667"
"1524627302","2102524302","0.166667"
"2102524302","1524627302","0.166667"
"1524627302","2206741491","0.166667"
"2206741491","1524627302","0.166667"
"1564947895","2037883620","0.666667"
"2037883620","1564947895","0.666667"
"1564947895","2052981274","0.166667"
"2052981274","1564947895","0.166667"
"1564947895","2102524302","0.166667"
"2102524302","1564947895","0.166667"
"1564947895","2206741491","1.41667"
"2206741491","1564947895","1.41667"
"1965323515","2037883620","0.166667"
"2037883620","1965323515","0.166667"
"1965323515","2102524302","0.166667"
"2102524302","1965323515","0.166667"
"1965323515","2206741491","0.166667"
"2206741491","1965323515","0.166667"
"2037883620","2052981274","0.166667"
"2052981274","2037883620","0.166667"
"2037883620","2102524302","0.166667"
"2102524302","2037883620","0.166667"
"2037883620","2206741491","0.666667"
"2206741491","2037883620","0.666667"
"2052981274","2102524302","0.166667"
"2102524302","2052981274","0.166667"
"2052981274","2206741491","0.166667"
"2206741491","2052981274","0.166667"
"2102524302","2206741491","0.166667"
"2206741491","2102524302","0.166667"
"1564947895","2077284205","1.5"
"2077284205","1564947895","1.5"
"1965323515","2077284205","0.5"
"2077284205","1965323515","0.5"
"1564947895","2103133736","0.25"
"2103133736","1564947895","0.25"
"1564947895","2107413846","0.25"
"2107413846","1564947895","0.25"
"1564947895","2140706899","0.25"
"2140706899","1564947895","0.25"
"2103133736","2140706899","3.63645"
"2140706899","2103133736","3.63645"
"2107413846","2140706899","0.392857"
"2140706899","2107413846","0.392857"
"1564947895","2022741629","2"
"2022741629","1564947895","2"
"1564947895","2043173127","0.75"
"2043173127","1564947895","0.75"
"2043173127","2206741491","0.25"
"2206741491","2043173127","0.25"
"2074588382","2206741491","0.75"
"2206741491","2074588382","0.75"
"2108249700","2206741491","0.25"
"2206741491","2108249700","0.25"
"1564947895","2018672716","0.125"
"2018672716","1564947895","0.125"
"1564947895","2056869169","0.125"
"2056869169","1564947895","0.125"
"1564947895","2077167455","0.125"
"2077167455","1564947895","0.125"
"1564947895","2081672899","0.125"
"2081672899","1564947895","0.125"
"1564947895","2095468482","0.125"
"2095468482","1564947895","0.125"
"1564947895","2610486606","0.125"
"2610486606","1564947895","0.125"
"2005756737","2056869169","1.34478"
"2056869169","2005756737","1.34478"
"2005756737","2081672899","0.84478"
"2081672899","2005756737","0.84478"
"2005756737","2095468482","1.59478"
"2095468482","2005756737","1.59478"
"2056869169","2077167455","0.125"
"2077167455","2056869169","0.125"
"2056869169","2081672899","0.34478"
"2081672899","2056869169","0.34478"
"2056869169","2095468482","0.678114"
"2095468482","2056869169","0.678114"
"2056869169","2131149603","0.125"
"2131149603","2056869169","0.125"
"2077167455","2081672899","0.458333"
"2081672899","2077167455","0.458333"
"2077167455","2095468482","0.458333"
"2095468482","2077167455","0.458333"
"2081672899","2095468482","0.511447"
"2095468482","2081672899","0.511447"
"2081672899","2610486606","0.34478"
"2610486606","2081672899","0.34478"
"2095468482","2610486606","0.34478"
"2610486606","2095468482","0.34478"
"2131149603","2610486606","0.125"
"2610486606","2131149603","0.125"
"1585332569","2081672899","0.910256"
"2081672899","1585332569","0.910256"
"1585332569","2139725084","0.74359"
"2139725084","1585332569","0.74359"
"2019597018","2140706899","0.24359"
"2140706899","2019597018","0.24359"
"2081672899","2140706899","0.576923"
"2140706899","2081672899","0.576923"
"2095468482","2139725084","0.99359"
"2139725084","2095468482","0.99359"
"2095468482","2140706899","0.24359"
"2140706899","2095468482","0.24359"
"2139725084","2140706899","0.24359"
"2140706899","2139725084","0.24359"
"1585332569","1998550411","0.916667"
"1998550411","1585332569","0.916667"
"1998550411","2056869169","0.333333"
"2056869169","1998550411","0.333333"
"1998550411","2079127878","3.58333"
"2079127878","1998550411","3.58333"
"2056869169","2079127878","0.333333"
"2079127878","2056869169","0.333333"
"1585332569","2098608842","0.2"
"2098608842","1585332569","0.2"
"2018672716","2098608842","0.4"
"2098608842","2018672716","0.4"
"2077167455","2098608842","0.2"
"2098608842","2077167455","0.2"
"2098608842","2534858072","0.4"
"2534858072","2098608842","0.4"
"2098608842","2610486606","1.2"
"2610486606","2098608842","1.2"
"1998550411","2131149603","0.5"
"2131149603","1998550411","0.5"
"1998550411","2326602587","0.333333"
"2326602587","1998550411","0.333333"
"1965323515","2005756737","0.0769231"
"2005756737","1965323515","0.0769231"
"1965323515","2095468482","0.0769231"
"2095468482","1965323515","0.0769231"
"1965323515","2140706899","1.07692"
"2140706899","1965323515","1.07692"
"1965323515","2534858072","0.0769231"
"2534858072","1965323515","0.0769231"
"2005756737","2019597018","0.826923"
"2019597018","2005756737","0.826923"
"2005756737","2115322771","0.41978"
"2115322771","2005756737","0.41978"
"2005756737","2139725084","0.826923"
"2139725084","2005756737","0.826923"
"2056869169","2103133736","0.0769231"
"2103133736","2056869169","0.0769231"
"2056869169","2139725084","0.0769231"
"2139725084","2056869169","0.0769231"
"2056869169","2140706899","0.0769231"
"2140706899","2056869169","0.0769231"
"2056869169","2534858072","0.0769231"
"2534858072","2056869169","0.0769231"
"2081672899","2115322771","0.21978"
"2115322771","2081672899","0.21978"
"2081672899","2534858072","0.0769231"
"2534858072","2081672899","0.0769231"
"2095468482","2115322771","0.21978"
"2115322771","2095468482","0.21978"
"2103133736","2115322771","0.0769231"
"2115322771","2103133736","0.0769231"
"2103133736","2610486606","0.0769231"
"2610486606","2103133736","0.0769231"
"2115322771","2139725084","0.0769231"
"2139725084","2115322771","0.0769231"
"2115322771","2140706899","0.0769231"
"2140706899","2115322771","0.0769231"
"2115322771","2534858072","0.476923"
"2534858072","2115322771","0.476923"
"2139725084","2534858072","0.0769231"
"2534858072","2139725084","0.0769231"
"2139725084","2610486606","0.0769231"
"2610486606","2139725084","0.0769231"
"2052981274","2077167455","1.36667"
"2077167455","2052981274","1.36667"
"2052981274","2095468482","2.97619"
"2095468482","2052981274","2.97619"
"2079127878","2103133736","0.97619"
"2103133736","2079127878","0.97619"
"2079127878","2081672899","1.91667"
"2081672899","2079127878","1.91667"
"1585332569","2108249700","0.333333"
"2108249700","1585332569","0.333333"
"2077167455","2108249700","0.333333"
"2108249700","2077167455","0.333333"
"1971348553","2128889212","0.866667"
"2128889212","1971348553","0.866667"
"2019597018","2128889212","0.866667"
"2128889212","2019597018","0.866667"
"1965323515","2079127878","1.16667"
"2079127878","1965323515","1.16667"
"1998550411","2019597018","0.166667"
"2019597018","1998550411","0.166667"
"1998550411","2139725084","0.166667"
"2139725084","1998550411","0.166667"
"2019597018","2131149603","0.166667"
"2131149603","2019597018","0.166667"
"2131149603","2139725084","0.166667"
"2139725084","2131149603","0.166667"
"2019597018","2079127878","0.333333"
"2079127878","2019597018","0.333333"
"1965323515","3011939999","0.25"
"3011939999","1965323515","0.25"
"1971348553","2079127878","0.25"
"2079127878","1971348553","0.25"
"1971348553","3011939999","0.25"
"3011939999","1971348553","0.25"
"2079127878","2108249700","0.25"
"2108249700","2079127878","0.25"
"2079127878","3011939999","0.25"
"3011939999","2079127878","0.25"
"2108249700","3011939999","0.25"
"3011939999","2108249700","0.25"
"1971348553","2610486606","0.2"
"2610486606","1971348553","0.2"
"1971348553","2115322771","0.2"
"2115322771","1971348553","0.2"
"2005756737","2098608842","1.2"
"2098608842","2005756737","1.2"
"2098608842","2115322771","0.2"
"2115322771","2098608842","0.2"
"1998550411","2108249700","1"
"2108249700","1998550411","1"
"1998550411","2140706899","1"
"2140706899","1998550411","1"
"2000680432","2102524302","2"
"2102524302","2000680432","2"
"2005756737","2052981274","0.642857"
"2052981274","2005756737","0.642857"
"2052981274","2081672899","0.142857"
"2081672899","2052981274","0.142857"
"2081672899","2136326827","0.5"
"2136326827","2081672899","0.5"
"2005756737","2107413846","0.5"
"2107413846","2005756737","0.5"
"2018672716","2102524302","1.5"
"2102524302","2018672716","1.5"
"2102524302","2534858072","1.5"
"2534858072","2102524302","1.5"
"2052981274","2534858072","1.03333"
"2534858072","2052981274","1.03333"
"2077167455","2115322771","0.2"
"2115322771","2077167455","0.2"
"2043173127","2140706899","1"
"2140706899","2043173127","1"
"2052981274","2136326827","0.5"
"2136326827","2052981274","0.5"
"2074588382","2102969982","0.142857"
"2102969982","2074588382","0.142857"
"2077284205","2079127878","0.142857"
"2079127878","2077284205","0.142857"
"2077284205","2107413846","0.142857"
"2107413846","2077284205","0.142857"
"2077284205","2140706899","0.142857"
"2140706899","2077284205","0.142857"
"2079127878","2102969982","0.142857"
"2102969982","2079127878","0.142857"
"2079127878","2107413846","0.142857"
"2107413846","2079127878","0.142857"
"2079127878","2131149603","0.142857"
"2131149603","2079127878","0.142857"
"2102969982","2107413846","0.142857"
"2107413846","2102969982","0.142857"
"2102969982","2131149603","0.642857"
"2131149603","2102969982","0.642857"
"2102969982","2140706899","0.142857"
"2140706899","2102969982","0.142857"
"2102524302","2108249700","1"
"2108249700","2102524302","1"
