"118071516","2123298883","2"
"2123298883","118071516","2"
"118071516","1770639804","1.2"
"1770639804","118071516","1.2"
"118071516","2060641886","2.2"
"2060641886","118071516","2.2"
"1770639804","2060641886","5.98333"
"2060641886","1770639804","5.98333"
"118071516","1891064324","0.2"
"1891064324","118071516","0.2"
"118071516","2050271183","0.2"
"2050271183","118071516","0.2"
"118071516","2114854118","0.2"
"2114854118","118071516","0.2"
"1770639804","1891064324","1.65"
"1891064324","1770639804","1.65"
"1770639804","2050271183","0.4"
"2050271183","1770639804","0.4"
"1770639804","2114854118","4.28333"
"2114854118","1770639804","4.28333"
"1891064324","2050271183","0.4"
"2050271183","1891064324","0.4"
"1891064324","2060641886","10.4333"
"2060641886","1891064324","10.4333"
"1891064324","2114854118","7.23333"
"2114854118","1891064324","7.23333"
"2050271183","2060641886","0.4"
"2060641886","2050271183","0.4"
"2050271183","2114854118","0.2"
"2114854118","2050271183","0.2"
"2060641886","2114854118","11.0667"
"2114854118","2060641886","11.0667"
"118071516","2877314927","1"
"2877314927","118071516","1"
"144283917","1998411568","0.625"
"1998411568","144283917","0.625"
"144283917","2032469627","0.5"
"2032469627","144283917","0.5"
"1998411568","2032469627","1.34286"
"2032469627","1998411568","1.34286"
"144283917","148781826","1.625"
"148781826","144283917","1.625"
"144283917","1591790654","0.625"
"1591790654","144283917","0.625"
"148781826","1591790654","6.5"
"1591790654","148781826","6.5"
"144283917","1513931586","0.125"
"1513931586","144283917","0.125"
"144283917","1519374900","0.125"
"1519374900","144283917","0.125"
"144283917","2029317306","0.125"
"2029317306","144283917","0.125"
"144283917","2159452953","0.125"
"2159452953","144283917","0.125"
"144283917","67348942","0.125"
"67348942","144283917","0.125"
"148781826","1513931586","0.125"
"1513931586","148781826","0.125"
"148781826","1519374900","0.125"
"1519374900","148781826","0.125"
"148781826","1998411568","0.125"
"1998411568","148781826","0.125"
"148781826","2029317306","0.125"
"2029317306","148781826","0.125"
"148781826","2159452953","0.125"
"2159452953","148781826","0.125"
"148781826","67348942","0.125"
"67348942","148781826","0.125"
"1513931586","1519374900","1.51786"
"1519374900","1513931586","1.51786"
"1513931586","1591790654","1.10877"
"1591790654","1513931586","1.10877"
"1513931586","1998411568","1.05119"
"1998411568","1513931586","1.05119"
"1513931586","2029317306","1.96591"
"2029317306","1513931586","1.96591"
"1513931586","2159452953","1.97543"
"2159452953","1513931586","1.97543"
"1513931586","67348942","1.55119"
"67348942","1513931586","1.55119"
"1519374900","1591790654","0.85119"
"1591790654","1519374900","0.85119"
"1519374900","1998411568","0.267857"
"1998411568","1519374900","0.267857"
"1519374900","2029317306","0.375"
"2029317306","1519374900","0.375"
"1519374900","2159452953","0.267857"
"2159452953","1519374900","0.267857"
"1519374900","67348942","0.267857"
"67348942","1519374900","0.267857"
"1591790654","1998411568","0.267857"
"1998411568","1591790654","0.267857"
"1591790654","2029317306","0.799242"
"2029317306","1591790654","0.799242"
"1591790654","2159452953","0.6921"
"2159452953","1591790654","0.6921"
"1591790654","67348942","0.60119"
"67348942","1591790654","0.60119"
"1998411568","2029317306","0.125"
"2029317306","1998411568","0.125"
"1998411568","2159452953","1.55119"
"2159452953","1998411568","1.55119"
"1998411568","67348942","0.717857"
"67348942","1998411568","0.717857"
"2029317306","2159452953","0.549242"
"2159452953","2029317306","0.549242"
"2029317306","67348942","0.458333"
"67348942","2029317306","0.458333"
"2159452953","67348942","3.38452"
"67348942","2159452953","3.38452"
"148065489","1513931586","0.0909091"
"1513931586","148065489","0.0909091"
"148065489","1591790654","0.0909091"
"1591790654","148065489","0.0909091"
"148065489","2029317306","0.0909091"
"2029317306","148065489","0.0909091"
"148065489","2042402788","0.0909091"
"2042402788","148065489","0.0909091"
"148065489","2147827786","0.0909091"
"2147827786","148065489","0.0909091"
"148065489","2159452953","0.0909091"
"2159452953","148065489","0.0909091"
"148065489","2578500167","0.0909091"
"2578500167","148065489","0.0909091"
"148065489","2877314927","0.0909091"
"2877314927","148065489","0.0909091"
"148065489","2942775023","0.0909091"
"2942775023","148065489","0.0909091"
"148065489","2948515991","0.0909091"
"2948515991","148065489","0.0909091"
"148065489","380839530","0.0909091"
"380839530","148065489","0.0909091"
"1513931586","2042402788","0.0909091"
"2042402788","1513931586","0.0909091"
"1513931586","2147827786","0.0909091"
"2147827786","1513931586","0.0909091"
"1513931586","2578500167","0.0909091"
"2578500167","1513931586","0.0909091"
"1513931586","2877314927","1.67424"
"2877314927","1513931586","1.67424"
"1513931586","2942775023","0.0909091"
"2942775023","1513931586","0.0909091"
"1513931586","2948515991","0.0909091"
"2948515991","1513931586","0.0909091"
"1513931586","380839530","0.0909091"
"380839530","1513931586","0.0909091"
"1591790654","2042402788","0.215909"
"2042402788","1591790654","0.215909"
"1591790654","2147827786","0.0909091"
"2147827786","1591790654","0.0909091"
"1591790654","2578500167","1.13258"
"2578500167","1591790654","1.13258"
"1591790654","2877314927","1.96591"
"2877314927","1591790654","1.96591"
"1591790654","2942775023","0.215909"
"2942775023","1591790654","0.215909"
"1591790654","2948515991","0.965909"
"2948515991","1591790654","0.965909"
"1591790654","380839530","0.215909"
"380839530","1591790654","0.215909"
"2029317306","2042402788","0.0909091"
"2042402788","2029317306","0.0909091"
"2029317306","2147827786","0.0909091"
"2147827786","2029317306","0.0909091"
"2029317306","2578500167","0.0909091"
"2578500167","2029317306","0.0909091"
"2029317306","2877314927","0.0909091"
"2877314927","2029317306","0.0909091"
"2029317306","2942775023","0.0909091"
"2942775023","2029317306","0.0909091"
"2029317306","2948515991","0.0909091"
"2948515991","2029317306","0.0909091"
"2029317306","380839530","0.0909091"
"380839530","2029317306","0.0909091"
"2042402788","2147827786","2.09091"
"2147827786","2042402788","2.09091"
"2042402788","2159452953","0.0909091"
"2159452953","2042402788","0.0909091"
"2042402788","2578500167","2.96591"
"2578500167","2042402788","2.96591"
"2042402788","2877314927","0.215909"
"2877314927","2042402788","0.215909"
"2042402788","2942775023","0.465909"
"2942775023","2042402788","0.465909"
"2042402788","2948515991","0.215909"
"2948515991","2042402788","0.215909"
"2042402788","380839530","0.215909"
"380839530","2042402788","0.215909"
"2147827786","2159452953","0.0909091"
"2159452953","2147827786","0.0909091"
"2147827786","2578500167","0.340909"
"2578500167","2147827786","0.340909"
"2147827786","2877314927","0.0909091"
"2877314927","2147827786","0.0909091"
"2147827786","2942775023","0.0909091"
"2942775023","2147827786","0.0909091"
"2147827786","2948515991","0.0909091"
"2948515991","2147827786","0.0909091"
"2147827786","380839530","0.0909091"
"380839530","2147827786","0.0909091"
"2159452953","2578500167","0.0909091"
"2578500167","2159452953","0.0909091"
"2159452953","2877314927","0.674242"
"2877314927","2159452953","0.674242"
"2159452953","2942775023","0.0909091"
"2942775023","2159452953","0.0909091"
"2159452953","2948515991","0.0909091"
"2948515991","2159452953","0.0909091"
"2159452953","380839530","0.0909091"
"380839530","2159452953","0.0909091"
"2578500167","2877314927","1.13258"
"2877314927","2578500167","1.13258"
"2578500167","2942775023","0.465909"
"2942775023","2578500167","0.465909"
"2578500167","2948515991","0.465909"
"2948515991","2578500167","0.465909"
"2578500167","380839530","1.21591"
"380839530","2578500167","1.21591"
"2877314927","2942775023","0.215909"
"2942775023","2877314927","0.215909"
"2877314927","2948515991","1.96591"
"2948515991","2877314927","1.96591"
"2877314927","380839530","0.215909"
"380839530","2877314927","0.215909"
"2942775023","2948515991","2.21591"
"2948515991","2942775023","2.21591"
"2942775023","380839530","0.215909"
"380839530","2942775023","0.215909"
"2948515991","380839530","0.215909"
"380839530","2948515991","0.215909"
"148781826","2025328771","0.833333"
"2025328771","148781826","0.833333"
"148781826","2877314927","1.04167"
"2877314927","148781826","1.04167"
"1591790654","2025328771","0.833333"
"2025328771","1591790654","0.833333"
"2025328771","2877314927","0.333333"
"2877314927","2025328771","0.333333"
"148781826","2147827786","0.25"
"2147827786","148781826","0.25"
"148781826","2192159730","0.375"
"2192159730","148781826","0.375"
"148781826","2578500167","0.958333"
"2578500167","148781826","0.958333"
"148781826","328363790","0.25"
"328363790","148781826","0.25"
"2147827786","2192159730","0.25"
"2192159730","2147827786","0.25"
"2147827786","328363790","0.25"
"328363790","2147827786","0.25"
"2192159730","2578500167","0.625"
"2578500167","2192159730","0.625"
"2192159730","328363790","0.25"
"328363790","2192159730","0.25"
"2578500167","328363790","0.25"
"328363790","2578500167","0.25"
"148781826","2042402788","0.125"
"2042402788","148781826","0.125"
"148781826","2942775023","0.125"
"2942775023","148781826","0.125"
"148781826","2948515991","0.375"
"2948515991","148781826","0.375"
"148781826","380839530","0.125"
"380839530","148781826","0.125"
"1591790654","2192159730","0.125"
"2192159730","1591790654","0.125"
"2042402788","2192159730","0.375"
"2192159730","2042402788","0.375"
"2192159730","2877314927","0.125"
"2877314927","2192159730","0.125"
"2192159730","2942775023","0.375"
"2942775023","2192159730","0.375"
"2192159730","2948515991","0.125"
"2948515991","2192159730","0.125"
"2192159730","380839530","0.125"
"380839530","2192159730","0.125"
"148781826","2113339020","1"
"2113339020","148781826","1"
"148781826","2130939685","0.333333"
"2130939685","148781826","0.333333"
"148781826","2894051691","0.333333"
"2894051691","148781826","0.333333"
"1591790654","2130939685","0.333333"
"2130939685","1591790654","0.333333"
"1591790654","2894051691","0.333333"
"2894051691","1591790654","0.333333"
"2130939685","2894051691","0.333333"
"2894051691","2130939685","0.333333"
"1998411568","2877314927","0.583333"
"2877314927","1998411568","0.583333"
"1513931586","2032469627","1.59286"
"2032469627","1513931586","1.59286"
"1513931586","2063299807","1.84286"
"2063299807","1513931586","1.84286"
"1998411568","2063299807","0.342857"
"2063299807","1998411568","0.342857"
"2032469627","2063299807","1.34286"
"2063299807","2032469627","1.34286"
"2032469627","2159452953","1.34286"
"2159452953","2032469627","1.34286"
"2032469627","67348942","0.842857"
"67348942","2032469627","0.842857"
"2063299807","2159452953","0.342857"
"2159452953","2063299807","0.342857"
"2063299807","67348942","0.342857"
"67348942","2063299807","0.342857"
"1519374900","2032469627","0.392857"
"2032469627","1519374900","0.392857"
"1591790654","2032469627","0.392857"
"2032469627","1591790654","0.392857"
"2029317306","2032469627","1.75"
"2032469627","2029317306","1.75"
"1513931586","2025328771","0.5"
"2025328771","1513931586","0.5"
"2025328771","2063299807","1.5"
"2063299807","2025328771","1.5"
"2029317306","2063299807","1"
"2063299807","2029317306","1"
"1519374900","2063299807","0.142857"
"2063299807","1519374900","0.142857"
"1591790654","2063299807","0.142857"
"2063299807","1591790654","0.142857"
"1513931586","2130939685","0.5"
"2130939685","1513931586","0.5"
"2063299807","2130939685","1"
"2130939685","2063299807","1"
"2877314927","67348942","0.25"
"67348942","2877314927","0.25"
"1513931586","2192159730","1"
"2192159730","1513931586","1"
"1513931586","1985213014","0.833333"
"1985213014","1513931586","0.833333"
"1985213014","2159452953","0.333333"
"2159452953","1985213014","0.333333"
"1985213014","67348942","0.333333"
"67348942","1985213014","0.333333"
"1591790654","1985213014","0.5"
"1985213014","1591790654","0.5"
"1519374900","2578500167","0.333333"
"2578500167","1519374900","0.333333"
"1519374900","2877314927","0.333333"
"2877314927","1519374900","0.333333"
"1591790654","2087849241","1"
"2087849241","1591790654","1"
"1770639804","2066114421","1.25"
"2066114421","1770639804","1.25"
"1891064324","2066114421","6.86667"
"2066114421","1891064324","6.86667"
"2060641886","2066114421","9.7"
"2066114421","2060641886","9.7"
"2066114421","2114854118","6.2"
"2114854118","2066114421","6.2"
"1770639804","2030867627","0.366667"
"2030867627","1770639804","0.366667"
"1770639804","2153837016","0.366667"
"2153837016","1770639804","0.366667"
"1891064324","2030867627","2.15"
"2030867627","1891064324","2.15"
"1891064324","2153837016","1.06667"
"2153837016","1891064324","1.06667"
"2030867627","2050271183","0.2"
"2050271183","2030867627","0.2"
"2030867627","2060641886","12.15"
"2060641886","2030867627","12.15"
"2030867627","2153837016","0.566667"
"2153837016","2030867627","0.566667"
"2050271183","2153837016","0.2"
"2153837016","2050271183","0.2"
"2060641886","2153837016","1.06667"
"2153837016","2060641886","1.06667"
"1770639804","2029317306","0.5"
"2029317306","1770639804","0.5"
"2029317306","2114854118","0.5"
"2114854118","2029317306","0.5"
"2030867627","2066114421","1.11667"
"2066114421","2030867627","1.11667"
"2030867627","2114854118","1.45"
"2114854118","2030867627","1.45"
"2066114421","2153837016","0.866667"
"2153837016","2066114421","0.866667"
"2114854118","2153837016","0.866667"
"2153837016","2114854118","0.866667"
"1977278384","2914414660","1.33333"
"2914414660","1977278384","1.33333"
"1977278384","2067061116","0.833333"
"2067061116","1977278384","0.833333"
"1977278384","2113339020","0.5"
"2113339020","1977278384","0.5"
"2067061116","2113339020","0.5"
"2113339020","2067061116","0.5"
"1977278384","2114854118","0.333333"
"2114854118","1977278384","0.333333"
"2067061116","2114854118","0.333333"
"2114854118","2067061116","0.333333"
"2067061116","2914414660","0.333333"
"2914414660","2067061116","0.333333"
"2114854118","2914414660","0.333333"
"2914414660","2114854118","0.333333"
"1985213014","2025328771","1"
"2025328771","1985213014","1"
"1985213014","2063299807","1"
"2063299807","1985213014","1"
"1998411568","2914414660","1"
"2914414660","1998411568","1"
"2012477269","2894051691","1"
"2894051691","2012477269","1"
"2025328771","2042402788","2.75"
"2042402788","2025328771","2.75"
"2025328771","2192159730","0.25"
"2192159730","2025328771","0.25"
"2025328771","2578500167","1.75"
"2578500167","2025328771","1.75"
"2025328771","2942775023","0.25"
"2942775023","2025328771","0.25"
"2030867627","2134871905","0.5"
"2134871905","2030867627","0.5"
"2030867627","2403822817","0.5"
"2403822817","2030867627","0.5"
"2134871905","2403822817","5.5"
"2403822817","2134871905","5.5"
"2032469627","2130939685","1"
"2130939685","2032469627","1"
"2032469627","2920844360","0.5"
"2920844360","2032469627","0.5"
"2130939685","2920844360","0.5"
"2920844360","2130939685","0.5"
"2042402788","328363790","1"
"328363790","2042402788","1"
"2067061116","2545005098","1"
"2545005098","2067061116","1"
"2113339020","2545005098","0.5"
"2545005098","2113339020","0.5"
"2113339020","2914414660","0.5"
"2914414660","2113339020","0.5"
"2545005098","2914414660","0.5"
"2914414660","2545005098","0.5"
