"104592437","1994470520","0.111111"
"1994470520","104592437","0.111111"
"104592437","2060606331","0.333333"
"2060606331","104592437","0.333333"
"104592437","2062658884","0.111111"
"2062658884","104592437","0.111111"
"104592437","2117601224","0.111111"
"2117601224","104592437","0.111111"
"104592437","2150256373","0.533333"
"2150256373","104592437","0.533333"
"104592437","2160637955","0.111111"
"2160637955","104592437","0.111111"
"104592437","2164813114","0.111111"
"2164813114","104592437","0.111111"
"104592437","2306645719","0.333333"
"2306645719","104592437","0.333333"
"104592437","2489225457","0.333333"
"2489225457","104592437","0.333333"
"1994470520","2060606331","0.361111"
"2060606331","1994470520","0.361111"
"1994470520","2062658884","1.90675"
"2062658884","1994470520","1.90675"
"1994470520","2117601224","1.77183"
"2117601224","1994470520","1.77183"
"1994470520","2150256373","7.84008"
"2150256373","1994470520","7.84008"
"1994470520","2160637955","0.521825"
"2160637955","1994470520","0.521825"
"1994470520","2164813114","5.10516"
"2164813114","1994470520","5.10516"
"1994470520","2306645719","0.277778"
"2306645719","1994470520","0.277778"
"1994470520","2489225457","0.472222"
"2489225457","1994470520","0.472222"
"2060606331","2062658884","0.611111"
"2062658884","2060606331","0.611111"
"2060606331","2117601224","0.277778"
"2117601224","2060606331","0.277778"
"2060606331","2150256373","1.03333"
"2150256373","2060606331","1.03333"
"2060606331","2160637955","0.111111"
"2160637955","2060606331","0.111111"
"2060606331","2164813114","1.22778"
"2164813114","2060606331","1.22778"
"2060606331","2306645719","0.333333"
"2306645719","2060606331","0.333333"
"2060606331","2489225457","2.75"
"2489225457","2060606331","2.75"
"2062658884","2117601224","1.87897"
"2117601224","2062658884","1.87897"
"2062658884","2150256373","0.277778"
"2150256373","2062658884","0.277778"
"2062658884","2160637955","1.37897"
"2160637955","2062658884","1.37897"
"2062658884","2164813114","2.29563"
"2164813114","2062658884","2.29563"
"2062658884","2306645719","0.277778"
"2306645719","2062658884","0.277778"
"2062658884","2489225457","0.722222"
"2489225457","2062658884","0.722222"
"2117601224","2150256373","0.253968"
"2150256373","2117601224","0.253968"
"2117601224","2160637955","0.521825"
"2160637955","2117601224","0.521825"
"2117601224","2164813114","3.43849"
"2164813114","2117601224","3.43849"
"2117601224","2306645719","0.111111"
"2306645719","2117601224","0.111111"
"2117601224","2489225457","0.277778"
"2489225457","2117601224","0.277778"
"2150256373","2160637955","0.253968"
"2160637955","2150256373","0.253968"
"2150256373","2164813114","3.63849"
"2164813114","2150256373","3.63849"
"2150256373","2306645719","0.625"
"2306645719","2150256373","0.625"
"2150256373","2489225457","0.333333"
"2489225457","2150256373","0.333333"
"2160637955","2164813114","0.521825"
"2164813114","2160637955","0.521825"
"2160637955","2306645719","0.111111"
"2306645719","2160637955","0.111111"
"2160637955","2489225457","0.111111"
"2489225457","2160637955","0.111111"
"2164813114","2306645719","1.15278"
"2306645719","2164813114","1.15278"
"2164813114","2489225457","3.27778"
"2489225457","2164813114","3.27778"
"2306645719","2489225457","1.08333"
"2489225457","2306645719","1.08333"
"104592437","1492737313","0.311111"
"1492737313","104592437","0.311111"
"104592437","2094793656","0.422222"
"2094793656","104592437","0.422222"
"104592437","2143445300","0.311111"
"2143445300","104592437","0.311111"
"104592437","2168428279","0.2"
"2168428279","104592437","0.2"
"1492737313","2094793656","4.48611"
"2094793656","1492737313","4.48611"
"1492737313","2143445300","1.05278"
"2143445300","1492737313","1.05278"
"1492737313","2150256373","7.94444"
"2150256373","1492737313","7.94444"
"1492737313","2168428279","0.575"
"2168428279","1492737313","0.575"
"2094793656","2143445300","0.927778"
"2143445300","2094793656","0.927778"
"2094793656","2150256373","6.09722"
"2150256373","2094793656","6.09722"
"2094793656","2168428279","0.45"
"2168428279","2094793656","0.45"
"2143445300","2150256373","2.52897"
"2150256373","2143445300","2.52897"
"2143445300","2168428279","6.575"
"2168428279","2143445300","6.575"
"2150256373","2168428279","0.575"
"2168428279","2150256373","0.575"
"104592437","203854510","0.111111"
"203854510","104592437","0.111111"
"104592437","2041133827","0.111111"
"2041133827","104592437","0.111111"
"104592437","2047167182","0.111111"
"2047167182","104592437","0.111111"
"104592437","2097653014","0.111111"
"2097653014","104592437","0.111111"
"203854510","2041133827","1.0123"
"2041133827","203854510","1.0123"
"203854510","2047167182","0.847222"
"2047167182","203854510","0.847222"
"203854510","2060606331","0.111111"
"2060606331","203854510","0.111111"
"203854510","2094793656","0.702778"
"2094793656","203854510","0.702778"
"203854510","2097653014","0.365079"
"2097653014","203854510","0.365079"
"203854510","2150256373","4.20675"
"2150256373","203854510","4.20675"
"203854510","2306645719","0.111111"
"2306645719","203854510","0.111111"
"203854510","2489225457","0.222222"
"2489225457","203854510","0.222222"
"2041133827","2047167182","0.111111"
"2047167182","2041133827","0.111111"
"2041133827","2060606331","0.311111"
"2060606331","2041133827","0.311111"
"2041133827","2094793656","1.95278"
"2094793656","2041133827","1.95278"
"2041133827","2097653014","0.920635"
"2097653014","2041133827","0.920635"
"2041133827","2150256373","8.12897"
"2150256373","2041133827","8.12897"
"2041133827","2306645719","0.111111"
"2306645719","2041133827","0.111111"
"2041133827","2489225457","0.111111"
"2489225457","2041133827","0.111111"
"2047167182","2060606331","0.361111"
"2060606331","2047167182","0.361111"
"2047167182","2094793656","0.277778"
"2094793656","2047167182","0.277778"
"2047167182","2097653014","0.111111"
"2097653014","2047167182","0.111111"
"2047167182","2150256373","0.795635"
"2150256373","2047167182","0.795635"
"2047167182","2306645719","0.236111"
"2306645719","2047167182","0.236111"
"2047167182","2489225457","0.472222"
"2489225457","2047167182","0.472222"
"2060606331","2094793656","0.222222"
"2094793656","2060606331","0.222222"
"2060606331","2097653014","0.111111"
"2097653014","2060606331","0.111111"
"2094793656","2097653014","0.777778"
"2097653014","2094793656","0.777778"
"2094793656","2306645719","0.222222"
"2306645719","2094793656","0.222222"
"2094793656","2489225457","0.222222"
"2489225457","2094793656","0.222222"
"2097653014","2150256373","10.8651"
"2150256373","2097653014","10.8651"
"2097653014","2306645719","0.111111"
"2306645719","2097653014","0.111111"
"2097653014","2489225457","0.111111"
"2489225457","2097653014","0.111111"
"104592437","1972051027","2.11111"
"1972051027","104592437","2.11111"
"104592437","2048519107","0.111111"
"2048519107","104592437","0.111111"
"1492737313","1972051027","0.236111"
"1972051027","1492737313","0.236111"
"1492737313","2048519107","0.586111"
"2048519107","1492737313","0.586111"
"1492737313","2060606331","0.111111"
"2060606331","1492737313","0.111111"
"1492737313","2306645719","0.236111"
"2306645719","1492737313","0.236111"
"1492737313","2489225457","0.111111"
"2489225457","1492737313","0.111111"
"1972051027","2048519107","0.111111"
"2048519107","1972051027","0.111111"
"1972051027","2060606331","0.111111"
"2060606331","1972051027","0.111111"
"1972051027","2094793656","0.111111"
"2094793656","1972051027","0.111111"
"1972051027","2143445300","0.236111"
"2143445300","1972051027","0.236111"
"1972051027","2150256373","0.402778"
"2150256373","1972051027","0.402778"
"1972051027","2306645719","13.6528"
"2306645719","1972051027","13.6528"
"1972051027","2489225457","0.861111"
"2489225457","1972051027","0.861111"
"2048519107","2060606331","0.111111"
"2060606331","2048519107","0.111111"
"2048519107","2094793656","0.586111"
"2094793656","2048519107","0.586111"
"2048519107","2143445300","0.111111"
"2143445300","2048519107","0.111111"
"2048519107","2150256373","0.586111"
"2150256373","2048519107","0.586111"
"2048519107","2306645719","0.111111"
"2306645719","2048519107","0.111111"
"2048519107","2489225457","0.111111"
"2489225457","2048519107","0.111111"
"2060606331","2143445300","0.111111"
"2143445300","2060606331","0.111111"
"2143445300","2306645719","0.236111"
"2306645719","2143445300","0.236111"
"2143445300","2489225457","0.111111"
"2489225457","2143445300","0.111111"
"1492737313","2080907289","0.25"
"2080907289","1492737313","0.25"
"1492737313","2164813114","0.375"
"2164813114","1492737313","0.375"
"2080907289","2094793656","0.25"
"2094793656","2080907289","0.25"
"2080907289","2150256373","0.583333"
"2150256373","2080907289","0.583333"
"2080907289","2164813114","2.125"
"2164813114","2080907289","2.125"
"2094793656","2164813114","0.25"
"2164813114","2094793656","0.25"
"1492737313","1994470520","1.68333"
"1994470520","1492737313","1.68333"
"1492737313","2016668445","0.225"
"2016668445","1492737313","0.225"
"1492737313","203854510","1.05"
"203854510","1492737313","1.05"
"1492737313","2078003482","0.25"
"2078003482","1492737313","0.25"
"1492737313","2099486406","0.225"
"2099486406","1492737313","0.225"
"1492737313","2159263269","0.125"
"2159263269","1492737313","0.125"
"1492737313","598954214","0.35"
"598954214","1492737313","0.35"
"1492737313","944395274","0.225"
"944395274","1492737313","0.225"
"1994470520","2016668445","0.621825"
"2016668445","1994470520","0.621825"
"1994470520","203854510","6.84008"
"203854510","1994470520","6.84008"
"1994470520","2078003482","0.392857"
"2078003482","1994470520","0.392857"
"1994470520","2099486406","2.16944"
"2099486406","1994470520","2.16944"
"1994470520","2159263269","1.88294"
"2159263269","1994470520","1.88294"
"1994470520","598954214","2.59008"
"598954214","1994470520","2.59008"
"1994470520","944395274","0.621825"
"944395274","1994470520","0.621825"
"2016668445","203854510","0.478968"
"203854510","2016668445","0.478968"
"2016668445","2078003482","0.267857"
"2078003482","2016668445","0.267857"
"2016668445","2099486406","0.336111"
"2099486406","2016668445","0.336111"
"2016668445","2159263269","1.3623"
"2159263269","2016668445","1.3623"
"2016668445","598954214","7.65278"
"598954214","2016668445","7.65278"
"2016668445","944395274","12.9385"
"944395274","2016668445","12.9385"
"203854510","2078003482","0.535714"
"2078003482","203854510","0.535714"
"203854510","2099486406","0.836111"
"2099486406","203854510","0.836111"
"203854510","2159263269","1.40675"
"2159263269","203854510","1.40675"
"203854510","598954214","0.447222"
"598954214","203854510","0.447222"
"203854510","944395274","0.478968"
"944395274","203854510","0.478968"
"2078003482","2099486406","0.125"
"2099486406","2078003482","0.125"
"2078003482","2159263269","0.267857"
"2159263269","2078003482","0.267857"
"2078003482","598954214","0.125"
"598954214","2078003482","0.125"
"2078003482","944395274","0.267857"
"944395274","2078003482","0.267857"
"2099486406","2159263269","2.06944"
"2159263269","2099486406","2.06944"
"2099486406","598954214","0.336111"
"598954214","2099486406","0.336111"
"2099486406","944395274","0.336111"
"944395274","2099486406","0.336111"
"2159263269","598954214","1.72341"
"598954214","2159263269","1.72341"
"2159263269","944395274","1.3623"
"944395274","2159263269","1.3623"
"598954214","944395274","7.65278"
"944395274","598954214","7.65278"
"1492737313","2041133827","1.00833"
"2041133827","1492737313","1.00833"
"1994470520","2041133827","0.808333"
"2041133827","1994470520","0.808333"
"1994470520","2048519107","0.475"
"2048519107","1994470520","0.475"
"1994470520","2094793656","0.891667"
"2094793656","1994470520","0.891667"
"2016668445","2041133827","0.1"
"2041133827","2016668445","0.1"
"2016668445","2048519107","0.1"
"2048519107","2016668445","0.1"
"2016668445","2094793656","0.1"
"2094793656","2016668445","0.1"
"2016668445","2150256373","0.411111"
"2150256373","2016668445","0.411111"
"203854510","2048519107","0.225"
"2048519107","203854510","0.225"
"2041133827","2048519107","0.225"
"2048519107","2041133827","0.225"
"2041133827","2099486406","1.1"
"2099486406","2041133827","1.1"
"2041133827","598954214","0.1"
"598954214","2041133827","0.1"
"2041133827","944395274","0.1"
"944395274","2041133827","0.1"
"2048519107","2099486406","0.1"
"2099486406","2048519107","0.1"
"2048519107","598954214","0.1"
"598954214","2048519107","0.1"
"2048519107","944395274","0.1"
"944395274","2048519107","0.1"
"2094793656","2099486406","0.1"
"2099486406","2094793656","0.1"
"2094793656","598954214","0.1"
"598954214","2094793656","0.1"
"2094793656","944395274","0.1"
"944395274","2094793656","0.1"
"2099486406","2150256373","0.711111"
"2150256373","2099486406","0.711111"
"2150256373","598954214","1.42897"
"598954214","2150256373","1.42897"
"2150256373","944395274","0.411111"
"944395274","2150256373","0.411111"
"1492737313","2160288944","0.958333"
"2160288944","1492737313","0.958333"
"1994470520","2160288944","8.06349"
"2160288944","1994470520","8.06349"
"203854510","2160288944","2.81349"
"2160288944","203854510","2.81349"
"2041133827","2078003482","0.267857"
"2078003482","2041133827","0.267857"
"2041133827","2160288944","0.267857"
"2160288944","2041133827","0.267857"
"2048519107","2078003482","0.125"
"2078003482","2048519107","0.125"
"2048519107","2160288944","0.125"
"2160288944","2048519107","0.125"
"2078003482","2094793656","0.125"
"2094793656","2078003482","0.125"
"2078003482","2150256373","0.267857"
"2150256373","2078003482","0.267857"
"2078003482","2160288944","0.410714"
"2160288944","2078003482","0.410714"
"2094793656","2160288944","0.291667"
"2160288944","2094793656","0.291667"
"2150256373","2160288944","1.85119"
"2160288944","2150256373","1.85119"
"1492737313","2097653014","0.333333"
"2097653014","1492737313","0.333333"
"1492737313","2141385588","0.583333"
"2141385588","1492737313","0.583333"
"1492737313","2154583606","0.166667"
"2154583606","1492737313","0.166667"
"2041133827","2141385588","0.666667"
"2141385588","2041133827","0.666667"
"2041133827","2154583606","0.166667"
"2154583606","2041133827","0.166667"
"2094793656","2141385588","0.583333"
"2141385588","2094793656","0.583333"
"2094793656","2154583606","0.166667"
"2154583606","2094793656","0.166667"
"2097653014","2141385588","0.333333"
"2141385588","2097653014","0.333333"
"2097653014","2154583606","0.5"
"2154583606","2097653014","0.5"
"2141385588","2150256373","2.41667"
"2150256373","2141385588","2.41667"
"2141385588","2154583606","0.166667"
"2154583606","2141385588","0.166667"
"2150256373","2154583606","1"
"2154583606","2150256373","1"
"1492737313","2047167182","0.291667"
"2047167182","1492737313","0.291667"
"1972051027","2047167182","0.125"
"2047167182","1972051027","0.125"
"1972051027","2164813114","1.04167"
"2164813114","1972051027","1.04167"
"1972051027","2168428279","0.125"
"2168428279","1972051027","0.125"
"1972051027","598954214","0.375"
"598954214","1972051027","0.375"
"2047167182","2143445300","0.125"
"2143445300","2047167182","0.125"
"2047167182","2164813114","2.39286"
"2164813114","2047167182","2.39286"
"2047167182","2168428279","0.125"
"2168428279","2047167182","0.125"
"2047167182","598954214","0.962302"
"598954214","2047167182","0.962302"
"2143445300","2164813114","1.60119"
"2164813114","2143445300","1.60119"
"2143445300","598954214","0.125"
"598954214","2143445300","0.125"
"2164813114","2168428279","0.125"
"2168428279","2164813114","0.125"
"2164813114","598954214","1.01786"
"598954214","2164813114","1.01786"
"2168428279","2306645719","0.125"
"2306645719","2168428279","0.125"
"2168428279","598954214","0.125"
"598954214","2168428279","0.125"
"2306645719","598954214","0.375"
"598954214","2306645719","0.375"
"203854510","2143445300","0.342857"
"2143445300","203854510","0.342857"
"2041133827","2143445300","0.509524"
"2143445300","2041133827","0.509524"
"1492737313","2105944048","0.25"
"2105944048","1492737313","0.25"
"2094793656","2105944048","0.25"
"2105944048","2094793656","0.25"
"2105944048","2141385588","0.916667"
"2141385588","2105944048","0.916667"
"2105944048","2150256373","0.25"
"2150256373","2105944048","0.25"
"2097653014","2143445300","0.309524"
"2143445300","2097653014","0.309524"
"2141385588","2143445300","0.5"
"2143445300","2141385588","0.5"
"1994470520","2047167182","1.87897"
"2047167182","1994470520","1.87897"
"2047167182","2160288944","0.986111"
"2160288944","2047167182","0.986111"
"1773202850","1994470520","0.420635"
"1994470520","1773202850","0.420635"
"1773202850","203854510","0.420635"
"203854510","1773202850","0.420635"
"1773202850","2041133827","0.166667"
"2041133827","1773202850","0.166667"
"1773202850","2141385588","0.166667"
"2141385588","1773202850","0.166667"
"1773202850","2159263269","3.07063"
"2159263269","1773202850","3.07063"
"1773202850","2164813114","0.166667"
"2164813114","1773202850","0.166667"
"1994470520","2141385588","1.83333"
"2141385588","1994470520","1.83333"
"203854510","2141385588","2.08333"
"2141385588","203854510","2.08333"
"203854510","2164813114","1.85119"
"2164813114","203854510","1.85119"
"2041133827","2159263269","0.166667"
"2159263269","2041133827","0.166667"
"2041133827","2164813114","0.67619"
"2164813114","2041133827","0.67619"
"2141385588","2159263269","1.5"
"2159263269","2141385588","1.5"
"2141385588","2164813114","2.25"
"2164813114","2141385588","2.25"
"2159263269","2164813114","1.30952"
"2164813114","2159263269","1.30952"
"1773202850","2016668445","0.903968"
"2016668445","1773202850","0.903968"
"1773202850","2060606331","0.2"
"2060606331","1773202850","0.2"
"1773202850","598954214","0.761111"
"598954214","1773202850","0.761111"
"1773202850","944395274","0.903968"
"944395274","1773202850","0.903968"
"2016668445","2060606331","0.7"
"2060606331","2016668445","0.7"
"2060606331","2159263269","0.2"
"2159263269","2060606331","0.2"
"2060606331","598954214","0.2"
"598954214","2060606331","0.2"
"2060606331","944395274","0.7"
"944395274","2060606331","0.7"
"1773202850","2078003482","0.142857"
"2078003482","1773202850","0.142857"
"1773202850","2160288944","0.142857"
"2160288944","1773202850","0.142857"
"2016668445","2160288944","0.285714"
"2160288944","2016668445","0.285714"
"2159263269","2160288944","1.3373"
"2160288944","2159263269","1.3373"
"2160288944","944395274","0.285714"
"944395274","2160288944","0.285714"
"1773202850","2097653014","0.111111"
"2097653014","1773202850","0.111111"
"1773202850","2099486406","0.111111"
"2099486406","1773202850","0.111111"
"1773202850","2150256373","0.311111"
"2150256373","1773202850","0.311111"
"1994470520","2097653014","0.444444"
"2097653014","1994470520","0.444444"
"2016668445","2097653014","0.111111"
"2097653014","2016668445","0.111111"
"2097653014","2099486406","0.611111"
"2099486406","2097653014","0.611111"
"2097653014","2159263269","0.611111"
"2159263269","2097653014","0.611111"
"2097653014","598954214","0.111111"
"598954214","2097653014","0.111111"
"2097653014","944395274","0.111111"
"944395274","2097653014","0.111111"
"2150256373","2159263269","2.5373"
"2159263269","2150256373","2.5373"
"1964933335","2124259158","0.5"
"2124259158","1964933335","0.5"
"1964933335","2168765606","0.5"
"2168765606","1964933335","0.5"
"2124259158","2168765606","8.33333"
"2168765606","2124259158","8.33333"
"1964933335","2019464083","1.5"
"2019464083","1964933335","1.5"
"1964933335","2442717800","1"
"2442717800","1964933335","1"
"2019464083","2442717800","31.0595"
"2442717800","2019464083","31.0595"
"1964933335","2611567216","1.5"
"2611567216","1964933335","1.5"
"2019464083","2611567216","1.5"
"2611567216","2019464083","1.5"
"1972051027","1994470520","0.166667"
"1994470520","1972051027","0.166667"
"1972051027","2003187229","3.16667"
"2003187229","1972051027","3.16667"
"1972051027","2062658884","0.166667"
"2062658884","1972051027","0.166667"
"1994470520","2003187229","0.166667"
"2003187229","1994470520","0.166667"
"2003187229","2062658884","0.166667"
"2062658884","2003187229","0.166667"
"2003187229","2150256373","0.166667"
"2150256373","2003187229","0.166667"
"2003187229","2164813114","0.166667"
"2164813114","2003187229","0.166667"
"2003187229","2306645719","0.166667"
"2306645719","2003187229","0.166667"
"2489225457","598954214","0.361111"
"598954214","2489225457","0.361111"
"1984594860","2060606331","1.41667"
"2060606331","1984594860","1.41667"
"1984594860","2147781035","0.416667"
"2147781035","1984594860","0.416667"
"1984594860","2154583606","0.416667"
"2154583606","1984594860","0.416667"
"1984594860","2183581785","0.416667"
"2183581785","1984594860","0.416667"
"2060606331","2147781035","0.416667"
"2147781035","2060606331","0.416667"
"2060606331","2154583606","0.666667"
"2154583606","2060606331","0.666667"
"2060606331","2183581785","0.833333"
"2183581785","2060606331","0.833333"
"2147781035","2154583606","0.75"
"2154583606","2147781035","0.75"
"2147781035","2183581785","3.61667"
"2183581785","2147781035","3.61667"
"2154583606","2183581785","1.2"
"2183581785","2154583606","1.2"
"1984594860","2053859636","0.666667"
"2053859636","1984594860","0.666667"
"1984594860","2141385588","0.5"
"2141385588","1984594860","0.5"
"2053859636","2141385588","0.7"
"2141385588","2053859636","0.7"
"1984594860","2062658884","0.25"
"2062658884","1984594860","0.25"
"1984594860","2105944048","0.25"
"2105944048","1984594860","0.25"
"1984594860","2117601224","0.25"
"2117601224","1984594860","0.25"
"1984594860","2164813114","0.25"
"2164813114","1984594860","0.25"
"2062658884","2105944048","0.916667"
"2105944048","2062658884","0.916667"
"2105944048","2117601224","1.45"
"2117601224","2105944048","1.45"
"2105944048","2164813114","0.583333"
"2164813114","2105944048","0.583333"
"1984594860","2101658911","0.166667"
"2101658911","1984594860","0.166667"
"2053859636","2060606331","0.333333"
"2060606331","2053859636","0.333333"
"2053859636","2101658911","8.06667"
"2101658911","2053859636","8.06667"
"2053859636","2147781035","3.36667"
"2147781035","2053859636","3.36667"
"2053859636","2154583606","1.53333"
"2154583606","2053859636","1.53333"
"2053859636","2183581785","19.2333"
"2183581785","2053859636","19.2333"
"2060606331","2101658911","0.416667"
"2101658911","2060606331","0.416667"
"2101658911","2147781035","3.86667"
"2147781035","2101658911","3.86667"
"2101658911","2154583606","1.7"
"2154583606","2101658911","1.7"
"2101658911","2183581785","5.65"
"2183581785","2101658911","5.65"
"2160288944","598954214","0.611111"
"598954214","2160288944","0.611111"
"1994470520","2122401044","1.33333"
"2122401044","1994470520","1.33333"
"2122401044","2160288944","0.333333"
"2160288944","2122401044","0.333333"
"2122401044","2164813114","0.333333"
"2164813114","2122401044","0.333333"
"2160288944","2164813114","1.74405"
"2164813114","2160288944","1.74405"
"1994470520","2154583606","0.833333"
"2154583606","1994470520","0.833333"
"1994470520","2080907289","0.125"
"2080907289","1994470520","0.125"
"203854510","2062658884","0.236111"
"2062658884","203854510","0.236111"
"203854510","2080907289","0.375"
"2080907289","203854510","0.375"
"203854510","2117601224","0.125"
"2117601224","203854510","0.125"
"203854510","2160637955","0.125"
"2160637955","203854510","0.125"
"2047167182","2062658884","0.486111"
"2062658884","2047167182","0.486111"
"2047167182","2080907289","0.125"
"2080907289","2047167182","0.125"
"2047167182","2117601224","0.517857"
"2117601224","2047167182","0.517857"
"2047167182","2160637955","0.267857"
"2160637955","2047167182","0.267857"
"2062658884","2080907289","0.125"
"2080907289","2062658884","0.125"
"2062658884","2160288944","0.628968"
"2160288944","2062658884","0.628968"
"2080907289","2117601224","0.125"
"2117601224","2080907289","0.125"
"2080907289","2160288944","0.125"
"2160288944","2080907289","0.125"
"2080907289","2160637955","0.125"
"2160637955","2080907289","0.125"
"2117601224","2160288944","0.517857"
"2160288944","2117601224","0.517857"
"2160288944","2160637955","0.267857"
"2160637955","2160288944","0.267857"
"2099486406","2160288944","0.833333"
"2160288944","2099486406","0.833333"
"2047167182","2141385588","0.5"
"2141385588","2047167182","0.5"
"1994470520","2071873073","1.16667"
"2071873073","1994470520","1.16667"
"1994470520","2114384847","0.111111"
"2114384847","1994470520","0.111111"
"1994470520","2151180068","0.111111"
"2151180068","1994470520","0.111111"
"203854510","2114384847","0.111111"
"2114384847","203854510","0.111111"
"203854510","2151180068","0.111111"
"2151180068","203854510","0.111111"
"2047167182","2114384847","0.111111"
"2114384847","2047167182","0.111111"
"2047167182","2151180068","0.111111"
"2151180068","2047167182","0.111111"
"2047167182","2159263269","1.00397"
"2159263269","2047167182","1.00397"
"2062658884","2114384847","0.111111"
"2114384847","2062658884","0.111111"
"2062658884","2151180068","0.111111"
"2151180068","2062658884","0.111111"
"2062658884","2159263269","0.111111"
"2159263269","2062658884","0.111111"
"2062658884","598954214","0.111111"
"598954214","2062658884","0.111111"
"2114384847","2151180068","0.111111"
"2151180068","2114384847","0.111111"
"2114384847","2159263269","0.111111"
"2159263269","2114384847","0.111111"
"2114384847","2160288944","0.111111"
"2160288944","2114384847","0.111111"
"2114384847","2489225457","0.111111"
"2489225457","2114384847","0.111111"
"2114384847","598954214","0.111111"
"598954214","2114384847","0.111111"
"2151180068","2159263269","0.111111"
"2159263269","2151180068","0.111111"
"2151180068","2160288944","0.111111"
"2160288944","2151180068","0.111111"
"2151180068","2489225457","0.277778"
"2489225457","2151180068","0.277778"
"2151180068","598954214","0.861111"
"598954214","2151180068","0.861111"
"2159263269","2489225457","0.111111"
"2489225457","2159263269","0.111111"
"2160288944","2489225457","0.111111"
"2489225457","2160288944","0.111111"
"2117601224","2159263269","0.142857"
"2159263269","2117601224","0.142857"
"2117601224","598954214","0.392857"
"598954214","2117601224","0.392857"
"2159263269","2160637955","0.142857"
"2160637955","2159263269","0.142857"
"2160637955","598954214","0.142857"
"598954214","2160637955","0.142857"
"2016668445","2062658884","0.142857"
"2062658884","2016668445","0.142857"
"2016668445","2117601224","0.142857"
"2117601224","2016668445","0.142857"
"2016668445","2160637955","0.142857"
"2160637955","2016668445","0.142857"
"2016668445","2164813114","0.392857"
"2164813114","2016668445","0.392857"
"2062658884","944395274","0.142857"
"944395274","2062658884","0.142857"
"2117601224","944395274","0.142857"
"944395274","2117601224","0.142857"
"2160637955","944395274","0.142857"
"944395274","2160637955","0.142857"
"2164813114","944395274","0.392857"
"944395274","2164813114","0.392857"
"203854510","2071873073","0.166667"
"2071873073","203854510","0.166667"
"2041133827","2071873073","0.366667"
"2071873073","2041133827","0.366667"
"2071873073","2141385588","0.166667"
"2141385588","2071873073","0.166667"
"2071873073","2150256373","0.866667"
"2150256373","2071873073","0.866667"
"2071873073","2164813114","0.533333"
"2164813114","2071873073","0.533333"
"2016668445","2047167182","0.333333"
"2047167182","2016668445","0.333333"
"2047167182","944395274","0.333333"
"944395274","2047167182","0.333333"
"2016668445","2122401044","0.25"
"2122401044","2016668445","0.25"
"2016668445","2151180068","0.25"
"2151180068","2016668445","0.25"
"2122401044","2151180068","1.5"
"2151180068","2122401044","1.5"
"2122401044","598954214","0.5"
"598954214","2122401044","0.5"
"2122401044","944395274","0.25"
"944395274","2122401044","0.25"
"2151180068","944395274","0.25"
"944395274","2151180068","0.25"
"2016668445","2225112801","0.5"
"2225112801","2016668445","0.5"
"2225112801","944395274","0.5"
"944395274","2225112801","0.5"
"2016668445","2121269449","0.25"
"2121269449","2016668445","0.25"
"2121269449","2164813114","1.25"
"2164813114","2121269449","1.25"
"2121269449","598954214","0.25"
"598954214","2121269449","0.25"
"2121269449","944395274","0.25"
"944395274","2121269449","0.25"
"2019464083","2154583606","1.41667"
"2154583606","2019464083","1.41667"
"2154583606","2442717800","1.41667"
"2442717800","2154583606","1.41667"
"2019464083","2796429764","1.41667"
"2796429764","2019464083","1.41667"
"2442717800","2796429764","1.41667"
"2796429764","2442717800","1.41667"
"2442717800","2611567216","1"
"2611567216","2442717800","1"
"2019464083","2101658911","0.892857"
"2101658911","2019464083","0.892857"
"2101658911","2442717800","0.892857"
"2442717800","2101658911","0.892857"
"2019464083","2161052636","0.47619"
"2161052636","2019464083","0.47619"
"2154583606","2161052636","1.11667"
"2161052636","2154583606","1.11667"
"2161052636","2442717800","0.47619"
"2442717800","2161052636","0.47619"
"2019464083","2168765606","0.833333"
"2168765606","2019464083","0.833333"
"2168765606","2442717800","0.833333"
"2442717800","2168765606","0.833333"
"2101658911","2796429764","1.45"
"2796429764","2101658911","1.45"
"2154583606","2796429764","0.45"
"2796429764","2154583606","0.45"
"2019464083","2124259158","0.333333"
"2124259158","2019464083","0.333333"
"2124259158","2442717800","0.333333"
"2442717800","2124259158","0.333333"
"2019464083","2942440896","0.642857"
"2942440896","2019464083","0.642857"
"2442717800","2942440896","0.642857"
"2942440896","2442717800","0.642857"
"2019464083","2115181155","0.142857"
"2115181155","2019464083","0.142857"
"2019464083","2225112801","0.142857"
"2225112801","2019464083","0.142857"
"2019464083","2414359420","0.142857"
"2414359420","2019464083","0.142857"
"2101658911","2115181155","0.142857"
"2115181155","2101658911","0.142857"
"2101658911","2161052636","0.142857"
"2161052636","2101658911","0.142857"
"2101658911","2225112801","0.142857"
"2225112801","2101658911","0.142857"
"2101658911","2414359420","0.142857"
"2414359420","2101658911","0.142857"
"2101658911","2942440896","0.142857"
"2942440896","2101658911","0.142857"
"2115181155","2161052636","0.392857"
"2161052636","2115181155","0.392857"
"2115181155","2225112801","0.142857"
"2225112801","2115181155","0.142857"
"2115181155","2414359420","0.142857"
"2414359420","2115181155","0.142857"
"2115181155","2442717800","0.142857"
"2442717800","2115181155","0.142857"
"2115181155","2942440896","0.142857"
"2942440896","2115181155","0.142857"
"2161052636","2225112801","0.47619"
"2225112801","2161052636","0.47619"
"2161052636","2414359420","1.14286"
"2414359420","2161052636","1.14286"
"2161052636","2942440896","0.642857"
"2942440896","2161052636","0.642857"
"2225112801","2414359420","0.142857"
"2414359420","2225112801","0.142857"
"2225112801","2442717800","0.142857"
"2442717800","2225112801","0.142857"
"2225112801","2942440896","0.142857"
"2942440896","2225112801","0.142857"
"2414359420","2442717800","0.142857"
"2442717800","2414359420","0.142857"
"2414359420","2942440896","4.14286"
"2942440896","2414359420","4.14286"
"2019464083","2053859636","0.166667"
"2053859636","2019464083","0.166667"
"2019464083","2066114190","0.166667"
"2066114190","2019464083","0.166667"
"2019464083","2075779758","0.166667"
"2075779758","2019464083","0.166667"
"2053859636","2066114190","0.5"
"2066114190","2053859636","0.5"
"2053859636","2075779758","0.5"
"2075779758","2053859636","0.5"
"2053859636","2442717800","0.166667"
"2442717800","2053859636","0.166667"
"2053859636","2796429764","0.366667"
"2796429764","2053859636","0.366667"
"2066114190","2075779758","1.5"
"2075779758","2066114190","1.5"
"2066114190","2101658911","0.166667"
"2101658911","2066114190","0.166667"
"2066114190","2442717800","0.166667"
"2442717800","2066114190","0.166667"
"2066114190","2796429764","0.666667"
"2796429764","2066114190","0.666667"
"2075779758","2101658911","0.916667"
"2101658911","2075779758","0.916667"
"2075779758","2442717800","0.166667"
"2442717800","2075779758","0.166667"
"2075779758","2796429764","0.666667"
"2796429764","2075779758","0.666667"
"203854510","2100094493","1.25"
"2100094493","203854510","1.25"
"2080907289","2100094493","0.25"
"2100094493","2080907289","0.25"
"2080907289","2141385588","0.583333"
"2141385588","2080907289","0.583333"
"2100094493","2141385588","1.75"
"2141385588","2100094493","1.75"
"2100094493","2164813114","1.25"
"2164813114","2100094493","1.25"
"2078003482","2097653014","0.142857"
"2097653014","2078003482","0.142857"
"2078003482","2143445300","0.142857"
"2143445300","2078003482","0.142857"
"2078003482","2164813114","0.142857"
"2164813114","2078003482","0.142857"
"2097653014","2160288944","0.142857"
"2160288944","2097653014","0.142857"
"2097653014","2164813114","0.642857"
"2164813114","2097653014","0.642857"
"2143445300","2160288944","0.142857"
"2160288944","2143445300","0.142857"
"2041133827","2104678048","2.53333"
"2104678048","2041133827","2.53333"
"2094793656","2104678048","0.333333"
"2104678048","2094793656","0.333333"
"2097653014","2104678048","0.333333"
"2104678048","2097653014","0.333333"
"2104678048","2150256373","2.2"
"2150256373","2104678048","2.2"
"2060606331","2071873073","1.7"
"2071873073","2060606331","1.7"
"2060606331","2104678048","0.2"
"2104678048","2060606331","0.2"
"2071873073","2104678048","0.2"
"2104678048","2071873073","0.2"
"2104678048","2164813114","0.2"
"2164813114","2104678048","0.2"
"2050391252","2168765606","1"
"2168765606","2050391252","1"
"2053859636","2062658884","0.366667"
"2062658884","2053859636","0.366667"
"2053859636","2071873073","0.366667"
"2071873073","2053859636","0.366667"
"2053859636","2164813114","0.333333"
"2164813114","2053859636","0.333333"
"2062658884","2071873073","0.166667"
"2071873073","2062658884","0.166667"
"2062658884","2101658911","0.7"
"2101658911","2062658884","0.7"
"2062658884","2147781035","2.2"
"2147781035","2062658884","2.2"
"2062658884","2183581785","0.366667"
"2183581785","2062658884","0.366667"
"2071873073","2101658911","0.366667"
"2101658911","2071873073","0.366667"
"2071873073","2147781035","0.166667"
"2147781035","2071873073","0.166667"
"2071873073","2183581785","0.366667"
"2183581785","2071873073","0.366667"
"2101658911","2164813114","0.166667"
"2164813114","2101658911","0.166667"
"2147781035","2164813114","1.16667"
"2164813114","2147781035","1.16667"
"2164813114","2183581785","0.333333"
"2183581785","2164813114","0.333333"
"2053859636","2161052636","0.333333"
"2161052636","2053859636","0.333333"
"2161052636","2183581785","0.333333"
"2183581785","2161052636","0.333333"
"2053859636","2097653014","0.333333"
"2097653014","2053859636","0.333333"
"2053859636","2150256373","0.833333"
"2150256373","2053859636","0.833333"
"2097653014","2183581785","0.333333"
"2183581785","2097653014","0.333333"
"2150256373","2183581785","0.833333"
"2183581785","2150256373","0.833333"
"2053859636","2117601224","0.166667"
"2117601224","2053859636","0.166667"
"2053859636","2151180068","0.166667"
"2151180068","2053859636","0.166667"
"2053859636","2489225457","0.166667"
"2489225457","2053859636","0.166667"
"2060606331","2151180068","0.166667"
"2151180068","2060606331","0.166667"
"2117601224","2151180068","2.11667"
"2151180068","2117601224","2.11667"
"2117601224","2183581785","0.166667"
"2183581785","2117601224","0.166667"
"2151180068","2164813114","0.166667"
"2164813114","2151180068","0.166667"
"2151180068","2183581785","0.166667"
"2183581785","2151180068","0.166667"
"2183581785","2489225457","0.166667"
"2489225457","2183581785","0.166667"
"2071873073","2154583606","2.2"
"2154583606","2071873073","2.2"
"2071873073","2796429764","0.2"
"2796429764","2071873073","0.2"
"2183581785","2796429764","0.2"
"2796429764","2183581785","0.2"
"2066114190","2154583606","0.833333"
"2154583606","2066114190","0.833333"
"2075779758","2154583606","4.03333"
"2154583606","2075779758","4.03333"
"2053859636","2952599195","0.333333"
"2952599195","2053859636","0.333333"
"2101658911","2952599195","0.333333"
"2952599195","2101658911","0.333333"
"2183581785","2952599195","0.333333"
"2952599195","2183581785","0.333333"
"2062658884","2141385588","1.7"
"2141385588","2062658884","1.7"
"2101658911","2141385588","0.533333"
"2141385588","2101658911","0.533333"
"2141385588","2147781035","4.03333"
"2147781035","2141385588","4.03333"
"2141385588","2183581785","0.2"
"2183581785","2141385588","0.2"
"2060606331","2122401044","0.5"
"2122401044","2060606331","0.5"
"2060606331","2161052636","1.5"
"2161052636","2060606331","1.5"
"2122401044","2161052636","1"
"2161052636","2122401044","1"
"2060606331","2075779758","0.25"
"2075779758","2060606331","0.25"
"2075779758","2183581785","0.25"
"2183581785","2075779758","0.25"
"2062658884","2161052636","1"
"2161052636","2062658884","1"
"2105944048","2147781035","0.333333"
"2147781035","2105944048","0.333333"
"2062658884","2796429764","0.333333"
"2796429764","2062658884","0.333333"
"2141385588","2796429764","0.333333"
"2796429764","2141385588","0.333333"
"2066114190","2122401044","1"
"2122401044","2066114190","1"
"2066114190","2071873073","0.5"
"2071873073","2066114190","0.5"
"2066114190","2069892496","1"
"2069892496","2066114190","1"
"2066114190","2139374478","1.75"
"2139374478","2066114190","1.75"
"2139374478","2796429764","1.5"
"2796429764","2139374478","1.5"
"2066114190","2117601224","0.25"
"2117601224","2066114190","0.25"
"2066114190","2151180068","0.25"
"2151180068","2066114190","0.25"
"2066114190","598954214","0.25"
"598954214","2066114190","0.25"
"2117601224","2139374478","0.45"
"2139374478","2117601224","0.45"
"2139374478","2151180068","0.7"
"2151180068","2139374478","0.7"
"2139374478","598954214","0.5"
"598954214","2139374478","0.5"
"2069892496","2075779758","0.25"
"2075779758","2069892496","0.25"
"2069892496","2100094493","0.25"
"2100094493","2069892496","0.25"
"2069892496","2114384847","0.25"
"2114384847","2069892496","0.25"
"2069892496","2154583606","0.25"
"2154583606","2069892496","0.25"
"2075779758","2100094493","0.25"
"2100094493","2075779758","0.25"
"2075779758","2114384847","0.25"
"2114384847","2075779758","0.25"
"2100094493","2114384847","0.25"
"2114384847","2100094493","0.25"
"2100094493","2154583606","0.25"
"2154583606","2100094493","0.25"
"2114384847","2154583606","0.25"
"2154583606","2114384847","0.25"
"2071873073","2121269449","1"
"2121269449","2071873073","1"
"2071873073","2151180068","1"
"2151180068","2071873073","1"
"2071873073","2414359420","0.5"
"2414359420","2071873073","0.5"
"2154583606","2414359420","0.5"
"2414359420","2154583606","0.5"
"2075779758","2139374478","0.533333"
"2139374478","2075779758","0.533333"
"2075779758","2161052636","0.333333"
"2161052636","2075779758","0.333333"
"2075779758","2225112801","0.533333"
"2225112801","2075779758","0.533333"
"2139374478","2161052636","1.28333"
"2161052636","2139374478","1.28333"
"2139374478","2225112801","0.533333"
"2225112801","2139374478","0.533333"
"2075779758","2122401044","0.2"
"2122401044","2075779758","0.2"
"2075779758","2611567216","0.2"
"2611567216","2075779758","0.2"
"2122401044","2139374478","8.78333"
"2139374478","2122401044","8.78333"
"2122401044","2154583606","0.533333"
"2154583606","2122401044","0.533333"
"2122401044","2225112801","1.2"
"2225112801","2122401044","1.2"
"2122401044","2611567216","0.2"
"2611567216","2122401044","0.2"
"2139374478","2154583606","1.98333"
"2154583606","2139374478","1.98333"
"2139374478","2611567216","0.2"
"2611567216","2139374478","0.2"
"2154583606","2225112801","0.2"
"2225112801","2154583606","0.2"
"2154583606","2611567216","0.2"
"2611567216","2154583606","0.2"
"2225112801","2611567216","1.2"
"2611567216","2225112801","1.2"
"2080907289","2159263269","1.33333"
"2159263269","2080907289","1.33333"
"2080907289","2121269449","1"
"2121269449","2080907289","1"
"2080907289","2143445300","0.5"
"2143445300","2080907289","0.5"
"2100094493","2147781035","0.5"
"2147781035","2100094493","0.5"
"2100094493","2143445300","1"
"2143445300","2100094493","1"
"2101658911","2150256373","1"
"2150256373","2101658911","1"
"2101658911","2124259158","1"
"2124259158","2101658911","1"
"2105944048","2151180068","0.7"
"2151180068","2105944048","0.7"
"2105944048","2139374478","2.7"
"2139374478","2105944048","2.7"
"2105944048","2154583606","0.2"
"2154583606","2105944048","0.2"
"2105944048","2161052636","0.2"
"2161052636","2105944048","0.2"
"2117601224","2154583606","0.2"
"2154583606","2117601224","0.2"
"2117601224","2161052636","0.2"
"2161052636","2117601224","0.2"
"2151180068","2154583606","0.2"
"2154583606","2151180068","0.2"
