"100193223","2060541830","1.89286"
"2060541830","100193223","1.89286"
"100193223","2095251634","0.72619"
"2095251634","100193223","0.72619"
"100193223","2152552859","0.47619"
"2152552859","100193223","0.47619"
"2060541830","2095251634","5.33377"
"2095251634","2060541830","5.33377"
"2060541830","2152552859","3.45877"
"2152552859","2060541830","3.45877"
"2095251634","2152552859","7.67662"
"2152552859","2095251634","7.67662"
"100193223","2064140493","0.309524"
"2064140493","100193223","0.309524"
"100193223","2397044956","0.166667"
"2397044956","100193223","0.166667"
"100193223","2397956361","0.166667"
"2397956361","100193223","0.166667"
"100193223","2563194474","0.559524"
"2563194474","100193223","0.559524"
"100193223","2750506713","0.166667"
"2750506713","100193223","0.166667"
"2060541830","2064140493","8.3171"
"2064140493","2060541830","8.3171"
"2060541830","2397044956","0.166667"
"2397044956","2060541830","0.166667"
"2060541830","2397956361","2.33333"
"2397956361","2060541830","2.33333"
"2060541830","2563194474","2.08377"
"2563194474","2060541830","2.08377"
"2060541830","2750506713","3.29167"
"2750506713","2060541830","3.29167"
"2064140493","2397044956","0.166667"
"2397044956","2064140493","0.166667"
"2064140493","2397956361","2.33333"
"2397956361","2064140493","2.33333"
"2064140493","2563194474","0.733766"
"2563194474","2064140493","0.733766"
"2064140493","2750506713","2.16667"
"2750506713","2064140493","2.16667"
"2397044956","2397956361","0.95"
"2397956361","2397044956","0.95"
"2397044956","2563194474","1.28333"
"2563194474","2397044956","1.28333"
"2397044956","2750506713","1.53333"
"2750506713","2397044956","1.53333"
"2397956361","2563194474","2.53333"
"2563194474","2397956361","2.53333"
"2397956361","2750506713","1.2"
"2750506713","2397956361","1.2"
"2563194474","2750506713","5.03333"
"2750506713","2563194474","5.03333"
"100193223","2078556749","0.142857"
"2078556749","100193223","0.142857"
"100193223","2805787746","0.392857"
"2805787746","100193223","0.392857"
"2060541830","2078556749","0.534524"
"2078556749","2060541830","0.534524"
"2060541830","2805787746","1.15043"
"2805787746","2060541830","1.15043"
"2064140493","2078556749","0.142857"
"2078556749","2064140493","0.142857"
"2064140493","2095251634","1.48377"
"2095251634","2064140493","1.48377"
"2064140493","2152552859","1.98377"
"2152552859","2064140493","1.98377"
"2064140493","2805787746","0.233766"
"2805787746","2064140493","0.233766"
"2078556749","2095251634","0.552381"
"2095251634","2078556749","0.552381"
"2078556749","2152552859","2.92738"
"2152552859","2078556749","2.92738"
"2078556749","2563194474","0.385714"
"2563194474","2078556749","0.385714"
"2078556749","2805787746","0.142857"
"2805787746","2078556749","0.142857"
"2095251634","2563194474","1.55996"
"2563194474","2095251634","1.55996"
"2095251634","2805787746","4.65043"
"2805787746","2095251634","4.65043"
"2152552859","2563194474","3.55996"
"2563194474","2152552859","3.55996"
"2152552859","2805787746","1.73377"
"2805787746","2152552859","1.73377"
"2563194474","2805787746","0.933766"
"2805787746","2563194474","0.933766"
"100193223","2182482669","1.11688"
"2182482669","100193223","1.11688"
"100193223","2997345839","1"
"2997345839","100193223","1"
"100193223","1500925394","0.0454545"
"1500925394","100193223","0.0454545"
"100193223","1504258799","0.0454545"
"1504258799","100193223","0.0454545"
"100193223","1593231112","0.0454545"
"1593231112","100193223","0.0454545"
"100193223","1878461938","1.04545"
"1878461938","100193223","1.04545"
"100193223","1956034100","0.116883"
"1956034100","100193223","0.116883"
"100193223","1977413865","0.0454545"
"1977413865","100193223","0.0454545"
"100193223","1978964594","0.0454545"
"1978964594","100193223","0.0454545"
"100193223","1988358640","0.116883"
"1988358640","100193223","0.116883"
"100193223","199621549","0.116883"
"199621549","100193223","0.116883"
"100193223","2004755067","0.116883"
"2004755067","100193223","0.116883"
"100193223","2017867223","0.0454545"
"2017867223","100193223","0.0454545"
"100193223","2048167006","0.0454545"
"2048167006","100193223","0.0454545"
"100193223","2049690911","0.116883"
"2049690911","100193223","0.116883"
"100193223","2066478794","0.0454545"
"2066478794","100193223","0.0454545"
"100193223","2097532606","0.0454545"
"2097532606","100193223","0.0454545"
"100193223","2117242855","0.116883"
"2117242855","100193223","0.116883"
"100193223","2126082059","0.116883"
"2126082059","100193223","0.116883"
"100193223","2132158204","0.0454545"
"2132158204","100193223","0.0454545"
"100193223","2158068899","0.0454545"
"2158068899","100193223","0.0454545"
"100193223","2169936492","0.0454545"
"2169936492","100193223","0.0454545"
"100193223","2197696765","0.116883"
"2197696765","100193223","0.116883"
"1500925394","1504258799","0.0454545"
"1504258799","1500925394","0.0454545"
"1500925394","1593231112","0.0454545"
"1593231112","1500925394","0.0454545"
"1500925394","1878461938","0.0454545"
"1878461938","1500925394","0.0454545"
"1500925394","1956034100","0.156566"
"1956034100","1500925394","0.156566"
"1500925394","1977413865","0.0454545"
"1977413865","1500925394","0.0454545"
"1500925394","1978964594","0.989899"
"1978964594","1500925394","0.989899"
"1500925394","1988358640","1.15657"
"1988358640","1500925394","1.15657"
"1500925394","199621549","1.04545"
"199621549","1500925394","1.04545"
"1500925394","2004755067","0.0454545"
"2004755067","1500925394","0.0454545"
"1500925394","2017867223","0.0454545"
"2017867223","1500925394","0.0454545"
"1500925394","2048167006","0.0454545"
"2048167006","1500925394","0.0454545"
"1500925394","2049690911","0.0454545"
"2049690911","1500925394","0.0454545"
"1500925394","2066478794","0.0454545"
"2066478794","1500925394","0.0454545"
"1500925394","2097532606","3.07323"
"2097532606","1500925394","3.07323"
"1500925394","2117242855","0.0454545"
"2117242855","1500925394","0.0454545"
"1500925394","2126082059","0.989899"
"2126082059","1500925394","0.989899"
"1500925394","2132158204","0.462121"
"2132158204","1500925394","0.462121"
"1500925394","2158068899","0.545455"
"2158068899","1500925394","0.545455"
"1500925394","2169936492","1.82323"
"2169936492","1500925394","1.82323"
"1500925394","2182482669","0.0454545"
"2182482669","1500925394","0.0454545"
"1500925394","2197696765","0.0454545"
"2197696765","1500925394","0.0454545"
"1504258799","1593231112","0.0454545"
"1593231112","1504258799","0.0454545"
"1504258799","1878461938","0.0454545"
"1878461938","1504258799","0.0454545"
"1504258799","1956034100","0.0454545"
"1956034100","1504258799","0.0454545"
"1504258799","1977413865","0.0454545"
"1977413865","1504258799","0.0454545"
"1504258799","1978964594","0.0454545"
"1978964594","1504258799","0.0454545"
"1504258799","1988358640","3.74545"
"1988358640","1504258799","3.74545"
"1504258799","199621549","0.0454545"
"199621549","1504258799","0.0454545"
"1504258799","2004755067","0.0454545"
"2004755067","1504258799","0.0454545"
"1504258799","2017867223","0.0454545"
"2017867223","1504258799","0.0454545"
"1504258799","2048167006","0.0454545"
"2048167006","1504258799","0.0454545"
"1504258799","2049690911","0.0454545"
"2049690911","1504258799","0.0454545"
"1504258799","2066478794","0.0454545"
"2066478794","1504258799","0.0454545"
"1504258799","2097532606","2.29545"
"2097532606","1504258799","2.29545"
"1504258799","2117242855","0.0454545"
"2117242855","1504258799","0.0454545"
"1504258799","2126082059","0.745455"
"2126082059","1504258799","0.745455"
"1504258799","2132158204","0.795455"
"2132158204","1504258799","0.795455"
"1504258799","2158068899","0.745455"
"2158068899","1504258799","0.745455"
"1504258799","2169936492","0.745455"
"2169936492","1504258799","0.745455"
"1504258799","2182482669","0.0454545"
"2182482669","1504258799","0.0454545"
"1504258799","2197696765","0.0454545"
"2197696765","1504258799","0.0454545"
"1593231112","1878461938","0.145455"
"1878461938","1593231112","0.145455"
"1593231112","1956034100","0.0454545"
"1956034100","1593231112","0.0454545"
"1593231112","1977413865","1.62922"
"1977413865","1593231112","1.62922"
"1593231112","1978964594","0.188312"
"1978964594","1593231112","0.188312"
"1593231112","1988358640","0.545455"
"1988358640","1593231112","0.545455"
"1593231112","199621549","0.431169"
"199621549","1593231112","0.431169"
"1593231112","2004755067","0.0454545"
"2004755067","1593231112","0.0454545"
"1593231112","2017867223","0.445455"
"2017867223","1593231112","0.445455"
"1593231112","2048167006","1.25422"
"2048167006","1593231112","1.25422"
"1593231112","2049690911","4.57879"
"2049690911","1593231112","4.57879"
"1593231112","2066478794","0.0454545"
"2066478794","1593231112","0.0454545"
"1593231112","2097532606","0.0454545"
"2097532606","1593231112","0.0454545"
"1593231112","2117242855","4.05541"
"2117242855","1593231112","4.05541"
"1593231112","2126082059","0.0454545"
"2126082059","1593231112","0.0454545"
"1593231112","2132158204","0.0454545"
"2132158204","1593231112","0.0454545"
"1593231112","2158068899","0.0454545"
"2158068899","1593231112","0.0454545"
"1593231112","2169936492","0.0454545"
"2169936492","1593231112","0.0454545"
"1593231112","2182482669","0.0454545"
"2182482669","1593231112","0.0454545"
"1593231112","2197696765","1.52403"
"2197696765","1593231112","1.52403"
"1878461938","1956034100","0.378788"
"1956034100","1878461938","0.378788"
"1878461938","1977413865","0.288312"
"1977413865","1878461938","0.288312"
"1878461938","1978964594","0.0454545"
"1978964594","1878461938","0.0454545"
"1878461938","1988358640","0.0454545"
"1988358640","1878461938","0.0454545"
"1878461938","199621549","0.788312"
"199621549","1878461938","0.788312"
"1878461938","2004755067","0.854978"
"2004755067","1878461938","0.854978"
"1878461938","2017867223","0.0454545"
"2017867223","1878461938","0.0454545"
"1878461938","2048167006","0.764502"
"2048167006","1878461938","0.764502"
"1878461938","2049690911","0.288312"
"2049690911","1878461938","0.288312"
"1878461938","2066478794","0.0454545"
"2066478794","1878461938","0.0454545"
"1878461938","2097532606","0.0454545"
"2097532606","1878461938","0.0454545"
"1878461938","2117242855","1.09784"
"2117242855","1878461938","1.09784"
"1878461938","2126082059","0.0454545"
"2126082059","1878461938","0.0454545"
"1878461938","2132158204","0.0454545"
"2132158204","1878461938","0.0454545"
"1878461938","2158068899","0.0454545"
"2158068899","1878461938","0.0454545"
"1878461938","2169936492","0.0454545"
"2169936492","1878461938","0.0454545"
"1878461938","2182482669","0.854978"
"2182482669","1878461938","0.854978"
"1878461938","2197696765","0.764502"
"2197696765","1878461938","0.764502"
"1956034100","1977413865","0.0454545"
"1977413865","1956034100","0.0454545"
"1956034100","1978964594","1.2399"
"1978964594","1956034100","1.2399"
"1956034100","1988358640","0.227994"
"1988358640","1956034100","0.227994"
"1956034100","199621549","0.116883"
"199621549","1956034100","0.116883"
"1956034100","2004755067","0.28355"
"2004755067","1956034100","0.28355"
"1956034100","2017867223","0.0454545"
"2017867223","1956034100","0.0454545"
"1956034100","2048167006","0.378788"
"2048167006","1956034100","0.378788"
"1956034100","2049690911","0.116883"
"2049690911","1956034100","0.116883"
"1956034100","2066478794","0.0454545"
"2066478794","1956034100","0.0454545"
"1956034100","2097532606","0.323232"
"2097532606","1956034100","0.323232"
"1956034100","2117242855","0.116883"
"2117242855","1956034100","0.116883"
"1956034100","2126082059","3.47799"
"2126082059","1956034100","3.47799"
"1956034100","2132158204","0.0454545"
"2132158204","1956034100","0.0454545"
"1956034100","2158068899","0.0454545"
"2158068899","1956034100","0.0454545"
"1956034100","2169936492","0.156566"
"2169936492","1956034100","0.156566"
"1956034100","2182482669","0.28355"
"2182482669","1956034100","0.28355"
"1956034100","2197696765","0.450216"
"2197696765","1956034100","0.450216"
"1977413865","1978964594","0.0454545"
"1978964594","1977413865","0.0454545"
"1977413865","1988358640","0.0454545"
"1988358640","1977413865","0.0454545"
"1977413865","199621549","0.431169"
"199621549","1977413865","0.431169"
"1977413865","2004755067","0.0454545"
"2004755067","1977413865","0.0454545"
"1977413865","2017867223","0.0454545"
"2017867223","1977413865","0.0454545"
"1977413865","2048167006","0.522078"
"2048167006","1977413865","0.522078"
"1977413865","2049690911","0.995455"
"2049690911","1977413865","0.995455"
"1977413865","2066478794","0.0454545"
"2066478794","1977413865","0.0454545"
"1977413865","2097532606","0.0454545"
"2097532606","1977413865","0.0454545"
"1977413865","2117242855","4.27208"
"2117242855","1977413865","4.27208"
"1977413865","2126082059","0.0454545"
"2126082059","1977413865","0.0454545"
"1977413865","2132158204","0.0454545"
"2132158204","1977413865","0.0454545"
"1977413865","2158068899","0.0454545"
"2158068899","1977413865","0.0454545"
"1977413865","2169936492","0.0454545"
"2169936492","1977413865","0.0454545"
"1977413865","2182482669","0.145455"
"2182482669","1977413865","0.145455"
"1977413865","2197696765","0.781169"
"2197696765","1977413865","0.781169"
"1978964594","1988358640","3.32323"
"1988358640","1978964594","3.32323"
"1978964594","199621549","0.188312"
"199621549","1978964594","0.188312"
"1978964594","2004755067","0.0454545"
"2004755067","1978964594","0.0454545"
"1978964594","2017867223","1.04545"
"2017867223","1978964594","1.04545"
"1978964594","2048167006","0.0454545"
"2048167006","1978964594","0.0454545"
"1978964594","2049690911","0.0454545"
"2049690911","1978964594","0.0454545"
"1978964594","2066478794","0.0454545"
"2066478794","1978964594","0.0454545"
"1978964594","2097532606","0.406566"
"2097532606","1978964594","0.406566"
"1978964594","2117242855","0.188312"
"2117242855","1978964594","0.188312"
"1978964594","2126082059","10.4066"
"2126082059","1978964594","10.4066"
"1978964594","2132158204","0.628788"
"2132158204","1978964594","0.628788"
"1978964594","2158068899","0.0454545"
"2158068899","1978964594","0.0454545"
"1978964594","2169936492","0.156566"
"2169936492","1978964594","0.156566"
"1978964594","2182482669","0.0454545"
"2182482669","1978964594","0.0454545"
"1978964594","2197696765","0.188312"
"2197696765","1978964594","0.188312"
"1988358640","199621549","0.116883"
"199621549","1988358640","0.116883"
"1988358640","2004755067","0.116883"
"2004755067","1988358640","0.116883"
"1988358640","2017867223","0.0454545"
"2017867223","1988358640","0.0454545"
"1988358640","2048167006","0.0454545"
"2048167006","1988358640","0.0454545"
"1988358640","2049690911","0.116883"
"2049690911","1988358640","0.116883"
"1988358640","2066478794","0.0454545"
"2066478794","1988358640","0.0454545"
"1988358640","2097532606","2.15657"
"2097532606","1988358640","2.15657"
"1988358640","2117242855","0.116883"
"2117242855","1988358640","0.116883"
"1988358640","2126082059","6.09466"
"2126082059","1988358640","6.09466"
"1988358640","2132158204","2.12879"
"2132158204","1988358640","2.12879"
"1988358640","2158068899","1.49545"
"2158068899","1988358640","1.49545"
"1988358640","2169936492","1.77323"
"2169936492","1988358640","1.77323"
"1988358640","2182482669","0.116883"
"2182482669","1988358640","0.116883"
"1988358640","2197696765","0.616883"
"2197696765","1988358640","0.616883"
"199621549","2004755067","0.116883"
"2004755067","199621549","0.116883"
"199621549","2017867223","0.0454545"
"2017867223","199621549","0.0454545"
"199621549","2048167006","0.431169"
"2048167006","199621549","0.431169"
"199621549","2049690911","1.05022"
"2049690911","199621549","1.05022"
"199621549","2066478794","0.0454545"
"2066478794","199621549","0.0454545"
"199621549","2097532606","0.0454545"
"2097532606","199621549","0.0454545"
"199621549","2117242855","1.64545"
"2117242855","199621549","1.64545"
"199621549","2126082059","0.116883"
"2126082059","199621549","0.116883"
"199621549","2132158204","0.0454545"
"2132158204","199621549","0.0454545"
"199621549","2158068899","0.0454545"
"2158068899","199621549","0.0454545"
"199621549","2169936492","0.0454545"
"2169936492","199621549","0.0454545"
"199621549","2182482669","0.116883"
"2182482669","199621549","0.116883"
"199621549","2197696765","3.06212"
"2197696765","199621549","3.06212"
"2004755067","2017867223","0.0454545"
"2017867223","2004755067","0.0454545"
"2004755067","2048167006","0.188312"
"2048167006","2004755067","0.188312"
"2004755067","2049690911","0.25974"
"2049690911","2004755067","0.25974"
"2004755067","2066478794","0.0454545"
"2066478794","2004755067","0.0454545"
"2004755067","2097532606","0.212121"
"2097532606","2004755067","0.212121"
"2004755067","2117242855","1.12641"
"2117242855","2004755067","1.12641"
"2004755067","2126082059","0.28355"
"2126082059","2004755067","0.28355"
"2004755067","2132158204","0.0454545"
"2132158204","2004755067","0.0454545"
"2004755067","2158068899","0.0454545"
"2158068899","2004755067","0.0454545"
"2004755067","2169936492","0.0454545"
"2169936492","2004755067","0.0454545"
"2004755067","2182482669","2.62641"
"2182482669","2004755067","2.62641"
"2004755067","2197696765","0.45974"
"2197696765","2004755067","0.45974"
"2017867223","2048167006","0.445455"
"2048167006","2017867223","0.445455"
"2017867223","2049690911","0.0454545"
"2049690911","2017867223","0.0454545"
"2017867223","2066478794","0.545455"
"2066478794","2017867223","0.545455"
"2017867223","2097532606","0.0454545"
"2097532606","2017867223","0.0454545"
"2017867223","2117242855","0.445455"
"2117242855","2017867223","0.445455"
"2017867223","2126082059","0.0454545"
"2126082059","2017867223","0.0454545"
"2017867223","2132158204","0.0454545"
"2132158204","2017867223","0.0454545"
"2017867223","2158068899","0.0454545"
"2158068899","2017867223","0.0454545"
"2017867223","2169936492","0.0454545"
"2169936492","2017867223","0.0454545"
"2017867223","2182482669","0.0454545"
"2182482669","2017867223","0.0454545"
"2017867223","2197696765","0.0454545"
"2197696765","2017867223","0.0454545"
"2048167006","2049690911","2.97165"
"2049690911","2048167006","2.97165"
"2048167006","2066478794","0.0454545"
"2066478794","2048167006","0.0454545"
"2048167006","2097532606","0.0454545"
"2097532606","2048167006","0.0454545"
"2048167006","2117242855","6.49827"
"2117242855","2048167006","6.49827"
"2048167006","2126082059","0.0454545"
"2126082059","2048167006","0.0454545"
"2048167006","2132158204","0.0454545"
"2132158204","2048167006","0.0454545"
"2048167006","2158068899","0.0454545"
"2158068899","2048167006","0.0454545"
"2048167006","2169936492","0.0454545"
"2169936492","2048167006","0.0454545"
"2048167006","2182482669","0.188312"
"2182482669","2048167006","0.188312"
"2048167006","2197696765","2.99069"
"2197696765","2048167006","2.99069"
"2049690911","2066478794","0.0454545"
"2066478794","2049690911","0.0454545"
"2049690911","2097532606","0.0454545"
"2097532606","2049690911","0.0454545"
"2049690911","2117242855","4.95974"
"2117242855","2049690911","4.95974"
"2049690911","2126082059","0.116883"
"2126082059","2049690911","0.116883"
"2049690911","2132158204","0.0454545"
"2132158204","2049690911","0.0454545"
"2049690911","2158068899","0.0454545"
"2158068899","2049690911","0.0454545"
"2049690911","2169936492","0.0454545"
"2169936492","2049690911","0.0454545"
"2049690911","2182482669","1.35974"
"2182482669","2049690911","1.35974"
"2049690911","2197696765","2.04307"
"2197696765","2049690911","2.04307"
"2066478794","2097532606","0.0454545"
"2097532606","2066478794","0.0454545"
"2066478794","2117242855","0.0454545"
"2117242855","2066478794","0.0454545"
"2066478794","2126082059","0.0454545"
"2126082059","2066478794","0.0454545"
"2066478794","2132158204","0.0454545"
"2132158204","2066478794","0.0454545"
"2066478794","2158068899","0.0454545"
"2158068899","2066478794","0.0454545"
"2066478794","2169936492","0.0454545"
"2169936492","2066478794","0.0454545"
"2066478794","2182482669","0.0454545"
"2182482669","2066478794","0.0454545"
"2066478794","2197696765","0.0454545"
"2197696765","2066478794","0.0454545"
"2097532606","2117242855","0.0454545"
"2117242855","2097532606","0.0454545"
"2097532606","2126082059","0.906566"
"2126082059","2097532606","0.906566"
"2097532606","2132158204","0.795455"
"2132158204","2097532606","0.795455"
"2097532606","2158068899","1.29545"
"2158068899","2097532606","1.29545"
"2097532606","2169936492","1.82323"
"2169936492","2097532606","1.82323"
"2097532606","2182482669","0.212121"
"2182482669","2097532606","0.212121"
"2097532606","2197696765","0.0454545"
"2197696765","2097532606","0.0454545"
"2117242855","2126082059","0.116883"
"2126082059","2117242855","0.116883"
"2117242855","2132158204","0.0454545"
"2132158204","2117242855","0.0454545"
"2117242855","2158068899","0.0454545"
"2158068899","2117242855","0.0454545"
"2117242855","2169936492","0.0454545"
"2169936492","2117242855","0.0454545"
"2117242855","2182482669","1.32641"
"2182482669","2117242855","1.32641"
"2117242855","2197696765","4.35498"
"2197696765","2117242855","4.35498"
"2126082059","2132158204","0.628788"
"2132158204","2126082059","0.628788"
"2126082059","2158068899","0.245455"
"2158068899","2126082059","0.245455"
"2126082059","2169936492","0.356566"
"2169936492","2126082059","0.356566"
"2126082059","2182482669","0.28355"
"2182482669","2126082059","0.28355"
"2126082059","2197696765","0.116883"
"2197696765","2126082059","0.116883"
"2132158204","2158068899","1.54545"
"2158068899","2132158204","1.54545"
"2132158204","2169936492","0.712121"
"2169936492","2132158204","0.712121"
"2132158204","2182482669","0.0454545"
"2182482669","2132158204","0.0454545"
"2132158204","2197696765","0.0454545"
"2197696765","2132158204","0.0454545"
"2158068899","2169936492","0.662121"
"2169936492","2158068899","0.662121"
"2158068899","2182482669","0.0454545"
"2182482669","2158068899","0.0454545"
"2158068899","2197696765","0.0454545"
"2197696765","2158068899","0.0454545"
"2169936492","2182482669","0.0454545"
"2182482669","2169936492","0.0454545"
"2169936492","2197696765","0.0454545"
"2197696765","2169936492","0.0454545"
"2182482669","2197696765","0.55974"
"2197696765","2182482669","0.55974"
"100193223","1616462874","0.0714286"
"1616462874","100193223","0.0714286"
"100193223","1935295469","0.0714286"
"1935295469","100193223","0.0714286"
"100193223","1979536064","0.0714286"
"1979536064","100193223","0.0714286"
"100193223","2068942491","0.0714286"
"2068942491","100193223","0.0714286"
"100193223","2102919647","0.0714286"
"2102919647","100193223","0.0714286"
"1616462874","1935295469","0.621429"
"1935295469","1616462874","0.621429"
"1616462874","1956034100","0.238095"
"1956034100","1616462874","0.238095"
"1616462874","1979536064","0.0714286"
"1979536064","1616462874","0.0714286"
"1616462874","1988358640","0.0714286"
"1988358640","1616462874","0.0714286"
"1616462874","199621549","0.0714286"
"199621549","1616462874","0.0714286"
"1616462874","2004755067","0.821429"
"2004755067","1616462874","0.821429"
"1616462874","2049690911","0.171429"
"2049690911","1616462874","0.171429"
"1616462874","2068942491","0.0714286"
"2068942491","1616462874","0.0714286"
"1616462874","2102919647","0.0714286"
"2102919647","1616462874","0.0714286"
"1616462874","2117242855","0.271429"
"2117242855","1616462874","0.271429"
"1616462874","2126082059","0.238095"
"2126082059","1616462874","0.238095"
"1616462874","2182482669","0.871429"
"2182482669","1616462874","0.871429"
"1616462874","2197696765","0.171429"
"2197696765","1616462874","0.171429"
"1935295469","1956034100","0.0714286"
"1956034100","1935295469","0.0714286"
"1935295469","1979536064","0.0714286"
"1979536064","1935295469","0.0714286"
"1935295469","1988358640","0.0714286"
"1988358640","1935295469","0.0714286"
"1935295469","199621549","0.214286"
"199621549","1935295469","0.214286"
"1935295469","2004755067","0.321429"
"2004755067","1935295469","0.321429"
"1935295469","2049690911","0.171429"
"2049690911","1935295469","0.171429"
"1935295469","2068942491","0.0714286"
"2068942491","1935295469","0.0714286"
"1935295469","2102919647","0.214286"
"2102919647","1935295469","0.214286"
"1935295469","2117242855","0.414286"
"2117242855","1935295469","0.414286"
"1935295469","2126082059","0.0714286"
"2126082059","1935295469","0.0714286"
"1935295469","2182482669","0.371429"
"2182482669","1935295469","0.371429"
"1935295469","2197696765","0.647619"
"2197696765","1935295469","0.647619"
"1956034100","1979536064","0.0714286"
"1979536064","1956034100","0.0714286"
"1956034100","2068942491","0.0714286"
"2068942491","1956034100","0.0714286"
"1956034100","2102919647","0.0714286"
"2102919647","1956034100","0.0714286"
"1979536064","1988358640","0.0714286"
"1988358640","1979536064","0.0714286"
"1979536064","199621549","0.0714286"
"199621549","1979536064","0.0714286"
"1979536064","2004755067","0.0714286"
"2004755067","1979536064","0.0714286"
"1979536064","2049690911","0.0714286"
"2049690911","1979536064","0.0714286"
"1979536064","2068942491","0.0714286"
"2068942491","1979536064","0.0714286"
"1979536064","2102919647","0.0714286"
"2102919647","1979536064","0.0714286"
"1979536064","2117242855","0.0714286"
"2117242855","1979536064","0.0714286"
"1979536064","2126082059","0.0714286"
"2126082059","1979536064","0.0714286"
"1979536064","2182482669","0.0714286"
"2182482669","1979536064","0.0714286"
"1979536064","2197696765","0.0714286"
"2197696765","1979536064","0.0714286"
"1988358640","2068942491","0.0714286"
"2068942491","1988358640","0.0714286"
"1988358640","2102919647","0.0714286"
"2102919647","1988358640","0.0714286"
"199621549","2068942491","0.0714286"
"2068942491","199621549","0.0714286"
"199621549","2102919647","0.214286"
"2102919647","199621549","0.214286"
"2004755067","2068942491","1.41429"
"2068942491","2004755067","1.41429"
"2004755067","2102919647","0.0714286"
"2102919647","2004755067","0.0714286"
"2049690911","2068942491","0.214286"
"2068942491","2049690911","0.214286"
"2049690911","2102919647","0.0714286"
"2102919647","2049690911","0.0714286"
"2068942491","2102919647","0.0714286"
"2102919647","2068942491","0.0714286"
"2068942491","2117242855","0.747619"
"2117242855","2068942491","0.747619"
"2068942491","2126082059","0.0714286"
"2126082059","2068942491","0.0714286"
"2068942491","2182482669","0.414286"
"2182482669","2068942491","0.414286"
"2068942491","2197696765","0.747619"
"2197696765","2068942491","0.747619"
"2102919647","2117242855","0.214286"
"2117242855","2102919647","0.214286"
"2102919647","2126082059","0.0714286"
"2126082059","2102919647","0.0714286"
"2102919647","2182482669","0.0714286"
"2182482669","2102919647","0.0714286"
"2102919647","2197696765","0.214286"
"2197696765","2102919647","0.214286"
"132609516","1979536064","3"
"1979536064","132609516","3"
"132609516","2066428655","1"
"2066428655","132609516","1"
"1979536064","2066428655","1"
"2066428655","1979536064","1"
"1489048136","1992607005","2"
"1992607005","1489048136","2"
"1489048136","2066428655","1.16667"
"2066428655","1489048136","1.16667"
"1489048136","2101441575","8.75"
"2101441575","1489048136","8.75"
"1992607005","2066428655","4.03333"
"2066428655","1992607005","4.03333"
"1992607005","2101441575","1.16667"
"2101441575","1992607005","1.16667"
"2066428655","2101441575","1.33333"
"2101441575","2066428655","1.33333"
"1489048136","2060541830","0.25"
"2060541830","1489048136","0.25"
"1489048136","2064140493","0.25"
"2064140493","1489048136","0.25"
"1489048136","2095251634","0.25"
"2095251634","1489048136","0.25"
"2060541830","2101441575","0.25"
"2101441575","2060541830","0.25"
"2064140493","2101441575","0.25"
"2101441575","2064140493","0.25"
"2095251634","2101441575","0.25"
"2101441575","2095251634","0.25"
"1489048136","2098898702","2.66667"
"2098898702","1489048136","2.66667"
"2066428655","2098898702","5.53333"
"2098898702","2066428655","5.53333"
"1489048136","2149074433","0.666667"
"2149074433","1489048136","0.666667"
"2098898702","2101441575","1.33333"
"2101441575","2098898702","1.33333"
"2098898702","2149074433","1.83333"
"2149074433","2098898702","1.83333"
"2101441575","2149074433","0.666667"
"2149074433","2101441575","0.666667"
"1992607005","2098898702","2.03333"
"2098898702","1992607005","2.03333"
"1992607005","2149074433","0.333333"
"2149074433","1992607005","0.333333"
"1500925394","2098898702","0.5"
"2098898702","1500925394","0.5"
"1500925394","2149074433","0.5"
"2149074433","1500925394","0.5"
"1500925394","2169795842","1.33333"
"2169795842","1500925394","1.33333"
"1500925394","36086585","0.611111"
"36086585","1500925394","0.611111"
"2158068899","2169795842","0.333333"
"2169795842","2158068899","0.333333"
"2158068899","36086585","8.45"
"36086585","2158068899","8.45"
"2169795842","36086585","0.333333"
"36086585","2169795842","0.333333"
"1988358640","36086585","1.22778"
"36086585","1988358640","1.22778"
"2097532606","36086585","1.77778"
"36086585","2097532606","1.77778"
"2132158204","36086585","0.666667"
"36086585","2132158204","0.666667"
"2169936492","36086585","0.977778"
"36086585","2169936492","0.977778"
"1500925394","2090400372","0.111111"
"2090400372","1500925394","0.111111"
"1500925394","2143144029","0.111111"
"2143144029","1500925394","0.111111"
"1956034100","2090400372","0.694444"
"2090400372","1956034100","0.694444"
"1956034100","2143144029","0.111111"
"2143144029","1956034100","0.111111"
"1956034100","36086585","0.111111"
"36086585","1956034100","0.111111"
"1978964594","2090400372","0.694444"
"2090400372","1978964594","0.694444"
"1978964594","2143144029","0.111111"
"2143144029","1978964594","0.111111"
"1978964594","36086585","0.111111"
"36086585","1978964594","0.111111"
"1988358640","2090400372","0.111111"
"2090400372","1988358640","0.111111"
"1988358640","2143144029","0.111111"
"2143144029","1988358640","0.111111"
"2090400372","2097532606","0.444444"
"2097532606","2090400372","0.444444"
"2090400372","2126082059","2.02778"
"2126082059","2090400372","2.02778"
"2090400372","2143144029","0.444444"
"2143144029","2090400372","0.444444"
"2090400372","2169936492","0.111111"
"2169936492","2090400372","0.111111"
"2090400372","36086585","0.111111"
"36086585","2090400372","0.111111"
"2097532606","2143144029","0.444444"
"2143144029","2097532606","0.444444"
"2126082059","2143144029","0.444444"
"2143144029","2126082059","0.444444"
"2126082059","36086585","0.311111"
"36086585","2126082059","0.311111"
"2143144029","2169936492","0.111111"
"2169936492","2143144029","0.111111"
"2143144029","36086585","0.111111"
"36086585","2143144029","0.111111"
"1504258799","36086585","1.2"
"36086585","1504258799","1.2"
"1504258799","1578026546","1"
"1578026546","1504258799","1"
"1541236625","1584852615","13"
"1584852615","1541236625","13"
"1568990369","2095251634","1.33333"
"2095251634","1568990369","1.33333"
"1568990369","1593231112","0.333333"
"1593231112","1568990369","0.333333"
"1568990369","2049690911","0.333333"
"2049690911","1568990369","0.333333"
"1593231112","2095251634","2.10043"
"2095251634","1593231112","2.10043"
"2049690911","2095251634","2.6"
"2095251634","2049690911","2.6"
"1568990369","2152552859","1"
"2152552859","1568990369","1"
"1578026546","2014795272","3"
"2014795272","1578026546","3"
"1581315377","1593231112","1.08571"
"1593231112","1581315377","1.08571"
"1581315377","1878461938","0.1"
"1878461938","1581315377","0.1"
"1581315377","1977413865","1.34286"
"1977413865","1581315377","1.34286"
"1581315377","199621549","0.242857"
"199621549","1581315377","0.242857"
"1581315377","2048167006","2.32619"
"2048167006","1581315377","2.32619"
"1581315377","2049690911","0.3"
"2049690911","1581315377","0.3"
"1581315377","2117242855","0.942857"
"2117242855","1581315377","0.942857"
"1581315377","2132136207","0.442857"
"2132136207","1581315377","0.442857"
"1581315377","2197696765","1.26905"
"2197696765","1581315377","1.26905"
"1581315377","2536060784","0.342857"
"2536060784","1581315377","0.342857"
"1593231112","2132136207","0.683766"
"2132136207","1593231112","0.683766"
"1593231112","2536060784","0.242857"
"2536060784","1593231112","0.242857"
"1878461938","2132136207","0.242857"
"2132136207","1878461938","0.242857"
"1878461938","2536060784","0.742857"
"2536060784","1878461938","0.742857"
"1977413865","2132136207","0.433766"
"2132136207","1977413865","0.433766"
"1977413865","2536060784","0.485714"
"2536060784","1977413865","0.485714"
"199621549","2132136207","0.242857"
"2132136207","199621549","0.242857"
"199621549","2536060784","5.80238"
"2536060784","199621549","5.80238"
"2048167006","2132136207","1.0171"
"2132136207","2048167006","1.0171"
"2048167006","2536060784","0.385714"
"2536060784","2048167006","0.385714"
"2049690911","2132136207","1.05"
"2132136207","2049690911","1.05"
"2049690911","2536060784","0.533333"
"2536060784","2049690911","0.533333"
"2117242855","2132136207","2.18377"
"2132136207","2117242855","2.18377"
"2117242855","2536060784","0.385714"
"2536060784","2117242855","0.385714"
"2132136207","2197696765","0.485714"
"2197696765","2132136207","0.485714"
"2132136207","2536060784","0.342857"
"2536060784","2132136207","0.342857"
"2197696765","2536060784","1.40238"
"2536060784","2197696765","1.40238"
"1581315377","2095251634","0.842857"
"2095251634","1581315377","0.842857"
"1581315377","2152552859","0.692857"
"2152552859","1581315377","0.692857"
"1593231112","2152552859","0.9921"
"2152552859","1593231112","0.9921"
"2095251634","2117242855","5.45758"
"2117242855","2095251634","5.45758"
"2095251634","2197696765","1.25952"
"2197696765","2095251634","1.25952"
"2117242855","2152552859","3.09091"
"2152552859","2117242855","3.09091"
"2152552859","2197696765","1.95952"
"2197696765","2152552859","1.95952"
"1581315377","2563194474","0.492857"
"2563194474","1581315377","0.492857"
"2048167006","2152552859","0.815909"
"2152552859","2048167006","0.815909"
"2048167006","2563194474","0.440909"
"2563194474","2048167006","0.440909"
"2197696765","2563194474","0.392857"
"2563194474","2197696765","0.392857"
"1581315377","1616462874","0.1"
"1616462874","1581315377","0.1"
"1581315377","1935295469","0.433333"
"1935295469","1581315377","0.433333"
"1581315377","2122460461","0.1"
"2122460461","1581315377","0.1"
"1581315377","2181904476","0.1"
"2181904476","1581315377","0.1"
"1581315377","2182482669","0.1"
"2182482669","1581315377","0.1"
"1616462874","1977413865","0.1"
"1977413865","1616462874","0.1"
"1616462874","2122460461","1.05"
"2122460461","1616462874","1.05"
"1616462874","2132136207","0.1"
"2132136207","1616462874","0.1"
"1616462874","2181904476","4.55"
"2181904476","1616462874","4.55"
"1616462874","2536060784","0.1"
"2536060784","1616462874","0.1"
"1935295469","1977413865","0.1"
"1977413865","1935295469","0.1"
"1935295469","2122460461","1.55"
"2122460461","1935295469","1.55"
"1935295469","2132136207","0.1"
"2132136207","1935295469","0.1"
"1935295469","2181904476","0.692857"
"2181904476","1935295469","0.692857"
"1935295469","2536060784","0.1"
"2536060784","1935295469","0.1"
"1977413865","2122460461","0.1"
"2122460461","1977413865","0.1"
"1977413865","2181904476","0.1"
"2181904476","1977413865","0.1"
"2049690911","2122460461","0.6"
"2122460461","2049690911","0.6"
"2049690911","2181904476","0.1"
"2181904476","2049690911","0.1"
"2122460461","2132136207","0.1"
"2132136207","2122460461","0.1"
"2122460461","2181904476","1.05"
"2181904476","2122460461","1.05"
"2122460461","2182482669","1.3"
"2182482669","2122460461","1.3"
"2122460461","2197696765","0.1"
"2197696765","2122460461","0.1"
"2122460461","2536060784","0.1"
"2536060784","2122460461","0.1"
"2132136207","2181904476","0.1"
"2181904476","2132136207","0.1"
"2132136207","2182482669","0.1"
"2182482669","2132136207","0.1"
"2181904476","2182482669","0.8"
"2182482669","2181904476","0.8"
"2181904476","2197696765","0.242857"
"2197696765","2181904476","0.242857"
"2181904476","2536060784","0.1"
"2536060784","2181904476","0.1"
"2182482669","2536060784","0.1"
"2536060784","2182482669","0.1"
"1935295469","2048167006","0.333333"
"2048167006","1935295469","0.333333"
"1581315377","2017867223","0.4"
"2017867223","1581315377","0.4"
"2017867223","2095251634","0.4"
"2095251634","2017867223","0.4"
"2048167006","2095251634","1.84091"
"2095251634","2048167006","1.84091"
"1581315377","2060541830","0.1"
"2060541830","1581315377","0.1"
"1581315377","2078556749","0.242857"
"2078556749","1581315377","0.242857"
"1593231112","2060541830","0.315909"
"2060541830","1593231112","0.315909"
"1593231112","2078556749","0.367857"
"2078556749","1593231112","0.367857"
"1593231112","2563194474","0.333766"
"2563194474","1593231112","0.333766"
"2048167006","2060541830","0.315909"
"2060541830","2048167006","0.315909"
"2048167006","2078556749","0.225"
"2078556749","2048167006","0.225"
"2049690911","2060541830","0.266667"
"2060541830","2049690911","0.266667"
"2049690911","2078556749","0.266667"
"2078556749","2049690911","0.266667"
"2049690911","2152552859","0.266667"
"2152552859","2049690911","0.266667"
"2049690911","2563194474","0.1"
"2563194474","2049690911","0.1"
"2060541830","2117242855","0.357576"
"2117242855","2060541830","0.357576"
"2060541830","2132136207","0.357576"
"2132136207","2060541830","0.357576"
"2078556749","2117242855","0.266667"
"2117242855","2078556749","0.266667"
"2078556749","2132136207","0.409524"
"2132136207","2078556749","0.409524"
"2095251634","2132136207","0.500433"
"2132136207","2095251634","0.500433"
"2117242855","2563194474","0.524242"
"2563194474","2117242855","0.524242"
"2132136207","2152552859","0.500433"
"2152552859","2132136207","0.500433"
"2132136207","2563194474","0.333766"
"2563194474","2132136207","0.333766"
"2078556749","2197696765","0.392857"
"2197696765","2078556749","0.392857"
"1584852615","1982320581","0.75"
"1982320581","1584852615","0.75"
"1584852615","2089974241","0.5"
"2089974241","1584852615","0.5"
"1982320581","2089974241","0.5"
"2089974241","1982320581","0.5"
"1584852615","2169936492","1"
"2169936492","1584852615","1"
"1584852615","2045299001","0.25"
"2045299001","1584852615","0.25"
"1584852615","2068942491","0.25"
"2068942491","1584852615","0.25"
"1584852615","2180349006","0.25"
"2180349006","1584852615","0.25"
"1982320581","2045299001","1.75"
"2045299001","1982320581","1.75"
"1982320581","2068942491","0.25"
"2068942491","1982320581","0.25"
"1982320581","2180349006","3.25"
"2180349006","1982320581","3.25"
"2045299001","2068942491","0.25"
"2068942491","2045299001","0.25"
"2045299001","2180349006","7.75"
"2180349006","2045299001","7.75"
"2068942491","2180349006","0.25"
"2180349006","2068942491","0.25"
"1591717791","1841516175","0.333333"
"1841516175","1591717791","0.333333"
"1591717791","2404404299","2.83333"
"2404404299","1591717791","2.83333"
"1591717791","7139803","0.833333"
"7139803","1591717791","0.833333"
"1841516175","2404404299","0.333333"
"2404404299","1841516175","0.333333"
"1841516175","7139803","0.833333"
"7139803","1841516175","0.833333"
"2404404299","7139803","0.833333"
"7139803","2404404299","0.833333"
"1592516488","2180349006","1"
"2180349006","1592516488","1"
"1592516488","1982320581","3"
"1982320581","1592516488","3"
"1593231112","2062984101","0.215909"
"2062984101","1593231112","0.215909"
"1593231112","2090690880","0.125"
"2090690880","1593231112","0.125"
"1593231112","2098898702","0.125"
"2098898702","1593231112","0.125"
"1593231112","2750506713","0.125"
"2750506713","1593231112","0.125"
"2048167006","2062984101","0.215909"
"2062984101","2048167006","0.215909"
"2048167006","2090690880","0.125"
"2090690880","2048167006","0.125"
"2048167006","2098898702","0.125"
"2098898702","2048167006","0.125"
"2048167006","2750506713","0.125"
"2750506713","2048167006","0.125"
"2060541830","2062984101","0.215909"
"2062984101","2060541830","0.215909"
"2060541830","2090690880","0.125"
"2090690880","2060541830","0.125"
"2060541830","2098898702","0.125"
"2098898702","2060541830","0.125"
"2062984101","2078556749","0.125"
"2078556749","2062984101","0.125"
"2062984101","2090690880","0.125"
"2090690880","2062984101","0.125"
"2062984101","2098898702","0.125"
"2098898702","2062984101","0.125"
"2062984101","2152552859","0.215909"
"2152552859","2062984101","0.215909"
"2062984101","2750506713","0.125"
"2750506713","2062984101","0.125"
"2078556749","2090690880","0.125"
"2090690880","2078556749","0.125"
"2078556749","2098898702","0.125"
"2098898702","2078556749","0.125"
"2078556749","2750506713","0.125"
