"1021544130","2169025255","6.0649"
"2169025255","1021544130","6.0649"
"1021544130","2045613534","0.5"
"2045613534","1021544130","0.5"
"1021544130","2896396145","1.37879"
"2896396145","1021544130","1.37879"
"2045613534","2896396145","0.5"
"2896396145","2045613534","0.5"
"1021544130","1727020689","7.45657"
"1727020689","1021544130","7.45657"
"1021544130","1879840405","2.02323"
"1879840405","1021544130","2.02323"
"1021544130","2490710856","12.5538"
"2490710856","1021544130","12.5538"
"1021544130","87636871","0.45"
"87636871","1021544130","0.45"
"1727020689","1879840405","0.749423"
"1879840405","1727020689","0.749423"
"1727020689","2169025255","1.99942"
"2169025255","1727020689","1.99942"
"1727020689","2490710856","2.26212"
"2490710856","1727020689","2.26212"
"1727020689","87636871","0.592857"
"87636871","1727020689","0.592857"
"1879840405","2169025255","2.99942"
"2169025255","1879840405","2.99942"
"1879840405","2490710856","1.66212"
"2490710856","1879840405","1.66212"
"1879840405","87636871","1.50952"
"87636871","1879840405","1.50952"
"2169025255","2490710856","2.37045"
"2490710856","2169025255","2.37045"
"2169025255","87636871","1.50952"
"87636871","2169025255","1.50952"
"2490710856","87636871","0.2"
"87636871","2490710856","0.2"
"1021544130","2885518439","0.295455"
"2885518439","1021544130","0.295455"
"1021544130","2894609524","0.895455"
"2894609524","1021544130","0.895455"
"2169025255","2885518439","0.295455"
"2885518439","2169025255","0.295455"
"2169025255","2894609524","0.295455"
"2894609524","2169025255","0.295455"
"2490710856","2885518439","0.295455"
"2885518439","2490710856","0.295455"
"2490710856","2894609524","0.395455"
"2894609524","2490710856","0.395455"
"2885518439","2894609524","4.96212"
"2894609524","2885518439","4.96212"
"1727020689","2894609524","0.645455"
"2894609524","1727020689","0.645455"
"1021544130","2541018548","0.478788"
"2541018548","1021544130","0.478788"
"1727020689","2541018548","0.478788"
"2541018548","1727020689","0.478788"
"1727020689","2896396145","1.02165"
"2896396145","1727020689","1.02165"
"2541018548","2896396145","2.16212"
"2896396145","2541018548","2.16212"
"1021544130","2164581564","2.62879"
"2164581564","1021544130","2.62879"
"1021544130","2807346021","0.25"
"2807346021","1021544130","0.25"
"1879840405","2164581564","2.12879"
"2164581564","1879840405","2.12879"
"1879840405","2807346021","0.25"
"2807346021","1879840405","0.25"
"2164581564","2490710856","1.12879"
"2490710856","2164581564","1.12879"
"2164581564","2807346021","0.25"
"2807346021","2164581564","0.25"
"2490710856","2807346021","0.25"
"2807346021","2490710856","0.25"
"1021544130","174869568","0.111111"
"174869568","1021544130","0.111111"
"1021544130","20702682","0.111111"
"20702682","1021544130","0.111111"
"1021544130","2128451179","0.111111"
"2128451179","1021544130","0.111111"
"1021544130","2136096696","0.111111"
"2136096696","1021544130","0.111111"
"1021544130","2184217801","0.111111"
"2184217801","1021544130","0.111111"
"1021544130","3006595947","0.111111"
"3006595947","1021544130","0.111111"
"1727020689","174869568","0.111111"
"174869568","1727020689","0.111111"
"1727020689","20702682","0.111111"
"20702682","1727020689","0.111111"
"1727020689","2128451179","0.111111"
"2128451179","1727020689","0.111111"
"1727020689","2136096696","0.111111"
"2136096696","1727020689","0.111111"
"1727020689","2184217801","0.111111"
"2184217801","1727020689","0.111111"
"1727020689","3006595947","0.111111"
"3006595947","1727020689","0.111111"
"174869568","1879840405","0.253968"
"1879840405","174869568","0.253968"
"174869568","20702682","1.11111"
"20702682","174869568","1.11111"
"174869568","2128451179","3.37064"
"2128451179","174869568","3.37064"
"174869568","2136096696","0.111111"
"2136096696","174869568","0.111111"
"174869568","2169025255","0.111111"
"2169025255","174869568","0.111111"
"174869568","2184217801","0.111111"
"2184217801","174869568","0.111111"
"174869568","3006595947","0.444444"
"3006595947","174869568","0.444444"
"1879840405","20702682","0.111111"
"20702682","1879840405","0.111111"
"1879840405","2128451179","0.253968"
"2128451179","1879840405","0.253968"
"1879840405","2136096696","0.111111"
"2136096696","1879840405","0.111111"
"1879840405","2184217801","0.111111"
"2184217801","1879840405","0.111111"
"1879840405","3006595947","0.111111"
"3006595947","1879840405","0.111111"
"20702682","2128451179","1.77778"
"2128451179","20702682","1.77778"
"20702682","2136096696","0.111111"
"2136096696","20702682","0.111111"
"20702682","2169025255","0.111111"
"2169025255","20702682","0.111111"
"20702682","2184217801","1.11111"
"2184217801","20702682","1.11111"
"20702682","3006595947","0.444444"
"3006595947","20702682","0.444444"
"2128451179","2136096696","0.111111"
"2136096696","2128451179","0.111111"
"2128451179","2169025255","0.111111"
"2169025255","2128451179","0.111111"
"2128451179","2184217801","1.61111"
"2184217801","2128451179","1.61111"
"2128451179","3006595947","0.111111"
"3006595947","2128451179","0.111111"
"2136096696","2169025255","0.111111"
"2169025255","2136096696","0.111111"
"2136096696","2184217801","0.111111"
"2184217801","2136096696","0.111111"
"2136096696","3006595947","0.111111"
"3006595947","2136096696","0.111111"
"2169025255","2184217801","0.111111"
"2184217801","2169025255","0.111111"
"2169025255","3006595947","0.111111"
"3006595947","2169025255","0.111111"
"2184217801","3006595947","1.11111"
"3006595947","2184217801","1.11111"
"1021544130","1997835807","0.620455"
"1997835807","1021544130","0.620455"
"1021544130","2067197672","1.04545"
"2067197672","1021544130","1.04545"
"1021544130","2545082031","0.0454545"
"2545082031","1021544130","0.0454545"
"1021544130","2547228435","0.0454545"
"2547228435","1021544130","0.0454545"
"1021544130","2547345479","0.0454545"
"2547345479","1021544130","0.0454545"
"1021544130","2547455073","0.645455"
"2547455073","1021544130","0.645455"
"1021544130","2547848982","0.0454545"
"2547848982","1021544130","0.0454545"
"1021544130","2594823817","0.0454545"
"2594823817","1021544130","0.0454545"
"1021544130","2620789817","0.953788"
"2620789817","1021544130","0.953788"
"1021544130","2755291975","0.878788"
"2755291975","1021544130","0.878788"
"1021544130","2775496038","0.0454545"
"2775496038","1021544130","0.0454545"
"1021544130","2919782886","0.170455"
"2919782886","1021544130","0.170455"
"1021544130","2958285855","0.0454545"
"2958285855","1021544130","0.0454545"
"1727020689","1997835807","0.295455"
"1997835807","1727020689","0.295455"
"1727020689","2067197672","0.545455"
"2067197672","1727020689","0.545455"
"1727020689","2164581564","1.04545"
"2164581564","1727020689","1.04545"
"1727020689","2545082031","0.0454545"
"2545082031","1727020689","0.0454545"
"1727020689","2547228435","0.0454545"
"2547228435","1727020689","0.0454545"
"1727020689","2547345479","0.0454545"
"2547345479","1727020689","0.0454545"
"1727020689","2547455073","0.145455"
"2547455073","1727020689","0.145455"
"1727020689","2547848982","0.0454545"
"2547848982","1727020689","0.0454545"
"1727020689","2594823817","0.0454545"
"2594823817","1727020689","0.0454545"
"1727020689","2620789817","0.438312"
"2620789817","1727020689","0.438312"
"1727020689","2755291975","0.0454545"
"2755291975","1727020689","0.0454545"
"1727020689","2775496038","0.0454545"
"2775496038","1727020689","0.0454545"
"1727020689","2885518439","0.0454545"
"2885518439","1727020689","0.0454545"
"1727020689","2919782886","0.0454545"
"2919782886","1727020689","0.0454545"
"1727020689","2958285855","0.0454545"
"2958285855","1727020689","0.0454545"
"1879840405","1997835807","0.0454545"
"1997835807","1879840405","0.0454545"
"1879840405","2067197672","0.545455"
"2067197672","1879840405","0.545455"
"1879840405","2541018548","0.0454545"
"2541018548","1879840405","0.0454545"
"1879840405","2545082031","0.0454545"
"2545082031","1879840405","0.0454545"
"1879840405","2547228435","0.0454545"
"2547228435","1879840405","0.0454545"
"1879840405","2547345479","0.0454545"
"2547345479","1879840405","0.0454545"
"1879840405","2547455073","0.0454545"
"2547455073","1879840405","0.0454545"
"1879840405","2547848982","0.0454545"
"2547848982","1879840405","0.0454545"
"1879840405","2594823817","0.0454545"
"2594823817","1879840405","0.0454545"
"1879840405","2620789817","0.521645"
"2620789817","1879840405","0.521645"
"1879840405","2755291975","0.378788"
"2755291975","1879840405","0.378788"
"1879840405","2775496038","0.0454545"
"2775496038","1879840405","0.0454545"
"1879840405","2885518439","0.0454545"
"2885518439","1879840405","0.0454545"
"1879840405","2894609524","0.0454545"
"2894609524","1879840405","0.0454545"
"1879840405","2896396145","0.521645"
"2896396145","1879840405","0.521645"
"1879840405","2919782886","0.0454545"
"2919782886","1879840405","0.0454545"
"1879840405","2958285855","0.0454545"
"2958285855","1879840405","0.0454545"
"1997835807","2067197672","0.0454545"
"2067197672","1997835807","0.0454545"
"1997835807","2164581564","0.0454545"
"2164581564","1997835807","0.0454545"
"1997835807","2169025255","0.170455"
"2169025255","1997835807","0.170455"
"1997835807","2490710856","0.420455"
"2490710856","1997835807","0.420455"
"1997835807","2541018548","0.0454545"
"2541018548","1997835807","0.0454545"
"1997835807","2545082031","0.0454545"
"2545082031","1997835807","0.0454545"
"1997835807","2547228435","0.0454545"
"2547228435","1997835807","0.0454545"
"1997835807","2547345479","0.0454545"
"2547345479","1997835807","0.0454545"
"1997835807","2547455073","0.295455"
"2547455073","1997835807","0.295455"
"1997835807","2547848982","0.0454545"
"2547848982","1997835807","0.0454545"
"1997835807","2594823817","0.0454545"
"2594823817","1997835807","0.0454545"
"1997835807","2620789817","0.370455"
"2620789817","1997835807","0.370455"
"1997835807","2755291975","0.0454545"
"2755291975","1997835807","0.0454545"
"1997835807","2775496038","0.0454545"
"2775496038","1997835807","0.0454545"
"1997835807","2885518439","0.0454545"
"2885518439","1997835807","0.0454545"
"1997835807","2894609524","0.0454545"
"2894609524","1997835807","0.0454545"
"1997835807","2896396145","0.0454545"
"2896396145","1997835807","0.0454545"
"1997835807","2919782886","0.670455"
"2919782886","1997835807","0.670455"
"1997835807","2958285855","0.0454545"
"2958285855","1997835807","0.0454545"
"2067197672","2164581564","1.54545"
"2164581564","2067197672","1.54545"
"2067197672","2169025255","0.0454545"
"2169025255","2067197672","0.0454545"
"2067197672","2490710856","1.04545"
"2490710856","2067197672","1.04545"
"2067197672","2541018548","0.0454545"
"2541018548","2067197672","0.0454545"
"2067197672","2545082031","0.0454545"
"2545082031","2067197672","0.0454545"
"2067197672","2547228435","0.0454545"
"2547228435","2067197672","0.0454545"
"2067197672","2547345479","0.0454545"
"2547345479","2067197672","0.0454545"
"2067197672","2547455073","0.545455"
"2547455073","2067197672","0.545455"
"2067197672","2547848982","0.0454545"
"2547848982","2067197672","0.0454545"
"2067197672","2594823817","0.0454545"
"2594823817","2067197672","0.0454545"
"2067197672","2620789817","0.0454545"
"2620789817","2067197672","0.0454545"
"2067197672","2755291975","0.545455"
"2755291975","2067197672","0.545455"
"2067197672","2775496038","0.0454545"
"2775496038","2067197672","0.0454545"
"2067197672","2885518439","0.0454545"
"2885518439","2067197672","0.0454545"
"2067197672","2894609524","0.0454545"
"2894609524","2067197672","0.0454545"
"2067197672","2896396145","0.0454545"
"2896396145","2067197672","0.0454545"
"2067197672","2919782886","0.0454545"
"2919782886","2067197672","0.0454545"
"2067197672","2958285855","0.0454545"
"2958285855","2067197672","0.0454545"
"2164581564","2169025255","0.0454545"
"2169025255","2164581564","0.0454545"
"2164581564","2541018548","0.545455"
"2541018548","2164581564","0.545455"
"2164581564","2545082031","0.0454545"
"2545082031","2164581564","0.0454545"
"2164581564","2547228435","2.54545"
"2547228435","2164581564","2.54545"
"2164581564","2547345479","0.0454545"
"2547345479","2164581564","0.0454545"
"2164581564","2547455073","1.04545"
"2547455073","2164581564","1.04545"
"2164581564","2547848982","0.0454545"
"2547848982","2164581564","0.0454545"
"2164581564","2594823817","0.0454545"
"2594823817","2164581564","0.0454545"
"2164581564","2620789817","0.0454545"
"2620789817","2164581564","0.0454545"
"2164581564","2755291975","0.0454545"
"2755291975","2164581564","0.0454545"
"2164581564","2775496038","0.0454545"
"2775496038","2164581564","0.0454545"
"2164581564","2885518439","0.0454545"
"2885518439","2164581564","0.0454545"
"2164581564","2894609524","0.0454545"
"2894609524","2164581564","0.0454545"
"2164581564","2896396145","0.0454545"
"2896396145","2164581564","0.0454545"
"2164581564","2919782886","0.0454545"
"2919782886","2164581564","0.0454545"
"2164581564","2958285855","0.0454545"
"2958285855","2164581564","0.0454545"
"2169025255","2541018548","0.0454545"
"2541018548","2169025255","0.0454545"
"2169025255","2545082031","0.0454545"
"2545082031","2169025255","0.0454545"
"2169025255","2547228435","0.0454545"
"2547228435","2169025255","0.0454545"
"2169025255","2547345479","0.0454545"
"2547345479","2169025255","0.0454545"
"2169025255","2547455073","0.0454545"
"2547455073","2169025255","0.0454545"
"2169025255","2547848982","0.0454545"
"2547848982","2169025255","0.0454545"
"2169025255","2594823817","0.0454545"
"2594823817","2169025255","0.0454545"
"2169025255","2620789817","0.313312"
"2620789817","2169025255","0.313312"
"2169025255","2755291975","0.712121"
"2755291975","2169025255","0.712121"
"2169025255","2775496038","0.0454545"
"2775496038","2169025255","0.0454545"
"2169025255","2896396145","1.02165"
"2896396145","2169025255","1.02165"
"2169025255","2919782886","0.170455"
"2919782886","2169025255","0.170455"
"2169025255","2958285855","0.0454545"
"2958285855","2169025255","0.0454545"
"2490710856","2541018548","0.345455"
"2541018548","2490710856","0.345455"
"2490710856","2545082031","0.0454545"
"2545082031","2490710856","0.0454545"
"2490710856","2547228435","0.0454545"
"2547228435","2490710856","0.0454545"
"2490710856","2547345479","0.245455"
"2547345479","2490710856","0.245455"
"2490710856","2547455073","0.345455"
"2547455073","2490710856","0.345455"
"2490710856","2547848982","0.0454545"
"2547848982","2490710856","0.0454545"
"2490710856","2594823817","0.0454545"
"2594823817","2490710856","0.0454545"
"2490710856","2620789817","1.45379"
"2620789817","2490710856","1.45379"
"2490710856","2755291975","1.04545"
"2755291975","2490710856","1.04545"
"2490710856","2775496038","0.0454545"
"2775496038","2490710856","0.0454545"
"2490710856","2896396145","0.245455"
"2896396145","2490710856","0.245455"
"2490710856","2919782886","0.170455"
"2919782886","2490710856","0.170455"
"2490710856","2958285855","0.0454545"
"2958285855","2490710856","0.0454545"
"2541018548","2545082031","0.0454545"
"2545082031","2541018548","0.0454545"
"2541018548","2547228435","0.295455"
"2547228435","2541018548","0.295455"
"2541018548","2547345479","0.245455"
"2547345479","2541018548","0.245455"
"2541018548","2547455073","9.34545"
"2547455073","2541018548","9.34545"
"2541018548","2547848982","0.0454545"
"2547848982","2541018548","0.0454545"
"2541018548","2594823817","0.0454545"
"2594823817","2541018548","0.0454545"
"2541018548","2620789817","0.245455"
"2620789817","2541018548","0.245455"
"2541018548","2755291975","0.295455"
"2755291975","2541018548","0.295455"
"2541018548","2775496038","0.0454545"
"2775496038","2541018548","0.0454545"
"2541018548","2885518439","0.0454545"
"2885518439","2541018548","0.0454545"
"2541018548","2894609524","0.395455"
"2894609524","2541018548","0.395455"
"2541018548","2919782886","0.0454545"
"2919782886","2541018548","0.0454545"
"2541018548","2958285855","0.0454545"
"2958285855","2541018548","0.0454545"
"2545082031","2547228435","0.0454545"
"2547228435","2545082031","0.0454545"
"2545082031","2547345479","0.0454545"
"2547345479","2545082031","0.0454545"
"2545082031","2547455073","0.0454545"
"2547455073","2545082031","0.0454545"
"2545082031","2547848982","0.0454545"
"2547848982","2545082031","0.0454545"
"2545082031","2594823817","0.0454545"
"2594823817","2545082031","0.0454545"
"2545082031","2620789817","0.0454545"
"2620789817","2545082031","0.0454545"
"2545082031","2755291975","0.0454545"
"2755291975","2545082031","0.0454545"
"2545082031","2775496038","0.0454545"
"2775496038","2545082031","0.0454545"
"2545082031","2885518439","0.0454545"
"2885518439","2545082031","0.0454545"
"2545082031","2894609524","0.0454545"
"2894609524","2545082031","0.0454545"
"2545082031","2896396145","0.0454545"
"2896396145","2545082031","0.0454545"
"2545082031","2919782886","0.0454545"
"2919782886","2545082031","0.0454545"
"2545082031","2958285855","0.0454545"
"2958285855","2545082031","0.0454545"
"2547228435","2547345479","0.0454545"
"2547345479","2547228435","0.0454545"
"2547228435","2547455073","0.295455"
"2547455073","2547228435","0.295455"
"2547228435","2547848982","0.0454545"
"2547848982","2547228435","0.0454545"
"2547228435","2594823817","0.0454545"
"2594823817","2547228435","0.0454545"
"2547228435","2620789817","0.0454545"
"2620789817","2547228435","0.0454545"
"2547228435","2755291975","0.0454545"
"2755291975","2547228435","0.0454545"
"2547228435","2775496038","0.0454545"
"2775496038","2547228435","0.0454545"
"2547228435","2885518439","0.0454545"
"2885518439","2547228435","0.0454545"
"2547228435","2894609524","0.0454545"
"2894609524","2547228435","0.0454545"
"2547228435","2896396145","0.0454545"
"2896396145","2547228435","0.0454545"
"2547228435","2919782886","0.545455"
"2919782886","2547228435","0.545455"
"2547228435","2958285855","0.0454545"
"2958285855","2547228435","0.0454545"
"2547345479","2547455073","0.245455"
"2547455073","2547345479","0.245455"
"2547345479","2547848982","1.04545"
"2547848982","2547345479","1.04545"
"2547345479","2594823817","0.0454545"
"2594823817","2547345479","0.0454545"
"2547345479","2620789817","0.245455"
"2620789817","2547345479","0.245455"
"2547345479","2755291975","0.0454545"
"2755291975","2547345479","0.0454545"
"2547345479","2775496038","0.0454545"
"2775496038","2547345479","0.0454545"
"2547345479","2885518439","0.0454545"
"2885518439","2547345479","0.0454545"
"2547345479","2894609524","0.0454545"
"2894609524","2547345479","0.0454545"
"2547345479","2896396145","0.245455"
"2896396145","2547345479","0.245455"
"2547345479","2919782886","0.0454545"
"2919782886","2547345479","0.0454545"
"2547345479","2958285855","0.0454545"
"2958285855","2547345479","0.0454545"
"2547455073","2547848982","0.0454545"
"2547848982","2547455073","0.0454545"
"2547455073","2594823817","0.0454545"
"2594823817","2547455073","0.0454545"
"2547455073","2620789817","0.245455"
"2620789817","2547455073","0.245455"
"2547455073","2755291975","1.12879"
"2755291975","2547455073","1.12879"
"2547455073","2775496038","0.0454545"
"2775496038","2547455073","0.0454545"
"2547455073","2885518439","0.0454545"
"2885518439","2547455073","0.0454545"
"2547455073","2894609524","0.395455"
"2894609524","2547455073","0.395455"
"2547455073","2896396145","2.82879"
"2896396145","2547455073","2.82879"
"2547455073","2919782886","0.0454545"
"2919782886","2547455073","0.0454545"
"2547455073","2958285855","0.0454545"
"2958285855","2547455073","0.0454545"
"2547848982","2594823817","0.0454545"
"2594823817","2547848982","0.0454545"
"2547848982","2620789817","0.0454545"
"2620789817","2547848982","0.0454545"
"2547848982","2755291975","0.0454545"
"2755291975","2547848982","0.0454545"
"2547848982","2775496038","0.0454545"
"2775496038","2547848982","0.0454545"
"2547848982","2885518439","0.0454545"
"2885518439","2547848982","0.0454545"
"2547848982","2894609524","0.0454545"
"2894609524","2547848982","0.0454545"
"2547848982","2896396145","0.0454545"
"2896396145","2547848982","0.0454545"
"2547848982","2919782886","0.0454545"
"2919782886","2547848982","0.0454545"
"2547848982","2958285855","0.0454545"
"2958285855","2547848982","0.0454545"
"2594823817","2620789817","0.0454545"
"2620789817","2594823817","0.0454545"
"2594823817","2755291975","0.545455"
"2755291975","2594823817","0.545455"
"2594823817","2775496038","5.54545"
"2775496038","2594823817","5.54545"
"2594823817","2885518439","0.0454545"
"2885518439","2594823817","0.0454545"
"2594823817","2894609524","0.0454545"
"2894609524","2594823817","0.0454545"
"2594823817","2896396145","0.0454545"
"2896396145","2594823817","0.0454545"
"2594823817","2919782886","0.0454545"
"2919782886","2594823817","0.0454545"
"2594823817","2958285855","0.0454545"
"2958285855","2594823817","0.0454545"
"2620789817","2755291975","0.545455"
"2755291975","2620789817","0.545455"
"2620789817","2775496038","0.0454545"
"2775496038","2620789817","0.0454545"
"2620789817","2885518439","0.0454545"
"2885518439","2620789817","0.0454545"
"2620789817","2894609524","0.0454545"
"2894609524","2620789817","0.0454545"
"2620789817","2896396145","0.388312"
"2896396145","2620789817","0.388312"
"2620789817","2919782886","0.170455"
"2919782886","2620789817","0.170455"
"2620789817","2958285855","0.0454545"
"2958285855","2620789817","0.0454545"
"2755291975","2775496038","1.54545"
"2775496038","2755291975","1.54545"
"2755291975","2885518439","0.0454545"
"2885518439","2755291975","0.0454545"
"2755291975","2894609524","0.295455"
"2894609524","2755291975","0.295455"
"2755291975","2896396145","4.12879"
"2896396145","2755291975","4.12879"
"2755291975","2919782886","1.04545"
"2919782886","2755291975","1.04545"
"2755291975","2958285855","0.0454545"
"2958285855","2755291975","0.0454545"
"2775496038","2885518439","0.0454545"
"2885518439","2775496038","0.0454545"
"2775496038","2894609524","4.21212"
"2894609524","2775496038","4.21212"
"2775496038","2896396145","0.0454545"
"2896396145","2775496038","0.0454545"
"2775496038","2919782886","0.0454545"
"2919782886","2775496038","0.0454545"
"2775496038","2958285855","0.0454545"
"2958285855","2775496038","0.0454545"
"2885518439","2896396145","0.0454545"
"2896396145","2885518439","0.0454545"
"2885518439","2919782886","0.0454545"
"2919782886","2885518439","0.0454545"
"2885518439","2958285855","0.0454545"
"2958285855","2885518439","0.0454545"
"2894609524","2896396145","0.295455"
"2896396145","2894609524","0.295455"
"2894609524","2919782886","0.0454545"
"2919782886","2894609524","0.0454545"
"2894609524","2958285855","0.0454545"
"2958285855","2894609524","0.0454545"
"2896396145","2919782886","0.0454545"
"2919782886","2896396145","0.0454545"
"2896396145","2958285855","0.0454545"
"2958285855","2896396145","0.0454545"
"2919782886","2958285855","0.0454545"
"2958285855","2919782886","0.0454545"
"1021544130","1993206555","0.5"
"1993206555","1021544130","0.5"
"1993206555","2490710856","0.5"
"2490710856","1993206555","0.5"
"1021544130","2492121009","1.3"
"2492121009","1021544130","1.3"
"1727020689","2492121009","1.1"
"2492121009","1727020689","1.1"
"1997835807","2492121009","1.7"
"2492121009","1997835807","1.7"
"2490710856","2492121009","1.6"
"2492121009","2490710856","1.6"
"1021544130","1717126315","0.325"
"1717126315","1021544130","0.325"
"1021544130","2038368559","1.125"
"2038368559","1021544130","1.125"
"1021544130","2896395034","0.125"
"2896395034","1021544130","0.125"
"1717126315","1997835807","5.69405"
"1997835807","1717126315","5.69405"
"1717126315","2038368559","0.125"
"2038368559","1717126315","0.125"
"1717126315","2169025255","0.125"
"2169025255","1717126315","0.125"
"1717126315","2490710856","0.125"
"2490710856","1717126315","0.125"
"1717126315","2620789817","0.825"
"2620789817","1717126315","0.825"
"1717126315","2896395034","0.125"
"2896395034","1717126315","0.125"
"1717126315","2919782886","0.625"
"2919782886","1717126315","0.625"
"1997835807","2038368559","0.125"
"2038368559","1997835807","0.125"
"1997835807","2896395034","0.125"
"2896395034","1997835807","0.125"
"2038368559","2169025255","0.125"
"2169025255","2038368559","0.125"
"2038368559","2490710856","0.125"
"2490710856","2038368559","0.125"
"2038368559","2620789817","0.125"
"2620789817","2038368559","0.125"
"2038368559","2896395034","0.125"
"2896395034","2038368559","0.125"
"2038368559","2919782886","0.125"
"2919782886","2038368559","0.125"
"2169025255","2896395034","0.125"
"2896395034","2169025255","0.125"
"2490710856","2896395034","0.125"
"2896395034","2490710856","0.125"
"2620789817","2896395034","0.125"
"2896395034","2620789817","0.125"
"2896395034","2919782886","0.125"
"2919782886","2896395034","0.125"
"1021544130","2088580284","0.333333"
"2088580284","1021544130","0.333333"
"2088580284","2169025255","0.333333"
"2169025255","2088580284","0.333333"
"2088580284","2755291975","0.333333"
"2755291975","2088580284","0.333333"
"1021544130","1523306773","0.0833333"
"1523306773","1021544130","0.0833333"
"1021544130","1760269135","0.0833333"
"1760269135","1021544130","0.0833333"
"1021544130","1965143135","0.0833333"
"1965143135","1021544130","0.0833333"
"1021544130","1967874463","0.0833333"
"1967874463","1021544130","0.0833333"
"1021544130","2021152841","0.183333"
"2021152841","1021544130","0.183333"
"1021544130","2057339576","0.0833333"
"2057339576","1021544130","0.0833333"
"1021544130","2118611949","0.0833333"
"2118611949","1021544130","0.0833333"
"1021544130","2156064862","0.0833333"
"2156064862","1021544130","0.0833333"
"1021544130","2277858235","0.183333"
"2277858235","1021544130","0.183333"
"1021544130","838312103","0.0833333"
"838312103","1021544130","0.0833333"
"1523306773","1727020689","0.0833333"
"1727020689","1523306773","0.0833333"
"1523306773","1760269135","0.755952"
"1760269135","1523306773","0.755952"
"1523306773","1965143135","0.279762"
"1965143135","1523306773","0.279762"
"1523306773","1967874463","0.279762"
"1967874463","1523306773","0.279762"
"1523306773","2021152841","0.279762"
"2021152841","1523306773","0.279762"
"1523306773","2057339576","1.01548"
"2057339576","1523306773","1.01548"
"1523306773","2118611949","14.7155"
"2118611949","1523306773","14.7155"
"1523306773","2156064862","0.154762"
"2156064862","1523306773","0.154762"
"1523306773","2277858235","0.279762"
"2277858235","1523306773","0.279762"
"1523306773","2490710856","0.0833333"
"2490710856","1523306773","0.0833333"
"1523306773","838312103","1.01548"
"838312103","1523306773","1.01548"
"1727020689","1760269135","0.0833333"
"1760269135","1727020689","0.0833333"
"1727020689","1965143135","0.0833333"
"1965143135","1727020689","0.0833333"
"1727020689","1967874463","0.0833333"
"1967874463","1727020689","0.0833333"
"1727020689","2021152841","0.183333"
"2021152841","1727020689","0.183333"
"1727020689","2057339576","0.0833333"
"2057339576","1727020689","0.0833333"
"1727020689","2118611949","0.0833333"
"2118611949","1727020689","0.0833333"
"1727020689","2156064862","0.0833333"
"2156064862","1727020689","0.0833333"
"1727020689","2277858235","0.183333"
"2277858235","1727020689","0.183333"
"1727020689","838312103","0.0833333"
"838312103","1727020689","0.0833333"
"1760269135","1965143135","0.279762"
"1965143135","1760269135","0.279762"
"1760269135","1967874463","0.696429"
"1967874463","1760269135","0.696429"
"1760269135","2021152841","1.67262"
"2021152841","1760269135","1.67262"
"1760269135","2057339576","1.48214"
"2057339576","1760269135","1.48214"
"1760269135","2118611949","0.755952"
"2118611949","1760269135","0.755952"
"1760269135","2156064862","0.154762"
"2156064862","1760269135","0.154762"
"1760269135","2277858235","1.67262"
"2277858235","1760269135","1.67262"
"1760269135","2490710856","0.0833333"
"2490710856","1760269135","0.0833333"
"1760269135","838312103","1.31548"
"838312103","1760269135","1.31548"
"1965143135","1967874463","0.279762"
"1967874463","1965143135","0.279762"
"1965143135","2021152841","0.779762"
"2021152841","1965143135","0.779762"
"1965143135","2057339576","0.279762"
"2057339576","1965143135","0.279762"
"1965143135","2118611949","0.279762"
"2118611949","1965143135","0.279762"
"1965143135","2156064862","0.154762"
"2156064862","1965143135","0.154762"
"1965143135","2277858235","0.779762"
"2277858235","1965143135","0.779762"
"1965143135","2490710856","0.0833333"
"2490710856","1965143135","0.0833333"
"1965143135","838312103","0.279762"
"838312103","1965143135","0.279762"
"1967874463","2021152841","0.279762"
"2021152841","1967874463","0.279762"
"1967874463","2057339576","1.3631"
"2057339576","1967874463","1.3631"
"1967874463","2118611949","0.279762"
"2118611949","1967874463","0.279762"
"1967874463","2156064862","0.154762"
"2156064862","1967874463","0.154762"
"1967874463","2277858235","0.279762"
"2277858235","1967874463","0.279762"
"1967874463","2490710856","0.25"
"2490710856","1967874463","0.25"
"1967874463","838312103","1.19643"
"838312103","1967874463","1.19643"
"2021152841","2057339576","0.422619"
"2057339576","2021152841","0.422619"
"2021152841","2118611949","0.279762"
"2118611949","2021152841","0.279762"
"2021152841","2156064862","0.154762"
"2156064862","2021152841","0.154762"
"2021152841","2277858235","12.0226"
"2277858235","2021152841","12.0226"
"2021152841","2490710856","0.183333"
"2490710856","2021152841","0.183333"
"2021152841","838312103","0.422619"
"838312103","2021152841","0.422619"
"2057339576","2118611949","1.01548"
"2118611949","2057339576","1.01548"
"2057339576","2156064862","0.154762"
"2156064862","2057339576","0.154762"
"2057339576","2277858235","0.422619"
"2277858235","2057339576","0.422619"
"2057339576","2490710856","0.0833333"
"2490710856","2057339576","0.0833333"
"2057339576","838312103","10.925"
"838312103","2057339576","10.925"
"2118611949","2156064862","0.154762"
"2156064862","2118611949","0.154762"
"2118611949","2277858235","0.279762"
"2277858235","2118611949","0.279762"
"2118611949","2490710856","0.0833333"
"2490710856","2118611949","0.0833333"
"2118611949","838312103","1.01548"
"838312103","2118611949","1.01548"
"2156064862","2277858235","0.154762"
"2277858235","2156064862","0.154762"
"2156064862","2490710856","0.0833333"
"2490710856","2156064862","0.0833333"
"2156064862","838312103","0.154762"
"838312103","2156064862","0.154762"
"2277858235","2490710856","0.183333"
"2490710856","2277858235","0.183333"
"2277858235","838312103","0.422619"
"838312103","2277858235","0.422619"
"2490710856","838312103","0.0833333"
"838312103","2490710856","0.0833333"
"1021544130","2406109249","0.2"
"2406109249","1021544130","0.2"
"1717126315","2406109249","1.23571"
"2406109249","1717126315","1.23571"
"1717126315","2492121009","0.45"
"2492121009","1717126315","0.45"
"1997835807","2406109249","2.73571"
"2406109249","1997835807","2.73571"
"2406109249","2492121009","0.45"
"2492121009","2406109249","0.45"
"2406109249","2620789817","0.2"
"2620789817","2406109249","0.2"
"2492121009","2620789817","0.45"
"2620789817","2492121009","0.45"
"1021544130","189486356","0.1"
"189486356","1021544130","0.1"
"1021544130","1915836217","0.1"
"1915836217","1021544130","0.1"
"1727020689","189486356","0.1"
"189486356","1727020689","0.1"
"1727020689","1915836217","0.1"
"1915836217","1727020689","0.1"
"189486356","1915836217","0.1"
"1915836217","189486356","0.1"
"189486356","2021152841","1.01667"
"2021152841","189486356","1.01667"
"189486356","2277858235","1.01667"
"2277858235","189486356","1.01667"
"189486356","2490710856","0.1"
"2490710856","189486356","0.1"
"189486356","2492121009","1.1"
"2492121009","189486356","1.1"
"189486356","2541018548","0.1"
"2541018548","189486356","0.1"
"189486356","2547455073","0.1"
"2547455073","189486356","0.1"
"189486356","2894609524","0.1"
"2894609524","189486356","0.1"
"1915836217","2021152841","0.1"
"2021152841","1915836217","0.1"
"1915836217","2277858235","0.433333"
"2277858235","1915836217","0.433333"
"1915836217","2490710856","0.1"
"2490710856","1915836217","0.1"
"1915836217","2492121009","0.1"
"2492121009","1915836217","0.1"
"1915836217","2541018548","0.1"
"2541018548","1915836217","0.1"
"1915836217","2547455073","0.433333"
"2547455073","1915836217","0.433333"
"1915836217","2894609524","0.1"
"2894609524","1915836217","0.1"
"2021152841","2492121009","0.1"
"2492121009","2021152841","0.1"
"2021152841","2541018548","0.1"
"2541018548","2021152841","0.1"
"2021152841","2547455073","0.1"
"2547455073","2021152841","0.1"
"2021152841","2894609524","0.1"
"2894609524","2021152841","0.1"
"2277858235","2492121009","0.1"
"2492121009","2277858235","0.1"
"2277858235","2541018548","0.1"
"2541018548","2277858235","0.1"
"2277858235","2547455073","0.1"
"2547455073","2277858235","0.1"
"2277858235","2894609524","0.1"
"2894609524","2277858235","0.1"
"2492121009","2541018548","0.433333"
"2541018548","2492121009","0.433333"
"2492121009","2547455073","0.683333"
"2547455073","2492121009","0.683333"
"2492121009","2894609524","0.1"
"2894609524","2492121009","0.1"
"1021544130","1985922531","0.333333"
"1985922531","1021544130","0.333333"
"1727020689","1985922531","0.333333"
"1985922531","1727020689","0.333333"
"1985922531","2490710856","0.333333"
"2490710856","1985922531","0.333333"
"1021544130","2985891047","1"
"2985891047","1021544130","1"
"1021544130","111895699","0.25"
"111895699","1021544130","0.25"
"111895699","1727020689","0.392857"
"1727020689","111895699","0.392857"
"111895699","2490710856","0.25"
"2490710856","111895699","0.25"
"111895699","2492121009","0.25"
"2492121009","111895699","0.25"
"2169025255","2492121009","0.916667"
"2492121009","2169025255","0.916667"
"111895699","132715318","0.333333"
"132715318","111895699","0.333333"
"111895699","1551374508","0.333333"
"1551374508","111895699","0.333333"
"111895699","2166203283","0.333333"
"2166203283","111895699","0.333333"
"132715318","1551374508","0.458333"
"1551374508","132715318","0.458333"
"132715318","2166203283","2.20833"
"2166203283","132715318","2.20833"
"1551374508","2166203283","1.39444"
"2166203283","1551374508","1.39444"
"111895699","1879840405","0.142857"
"1879840405","111895699","0.142857"
"111895699","2159518369","0.142857"
"2159518369","111895699","0.142857"
"111895699","2169025255","0.142857"
"2169025255","111895699","0.142857"
"111895699","2620789817","0.142857"
"2620789817","111895699","0.142857"
"111895699","2896396145","0.142857"
"2896396145","111895699","0.142857"
"111895699","87636871","0.142857"
"87636871","111895699","0.142857"
"1727020689","2159518369","0.142857"
"2159518369","1727020689","0.142857"
"1879840405","2159518369","0.142857"
"2159518369","1879840405","0.142857"
"2159518369","2169025255","0.142857"
"2169025255","2159518369","0.142857"
"2159518369","2620789817","0.142857"
"2620789817","2159518369","0.142857"
"2159518369","2896396145","0.142857"
"2896396145","2159518369","0.142857"
"2159518369","87636871","0.142857"
"87636871","2159518369","0.142857"
"2620789817","87636871","0.142857"
"87636871","2620789817","0.142857"
"2896396145","87636871","0.142857"
"87636871","2896396145","0.142857"
"116041784","2038368559","1.2"
"2038368559","116041784","1.2"
"116041784","2165456268","1"
"2165456268","116041784","1"
"116041784","2109907543","1"
"2109907543","116041784","1"
"116041784","1966849496","0.2"
"1966849496","116041784","0.2"
"116041784","2136096696","0.2"
"2136096696","116041784","0.2"
"116041784","2166203283","0.2"
"2166203283","116041784","0.2"
"116041784","2273617670","0.2"
"2273617670","116041784","0.2"
"1966849496","2038368559","0.2"
"2038368559","1966849496","0.2"
"1966849496","2136096696","0.2"
"2136096696","1966849496","0.2"
"1966849496","2166203283","2.59167"
"2166203283","1966849496","2.59167"
"1966849496","2273617670","0.2"
"2273617670","1966849496","0.2"
"2038368559","2136096696","0.2"
"2136096696","2038368559","0.2"
"2038368559","2166203283","0.2"
"2166203283","2038368559","0.2"
"2038368559","2273617670","0.2"
"2273617670","2038368559","0.2"
"2136096696","2166203283","0.2"
"2166203283","2136096696","0.2"
"2136096696","2273617670","0.2"
"2273617670","2136096696","0.2"
"2166203283","2273617670","0.2"
"2273617670","2166203283","0.2"
"124424021","1608590504","1"
"1608590504","124424021","1"
"124424021","2123795719","1.3"
"2123795719","124424021","1.3"
"124424021","1970081425","0.25"
"1970081425","124424021","0.25"
"124424021","1990400430","0.25"
"1990400430","124424021","0.25"
"124424021","2024817162","0.45"
"2024817162","124424021","0.45"
"124424021","2042257828","0.25"
"2042257828","124424021","0.25"
"1970081425","1990400430","0.75"
"1990400430","1970081425","0.75"
"1970081425","2024817162","0.25"
"2024817162","1970081425","0.25"
"1970081425","2042257828","0.5"
"2042257828","1970081425","0.5"
"1990400430","2024817162","2.08333"
"2024817162","1990400430","2.08333"
"1990400430","2042257828","4"
"2042257828","1990400430","4"
"2024817162","2042257828","3.66667"
"2042257828","2024817162","3.66667"
"124424021","132715318","0.55"
"132715318","124424021","0.55"
"124424021","2091161628","0.3"
"2091161628","124424021","0.3"
"124424021","2182138252","0.3"
"2182138252","124424021","0.3"
"124424021","2500197886","0.2"
"2500197886","124424021","0.2"
"132715318","2091161628","0.633333"
"2091161628","132715318","0.633333"
"132715318","2123795719","5.52619"
"2123795719","132715318","5.52619"
"132715318","2182138252","1.13333"
"2182138252","132715318","1.13333"
"132715318","2500197886","7.53929"
"2500197886","132715318","7.53929"
"2091161628","2123795719","0.3"
"2123795719","2091161628","0.3"
"2091161628","2182138252","0.633333"
"2182138252","2091161628","0.633333"
"2091161628","2500197886","0.2"
"2500197886","2091161628","0.2"
"2123795719","2182138252","0.55"
"2182138252","2123795719","0.55"
"2123795719","2500197886","2.36667"
"2500197886","2123795719","2.36667"
"2182138252","2500197886","0.2"
"2500197886","2182138252","0.2"
"124424021","2156064862","0.25"
"2156064862","124424021","0.25"
"124424021","2170558448","0.35"
"2170558448","124424021","0.35"
"124424021","6974774","0.25"
"6974774","124424021","0.25"
"132715318","2156064862","1.32143"
"2156064862","132715318","1.32143"
"132715318","2170558448","0.546429"
"2170558448","132715318","0.546429"
"132715318","6974774","0.583333"
"6974774","132715318","0.583333"
"2156064862","2170558448","0.575397"
"2170558448","2156064862","0.575397"
"2156064862","6974774","1.62897"
"6974774","2156064862","1.62897"
"2170558448","6974774","0.946825"
"6974774","2170558448","0.946825"
"124424021","1936853119","0.1"
"1936853119","124424021","0.1"
"124424021","1966849496","0.1"
"1966849496","124424021","0.1"
"124424021","1977106274","0.1"
"1977106274","124424021","0.1"
"124424021","2057339576","0.1"
"2057339576","124424021","0.1"
"124424021","838312103","0.1"
"838312103","124424021","0.1"
"132715318","1936853119","0.242857"
"1936853119","132715318","0.242857"
"132715318","1966849496","0.1"
"1966849496","132715318","0.1"
"132715318","1977106274","0.629762"
"1977106274","132715318","0.629762"
"132715318","2057339576","1.68095"
"2057339576","132715318","1.68095"
"132715318","838312103","1.68095"
"838312103","132715318","1.68095"
"1936853119","1966849496","0.1"
"1966849496","1936853119","0.1"
"1936853119","1977106274","1.1"
"1977106274","1936853119","1.1"
"1936853119","2057339576","0.1"
"2057339576","1936853119","0.1"
"1936853119","2091161628","0.1"
"2091161628","1936853119","0.1"
"1936853119","2123795719","0.242857"
"2123795719","1936853119","0.242857"
"1936853119","2170558448","0.1"
"2170558448","1936853119","0.1"
"1936853119","2182138252","0.6"
"2182138252","1936853119","0.6"
"1936853119","838312103","0.1"
"838312103","1936853119","0.1"
"1966849496","1977106274","0.467857"
"1977106274","1966849496","0.467857"
"1966849496","2057339576","0.1"
"2057339576","1966849496","0.1"
"1966849496","2091161628","1.1"
"2091161628","1966849496","1.1"
"1966849496","2123795719","0.1"
"2123795719","1966849496","0.1"
"1966849496","2170558448","2.50952"
"2170558448","1966849496","2.50952"
"1966849496","2182138252","0.509524"
"2182138252","1966849496","0.509524"
"1966849496","838312103","0.1"
"838312103","1966849496","0.1"
"1977106274","2057339576","0.338095"
"2057339576","1977106274","0.338095"
"1977106274","2091161628","0.1"
"2091161628","1977106274","0.1"
"1977106274","2123795719","0.1"
"2123795719","1977106274","0.1"
"1977106274","2170558448","3.95992"
"2170558448","1977106274","3.95992"
"1977106274","2182138252","0.653968"
"2182138252","1977106274","0.653968"
"1977106274","838312103","0.171429"
