"1483183550","1522661499","2.03333"
"1522661499","1483183550","2.03333"
"1483183550","1968474639","1.7"
"1968474639","1483183550","1.7"
"1483183550","2008725783","1.2"
"2008725783","1483183550","1.2"
"1483183550","70708592","0.7"
"70708592","1483183550","0.7"
"1522661499","1968474639","1.7"
"1968474639","1522661499","1.7"
"1522661499","2008725783","2.2"
"2008725783","1522661499","2.2"
"1522661499","70708592","0.7"
"70708592","1522661499","0.7"
"1968474639","2008725783","0.866667"
"2008725783","1968474639","0.866667"
"1968474639","70708592","7.2"
"70708592","1968474639","7.2"
"2008725783","70708592","0.7"
"70708592","2008725783","0.7"
"1483183550","1966580259","0.666667"
"1966580259","1483183550","0.666667"
"1522661499","1966580259","1.16667"
"1966580259","1522661499","1.16667"
"1966580259","2008725783","4.58333"
"2008725783","1966580259","4.58333"
"1483183550","2099949919","0.366667"
"2099949919","1483183550","0.366667"
"1522661499","2099949919","0.866667"
"2099949919","1522661499","0.866667"
"1968474639","2099949919","1.36667"
"2099949919","1968474639","1.36667"
"2008725783","2099949919","10.7"
"2099949919","2008725783","10.7"
"2099949919","70708592","0.2"
"70708592","2099949919","0.2"
"1966580259","1968474639","0.333333"
"1968474639","1966580259","0.333333"
"1483183550","2040906555","0.166667"
"2040906555","1483183550","0.166667"
"1483183550","2060174391","0.166667"
"2060174391","1483183550","0.166667"
"1522661499","2040906555","0.166667"
"2040906555","1522661499","0.166667"
"1522661499","2060174391","0.166667"
"2060174391","1522661499","0.166667"
"1968474639","2040906555","0.166667"
"2040906555","1968474639","0.166667"
"1968474639","2060174391","0.166667"
"2060174391","1968474639","0.166667"
"2008725783","2040906555","0.166667"
"2040906555","2008725783","0.166667"
"2008725783","2060174391","0.166667"
"2060174391","2008725783","0.166667"
"2040906555","2060174391","0.97851"
"2060174391","2040906555","0.97851"
"2040906555","2099949919","1.16667"
"2099949919","2040906555","1.16667"
"2060174391","2099949919","0.166667"
"2099949919","2060174391","0.166667"
"1966580259","2099949919","1.5"
"2099949919","1966580259","1.5"
"1554402076","1966911549","2.14167"
"1966911549","1554402076","2.14167"
"1554402076","2005343415","5.33611"
"2005343415","1554402076","5.33611"
"1966911549","2005343415","3.75833"
"2005343415","1966911549","3.75833"
"1554402076","2019890107","1.96111"
"2019890107","1554402076","1.96111"
"1554402076","2077978809","0.975"
"2077978809","1554402076","0.975"
"1554402076","2120284170","0.665476"
"2120284170","1554402076","0.665476"
"1554402076","2144986824","0.242857"
"2144986824","1554402076","0.242857"
"1554402076","2170706903","0.1"
"2170706903","1554402076","0.1"
"1554402076","2398482837","0.6"
"2398482837","1554402076","0.6"
"1554402076","2613058238","1.04444"
"2613058238","1554402076","1.04444"
"1554402076","2796284705","0.1"
"2796284705","1554402076","0.1"
"1966911549","2019890107","4.08333"
"2019890107","1966911549","4.08333"
"1966911549","2077978809","2.20833"
"2077978809","1966911549","2.20833"
"1966911549","2120284170","3.34881"
"2120284170","1966911549","3.34881"
"1966911549","2144986824","1.32619"
"2144986824","1966911549","1.32619"
"1966911549","2170706903","0.1"
"2170706903","1966911549","0.1"
"1966911549","2398482837","0.35"
"2398482837","1966911549","0.35"
"1966911549","2613058238","9.83333"
"2613058238","1966911549","9.83333"
"1966911549","2796284705","0.433333"
"2796284705","1966911549","0.433333"
"2005343415","2019890107","7.07778"
"2019890107","2005343415","7.07778"
"2005343415","2077978809","2.50833"
"2077978809","2005343415","2.50833"
"2005343415","2120284170","0.765476"
"2120284170","2005343415","0.765476"
"2005343415","2144986824","0.57619"
"2144986824","2005343415","0.57619"
"2005343415","2170706903","0.1"
"2170706903","2005343415","0.1"
"2005343415","2398482837","0.6"
"2398482837","2005343415","0.6"
"2005343415","2613058238","2.99444"
"2613058238","2005343415","2.99444"
"2005343415","2796284705","0.1"
"2796284705","2005343415","0.1"
"2019890107","2077978809","2.08333"
"2077978809","2019890107","2.08333"
"2019890107","2120284170","0.640476"
"2120284170","2019890107","0.640476"
"2019890107","2144986824","0.242857"
"2144986824","2019890107","0.242857"
"2019890107","2170706903","0.1"
"2170706903","2019890107","0.1"
"2019890107","2398482837","0.1"
"2398482837","2019890107","0.1"
"2019890107","2613058238","3.36111"
"2613058238","2019890107","3.36111"
"2019890107","2796284705","0.1"
"2796284705","2019890107","0.1"
"2077978809","2120284170","1.76548"
"2120284170","2077978809","1.76548"
"2077978809","2144986824","0.242857"
"2144986824","2077978809","0.242857"
"2077978809","2170706903","0.1"
"2170706903","2077978809","0.1"
"2077978809","2398482837","0.1"
"2398482837","2077978809","0.1"
"2077978809","2613058238","2.66667"
"2613058238","2077978809","2.66667"
"2077978809","2796284705","0.1"
"2796284705","2077978809","0.1"
"2120284170","2144986824","0.82619"
"2144986824","2120284170","0.82619"
"2120284170","2170706903","0.1"
"2170706903","2120284170","0.1"
"2120284170","2398482837","0.35"
"2398482837","2120284170","0.35"
"2120284170","2613058238","4.72381"
"2613058238","2120284170","4.72381"
"2120284170","2796284705","0.433333"
"2796284705","2120284170","0.433333"
"2144986824","2170706903","0.1"
"2170706903","2144986824","0.1"
"2144986824","2398482837","0.1"
"2398482837","2144986824","0.1"
"2144986824","2613058238","6.07619"
"2613058238","2144986824","6.07619"
"2144986824","2796284705","0.433333"
"2796284705","2144986824","0.433333"
"2170706903","2398482837","0.1"
"2398482837","2170706903","0.1"
"2170706903","2613058238","0.1"
"2613058238","2170706903","0.1"
"2170706903","2796284705","0.1"
"2796284705","2170706903","0.1"
"2398482837","2613058238","0.35"
"2613058238","2398482837","0.35"
"2398482837","2796284705","7.1"
"2796284705","2398482837","7.1"
"2613058238","2796284705","0.1"
"2796284705","2613058238","0.1"
"1554402076","2610713635","0.214286"
"2610713635","1554402076","0.214286"
"2005343415","2610713635","0.214286"
"2610713635","2005343415","0.214286"
"2019890107","2610713635","0.214286"
"2610713635","2019890107","0.214286"
"2077978809","2610713635","0.291209"
"2610713635","2077978809","0.291209"
"2120284170","2610713635","0.214286"
"2610713635","2120284170","0.214286"
"2610713635","2613058238","0.214286"
"2613058238","2610713635","0.214286"
"1554402076","2160280768","0.575397"
"2160280768","1554402076","0.575397"
"1966911549","2160280768","1.64762"
"2160280768","1966911549","1.64762"
"2005343415","2160280768","1.6754"
"2160280768","2005343415","1.6754"
"2019890107","2160280768","1.1754"
"2160280768","2019890107","1.1754"
"1554402076","2104819106","0.978175"
"2104819106","1554402076","0.978175"
"1554402076","2118006843","1.12103"
"2118006843","1554402076","1.12103"
"1554402076","2128383376","0.39881"
"2128383376","1554402076","0.39881"
"1554402076","2293366693","0.208333"
"2293366693","1554402076","0.208333"
"1966911549","2104819106","1.18214"
"2104819106","1966911549","1.18214"
"1966911549","2118006843","2.49167"
"2118006843","1966911549","2.49167"
"1966911549","2128383376","1.78214"
"2128383376","1966911549","1.78214"
"1966911549","2293366693","0.208333"
"2293366693","1966911549","0.208333"
"2005343415","2104819106","1.4004"
"2104819106","2005343415","1.4004"
"2005343415","2118006843","1.87659"
"2118006843","2005343415","1.87659"
"2005343415","2128383376","1.31548"
"2128383376","2005343415","1.31548"
"2005343415","2293366693","0.541667"
"2293366693","2005343415","0.541667"
"2077978809","2104819106","0.532875"
"2104819106","2077978809","0.532875"
"2077978809","2118006843","0.675733"
"2118006843","2077978809","0.675733"
"2077978809","2128383376","0.932143"
"2128383376","2077978809","0.932143"
"2077978809","2293366693","0.208333"
"2293366693","2077978809","0.208333"
"2104819106","2118006843","10.3146"
"2118006843","2104819106","10.3146"
"2104819106","2120284170","0.355952"
"2120284170","2104819106","0.355952"
"2104819106","2128383376","0.255952"
"2128383376","2104819106","0.255952"
"2104819106","2293366693","0.208333"
"2293366693","2104819106","0.208333"
"2118006843","2120284170","0.855952"
"2120284170","2118006843","0.855952"
"2118006843","2128383376","0.39881"
"2128383376","2118006843","0.39881"
"2118006843","2293366693","0.208333"
"2293366693","2118006843","0.208333"
"2120284170","2128383376","0.839286"
"2128383376","2120284170","0.839286"
"2120284170","2293366693","0.208333"
"2293366693","2120284170","0.208333"
"2128383376","2293366693","0.541667"
"2293366693","2128383376","0.541667"
"1554402076","2105062306","0.672619"
"2105062306","1554402076","0.672619"
"1554402076","2117201497","0.98373"
"2117201497","1554402076","0.98373"
"2105062306","2117201497","1.93288"
"2117201497","2105062306","1.93288"
"1554402076","2064216339","1.92817"
"2064216339","1554402076","1.92817"
"1554402076","616938861","0.333333"
"616938861","1554402076","0.333333"
"1966911549","616938861","0.166667"
"616938861","1966911549","0.166667"
"2005343415","616938861","0.333333"
"616938861","2005343415","0.333333"
"2019890107","616938861","0.333333"
"616938861","2019890107","0.333333"
"2077978809","616938861","0.24359"
"616938861","2077978809","0.24359"
"2613058238","616938861","0.333333"
"616938861","2613058238","0.333333"
"1554402076","2060174391","0.928175"
"2060174391","1554402076","0.928175"
"1554402076","373964410","0.678175"
"373964410","1554402076","0.678175"
"2005343415","2060174391","0.35873"
"2060174391","2005343415","0.35873"
"2005343415","2064216339","0.35873"
"2064216339","2005343415","0.35873"
"2005343415","373964410","0.442063"
"373964410","2005343415","0.442063"
"2019890107","2060174391","0.35873"
"2060174391","2019890107","0.35873"
"2019890107","2064216339","0.35873"
"2064216339","2019890107","0.35873"
"2019890107","2104819106","2.0254"
"2104819106","2019890107","2.0254"
"2019890107","2118006843","1.16825"
"2118006843","2019890107","1.16825"
"2019890107","373964410","0.442063"
"373964410","2019890107","0.442063"
"2060174391","2064216339","3.36462"
"2064216339","2060174391","3.36462"
"2060174391","2104819106","0.939622"
"2104819106","2060174391","0.939622"
"2060174391","2118006843","0.939622"
"2118006843","2060174391","0.939622"
"2060174391","2160280768","0.25873"
"2160280768","2060174391","0.25873"
"2060174391","2613058238","0.35873"
"2613058238","2060174391","0.35873"
"2060174391","373964410","1.86462"
"373964410","2060174391","1.86462"
"2064216339","2104819106","0.939622"
"2104819106","2064216339","0.939622"
"2064216339","2118006843","0.939622"
"2118006843","2064216339","0.939622"
"2064216339","2160280768","0.25873"
"2160280768","2064216339","0.25873"
"2064216339","2613058238","0.35873"
"2613058238","2064216339","0.35873"
"2064216339","373964410","2.61462"
"373964410","2064216339","2.61462"
"2104819106","2160280768","1.59206"
"2160280768","2104819106","1.59206"
"2104819106","2613058238","0.35873"
"2613058238","2104819106","0.35873"
"2104819106","373964410","1.35629"
"373964410","2104819106","1.35629"
"2118006843","2160280768","0.592063"
"2160280768","2118006843","0.592063"
"2118006843","2613058238","0.834921"
"2613058238","2118006843","0.834921"
"2118006843","373964410","1.02295"
"373964410","2118006843","1.02295"
"2160280768","2613058238","1.1754"
"2613058238","2160280768","1.1754"
"2160280768","373964410","0.25873"
"373964410","2160280768","0.25873"
"2613058238","373964410","0.35873"
"373964410","2613058238","0.35873"
"1554402076","2041057621","0.53373"
"2041057621","1554402076","0.53373"
"1554402076","2164392945","0.255952"
"2164392945","1554402076","0.255952"
"1966911549","2041057621","0.230952"
"2041057621","1966911549","0.230952"
"1966911549","2164392945","0.230952"
"2164392945","1966911549","0.230952"
"1966911549","373964410","0.907143"
"373964410","1966911549","0.907143"
"2005343415","2041057621","0.297619"
"2041057621","2005343415","0.297619"
"2005343415","2164392945","0.130952"
"2164392945","2005343415","0.130952"
"2019890107","2041057621","0.297619"
"2041057621","2019890107","0.297619"
"2019890107","2128383376","1.39048"
"2128383376","2019890107","1.39048"
"2019890107","2164392945","0.130952"
"2164392945","2019890107","0.130952"
"2019890107","2293366693","0.416667"
"2293366693","2019890107","0.416667"
"2041057621","2077978809","0.207875"
"2077978809","2041057621","0.207875"
"2041057621","2104819106","0.318987"
"2104819106","2041057621","0.318987"
"2041057621","2118006843","0.318987"
"2118006843","2041057621","0.318987"
"2041057621","2120284170","0.130952"
"2120284170","2041057621","0.130952"
"2041057621","2128383376","0.230952"
"2128383376","2041057621","0.230952"
"2041057621","2164392945","1.76621"
"2164392945","2041057621","1.76621"
"2041057621","2293366693","0.0833333"
"2293366693","2041057621","0.0833333"
"2041057621","373964410","2.04399"
"373964410","2041057621","2.04399"
"2077978809","2164392945","0.207875"
"2164392945","2077978809","0.207875"
"2077978809","373964410","0.407875"
"373964410","2077978809","0.407875"
"2104819106","2164392945","0.207875"
"2164392945","2104819106","0.207875"
"2118006843","2164392945","0.207875"
"2164392945","2118006843","0.207875"
"2120284170","2164392945","0.130952"
"2164392945","2120284170","0.130952"
"2120284170","373964410","0.230952"
"373964410","2120284170","0.230952"
"2128383376","2164392945","0.230952"
"2164392945","2128383376","0.230952"
"2128383376","373964410","0.230952"
"373964410","2128383376","0.230952"
"2164392945","2293366693","0.0833333"
"2293366693","2164392945","0.0833333"
"2164392945","373964410","0.932875"
"373964410","2164392945","0.932875"
"2293366693","373964410","0.0833333"
"373964410","2293366693","0.0833333"
"1554402076","2046248796","0.817064"
"2046248796","1554402076","0.817064"
"2046248796","2060174391","2.97018"
"2060174391","2046248796","2.97018"
"2046248796","2064216339","2.47018"
"2064216339","2046248796","2.47018"
"2046248796","2117201497","0.660653"
"2117201497","2046248796","0.660653"
"2046248796","373964410","1.30351"
"373964410","2046248796","1.30351"
"2060174391","2117201497","0.660653"
"2117201497","2060174391","0.660653"
"2064216339","2117201497","0.910653"
"2117201497","2064216339","0.910653"
"2117201497","373964410","1.16065"
"373964410","2117201497","1.16065"
"1554402076","2040906555","0.15873"
"2040906555","1554402076","0.15873"
"1554402076","2089238746","0.047619"
"2089238746","1554402076","0.047619"
"1966911549","2040906555","0.290476"
"2040906555","1966911549","0.290476"
"1966911549","2046248796","0.290476"
"2046248796","1966911549","0.290476"
"1966911549","2060174391","0.490476"
"2060174391","1966911549","0.490476"
"1966911549","2064216339","0.490476"
"2064216339","1966911549","0.490476"
"1966911549","2089238746","1.38095"
"2089238746","1966911549","1.38095"
"1966911549","2105062306","0.147619"
"2105062306","1966911549","0.147619"
"1966911549","2117201497","0.972619"
"2117201497","1966911549","0.972619"
"1966911549","2610713635","0.047619"
"2610713635","1966911549","0.047619"
"2005343415","2040906555","0.047619"
"2040906555","2005343415","0.047619"
"2005343415","2046248796","0.047619"
"2046248796","2005343415","0.047619"
"2005343415","2089238746","0.047619"
"2089238746","2005343415","0.047619"
"2005343415","2105062306","0.047619"
"2105062306","2005343415","0.047619"
"2005343415","2117201497","0.047619"
"2117201497","2005343415","0.047619"
"2019890107","2040906555","0.047619"
"2040906555","2019890107","0.047619"
"2019890107","2046248796","0.047619"
"2046248796","2019890107","0.047619"
"2019890107","2089238746","0.047619"
"2089238746","2019890107","0.047619"
"2019890107","2105062306","0.047619"
"2105062306","2019890107","0.047619"
"2019890107","2117201497","0.247619"
"2117201497","2019890107","0.247619"
"2040906555","2041057621","0.668987"
"2041057621","2040906555","0.668987"
"2040906555","2046248796","0.47851"
"2046248796","2040906555","0.47851"
"2040906555","2064216339","0.811844"
"2064216339","2040906555","0.811844"
"2040906555","2077978809","0.124542"
"2077978809","2040906555","0.124542"
"2040906555","2089238746","0.047619"
"2089238746","2040906555","0.047619"
"2040906555","2104819106","0.37851"
"2104819106","2040906555","0.37851"
"2040906555","2105062306","0.224542"
"2105062306","2040906555","0.224542"
"2040906555","2117201497","0.335653"
"2117201497","2040906555","0.335653"
"2040906555","2118006843","0.37851"
"2118006843","2040906555","0.37851"
"2040906555","2120284170","0.047619"
"2120284170","2040906555","0.047619"
"2040906555","2128383376","0.147619"
"2128383376","2040906555","0.147619"
"2040906555","2160280768","0.047619"
"2160280768","2040906555","0.047619"
"2040906555","2164392945","0.224542"
"2164392945","2040906555","0.224542"
"2040906555","2610713635","0.124542"
"2610713635","2040906555","0.124542"
"2040906555","2613058238","0.047619"
"2613058238","2040906555","0.047619"
"2040906555","373964410","0.47851"
"373964410","2040906555","0.47851"
"2041057621","2046248796","0.460653"
"2046248796","2041057621","0.460653"
"2041057621","2060174391","0.793987"
"2060174391","2041057621","0.793987"
"2041057621","2064216339","1.04399"
"2064216339","2041057621","1.04399"
"2041057621","2089238746","0.047619"
"2089238746","2041057621","0.047619"
"2041057621","2105062306","0.932875"
"2105062306","2041057621","0.932875"
"2041057621","2117201497","1.79399"
"2117201497","2041057621","1.79399"
"2041057621","2160280768","0.214286"
"2160280768","2041057621","0.214286"
"2041057621","2610713635","0.124542"
"2610713635","2041057621","0.124542"
"2041057621","2613058238","0.214286"
"2613058238","2041057621","0.214286"
"2046248796","2077978809","0.124542"
"2077978809","2046248796","0.124542"
"2046248796","2089238746","0.047619"
"2089238746","2046248796","0.047619"
"2046248796","2104819106","0.37851"
"2104819106","2046248796","0.37851"
"2046248796","2105062306","0.349542"
"2105062306","2046248796","0.349542"
"2046248796","2118006843","0.37851"
"2118006843","2046248796","0.37851"
"2046248796","2120284170","0.047619"
"2120284170","2046248796","0.047619"
"2046248796","2128383376","0.147619"
"2128383376","2046248796","0.147619"
"2046248796","2160280768","0.047619"
"2160280768","2046248796","0.047619"
"2046248796","2164392945","0.682875"
"2164392945","2046248796","0.682875"
"2046248796","2610713635","0.124542"
"2610713635","2046248796","0.124542"
"2046248796","2613058238","0.047619"
"2613058238","2046248796","0.047619"
"2060174391","2077978809","0.324542"
"2077978809","2060174391","0.324542"
"2060174391","2089238746","0.047619"
"2089238746","2060174391","0.047619"
"2060174391","2105062306","0.349542"
"2105062306","2060174391","0.349542"
"2060174391","2120284170","0.147619"
"2120284170","2060174391","0.147619"
"2060174391","2128383376","0.147619"
"2128383376","2060174391","0.147619"
"2060174391","2164392945","0.682875"
"2164392945","2060174391","0.682875"
"2060174391","2610713635","0.124542"
"2610713635","2060174391","0.124542"
"2064216339","2077978809","0.324542"
"2077978809","2064216339","0.324542"
"2064216339","2089238746","0.047619"
"2089238746","2064216339","0.047619"
"2064216339","2105062306","0.349542"
"2105062306","2064216339","0.349542"
"2064216339","2120284170","0.147619"
"2120284170","2064216339","0.147619"
"2064216339","2128383376","0.147619"
"2128383376","2064216339","0.147619"
"2064216339","2164392945","0.932875"
"2164392945","2064216339","0.932875"
"2064216339","2610713635","0.124542"
"2610713635","2064216339","0.124542"
"2077978809","2089238746","0.047619"
"2089238746","2077978809","0.047619"
"2077978809","2105062306","0.124542"
"2105062306","2077978809","0.124542"
"2077978809","2117201497","0.324542"
"2117201497","2077978809","0.324542"
"2077978809","2160280768","0.147619"
"2160280768","2077978809","0.147619"
"2089238746","2104819106","0.380952"
"2104819106","2089238746","0.380952"
"2089238746","2105062306","0.047619"
"2105062306","2089238746","0.047619"
"2089238746","2117201497","0.047619"
"2117201497","2089238746","0.047619"
"2089238746","2118006843","0.047619"
"2118006843","2089238746","0.047619"
"2089238746","2120284170","1.04762"
"2120284170","2089238746","1.04762"
"2089238746","2128383376","0.047619"
"2128383376","2089238746","0.047619"
"2089238746","2160280768","0.047619"
"2160280768","2089238746","0.047619"
"2089238746","2164392945","0.047619"
"2164392945","2089238746","0.047619"
"2089238746","2610713635","0.047619"
"2610713635","2089238746","0.047619"
"2089238746","2613058238","0.047619"
"2613058238","2089238746","0.047619"
"2089238746","373964410","0.380952"
"373964410","2089238746","0.380952"
"2104819106","2105062306","0.124542"
"2105062306","2104819106","0.124542"
"2104819106","2117201497","0.568987"
"2117201497","2104819106","0.568987"
"2104819106","2610713635","0.124542"
"2610713635","2104819106","0.124542"
"2105062306","2118006843","0.124542"
"2118006843","2105062306","0.124542"
"2105062306","2120284170","0.047619"
"2120284170","2105062306","0.047619"
"2105062306","2128383376","0.147619"
"2128383376","2105062306","0.147619"
"2105062306","2160280768","0.047619"
"2160280768","2105062306","0.047619"
"2105062306","2164392945","0.932875"
"2164392945","2105062306","0.932875"
"2105062306","2610713635","0.124542"
"2610713635","2105062306","0.124542"
"2105062306","2613058238","0.047619"
"2613058238","2105062306","0.047619"
"2105062306","373964410","0.599542"
"373964410","2105062306","0.599542"
"2117201497","2118006843","0.568987"
"2118006843","2117201497","0.568987"
"2117201497","2120284170","0.047619"
"2120284170","2117201497","0.047619"
"2117201497","2128383376","1.84762"
"2128383376","2117201497","1.84762"
"2117201497","2160280768","0.630952"
"2160280768","2117201497","0.630952"
"2117201497","2164392945","2.68288"
"2164392945","2117201497","2.68288"
"2117201497","2610713635","0.124542"
"2610713635","2117201497","0.124542"
"2117201497","2613058238","0.747619"
"2613058238","2117201497","0.747619"
"2118006843","2610713635","0.124542"
"2610713635","2118006843","0.124542"
"2120284170","2160280768","0.047619"
"2160280768","2120284170","0.047619"
"2128383376","2160280768","0.297619"
"2160280768","2128383376","0.297619"
"2128383376","2610713635","0.047619"
"2610713635","2128383376","0.047619"
"2128383376","2613058238","1.72381"
"2613058238","2128383376","1.72381"
"2160280768","2164392945","0.047619"
"2164392945","2160280768","0.047619"
"2160280768","2610713635","0.047619"
"2610713635","2160280768","0.047619"
"2164392945","2610713635","0.124542"
"2610713635","2164392945","0.124542"
"2164392945","2613058238","0.047619"
"2613058238","2164392945","0.047619"
"2610713635","373964410","0.124542"
"373964410","2610713635","0.124542"
"2041057621","616938861","0.24359"
"616938861","2041057621","0.24359"
"2160280768","616938861","0.166667"
"616938861","2160280768","0.166667"
"1554402076","2083867412","0.5"
"2083867412","1554402076","0.5"
"1554402076","2291310830","0.5"
"2291310830","1554402076","0.5"
"2083867412","2291310830","0.5"
"2291310830","2083867412","0.5"
"185089164","2261384734","2.28333"
"2261384734","185089164","2.28333"
"185089164","197306065","1.15833"
"197306065","185089164","1.15833"
"185089164","2089996779","0.458333"
"2089996779","185089164","0.458333"
"197306065","2089996779","0.958333"
"2089996779","197306065","0.958333"
"197306065","2261384734","1.03333"
"2261384734","197306065","1.03333"
"2089996779","2261384734","0.333333"
"2261384734","2089996779","0.333333"
"185089164","1964574754","0.575"
"1964574754","185089164","0.575"
"185089164","2113603855","0.45"
"2113603855","185089164","0.45"
"185089164","2128402656","0.45"
"2128402656","185089164","0.45"
"1964574754","197306065","0.325"
"197306065","1964574754","0.325"
"1964574754","2113603855","0.45"
"2113603855","1964574754","0.45"
"1964574754","2128402656","1.45"
"2128402656","1964574754","1.45"
"1964574754","2261384734","0.45"
"2261384734","1964574754","0.45"
"197306065","2113603855","0.2"
"2113603855","197306065","0.2"
"197306065","2128402656","0.2"
"2128402656","197306065","0.2"
"2113603855","2128402656","13.95"
"2128402656","2113603855","13.95"
"2113603855","2261384734","0.45"
"2261384734","2113603855","0.45"
"2128402656","2261384734","0.45"
"2261384734","2128402656","0.45"
"185089164","1966911549","0.125"
"1966911549","185089164","0.125"
"185089164","2032649554","0.125"
"2032649554","185089164","0.125"
"185089164","2117201497","0.125"
"2117201497","185089164","0.125"
"185089164","2127125335","0.125"
"2127125335","185089164","0.125"
"185089164","2600124569","0.125"
"2600124569","185089164","0.125"
"1964574754","1966911549","0.125"
"1966911549","1964574754","0.125"
"1964574754","2032649554","0.125"
"2032649554","1964574754","0.125"
"1964574754","2089996779","0.125"
"2089996779","1964574754","0.125"
"1964574754","2117201497","0.125"
"2117201497","1964574754","0.125"
"1964574754","2127125335","0.125"
"2127125335","1964574754","0.125"
"1964574754","2600124569","0.125"
"2600124569","1964574754","0.125"
"1966911549","197306065","0.125"
"197306065","1966911549","0.125"
"1966911549","2032649554","0.125"
"2032649554","1966911549","0.125"
"1966911549","2089996779","0.125"
"2089996779","1966911549","0.125"
"1966911549","2127125335","0.125"
"2127125335","1966911549","0.125"
"1966911549","2600124569","0.125"
"2600124569","1966911549","0.125"
"197306065","2032649554","1.625"
"2032649554","197306065","1.625"
"197306065","2117201497","0.125"
"2117201497","197306065","0.125"
"197306065","2127125335","0.125"
"2127125335","197306065","0.125"
"197306065","2600124569","1.125"
"2600124569","197306065","1.125"
"2032649554","2089996779","0.958333"
"2089996779","2032649554","0.958333"
"2032649554","2117201497","0.125"
"2117201497","2032649554","0.125"
"2032649554","2127125335","0.125"
"2127125335","2032649554","0.125"
"2032649554","2600124569","0.625"
"2600124569","2032649554","0.625"
"2089996779","2117201497","0.125"
"2117201497","2089996779","0.125"
"2089996779","2127125335","0.125"
"2127125335","2089996779","0.125"
"2089996779","2600124569","0.125"
"2600124569","2089996779","0.125"
"2117201497","2127125335","0.125"
"2127125335","2117201497","0.125"
"2117201497","2600124569","0.125"
"2600124569","2117201497","0.125"
"2127125335","2600124569","0.125"
"2600124569","2127125335","0.125"
"1966580259","2046141272","0.25"
"2046141272","1966580259","0.25"
"1966580259","2291310830","0.25"
"2291310830","1966580259","0.25"
"1966580259","2613058238","0.25"
"2613058238","1966580259","0.25"
"2008725783","2046141272","4.75"
"2046141272","2008725783","4.75"
"2008725783","2291310830","0.25"
"2291310830","2008725783","0.25"
"2008725783","2613058238","0.75"
"2613058238","2008725783","0.75"
"2046141272","2291310830","0.25"
"2291310830","2046141272","0.25"
"2046141272","2613058238","0.25"
"2613058238","2046141272","0.25"
"2291310830","2613058238","0.25"
"2613058238","2291310830","0.25"
"1966580259","2005770900","1"
"2005770900","1966580259","1"
"1966911549","2047499691","0.25"
"2047499691","1966911549","0.25"
"2047499691","2120284170","0.25"
"2120284170","2047499691","0.25"
"2047499691","2398482837","0.25"
"2398482837","2047499691","0.25"
"2047499691","2613058238","0.25"
"2613058238","2047499691","0.25"
"2117201497","2144986824","0.75"
"2144986824","2117201497","0.75"
"2128383376","2144986824","0.5"
"2144986824","2128383376","0.5"
"1966911549","2083867412","0.333333"
"2083867412","1966911549","0.333333"
"2083867412","2120284170","0.583333"
"2120284170","2083867412","0.583333"
"2083867412","2613058238","1.08333"
"2613058238","2083867412","1.08333"
"1968474639","2600124569","1"
"2600124569","1968474639","1"
"1968474639","2113603855","0.5"
"2113603855","1968474639","0.5"
"2113603855","70708592","0.5"
"70708592","2113603855","0.5"
"197306065","2293366693","1"
"2293366693","197306065","1"
"197306065","199413583","1"
"199413583","197306065","1"
"197306065","2613058238","1"
"2613058238","197306065","1"
"1978091548","2941989625","1"
"2941989625","1978091548","1"
"1978091548","2296428426","2"
"2296428426","1978091548","2"
"1992640958","2089238746","4"
"2089238746","1992640958","4"
"1992640958","2120284170","1"
"2120284170","1992640958","1"
"199413583","2613058238","1"
"2613058238","199413583","1"
"2118006843","2144986824","0.333333"
"2144986824","2118006843","0.333333"
"2005770900","2008725783","1.33333"
"2008725783","2005770900","1.33333"
"2005770900","2099949919","0.833333"
"2099949919","2005770900","0.833333"
"2005770900","2083867412","0.333333"
"2083867412","2005770900","0.333333"
"2008725783","2083867412","1.83333"
"2083867412","2008725783","1.83333"
"2083867412","2099949919","0.333333"
"2099949919","2083867412","0.333333"
"2005770900","2170706903","0.5"
"2170706903","2005770900","0.5"
"2008725783","2170706903","2.5"
"2170706903","2008725783","2.5"
"2008725783","2019890107","0.5"
"2019890107","2008725783","0.5"
"2008725783","2796284705","1"
"2796284705","2008725783","1"
"2008725783","2128402656","0.5"
"2128402656","2008725783","0.5"
"2099949919","2128402656","0.5"
"2128402656","2099949919","0.5"
"2008725783","2280223465","0.5"
"2280223465","2008725783","0.5"
"2046141272","2280223465","0.5"
"2280223465","2046141272","0.5"
"2008725783","2398482837","0.5"
"2398482837","2008725783","0.5"
"2083867412","2398482837","0.5"
"2398482837","2083867412","0.5"
"2032649554","2113603855","1.5"
"2113603855","2032649554","1.5"
"2032649554","2128402656","2.33333"
"2128402656","2032649554","2.33333"
"2032649554","2047499691","1.33333"
"2047499691","2032649554","1.33333"
"2128402656","2600124569","0.5"
"2600124569","2128402656","0.5"
"2047499691","2089996779","2.33333"
"2089996779","2047499691","2.33333"
"2047499691","2128402656","0.333333"
"2128402656","2047499691","0.333333"
"2089996779","2128402656","0.333333"
"2128402656","2089996779","0.333333"
"2040906555","616938861","0.0769231"
"616938861","2040906555","0.0769231"
"2046248796","616938861","0.0769231"
"616938861","2046248796","0.0769231"
"2060174391","616938861","0.0769231"
"616938861","2060174391","0.0769231"
"2064216339","616938861","0.0769231"
"616938861","2064216339","0.0769231"
"2104819106","616938861","0.0769231"
"616938861","2104819106","0.0769231"
"2105062306","616938861","0.0769231"
"616938861","2105062306","0.0769231"
"2117201497","616938861","0.0769231"
"616938861","2117201497","0.0769231"
"2118006843","616938861","0.0769231"
"616938861","2118006843","0.0769231"
"2164392945","616938861","0.0769231"
"616938861","2164392945","0.0769231"
"2610713635","616938861","0.0769231"
"616938861","2610713635","0.0769231"
"373964410","616938861","0.0769231"
"616938861","373964410","0.0769231"
"2046141272","2941989625","1"
"2941989625","2046141272","1"
"2046141272","2083867412","1"
"2083867412","2046141272","1"
"2083867412","2796284705","1"
"2796284705","2083867412","1"
"2083867412","2128383376","0.25"
"2128383376","2083867412","0.25"
"2083867412","2144986824","0.75"
"2144986824","2083867412","0.75"
"2083867412","2089238746","1"
"2089238746","2083867412","1"
"2105062306","2144986824","0.5"
"2144986824","2105062306","0.5"
"2170706903","2280223465","1"
"2280223465","2170706903","1"
"2291310830","2398482837","4"
"2398482837","2291310830","4"
"2291310830","2796284705","3"
"2796284705","2291310830","3"
"2296428426","2398482837","1"
"2398482837","2296428426","1"
"2398482837","2941989625","1"
"2941989625","2398482837","1"
"2796284705","2998983832","1"
"2998983832","2796284705","1"
