"148725143","2396619496","12.1"
"2396619496","148725143","12.1"
"148725143","1992975890","1.11667"
"1992975890","148725143","1.11667"
"148725143","2125681401","0.95"
"2125681401","148725143","0.95"
"148725143","2155541957","0.25"
"2155541957","148725143","0.25"
"1992975890","2125681401","1.11667"
"2125681401","1992975890","1.11667"
"1992975890","2155541957","0.825"
"2155541957","1992975890","0.825"
"1992975890","2396619496","1.11667"
"2396619496","1992975890","1.11667"
"2125681401","2155541957","0.5"
"2155541957","2125681401","0.5"
"2125681401","2396619496","0.95"
"2396619496","2125681401","0.95"
"2155541957","2396619496","0.25"
"2396619496","2155541957","0.25"
"148725143","1510695427","0.333333"
"1510695427","148725143","0.333333"
"148725143","1546227306","0.9"
"1546227306","148725143","0.9"
"1510695427","1546227306","0.533333"
"1546227306","1510695427","0.533333"
"1510695427","2396619496","0.333333"
"2396619496","1510695427","0.333333"
"1546227306","2396619496","0.4"
"2396619496","1546227306","0.4"
"148725143","2300423949","0.566667"
"2300423949","148725143","0.566667"
"1546227306","2300423949","0.87619"
"2300423949","1546227306","0.87619"
"148725143","1549329517","0.45"
"1549329517","148725143","0.45"
"148725143","2037703416","0.366667"
"2037703416","148725143","0.366667"
"1549329517","1992975890","3.28333"
"1992975890","1549329517","3.28333"
"1549329517","2037703416","0.7"
"2037703416","1549329517","0.7"
"1549329517","2125681401","0.45"
"2125681401","1549329517","0.45"
"1549329517","2396619496","0.45"
"2396619496","1549329517","0.45"
"1992975890","2037703416","7.50119"
"2037703416","1992975890","7.50119"
"2037703416","2125681401","1.61667"
"2125681401","2037703416","1.61667"
"2037703416","2396619496","0.366667"
"2396619496","2037703416","0.366667"
"148725143","1490130167","0.0666667"
"1490130167","148725143","0.0666667"
"148725143","1686182587","0.0666667"
"1686182587","148725143","0.0666667"
"148725143","1978929210","0.0666667"
"1978929210","148725143","0.0666667"
"148725143","2116724058","0.0666667"
"2116724058","148725143","0.0666667"
"148725143","2122221872","0.0666667"
"2122221872","148725143","0.0666667"
"148725143","2124726807","0.316667"
"2124726807","148725143","0.316667"
"148725143","2153070091","0.233333"
"2153070091","148725143","0.233333"
"148725143","2399930709","0.316667"
"2399930709","148725143","0.316667"
"148725143","2465465561","0.4"
"2465465561","148725143","0.4"
"148725143","2736393036","0.0666667"
"2736393036","148725143","0.0666667"
"148725143","571015852","0.0666667"
"571015852","148725143","0.0666667"
"148725143","60620263","0.0666667"
"60620263","148725143","0.0666667"
"1490130167","1546227306","0.0666667"
"1546227306","1490130167","0.0666667"
"1490130167","1686182587","0.0666667"
"1686182587","1490130167","0.0666667"
"1490130167","1978929210","0.0666667"
"1978929210","1490130167","0.0666667"
"1490130167","2116724058","0.0666667"
"2116724058","1490130167","0.0666667"
"1490130167","2122221872","0.0666667"
"2122221872","1490130167","0.0666667"
"1490130167","2124726807","0.0666667"
"2124726807","1490130167","0.0666667"
"1490130167","2153070091","0.0666667"
"2153070091","1490130167","0.0666667"
"1490130167","2300423949","0.0666667"
"2300423949","1490130167","0.0666667"
"1490130167","2396619496","0.0666667"
"2396619496","1490130167","0.0666667"
"1490130167","2399930709","0.0666667"
"2399930709","1490130167","0.0666667"
"1490130167","2465465561","0.0666667"
"2465465561","1490130167","0.0666667"
"1490130167","2736393036","0.0666667"
"2736393036","1490130167","0.0666667"
"1490130167","571015852","0.0666667"
"571015852","1490130167","0.0666667"
"1490130167","60620263","1.06667"
"60620263","1490130167","1.06667"
"1546227306","1686182587","0.0666667"
"1686182587","1546227306","0.0666667"
"1546227306","1978929210","0.233333"
"1978929210","1546227306","0.233333"
"1546227306","2116724058","0.0666667"
"2116724058","1546227306","0.0666667"
"1546227306","2122221872","0.4"
"2122221872","1546227306","0.4"
"1546227306","2124726807","0.0666667"
"2124726807","1546227306","0.0666667"
"1546227306","2153070091","0.542857"
"2153070091","1546227306","0.542857"
"1546227306","2399930709","1.06667"
"2399930709","1546227306","1.06667"
"1546227306","2465465561","0.0666667"
"2465465561","1546227306","0.0666667"
"1546227306","2736393036","0.0666667"
"2736393036","1546227306","0.0666667"
"1546227306","571015852","0.909524"
"571015852","1546227306","0.909524"
"1546227306","60620263","0.233333"
"60620263","1546227306","0.233333"
"1686182587","1978929210","0.9"
"1978929210","1686182587","0.9"
"1686182587","2116724058","0.233333"
"2116724058","1686182587","0.233333"
"1686182587","2122221872","0.0666667"
"2122221872","1686182587","0.0666667"
"1686182587","2124726807","7.56667"
"2124726807","1686182587","7.56667"
"1686182587","2153070091","0.0666667"
"2153070091","1686182587","0.0666667"
"1686182587","2300423949","0.0666667"
"2300423949","1686182587","0.0666667"
"1686182587","2396619496","0.0666667"
"2396619496","1686182587","0.0666667"
"1686182587","2399930709","0.0666667"
"2399930709","1686182587","0.0666667"
"1686182587","2465465561","0.566667"
"2465465561","1686182587","0.566667"
"1686182587","2736393036","0.0666667"
"2736393036","1686182587","0.0666667"
"1686182587","571015852","0.0666667"
"571015852","1686182587","0.0666667"
"1686182587","60620263","0.0666667"
"60620263","1686182587","0.0666667"
"1978929210","2116724058","0.566667"
"2116724058","1978929210","0.566667"
"1978929210","2122221872","0.316667"
"2122221872","1978929210","0.316667"
"1978929210","2124726807","3.81667"
"2124726807","1978929210","3.81667"
"1978929210","2153070091","0.0666667"
"2153070091","1978929210","0.0666667"
"1978929210","2300423949","0.0666667"
"2300423949","1978929210","0.0666667"
"1978929210","2396619496","0.0666667"
"2396619496","1978929210","0.0666667"
"1978929210","2399930709","0.0666667"
"2399930709","1978929210","0.0666667"
"1978929210","2465465561","6.81667"
"2465465561","1978929210","6.81667"
"1978929210","2736393036","0.0666667"
"2736393036","1978929210","0.0666667"
"1978929210","571015852","0.316667"
"571015852","1978929210","0.316667"
"1978929210","60620263","0.0666667"
"60620263","1978929210","0.0666667"
"2116724058","2122221872","0.0666667"
"2122221872","2116724058","0.0666667"
"2116724058","2124726807","0.0666667"
"2124726807","2116724058","0.0666667"
"2116724058","2153070091","0.316667"
"2153070091","2116724058","0.316667"
"2116724058","2300423949","0.0666667"
"2300423949","2116724058","0.0666667"
"2116724058","2396619496","0.0666667"
"2396619496","2116724058","0.0666667"
"2116724058","2399930709","0.0666667"
"2399930709","2116724058","0.0666667"
"2116724058","2465465561","2.23333"
"2465465561","2116724058","2.23333"
"2116724058","2736393036","0.0666667"
"2736393036","2116724058","0.0666667"
"2116724058","571015852","0.0666667"
"571015852","2116724058","0.0666667"
"2116724058","60620263","0.0666667"
"60620263","2116724058","0.0666667"
"2122221872","2124726807","0.191667"
"2124726807","2122221872","0.191667"
"2122221872","2153070091","0.191667"
"2153070091","2122221872","0.191667"
"2122221872","2300423949","4.56667"
"2300423949","2122221872","4.56667"
"2122221872","2396619496","0.0666667"
"2396619496","2122221872","0.0666667"
"2122221872","2399930709","0.0666667"
"2399930709","2122221872","0.0666667"
"2122221872","2465465561","0.0666667"
"2465465561","2122221872","0.0666667"
"2122221872","2736393036","0.0666667"
"2736393036","2122221872","0.0666667"
"2122221872","571015852","4.15"
"571015852","2122221872","4.15"
"2122221872","60620263","0.191667"
"60620263","2122221872","0.191667"
"2124726807","2153070091","0.483333"
"2153070091","2124726807","0.483333"
"2124726807","2300423949","1.06667"
"2300423949","2124726807","1.06667"
"2124726807","2396619496","0.316667"
"2396619496","2124726807","0.316667"
"2124726807","2399930709","0.316667"
"2399930709","2124726807","0.316667"
"2124726807","2465465561","2.44167"
"2465465561","2124726807","2.44167"
"2124726807","2736393036","0.0666667"
"2736393036","2124726807","0.0666667"
"2124726807","571015852","0.0666667"
"571015852","2124726807","0.0666667"
"2124726807","60620263","0.191667"
"60620263","2124726807","0.191667"
"2153070091","2300423949","0.37619"
"2300423949","2153070091","0.37619"
"2153070091","2396619496","0.233333"
"2396619496","2153070091","0.233333"
"2153070091","2399930709","0.0666667"
"2399930709","2153070091","0.0666667"
"2153070091","2465465561","0.191667"
"2465465561","2153070091","0.191667"
"2153070091","2736393036","0.0666667"
"2736393036","2153070091","0.0666667"
"2153070091","571015852","0.37619"
"571015852","2153070091","0.37619"
"2153070091","60620263","0.358333"
"60620263","2153070091","0.358333"
"2300423949","2396619496","0.0666667"
"2396619496","2300423949","0.0666667"
"2300423949","2399930709","1.4"
"2399930709","2300423949","1.4"
"2300423949","2465465561","1.06667"
"2465465561","2300423949","1.06667"
"2300423949","2736393036","0.0666667"
"2736393036","2300423949","0.0666667"
"2300423949","571015852","0.709524"
"571015852","2300423949","0.709524"
"2300423949","60620263","0.233333"
"60620263","2300423949","0.233333"
"2396619496","2399930709","0.316667"
"2399930709","2396619496","0.316667"
"2396619496","2465465561","0.4"
"2465465561","2396619496","0.4"
"2396619496","2736393036","0.0666667"
"2736393036","2396619496","0.0666667"
"2396619496","571015852","0.0666667"
"571015852","2396619496","0.0666667"
"2396619496","60620263","0.0666667"
"60620263","2396619496","0.0666667"
"2399930709","2465465561","0.0666667"
"2465465561","2399930709","0.0666667"
"2399930709","2736393036","0.0666667"
"2736393036","2399930709","0.0666667"
"2399930709","571015852","0.0666667"
"571015852","2399930709","0.0666667"
"2399930709","60620263","0.0666667"
"60620263","2399930709","0.0666667"
"2465465561","2736393036","0.0666667"
"2736393036","2465465561","0.0666667"
"2465465561","571015852","0.0666667"
"571015852","2465465561","0.0666667"
"2465465561","60620263","0.0666667"
"60620263","2465465561","0.0666667"
"2736393036","571015852","0.0666667"
"571015852","2736393036","0.0666667"
"2736393036","60620263","0.0666667"
"60620263","2736393036","0.0666667"
"571015852","60620263","0.0666667"
"60620263","571015852","0.0666667"
"1549329517","2124726807","0.25"
"2124726807","1549329517","0.25"
"1549329517","2399930709","0.583333"
"2399930709","1549329517","0.583333"
"2125681401","2465465561","0.333333"
"2465465561","2125681401","0.333333"
"148725143","1604089826","1.16667"
"1604089826","148725143","1.16667"
"1604089826","1992975890","0.934524"
"1992975890","1604089826","0.934524"
"1604089826","2037703416","0.97619"
"2037703416","1604089826","0.97619"
"1604089826","2125681401","0.666667"
"2125681401","1604089826","0.666667"
"1604089826","2153070091","0.559524"
"2153070091","1604089826","0.559524"
"1604089826","2396619496","0.166667"
"2396619496","1604089826","0.166667"
"1992975890","2153070091","3.68452"
"2153070091","1992975890","3.68452"
"2037703416","2153070091","1.39286"
"2153070091","2037703416","1.39286"
"2125681401","2153070091","0.5"
"2153070091","2125681401","0.5"
"1490130167","2470670784","1"
"2470670784","1490130167","1"
"1490130167","1549329517","1"
"1549329517","1490130167","1"
"1510695427","2139849271","0.5"
"2139849271","1510695427","0.5"
"1510695427","2155541957","0.5"
"2155541957","1510695427","0.5"
"2139849271","2155541957","2.2"
"2155541957","2139849271","2.2"
"1510695427","1972356137","0.2"
"1972356137","1510695427","0.2"
"1510695427","2112383711","0.2"
"2112383711","1510695427","0.2"
"1510695427","2164942755","0.2"
"2164942755","1510695427","0.2"
"1510695427","571015852","0.2"
"571015852","1510695427","0.2"
"1546227306","1972356137","0.2"
"1972356137","1546227306","0.2"
"1546227306","2112383711","0.366667"
"2112383711","1546227306","0.366667"
"1546227306","2164942755","0.2"
"2164942755","1546227306","0.2"
"1972356137","2112383711","0.366667"
"2112383711","1972356137","0.366667"
"1972356137","2164942755","0.2"
"2164942755","1972356137","0.2"
"1972356137","571015852","0.2"
"571015852","1972356137","0.2"
"2112383711","2164942755","0.45"
"2164942755","2112383711","0.45"
"2112383711","571015852","0.2"
"571015852","2112383711","0.2"
"2164942755","571015852","0.2"
"571015852","2164942755","0.2"
"1546227306","1639789154","0.166667"
"1639789154","1546227306","0.166667"
"1546227306","1992975890","0.97619"
"1992975890","1546227306","0.97619"
"1639789154","1992975890","1.36667"
"1992975890","1639789154","1.36667"
"1639789154","2112383711","0.166667"
"2112383711","1639789154","0.166667"
"1639789154","2153070091","0.291667"
"2153070091","1639789154","0.291667"
"1639789154","2300423949","0.166667"
"2300423949","1639789154","0.166667"
"1639789154","60620263","0.166667"
"60620263","1639789154","0.166667"
"1992975890","2112383711","1.58333"
"2112383711","1992975890","1.58333"
"1992975890","2300423949","0.642857"
"2300423949","1992975890","0.642857"
"1992975890","60620263","0.291667"
"60620263","1992975890","0.291667"
"2112383711","2153070091","0.416667"
"2153070091","2112383711","0.416667"
"2112383711","2300423949","0.166667"
"2300423949","2112383711","0.166667"
"2112383711","60620263","0.166667"
"60620263","2112383711","0.166667"
"1546227306","2005977031","0.166667"
"2005977031","1546227306","0.166667"
"1546227306","2037703416","0.47619"
"2037703416","1546227306","0.47619"
"1546227306","2125681401","0.333333"
"2125681401","1546227306","0.333333"
"1992975890","2005977031","0.666667"
"2005977031","1992975890","0.666667"
"1992975890","571015852","0.892857"
"571015852","1992975890","0.892857"
"2005977031","2037703416","0.166667"
"2037703416","2005977031","0.166667"
"2005977031","2125681401","0.166667"
"2125681401","2005977031","0.166667"
"2005977031","2153070091","0.166667"
"2153070091","2005977031","0.166667"
"2005977031","571015852","0.166667"
"571015852","2005977031","0.166667"
"2037703416","571015852","0.559524"
"571015852","2037703416","0.559524"
"2125681401","571015852","0.166667"
"571015852","2125681401","0.166667"
"1992975890","2122221872","1.70833"
"2122221872","1992975890","1.70833"
"1546227306","1604089826","0.309524"
"1604089826","1546227306","0.309524"
"1546227306","2140100251","0.166667"
"2140100251","1546227306","0.166667"
"1604089826","1978929210","0.166667"
"1978929210","1604089826","0.166667"
"1604089826","2140100251","1.625"
"2140100251","1604089826","1.625"
"1978929210","1992975890","2.41667"
"1992975890","1978929210","2.41667"
"1978929210","2037703416","1.41667"
"2037703416","1978929210","1.41667"
"1978929210","2125681401","0.166667"
"2125681401","1978929210","0.166667"
"1978929210","2140100251","0.5"
"2140100251","1978929210","0.5"
"1992975890","2140100251","0.333333"
"2140100251","1992975890","0.333333"
"2037703416","2140100251","0.458333"
"2140100251","2037703416","0.458333"
"2125681401","2140100251","0.833333"
"2140100251","2125681401","0.833333"
"1546227306","2139849271","0.142857"
"2139849271","1546227306","0.142857"
"1604089826","2139849271","1.05952"
"2139849271","1604089826","1.05952"
"1604089826","2300423949","0.142857"
"2300423949","1604089826","0.142857"
"1604089826","571015852","0.142857"
"571015852","1604089826","0.142857"
"1992975890","2139849271","0.80119"
"2139849271","1992975890","0.80119"
"2037703416","2139849271","1.34286"
"2139849271","2037703416","1.34286"
"2037703416","2300423949","0.142857"
"2300423949","2037703416","0.142857"
"2139849271","2153070091","0.392857"
"2153070091","2139849271","0.392857"
"2139849271","2300423949","0.142857"
"2300423949","2139849271","0.142857"
"2139849271","571015852","0.142857"
"571015852","2139849271","0.142857"
"1549329517","1978929210","1"
"1978929210","1549329517","1"
"1549329517","2139849271","0.25"
"2139849271","1549329517","0.25"
"1549329517","2155541957","0.5"
"2155541957","1549329517","0.5"
"2037703416","2155541957","1.2"
"2155541957","2037703416","1.2"
"2125681401","2139849271","1.58333"
"2139849271","2125681401","1.58333"
"1549329517","2551922134","0.5"
"2551922134","1549329517","0.5"
"1992975890","2551922134","0.5"
"2551922134","1992975890","0.5"
"1549329517","2300423949","0.333333"
"2300423949","1549329517","0.333333"
"1992975890","2399930709","0.333333"
"2399930709","1992975890","0.333333"
"1549329517","2122289169","0.25"
"2122289169","1549329517","0.25"
"1992975890","2122289169","0.25"
"2122289169","1992975890","0.25"
"2037703416","2122289169","0.25"
"2122289169","2037703416","0.25"
"2122289169","2155541957","0.25"
"2155541957","2122289169","0.25"
"1565663335","2150960537","4.75"
"2150960537","1565663335","4.75"
"1565663335","2155541957","0.75"
"2155541957","1565663335","0.75"
"2150960537","2155541957","3.75"
"2155541957","2150960537","3.75"
"1565663335","1604089826","0.25"
"1604089826","1565663335","0.25"
"1565663335","2037703416","0.25"
"2037703416","1565663335","0.25"
"1604089826","2150960537","0.25"
"2150960537","1604089826","0.25"
"1604089826","2155541957","0.5"
"2155541957","1604089826","0.5"
"2037703416","2150960537","0.25"
"2150960537","2037703416","0.25"
"1604089826","2122221872","0.458333"
"2122221872","1604089826","0.458333"
"1604089826","2124726807","1.25"
"2124726807","1604089826","1.25"
"1604089826","60620263","0.125"
"60620263","1604089826","0.125"
"1992975890","2124726807","0.291667"
"2124726807","1992975890","0.291667"
"2037703416","2122221872","0.375"
"2122221872","2037703416","0.375"
"2037703416","2124726807","0.416667"
"2124726807","2037703416","0.416667"
"2037703416","60620263","0.125"
"60620263","2037703416","0.125"
"2122221872","2139849271","0.458333"
"2139849271","2122221872","0.458333"
"2122221872","2155541957","0.125"
"2155541957","2122221872","0.125"
"2124726807","2139849271","0.25"
"2139849271","2124726807","0.25"
"2124726807","2155541957","0.25"
"2155541957","2124726807","0.25"
"2139849271","60620263","0.125"
"60620263","2139849271","0.125"
"2153070091","2155541957","0.25"
"2155541957","2153070091","0.25"
"2155541957","60620263","0.125"
"60620263","2155541957","0.125"
"1604089826","1686182587","0.333333"
"1686182587","1604089826","0.333333"
"1604089826","2465465561","1.79167"
"2465465561","1604089826","1.79167"
"1686182587","2140100251","0.666667"
"2140100251","1686182587","0.666667"
"2140100251","2465465561","0.458333"
"2465465561","2140100251","0.458333"
"1992975890","2465465561","0.5"
"2465465561","1992975890","0.5"
"2139849271","2465465561","0.458333"
"2465465561","2139849271","0.458333"
"1604089826","1639789154","0.125"
"1639789154","1604089826","0.125"
"1639789154","2037703416","1.325"
"2037703416","1639789154","1.325"
"1639789154","2124726807","1.375"
"2124726807","1639789154","1.375"
"1639789154","2139849271","0.325"
"2139849271","1639789154","0.325"
"1639789154","2140100251","0.458333"
"2140100251","1639789154","0.458333"
"1639789154","2155541957","0.325"
"2155541957","1639789154","0.325"
"1639789154","2465465561","4.375"
"2465465561","1639789154","4.375"
"2037703416","2465465561","0.291667"
"2465465561","2037703416","0.291667"
"2124726807","2140100251","0.291667"
"2140100251","2124726807","0.291667"
"2139849271","2140100251","0.625"
"2140100251","2139849271","0.625"
"2140100251","2153070091","0.291667"
"2153070091","2140100251","0.291667"
"2140100251","2155541957","0.125"
"2155541957","2140100251","0.125"
"2155541957","2465465561","0.125"
"2465465561","2155541957","0.125"
"2122221872","2125681401","0.333333"
"2125681401","2122221872","0.333333"
"1639789154","1978929210","5.08333"
"1978929210","1639789154","5.08333"
"1639789154","1686182587","0.533333"
"1686182587","1639789154","0.533333"
"1639789154","2116724058","0.5"
"2116724058","1639789154","0.5"
"1639789154","2102141263","0.25"
"2102141263","1639789154","0.25"
"1978929210","2102141263","0.75"
"2102141263","1978929210","0.75"
"2102141263","2124726807","0.25"
"2124726807","2102141263","0.25"
"2102141263","2465465561","0.75"
"2465465561","2102141263","0.75"
"1686182587","1992975890","0.366667"
"1992975890","1686182587","0.366667"
"1686182587","2037703416","0.366667"
"2037703416","1686182587","0.366667"
"1686182587","2139849271","0.2"
"2139849271","1686182587","0.2"
"1686182587","2155541957","0.2"
"2155541957","1686182587","0.2"
"1686182587","1972356137","0.166667"
"1972356137","1686182587","0.166667"
"1686182587","2112383711","0.166667"
"2112383711","1686182587","0.166667"
"1972356137","1992975890","0.166667"
"1992975890","1972356137","0.166667"
"1972356137","2037703416","0.166667"
"2037703416","1972356137","0.166667"
"1972356137","2116724058","8.16667"
"2116724058","1972356137","8.16667"
"1972356137","2465465561","0.166667"
"2465465561","1972356137","0.166667"
"1992975890","2116724058","0.916667"
"2116724058","1992975890","0.916667"
"2037703416","2112383711","0.166667"
"2112383711","2037703416","0.166667"
"2037703416","2116724058","0.166667"
"2116724058","2037703416","0.166667"
"2112383711","2116724058","0.416667"
"2116724058","2112383711","0.416667"
"2112383711","2465465561","0.166667"
"2465465561","2112383711","0.166667"
"1953090334","2122221872","1"
"2122221872","1953090334","1"
"1972356137","2057306147","0.5"
"2057306147","1972356137","0.5"
"1972356137","2102141263","0.5"
"2102141263","1972356137","0.5"
"2057306147","2102141263","0.5"
"2102141263","2057306147","0.5"
"1978929210","2150960537","1"
"2150960537","1978929210","1"
"1991341331","1992975890","0.166667"
"1992975890","1991341331","0.166667"
"1991341331","2037703416","0.166667"
"2037703416","1991341331","0.166667"
"1991341331","2124726807","0.166667"
"2124726807","1991341331","0.166667"
"1991341331","2125681401","0.166667"
"2125681401","1991341331","0.166667"
"1991341331","2140100251","0.166667"
"2140100251","1991341331","0.166667"
"1991341331","2153070091","0.166667"
"2153070091","1991341331","0.166667"
"2124726807","2125681401","0.166667"
"2125681401","2124726807","0.166667"
"1992975890","2164942755","0.25"
"2164942755","1992975890","0.25"
"2116724058","2164942755","0.25"
"2164942755","2116724058","0.25"
"2153070091","2164942755","0.25"
"2164942755","2153070091","0.25"
"2005977031","2116724058","0.5"
"2116724058","2005977031","0.5"
"1992975890","2736393036","1"
"2736393036","1992975890","1"
"2028023148","2465465561","2"
"2465465561","2028023148","2"
"2102141263","2116724058","1"
"2116724058","2102141263","1"
"2125681401","60620263","1"
"60620263","2125681401","1"
"2155541957","2364758292","1"
"2364758292","2155541957","1"
"2296752055","2551922134","1"
"2551922134","2296752055","1"
