"138023118","1829455604","8.73214"
"1829455604","138023118","8.73214"
"138023118","183143535","7.73214"
"183143535","138023118","7.73214"
"138023118","1990401068","0.142857"
"1990401068","138023118","0.142857"
"138023118","2158062194","7.23214"
"2158062194","138023118","7.23214"
"138023118","2615100681","0.309524"
"2615100681","138023118","0.309524"
"138023118","2894362806","0.142857"
"2894362806","138023118","0.142857"
"138023118","2960217013","0.142857"
"2960217013","138023118","0.142857"
"1829455604","183143535","8.04464"
"183143535","1829455604","8.04464"
"1829455604","1990401068","0.142857"
"1990401068","1829455604","0.142857"
"1829455604","2158062194","7.54464"
"2158062194","1829455604","7.54464"
"1829455604","2615100681","0.514881"
"2615100681","1829455604","0.514881"
"1829455604","2894362806","0.142857"
"2894362806","1829455604","0.142857"
"1829455604","2960217013","0.142857"
"2960217013","1829455604","0.142857"
"183143535","1990401068","0.142857"
"1990401068","183143535","0.142857"
"183143535","2158062194","10.0446"
"2158062194","183143535","10.0446"
"183143535","2615100681","0.372024"
"2615100681","183143535","0.372024"
"183143535","2894362806","0.142857"
"2894362806","183143535","0.142857"
"183143535","2960217013","0.142857"
"2960217013","183143535","0.142857"
"1990401068","2158062194","0.142857"
"2158062194","1990401068","0.142857"
"1990401068","2615100681","0.405357"
"2615100681","1990401068","0.405357"
"1990401068","2894362806","1.20536"
"2894362806","1990401068","1.20536"
"1990401068","2960217013","0.405357"
"2960217013","1990401068","0.405357"
"2158062194","2615100681","0.830357"
"2615100681","2158062194","0.830357"
"2158062194","2894362806","0.267857"
"2894362806","2158062194","0.267857"
"2158062194","2960217013","0.267857"
"2960217013","2158062194","0.267857"
"2615100681","2894362806","0.267857"
"2894362806","2615100681","0.267857"
"2615100681","2960217013","0.467857"
"2960217013","2615100681","0.467857"
"2894362806","2960217013","21.8232"
"2960217013","2894362806","21.8232"
"138023118","2994650581","0.25"
"2994650581","138023118","0.25"
"1829455604","2994650581","0.25"
"2994650581","1829455604","0.25"
"183143535","2994650581","0.25"
"2994650581","183143535","0.25"
"2158062194","2994650581","0.25"
"2994650581","2158062194","0.25"
"138023118","2759939602","1.83333"
"2759939602","138023118","1.83333"
"183143535","2759939602","1.83333"
"2759939602","183143535","1.83333"
"2158062194","2759939602","1.83333"
"2759939602","2158062194","1.83333"
"138023118","1973367553","0.166667"
"1973367553","138023118","0.166667"
"138023118","2065339046","0.363095"
"2065339046","138023118","0.363095"
"138023118","2137359451","0.654762"
"2137359451","138023118","0.654762"
"138023118","2241448889","0.238095"
"2241448889","138023118","0.238095"
"183143535","1973367553","0.416667"
"1973367553","183143535","0.416667"
"183143535","2065339046","0.675595"
"2065339046","183143535","0.675595"
"183143535","2137359451","0.717262"
"2137359451","183143535","0.717262"
"183143535","2241448889","0.238095"
"2241448889","183143535","0.238095"
"1973367553","2065339046","0.616667"
"2065339046","1973367553","0.616667"
"1973367553","2137359451","0.366667"
"2137359451","1973367553","0.366667"
"1973367553","2158062194","0.416667"
"2158062194","1973367553","0.416667"
"1973367553","2241448889","0.166667"
"2241448889","1973367553","0.166667"
"2065339046","2137359451","4.7006"
"2137359451","2065339046","4.7006"
"2065339046","2158062194","0.675595"
"2158062194","2065339046","0.675595"
"2065339046","2241448889","0.571429"
"2241448889","2065339046","0.571429"
"2137359451","2158062194","0.717262"
"2158062194","2137359451","0.717262"
"2137359451","2241448889","0.238095"
"2241448889","2137359451","0.238095"
"2158062194","2241448889","0.238095"
"2241448889","2158062194","0.238095"
"138023118","1819003847","0.0714286"
"1819003847","138023118","0.0714286"
"138023118","2019137317","0.321429"
"2019137317","138023118","0.321429"
"138023118","2111981024","0.0714286"
"2111981024","138023118","0.0714286"
"138023118","2153657248","0.0714286"
"2153657248","138023118","0.0714286"
"138023118","2159262688","0.214286"
"2159262688","138023118","0.214286"
"138023118","2167851450","0.196429"
"2167851450","138023118","0.196429"
"138023118","2520106474","0.214286"
"2520106474","138023118","0.214286"
"138023118","2532274934","0.0714286"
"2532274934","138023118","0.0714286"
"1819003847","1829455604","0.0714286"
"1829455604","1819003847","0.0714286"
"1819003847","183143535","0.0714286"
"183143535","1819003847","0.0714286"
"1819003847","2019137317","0.0714286"
"2019137317","1819003847","0.0714286"
"1819003847","2065339046","0.0714286"
"2065339046","1819003847","0.0714286"
"1819003847","2111981024","0.0714286"
"2111981024","1819003847","0.0714286"
"1819003847","2137359451","0.0714286"
"2137359451","1819003847","0.0714286"
"1819003847","2153657248","0.0714286"
"2153657248","1819003847","0.0714286"
"1819003847","2158062194","0.0714286"
"2158062194","1819003847","0.0714286"
"1819003847","2159262688","0.0714286"
"2159262688","1819003847","0.0714286"
"1819003847","2167851450","0.0714286"
"2167851450","1819003847","0.0714286"
"1819003847","2241448889","0.0714286"
"2241448889","1819003847","0.0714286"
"1819003847","2520106474","0.529004"
"2520106474","1819003847","0.529004"
"1819003847","2532274934","0.0714286"
"2532274934","1819003847","0.0714286"
"1829455604","2019137317","0.321429"
"2019137317","1829455604","0.321429"
"1829455604","2065339046","0.508929"
"2065339046","1829455604","0.508929"
"1829455604","2111981024","0.0714286"
"2111981024","1829455604","0.0714286"
"1829455604","2137359451","0.550595"
"2137359451","1829455604","0.550595"
"1829455604","2153657248","0.133929"
"2153657248","1829455604","0.133929"
"1829455604","2159262688","0.357143"
"2159262688","1829455604","0.357143"
"1829455604","2167851450","0.258929"
"2167851450","1829455604","0.258929"
"1829455604","2241448889","0.0714286"
"2241448889","1829455604","0.0714286"
"1829455604","2520106474","0.419643"
"2520106474","1829455604","0.419643"
"1829455604","2532274934","0.0714286"
"2532274934","1829455604","0.0714286"
"183143535","2019137317","0.821429"
"2019137317","183143535","0.821429"
"183143535","2111981024","0.0714286"
"2111981024","183143535","0.0714286"
"183143535","2153657248","0.133929"
"2153657248","183143535","0.133929"
"183143535","2159262688","0.214286"
"2159262688","183143535","0.214286"
"183143535","2167851450","0.258929"
"2167851450","183143535","0.258929"
"183143535","2520106474","0.276786"
"2520106474","183143535","0.276786"
"183143535","2532274934","0.0714286"
"2532274934","183143535","0.0714286"
"2019137317","2065339046","0.633929"
"2065339046","2019137317","0.633929"
"2019137317","2111981024","0.571429"
"2111981024","2019137317","0.571429"
"2019137317","2137359451","0.0714286"
"2137359451","2019137317","0.0714286"
"2019137317","2153657248","0.0714286"
"2153657248","2019137317","0.0714286"
"2019137317","2158062194","0.821429"
"2158062194","2019137317","0.821429"
"2019137317","2159262688","0.0714286"
"2159262688","2019137317","0.0714286"
"2019137317","2167851450","0.0714286"
"2167851450","2019137317","0.0714286"
"2019137317","2241448889","0.0714286"
"2241448889","2019137317","0.0714286"
"2019137317","2520106474","0.133929"
"2520106474","2019137317","0.133929"
"2019137317","2532274934","0.0714286"
"2532274934","2019137317","0.0714286"
"2065339046","2111981024","0.571429"
"2111981024","2065339046","0.571429"
"2065339046","2153657248","0.533929"
"2153657248","2065339046","0.533929"
"2065339046","2159262688","3.10476"
"2159262688","2065339046","3.10476"
"2065339046","2167851450","0.958929"
"2167851450","2065339046","0.958929"
"2065339046","2520106474","2.0631"
"2520106474","2065339046","2.0631"
"2065339046","2532274934","0.0714286"
"2532274934","2065339046","0.0714286"
"2111981024","2137359451","2.65476"
"2137359451","2111981024","2.65476"
"2111981024","2153657248","0.404762"
"2153657248","2111981024","0.404762"
"2111981024","2158062194","0.0714286"
"2158062194","2111981024","0.0714286"
"2111981024","2159262688","0.0714286"
"2159262688","2111981024","0.0714286"
"2111981024","2167851450","0.0714286"
"2167851450","2111981024","0.0714286"
"2111981024","2241448889","0.0714286"
"2241448889","2111981024","0.0714286"
"2111981024","2520106474","0.404762"
"2520106474","2111981024","0.404762"
"2111981024","2532274934","0.0714286"
"2532274934","2111981024","0.0714286"
"2137359451","2153657248","0.867262"
"2153657248","2137359451","0.867262"
"2137359451","2159262688","2.60476"
"2159262688","2137359451","2.60476"
"2137359451","2167851450","3.83393"
"2167851450","2137359451","3.83393"
"2137359451","2520106474","2.5006"
"2520106474","2137359451","2.5006"
"2137359451","2532274934","1.07143"
"2532274934","2137359451","1.07143"
"2153657248","2158062194","0.133929"
"2158062194","2153657248","0.133929"
"2153657248","2159262688","0.271429"
"2159262688","2153657248","0.271429"
"2153657248","2167851450","0.333929"
"2167851450","2153657248","0.333929"
"2153657248","2241448889","0.0714286"
"2241448889","2153657248","0.0714286"
"2153657248","2520106474","1.2506"
"2520106474","2153657248","1.2506"
"2153657248","2532274934","0.0714286"
"2532274934","2153657248","0.0714286"
"2158062194","2159262688","0.214286"
"2159262688","2158062194","0.214286"
"2158062194","2167851450","0.258929"
"2167851450","2158062194","0.258929"
"2158062194","2520106474","1.40179"
"2520106474","2158062194","1.40179"
"2158062194","2532274934","0.0714286"
"2532274934","2158062194","0.0714286"
"2159262688","2167851450","0.571429"
"2167851450","2159262688","0.571429"
"2159262688","2241448889","0.363095"
"2241448889","2159262688","0.363095"
"2159262688","2520106474","1.43972"
"2520106474","2159262688","1.43972"
"2159262688","2532274934","0.162338"
"2532274934","2159262688","0.162338"
"2167851450","2241448889","0.0714286"
"2241448889","2167851450","0.0714286"
"2167851450","2520106474","0.633929"
"2520106474","2167851450","0.633929"
"2167851450","2532274934","1.07143"
"2532274934","2167851450","1.07143"
"2241448889","2520106474","0.529762"
"2520106474","2241448889","0.529762"
"2241448889","2532274934","0.0714286"
"2532274934","2241448889","0.0714286"
"2520106474","2532274934","0.162338"
"2532274934","2520106474","0.162338"
"1829455604","2759939602","1.5"
"2759939602","1829455604","1.5"
"138023118","2051088039","0.142857"
"2051088039","138023118","0.142857"
"138023118","2097244784","0.142857"
"2097244784","138023118","0.142857"
"1829455604","2051088039","0.348214"
"2051088039","1829455604","0.348214"
"1829455604","2097244784","0.205357"
"2097244784","1829455604","0.205357"
"183143535","2051088039","0.205357"
"2051088039","183143535","0.205357"
"183143535","2097244784","0.205357"
"2097244784","183143535","0.205357"
"2051088039","2097244784","0.496266"
"2097244784","2051088039","0.496266"
"2051088039","2158062194","0.205357"
"2158062194","2051088039","0.205357"
"2051088039","2159262688","0.501623"
"2159262688","2051088039","0.501623"
"2051088039","2520106474","8.4717"
"2520106474","2051088039","8.4717"
"2097244784","2158062194","0.330357"
"2158062194","2097244784","0.330357"
"2097244784","2159262688","0.142857"
"2159262688","2097244784","0.142857"
"2097244784","2520106474","1.40801"
"2520106474","2097244784","1.40801"
"138023118","2039436997","0.125"
"2039436997","138023118","0.125"
"138023118","2189401668","0.125"
"2189401668","138023118","0.125"
"138023118","2602814102","0.291667"
"2602814102","138023118","0.291667"
"1829455604","2039436997","0.125"
"2039436997","1829455604","0.125"
"1829455604","2189401668","0.330357"
"2189401668","1829455604","0.330357"
"1829455604","2602814102","0.291667"
"2602814102","1829455604","0.291667"
"183143535","2039436997","0.125"
"2039436997","183143535","0.125"
"183143535","2189401668","0.1875"
"2189401668","183143535","0.1875"
"183143535","2602814102","0.291667"
"2602814102","183143535","0.291667"
"2039436997","2065339046","0.1875"
"2065339046","2039436997","0.1875"
"2039436997","2158062194","0.125"
"2158062194","2039436997","0.125"
"2039436997","2167851450","0.125"
"2167851450","2039436997","0.125"
"2039436997","2189401668","0.25"
"2189401668","2039436997","0.25"
"2039436997","2602814102","0.545076"
"2602814102","2039436997","0.545076"
"2065339046","2189401668","0.25"
"2189401668","2065339046","0.25"
"2065339046","2602814102","0.125"
"2602814102","2065339046","0.125"
"2158062194","2189401668","0.520833"
"2189401668","2158062194","0.520833"
"2158062194","2602814102","0.75"
"2602814102","2158062194","0.75"
"2167851450","2189401668","0.1875"
"2189401668","2167851450","0.1875"
"2167851450","2602814102","0.125"
"2602814102","2167851450","0.125"
"2189401668","2602814102","0.945076"
"2602814102","2189401668","0.945076"
"2137359451","2602814102","0.166667"
"2602814102","2137359451","0.166667"
"2137359451","2615100681","0.229167"
"2615100681","2137359451","0.229167"
"2602814102","2615100681","3.83258"
"2615100681","2602814102","3.83258"
"1819003847","1990401068","0.1625"
"1990401068","1819003847","0.1625"
"1819003847","2039436997","0.253409"
"2039436997","1819003847","0.253409"
"1819003847","2097244784","0.770076"
"2097244784","1819003847","0.770076"
"1819003847","2182084754","0.153409"
"2182084754","1819003847","0.153409"
"1819003847","2189401668","0.0625"
"2189401668","1819003847","0.0625"
"1819003847","2503325364","0.153409"
"2503325364","1819003847","0.153409"
"1819003847","2592135470","0.320076"
"2592135470","1819003847","0.320076"
"1819003847","2602814102","0.745833"
"2602814102","1819003847","0.745833"
"1819003847","2894362806","0.0625"
"2894362806","1819003847","0.0625"
"1819003847","2906194767","0.429167"
"2906194767","1819003847","0.429167"
"1819003847","2960217013","0.0625"
"2960217013","1819003847","0.0625"
"1819003847","2965878986","0.3125"
"2965878986","1819003847","0.3125"
"1819003847","2969860996","0.520076"
"2969860996","1819003847","0.520076"
"1819003847","2969984049","0.3125"
"2969984049","1819003847","0.3125"
"1819003847","2986547822","0.229167"
"2986547822","1819003847","0.229167"
"1819003847","2994650581","0.0625"
"2994650581","1819003847","0.0625"
"1990401068","2039436997","0.125"
"2039436997","1990401068","0.125"
"1990401068","2097244784","0.225"
"2097244784","1990401068","0.225"
"1990401068","2182084754","0.0625"
"2182084754","1990401068","0.0625"
"1990401068","2189401668","0.125"
"2189401668","1990401068","0.125"
"1990401068","2503325364","0.325"
"2503325364","1990401068","0.325"
"1990401068","2592135470","0.658333"
"2592135470","1990401068","0.658333"
"1990401068","2602814102","0.5625"
"2602814102","1990401068","0.5625"
"1990401068","2906194767","2.675"
"2906194767","1990401068","2.675"
"1990401068","2965878986","0.458333"
"2965878986","1990401068","0.458333"
"1990401068","2969860996","0.1625"
"2969860996","1990401068","0.1625"
"1990401068","2969984049","0.458333"
"2969984049","1990401068","0.458333"
"1990401068","2986547822","0.125"
"2986547822","1990401068","0.125"
"1990401068","2994650581","0.3125"
"2994650581","1990401068","0.3125"
"2039436997","2097244784","0.406818"
"2097244784","2039436997","0.406818"
"2039436997","2182084754","0.278409"
"2182084754","2039436997","0.278409"
"2039436997","2503325364","0.215909"
"2503325364","2039436997","0.215909"
"2039436997","2592135470","1.47348"
"2592135470","2039436997","1.47348"
"2039436997","2894362806","0.205357"
"2894362806","2039436997","0.205357"
"2039436997","2906194767","0.315909"
"2906194767","2039436997","0.315909"
"2039436997","2960217013","0.0625"
"2960217013","2039436997","0.0625"
"2039436997","2965878986","0.291667"
"2965878986","2039436997","0.291667"
"2039436997","2969860996","0.253409"
"2969860996","2039436997","0.253409"
"2039436997","2969984049","0.291667"
"2969984049","2039436997","0.291667"
"2039436997","2986547822","0.125"
"2986547822","2039436997","0.125"
"2039436997","2994650581","0.0625"
"2994650581","2039436997","0.0625"
"2097244784","2182084754","0.440909"
"2182084754","2097244784","0.440909"
"2097244784","2189401668","0.720833"
"2189401668","2097244784","0.720833"
"2097244784","2503325364","0.849242"
"2503325364","2097244784","0.849242"
"2097244784","2592135470","0.473485"
"2592135470","2097244784","0.473485"
"2097244784","2602814102","1.22841"
"2602814102","2097244784","1.22841"
"2097244784","2894362806","0.5375"
"2894362806","2097244784","0.5375"
"2097244784","2906194767","0.615909"
"2906194767","2097244784","0.615909"
"2097244784","2960217013","0.5375"
"2960217013","2097244784","0.5375"
"2097244784","2965878986","0.375"
"2965878986","2097244784","0.375"
"2097244784","2969860996","0.353409"
"2969860996","2097244784","0.353409"
"2097244784","2969984049","0.375"
"2969984049","2097244784","0.375"
"2097244784","2986547822","0.391667"
"2986547822","2097244784","0.391667"
"2097244784","2994650581","0.0625"
"2994650581","2097244784","0.0625"
"2182084754","2189401668","0.267857"
"2189401668","2182084754","0.267857"
"2182084754","2503325364","0.836742"
"2503325364","2182084754","0.836742"
"2182084754","2592135470","0.153409"
"2592135470","2182084754","0.153409"
"2182084754","2602814102","0.7875"
"2602814102","2182084754","0.7875"
"2182084754","2894362806","0.2875"
"2894362806","2182084754","0.2875"
"2182084754","2906194767","0.372024"
"2906194767","2182084754","0.372024"
"2182084754","2960217013","0.2875"
"2960217013","2182084754","0.2875"
"2182084754","2965878986","0.0625"
"2965878986","2182084754","0.0625"
"2182084754","2969860996","0.320076"
"2969860996","2182084754","0.320076"
"2182084754","2969984049","0.0625"
"2969984049","2182084754","0.0625"
"2182084754","2986547822","0.1625"
"2986547822","2182084754","0.1625"
"2182084754","2994650581","0.229167"
"2994650581","2182084754","0.229167"
"2189401668","2503325364","1.325"
"2503325364","2189401668","1.325"
"2189401668","2592135470","0.125"
"2592135470","2189401668","0.125"
"2189401668","2894362806","0.0625"
"2894362806","2189401668","0.0625"
"2189401668","2906194767","0.610714"
"2906194767","2189401668","0.610714"
"2189401668","2960217013","0.0625"
"2960217013","2189401668","0.0625"
"2189401668","2965878986","0.125"
"2965878986","2189401668","0.125"
"2189401668","2969860996","0.205357"
"2969860996","2189401668","0.205357"
"2189401668","2969984049","0.125"
"2969984049","2189401668","0.125"
"2189401668","2986547822","0.267857"
"2986547822","2189401668","0.267857"
"2189401668","2994650581","0.205357"
"2994650581","2189401668","0.205357"
"2503325364","2592135470","1.08258"
"2592135470","2503325364","1.08258"
"2503325364","2602814102","2.59702"
"2602814102","2503325364","2.59702"
"2503325364","2894362806","1.13869"
"2894362806","2503325364","1.13869"
"2503325364","2906194767","1.29286"
"2906194767","2503325364","1.29286"
"2503325364","2960217013","1.17202"
"2960217013","2503325364","1.17202"
"2503325364","2965878986","0.583333"
"2965878986","2503325364","0.583333"
"2503325364","2969860996","0.278409"
"2969860996","2503325364","0.278409"
"2503325364","2969984049","0.583333"
"2969984049","2503325364","0.583333"
"2503325364","2986547822","0.225"
"2986547822","2503325364","0.225"
"2503325364","2994650581","0.0625"
"2994650581","2503325364","0.0625"
"2592135470","2602814102","0.486742"
"2602814102","2592135470","0.486742"
"2592135470","2894362806","0.229167"
"2894362806","2592135470","0.229167"
"2592135470","2906194767","0.915909"
"2906194767","2592135470","0.915909"
"2592135470","2960217013","0.429167"
"2960217013","2592135470","0.429167"
"2592135470","2965878986","2.63452"
"2965878986","2592135470","2.63452"
"2592135470","2969860996","0.153409"
"2969860996","2592135470","0.153409"
"2592135470","2969984049","2.63452"
"2969984049","2592135470","2.63452"
"2592135470","2986547822","1.60119"
"2986547822","2592135470","1.60119"
"2592135470","2994650581","1.5625"
"2994650581","2592135470","1.5625"
"2602814102","2894362806","1.59702"
"2894362806","2602814102","1.59702"
"2602814102","2906194767","0.687933"
"2906194767","2602814102","0.687933"
"2602814102","2960217013","2.43036"
"2960217013","2602814102","2.43036"
"2602814102","2965878986","0.604167"
"2965878986","2602814102","0.604167"
"2602814102","2969860996","0.454167"
"2969860996","2602814102","0.454167"
"2602814102","2969984049","0.604167"
"2969984049","2602814102","0.604167"
"2602814102","2986547822","1.32917"
"2986547822","2602814102","1.32917"
"2602814102","2994650581","0.0625"
"2994650581","2602814102","0.0625"
"2894362806","2906194767","0.455357"
"2906194767","2894362806","0.455357"
"2894362806","2965878986","0.229167"
"2965878986","2894362806","0.229167"
"2894362806","2969860996","0.0625"
"2969860996","2894362806","0.0625"
"2894362806","2969984049","0.229167"
"2969984049","2894362806","0.229167"
"2894362806","2986547822","2.32917"
"2986547822","2894362806","2.32917"
"2894362806","2994650581","0.0625"
"2994650581","2894362806","0.0625"
"2906194767","2960217013","0.655357"
"2960217013","2906194767","0.655357"
"2906194767","2965878986","0.75"
"2965878986","2906194767","0.75"
"2906194767","2969860996","8.36369"
"2969860996","2906194767","8.36369"
"2906194767","2969984049","0.75"
"2969984049","2906194767","0.75"
"2906194767","2986547822","0.517857"
"2986547822","2906194767","0.517857"
"2906194767","2994650581","6.37202"
"2994650581","2906194767","6.37202"
"2960217013","2965878986","0.229167"
"2965878986","2960217013","0.229167"
"2960217013","2969860996","0.0625"
"2969860996","2960217013","0.0625"
"2960217013","2969984049","0.229167"
"2969984049","2960217013","0.229167"
"2960217013","2986547822","2.32917"
"2986547822","2960217013","2.32917"
"2960217013","2994650581","0.0625"
"2994650581","2960217013","0.0625"
"2965878986","2969860996","0.1875"
"2969860996","2965878986","0.1875"
"2965878986","2969984049","19.6762"
"2969984049","2965878986","19.6762"
"2965878986","2986547822","1.93452"
"2986547822","2965878986","1.93452"
"2965878986","2994650581","0.395833"
"2994650581","2965878986","0.395833"
"2969860996","2969984049","0.1875"
"2969984049","2969860996","0.1875"
"2969860996","2986547822","0.205357"
"2986547822","2969860996","0.205357"
"2969860996","2994650581","3.87202"
"2994650581","2969860996","3.87202"
"2969984049","2986547822","1.93452"
"2986547822","2969984049","1.93452"
"2969984049","2994650581","0.395833"
"2994650581","2969984049","0.395833"
"2986547822","2994650581","0.205357"
"2994650581","2986547822","0.205357"
"1819003847","2336487085","0.433333"
"2336487085","1819003847","0.433333"
"1819003847","2894490168","0.266667"
"2894490168","1819003847","0.266667"
"2336487085","2520106474","0.357576"
"2520106474","2336487085","0.357576"
"2336487085","2602814102","0.424242"
"2602814102","2336487085","0.424242"
"2336487085","2894490168","0.266667"
"2894490168","2336487085","0.266667"
"2336487085","2906194767","0.266667"
"2906194767","2336487085","0.266667"
"2336487085","2969860996","0.266667"
"2969860996","2336487085","0.266667"
"2520106474","2602814102","4.39134"
"2602814102","2520106474","4.39134"
"2520106474","2894490168","1.13571"
"2894490168","2520106474","1.13571"
"2520106474","2906194767","2.27365"
"2906194767","2520106474","2.27365"
"2520106474","2969860996","0.725433"
"2969860996","2520106474","0.725433"
"2602814102","2894490168","1.64286"
"2894490168","2602814102","1.64286"
"2894490168","2906194767","8.96905"
"2906194767","2894490168","8.96905"
"2894490168","2969860996","5.90952"
"2969860996","2894490168","5.90952"
"1819003847","2868189283","0.166667"
"2868189283","1819003847","0.166667"
"2097244784","2336487085","0.266667"
"2336487085","2097244784","0.266667"
"2097244784","2868189283","0.5"
"2868189283","2097244784","0.5"
"2336487085","2592135470","0.166667"
"2592135470","2336487085","0.166667"
"2336487085","2868189283","0.166667"
"2868189283","2336487085","0.166667"
"2336487085","2986547822","0.166667"
"2986547822","2336487085","0.166667"
"2592135470","2868189283","0.166667"
"2868189283","2592135470","0.166667"
"2602814102","2868189283","0.95"
"2868189283","2602814102","0.95"
"2868189283","2986547822","0.166667"
"2986547822","2868189283","0.166667"
"1819003847","2051088039","0.190909"
"2051088039","1819003847","0.190909"
"1819003847","2053562635","0.290909"
"2053562635","1819003847","0.290909"
"1819003847","2132429517","0.190909"
"2132429517","1819003847","0.190909"
"1819003847","2802585346","0.0909091"
"2802585346","1819003847","0.0909091"
"2039436997","2051088039","0.215909"
"2051088039","2039436997","0.215909"
"2039436997","2053562635","0.612175"
"2053562635","2039436997","0.612175"
"2039436997","2132429517","0.190909"
"2132429517","2039436997","0.190909"
"2039436997","2520106474","0.635985"
"2520106474","2039436997","0.635985"
"2039436997","2802585346","0.244318"
"2802585346","2039436997","0.244318"
"2051088039","2053562635","0.669318"
"2053562635","2051088039","0.669318"
"2051088039","2132429517","0.190909"
"2132429517","2051088039","0.190909"
"2051088039","2182084754","1.1046"
"2182084754","2051088039","1.1046"
"2051088039","2503325364","0.774242"
"2503325364","2051088039","0.774242"
"2051088039","2592135470","0.340909"
"2592135470","2051088039","0.340909"
"2051088039","2802585346","0.181818"
"2802585346","2051088039","0.181818"
"2051088039","2969860996","0.190909"
"2969860996","2051088039","0.190909"
"2053562635","2097244784","0.506818"
"2097244784","2053562635","0.506818"
"2053562635","2132429517","0.190909"
"2132429517","2053562635","0.190909"
"2053562635","2182084754","0.278409"
"2182084754","2053562635","0.278409"
"2053562635","2503325364","0.153409"
"2503325364","2053562635","0.153409"
"2053562635","2520106474","7.70606"
"2520106474","2053562635","7.70606"
"2053562635","2592135470","0.244318"
"2592135470","2053562635","0.244318"
"2053562635","2802585346","0.335227"
"2802585346","2053562635","0.335227"
"2053562635","2969860996","0.290909"
"2969860996","2053562635","0.290909"
"2097244784","2132429517","0.290909"
"2132429517","2097244784","0.290909"
"2097244784","2802585346","0.244318"
"2802585346","2097244784","0.244318"
"2132429517","2182084754","0.190909"
"2182084754","2132429517","0.190909"
"2132429517","2503325364","2.19091"
"2503325364","2132429517","2.19091"
"2132429517","2520106474","3.29091"
"2520106474","2132429517","3.29091"
"2132429517","2592135470","0.0909091"
"2592135470","2132429517","0.0909091"
"2132429517","2802585346","0.0909091"
"2802585346","2132429517","0.0909091"
"2132429517","2969860996","0.190909"
"2969860996","2132429517","0.190909"
"2182084754","2520106474","2.06293"
"2520106474","2182084754","2.06293"
"2182084754","2802585346","0.0909091"
"2802585346","2182084754","0.0909091"
"2503325364","2520106474","1.8046"
"2520106474","2503325364","1.8046"
"2503325364","2802585346","0.778409"
"2802585346","2503325364","0.778409"
"2520106474","2592135470","0.660985"
"2592135470","2520106474","0.660985"
"2520106474","2802585346","0.460227"
"2802585346","2520106474","0.460227"
"2592135470","2802585346","2.50384"
"2802585346","2592135470","2.50384"
"2802585346","2969860996","0.215909"
"2969860996","2802585346","0.215909"
"1819003847","2131340804","0.2"
"2131340804","1819003847","0.2"
"1819003847","2529391596","0.1"
"2529391596","1819003847","0.1"
"2039436997","2131340804","0.1"
"2131340804","2039436997","0.1"
"2039436997","2529391596","0.357576"
"2529391596","2039436997","0.357576"
"2053562635","2131340804","0.2"
"2131340804","2053562635","0.2"
"2053562635","2529391596","0.190909"
"2529391596","2053562635","0.190909"
"2053562635","2602814102","0.731818"
"2602814102","2053562635","0.731818"
"2053562635","2906194767","0.353409"
"2906194767","2053562635","0.353409"
"2097244784","2131340804","0.2"
"2131340804","2097244784","0.2"
"2097244784","2529391596","0.190909"
"2529391596","2097244784","0.190909"
"2131340804","2132429517","0.1"
"2132429517","2131340804","0.1"
"2131340804","2520106474","0.95"
"2520106474","2131340804","0.95"
"2131340804","2529391596","0.1"
"2529391596","2131340804","0.1"
"2131340804","2602814102","0.6"
"2602814102","2131340804","0.6"
"2131340804","2906194767","0.533333"
"2906194767","2131340804","0.533333"
"2131340804","2969860996","0.533333"
"2969860996","2131340804","0.533333"
"2132429517","2529391596","0.1"
"2529391596","2132429517","0.1"
"2132429517","2602814102","1.2"
"2602814102","2132429517","1.2"
"2132429517","2906194767","0.1"
"2906194767","2132429517","0.1"
"2520106474","2529391596","0.357576"
"2529391596","2520106474","0.357576"
"2529391596","2602814102","0.857576"
"2602814102","2529391596","0.857576"
"2529391596","2906194767","0.190909"
"2906194767","2529391596","0.190909"
"2529391596","2969860996","0.1"
"2969860996","2529391596","0.1"
"1990401068","2051088039","0.1"
"2051088039","1990401068","0.1"
"1990401068","2053562635","0.1625"
"2053562635","1990401068","0.1625"
"1990401068","2131340804","3.1"
"2131340804","1990401068","3.1"
"1990401068","2336487085","0.1"
"2336487085","1990401068","0.1"
"1990401068","2520106474","0.4125"
"2520106474","1990401068","0.4125"
"1990401068","2894490168","0.35"
"2894490168","1990401068","0.35"
"2051088039","2131340804","0.85"
"2131340804","2051088039","0.85"
"2051088039","2336487085","0.190909"
"2336487085","2051088039","0.190909"
"2051088039","2894490168","0.1"
"2894490168","2051088039","0.1"
"2051088039","2906194767","0.242857"
"2906194767","2051088039","0.242857"
"2053562635","2336487085","0.190909"
"2336487085","2053562635","0.190909"
"2053562635","2894490168","0.1"
"2894490168","2053562635","0.1"
"2097244784","2894490168","0.1"
"2894490168","2097244784","0.1"
"2131340804","2336487085","0.1"
"2336487085","2131340804","0.1"
"2131340804","2894490168","0.433333"
"2894490168","2131340804","0.433333"
"1829455604","2182084754","0.205357"
"2182084754","1829455604","0.205357"
"1829455604","2906194767","0.142857"
"2906194767","1829455604","0.142857"
"2051088039","2189401668","0.296266"
"2189401668","2051088039","0.296266"
"2051088039","2615100681","0.871266"
"2615100681","2051088039","0.871266"
"2159262688","2182084754","0.767857"
"2182084754","2159262688","0.767857"
"2159262688","2189401668","0.233766"
"2189401668","2159262688","0.233766"
"2159262688","2615100681","1.6921"
"2615100681","2159262688","1.6921"
"2159262688","2906194767","0.309524"
"2906194767","2159262688","0.309524"
"2182084754","2615100681","0.705357"
"2615100681","2182084754","0.705357"
"2189401668","2520106474","2.03496"
"2520106474","2189401668","2.03496"
"2189401668","2615100681","3.05877"
"2615100681","2189401668","3.05877"
"2520106474","2615100681","2.50877"
"2615100681","2520106474","2.50877"
"2615100681","2906194767","0.605357"
"2906194767","2615100681","0.605357"
"1829455604","1973367553","0.25"
"1973367553","1829455604","0.25"
"1829455604","2005378284","0.0625"
"2005378284","1829455604","0.0625"
"1829455604","2053562635","0.0625"
"2053562635","1829455604","0.0625"
"1829455604","2169460293","0.0625"
"2169460293","1829455604","0.0625"
"1829455604","2957174347","0.0625"
"2957174347","1829455604","0.0625"
"183143535","2005378284","0.0625"
"2005378284","183143535","0.0625"
"183143535","2053562635","0.0625"
"2053562635","183143535","0.0625"
"183143535","2169460293","0.0625"
"2169460293","183143535","0.0625"
"183143535","2182084754","0.0625"
"2182084754","183143535","0.0625"
"183143535","2957174347","0.0625"
"2957174347","183143535","0.0625"
"2005378284","2051088039","0.0625"
"2051088039","2005378284","0.0625"
"2005378284","2053562635","0.205357"
"2053562635","2005378284","0.205357"
"2005378284","2065339046","0.0625"
"2065339046","2005378284","0.0625"
"2005378284","2097244784","0.0625"
"2097244784","2005378284","0.0625"
"2005378284","2137359451","0.0625"
"2137359451","2005378284","0.0625"
"2005378284","2153657248","0.0625"
"2153657248","2005378284","0.0625"
"2005378284","2158062194","0.0625"
"2158062194","2005378284","0.0625"
"2005378284","2167851450","0.0625"
"2167851450","2005378284","0.0625"
"2005378284","2169460293","7.70536"
"2169460293","2005378284","7.70536"
"2005378284","2182084754","0.0625"
"2182084754","2005378284","0.0625"
"2005378284","2189401668","0.0625"
"2189401668","2005378284","0.0625"
"2005378284","2520106474","0.0625"
"2520106474","2005378284","0.0625"
"2005378284","2615100681","0.0625"
"2615100681","2005378284","0.0625"
"2005378284","2957174347","0.0625"
"2957174347","2005378284","0.0625"
"2051088039","2065339046","0.0625"
"2065339046","2051088039","0.0625"
"2051088039","2137359451","0.0625"
"2137359451","2051088039","0.0625"
"2051088039","2153657248","0.645833"
"2153657248","2051088039","0.645833"
"2051088039","2167851450","0.0625"
"2167851450","2051088039","0.0625"
"2051088039","2169460293","0.1875"
"2169460293","2051088039","0.1875"
"2051088039","2957174347","0.153409"
"2957174347","2051088039","0.153409"
"2053562635","2065339046","0.658333"
"2065339046","2053562635","0.658333"
"2053562635","2137359451","0.2625"
"2137359451","2053562635","0.2625"
"2053562635","2153657248","0.2625"
"2153657248","2053562635","0.2625"
"2053562635","2158062194","0.0625"
"2158062194","2053562635","0.0625"
"2053562635","2167851450","0.0625"
"2167851450","2053562635","0.0625"
"2053562635","2169460293","0.330357"
"2169460293","2053562635","0.330357"
"2053562635","2189401668","0.215909"
"2189401668","2053562635","0.215909"
"2053562635","2615100681","0.790909"
"2615100681","2053562635","0.790909"
"2053562635","2957174347","0.306818"
"2957174347","2053562635","0.306818"
"2065339046","2097244784","0.125"
"2097244784","2065339046","0.125"
"2065339046","2169460293","0.0625"
"2169460293","2065339046","0.0625"
"2065339046","2182084754","0.0625"
"2182084754","2065339046","0.0625"
"2065339046","2615100681","0.458333"
"2615100681","2065339046","0.458333"
"2065339046","2957174347","0.125"
"2957174347","2065339046","0.125"
"2097244784","2137359451","0.0625"
"2137359451","2097244784","0.0625"
"2097244784","2153657248","0.0625"
"2153657248","2097244784","0.0625"
"2097244784","2167851450","0.0625"
"2167851450","2097244784","0.0625"
"2097244784","2169460293","0.0625"
"2169460293","2097244784","0.0625"
"2097244784","2615100681","1.78333"
"2615100681","2097244784","1.78333"
"2097244784","2957174347","0.215909"
"2957174347","2097244784","0.215909"
"2137359451","2169460293","0.0625"
"2169460293","2137359451","0.0625"
"2137359451","2182084754","0.395833"
"2182084754","2137359451","0.395833"
"2137359451","2189401668","0.0625"
"2189401668","2137359451","0.0625"
"2137359451","2957174347","0.0625"
"2957174347","2137359451","0.0625"
"2153657248","2169460293","0.0625"
"2169460293","2153657248","0.0625"
"2153657248","2182084754","0.0625"
"2182084754","2153657248","0.0625"
"2153657248","2189401668","0.0625"
"2189401668","2153657248","0.0625"
"2153657248","2615100681","0.0625"
"2615100681","2153657248","0.0625"
"2153657248","2957174347","0.0625"
"2957174347","2153657248","0.0625"
"2158062194","2169460293","0.0625"
"2169460293","2158062194","0.0625"
"2158062194","2182084754","0.1875"
"2182084754","2158062194","0.1875"
"2158062194","2957174347","0.0625"
"2957174347","2158062194","0.0625"
"2167851450","2169460293","0.0625"
"2169460293","2167851450","0.0625"
"2167851450","2182084754","0.0625"
"2182084754","2167851450","0.0625"
"2167851450","2615100681","0.0625"
"2615100681","2167851450","0.0625"
"2167851450","2957174347","0.0625"
"2957174347","2167851450","0.0625"
"2169460293","2182084754","0.1875"
"2182084754","2169460293","0.1875"
"2169460293","2189401668","0.0625"
"2189401668","2169460293","0.0625"
"2169460293","2520106474","0.1875"
"2520106474","2169460293","0.1875"
"2169460293","2615100681","0.1875"
"2615100681","2169460293","0.1875"
"2169460293","2957174347","0.0625"
"2957174347","2169460293","0.0625"
"2182084754","2957174347","0.0625"
"2957174347","2182084754","0.0625"
"2189401668","2957174347","0.215909"
"2957174347","2189401668","0.215909"
"2520106474","2957174347","0.431818"
"2957174347","2520106474","0.431818"
"2615100681","2957174347","0.215909"
"2957174347","2615100681","0.215909"
"1973367553","2189401668","0.333333"
"2189401668","1973367553","0.333333"
"1973367553","2602814102","0.333333"
"2602814102","1973367553","0.333333"
"1973367553","2615100681","0.333333"
"2615100681","1973367553","0.333333"
"1973367553","2131340804","0.2"
"2131340804","1973367553","0.2"
"1973367553","2153657248","0.2"
"2153657248","1973367553","0.2"
"1973367553","2167851450","0.2"
"2167851450","1973367553","0.2"
"2065339046","2131340804","0.2"
"2131340804","2065339046","0.2"
"2131340804","2137359451","0.2"
"2137359451","2131340804","0.2"
"2131340804","2153657248","0.95"
"2153657248","2131340804","0.95"
"2131340804","2167851450","0.2"
"2167851450","2131340804","0.2"
"1990401068","2153657248","0.5"
"2153657248","1990401068","0.5"
"1990401068","2019137317","0.0625"
"2019137317","1990401068","0.0625"
"1990401068","2065339046","0.0625"
"2065339046","1990401068","0.0625"
"1990401068","2802585346","0.0625"
"2802585346","1990401068","0.0625"
"1990401068","2957174347","0.0625"
"2957174347","1990401068","0.0625"
"2019137317","2039436997","0.0625"
"2039436997","2019137317","0.0625"
"2019137317","2053562635","0.0625"
"2053562635","2019137317","0.0625"
"2019137317","2097244784","0.0625"
"2097244784","2019137317","0.0625"
"2019137317","2189401668","0.0625"
"2189401668","2019137317","0.0625"
"2019137317","2503325364","0.0625"
"2503325364","2019137317","0.0625"
"2019137317","2592135470","0.0625"
"2592135470","2019137317","0.0625"
"2019137317","2615100681","0.0625"
"2615100681","2019137317","0.0625"
"2019137317","2802585346","0.0625"
"2802585346","2019137317","0.0625"
"2019137317","2906194767","0.0625"
"2906194767","2019137317","0.0625"
"2019137317","2957174347","0.0625"
"2957174347","2019137317","0.0625"
"2019137317","2965878986","0.0625"
"2965878986","2019137317","0.0625"
"2019137317","2969984049","0.0625"
"2969984049","2019137317","0.0625"
"2019137317","2986547822","0.0625"
"2986547822","2019137317","0.0625"
"2039436997","2615100681","0.1875"
"2615100681","2039436997","0.1875"
"2039436997","2957174347","0.153409"
"2957174347","2039436997","0.153409"
"2053562635","2965878986","0.0625"
"2965878986","2053562635","0.0625"
"2053562635","2969984049","0.0625"
"2969984049","2053562635","0.0625"
"2053562635","2986547822","0.0625"
"2986547822","2053562635","0.0625"
"2065339046","2503325364","0.0625"
"2503325364","2065339046","0.0625"
"2065339046","2592135470","0.0625"
"2592135470","2065339046","0.0625"
"2065339046","2802585346","0.0625"
"2802585346","2065339046","0.0625"
"2065339046","2906194767","0.0625"
"2906194767","2065339046","0.0625"
"2065339046","2965878986","0.0625"
"2965878986","2065339046","0.0625"
"2065339046","2969984049","0.0625"
"2969984049","2065339046","0.0625"
"2065339046","2986547822","0.0625"
"2986547822","2065339046","0.0625"
"2189401668","2802585346","0.153409"
"2802585346","2189401668","0.153409"
"2503325364","2615100681","0.7125"
"2615100681","2503325364","0.7125"
"2503325364","2957174347","1.52083"
"2957174347","2503325364","1.52083"
"2520106474","2965878986","0.604167"
"2965878986","2520106474","0.604167"
"2520106474","2969984049","0.604167"
"2969984049","2520106474","0.604167"
"2520106474","2986547822","0.305357"
"2986547822","2520106474","0.305357"
"2592135470","2615100681","0.2625"
"2615100681","2592135470","0.2625"
"2592135470","2957174347","1.49627"
"2957174347","2592135470","1.49627"
"2615100681","2802585346","0.153409"
"2802585346","2615100681","0.153409"
"2615100681","2965878986","0.0625"
"2965878986","2615100681","0.0625"
"2615100681","2969984049","0.0625"
"2969984049","2615100681","0.0625"
"2615100681","2986547822","0.0625"
"2986547822","2615100681","0.0625"
"2802585346","2906194767","0.695076"
"2906194767","2802585346","0.695076"
"2802585346","2957174347","8.12884"
"2957174347","2802585346","8.12884"
"2802585346","2965878986","3.19702"
"2965878986","2802585346","3.19702"
"2802585346","2969984049","2.19702"
"2969984049","2802585346","2.19702"
"2802585346","2986547822","1.95536"
"2986547822","2802585346","1.95536"
"2906194767","2957174347","0.695076"
"2957174347","2906194767","0.695076"
"2957174347","2965878986","2.28036"
"2965878986","2957174347","2.28036"
"2957174347","2969984049","2.28036"
"2969984049","2957174347","2.28036"
