"1024027330","2290264421","1.16667"
"2290264421","1024027330","1.16667"
"1024027330","2519681733","2.5"
"2519681733","1024027330","2.5"
"1024027330","2291726951","1"
"2291726951","1024027330","1"
"1024027330","1496150642","0.0909091"
"1496150642","1024027330","0.0909091"
"1024027330","1505043949","0.0909091"
"1505043949","1024027330","0.0909091"
"1024027330","1508581974","0.0909091"
"1508581974","1024027330","0.0909091"
"1024027330","1797606344","0.0909091"
"1797606344","1024027330","0.0909091"
"1024027330","1848098826","0.0909091"
"1848098826","1024027330","0.0909091"
"1024027330","1866550111","0.0909091"
"1866550111","1024027330","0.0909091"
"1024027330","1933779895","0.0909091"
"1933779895","1024027330","0.0909091"
"1024027330","2101923427","0.0909091"
"2101923427","1024027330","0.0909091"
"1024027330","2106591829","0.0909091"
"2106591829","1024027330","0.0909091"
"1024027330","2110035986","0.0909091"
"2110035986","1024027330","0.0909091"
"1024027330","248601294","0.0909091"
"248601294","1024027330","0.0909091"
"1496150642","1505043949","37.9392"
"1505043949","1496150642","37.9392"
"1496150642","1508581974","55.0868"
"1508581974","1496150642","55.0868"
"1496150642","1797606344","100.507"
"1797606344","1496150642","100.507"
"1496150642","1848098826","37.7697"
"1848098826","1496150642","37.7697"
"1496150642","1866550111","45.5586"
"1866550111","1496150642","45.5586"
"1496150642","1933779895","23.222"
"1933779895","1496150642","23.222"
"1496150642","2101923427","27.2657"
"2101923427","1496150642","27.2657"
"1496150642","2106591829","103.268"
"2106591829","1496150642","103.268"
"1496150642","2110035986","45.9805"
"2110035986","1496150642","45.9805"
"1496150642","248601294","7.35441"
"248601294","1496150642","7.35441"
"1505043949","1508581974","29.4915"
"1508581974","1505043949","29.4915"
"1505043949","1797606344","36.9059"
"1797606344","1505043949","36.9059"
"1505043949","1848098826","30.476"
"1848098826","1505043949","30.476"
"1505043949","1866550111","35.1927"
"1866550111","1505043949","35.1927"
"1505043949","1933779895","23.1665"
"1933779895","1505043949","23.1665"
"1505043949","2101923427","23.9145"
"2101923427","1505043949","23.9145"
"1505043949","2106591829","44.0503"
"2106591829","1505043949","44.0503"
"1505043949","2110035986","38.0503"
"2110035986","1505043949","38.0503"
"1505043949","248601294","6.67822"
"248601294","1505043949","6.67822"
"1508581974","1797606344","75.6066"
"1797606344","1508581974","75.6066"
"1508581974","1848098826","40.0328"
"1848098826","1508581974","40.0328"
"1508581974","1866550111","28.4435"
"1866550111","1508581974","28.4435"
"1508581974","1933779895","20.6148"
"1933779895","1508581974","20.6148"
"1508581974","2101923427","21.5215"
"2101923427","1508581974","21.5215"
"1508581974","2106591829","54.8645"
"2106591829","1508581974","54.8645"
"1508581974","2110035986","30.6153"
"2110035986","1508581974","30.6153"
"1508581974","248601294","8.56898"
"248601294","1508581974","8.56898"
"1797606344","1848098826","43.1709"
"1848098826","1797606344","43.1709"
"1797606344","1866550111","42.7919"
"1866550111","1797606344","42.7919"
"1797606344","1933779895","23.3331"
"1933779895","1797606344","23.3331"
"1797606344","2101923427","26.3768"
"2101923427","1797606344","26.3768"
"1797606344","2106591829","96.2845"
"2106591829","1797606344","96.2845"
"1797606344","2110035986","44.5471"
"2110035986","1797606344","44.5471"
"1797606344","248601294","9.15282"
"248601294","1797606344","9.15282"
"1848098826","1866550111","28.5708"
"1866550111","1848098826","28.5708"
"1848098826","1933779895","21.1144"
"1933779895","1848098826","21.1144"
"1848098826","2101923427","21.5351"
"2101923427","1848098826","21.5351"
"1848098826","2106591829","37.5475"
"2106591829","1848098826","37.5475"
"1848098826","2110035986","30.7427"
"2110035986","1848098826","30.7427"
"1848098826","248601294","9.16393"
"248601294","1848098826","9.16393"
"1866550111","1933779895","20.8089"
"1933779895","1866550111","20.8089"
"1866550111","2101923427","21.8248"
"2101923427","1866550111","21.8248"
"1866550111","2106591829","44.503"
"2106591829","1866550111","44.503"
"1866550111","2110035986","42.8673"
"2110035986","1866550111","42.8673"
"1866550111","248601294","6.48731"
"248601294","1866550111","6.48731"
"1933779895","2101923427","23.1665"
"2101923427","1933779895","23.1665"
"1933779895","2106591829","23.3331"
"2106591829","1933779895","23.3331"
"1933779895","2110035986","23.1665"
"2110035986","1933779895","23.1665"
"1933779895","248601294","2.90427"
"248601294","1933779895","2.90427"
"2101923427","2106591829","26.2101"
"2106591829","2101923427","26.2101"
"2101923427","2110035986","24.2061"
"2110035986","2101923427","24.2061"
"2101923427","248601294","2.90427"
"248601294","2101923427","2.90427"
"2106591829","2110035986","45.9249"
"2110035986","2106591829","45.9249"
"2106591829","248601294","7.35441"
"248601294","2106591829","7.35441"
"2110035986","248601294","6.67822"
"248601294","2110035986","6.67822"
"1024027330","938811449","0.333333"
"938811449","1024027330","0.333333"
"1024027330","944417120","0.333333"
"944417120","1024027330","0.333333"
"2519681733","938811449","1.1"
"938811449","2519681733","1.1"
"2519681733","944417120","0.833333"
"944417120","2519681733","0.833333"
"938811449","944417120","6.83333"
"944417120","938811449","6.83333"
"1024027330","1939689824","0.166667"
"1939689824","1024027330","0.166667"
"1024027330","2253287830","0.166667"
"2253287830","1024027330","0.166667"
"1024027330","2291331374","0.166667"
"2291331374","1024027330","0.166667"
"1024027330","2723145173","0.166667"
"2723145173","1024027330","0.166667"
"1939689824","2253287830","6.05952"
"2253287830","1939689824","6.05952"
"1939689824","2290264421","7.15952"
"2290264421","1939689824","7.15952"
"1939689824","2291331374","0.858333"
"2291331374","1939689824","0.858333"
"1939689824","2519681733","23.6504"
"2519681733","1939689824","23.6504"
"1939689824","2723145173","13.1417"
"2723145173","1939689824","13.1417"
"2253287830","2290264421","14.1913"
"2290264421","2253287830","14.1913"
"2253287830","2291331374","8.75717"
"2291331374","2253287830","8.75717"
"2253287830","2519681733","8.4373"
"2519681733","2253287830","8.4373"
"2253287830","2723145173","0.291667"
"2723145173","2253287830","0.291667"
"2290264421","2291331374","46.5404"
"2291331374","2290264421","46.5404"
"2290264421","2519681733","16.702"
"2519681733","2290264421","16.702"
"2290264421","2723145173","0.166667"
"2723145173","2290264421","0.166667"
"2291331374","2519681733","3.30681"
"2519681733","2291331374","3.30681"
"2291331374","2723145173","0.166667"
"2723145173","2291331374","0.166667"
"2519681733","2723145173","0.333333"
"2723145173","2519681733","0.333333"
"1024027330","2129326225","1.5"
"2129326225","1024027330","1.5"
"1024027330","2521299566","0.5"
"2521299566","1024027330","0.5"
"2129326225","2521299566","98.7117"
"2521299566","2129326225","98.7117"
"1024027330","2580862833","1"
"2580862833","1024027330","1"
"1026276913","1937108178","2"
"1937108178","1026276913","2"
"1026276913","1939689824","0.225"
"1939689824","1026276913","0.225"
"1026276913","2253287830","0.225"
"2253287830","1026276913","0.225"
"1026276913","2290176330","0.558333"
"2290176330","1026276913","0.558333"
"1026276913","2292169360","0.125"
"2292169360","1026276913","0.125"
"1026276913","2405387099","0.558333"
"2405387099","1026276913","0.558333"
"1026276913","2550826434","0.125"
"2550826434","1026276913","0.125"
"1026276913","2723145173","0.125"
"2723145173","1026276913","0.125"
"1026276913","3019071779","0.225"
"3019071779","1026276913","0.225"
"1939689824","2290176330","2.72619"
"2290176330","1939689824","2.72619"
"1939689824","2292169360","4.20833"
"2292169360","1939689824","4.20833"
"1939689824","2405387099","2.06591"
"2405387099","1939689824","2.06591"
"1939689824","2550826434","1.85833"
"2550826434","1939689824","1.85833"
"1939689824","3019071779","2.72619"
"3019071779","1939689824","2.72619"
"2253287830","2290176330","96.1066"
"2290176330","2253287830","96.1066"
"2253287830","2292169360","29.8615"
"2292169360","2253287830","29.8615"
"2253287830","2405387099","2.24007"
"2405387099","2253287830","2.24007"
"2253287830","2550826434","45.0379"
"2550826434","2253287830","45.0379"
"2253287830","3019071779","123.194"
"3019071779","2253287830","123.194"
"2290176330","2292169360","12.9807"
"2292169360","2290176330","12.9807"
"2290176330","2405387099","13.0259"
"2405387099","2290176330","13.0259"
"2290176330","2550826434","44.6629"
"2550826434","2290176330","44.6629"
"2290176330","2723145173","0.125"
"2723145173","2290176330","0.125"
"2290176330","3019071779","95.1686"
"3019071779","2290176330","95.1686"
"2292169360","2405387099","15.8982"
"2405387099","2292169360","15.8982"
"2292169360","2550826434","1.19924"
"2550826434","2292169360","1.19924"
"2292169360","2723145173","0.125"
"2723145173","2292169360","0.125"
"2292169360","3019071779","1.41515"
"3019071779","2292169360","1.41515"
"2405387099","2550826434","0.860354"
"2550826434","2405387099","0.860354"
"2405387099","2723145173","0.125"
"2723145173","2405387099","0.125"
"2405387099","3019071779","1.12702"
"3019071779","2405387099","1.12702"
"2550826434","2723145173","0.125"
"2723145173","2550826434","0.125"
"2550826434","3019071779","44.6629"
"3019071779","2550826434","44.6629"
"2723145173","3019071779","0.125"
"3019071779","2723145173","0.125"
"1026276913","1623846180","0.1"
"1623846180","1026276913","0.1"
"1026276913","2290264421","0.1"
"2290264421","1026276913","0.1"
"1026276913","2519681733","0.1"
"2519681733","1026276913","0.1"
"1026276913","2521299566","1.1"
"2521299566","1026276913","1.1"
"1026276913","2770727581","0.1"
"2770727581","1026276913","0.1"
"1623846180","1939689824","3.36786"
"1939689824","1623846180","3.36786"
"1623846180","2253287830","1.03813"
"2253287830","1623846180","1.03813"
"1623846180","2290176330","6.33099"
"2290176330","1623846180","6.33099"
"1623846180","2290264421","0.913131"
"2290264421","1623846180","0.913131"
"1623846180","2405387099","93.9484"
"2405387099","1623846180","93.9484"
"1623846180","2519681733","2.725"
"2519681733","1623846180","2.725"
"1623846180","2521299566","44.1619"
"2521299566","1623846180","44.1619"
"1623846180","2770727581","0.225"
"2770727581","1623846180","0.225"
"1623846180","3019071779","0.982576"
"3019071779","1623846180","0.982576"
"1939689824","2521299566","6.54797"
"2521299566","1939689824","6.54797"
"1939689824","2770727581","2.225"
"2770727581","1939689824","2.225"
"2253287830","2521299566","4.98267"
"2521299566","2253287830","4.98267"
"2253287830","2770727581","1.475"
"2770727581","2253287830","1.475"
"2290176330","2290264421","5.46777"
"2290264421","2290176330","5.46777"
"2290176330","2519681733","3.21514"
"2519681733","2290176330","3.21514"
"2290176330","2521299566","7.5159"
"2521299566","2290176330","7.5159"
"2290176330","2770727581","0.641667"
"2770727581","2290176330","0.641667"
"2290264421","2405387099","4.20544"
"2405387099","2290264421","4.20544"
"2290264421","2521299566","3.7761"
"2521299566","2290264421","3.7761"
"2290264421","2770727581","0.8"
"2770727581","2290264421","0.8"
"2290264421","3019071779","4.96991"
"3019071779","2290264421","4.96991"
"2405387099","2519681733","1.58819"
"2519681733","2405387099","1.58819"
"2405387099","2521299566","113.161"
"2521299566","2405387099","113.161"
"2405387099","2770727581","0.633333"
"2770727581","2405387099","0.633333"
"2519681733","2521299566","20.9794"
"2521299566","2519681733","20.9794"
"2519681733","2770727581","4.425"
"2770727581","2519681733","4.425"
"2519681733","3019071779","3.89563"
"3019071779","2519681733","3.89563"
"2521299566","2770727581","1.75833"
"2770727581","2521299566","1.75833"
"2521299566","3019071779","2.24564"
"3019071779","2521299566","2.24564"
"2770727581","3019071779","0.641667"
"3019071779","2770727581","0.641667"
"1026276913","1875381156","0.142857"
"1875381156","1026276913","0.142857"
"1026276913","1892580702","0.142857"
"1892580702","1026276913","0.142857"
"1026276913","1893940590","0.142857"
"1893940590","1026276913","0.142857"
"1026276913","1900465333","0.142857"
"1900465333","1026276913","0.142857"
"1026276913","2131977678","0.142857"
"2131977678","1026276913","0.142857"
"1026276913","2476118814","0.142857"
"2476118814","1026276913","0.142857"
"1026276913","2957734339","0.142857"
"2957734339","1026276913","0.142857"
"1875381156","1892580702","1.32724"
"1892580702","1875381156","1.32724"
"1875381156","1893940590","0.915199"
"1893940590","1875381156","0.915199"
"1875381156","1900465333","0.142857"
"1900465333","1875381156","0.142857"
"1875381156","2131977678","24.7857"
"2131977678","1875381156","24.7857"
"1875381156","2476118814","0.260022"
"2476118814","1875381156","0.260022"
"1875381156","2957734339","0.260022"
"2957734339","1875381156","0.260022"
"1892580702","1893940590","29.923"
"1893940590","1892580702","29.923"
"1892580702","1900465333","0.70119"
"1900465333","1892580702","0.70119"
"1892580702","2131977678","0.517857"
"2131977678","1892580702","0.517857"
"1892580702","2476118814","2.16302"
"2476118814","1892580702","2.16302"
"1892580702","2957734339","2.16302"
"2957734339","1892580702","2.16302"
"1893940590","1900465333","0.309524"
"1900465333","1893940590","0.309524"
"1893940590","2131977678","0.392857"
"2131977678","1893940590","0.392857"
"1893940590","2476118814","2.89636"
"2476118814","1893940590","2.89636"
"1893940590","2957734339","3.72969"
"2957734339","1893940590","3.72969"
"1900465333","2131977678","0.142857"
"2131977678","1900465333","0.142857"
"1900465333","2476118814","29.0036"
"2476118814","1900465333","29.0036"
"1900465333","2957734339","28.694"
"2957734339","1900465333","28.694"
"2131977678","2476118814","0.142857"
"2476118814","2131977678","0.142857"
"2131977678","2957734339","0.142857"
"2957734339","2131977678","0.142857"
"2476118814","2957734339","34.4059"
"2957734339","2476118814","34.4059"
"1026276913","2291331374","0.333333"
"2291331374","1026276913","0.333333"
"2290176330","2291331374","11.243"
"2291331374","2290176330","11.243"
"2291331374","2405387099","10.5676"
"2405387099","2291331374","10.5676"
"1496150642","1617624482","96.0381"
"1617624482","1496150642","96.0381"
"1505043949","1617624482","36.8483"
"1617624482","1505043949","36.8483"
"1508581974","1617624482","67.3824"
"1617624482","1508581974","67.3824"
"1617624482","1797606344","110.125"
"1797606344","1617624482","110.125"
"1617624482","1848098826","42.7466"
"1848098826","1617624482","42.7466"
"1617624482","1866550111","42.7344"
"1866550111","1617624482","42.7344"
"1617624482","1933779895","23.0756"
"1933779895","1617624482","23.0756"
"1617624482","2101923427","26.2859"
"2101923427","1617624482","26.2859"
"1617624482","2106591829","96.8158"
"2106591829","1617624482","96.8158"
"1617624482","2110035986","44.4896"
"2110035986","1617624482","44.4896"
"1617624482","248601294","9.26191"
"248601294","1617624482","9.26191"
"1496150642","2521299566","6.75326"
"2521299566","1496150642","6.75326"
"1617624482","2521299566","7.45806"
"2521299566","1617624482","7.45806"
"1797606344","2521299566","7.4025"
"2521299566","1797606344","7.4025"
"2106591829","2521299566","6.25326"
"2521299566","2106591829","6.25326"
"1496150642","1776570433","7.98641"
"1776570433","1496150642","7.98641"
"1505043949","1776570433","7.21021"
"1776570433","1505043949","7.21021"
"1508581974","1776570433","8.50931"
"1776570433","1508581974","8.50931"
"1617624482","1776570433","9.19315"
"1776570433","1617624482","9.19315"
"1776570433","1797606344","8.99315"
"1797606344","1776570433","8.99315"
"1776570433","1848098826","8.70426"
"1848098826","1776570433","8.70426"
"1776570433","1866550111","6.18597"
"1866550111","1776570433","6.18597"
"1776570433","1933779895","5.21606"
"1933779895","1776570433","5.21606"
"1776570433","2101923427","5.21606"
"2101923427","1776570433","5.21606"
"1776570433","2106591829","7.98641"
"2106591829","1776570433","7.98641"
"1776570433","2110035986","7.21021"
"2110035986","1776570433","7.21021"
"1776570433","248601294","4.63936"
"248601294","1776570433","4.63936"
"1496150642","2152670952","10.9335"
"2152670952","1496150642","10.9335"
"1617624482","2152670952","8.86682"
"2152670952","1617624482","8.86682"
"1797606344","2152670952","8.86682"
"2152670952","1797606344","8.86682"
"1866550111","2152670952","9.73349"
"2152670952","1866550111","9.73349"
"2106591829","2152670952","9.76682"
"2152670952","2106591829","9.76682"
"2110035986","2152670952","8.69063"
"2152670952","2110035986","8.69063"
"1496150642","1892580702","2.66163"
"1892580702","1496150642","2.66163"
"1496150642","1921993926","2.89108"
"1921993926","1496150642","2.89108"
"1496150642","1936819017","2.89108"
"1936819017","1496150642","2.89108"
"1496150642","2127810192","2.89108"
"2127810192","1496150642","2.89108"
"1508581974","1892580702","0.976373"
"1892580702","1508581974","0.976373"
"1508581974","1921993926","1.23674"
"1921993926","1508581974","1.23674"
"1508581974","1936819017","1.23674"
"1936819017","1508581974","1.23674"
"1508581974","2127810192","1.23674"
"2127810192","1508581974","1.23674"
"1508581974","2521299566","3.21007"
"2521299566","1508581974","3.21007"
"1617624482","1892580702","2.2954"
"1892580702","1617624482","2.2954"
"1617624482","1921993926","2.06254"
"1921993926","1617624482","2.06254"
"1617624482","1936819017","2.06254"
"1936819017","1617624482","2.06254"
"1617624482","2127810192","2.06254"
"2127810192","1617624482","2.06254"
"1797606344","1892580702","2.0454"
"1892580702","1797606344","2.0454"
"1797606344","1921993926","2.17365"
"1921993926","1797606344","2.17365"
"1797606344","1936819017","2.17365"
"1936819017","1797606344","2.17365"
"1797606344","2127810192","2.17365"
"2127810192","1797606344","2.17365"
"1848098826","1892580702","0.912387"
"1892580702","1848098826","0.912387"
"1848098826","1921993926","1.18301"
"1921993926","1848098826","1.18301"
"1848098826","1936819017","1.18301"
"1936819017","1848098826","1.18301"
"1848098826","2127810192","1.18301"
"2127810192","1848098826","1.18301"
"1848098826","2521299566","2.99801"
"2521299566","1848098826","2.99801"
"1892580702","1921993926","45.2489"
"1921993926","1892580702","45.2489"
"1892580702","1936819017","43.4251"
"1936819017","1892580702","43.4251"
"1892580702","2106591829","2.16163"
"2106591829","1892580702","2.16163"
"1892580702","2127810192","44.8918"
"2127810192","1892580702","44.8918"
"1892580702","2521299566","34.6"
"2521299566","1892580702","34.6"
"1921993926","1936819017","179.712"
"1936819017","1921993926","179.712"
"1921993926","2106591829","2.05775"
"2106591829","1921993926","2.05775"
"1921993926","2127810192","173.929"
"2127810192","1921993926","173.929"
"1921993926","2521299566","60.4586"
"2521299566","1921993926","60.4586"
"1936819017","2106591829","2.05775"
"2106591829","1936819017","2.05775"
"1936819017","2127810192","166.939"
"2127810192","1936819017","166.939"
"1936819017","2521299566","57.6348"
"2521299566","1936819017","57.6348"
"2106591829","2127810192","2.05775"
"2127810192","2106591829","2.05775"
"2127810192","2521299566","58.2681"
"2521299566","2127810192","58.2681"
"1496150642","2580862833","1.57507"
"2580862833","1496150642","1.57507"
"1496150642","2272319506","0.342857"
"2272319506","1496150642","0.342857"
"1508581974","2272319506","0.2"
"2272319506","1508581974","0.2"
"1617624482","2272319506","0.342857"
"2272319506","1617624482","0.342857"
"1797606344","2272319506","0.342857"
"2272319506","1797606344","0.342857"
"2106591829","2272319506","0.342857"
"2272319506","2106591829","0.342857"
"1496150642","1937108178","1.88932"
"1937108178","1496150642","1.88932"
"1505043949","1937108178","1.16313"
"1937108178","1505043949","1.16313"
"1508581974","1937108178","1.71154"
"1937108178","1508581974","1.71154"
"1617624482","1937108178","2.77821"
"1937108178","1617624482","2.77821"
"1776570433","1937108178","0.25202"
"1937108178","1776570433","0.25202"
"1797606344","1937108178","3.11154"
"1937108178","1797606344","3.11154"
"1848098826","1937108178","1.97266"
"1937108178","1848098826","1.97266"
"1866550111","1937108178","1.16313"
"1937108178","1866550111","1.16313"
"1937108178","2106591829","1.88932"
"2106591829","1937108178","1.88932"
"1937108178","2110035986","1.16313"
"2110035986","1937108178","1.16313"
"1937108178","248601294","0.607576"
"248601294","1937108178","0.607576"
"1505043949","2521299566","2.46587"
"2521299566","1505043949","2.46587"
"1866550111","2521299566","2.8865"
"2521299566","1866550111","2.8865"
"1933779895","2521299566","1.13134"
"2521299566","1933779895","1.13134"
"2101923427","2521299566","1.13134"
"2521299566","2101923427","1.13134"
"2110035986","2521299566","2.81983"
"2521299566","2110035986","2.81983"
"1496150642","1867537022","1.23117"
"1867537022","1496150642","1.23117"
"1496150642","1955828807","0.758026"
"1955828807","1496150642","0.758026"
"1496150642","2509615994","0.0555556"
"2509615994","1496150642","0.0555556"
"1505043949","1867537022","0.572348"
"1867537022","1505043949","0.572348"
"1505043949","1892580702","0.997741"
"1892580702","1505043949","0.997741"
"1505043949","1921993926","1.19892"
"1921993926","1505043949","1.19892"
"1505043949","1936819017","1.19892"
"1936819017","1505043949","1.19892"
"1505043949","1955828807","0.391359"
"1955828807","1505043949","0.391359"
"1505043949","2127810192","1.19892"
"2127810192","1505043949","1.19892"
"1505043949","2509615994","0.0555556"
"2509615994","1505043949","0.0555556"
"1508581974","1867537022","0.486334"
"1867537022","1508581974","0.486334"
"1508581974","1955828807","0.559974"
"1955828807","1508581974","0.559974"
"1508581974","2509615994","0.0555556"
"2509615994","1508581974","0.0555556"
"1617624482","1867537022","0.822081"
"1867537022","1617624482","0.822081"
"1617624482","1955828807","0.800883"
"1955828807","1617624482","0.800883"
"1617624482","2509615994","0.0555556"
"2509615994","1617624482","0.0555556"
"1797606344","1867537022","0.822081"
"1867537022","1797606344","0.822081"
"1797606344","1955828807","0.800883"
"1955828807","1797606344","0.800883"
"1797606344","2509615994","0.0555556"
"2509615994","1797606344","0.0555556"
"1848098826","1867537022","0.355681"
"1867537022","1848098826","0.355681"
"1848098826","1955828807","0.609974"
"1955828807","1848098826","0.609974"
"1848098826","2509615994","0.0555556"
"2509615994","1848098826","0.0555556"
"1866550111","1867537022","0.572348"
"1867537022","1866550111","0.572348"
"1866550111","1892580702","1.40052"
"1892580702","1866550111","1.40052"
"1866550111","1921993926","1.3767"
"1921993926","1866550111","1.3767"
"1866550111","1936819017","1.3767"
"1936819017","1866550111","1.3767"
"1866550111","1955828807","0.558026"
"1955828807","1866550111","0.558026"
"1866550111","2127810192","1.3767"
"2127810192","1866550111","1.3767"
"1866550111","2509615994","0.0555556"
"2509615994","1866550111","0.0555556"
"1867537022","1892580702","14.0537"
"1892580702","1867537022","14.0537"
"1867537022","1921993926","15.453"
"1921993926","1867537022","15.453"
"1867537022","1936819017","15.1626"
"1936819017","1867537022","15.1626"
"1867537022","1937108178","0.188047"
"1937108178","1867537022","0.188047"
"1867537022","1955828807","3.21365"
"1955828807","1867537022","3.21365"
"1867537022","2106591829","0.731171"
"2106591829","1867537022","0.731171"
"1867537022","2110035986","0.572348"
"2110035986","1867537022","0.572348"
"1867537022","2127810192","15.5959"
"2127810192","1867537022","15.5959"
"1867537022","248601294","0.164379"
"248601294","1867537022","0.164379"
"1867537022","2509615994","0.198413"
"2509615994","1867537022","0.198413"
"1867537022","2521299566","12.3921"
"2521299566","1867537022","12.3921"
"1892580702","1937108178","1.52138"
"1937108178","1892580702","1.52138"
"1892580702","1955828807","78.4615"
"1955828807","1892580702","78.4615"
"1892580702","2110035986","1.33385"
"2110035986","1892580702","1.33385"
"1892580702","248601294","0.307236"
"248601294","1892580702","0.307236"
"1892580702","2509615994","0.34127"
"2509615994","1892580702","0.34127"
"1921993926","1937108178","0.997571"
"1937108178","1921993926","0.997571"
"1921993926","1955828807","12.052"
"1955828807","1921993926","12.052"
"1921993926","2110035986","1.31003"
"2110035986","1921993926","1.31003"
"1921993926","248601294","0.413439"
"248601294","1921993926","0.413439"
"1921993926","2509615994","0.34127"
"2509615994","1921993926","0.34127"
"1936819017","1937108178","0.997571"
"1937108178","1936819017","0.997571"
"1936819017","1955828807","12.552"
"1955828807","1936819017","12.552"
"1936819017","2110035986","1.31003"
"2110035986","1936819017","1.31003"
"1936819017","248601294","0.413439"
"248601294","1936819017","0.413439"
"1936819017","2509615994","0.34127"
"2509615994","1936819017","0.34127"
"1937108178","1955828807","0.105556"
"1955828807","1937108178","0.105556"
"1937108178","2127810192","0.997571"
"2127810192","1937108178","0.997571"
"1937108178","2509615994","0.0555556"
"2509615994","1937108178","0.0555556"
"1937108178","2521299566","0.778307"
"2521299566","1937108178","0.778307"
"1955828807","2106591829","0.758026"
"2106591829","1955828807","0.758026"
"1955828807","2110035986","0.491359"
"2110035986","1955828807","0.491359"
"1955828807","2127810192","12.052"
"2127810192","1955828807","12.052"
"1955828807","248601294","0.248413"
"248601294","1955828807","0.248413"
"1955828807","2509615994","0.34127"
"2509615994","1955828807","0.34127"
"1955828807","2521299566","8.37237"
"2521299566","1955828807","8.37237"
"2106591829","2509615994","0.0555556"
"2509615994","2106591829","0.0555556"
"2110035986","2127810192","1.31003"
"2127810192","2110035986","1.31003"
"2110035986","2509615994","0.0555556"
"2509615994","2110035986","0.0555556"
"2127810192","248601294","0.413439"
"248601294","2127810192","0.413439"
"2127810192","2509615994","0.34127"
"2509615994","2127810192","0.34127"
"248601294","2509615994","0.0555556"
"2509615994","248601294","0.0555556"
"248601294","2521299566","1.20184"
"2521299566","248601294","1.20184"
"2509615994","2521299566","0.34127"
"2521299566","2509615994","0.34127"
"1508581974","2152670952","2.0827"
"2152670952","1508581974","2.0827"
"1848098826","2152670952","1.22555"
"2152670952","1848098826","1.22555"
"1496150642","2253287830","2.39607"
"2253287830","1496150642","2.39607"
"1496150642","2290176330","1.91276"
"2290176330","1496150642","1.91276"
"1496150642","2550826434","0.911706"
"2550826434","1496150642","0.911706"
"1496150642","3019071779","1.88357"
"3019071779","1496150642","1.88357"
"1505043949","2253287830","0.520671"
"2253287830","1505043949","0.520671"
"1505043949","2290176330","0.428541"
"2290176330","1505043949","0.428541"
"1505043949","2550826434","0.229167"
"2550826434","1505043949","0.229167"
"1505043949","3019071779","0.458171"
"3019071779","1505043949","0.458171"
"1617624482","2253287830","1.96273"
"2253287830","1617624482","1.96273"
"1617624482","2290176330","1.57943"
"2290176330","1617624482","1.57943"
"1617624482","2550826434","0.911706"
"2550826434","1617624482","0.911706"
"1617624482","3019071779","1.45023"
"3019071779","1617624482","1.45023"
"1797606344","2253287830","1.96273"
"2253287830","1797606344","1.96273"
"1797606344","2290176330","1.57943"
"2290176330","1797606344","1.57943"
"1797606344","2550826434","0.911706"
"2550826434","1797606344","0.911706"
"1797606344","3019071779","1.45023"
"3019071779","1797606344","1.45023"
"1866550111","2253287830","0.520671"
"2253287830","1866550111","0.520671"
"1866550111","2290176330","0.428541"
"2290176330","1866550111","0.428541"
"1866550111","2550826434","0.229167"
"2550826434","1866550111","0.229167"
"1866550111","3019071779","0.458171"
"3019071779","1866550111","0.458171"
"1933779895","2253287830","0.454004"
"2253287830","1933779895","0.454004"
"1933779895","2290176330","0.391504"
"2290176330","1933779895","0.391504"
"1933779895","2550826434","0.229167"
"2550826434","1933779895","0.229167"
"1933779895","3019071779","0.391504"
"3019071779","1933779895","0.391504"
"2101923427","2253287830","0.565115"
"2253287830","2101923427","0.565115"
"2101923427","2290176330","0.502615"
"2290176330","2101923427","0.502615"
"2101923427","2550826434","0.340278"
"2550826434","2101923427","0.340278"
"2101923427","3019071779","0.502615"
"3019071779","2101923427","0.502615"
"2106591829","2253287830","2.06273"
"2253287830","2106591829","2.06273"
"2106591829","2290176330","1.57943"
"2290176330","2106591829","1.57943"
"2106591829","2550826434","0.911706"
"2550826434","2106591829","0.911706"
"2106591829","3019071779","1.55023"
"3019071779","2106591829","1.55023"
"2110035986","2253287830","0.520671"
"2253287830","2110035986","0.520671"
"2110035986","2290176330","0.428541"
"2290176330","2110035986","0.428541"
"2110035986","2550826434","0.229167"
"2550826434","2110035986","0.229167"
"2110035986","3019071779","0.458171"
"3019071779","2110035986","0.458171"
"1496150642","1518980850","3.38886"
"1518980850","1496150642","3.38886"
"1496150642","2273947916","0.142857"
"2273947916","1496150642","0.142857"
"1496150642","2519681733","0.962442"
"2519681733","1496150642","0.962442"
"1518980850","1617624482","2.82219"
"1617624482","1518980850","2.82219"
"1518980850","1797606344","2.48886"
"1797606344","1518980850","2.48886"
"1518980850","2106591829","2.38886"
"2106591829","1518980850","2.38886"
"1518980850","2273947916","0.392857"
"2273947916","1518980850","0.392857"
"1518980850","2519681733","1.97619"
"2519681733","1518980850","1.97619"
"1518980850","2521299566","15.9888"
"2521299566","1518980850","15.9888"
"1617624482","2273947916","0.142857"
"2273947916","1617624482","0.142857"
"1617624482","2519681733","1.18466"
"2519681733","1617624482","1.18466"
"1797606344","2273947916","0.142857"
"2273947916","1797606344","0.142857"
"1797606344","2519681733","1.04578"
"2519681733","1797606344","1.04578"
"2106591829","2273947916","0.142857"
"2273947916","2106591829","0.142857"
"2106591829","2519681733","0.962442"
"2519681733","2106591829","0.962442"
"2273947916","2519681733","0.233766"
"2519681733","2273947916","0.233766"
"2273947916","2521299566","5.04259"
"2521299566","2273947916","5.04259"
"1776570433","2521299566","0.721549"
"2521299566","1776570433","0.721549"
"1505043949","2152670952","0.81603"
"2152670952","1505043949","0.81603"
"1776570433","2152670952","0.579287"
"2152670952","1776570433","0.579287"
"1933779895","2152670952","0.591787"
"2152670952","1933779895","0.591787"
"2101923427","2152670952","1.71679"
"2152670952","2101923427","1.71679"
"2152670952","248601294","0.408454"
"248601294","2152670952","0.408454"
"1496150642","1890867849","1.83333"
"1890867849","1496150642","1.83333"
"1496150642","2131744754","1.83333"
"2131744754","1496150642","1.83333"
"1496150642","2288961270","0.279194"
"2288961270","1496150642","0.279194"
"1496150642","2290264421","0.642937"
"2290264421","1496150642","0.642937"
"1496150642","2524949246","0.279194"
"2524949246","1496150642","0.279194"
"1518980850","1866550111","1.00155"
"1866550111","1518980850","1.00155"
"1518980850","1890867849","0.22619"
"1890867849","1518980850","0.22619"
"1518980850","2110035986","1.00155"
"2110035986","1518980850","1.00155"
"1518980850","2131744754","0.0833333"
"2131744754","1518980850","0.0833333"
"1518980850","2152670952","0.562792"
"2152670952","1518980850","0.562792"
"1518980850","2288961270","0.0833333"
"2288961270","1518980850","0.0833333"
"1518980850","2290264421","0.0833333"
"2290264421","1518980850","0.0833333"
"1518980850","2524949246","0.0833333"
"2524949246","1518980850","0.0833333"
"1617624482","1890867849","1.83333"
"1890867849","1617624482","1.83333"
"1617624482","2131744754","1.83333"
"2131744754","1617624482","1.83333"
"1617624482","2288961270","0.370103"
"2288961270","1617624482","0.370103"
"1617624482","2290264421","0.733846"
"2290264421","1617624482","0.733846"
"1617624482","2524949246","0.370103"
"2524949246","1617624482","0.370103"
"1797606344","1890867849","1.83333"
"1890867849","1797606344","1.83333"
"1797606344","2131744754","1.83333"
"2131744754","1797606344","1.83333"
"1797606344","2288961270","0.370103"
"2288961270","1797606344","0.370103"
"1797606344","2290264421","0.733846"
"2290264421","1797606344","0.733846"
"1797606344","2524949246","0.370103"
"2524949246","1797606344","0.370103"
"1866550111","1890867849","0.166667"
"1890867849","1866550111","0.166667"
"1866550111","2131744754","0.166667"
"2131744754","1866550111","0.166667"
"1866550111","2288961270","0.12037"
"2288961270","1866550111","0.12037"
"1866550111","2290264421","0.284113"
"2290264421","1866550111","0.284113"
"1866550111","2524949246","0.12037"
"2524949246","1866550111","0.12037"
"1890867849","2106591829","1.83333"
"2106591829","1890867849","1.83333"
"1890867849","2110035986","0.166667"
"2110035986","1890867849","0.166667"
"1890867849","2131744754","137.51"
"2131744754","1890867849","137.51"
"1890867849","2152670952","0.0833333"
"2152670952","1890867849","0.0833333"
"1890867849","2288961270","0.22619"
"2288961270","1890867849","0.22619"
"1890867849","2290264421","0.559524"
"2290264421","1890867849","0.559524"
"1890867849","2524949246","0.559524"
"2524949246","1890867849","0.559524"
"2106591829","2131744754","1.83333"
"2131744754","2106591829","1.83333"
"2106591829","2288961270","0.279194"
"2288961270","2106591829","0.279194"
"2106591829","2290264421","0.642937"
"2290264421","2106591829","0.642937"
"2106591829","2524949246","0.279194"
"2524949246","2106591829","0.279194"
"2110035986","2131744754","0.166667"
"2131744754","2110035986","0.166667"
"2110035986","2288961270","0.12037"
"2288961270","2110035986","0.12037"
"2110035986","2290264421","0.284113"
"2290264421","2110035986","0.284113"
"2110035986","2524949246","0.12037"
"2524949246","2110035986","0.12037"
"2131744754","2152670952","0.0833333"
"2152670952","2131744754","0.0833333"
"2131744754","2288961270","0.22619"
"2288961270","2131744754","0.22619"
"2131744754","2290264421","0.559524"
"2290264421","2131744754","0.559524"
"2131744754","2524949246","0.559524"
"2524949246","2131744754","0.559524"
"2152670952","2288961270","0.0833333"
"2288961270","2152670952","0.0833333"
"2152670952","2290264421","0.135965"
"2290264421","2152670952","0.135965"
"2152670952","2524949246","0.0833333"
"2524949246","2152670952","0.0833333"
"2288961270","2290264421","85.3039"
"2290264421","2288961270","85.3039"
"2288961270","2524949246","82.0494"
"2524949246","2288961270","82.0494"
"2290264421","2524949246","134.762"
"2524949246","2290264421","134.762"
"1496150642","1863532203","0.487923"
"1863532203","1496150642","0.487923"
"1505043949","1518980850","0.564253"
"1518980850","1505043949","0.564253"
"1505043949","1863532203","0.237923"
"1863532203","1505043949","0.237923"
"1518980850","1848098826","0.453142"
"1848098826","1518980850","0.453142"
"1518980850","1863532203","10.8444"
"1863532203","1518980850","10.8444"
"1518980850","1933779895","0.386475"
"1933779895","1518980850","0.386475"
"1518980850","2101923427","0.386475"
"2101923427","1518980850","0.386475"
"1617624482","1863532203","0.687923"
"1863532203","1617624482","0.687923"
"1797606344","1863532203","0.687923"
"1863532203","1797606344","0.687923"
"1848098826","1863532203","0.126812"
"1863532203","1848098826","0.126812"
"1863532203","1866550111","0.237923"
"1866550111","1863532203","0.237923"
"1863532203","1933779895","0.0833333"
"1933779895","1863532203","0.0833333"
"1863532203","2101923427","0.0833333"
"2101923427","1863532203","0.0833333"
"1863532203","2106591829","0.487923"
"2106591829","1863532203","0.487923"
"1863532203","2110035986","0.237923"
"2110035986","1863532203","0.237923"
"1863532203","2521299566","4.29517"
"2521299566","1863532203","4.29517"
"1496150642","1514144512","0.183824"
"1514144512","1496150642","0.183824"
"1496150642","1939689824","0.973345"
"1939689824","1496150642","0.973345"
"1505043949","1514144512","0.0588235"
"1514144512","1505043949","0.0588235"
"1505043949","1939689824","0.538821"
"1939689824","1505043949","0.538821"
"1508581974","1514144512","0.0588235"
"1514144512","1508581974","0.0588235"
"1508581974","1518980850","0.903142"
"1518980850","1508581974","0.903142"
"1508581974","1939689824","0.538821"
"1939689824","1508581974","0.538821"
"1514144512","1518980850","2.22549"
"1518980850","1514144512","2.22549"
"1514144512","1617624482","0.183824"
"1617624482","1514144512","0.183824"
"1514144512","1776570433","0.0588235"
"1776570433","1514144512","0.0588235"
"1514144512","1797606344","0.183824"
"1797606344","1514144512","0.183824"
"1514144512","1848098826","0.0588235"
"1848098826","1514144512","0.0588235"
"1514144512","1866550111","0.183824"
"1866550111","1514144512","0.183824"
"1514144512","1933779895","0.0588235"
"1933779895","1514144512","0.0588235"
"1514144512","1939689824","12.0267"
"1939689824","1514144512","12.0267"
"1514144512","2101923427","0.0588235"
"2101923427","1514144512","0.0588235"
"1514144512","2106591829","0.183824"
"2106591829","1514144512","0.183824"
"1514144512","2110035986","0.183824"
"2110035986","1514144512","0.183824"
"1514144512","2152670952","0.183824"
"2152670952","1514144512","0.183824"
"1514144512","248601294","0.0588235"
"248601294","1514144512","0.0588235"
"1514144512","2521299566","0.901681"
"2521299566","1514144512","0.901681"
"1518980850","1776570433","0.32549"
"1776570433","1518980850","0.32549"
"1518980850","1939689824","3.22549"
"1939689824","1518980850","3.22549"
"1518980850","248601294","0.12549"
"248601294","1518980850","0.12549"
"1617624482","1939689824","0.973345"
"1939689824","1617624482","0.973345"
"1776570433","1939689824","0.12549"
"1939689824","1776570433","0.12549"
"1797606344","1939689824","0.973345"
"1939689824","1797606344","0.973345"
"1848098826","1939689824","0.538821"
"1939689824","1848098826","0.538821"
"1866550111","1939689824","0.730487"
"1939689824","1866550111","0.730487"
"1933779895","1939689824","0.317565"
"1939689824","1933779895","0.317565"
"1939689824","2101923427","0.317565"
"2101923427","1939689824","0.317565"
"1939689824","2106591829","0.973345"
"2106591829","1939689824","0.973345"
"1939689824","2110035986","0.663821"
"2110035986","1939689824","0.663821"
"1939689824","2152670952","0.317157"
"2152670952","1939689824","0.317157"
"1939689824","248601294","0.0588235"
"248601294","1939689824","0.0588235"
"2152670952","2521299566","0.665423"
"2521299566","2152670952","0.665423"
"1518980850","1892580702","2.35952"
"1892580702","1518980850","2.35952"
"1863532203","1892580702","2.18961"
"1892580702","1863532203","2.18961"
"1508581974","2253287830","0.574206"
"2253287830","1508581974","0.574206"
"1508581974","2290176330","0.282077"
"2290176330","1508581974","0.282077"
"1508581974","2550826434","0.173611"
"2550826434","1508581974","0.173611"
"1508581974","3019071779","0.311706"
"3019071779","1508581974","0.311706"
"1892580702","2101923427","0.364869"
"2101923427","1892580702","0.364869"
"1892580702","2152670952","0.469444"
"2152670952","1892580702","0.469444"
"1508581974","1890867849","1.75"
"1890867849","1508581974","1.75"
"1508581974","2131744754","1.75"
"2131744754","1508581974","1.75"
"1505043949","1890867849","0.0833333"
"1890867849","1505043949","0.0833333"
"1505043949","2131744754","0.0833333"
"2131744754","1505043949","0.0833333"
"1848098826","1890867849","0.0833333"
"1890867849","1848098826","0.0833333"
"1848098826","2131744754","0.0833333"
"2131744754","1848098826","0.0833333"
"1890867849","1933779895","0.0833333"
"1933779895","1890867849","0.0833333"
"1890867849","2101923427","0.0833333"
"2101923427","1890867849","0.0833333"
"1933779895","2131744754","0.0833333"
"2131744754","1933779895","0.0833333"
"2101923427","2131744754","0.0833333"
"2131744754","2101923427","0.0833333"
"1496150642","1623846180","0.2"
"1623846180","1496150642","0.2"
"1508581974","1623846180","0.2"
"1623846180","1508581974","0.2"
"1617624482","1623846180","0.2"
"1623846180","1617624482","0.2"
"1623846180","1797606344","0.2"
"1797606344","1623846180","0.2"
"1623846180","2106591829","0.2"
"2106591829","1623846180","0.2"
"1848098826","2253287830","0.263095"
"2253287830","1848098826","0.263095"
"1848098826","2290176330","0.170966"
"2290176330","1848098826","0.170966"
"1848098826","3019071779","0.200595"
