"116567419","2030909134","3.0171"
"2030909134","116567419","3.0171"
"116567419","1564948095","0.0909091"
"1564948095","116567419","0.0909091"
"116567419","1978665295","0.624242"
"1978665295","116567419","0.624242"
"116567419","2000742945","1.18377"
"2000742945","116567419","1.18377"
"116567419","2015659865","0.0909091"
"2015659865","116567419","0.0909091"
"116567419","2153735936","0.0909091"
"2153735936","116567419","0.0909091"
"116567419","2169616258","0.824675"
"2169616258","116567419","0.824675"
"116567419","2243087465","0.181818"
"2243087465","116567419","0.181818"
"116567419","2276430283","0.0909091"
"2276430283","116567419","0.0909091"
"116567419","25524196","0.0909091"
"25524196","116567419","0.0909091"
"116567419","2992328300","0.324675"
"2992328300","116567419","0.324675"
"1564948095","1978665295","0.340909"
"1978665295","1564948095","0.340909"
"1564948095","2000742945","0.0909091"
"2000742945","1564948095","0.0909091"
"1564948095","2015659865","0.0909091"
"2015659865","1564948095","0.0909091"
"1564948095","2030909134","0.0909091"
"2030909134","1564948095","0.0909091"
"1564948095","2153735936","0.0909091"
"2153735936","1564948095","0.0909091"
"1564948095","2169616258","0.0909091"
"2169616258","1564948095","0.0909091"
"1564948095","2243087465","0.0909091"
"2243087465","1564948095","0.0909091"
"1564948095","2276430283","0.0909091"
"2276430283","1564948095","0.0909091"
"1564948095","25524196","0.0909091"
"25524196","1564948095","0.0909091"
"1564948095","2992328300","0.0909091"
"2992328300","1564948095","0.0909091"
"1978665295","2000742945","0.290909"
"2000742945","1978665295","0.290909"
"1978665295","2015659865","0.0909091"
"2015659865","1978665295","0.0909091"
"1978665295","2030909134","0.624242"
"2030909134","1978665295","0.624242"
"1978665295","2153735936","0.0909091"
"2153735936","1978665295","0.0909091"
"1978665295","2169616258","0.0909091"
"2169616258","1978665295","0.0909091"
"1978665295","2243087465","0.0909091"
"2243087465","1978665295","0.0909091"
"1978665295","2276430283","0.0909091"
"2276430283","1978665295","0.0909091"
"1978665295","25524196","0.0909091"
"25524196","1978665295","0.0909091"
"1978665295","2992328300","0.0909091"
"2992328300","1978665295","0.0909091"
"2000742945","2015659865","0.233766"
"2015659865","2000742945","0.233766"
"2000742945","2030909134","0.850433"
"2030909134","2000742945","0.850433"
"2000742945","2153735936","0.0909091"
"2153735936","2000742945","0.0909091"
"2000742945","2169616258","2.87662"
"2169616258","2000742945","2.87662"
"2000742945","2243087465","0.233766"
"2243087465","2000742945","0.233766"
"2000742945","2276430283","0.257576"
"2276430283","2000742945","0.257576"
"2000742945","25524196","0.0909091"
"25524196","2000742945","0.0909091"
"2000742945","2992328300","0.376623"
"2992328300","2000742945","0.376623"
"2015659865","2030909134","0.340909"
"2030909134","2015659865","0.340909"
"2015659865","2153735936","0.0909091"
"2153735936","2015659865","0.0909091"
"2015659865","2169616258","0.233766"
"2169616258","2015659865","0.233766"
"2015659865","2243087465","0.233766"
"2243087465","2015659865","0.233766"
"2015659865","2276430283","0.0909091"
"2276430283","2015659865","0.0909091"
"2015659865","25524196","0.0909091"
"25524196","2015659865","0.0909091"
"2015659865","2992328300","0.233766"
"2992328300","2015659865","0.233766"
"2030909134","2153735936","0.0909091"
"2153735936","2030909134","0.0909091"
"2030909134","2169616258","0.483766"
"2169616258","2030909134","0.483766"
"2030909134","2243087465","1.09091"
"2243087465","2030909134","1.09091"
"2030909134","2276430283","0.999242"
"2276430283","2030909134","0.999242"
"2030909134","25524196","0.0909091"
"25524196","2030909134","0.0909091"
"2030909134","2992328300","0.233766"
"2992328300","2030909134","0.233766"
"2153735936","2169616258","0.0909091"
"2169616258","2153735936","0.0909091"
"2153735936","2243087465","0.0909091"
"2243087465","2153735936","0.0909091"
"2153735936","2276430283","3.71591"
"2276430283","2153735936","3.71591"
"2153735936","25524196","0.0909091"
"25524196","2153735936","0.0909091"
"2153735936","2992328300","1.09091"
"2992328300","2153735936","1.09091"
"2169616258","2243087465","1.52468"
"2243087465","2169616258","1.52468"
"2169616258","2276430283","0.0909091"
"2276430283","2169616258","0.0909091"
"2169616258","25524196","0.0909091"
"25524196","2169616258","0.0909091"
"2169616258","2992328300","0.667532"
"2992328300","2169616258","0.667532"
"2243087465","2276430283","0.959596"
"2276430283","2243087465","0.959596"
"2243087465","25524196","0.0909091"
"25524196","2243087465","0.0909091"
"2243087465","2992328300","13.76"
"2992328300","2243087465","13.76"
"2276430283","25524196","0.0909091"
"25524196","2276430283","0.0909091"
"2276430283","2992328300","0.459596"
"2992328300","2276430283","0.459596"
"25524196","2992328300","0.0909091"
"2992328300","25524196","0.0909091"
"116567419","2202119885","0.5"
"2202119885","116567419","0.5"
"2000742945","2202119885","0.5"
"2202119885","2000742945","0.5"
"116567419","1967011969","0.483766"
"1967011969","116567419","0.483766"
"116567419","2097385499","0.340909"
"2097385499","116567419","0.340909"
"1967011969","2000742945","1.78571"
"2000742945","1967011969","1.78571"
"1967011969","2097385499","1.27468"
"2097385499","1967011969","1.27468"
"1967011969","2169616258","1.74329"
"2169616258","1967011969","1.74329"
"2000742945","2097385499","0.392857"
"2097385499","2000742945","0.392857"
"2097385499","2169616258","4.8171"
"2169616258","2097385499","4.8171"
"116567419","1544259946","0.340909"
"1544259946","116567419","0.340909"
"116567419","1991479109","0.340909"
"1991479109","116567419","0.340909"
"116567419","2059657944","0.340909"
"2059657944","116567419","0.340909"
"1544259946","1991479109","9.36515"
"1991479109","1544259946","9.36515"
"1544259946","2030909134","1.2"
"2030909134","1544259946","1.2"
"1544259946","2059657944","8.19848"
"2059657944","1544259946","8.19848"
"1991479109","2030909134","1.2"
"2030909134","1991479109","1.2"
"1991479109","2059657944","10.3096"
"2059657944","1991479109","10.3096"
"2030909134","2059657944","1.03333"
"2059657944","2030909134","1.03333"
"116567419","2047741194","0.333333"
"2047741194","116567419","0.333333"
"1978665295","2047741194","5.58333"
"2047741194","1978665295","5.58333"
"2030909134","2047741194","0.791667"
"2047741194","2030909134","0.791667"
"116567419","174694798","0.290909"
"174694798","116567419","0.290909"
"116567419","2111799631","0.433766"
"2111799631","116567419","0.433766"
"116567419","2143884079","0.233766"
"2143884079","116567419","0.233766"
"1544259946","174694798","0.290909"
"174694798","1544259946","0.290909"
"1544259946","1967011969","0.181818"
"1967011969","1544259946","0.181818"
"1544259946","2097385499","0.181818"
"2097385499","1544259946","0.181818"
"1544259946","2111799631","0.431818"
"2111799631","1544259946","0.431818"
"1544259946","2143884079","0.957576"
"2143884079","1544259946","0.957576"
"1544259946","2169616258","0.0909091"
"2169616258","1544259946","0.0909091"
"1544259946","2243087465","0.381818"
"2243087465","1544259946","0.381818"
"1544259946","2992328300","0.381818"
"2992328300","1544259946","0.381818"
"174694798","1967011969","0.490909"
"1967011969","174694798","0.490909"
"174694798","1991479109","0.40202"
"1991479109","174694798","0.40202"
"174694798","2059657944","0.60202"
"2059657944","174694798","0.60202"
"174694798","2097385499","0.290909"
"2097385499","174694798","0.290909"
"174694798","2111799631","0.657576"
"2111799631","174694798","0.657576"
"174694798","2143884079","0.457576"
"2143884079","174694798","0.457576"
"174694798","2169616258","0.457576"
"2169616258","174694798","0.457576"
"174694798","2243087465","2.10202"
"2243087465","174694798","2.10202"
"174694798","2992328300","0.60202"
"2992328300","174694798","0.60202"
"1967011969","1991479109","0.181818"
"1991479109","1967011969","0.181818"
"1967011969","2059657944","0.381818"
"2059657944","1967011969","0.381818"
"1967011969","2111799631","1.27468"
"2111799631","1967011969","1.27468"
"1967011969","2143884079","2.57662"
"2143884079","1967011969","2.57662"
"1967011969","2243087465","0.691342"
"2243087465","1967011969","0.691342"
"1967011969","2992328300","0.834199"
"2992328300","1967011969","0.834199"
"1991479109","2097385499","0.181818"
"2097385499","1991479109","0.181818"
"1991479109","2111799631","0.431818"
"2111799631","1991479109","0.431818"
"1991479109","2143884079","0.757576"
"2143884079","1991479109","0.757576"
"1991479109","2169616258","0.0909091"
"2169616258","1991479109","0.0909091"
"1991479109","2243087465","0.492929"
"2243087465","1991479109","0.492929"
"1991479109","2992328300","0.492929"
"2992328300","1991479109","0.492929"
"2059657944","2097385499","0.181818"
"2097385499","2059657944","0.181818"
"2059657944","2111799631","0.181818"
"2111799631","2059657944","0.181818"
"2059657944","2143884079","0.257576"
"2143884079","2059657944","0.257576"
"2059657944","2169616258","0.290909"
"2169616258","2059657944","0.290909"
"2059657944","2243087465","0.692929"
"2243087465","2059657944","0.692929"
"2059657944","2992328300","0.692929"
"2992328300","2059657944","0.692929"
"2097385499","2111799631","1.00682"
"2111799631","2097385499","1.00682"
"2097385499","2143884079","5.22543"
"2143884079","2097385499","5.22543"
"2097385499","2243087465","0.491342"
"2243087465","2097385499","0.491342"
"2097385499","2992328300","0.491342"
"2992328300","2097385499","0.491342"
"2111799631","2143884079","16.8088"
"2143884079","2111799631","16.8088"
"2111799631","2169616258","0.733766"
"2169616258","2111799631","0.733766"
"2111799631","2243087465","0.515152"
"2243087465","2111799631","0.515152"
"2111799631","2992328300","0.658009"
"2992328300","2111799631","0.658009"
"2143884079","2169616258","1.12662"
"2169616258","2143884079","1.12662"
"2143884079","2243087465","0.900433"
"2243087465","2143884079","0.900433"
"2143884079","2992328300","0.54329"
"2992328300","2143884079","0.54329"
"116567419","1986655611","0.25"
"1986655611","116567419","0.25"
"116567419","2097495304","0.25"
"2097495304","116567419","0.25"
"116567419","2115009463","0.25"
"2115009463","116567419","0.25"
"1986655611","2097495304","1.08333"
"2097495304","1986655611","1.08333"
"1986655611","2115009463","5.08333"
"2115009463","1986655611","5.08333"
"1986655611","2169616258","0.25"
"2169616258","1986655611","0.25"
"2097495304","2115009463","2.28333"
"2115009463","2097495304","2.28333"
"2097495304","2169616258","0.25"
"2169616258","2097495304","0.25"
"2115009463","2169616258","0.416667"
"2169616258","2115009463","0.416667"
"1967011969","2030909134","0.392857"
"2030909134","1967011969","0.392857"
"2000742945","2111799631","0.842857"
"2111799631","2000742945","0.842857"
"2000742945","2143884079","1.20238"
"2143884079","2000742945","1.20238"
"2030909134","2111799631","0.342857"
"2111799631","2030909134","0.342857"
"2030909134","2143884079","0.684524"
"2143884079","2030909134","0.684524"
"174694798","1978665295","0.2"
"1978665295","174694798","0.2"
"174694798","2000742945","0.2"
"2000742945","174694798","0.2"
"174694798","2030909134","0.45"
"2030909134","174694798","0.45"
"1978665295","2111799631","0.2"
"2111799631","1978665295","0.2"
"1510706228","174694798","0.166667"
"174694798","1510706228","0.166667"
"1510706228","1975738737","0.166667"
"1975738737","1510706228","0.166667"
"1510706228","2111799631","1.25"
"2111799631","1510706228","1.25"
"1510706228","2115009463","2.91667"
"2115009463","1510706228","2.91667"
"1510706228","2143884079","3.25"
"2143884079","1510706228","3.25"
"1510706228","2169616258","0.166667"
"2169616258","1510706228","0.166667"
"174694798","1975738737","0.166667"
"1975738737","174694798","0.166667"
"174694798","2115009463","0.166667"
"2115009463","174694798","0.166667"
"1975738737","2111799631","0.333333"
"2111799631","1975738737","0.333333"
"1975738737","2115009463","0.666667"
"2115009463","1975738737","0.666667"
"1975738737","2143884079","1.66667"
"2143884079","1975738737","1.66667"
"1975738737","2169616258","0.166667"
"2169616258","1975738737","0.166667"
"2111799631","2115009463","4.33333"
"2115009463","2111799631","4.33333"
"2115009463","2143884079","9.78333"
"2143884079","2115009463","9.78333"
"1510706228","2097385499","0.333333"
"2097385499","1510706228","0.333333"
"1510706228","1967011969","0.25"
"1967011969","1510706228","0.25"
"1967011969","2115009463","0.25"
"2115009463","1967011969","0.25"
"1510706228","2097495304","1"
"2097495304","1510706228","1"
"1510706228","2243087465","0.5"
"2243087465","1510706228","0.5"
"1544259946","2166403405","0.5"
"2166403405","1544259946","0.5"
"1991479109","2166403405","0.611111"
"2166403405","1991479109","0.611111"
"2059657944","2166403405","0.444444"
"2166403405","2059657944","0.444444"
"1544259946","2043362796","0.5"
"2043362796","1544259946","0.5"
"1991479109","2043362796","0.5"
"2043362796","1991479109","0.5"
"2043362796","2059657944","0.5"
"2059657944","2043362796","0.5"
"1544259946","2047741194","0.566667"
"2047741194","1544259946","0.566667"
"1544259946","2148565553","0.333333"
"2148565553","1544259946","0.333333"
"1544259946","2276430283","0.957576"
"2276430283","1544259946","0.957576"
"1991479109","2047741194","0.477778"
"2047741194","1991479109","0.477778"
"1991479109","2148565553","0.444444"
"2148565553","1991479109","0.444444"
"1991479109","2276430283","1.06869"
"2276430283","1991479109","1.06869"
"2030909134","2148565553","0.458333"
"2148565553","2030909134","0.458333"
"2030909134","2166403405","0.458333"
"2166403405","2030909134","0.458333"
"2047741194","2148565553","2.06944"
"2148565553","2047741194","2.06944"
"2047741194","2166403405","1.31944"
"2166403405","2047741194","1.31944"
"2047741194","2276430283","0.569444"
"2276430283","2047741194","0.569444"
"2148565553","2166403405","9.56944"
"2166403405","2148565553","9.56944"
"2148565553","2276430283","0.569444"
"2276430283","2148565553","0.569444"
"2166403405","2276430283","0.569444"
"2276430283","2166403405","0.569444"
"1544259946","1810024798","0.2"
"1810024798","1544259946","0.2"
"1810024798","1991479109","0.311111"
"1991479109","1810024798","0.311111"
"1810024798","2030909134","0.2"
"2030909134","1810024798","0.2"
"1810024798","2059657944","1.31111"
"2059657944","1810024798","1.31111"
"1810024798","2276430283","0.311111"
"2276430283","1810024798","0.311111"
"2059657944","2276430283","0.40202"
"2276430283","2059657944","0.40202"
"1544259946","2015659865","1.41667"
"2015659865","1544259946","1.41667"
"1544259946","2202119885","0.25"
"2202119885","1544259946","0.25"
"1991479109","2015659865","4.41667"
"2015659865","1991479109","4.41667"
"1991479109","2202119885","0.25"
"2202119885","1991479109","0.25"
"2015659865","2059657944","4.16667"
"2059657944","2015659865","4.16667"
"2015659865","2202119885","0.25"
"2202119885","2015659865","0.25"
"2059657944","2202119885","0.25"
"2202119885","2059657944","0.25"
"1544259946","1975738737","0.166667"
"1975738737","1544259946","0.166667"
"1975738737","1991479109","0.166667"
"1991479109","1975738737","0.166667"
"1975738737","2043362796","0.166667"
"2043362796","1975738737","0.166667"
"1975738737","2059657944","0.166667"
"2059657944","1975738737","0.166667"
"1975738737","2148565553","0.166667"
"2148565553","1975738737","0.166667"
"2043362796","2143884079","0.166667"
"2143884079","2043362796","0.166667"
"2043362796","2148565553","0.166667"
"2148565553","2043362796","0.166667"
"2059657944","2148565553","0.277778"
"2148565553","2059657944","0.277778"
"2143884079","2148565553","0.458333"
"2148565553","2143884079","0.458333"
"1544259946","1978665295","0.333333"
"1978665295","1544259946","0.333333"
"1978665295","1991479109","0.333333"
"1991479109","1978665295","0.333333"
"1978665295","2059657944","0.333333"
"2059657944","1978665295","0.333333"
"1544259946","1986655611","0.340909"
"1986655611","1544259946","0.340909"
"1544259946","2115009463","0.45"
"2115009463","1544259946","0.45"
"1986655611","1991479109","0.340909"
"1991479109","1986655611","0.340909"
"1986655611","2143884079","3.08333"
"2143884079","1986655611","3.08333"
"1991479109","2115009463","0.25"
"2115009463","1991479109","0.25"
"2015659865","2111799631","1.25"
"2111799631","2015659865","1.25"
"2015659865","2143884079","0.392857"
"2143884079","2015659865","0.392857"
"1544259946","2104602739","0.490909"
"2104602739","1544259946","0.490909"
"1544259946","2125857892","0.0909091"
"2125857892","1544259946","0.0909091"
"1967011969","1986655611","0.257576"
"1986655611","1967011969","0.257576"
"1967011969","2104602739","0.0909091"
"2104602739","1967011969","0.0909091"
"1967011969","2125857892","0.0909091"
"2125857892","1967011969","0.0909091"
"1967011969","2276430283","0.0909091"
"2276430283","1967011969","0.0909091"
"1986655611","2059657944","0.0909091"
"2059657944","1986655611","0.0909091"
"1986655611","2097385499","0.382576"
"2097385499","1986655611","0.382576"
"1986655611","2104602739","0.924242"
"2104602739","1986655611","0.924242"
"1986655611","2111799631","0.965909"
"2111799631","1986655611","0.965909"
"1986655611","2125857892","0.215909"
"2125857892","1986655611","0.215909"
"1986655611","2243087465","0.257576"
"2243087465","1986655611","0.257576"
"1986655611","2276430283","0.340909"
"2276430283","1986655611","0.340909"
"1986655611","2992328300","0.257576"
"2992328300","1986655611","0.257576"
"1991479109","2104602739","0.290909"
"2104602739","1991479109","0.290909"
"1991479109","2125857892","0.0909091"
"2125857892","1991479109","0.0909091"
"2059657944","2104602739","0.290909"
"2104602739","2059657944","0.290909"
"2059657944","2125857892","0.0909091"
"2125857892","2059657944","0.0909091"
"2097385499","2104602739","0.215909"
"2104602739","2097385499","0.215909"
"2097385499","2125857892","0.215909"
"2125857892","2097385499","0.215909"
"2097385499","2276430283","0.215909"
"2276430283","2097385499","0.215909"
"2104602739","2111799631","1.79924"
"2111799631","2104602739","1.79924"
"2104602739","2125857892","0.715909"
"2125857892","2104602739","0.715909"
"2104602739","2243087465","0.0909091"
"2243087465","2104602739","0.0909091"
"2104602739","2276430283","0.840909"
"2276430283","2104602739","0.840909"
"2104602739","2992328300","0.0909091"
"2992328300","2104602739","0.0909091"
"2111799631","2125857892","0.382576"
"2125857892","2111799631","0.382576"
"2111799631","2276430283","0.382576"
"2276430283","2111799631","0.382576"
"2125857892","2243087465","0.257576"
"2243087465","2125857892","0.257576"
"2125857892","2276430283","8.88258"
"2276430283","2125857892","8.88258"
"2125857892","2992328300","0.257576"
"2992328300","2125857892","0.257576"
"1544259946","2097495304","0.4"
"2097495304","1544259946","0.4"
"1991479109","2097495304","0.2"
"2097495304","1991479109","0.2"
"2047741194","2059657944","0.311111"
"2059657944","2047741194","0.311111"
"2047741194","2097495304","0.4"
"2097495304","2047741194","0.4"
"2047741194","2104602739","0.525"
"2104602739","2047741194","0.525"
"2059657944","2097495304","0.2"
"2097495304","2059657944","0.2"
"2097495304","2104602739","0.4"
"2104602739","2097495304","0.4"
"2047741194","2115009463","0.2"
"2115009463","2047741194","0.2"
"2047741194","2143884079","0.491667"
"2143884079","2047741194","0.491667"
"2097495304","2143884079","1.53333"
"2143884079","2097495304","1.53333"
"2104602739","2115009463","1.45"
"2115009463","2104602739","1.45"
"2104602739","2143884079","1.03333"
"2143884079","2104602739","1.03333"
"1564948095","1786069659","0.666667"
"1786069659","1564948095","0.666667"
"1564948095","2054088120","0.666667"
"2054088120","1564948095","0.666667"
"1564948095","2115701138","1.41667"
"2115701138","1564948095","1.41667"
"1786069659","2054088120","9.16667"
"2054088120","1786069659","9.16667"
"1786069659","2115701138","1.16667"
"2115701138","1786069659","1.16667"
"2054088120","2115701138","1.16667"
"2115701138","2054088120","1.16667"
"1564948095","2047741194","0.25"
"2047741194","1564948095","0.25"
"1564948095","2166403405","0.25"
"2166403405","1564948095","0.25"
"1978665295","2115701138","0.25"
"2115701138","1978665295","0.25"
"1978665295","2166403405","0.75"
"2166403405","1978665295","0.75"
"2047741194","2115701138","0.25"
"2115701138","2047741194","0.25"
"2115701138","2166403405","0.25"
"2166403405","2115701138","0.25"
"1564948095","2097385499","0.7"
"2097385499","1564948095","0.7"
"2097385499","2115701138","0.5"
"2115701138","2097385499","0.5"
"1564948095","174694798","0.2"
"174694798","1564948095","0.2"
"1564948095","1967011969","0.2"
"1967011969","1564948095","0.2"
"1564948095","2111799631","0.2"
"2111799631","1564948095","0.2"
"1564948095","2143884079","0.2"
"2143884079","1564948095","0.2"
"174694798","2115701138","0.25"
"2115701138","174694798","0.25"
"174694798","2124488001","0.25"
"2124488001","174694798","0.25"
"174694798","2276430283","0.861111"
"2276430283","174694798","0.861111"
"2030909134","2115701138","0.25"
"2115701138","2030909134","0.25"
"2030909134","2124488001","0.375"
"2124488001","2030909134","0.375"
"2115701138","2124488001","0.25"
"2124488001","2115701138","0.25"
"2115701138","2276430283","0.25"
"2276430283","2115701138","0.25"
"2124488001","2276430283","3"
"2276430283","2124488001","3"
"174694798","1810024798","0.111111"
"1810024798","174694798","0.111111"
"174694798","2047741194","0.111111"
"2047741194","174694798","0.111111"
"174694798","2148565553","0.111111"
"2148565553","174694798","0.111111"
"174694798","2166403405","0.111111"
"2166403405","174694798","0.111111"
"1810024798","2047741194","0.111111"
"2047741194","1810024798","0.111111"
"1810024798","2148565553","0.111111"
"2148565553","1810024798","0.111111"
"1810024798","2166403405","0.111111"
"2166403405","1810024798","0.111111"
"1810024798","2243087465","0.111111"
"2243087465","1810024798","0.111111"
"1810024798","2992328300","0.111111"
"2992328300","1810024798","0.111111"
"2047741194","2243087465","0.111111"
"2243087465","2047741194","0.111111"
"2047741194","2992328300","1.11111"
"2992328300","2047741194","1.11111"
"2148565553","2243087465","0.111111"
"2243087465","2148565553","0.111111"
"2148565553","2992328300","0.111111"
"2992328300","2148565553","0.111111"
"2166403405","2243087465","0.111111"
"2243087465","2166403405","0.111111"
"2166403405","2992328300","0.111111"
"2992328300","2166403405","0.111111"
"1967011969","2047741194","0.333333"
"2047741194","1967011969","0.333333"
"2047741194","2111799631","0.333333"
"2111799631","2047741194","0.333333"
"2047741194","2169616258","0.333333"
"2169616258","2047741194","0.333333"
"1967011969","2015659865","0.142857"
"2015659865","1967011969","0.142857"
"2015659865","2097385499","1.14286"
"2097385499","2015659865","1.14286"
"1975738737","2097385499","0.333333"
"2097385499","1975738737","0.333333"
"2097385499","2115009463","0.833333"
"2115009463","2097385499","0.833333"
"1975738737","2125857892","0.166667"
"2125857892","1975738737","0.166667"
"1975738737","2243087465","2.66667"
"2243087465","1975738737","2.66667"
"1975738737","2276430283","0.166667"
"2276430283","1975738737","0.166667"
"1975738737","2992328300","1.66667"
"2992328300","1975738737","1.66667"
"2115009463","2125857892","0.166667"
"2125857892","2115009463","0.166667"
"2115009463","2243087465","0.166667"
"2243087465","2115009463","0.166667"
"2115009463","2276430283","1.16667"
"2276430283","2115009463","1.16667"
"2115009463","2992328300","0.166667"
"2992328300","2115009463","0.166667"
"1978665295","2148565553","0.5"
"2148565553","1978665295","0.5"
"1986655611","2124488001","0.25"
"2124488001","1986655611","0.25"
"1986655611","2153735936","0.125"
"2153735936","1986655611","0.125"
"2097385499","2124488001","0.125"
"2124488001","2097385499","0.125"
"2097385499","2153735936","0.125"
"2153735936","2097385499","0.125"
"2104602739","2124488001","0.25"
"2124488001","2104602739","0.25"
"2104602739","2153735936","0.125"
"2153735936","2104602739","0.125"
"2111799631","2124488001","0.125"
"2124488001","2111799631","0.125"
"2111799631","2153735936","0.125"
"2153735936","2111799631","0.125"
"2124488001","2125857892","0.125"
"2125857892","2124488001","0.125"
"2124488001","2143884079","0.25"
"2143884079","2124488001","0.25"
"2124488001","2153735936","1.625"
"2153735936","2124488001","1.625"
"2125857892","2143884079","0.125"
"2143884079","2125857892","0.125"
"2125857892","2153735936","0.125"
"2153735936","2125857892","0.125"
"2143884079","2153735936","0.125"
"2153735936","2143884079","0.125"
"2143884079","2276430283","0.416667"
"2276430283","2143884079","0.416667"
"1986655611","2030909134","0.125"
"2030909134","1986655611","0.125"
"1986655611","2047741194","0.125"
"2047741194","1986655611","0.125"
"1986655611","2148565553","0.125"
"2148565553","1986655611","0.125"
"1986655611","2166403405","0.125"
"2166403405","1986655611","0.125"
"2030909134","2104602739","0.125"
"2104602739","2030909134","0.125"
"2047741194","2124488001","0.125"
"2124488001","2047741194","0.125"
"2104602739","2148565553","0.125"
"2148565553","2104602739","0.125"
"2104602739","2166403405","0.125"
"2166403405","2104602739","0.125"
"2124488001","2148565553","0.125"
"2148565553","2124488001","0.125"
"2124488001","2166403405","0.125"
"2166403405","2124488001","0.125"
"2143884079","2166403405","0.291667"
"2166403405","2143884079","0.291667"
"2000742945","2047741194","0.166667"
"2047741194","2000742945","0.166667"
"2000742945","2148565553","0.166667"
"2148565553","2000742945","0.166667"
"2000742945","2166403405","1.16667"
"2166403405","2000742945","1.16667"
"2043362796","2769535067","1"
"2769535067","2043362796","1"
"2043362796","2111799631","1"
"2111799631","2043362796","1"
"2047741194","2476445795","1"
"2476445795","2047741194","1"
"2047741194","2079941659","1"
"2079941659","2047741194","1"
"2079941659","25524196","6"
"25524196","2079941659","6"
"2079941659","2202119885","1"
"2202119885","2079941659","1"
"2148565553","2169616258","1"
"2169616258","2148565553","1"
