"123531284","2082804919","3.48942"
"2082804919","123531284","3.48942"
"123531284","1552721381","0.388034"
"1552721381","123531284","0.388034"
"123531284","1757668483","0.276923"
"1757668483","123531284","0.276923"
"123531284","2082214255","0.176923"
"2082214255","123531284","0.176923"
"123531284","2096284813","2.10609"
"2096284813","123531284","2.10609"
"123531284","2098800169","2.55053"
"2098800169","123531284","2.55053"
"123531284","2099853799","4.50609"
"2099853799","123531284","4.50609"
"123531284","2152316548","0.511111"
"2152316548","123531284","0.511111"
"123531284","28846608","4.09498"
"28846608","123531284","4.09498"
"123531284","2957609958","2.02917"
"2957609958","123531284","2.02917"
"1552721381","1757668483","3.77692"
"1757668483","1552721381","3.77692"
"1552721381","2082214255","0.176923"
"2082214255","1552721381","0.176923"
"1552721381","2082804919","0.276923"
"2082804919","1552721381","0.276923"
"1552721381","2096284813","0.776923"
"2096284813","1552721381","0.776923"
"1552721381","2098800169","0.288034"
"2098800169","1552721381","0.288034"
"1552721381","2099853799","0.176923"
"2099853799","1552721381","0.176923"
"1552721381","2152316548","1.14444"
"2152316548","1552721381","1.14444"
"1552721381","28846608","1.38803"
"28846608","1552721381","1.38803"
"1552721381","2957609958","0.7"
"2957609958","1552721381","0.7"
"1757668483","2082214255","0.376923"
"2082214255","1757668483","0.376923"
"1757668483","2082804919","0.276923"
"2082804919","1757668483","0.276923"
"1757668483","2096284813","0.376923"
"2096284813","1757668483","0.376923"
"1757668483","2098800169","0.476923"
"2098800169","1757668483","0.476923"
"1757668483","2099853799","0.276923"
"2099853799","1757668483","0.276923"
"1757668483","2152316548","0.3"
"2152316548","1757668483","0.3"
"1757668483","28846608","1.07692"
"28846608","1757668483","1.07692"
"1757668483","2957609958","0.3"
"2957609958","1757668483","0.3"
"2082214255","2082804919","0.176923"
"2082804919","2082214255","0.176923"
"2082214255","2096284813","0.176923"
"2096284813","2082214255","0.176923"
"2082214255","2098800169","0.376923"
"2098800169","2082214255","0.376923"
"2082214255","2099853799","0.176923"
"2099853799","2082214255","0.176923"
"2082214255","2152316548","0.1"
"2152316548","2082214255","0.1"
"2082214255","28846608","0.376923"
"28846608","2082214255","0.376923"
"2082214255","2957609958","0.1"
"2957609958","2082214255","0.1"
"2082804919","2096284813","2.15609"
"2096284813","2082804919","2.15609"
"2082804919","2098800169","1.32276"
"2098800169","2082804919","1.32276"
"2082804919","2099853799","1.30609"
"2099853799","2082804919","1.30609"
"2082804919","2152316548","0.2"
"2152316548","2082804919","0.2"
"2082804919","28846608","1.00609"
"28846608","2082804919","1.00609"
"2082804919","2957609958","1.07917"
"2957609958","2082804919","1.07917"
"2096284813","2098800169","2.13228"
"2098800169","2096284813","2.13228"
"2096284813","2099853799","3.11561"
"2099853799","2096284813","3.11561"
"2096284813","2152316548","0.3"
"2152316548","2096284813","0.3"
"2096284813","28846608","0.772756"
"28846608","2096284813","0.772756"
"2096284813","2957609958","20.7458"
"2957609958","2096284813","20.7458"
"2098800169","2099853799","1.04895"
"2099853799","2098800169","1.04895"
"2098800169","2152316548","0.311111"
"2152316548","2098800169","0.311111"
"2098800169","28846608","1.3172"
"28846608","2098800169","1.3172"
"2098800169","2957609958","1.57917"
"2957609958","2098800169","1.57917"
"2099853799","2152316548","0.2"
"2152316548","2099853799","0.2"
"2099853799","28846608","0.339423"
"28846608","2099853799","0.339423"
"2099853799","2957609958","1.89583"
"2957609958","2099853799","1.89583"
"2152316548","28846608","2.61111"
"28846608","2152316548","2.61111"
"2152316548","2957609958","0.3"
"2957609958","2152316548","0.3"
"28846608","2957609958","0.695833"
"2957609958","28846608","0.695833"
"123531284","2017425100","0.5125"
"2017425100","123531284","0.5125"
"2017425100","2096284813","0.845833"
"2096284813","2017425100","0.845833"
"2017425100","2098800169","0.5125"
"2098800169","2017425100","0.5125"
"2017425100","2099853799","0.2625"
"2099853799","2017425100","0.2625"
"2017425100","2957609958","0.845833"
"2957609958","2017425100","0.845833"
"123531284","2021576668","0.0625"
"2021576668","123531284","0.0625"
"123531284","2029731463","0.423611"
"2029731463","123531284","0.423611"
"123531284","2042585112","0.70609"
"2042585112","123531284","0.70609"
"123531284","2068365609","0.0625"
"2068365609","123531284","0.0625"
"123531284","2112618815","0.173611"
"2112618815","123531284","0.173611"
"123531284","2164349427","0.173611"
"2164349427","123531284","0.173611"
"123531284","2339802110","0.250534"
"2339802110","123531284","0.250534"
"123531284","2767752836","0.273611"
"2767752836","123531284","0.273611"
"123531284","2884126467","0.500534"
"2884126467","123531284","0.500534"
"2017425100","2021576668","0.0625"
"2021576668","2017425100","0.0625"
"2017425100","2029731463","0.3125"
"2029731463","2017425100","0.3125"
"2017425100","2042585112","0.3125"
"2042585112","2017425100","0.3125"
"2017425100","2068365609","0.3125"
"2068365609","2017425100","0.3125"
"2017425100","2082804919","0.0625"
"2082804919","2017425100","0.0625"
"2017425100","2112618815","0.3125"
"2112618815","2017425100","0.3125"
"2017425100","2164349427","0.0625"
"2164349427","2017425100","0.0625"
"2017425100","2339802110","0.0625"
"2339802110","2017425100","0.0625"
"2017425100","2767752836","0.0625"
"2767752836","2017425100","0.0625"
"2017425100","2884126467","0.0625"
"2884126467","2017425100","0.0625"
"2017425100","28846608","0.395833"
"28846608","2017425100","0.395833"
"2021576668","2029731463","0.0625"
"2029731463","2021576668","0.0625"
"2021576668","2042585112","0.0625"
"2042585112","2021576668","0.0625"
"2021576668","2068365609","0.0625"
"2068365609","2021576668","0.0625"
"2021576668","2082804919","0.0625"
"2082804919","2021576668","0.0625"
"2021576668","2096284813","0.0625"
"2096284813","2021576668","0.0625"
"2021576668","2098800169","0.0625"
"2098800169","2021576668","0.0625"
"2021576668","2099853799","0.0625"
"2099853799","2021576668","0.0625"
"2021576668","2112618815","0.0625"
"2112618815","2021576668","0.0625"
"2021576668","2164349427","0.0625"
"2164349427","2021576668","0.0625"
"2021576668","2339802110","0.0625"
"2339802110","2021576668","0.0625"
"2021576668","2767752836","0.0625"
"2767752836","2021576668","0.0625"
"2021576668","2884126467","0.0625"
"2884126467","2021576668","0.0625"
"2021576668","28846608","0.0625"
"28846608","2021576668","0.0625"
"2021576668","2957609958","0.0625"
"2957609958","2021576668","0.0625"
"2029731463","2042585112","0.479167"
"2042585112","2029731463","0.479167"
"2029731463","2068365609","0.3125"
"2068365609","2029731463","0.3125"
"2029731463","2082804919","0.0625"
"2082804919","2029731463","0.0625"
"2029731463","2096284813","1.12202"
"2096284813","2029731463","1.12202"
"2029731463","2098800169","0.53869"
"2098800169","2029731463","0.53869"
"2029731463","2099853799","0.622024"
"2099853799","2029731463","0.622024"
"2029731463","2112618815","0.590278"
"2112618815","2029731463","0.590278"
"2029731463","2164349427","0.340278"
"2164349427","2029731463","0.340278"
"2029731463","2339802110","2.48313"
"2339802110","2029731463","2.48313"
"2029731463","2767752836","1.48313"
"2767752836","2029731463","1.48313"
"2029731463","2884126467","0.483135"
"2884126467","2029731463","0.483135"
"2029731463","28846608","0.173611"
"28846608","2029731463","0.173611"
"2029731463","2957609958","0.645833"
"2957609958","2029731463","0.645833"
"2042585112","2068365609","0.5125"
"2068365609","2042585112","0.5125"
"2042585112","2082804919","1.20609"
"2082804919","2042585112","1.20609"
"2042585112","2096284813","4.07276"
"2096284813","2042585112","4.07276"
"2042585112","2098800169","1.00609"
"2098800169","2042585112","1.00609"
"2042585112","2099853799","2.57276"
"2099853799","2042585112","2.57276"
"2042585112","2112618815","0.479167"
"2112618815","2042585112","0.479167"
"2042585112","2164349427","0.729167"
"2164349427","2042585112","0.729167"
"2042585112","2339802110","0.139423"
"2339802110","2042585112","0.139423"
"2042585112","2767752836","0.0625"
"2767752836","2042585112","0.0625"
"2042585112","2884126467","0.139423"
"2884126467","2042585112","0.139423"
"2042585112","28846608","0.139423"
"28846608","2042585112","0.139423"
"2042585112","2957609958","1.99583"
"2957609958","2042585112","1.99583"
"2068365609","2082804919","0.0625"
"2082804919","2068365609","0.0625"
"2068365609","2096284813","0.5125"
"2096284813","2068365609","0.5125"
"2068365609","2098800169","0.5125"
"2098800169","2068365609","0.5125"
"2068365609","2099853799","0.2625"
"2099853799","2068365609","0.2625"
"2068365609","2112618815","0.5625"
"2112618815","2068365609","0.5625"
"2068365609","2164349427","0.0625"
"2164349427","2068365609","0.0625"
"2068365609","2339802110","0.0625"
"2339802110","2068365609","0.0625"
"2068365609","2767752836","0.0625"
"2767752836","2068365609","0.0625"
"2068365609","2884126467","0.0625"
"2884126467","2068365609","0.0625"
"2068365609","28846608","0.0625"
"28846608","2068365609","0.0625"
"2068365609","2957609958","0.5125"
"2957609958","2068365609","0.5125"
"2082804919","2112618815","0.0625"
"2112618815","2082804919","0.0625"
"2082804919","2164349427","1.0625"
"2164349427","2082804919","1.0625"
"2082804919","2339802110","0.139423"
"2339802110","2082804919","0.139423"
"2082804919","2767752836","0.1625"
"2767752836","2082804919","0.1625"
"2082804919","2884126467","0.139423"
"2884126467","2082804919","0.139423"
"2096284813","2112618815","1.97917"
"2112618815","2096284813","1.97917"
"2096284813","2164349427","1.72917"
"2164349427","2096284813","1.72917"
"2096284813","2339802110","0.448947"
"2339802110","2096284813","0.448947"
"2096284813","2767752836","1.07202"
"2767752836","2096284813","1.07202"
"2096284813","2884126467","1.19895"
"2884126467","2096284813","1.19895"
"2098800169","2112618815","0.3125"
"2112618815","2098800169","0.3125"
"2098800169","2164349427","0.5625"
"2164349427","2098800169","0.5625"
"2098800169","2339802110","0.28228"
"2339802110","2098800169","0.28228"
"2098800169","2767752836","0.305357"
"2767752836","2098800169","0.305357"
"2098800169","2884126467","0.28228"
"2884126467","2098800169","0.28228"
"2099853799","2112618815","0.229167"
"2112618815","2099853799","0.229167"
"2099853799","2164349427","0.229167"
"2164349427","2099853799","0.229167"
"2099853799","2339802110","0.28228"
"2339802110","2099853799","0.28228"
"2099853799","2767752836","0.305357"
"2767752836","2099853799","0.305357"
"2099853799","2884126467","0.53228"
"2884126467","2099853799","0.53228"
"2112618815","2164349427","1.34028"
"2164349427","2112618815","1.34028"
"2112618815","2339802110","0.173611"
"2339802110","2112618815","0.173611"
"2112618815","2767752836","0.173611"
"2767752836","2112618815","0.173611"
"2112618815","2884126467","0.173611"
"2884126467","2112618815","0.173611"
"2112618815","28846608","0.173611"
"28846608","2112618815","0.173611"
"2112618815","2957609958","1.97917"
"2957609958","2112618815","1.97917"
"2164349427","2339802110","0.173611"
"2339802110","2164349427","0.173611"
"2164349427","2767752836","0.173611"
"2767752836","2164349427","0.173611"
"2164349427","2884126467","0.173611"
"2884126467","2164349427","0.173611"
"2164349427","28846608","1.17361"
"28846608","2164349427","1.17361"
"2164349427","2957609958","1.72917"
"2957609958","2164349427","1.72917"
"2339802110","2767752836","1.48313"
"2767752836","2339802110","1.48313"
"2339802110","2884126467","5.14339"
"2884126467","2339802110","5.14339"
"2339802110","28846608","0.250534"
"28846608","2339802110","0.250534"
"2339802110","2957609958","0.229167"
"2957609958","2339802110","0.229167"
"2767752836","2884126467","2.31647"
"2884126467","2767752836","2.31647"
"2767752836","28846608","0.373611"
"28846608","2767752836","0.373611"
"2767752836","2957609958","0.429167"
"2957609958","2767752836","0.429167"
"2884126467","28846608","0.250534"
"28846608","2884126467","0.250534"
"2884126467","2957609958","0.479167"
"2957609958","2884126467","0.479167"
"123531284","2142226037","0.111111"
"2142226037","123531284","0.111111"
"123531284","2550932891","0.111111"
"2550932891","123531284","0.111111"
"2029731463","2142226037","1.75397"
"2142226037","2029731463","1.75397"
"2029731463","2550932891","0.111111"
"2550932891","2029731463","0.111111"
"2112618815","2142226037","0.111111"
"2142226037","2112618815","0.111111"
"2112618815","2550932891","0.111111"
"2550932891","2112618815","0.111111"
"2142226037","2164349427","0.111111"
"2164349427","2142226037","0.111111"
"2142226037","2339802110","0.420635"
"2339802110","2142226037","0.420635"
"2142226037","2550932891","0.111111"
"2550932891","2142226037","0.111111"
"2142226037","2767752836","0.420635"
"2767752836","2142226037","0.420635"
"2142226037","2884126467","0.420635"
"2884126467","2142226037","0.420635"
"2142226037","28846608","0.111111"
"28846608","2142226037","0.111111"
"2164349427","2550932891","0.111111"
"2550932891","2164349427","0.111111"
"2339802110","2550932891","0.361111"
"2550932891","2339802110","0.361111"
"2550932891","2767752836","0.444444"
"2767752836","2550932891","0.444444"
"2550932891","2884126467","2.19444"
"2884126467","2550932891","2.19444"
"2550932891","28846608","0.111111"
"28846608","2550932891","0.111111"
"123531284","1981874287","0.411111"
"1981874287","123531284","0.411111"
"123531284","2039527009","0.411111"
"2039527009","123531284","0.411111"
"1552721381","1981874287","0.544444"
"1981874287","1552721381","0.544444"
"1552721381","2039527009","1.04444"
"2039527009","1552721381","1.04444"
"1552721381","2767752836","0.1"
"2767752836","1552721381","0.1"
"1757668483","1981874287","0.2"
"1981874287","1757668483","0.2"
"1757668483","2039527009","0.2"
"2039527009","1757668483","0.2"
"1757668483","2767752836","0.2"
"2767752836","1757668483","0.2"
"1981874287","2039527009","2.09444"
"2039527009","1981874287","2.09444"
"1981874287","2082804919","0.1"
"2082804919","1981874287","0.1"
"1981874287","2096284813","0.2"
"2096284813","1981874287","0.2"
"1981874287","2152316548","7.09444"
"2152316548","1981874287","7.09444"
"1981874287","2767752836","0.2"
"2767752836","1981874287","0.2"
"1981874287","28846608","1.51111"
"28846608","1981874287","1.51111"
"1981874287","2957609958","0.2"
"2957609958","1981874287","0.2"
"2039527009","2082804919","0.1"
"2082804919","2039527009","0.1"
"2039527009","2096284813","0.2"
"2096284813","2039527009","0.2"
"2039527009","2152316548","12.0944"
"2152316548","2039527009","12.0944"
"2039527009","2767752836","0.2"
"2767752836","2039527009","0.2"
"2039527009","28846608","0.511111"
"28846608","2039527009","0.511111"
"2039527009","2957609958","0.2"
"2957609958","2039527009","0.2"
"2152316548","2767752836","0.2"
"2767752836","2152316548","0.2"
"123531284","1961647136","0.276923"
"1961647136","123531284","0.276923"
"123531284","8342981","0.188034"
"8342981","123531284","0.188034"
"1552721381","1961647136","0.576923"
"1961647136","1552721381","0.576923"
"1552721381","2042585112","0.0769231"
"2042585112","1552721381","0.0769231"
"1552721381","2339802110","0.0769231"
"2339802110","1552721381","0.0769231"
"1552721381","2884126467","0.0769231"
"2884126467","1552721381","0.0769231"
"1552721381","8342981","0.188034"
"8342981","1552721381","0.188034"
"1757668483","1961647136","1.27692"
"1961647136","1757668483","1.27692"
"1757668483","2042585112","0.0769231"
"2042585112","1757668483","0.0769231"
"1757668483","2339802110","0.0769231"
"2339802110","1757668483","0.0769231"
"1757668483","2884126467","0.0769231"
"2884126467","1757668483","0.0769231"
"1757668483","8342981","0.276923"
"8342981","1757668483","0.276923"
"1961647136","2042585112","0.0769231"
"2042585112","1961647136","0.0769231"
"1961647136","2082214255","0.276923"
"2082214255","1961647136","0.276923"
"1961647136","2082804919","0.410256"
"2082804919","1961647136","0.410256"
"1961647136","2096284813","0.0769231"
"2096284813","1961647136","0.0769231"
"1961647136","2098800169","0.610256"
"2098800169","1961647136","0.610256"
"1961647136","2099853799","0.0769231"
"2099853799","1961647136","0.0769231"
"1961647136","2339802110","0.0769231"
"2339802110","1961647136","0.0769231"
"1961647136","2884126467","0.0769231"
"2884126467","1961647136","0.0769231"
"1961647136","28846608","2.31026"
"28846608","1961647136","2.31026"
"1961647136","8342981","0.276923"
"8342981","1961647136","0.276923"
"2042585112","2082214255","0.0769231"
"2082214255","2042585112","0.0769231"
"2042585112","8342981","0.0769231"
"8342981","2042585112","0.0769231"
"2082214255","2339802110","0.0769231"
"2339802110","2082214255","0.0769231"
"2082214255","2884126467","0.0769231"
"2884126467","2082214255","0.0769231"
"2082214255","8342981","0.276923"
"8342981","2082214255","0.276923"
"2082804919","8342981","0.0769231"
"8342981","2082804919","0.0769231"
"2096284813","8342981","0.0769231"
"8342981","2096284813","0.0769231"
"2098800169","8342981","0.388034"
"8342981","2098800169","0.388034"
"2099853799","8342981","0.0769231"
"8342981","2099853799","0.0769231"
"2339802110","8342981","0.0769231"
"8342981","2339802110","0.0769231"
"2884126467","8342981","0.0769231"
"8342981","2884126467","0.0769231"
"28846608","8342981","0.388034"
"8342981","28846608","0.388034"
"1961647136","1981874287","0.45"
"1981874287","1961647136","0.45"
"1961647136","2039527009","0.95"
"2039527009","1961647136","0.95"
"1961647136","2152316548","3.95"
"2152316548","1961647136","3.95"
"123531284","2471481117","0.111111"
"2471481117","123531284","0.111111"
"123531284","2998782043","0.111111"
"2998782043","123531284","0.111111"
"1552721381","2471481117","0.111111"
"2471481117","1552721381","0.111111"
"1552721381","2998782043","0.111111"
"2998782043","1552721381","0.111111"
"1981874287","2098800169","0.211111"
"2098800169","1981874287","0.211111"
"1981874287","2471481117","0.111111"
"2471481117","1981874287","0.111111"
"1981874287","2998782043","0.111111"
"2998782043","1981874287","0.111111"
"1981874287","8342981","0.111111"
"8342981","1981874287","0.111111"
"2039527009","2098800169","0.211111"
"2098800169","2039527009","0.211111"
"2039527009","2471481117","0.111111"
"2471481117","2039527009","0.111111"
"2039527009","2998782043","0.111111"
"2998782043","2039527009","0.111111"
"2039527009","8342981","0.111111"
"8342981","2039527009","0.111111"
"2098800169","2471481117","0.111111"
"2471481117","2098800169","0.111111"
"2098800169","2998782043","0.111111"
"2998782043","2098800169","0.111111"
"2152316548","2471481117","0.111111"
"2471481117","2152316548","0.111111"
"2152316548","2998782043","0.111111"
"2998782043","2152316548","0.111111"
"2152316548","8342981","0.111111"
"8342981","2152316548","0.111111"
"2471481117","28846608","0.111111"
"28846608","2471481117","0.111111"
"2471481117","2998782043","1.11111"
"2998782043","2471481117","1.11111"
"2471481117","8342981","0.111111"
"8342981","2471481117","0.111111"
"28846608","2998782043","0.111111"
"2998782043","28846608","0.111111"
"2998782043","8342981","0.111111"
"8342981","2998782043","0.111111"
"1757668483","1969897050","0.1"
"1969897050","1757668483","0.1"
"1969897050","1981874287","0.1"
"1981874287","1969897050","0.1"
"1969897050","2039527009","0.1"
"2039527009","1969897050","0.1"
"1969897050","2096284813","0.1"
"2096284813","1969897050","0.1"
"1969897050","2098800169","0.1"
"2098800169","1969897050","0.1"
"1969897050","2099853799","0.1"
"2099853799","1969897050","0.1"
"1969897050","2152316548","0.1"
"2152316548","1969897050","0.1"
"1969897050","2767752836","0.1"
"2767752836","1969897050","0.1"
"1969897050","28846608","0.6"
"28846608","1969897050","0.6"
"1969897050","2957609958","0.1"
"2957609958","1969897050","0.1"
"1981874287","2099853799","0.1"
"2099853799","1981874287","0.1"
"2039527009","2099853799","0.1"
"2099853799","2039527009","0.1"
"1961647136","2767752836","2"
"2767752836","1961647136","2"
"1961647136","2021576668","1"
"2021576668","1961647136","1"
"1961647136","2137891816","0.25"
"2137891816","1961647136","0.25"
"1981874287","2137891816","0.25"
"2137891816","1981874287","0.25"
"2039527009","2137891816","0.25"
"2137891816","2039527009","0.25"
"2137891816","2152316548","0.25"
"2152316548","2137891816","0.25"
"1969897050","2339802110","0.583333"
"2339802110","1969897050","0.583333"
"1969897050","2550932891","0.25"
"2550932891","1969897050","0.25"
"1969897050","2802613770","8.08333"
"2802613770","1969897050","8.08333"
"1969897050","2884126467","0.583333"
"2884126467","1969897050","0.583333"
"2339802110","2802613770","0.583333"
"2802613770","2339802110","0.583333"
"2550932891","2802613770","0.25"
"2802613770","2550932891","0.25"
"2802613770","2884126467","0.583333"
"2884126467","2802613770","0.583333"
"2802613770","28846608","0.5"
"28846608","2802613770","0.5"
"2096284813","2142226037","0.642857"
"2142226037","2096284813","0.642857"
"2142226037","2957609958","0.166667"
"2957609958","2142226037","0.166667"
"2098800169","2142226037","0.47619"
"2142226037","2098800169","0.47619"
"2099853799","2142226037","0.142857"
"2142226037","2099853799","0.142857"
"2130723705","2884126467","1.83333"
"2884126467","2130723705","1.83333"
"2130723705","2550932891","0.833333"
"2550932891","2130723705","0.833333"
"2130723705","2767752836","0.333333"
"2767752836","2130723705","0.333333"
"2592335015","2802613770","3"
"2802613770","2592335015","3"
