"105711246","142216277","0.0714286"
"142216277","105711246","0.0714286"
"105711246","1588019275","0.0714286"
"1588019275","105711246","0.0714286"
"105711246","2177032590","0.0714286"
"2177032590","105711246","0.0714286"
"105711246","2257058996","0.0714286"
"2257058996","105711246","0.0714286"
"105711246","2268708260","0.0714286"
"2268708260","105711246","0.0714286"
"105711246","2400776907","6.88095"
"2400776907","105711246","6.88095"
"105711246","2402774349","2.4881"
"2402774349","105711246","2.4881"
"105711246","2406364024","0.0714286"
"2406364024","105711246","0.0714286"
"105711246","2576363508","0.0714286"
"2576363508","105711246","0.0714286"
"105711246","2773749769","0.0714286"
"2773749769","105711246","0.0714286"
"105711246","2902230213","0.0714286"
"2902230213","105711246","0.0714286"
"105711246","2910922521","0.0714286"
"2910922521","105711246","0.0714286"
"105711246","296881569","0.0714286"
"296881569","105711246","0.0714286"
"105711246","84066954","1.32143"
"84066954","105711246","1.32143"
"142216277","1588019275","0.738095"
"1588019275","142216277","0.738095"
"142216277","2177032590","0.0714286"
"2177032590","142216277","0.0714286"
"142216277","2257058996","0.0714286"
"2257058996","142216277","0.0714286"
"142216277","2268708260","0.904762"
"2268708260","142216277","0.904762"
"142216277","2400776907","0.238095"
"2400776907","142216277","0.238095"
"142216277","2402774349","0.238095"
"2402774349","142216277","0.238095"
"142216277","2406364024","0.238095"
"2406364024","142216277","0.238095"
"142216277","2576363508","0.0714286"
"2576363508","142216277","0.0714286"
"142216277","2773749769","0.0714286"
"2773749769","142216277","0.0714286"
"142216277","2902230213","0.238095"
"2902230213","142216277","0.238095"
"142216277","2910922521","0.0714286"
"2910922521","142216277","0.0714286"
"142216277","296881569","0.0714286"
"296881569","142216277","0.0714286"
"142216277","84066954","0.904762"
"84066954","142216277","0.904762"
"1588019275","2177032590","0.0714286"
"2177032590","1588019275","0.0714286"
"1588019275","2257058996","0.0714286"
"2257058996","1588019275","0.0714286"
"1588019275","2268708260","0.0714286"
"2268708260","1588019275","0.0714286"
"1588019275","2400776907","0.238095"
"2400776907","1588019275","0.238095"
"1588019275","2402774349","0.238095"
"2402774349","1588019275","0.238095"
"1588019275","2406364024","0.238095"
"2406364024","1588019275","0.238095"
"1588019275","2576363508","0.0714286"
"2576363508","1588019275","0.0714286"
"1588019275","2773749769","0.0714286"
"2773749769","1588019275","0.0714286"
"1588019275","2902230213","0.238095"
"2902230213","1588019275","0.238095"
"1588019275","2910922521","0.0714286"
"2910922521","1588019275","0.0714286"
"1588019275","296881569","0.0714286"
"296881569","1588019275","0.0714286"
"1588019275","84066954","0.0714286"
"84066954","1588019275","0.0714286"
"2177032590","2257058996","0.0714286"
"2257058996","2177032590","0.0714286"
"2177032590","2268708260","0.821429"
"2268708260","2177032590","0.821429"
"2177032590","2400776907","0.0714286"
"2400776907","2177032590","0.0714286"
"2177032590","2402774349","0.0714286"
"2402774349","2177032590","0.0714286"
"2177032590","2406364024","0.321429"
"2406364024","2177032590","0.321429"
"2177032590","2576363508","1.32143"
"2576363508","2177032590","1.32143"
"2177032590","2773749769","0.0714286"
"2773749769","2177032590","0.0714286"
"2177032590","2902230213","0.0714286"
"2902230213","2177032590","0.0714286"
"2177032590","2910922521","0.0714286"
"2910922521","2177032590","0.0714286"
"2177032590","296881569","0.0714286"
"296881569","2177032590","0.0714286"
"2177032590","84066954","0.0714286"
"84066954","2177032590","0.0714286"
"2257058996","2268708260","0.0714286"
"2268708260","2257058996","0.0714286"
"2257058996","2400776907","0.0714286"
"2400776907","2257058996","0.0714286"
"2257058996","2402774349","0.0714286"
"2402774349","2257058996","0.0714286"
"2257058996","2406364024","0.0714286"
"2406364024","2257058996","0.0714286"
"2257058996","2576363508","0.0714286"
"2576363508","2257058996","0.0714286"
"2257058996","2773749769","0.0714286"
"2773749769","2257058996","0.0714286"
"2257058996","2902230213","0.0714286"
"2902230213","2257058996","0.0714286"
"2257058996","2910922521","0.0714286"
"2910922521","2257058996","0.0714286"
"2257058996","296881569","0.0714286"
"296881569","2257058996","0.0714286"
"2257058996","84066954","0.0714286"
"84066954","2257058996","0.0714286"
"2268708260","2400776907","1.57143"
"2400776907","2268708260","1.57143"
"2268708260","2402774349","0.0714286"
"2402774349","2268708260","0.0714286"
"2268708260","2406364024","2.9881"
"2406364024","2268708260","2.9881"
"2268708260","2576363508","0.821429"
"2576363508","2268708260","0.821429"
"2268708260","2773749769","0.0714286"
"2773749769","2268708260","0.0714286"
"2268708260","2902230213","1.2381"
"2902230213","2268708260","1.2381"
"2268708260","2910922521","1.07143"
"2910922521","2268708260","1.07143"
"2268708260","296881569","0.0714286"
"296881569","2268708260","0.0714286"
"2268708260","84066954","2.82143"
"84066954","2268708260","2.82143"
"2400776907","2402774349","1.40476"
"2402774349","2400776907","1.40476"
"2400776907","2406364024","0.738095"
"2406364024","2400776907","0.738095"
"2400776907","2576363508","0.0714286"
"2576363508","2400776907","0.0714286"
"2400776907","2773749769","0.0714286"
"2773749769","2400776907","0.0714286"
"2400776907","2902230213","0.238095"
"2902230213","2400776907","0.238095"
"2400776907","2910922521","0.0714286"
"2910922521","2400776907","0.0714286"
"2400776907","296881569","0.0714286"
"296881569","2400776907","0.0714286"
"2400776907","84066954","1.07143"
"84066954","2400776907","1.07143"
"2402774349","2406364024","0.238095"
"2406364024","2402774349","0.238095"
"2402774349","2576363508","0.654762"
"2576363508","2402774349","0.654762"
"2402774349","2773749769","0.0714286"
"2773749769","2402774349","0.0714286"
"2402774349","2902230213","0.238095"
"2902230213","2402774349","0.238095"
"2402774349","2910922521","0.0714286"
"2910922521","2402774349","0.0714286"
"2402774349","296881569","0.321429"
"296881569","2402774349","0.321429"
"2402774349","84066954","0.321429"
"84066954","2402774349","0.321429"
"2406364024","2576363508","1.32143"
"2576363508","2406364024","1.32143"
"2406364024","2773749769","0.0714286"
"2773749769","2406364024","0.0714286"
"2406364024","2902230213","1.07143"
"2902230213","2406364024","1.07143"
"2406364024","2910922521","0.571429"
"2910922521","2406364024","0.571429"
"2406364024","296881569","0.0714286"
"296881569","2406364024","0.0714286"
"2406364024","84066954","0.738095"
"84066954","2406364024","0.738095"
"2576363508","2773749769","0.0714286"
"2773749769","2576363508","0.0714286"
"2576363508","2902230213","0.0714286"
"2902230213","2576363508","0.0714286"
"2576363508","2910922521","0.571429"
"2910922521","2576363508","0.571429"
"2576363508","296881569","0.321429"
"296881569","2576363508","0.321429"
"2576363508","84066954","0.0714286"
"84066954","2576363508","0.0714286"
"2773749769","2902230213","0.0714286"
"2902230213","2773749769","0.0714286"
"2773749769","2910922521","0.0714286"
"2910922521","2773749769","0.0714286"
"2773749769","296881569","0.0714286"
"296881569","2773749769","0.0714286"
"2773749769","84066954","0.0714286"
"84066954","2773749769","0.0714286"
"2902230213","2910922521","0.0714286"
"2910922521","2902230213","0.0714286"
"2902230213","296881569","0.0714286"
"296881569","2902230213","0.0714286"
"2902230213","84066954","0.404762"
"84066954","2902230213","0.404762"
"2910922521","296881569","0.0714286"
"296881569","2910922521","0.0714286"
"2910922521","84066954","0.0714286"
"84066954","2910922521","0.0714286"
"296881569","84066954","0.0714286"
"84066954","296881569","0.0714286"
"105711246","1485735559","2.05952"
"1485735559","105711246","2.05952"
"105711246","2042467908","0.142857"
"2042467908","105711246","0.142857"
"105711246","2096786116","0.142857"
"2096786116","105711246","0.142857"
"105711246","2794666284","0.142857"
"2794666284","105711246","0.142857"
"105711246","2910767829","0.142857"
"2910767829","105711246","0.142857"
"105711246","2913389983","0.142857"
"2913389983","105711246","0.142857"
"1485735559","2042467908","0.142857"
"2042467908","1485735559","0.142857"
"1485735559","2096786116","0.142857"
"2096786116","1485735559","0.142857"
"1485735559","2400776907","1.97619"
"2400776907","1485735559","1.97619"
"1485735559","2794666284","0.142857"
"2794666284","1485735559","0.142857"
"1485735559","2910767829","0.142857"
"2910767829","1485735559","0.142857"
"1485735559","2913389983","0.142857"
"2913389983","1485735559","0.142857"
"2042467908","2096786116","0.142857"
"2096786116","2042467908","0.142857"
"2042467908","2400776907","0.142857"
"2400776907","2042467908","0.142857"
"2042467908","2794666284","0.142857"
"2794666284","2042467908","0.142857"
"2042467908","2910767829","0.142857"
"2910767829","2042467908","0.142857"
"2042467908","2913389983","0.142857"
"2913389983","2042467908","0.142857"
"2096786116","2400776907","0.142857"
"2400776907","2096786116","0.142857"
"2096786116","2794666284","9.47619"
"2794666284","2096786116","9.47619"
"2096786116","2910767829","0.142857"
"2910767829","2096786116","0.142857"
"2096786116","2913389983","0.142857"
"2913389983","2096786116","0.142857"
"2400776907","2794666284","0.142857"
"2794666284","2400776907","0.142857"
"2400776907","2910767829","0.142857"
"2910767829","2400776907","0.142857"
"2400776907","2913389983","0.142857"
"2913389983","2400776907","0.142857"
"2794666284","2910767829","0.142857"
"2910767829","2794666284","0.142857"
"2794666284","2913389983","0.142857"
"2913389983","2794666284","0.142857"
"2910767829","2913389983","3.14286"
"2913389983","2910767829","3.14286"
"105711246","1917589130","4"
"1917589130","105711246","4"
"1485735559","2402774349","4.08333"
"2402774349","1485735559","4.08333"
"105711246","2407252888","0.5"
"2407252888","105711246","0.5"
"2400776907","2407252888","0.5"
"2407252888","2400776907","0.5"
"105711246","1606319556","1"
"1606319556","105711246","1"
"105711246","2505251854","0.25"
"2505251854","105711246","0.25"
"1485735559","2505251854","0.25"
"2505251854","1485735559","0.25"
"1485735559","84066954","0.25"
"84066954","1485735559","0.25"
"2402774349","2505251854","0.25"
"2505251854","2402774349","0.25"
"2505251854","84066954","0.25"
"84066954","2505251854","0.25"
"1236381636","2505251854","0.25"
"2505251854","1236381636","0.25"
"1236381636","2765710514","0.25"
"2765710514","1236381636","0.25"
"1236381636","2774522765","0.25"
"2774522765","1236381636","0.25"
"1236381636","75080421","1.5"
"75080421","1236381636","1.5"
"2505251854","2765710514","0.25"
"2765710514","2505251854","0.25"
"2505251854","2774522765","0.25"
"2774522765","2505251854","0.25"
"2505251854","75080421","2.75"
"75080421","2505251854","2.75"
"2765710514","2774522765","1.75"
"2774522765","2765710514","1.75"
"2765710514","75080421","0.25"
"75080421","2765710514","0.25"
"2774522765","75080421","0.25"
"75080421","2774522765","0.25"
"1236381636","2576363508","0.833333"
"2576363508","1236381636","0.833333"
"1236381636","2782973409","0.833333"
"2782973409","1236381636","0.833333"
"2576363508","2782973409","2.83333"
"2782973409","2576363508","2.83333"
"1236381636","2402774349","0.333333"
"2402774349","1236381636","0.333333"
"2402774349","2782973409","0.333333"
"2782973409","2402774349","0.333333"
"1236381636","2057861900","0.25"
"2057861900","1236381636","0.25"
"1236381636","2126551578","0.25"
"2126551578","1236381636","0.25"
"1236381636","3020846342","2.25"
"3020846342","1236381636","2.25"
"2057861900","2126551578","3.83333"
"2126551578","2057861900","3.83333"
"2057861900","3020846342","0.25"
"3020846342","2057861900","0.25"
"2057861900","75080421","0.5"
"75080421","2057861900","0.5"
"2126551578","3020846342","0.25"
"3020846342","2126551578","0.25"
"2126551578","75080421","0.25"
"75080421","2126551578","0.25"
"3020846342","75080421","0.25"
"75080421","3020846342","0.25"
"1240482151","2461439406","1"
"2461439406","1240482151","1"
"142216277","2252450561","5"
"2252450561","142216277","5"
"2252450561","2268708260","0.833333"
"2268708260","2252450561","0.833333"
"2252450561","84066954","0.5"
"84066954","2252450561","0.5"
"142216277","1584733007","0.166667"
"1584733007","142216277","0.166667"
"142216277","2134187939","0.166667"
"2134187939","142216277","0.166667"
"142216277","3014250932","0.166667"
"3014250932","142216277","0.166667"
"1584733007","2134187939","1.16667"
"2134187939","1584733007","1.16667"
"1584733007","2252450561","0.166667"
"2252450561","1584733007","0.166667"
"1584733007","2268708260","0.416667"
"2268708260","1584733007","0.416667"
"1584733007","3014250932","21"
"3014250932","1584733007","21"
"1584733007","84066954","0.416667"
"84066954","1584733007","0.416667"
"2134187939","2252450561","0.166667"
"2252450561","2134187939","0.166667"
"2134187939","2268708260","0.416667"
"2268708260","2134187939","0.416667"
"2134187939","3014250932","1.66667"
"3014250932","2134187939","1.66667"
"2134187939","84066954","0.416667"
"84066954","2134187939","0.416667"
"2252450561","3014250932","0.166667"
"3014250932","2252450561","0.166667"
"2268708260","3014250932","0.416667"
"3014250932","2268708260","0.416667"
"3014250932","84066954","0.416667"
"84066954","3014250932","0.416667"
"142216277","2057861900","1"
"2057861900","142216277","1"
"142216277","2402204276","0.333333"
"2402204276","142216277","0.333333"
"2268708260","2402204276","0.333333"
"2402204276","2268708260","0.333333"
"2402204276","84066954","0.333333"
"84066954","2402204276","0.333333"
"1588019275","2252450561","0.5"
"2252450561","1588019275","0.5"
"142216277","1485735559","0.166667"
"1485735559","142216277","0.166667"
"1485735559","1588019275","0.166667"
"1588019275","1485735559","0.166667"
"1485735559","2406364024","0.166667"
"2406364024","1485735559","0.166667"
"1485735559","2902230213","0.166667"
"2902230213","1485735559","0.166667"
"1431549701","2230461381","0.75"
"2230461381","1431549701","0.75"
"1431549701","2406364024","1.08333"
"2406364024","1431549701","1.08333"
"2230461381","2406364024","1"
"2406364024","2230461381","1"
"1431549701","2252450561","0.583333"
"2252450561","1431549701","0.583333"
"1431549701","2902230213","1.08333"
"2902230213","1431549701","1.08333"
"2230461381","2252450561","0.25"
"2252450561","2230461381","0.25"
"2230461381","2902230213","0.5"
"2902230213","2230461381","0.5"
"2252450561","2406364024","0.25"
"2406364024","2252450561","0.25"
"2252450561","2902230213","0.583333"
"2902230213","2252450561","0.583333"
"1431549701","2268708260","2.16667"
"2268708260","1431549701","2.16667"
"1431549701","84066954","0.333333"
"84066954","1431549701","0.333333"
"1431549701","2505251854","0.5"
"2505251854","1431549701","0.5"
"1431549701","75080421","0.5"
"75080421","1431549701","0.5"
"1482329120","2389618090","3.64286"
"2389618090","1482329120","3.64286"
"1482329120","2407252888","0.642857"
"2407252888","1482329120","0.642857"
"2389618090","2407252888","0.642857"
"2407252888","2389618090","0.642857"
"1482329120","2047132110","0.142857"
"2047132110","1482329120","0.142857"
"1482329120","2114441423","0.142857"
"2114441423","1482329120","0.142857"
"1482329120","2154633587","0.142857"
"2154633587","1482329120","0.142857"
"1482329120","2257058996","0.142857"
"2257058996","1482329120","0.142857"
"1482329120","2588652468","0.142857"
"2588652468","1482329120","0.142857"
"2047132110","2114441423","0.142857"
"2114441423","2047132110","0.142857"
"2047132110","2154633587","0.142857"
"2154633587","2047132110","0.142857"
"2047132110","2257058996","0.142857"
"2257058996","2047132110","0.142857"
"2047132110","2389618090","0.142857"
"2389618090","2047132110","0.142857"
"2047132110","2407252888","0.142857"
"2407252888","2047132110","0.142857"
"2047132110","2588652468","11.7262"
"2588652468","2047132110","11.7262"
"2114441423","2154633587","0.142857"
"2154633587","2114441423","0.142857"
"2114441423","2257058996","0.142857"
"2257058996","2114441423","0.142857"
"2114441423","2389618090","0.142857"
"2389618090","2114441423","0.142857"
"2114441423","2407252888","1.14286"
"2407252888","2114441423","1.14286"
"2114441423","2588652468","0.142857"
"2588652468","2114441423","0.142857"
"2154633587","2257058996","0.142857"
"2257058996","2154633587","0.142857"
"2154633587","2389618090","0.142857"
"2389618090","2154633587","0.142857"
"2154633587","2407252888","1.14286"
"2407252888","2154633587","1.14286"
"2154633587","2588652468","0.142857"
"2588652468","2154633587","0.142857"
"2257058996","2389618090","0.142857"
"2389618090","2257058996","0.142857"
"2257058996","2407252888","0.142857"
"2407252888","2257058996","0.142857"
"2257058996","2588652468","0.142857"
"2588652468","2257058996","0.142857"
"2389618090","2588652468","0.142857"
"2588652468","2389618090","0.142857"
"2407252888","2588652468","0.142857"
"2588652468","2407252888","0.142857"
"1496204003","2917854599","0.5"
"2917854599","1496204003","0.5"
"1496204003","2972683637","0.833333"
"2972683637","1496204003","0.833333"
"2917854599","2972683637","2.14286"
"2972683637","2917854599","2.14286"
"1496204003","1606319556","10"
"1606319556","1496204003","10"
"1496204003","2154633587","0.5"
"2154633587","1496204003","0.5"
"1496204003","2910767829","0.5"
"2910767829","1496204003","0.5"
"2154633587","2910767829","0.5"
"2910767829","2154633587","0.5"
"1496204003","1818203573","0.2"
"1818203573","1496204003","0.2"
"1496204003","2057861900","0.2"
"2057861900","1496204003","0.2"
"1496204003","20729868","0.2"
"20729868","1496204003","0.2"
"1496204003","2134399783","0.7"
"2134399783","1496204003","0.7"
"1496204003","2406688737","0.2"
"2406688737","1496204003","0.2"
"1818203573","2057861900","0.2"
"2057861900","1818203573","0.2"
"1818203573","20729868","0.2"
"20729868","1818203573","0.2"
"1818203573","2134399783","0.2"
"2134399783","1818203573","0.2"
"1818203573","2406688737","0.2"
"2406688737","1818203573","0.2"
"2057861900","20729868","0.95"
"20729868","2057861900","0.95"
"2057861900","2134399783","2.11667"
"2134399783","2057861900","2.11667"
"2057861900","2406688737","0.2"
"2406688737","2057861900","0.2"
"20729868","2134399783","0.7"
"2134399783","20729868","0.7"
"20729868","2406688737","4.2"
"2406688737","20729868","4.2"
"2134399783","2406688737","0.2"
"2406688737","2134399783","0.2"
"1496204003","1524157496","1.5"
"1524157496","1496204003","1.5"
"1496204003","2107280071","0.833333"
"2107280071","1496204003","0.833333"
"1524157496","2107280071","11.0429"
"2107280071","1524157496","11.0429"
"1496204003","1511213704","1.5"
"1511213704","1496204003","1.5"
"1511213704","2134399783","0.666667"
"2134399783","1511213704","0.666667"
"1496204003","1528801453","0.166667"
"1528801453","1496204003","0.166667"
"1496204003","1584733007","0.166667"
"1584733007","1496204003","0.166667"
"1496204003","2134187939","0.166667"
"2134187939","1496204003","0.166667"
"1496204003","2150788954","1.16667"
"2150788954","1496204003","1.16667"
"1496204003","3014250932","0.166667"
"3014250932","1496204003","0.166667"
"1496204003","55213668","0.166667"
"55213668","1496204003","0.166667"
"1528801453","1584733007","5.75"
"1584733007","1528801453","5.75"
"1528801453","2134187939","7.58333"
"2134187939","1528801453","7.58333"
"1528801453","2150788954","1.16667"
"2150788954","1528801453","1.16667"
"1528801453","3014250932","5.41667"
"3014250932","1528801453","5.41667"
"1528801453","55213668","2"
"55213668","1528801453","2"
"1584733007","2150788954","0.366667"
"2150788954","1584733007","0.366667"
"1584733007","55213668","10.8667"
"55213668","1584733007","10.8667"
"2134187939","2150788954","0.166667"
"2150788954","2134187939","0.166667"
"2134187939","55213668","0.833333"
"55213668","2134187939","0.833333"
"2150788954","3014250932","0.166667"
"3014250932","2150788954","0.166667"
"2150788954","55213668","0.366667"
"55213668","2150788954","0.366667"
"3014250932","55213668","2.83333"
"55213668","3014250932","2.83333"
"1496204003","3023096642","1"
"3023096642","1496204003","1"
"1496204003","2346916216","1.5"
"2346916216","1496204003","1.5"
"1496204003","2782973409","0.5"
"2782973409","1496204003","0.5"
"1496204003","3020846342","0.5"
"3020846342","1496204003","0.5"
"2782973409","3020846342","0.5"
"3020846342","2782973409","0.5"
"1496204003","2114441423","1"
"2114441423","1496204003","1"
"1496204003","2921695266","1"
"2921695266","1496204003","1"
"1496204003","83826502","0.333333"
"83826502","1496204003","0.333333"
"2107280071","2972683637","1.00952"
"2972683637","2107280071","1.00952"
"2107280071","83826502","0.533333"
"83826502","2107280071","0.533333"
"2972683637","83826502","0.533333"
"83826502","2972683637","0.533333"
"1496204003","2047132110","0.5"
"2047132110","1496204003","0.5"
"2047132110","2346916216","0.5"
"2346916216","2047132110","0.5"
"1511213704","1606319556","1.5"
"1606319556","1511213704","1.5"
"1511213704","2138685305","0.5"
"2138685305","1511213704","0.5"
"1606319556","2138685305","1.5"
"2138685305","1606319556","1.5"
"1511213704","1992155457","0.166667"
"1992155457","1511213704","0.166667"
"1511213704","2057861900","0.166667"
"2057861900","1511213704","0.166667"
"1511213704","2128461848","0.166667"
"2128461848","1511213704","0.166667"
"1511213704","2148831627","0.166667"
"2148831627","1511213704","0.166667"
"1511213704","3023096642","0.166667"
"3023096642","1511213704","0.166667"
"1992155457","2057861900","0.166667"
"2057861900","1992155457","0.166667"
"1992155457","2128461848","1.08333"
"2128461848","1992155457","1.08333"
"1992155457","2134399783","0.166667"
"2134399783","1992155457","0.166667"
"1992155457","2148831627","1.75"
"2148831627","1992155457","1.75"
"1992155457","3023096642","0.333333"
"3023096642","1992155457","0.333333"
"2057861900","2128461848","0.166667"
"2128461848","2057861900","0.166667"
"2057861900","2148831627","0.166667"
"2148831627","2057861900","0.166667"
"2057861900","3023096642","0.166667"
"3023096642","2057861900","0.166667"
"2128461848","2134399783","0.166667"
"2134399783","2128461848","0.166667"
"2128461848","2148831627","1.42619"
"2148831627","2128461848","1.42619"
"2128461848","3023096642","0.366667"
"3023096642","2128461848","0.366667"
"2134399783","2148831627","0.166667"
"2148831627","2134399783","0.166667"
"2134399783","3023096642","0.166667"
"3023096642","2134399783","0.166667"
"2148831627","3023096642","0.533333"
"3023096642","2148831627","0.533333"
"1524157496","2047132110","0.25"
"2047132110","1524157496","0.25"
"1524157496","2128461848","1.84286"
"2128461848","1524157496","1.84286"
"1524157496","2406688737","0.25"
"2406688737","1524157496","0.25"
"2047132110","2107280071","0.25"
"2107280071","2047132110","0.25"
"2047132110","2128461848","0.25"
"2128461848","2047132110","0.25"
"2047132110","2406688737","4.25"
"2406688737","2047132110","4.25"
"2107280071","2128461848","1.17619"
"2128461848","2107280071","1.17619"
"2107280071","2406688737","0.25"
"2406688737","2107280071","0.25"
"2128461848","2406688737","0.25"
"2406688737","2128461848","0.25"
"1524157496","2093103468","0.759524"
"2093103468","1524157496","0.759524"
"1524157496","2148831627","0.759524"
"2148831627","1524157496","0.759524"
"1524157496","3023096642","0.366667"
"3023096642","1524157496","0.366667"
"2093103468","2107280071","1.00952"
"2107280071","2093103468","1.00952"
"2093103468","2128461848","0.92619"
"2128461848","2093103468","0.92619"
"2093103468","2148831627","1.84286"
"2148831627","2093103468","1.84286"
"2093103468","3023096642","0.366667"
"3023096642","2093103468","0.366667"
"2107280071","2148831627","1.59286"
"2148831627","2107280071","1.59286"
"2107280071","3023096642","1.36667"
"3023096642","2107280071","1.36667"
"1524157496","2346916216","2.09286"
"2346916216","1524157496","2.09286"
"1524157496","2972683637","0.92619"
"2972683637","1524157496","0.92619"
"2107280071","2346916216","1.84286"
"2346916216","2107280071","1.84286"
"2346916216","2972683637","1.17619"
"2972683637","2346916216","1.17619"
"1524157496","1992155457","1.91667"
"1992155457","1524157496","1.91667"
"1992155457","2107280071","1.25"
"2107280071","1992155457","1.25"
"1992155457","2093103468","1"
"2093103468","1992155457","1"
"1992155457","2346916216","0.166667"
"2346916216","1992155457","0.166667"
"2093103468","2346916216","0.809524"
"2346916216","2093103468","0.809524"
"2148831627","2346916216","0.309524"
"2346916216","2148831627","0.309524"
"2346916216","3023096642","1.16667"
"3023096642","2346916216","1.16667"
"1524157496","2917854599","0.392857"
"2917854599","1524157496","0.392857"
"2093103468","2917854599","0.642857"
"2917854599","2093103468","0.642857"
"2093103468","2972683637","0.642857"
"2972683637","2093103468","0.642857"
"2107280071","2917854599","0.142857"
"2917854599","2107280071","0.142857"
"2128461848","2346916216","1.39286"
"2346916216","2128461848","1.39286"
"2128461848","2917854599","0.392857"
"2917854599","2128461848","0.392857"
"2128461848","2972683637","0.392857"
"2972683637","2128461848","0.392857"
"2148831627","2917854599","0.142857"
"2917854599","2148831627","0.142857"
"2148831627","2972683637","0.142857"
"2972683637","2148831627","0.142857"
"2346916216","2917854599","0.642857"
"2917854599","2346916216","0.642857"
"1524157496","2134399783","0.2"
"2134399783","1524157496","0.2"
"1524157496","83826502","0.2"
"83826502","1524157496","0.2"
"2107280071","2134399783","0.2"
"2134399783","2107280071","0.2"
"2134399783","2346916216","0.2"
"2346916216","2134399783","0.2"
"2134399783","2972683637","0.2"
"2972683637","2134399783","0.2"
"2134399783","83826502","1.2"
"83826502","2134399783","1.2"
"2346916216","83826502","0.2"
"83826502","2346916216","0.2"
"1524157496","2505251854","0.5"
"2505251854","1524157496","0.5"
"2107280071","2505251854","0.5"
"2505251854","2107280071","0.5"
"1528801453","2461439406","0.333333"
"2461439406","1528801453","0.333333"
"1584733007","2461439406","0.533333"
"2461439406","1584733007","0.533333"
"2461439406","55213668","0.533333"
"55213668","2461439406","0.533333"
"1528801453","2294623867","0.333333"
"2294623867","1528801453","0.333333"
"1584733007","2294623867","0.333333"
"2294623867","1584733007","0.333333"
"2294623867","3014250932","0.333333"
"3014250932","2294623867","0.333333"
"1528801453","1606319556","1.25"
"1606319556","1528801453","1.25"
"1528801453","2148831627","1"
"2148831627","1528801453","1"
"1584733007","1606319556","0.25"
"1606319556","1584733007","0.25"
"1606319556","2134187939","0.25"
"2134187939","1606319556","0.25"
"1606319556","3014250932","0.25"
"3014250932","1606319556","0.25"
"1584733007","2096786116","0.2"
"2096786116","1584733007","0.2"
"1584733007","2902230213","0.2"
"2902230213","1584733007","0.2"
"2096786116","2150788954","0.2"
"2150788954","2096786116","0.2"
"2096786116","2461439406","1.2"
"2461439406","2096786116","1.2"
"2096786116","2902230213","0.7"
"2902230213","2096786116","0.7"
"2096786116","55213668","0.2"
"55213668","2096786116","0.2"
"2150788954","2461439406","0.2"
"2461439406","2150788954","0.2"
"2150788954","2902230213","0.2"
"2902230213","2150788954","0.2"
"2461439406","2902230213","0.2"
"2902230213","2461439406","0.2"
"2902230213","55213668","0.2"
"55213668","2902230213","0.2"
"1588019275","2907342222","1"
"2907342222","1588019275","1"
"1606319556","2400776907","1"
"2400776907","1606319556","1"
"1606319556","20729868","1"
"20729868","1606319556","1"
"1606319556","3020846342","1"
"3020846342","1606319556","1"
"1606319556","2047132110","1"
"2047132110","1606319556","1"
"1606319556","2134399783","1"
"2134399783","1606319556","1"
"1644902254","2230461381","0.5"
"2230461381","1644902254","0.5"
"1644902254","2257058996","1.5"
"2257058996","1644902254","1.5"
"2230461381","2257058996","1.5"
"2257058996","2230461381","1.5"
"1644902254","2177032590","0.25"
"2177032590","1644902254","0.25"
"1644902254","2268708260","1.25"
"2268708260","1644902254","1.25"
"1644902254","2406364024","0.25"
"2406364024","1644902254","0.25"
"1644902254","2576363508","0.25"
"2576363508","1644902254","0.25"
"1825219867","2010223412","0.833333"
"2010223412","1825219867","0.833333"
"1825219867","2171382023","0.833333"
"2171382023","1825219867","0.833333"
"2010223412","2171382023","0.833333"
"2171382023","2010223412","0.833333"
"1825219867","2114441423","0.333333"
"2114441423","1825219867","0.333333"
"2010223412","2114441423","0.333333"
"2114441423","2010223412","0.333333"
"2114441423","2171382023","0.333333"
"2171382023","2114441423","0.333333"
"1917589130","2402774349","2"
"2402774349","1917589130","2"
"1917589130","2576363508","1"
"2576363508","1917589130","1"
"2042467908","2230461381","0.25"
"2230461381","2042467908","0.25"
"2042467908","2402204276","0.25"
"2402204276","2042467908","0.25"
"2042467908","2406364024","0.25"
"2406364024","2042467908","0.25"
"2042467908","2902230213","0.25"
"2902230213","2042467908","0.25"
"2230461381","2402204276","0.25"
"2402204276","2230461381","0.25"
"2402204276","2406364024","0.25"
"2406364024","2402204276","0.25"
"2402204276","2902230213","0.25"
"2902230213","2402204276","0.25"
"2042467908","2910922521","1"
"2910922521","2042467908","1"
"2042467908","2402774349","1"
"2402774349","2042467908","1"
"2047132110","2057861900","1.58333"
"2057861900","2047132110","1.58333"
"2047132110","2126551578","0.583333"
"2126551578","2047132110","0.583333"
"2057861900","2588652468","0.583333"
"2588652468","2057861900","0.583333"
"2126551578","2588652468","0.583333"
"2588652468","2126551578","0.583333"
"2047132110","2402774349","0.25"
"2402774349","2047132110","0.25"
"2047132110","2576363508","0.25"
"2576363508","2047132110","0.25"
"2047132110","2907342222","0.25"
"2907342222","2047132110","0.25"
"2047132110","296881569","0.25"
"296881569","2047132110","0.25"
"2402774349","2907342222","0.25"
"2907342222","2402774349","0.25"
"2576363508","2907342222","0.25"
"2907342222","2576363508","0.25"
"2907342222","296881569","0.25"
"296881569","2907342222","0.25"
"2047132110","20729868","1.25"
"20729868","2047132110","1.25"
"2047132110","2400776907","1"
"2400776907","2047132110","1"
"20729868","2126551578","0.25"
"2126551578","20729868","0.25"
"20729868","2588652468","0.25"
"2588652468","20729868","0.25"
"2057861900","2096786116","0.833333"
"2096786116","2057861900","0.833333"
"2057861900","2794666284","0.833333"
"2794666284","2057861900","0.833333"
"2057861900","2114441423","0.25"
"2114441423","2057861900","0.25"
"2057861900","2969015047","0.25"
"2969015047","2057861900","0.25"
"2114441423","2134399783","0.25"
"2134399783","2114441423","0.25"
"2114441423","2969015047","0.25"
"2969015047","2114441423","0.25"
"2114441423","75080421","0.25"
"75080421","2114441423","0.25"
"2134399783","2969015047","0.583333"
"2969015047","2134399783","0.583333"
"2134399783","75080421","0.25"
"75080421","2134399783","0.25"
"2969015047","75080421","0.25"
"75080421","2969015047","0.25"
"2057861900","2294623867","0.333333"
"2294623867","2057861900","0.333333"
"2096786116","2294623867","0.333333"
"2294623867","2096786116","0.333333"
"2294623867","2794666284","0.333333"
"2794666284","2294623867","0.333333"
"2794666284","2902230213","0.5"
"2902230213","2794666284","0.5"
"2107280071","2969015047","1"
"2969015047","2107280071","1"
"2114441423","2268708260","1"
"2268708260","2114441423","1"
"2126551578","2134399783","0.333333"
"2134399783","2126551578","0.333333"
"2126551578","2765710514","0.333333"
"2765710514","2126551578","0.333333"
"2126551578","2969015047","0.333333"
"2969015047","2126551578","0.333333"
"2134399783","2765710514","0.333333"
"2765710514","2134399783","0.333333"
"2765710514","2969015047","0.833333"
"2969015047","2765710514","0.833333"
"2128461848","2505251854","1"
"2505251854","2128461848","1"
"2150788954","3023096642","1"
"3023096642","2150788954","1"
"2177032590","2230461381","0.5"
"2230461381","2177032590","0.5"
"2230461381","2268708260","1.5"
"2268708260","2230461381","1.5"
"2744170202","2913389983","2"
"2913389983","2744170202","2"
"2774522765","2969015047","0.5"
"2969015047","2774522765","0.5"
"2772871751","2907072272","9"
"2907072272","2772871751","9"
"2805781253","2981777576","4.5"
"2981777576","2805781253","4.5"
"2805781253","2999834787","4.5"
"2999834787","2805781253","4.5"
"2981777576","2999834787","37.5"
"2999834787","2981777576","37.5"
"2805781253","2907342222","1"
"2907342222","2805781253","1"
"2907342222","2921695266","2"
"2921695266","2907342222","2"
"2976406183","3012241275","24"
"3012241275","2976406183","24"
