"1467916587","1858821896","0.166667"
"1858821896","1467916587","0.166667"
"1467916587","1870229789","0.25"
"1870229789","1467916587","0.25"
"1467916587","1980072277","0.25"
"1980072277","1467916587","0.25"
"1467916587","1999150313","0.25"
"1999150313","1467916587","0.25"
"1467916587","2044127330","0.25"
"2044127330","1467916587","0.25"
"1467916587","2135113843","0.166667"
"2135113843","1467916587","0.166667"
"1858821896","1870229789","0.277778"
"1870229789","1858821896","0.277778"
"1858821896","1980072277","0.277778"
"1980072277","1858821896","0.277778"
"1858821896","1999150313","0.402778"
"1999150313","1858821896","0.402778"
"1858821896","2044127330","0.166667"
"2044127330","1858821896","0.166667"
"1858821896","2135113843","0.736111"
"2135113843","1858821896","0.736111"
"1870229789","1980072277","3.62778"
"1980072277","1870229789","3.62778"
"1870229789","1999150313","2.12778"
"1999150313","1870229789","2.12778"
"1870229789","2044127330","0.711111"
"2044127330","1870229789","0.711111"
"1870229789","2135113843","0.527778"
"2135113843","1870229789","0.527778"
"1980072277","1999150313","1.62778"
"1999150313","1980072277","1.62778"
"1980072277","2044127330","0.35"
"2044127330","1980072277","0.35"
"1980072277","2135113843","0.277778"
"2135113843","1980072277","0.277778"
"1999150313","2044127330","0.35"
"2044127330","1999150313","0.35"
"1999150313","2135113843","0.402778"
"2135113843","1999150313","0.402778"
"2044127330","2135113843","0.416667"
"2135113843","2044127330","0.416667"
"1467916587","1848079635","0.5"
"1848079635","1467916587","0.5"
"1467916587","1929467508","0.5"
"1929467508","1467916587","0.5"
"1848079635","1929467508","1.75"
"1929467508","1848079635","1.75"
"1467916587","1602767691","0.0833333"
"1602767691","1467916587","0.0833333"
"1467916587","1969780871","0.0833333"
"1969780871","1467916587","0.0833333"
"1467916587","2002483935","0.0833333"
"2002483935","1467916587","0.0833333"
"1467916587","2013207568","0.0833333"
"2013207568","1467916587","0.0833333"
"1467916587","2074510345","0.0833333"
"2074510345","1467916587","0.0833333"
"1467916587","2153012880","0.0833333"
"2153012880","1467916587","0.0833333"
"1467916587","2196688991","0.0833333"
"2196688991","1467916587","0.0833333"
"1467916587","2531839011","0.0833333"
"2531839011","1467916587","0.0833333"
"1602767691","1870229789","0.183333"
"1870229789","1602767691","0.183333"
"1602767691","1969780871","0.183333"
"1969780871","1602767691","0.183333"
"1602767691","1980072277","0.183333"
"1980072277","1602767691","0.183333"
"1602767691","1999150313","0.308333"
"1999150313","1602767691","0.308333"
"1602767691","2002483935","0.308333"
"2002483935","1602767691","0.308333"
"1602767691","2013207568","0.0833333"
"2013207568","1602767691","0.0833333"
"1602767691","2044127330","0.183333"
"2044127330","1602767691","0.183333"
"1602767691","2074510345","0.641667"
"2074510345","1602767691","0.641667"
"1602767691","2153012880","0.183333"
"2153012880","1602767691","0.183333"
"1602767691","2196688991","0.641667"
"2196688991","1602767691","0.641667"
"1602767691","2531839011","0.0833333"
"2531839011","1602767691","0.0833333"
"1870229789","1969780871","0.294444"
"1969780871","1870229789","0.294444"
"1870229789","2002483935","0.294444"
"2002483935","1870229789","0.294444"
"1870229789","2013207568","0.944444"
"2013207568","1870229789","0.944444"
"1870229789","2074510345","0.905556"
"2074510345","1870229789","0.905556"
"1870229789","2153012880","0.405556"
"2153012880","1870229789","0.405556"
"1870229789","2196688991","0.905556"
"2196688991","1870229789","0.905556"
"1870229789","2531839011","0.194444"
"2531839011","1870229789","0.194444"
"1969780871","1980072277","0.183333"
"1980072277","1969780871","0.183333"
"1969780871","1999150313","0.183333"
"1999150313","1969780871","0.183333"
"1969780871","2002483935","0.183333"
"2002483935","1969780871","0.183333"
"1969780871","2013207568","0.694444"
"2013207568","1969780871","0.694444"
"1969780871","2044127330","8.79444"
"2044127330","1969780871","8.79444"
"1969780871","2074510345","0.794444"
"2074510345","1969780871","0.794444"
"1969780871","2153012880","0.294444"
"2153012880","1969780871","0.294444"
"1969780871","2196688991","0.794444"
"2196688991","1969780871","0.794444"
"1969780871","2531839011","0.194444"
"2531839011","1969780871","0.194444"
"1980072277","2002483935","0.294444"
"2002483935","1980072277","0.294444"
"1980072277","2013207568","0.0833333"
"2013207568","1980072277","0.0833333"
"1980072277","2074510345","0.294444"
"2074510345","1980072277","0.294444"
"1980072277","2153012880","0.294444"
"2153012880","1980072277","0.294444"
"1980072277","2196688991","0.294444"
"2196688991","1980072277","0.294444"
"1980072277","2531839011","0.0833333"
"2531839011","1980072277","0.0833333"
"1999150313","2002483935","0.419444"
"2002483935","1999150313","0.419444"
"1999150313","2013207568","0.145833"
"2013207568","1999150313","0.145833"
"1999150313","2074510345","0.419444"
"2074510345","1999150313","0.419444"
"1999150313","2153012880","0.294444"
"2153012880","1999150313","0.294444"
"1999150313","2196688991","0.419444"
"2196688991","1999150313","0.419444"
"1999150313","2531839011","0.470833"
"2531839011","1999150313","0.470833"
"2002483935","2013207568","0.0833333"
"2013207568","2002483935","0.0833333"
"2002483935","2044127330","0.183333"
"2044127330","2002483935","0.183333"
"2002483935","2074510345","0.419444"
"2074510345","2002483935","0.419444"
"2002483935","2153012880","0.294444"
"2153012880","2002483935","0.294444"
"2002483935","2196688991","0.419444"
"2196688991","2002483935","0.419444"
"2002483935","2531839011","0.0833333"
"2531839011","2002483935","0.0833333"
"2013207568","2044127330","1.27778"
"2044127330","2013207568","1.27778"
"2013207568","2074510345","0.194444"
"2074510345","2013207568","0.194444"
"2013207568","2153012880","0.194444"
"2153012880","2013207568","0.194444"
"2013207568","2196688991","0.194444"
"2196688991","2013207568","0.194444"
"2013207568","2531839011","1.84028"
"2531839011","2013207568","1.84028"
"2044127330","2074510345","0.294444"
"2074510345","2044127330","0.294444"
"2044127330","2153012880","0.294444"
"2153012880","2044127330","0.294444"
"2044127330","2196688991","0.294444"
"2196688991","2044127330","0.294444"
"2044127330","2531839011","0.527778"
"2531839011","2044127330","0.527778"
"2074510345","2153012880","0.405556"
"2153012880","2074510345","0.405556"
"2074510345","2196688991","6.69722"
"2196688991","2074510345","6.69722"
"2074510345","2531839011","0.194444"
"2531839011","2074510345","0.194444"
"2153012880","2196688991","0.405556"
"2196688991","2153012880","0.405556"
"2153012880","2531839011","0.194444"
"2531839011","2153012880","0.194444"
"2196688991","2531839011","0.194444"
"2531839011","2196688991","0.194444"
"1572390772","1848079635","1"
"1848079635","1572390772","1"
"1572390772","2059628762","4"
"2059628762","1572390772","4"
"1848079635","2059628762","1.66667"
"2059628762","1848079635","1.66667"
"1602767691","1797245164","0.225"
"1797245164","1602767691","0.225"
"1797245164","1870229789","0.961111"
"1870229789","1797245164","0.961111"
"1797245164","1969780871","0.211111"
"1969780871","1797245164","0.211111"
"1797245164","1980072277","0.1"
"1980072277","1797245164","0.1"
"1797245164","1999150313","0.225"
"1999150313","1797245164","0.225"
"1797245164","2002483935","0.225"
"2002483935","1797245164","0.225"
"1797245164","2044127330","0.461111"
"2044127330","1797245164","0.461111"
"1797245164","2074510345","0.336111"
"2074510345","1797245164","0.336111"
"1797245164","2153012880","0.211111"
"2153012880","1797245164","0.211111"
"1797245164","2196688991","0.336111"
"2196688991","1797245164","0.336111"
"1602767691","1858821896","0.125"
"1858821896","1602767691","0.125"
"1602767691","1929467508","0.125"
"1929467508","1602767691","0.125"
"1602767691","2135113843","0.458333"
"2135113843","1602767691","0.458333"
"1797245164","1858821896","0.125"
"1858821896","1797245164","0.125"
"1797245164","1929467508","0.125"
"1929467508","1797245164","0.125"
"1797245164","2135113843","0.375"
"2135113843","1797245164","0.375"
"1858821896","1929467508","0.236111"
"1929467508","1858821896","0.236111"
"1858821896","2002483935","0.236111"
"2002483935","1858821896","0.236111"
"1858821896","2074510345","0.569444"
"2074510345","1858821896","0.569444"
"1858821896","2196688991","0.569444"
"2196688991","1858821896","0.569444"
"1929467508","1999150313","1.01944"
"1999150313","1929467508","1.01944"
"1929467508","2002483935","0.236111"
"2002483935","1929467508","0.236111"
"1929467508","2074510345","0.236111"
"2074510345","1929467508","0.236111"
"1929467508","2135113843","0.236111"
"2135113843","1929467508","0.236111"
"1929467508","2196688991","0.236111"
"2196688991","1929467508","0.236111"
"2002483935","2135113843","0.236111"
"2135113843","2002483935","0.236111"
"2074510345","2135113843","0.902778"
"2135113843","2074510345","0.902778"
"2135113843","2196688991","0.902778"
"2196688991","2135113843","0.902778"
"1614791616","186479283","0.425"
"186479283","1614791616","0.425"
"1614791616","1993647666","0.425"
"1993647666","1614791616","0.425"
"1614791616","2531839011","0.8"
"2531839011","1614791616","0.8"
"1614791616","2611984270","1.15833"
"2611984270","1614791616","1.15833"
"1614791616","2896177675","0.758333"
"2896177675","1614791616","0.758333"
"186479283","1993647666","1.95833"
"1993647666","186479283","1.95833"
"186479283","2531839011","1.08333"
"2531839011","186479283","1.08333"
"186479283","2611984270","0.525"
"2611984270","186479283","0.525"
"186479283","2896177675","0.625"
"2896177675","186479283","0.625"
"1993647666","2531839011","1.08333"
"2531839011","1993647666","1.08333"
"1993647666","2611984270","0.525"
"2611984270","1993647666","0.525"
"1993647666","2896177675","4.625"
"2896177675","1993647666","4.625"
"2531839011","2611984270","1.6"
"2611984270","2531839011","1.6"
"2531839011","2896177675","2.31111"
"2896177675","2531839011","2.31111"
"2611984270","2896177675","3.55833"
"2896177675","2611984270","3.55833"
"1614791616","2285289283","1"
"2285289283","1614791616","1"
"1614791616","1912489129","0.1"
"1912489129","1614791616","0.1"
"1614791616","1931549135","0.1"
"1931549135","1614791616","0.1"
"1614791616","1980968089","0.225"
"1980968089","1614791616","0.225"
"1614791616","2000537615","0.225"
"2000537615","1614791616","0.225"
"1614791616","2062000653","0.225"
"2062000653","1614791616","0.225"
"1614791616","2174024372","0.225"
"2174024372","1614791616","0.225"
"186479283","1912489129","0.1"
"1912489129","186479283","0.1"
"186479283","1931549135","0.433333"
"1931549135","186479283","0.433333"
"186479283","1980968089","0.225"
"1980968089","186479283","0.225"
"186479283","2000537615","1.475"
"2000537615","186479283","1.475"
"186479283","2062000653","0.225"
"2062000653","186479283","0.225"
"186479283","2174024372","0.225"
"2174024372","186479283","0.225"
"1912489129","1931549135","0.1"
"1931549135","1912489129","0.1"
"1912489129","1980968089","0.1"
"1980968089","1912489129","0.1"
"1912489129","1993647666","0.1"
"1993647666","1912489129","0.1"
"1912489129","2000537615","0.1"
"2000537615","1912489129","0.1"
"1912489129","2062000653","0.1"
"2062000653","1912489129","0.1"
"1912489129","2174024372","0.1"
"2174024372","1912489129","0.1"
"1912489129","2531839011","0.1"
"2531839011","1912489129","0.1"
"1912489129","2896177675","0.1"
"2896177675","1912489129","0.1"
"1931549135","1980968089","0.1"
"1980968089","1931549135","0.1"
"1931549135","1993647666","0.433333"
"1993647666","1931549135","0.433333"
"1931549135","2000537615","0.1"
"2000537615","1931549135","0.1"
"1931549135","2062000653","0.1"
"2062000653","1931549135","0.1"
"1931549135","2174024372","0.1"
"2174024372","1931549135","0.1"
"1931549135","2531839011","0.1"
"2531839011","1931549135","0.1"
"1931549135","2896177675","0.1"
"2896177675","1931549135","0.1"
"1980968089","1993647666","0.308333"
"1993647666","1980968089","0.308333"
"1980968089","2000537615","1.65417"
"2000537615","1980968089","1.65417"
"1980968089","2062000653","1.40417"
"2062000653","1980968089","1.40417"
"1980968089","2174024372","0.308333"
"2174024372","1980968089","0.308333"
"1980968089","2531839011","0.370833"
"2531839011","1980968089","0.370833"
"1980968089","2896177675","0.475"
"2896177675","1980968089","0.475"
"1993647666","2000537615","0.475"
"2000537615","1993647666","0.475"
"1993647666","2062000653","0.308333"
"2062000653","1993647666","0.308333"
"1993647666","2174024372","0.308333"
"2174024372","1993647666","0.308333"
"2000537615","2062000653","1.7375"
"2062000653","2000537615","1.7375"
"2000537615","2174024372","2.30833"
"2174024372","2000537615","2.30833"
"2000537615","2531839011","1.99583"
"2531839011","2000537615","1.99583"
"2000537615","2896177675","1.225"
"2896177675","2000537615","1.225"
"2062000653","2174024372","0.308333"
"2174024372","2062000653","0.308333"
"2062000653","2531839011","0.245833"
"2531839011","2062000653","0.245833"
"2062000653","2896177675","0.225"
"2896177675","2062000653","0.225"
"2174024372","2531839011","0.183333"
"2531839011","2174024372","0.183333"
"2174024372","2896177675","0.225"
"2896177675","2174024372","0.225"
"1980968089","2611984270","0.125"
"2611984270","1980968089","0.125"
"2000537615","2611984270","0.125"
"2611984270","2000537615","0.125"
"2062000653","2611984270","0.625"
"2611984270","2062000653","0.625"
"2174024372","2611984270","0.125"
"2611984270","2174024372","0.125"
"1614791616","2016323631","0.333333"
"2016323631","1614791616","0.333333"
"2016323631","2611984270","0.333333"
"2611984270","2016323631","0.333333"
"2016323631","2896177675","0.333333"
"2896177675","2016323631","0.333333"
"1759619438","1872014673","0.0833333"
"1872014673","1759619438","0.0833333"
"1759619438","1954539747","0.0833333"
"1954539747","1759619438","0.0833333"
"1759619438","1980968089","0.0833333"
"1980968089","1759619438","0.0833333"
"1759619438","1993647666","1.08333"
"1993647666","1759619438","1.08333"
"1759619438","2000537615","0.0833333"
"2000537615","1759619438","0.0833333"
"1759619438","2044944372","0.0833333"
"2044944372","1759619438","0.0833333"
"1759619438","2062000653","0.0833333"
"2062000653","1759619438","0.0833333"
"1759619438","2134479172","0.0833333"
"2134479172","1759619438","0.0833333"
"1759619438","2174024372","0.0833333"
"2174024372","1759619438","0.0833333"
"1759619438","2285289283","0.0833333"
"2285289283","1759619438","0.0833333"
"1759619438","2531839011","0.0833333"
"2531839011","1759619438","0.0833333"
"1759619438","98300812","0.0833333"
"98300812","1759619438","0.0833333"
"1872014673","1954539747","0.333333"
"1954539747","1872014673","0.333333"
"1872014673","1980968089","0.333333"
"1980968089","1872014673","0.333333"
"1872014673","1993647666","0.0833333"
"1993647666","1872014673","0.0833333"
"1872014673","2000537615","1.58333"
"2000537615","1872014673","1.58333"
"1872014673","2044944372","0.333333"
"2044944372","1872014673","0.333333"
"1872014673","2062000653","0.0833333"
"2062000653","1872014673","0.0833333"
"1872014673","2134479172","0.0833333"
"2134479172","1872014673","0.0833333"
"1872014673","2174024372","0.833333"
"2174024372","1872014673","0.833333"
"1872014673","2285289283","0.0833333"
"2285289283","1872014673","0.0833333"
"1872014673","2531839011","0.0833333"
"2531839011","1872014673","0.0833333"
"1872014673","98300812","0.333333"
"98300812","1872014673","0.333333"
"1954539747","1980968089","1.39583"
"1980968089","1954539747","1.39583"
"1954539747","1993647666","0.0833333"
"1993647666","1954539747","0.0833333"
"1954539747","2000537615","0.395833"
"2000537615","1954539747","0.395833"
"1954539747","2044944372","1.14583"
"2044944372","1954539747","1.14583"
"1954539747","2062000653","0.645833"
"2062000653","1954539747","0.645833"
"1954539747","2134479172","0.0833333"
"2134479172","1954539747","0.0833333"
"1954539747","2174024372","0.0833333"
"2174024372","1954539747","0.0833333"
"1954539747","2285289283","0.395833"
"2285289283","1954539747","0.395833"
"1954539747","2531839011","0.145833"
"2531839011","1954539747","0.145833"
"1954539747","98300812","1.14583"
"98300812","1954539747","1.14583"
"1980968089","2044944372","1.60417"
"2044944372","1980968089","1.60417"
"1980968089","2134479172","0.0833333"
"2134479172","1980968089","0.0833333"
"1980968089","2285289283","0.395833"
"2285289283","1980968089","0.395833"
"1980968089","98300812","0.145833"
"98300812","1980968089","0.145833"
"1993647666","2044944372","0.25"
"2044944372","1993647666","0.25"
"1993647666","2134479172","0.0833333"
"2134479172","1993647666","0.0833333"
"1993647666","2285289283","0.0833333"
"2285289283","1993647666","0.0833333"
"1993647666","98300812","0.0833333"
"98300812","1993647666","0.0833333"
"2000537615","2044944372","1.5625"
"2044944372","2000537615","1.5625"
"2000537615","2134479172","0.0833333"
"2134479172","2000537615","0.0833333"
"2000537615","2285289283","2.39583"
"2285289283","2000537615","2.39583"
"2000537615","98300812","1.14583"
"98300812","2000537615","1.14583"
"2044944372","2062000653","0.145833"
"2062000653","2044944372","0.145833"
"2044944372","2134479172","0.0833333"
"2134479172","2044944372","0.0833333"
"2044944372","2174024372","0.333333"
"2174024372","2044944372","0.333333"
"2044944372","2285289283","0.395833"
"2285289283","2044944372","0.395833"
"2044944372","2531839011","0.270833"
"2531839011","2044944372","0.270833"
"2044944372","98300812","0.395833"
"98300812","2044944372","0.395833"
"2062000653","2134479172","0.583333"
"2134479172","2062000653","0.583333"
"2062000653","2285289283","0.145833"
"2285289283","2062000653","0.145833"
"2062000653","98300812","1.14583"
"98300812","2062000653","1.14583"
"2134479172","2174024372","0.0833333"
"2174024372","2134479172","0.0833333"
"2134479172","2285289283","0.0833333"
"2285289283","2134479172","0.0833333"
"2134479172","2531839011","0.0833333"
"2531839011","2134479172","0.0833333"
"2134479172","98300812","0.0833333"
"98300812","2134479172","0.0833333"
"2174024372","2285289283","0.583333"
"2285289283","2174024372","0.583333"
"2174024372","98300812","0.333333"
"98300812","2174024372","0.333333"
"2285289283","2531839011","0.395833"
"2531839011","2285289283","0.395833"
"2285289283","98300812","0.145833"
"98300812","2285289283","0.145833"
"2531839011","98300812","0.145833"
"98300812","2531839011","0.145833"
"1767916951","1929467508","0.2"
"1929467508","1767916951","0.2"
"1767916951","1999150313","0.2"
"1999150313","1767916951","0.2"
"1767916951","2531839011","0.2"
"2531839011","1767916951","0.2"
"1767916951","2611984270","0.2"
"2611984270","1767916951","0.2"
"1767916951","2896177675","0.2"
"2896177675","1767916951","0.2"
"1929467508","2531839011","0.2"
"2531839011","1929467508","0.2"
"1929467508","2611984270","0.2"
"2611984270","1929467508","0.2"
"1929467508","2896177675","0.2"
"2896177675","1929467508","0.2"
"1999150313","2611984270","0.2"
"2611984270","1999150313","0.2"
"1999150313","2896177675","0.7"
"2896177675","1999150313","0.7"
"1797245164","2013207568","0.861111"
"2013207568","1797245164","0.861111"
"1797245164","2531839011","0.111111"
"2531839011","1797245164","0.111111"
"1797245164","2896177675","0.111111"
"2896177675","1797245164","0.111111"
"1870229789","2896177675","0.611111"
"2896177675","1870229789","0.611111"
"1969780871","2896177675","0.111111"
"2896177675","1969780871","0.111111"
"2013207568","2896177675","0.111111"
"2896177675","2013207568","0.111111"
"2044127330","2896177675","0.111111"
"2896177675","2044127330","0.111111"
"2074510345","2896177675","0.111111"
"2896177675","2074510345","0.111111"
"2153012880","2896177675","0.111111"
"2896177675","2153012880","0.111111"
"2196688991","2896177675","0.111111"
"2896177675","2196688991","0.111111"
"1797245164","186479283","0.333333"
"186479283","1797245164","0.333333"
"1797245164","1931549135","0.333333"
"1931549135","1797245164","0.333333"
"1797245164","1993647666","0.333333"
"1993647666","1797245164","0.333333"
"2013207568","2135113843","0.25"
"2135113843","2013207568","0.25"
"1848079635","1958810535","1.6875"
"1958810535","1848079635","1.6875"
"1848079635","2044944372","2.27083"
"2044944372","1848079635","2.27083"
"1848079635","2090892329","2.10417"
"2090892329","1848079635","2.10417"
"1848079635","2611984270","0.25"
"2611984270","1848079635","0.25"
"1958810535","2044944372","0.4375"
"2044944372","1958810535","0.4375"
"1958810535","2090892329","1.6875"
"2090892329","1958810535","1.6875"
"1958810535","2611984270","0.25"
"2611984270","1958810535","0.25"
"2044944372","2090892329","0.604167"
"2090892329","2044944372","0.604167"
"2044944372","2611984270","0.25"
"2611984270","2044944372","0.25"
"2090892329","2611984270","0.25"
"2611984270","2090892329","0.25"
"1848079635","1954539747","0.5625"
"1954539747","1848079635","0.5625"
"1848079635","2119078262","1.30417"
"2119078262","1848079635","1.30417"
"1954539747","1958810535","0.3125"
"1958810535","1954539747","0.3125"
"1954539747","2090892329","0.3125"
"2090892329","1954539747","0.3125"
"1954539747","2119078262","0.8125"
"2119078262","1954539747","0.8125"
"1958810535","2119078262","0.4375"
"2119078262","1958810535","0.4375"
"2090892329","2119078262","0.604167"
"2119078262","2090892329","0.604167"
"2044944372","2059628762","0.666667"
"2059628762","2044944372","0.666667"
"2044944372","2119078262","3.6875"
"2119078262","2044944372","3.6875"
"1848079635","1940862782","1.04167"
"1940862782","1848079635","1.04167"
"1848079635","1999150313","2.1375"
"1999150313","1848079635","2.1375"
"1929467508","1940862782","0.25"
"1940862782","1929467508","0.25"
"1929467508","2090892329","0.25"
"2090892329","1929467508","0.25"
"1940862782","1999150313","0.375"
"1999150313","1940862782","0.375"
"1940862782","2090892329","0.541667"
"2090892329","1940862782","0.541667"
"1999150313","2090892329","0.4375"
"2090892329","1999150313","0.4375"
"1848079635","2000537615","1.7625"
"2000537615","1848079635","1.7625"
"1848079635","2062000653","0.595833"
"2062000653","1848079635","0.595833"
"1999150313","2000537615","0.595833"
"2000537615","1999150313","0.595833"
"1999150313","2062000653","0.595833"
"2062000653","1999150313","0.595833"
"1940862782","2044944372","0.791667"
"2044944372","1940862782","0.791667"
"1848079635","1980968089","0.6375"
"1980968089","1848079635","0.6375"
"1848079635","2013207568","0.0625"
"2013207568","1848079635","0.0625"
"1848079635","2041870456","0.0625"
"2041870456","1848079635","0.0625"
"1848079635","2108842918","0.0625"
"2108842918","1848079635","0.0625"
"1848079635","2169763803","0.0625"
"2169763803","1848079635","0.0625"
"1848079635","2285289283","0.5625"
"2285289283","1848079635","0.5625"
"1848079635","2531839011","0.6875"
"2531839011","1848079635","0.6875"
"1848079635","98300812","0.0625"
"98300812","1848079635","0.0625"
"1954539747","1999150313","0.0625"
"1999150313","1954539747","0.0625"
"1954539747","2013207568","0.0625"
"2013207568","1954539747","0.0625"
"1954539747","2041870456","0.0625"
"2041870456","1954539747","0.0625"
"1954539747","2108842918","0.0625"
"2108842918","1954539747","0.0625"
"1954539747","2169763803","0.0625"
"2169763803","1954539747","0.0625"
"1958810535","1980968089","0.1875"
"1980968089","1958810535","0.1875"
"1958810535","1999150313","0.520833"
"1999150313","1958810535","0.520833"
"1958810535","2000537615","0.0625"
"2000537615","1958810535","0.0625"
"1958810535","2013207568","0.0625"
"2013207568","1958810535","0.0625"
"1958810535","2041870456","0.0625"
"2041870456","1958810535","0.0625"
"1958810535","2062000653","0.0625"
"2062000653","1958810535","0.0625"
"1958810535","2108842918","0.0625"
"2108842918","1958810535","0.0625"
"1958810535","2169763803","0.395833"
"2169763803","1958810535","0.395833"
"1958810535","2285289283","0.0625"
"2285289283","1958810535","0.0625"
"1958810535","2531839011","0.1875"
"2531839011","1958810535","0.1875"
"1958810535","98300812","0.0625"
"98300812","1958810535","0.0625"
"1980968089","1999150313","0.720833"
"1999150313","1980968089","0.720833"
"1980968089","2013207568","0.0625"
"2013207568","1980968089","0.0625"
"1980968089","2041870456","0.0625"
"2041870456","1980968089","0.0625"
"1980968089","2090892329","0.1875"
"2090892329","1980968089","0.1875"
"1980968089","2108842918","0.0625"
"2108842918","1980968089","0.0625"
"1980968089","2119078262","1.55417"
"2119078262","1980968089","1.55417"
"1980968089","2169763803","0.0625"
"2169763803","1980968089","0.0625"
"1999150313","2041870456","0.0625"
"2041870456","1999150313","0.0625"
"1999150313","2044944372","0.6875"
"2044944372","1999150313","0.6875"
"1999150313","2108842918","0.0625"
"2108842918","1999150313","0.0625"
"1999150313","2119078262","0.720833"
"2119078262","1999150313","0.720833"
"1999150313","2169763803","0.395833"
"2169763803","1999150313","0.395833"
"1999150313","2285289283","0.0625"
"2285289283","1999150313","0.0625"
"1999150313","98300812","0.0625"
"98300812","1999150313","0.0625"
"2000537615","2013207568","0.3125"
"2013207568","2000537615","0.3125"
"2000537615","2041870456","0.0625"
"2041870456","2000537615","0.0625"
"2000537615","2090892329","0.229167"
"2090892329","2000537615","0.229167"
"2000537615","2108842918","0.0625"
"2108842918","2000537615","0.0625"
"2000537615","2119078262","1.0125"
"2119078262","2000537615","1.0125"
"2000537615","2169763803","0.0625"
"2169763803","2000537615","0.0625"
"2013207568","2041870456","0.0625"
"2041870456","2013207568","0.0625"
"2013207568","2044944372","0.0625"
"2044944372","2013207568","0.0625"
"2013207568","2062000653","0.0625"
"2062000653","2013207568","0.0625"
"2013207568","2090892329","0.0625"
"2090892329","2013207568","0.0625"
"2013207568","2108842918","0.0625"
"2108842918","2013207568","0.0625"
"2013207568","2119078262","0.0625"
"2119078262","2013207568","0.0625"
"2013207568","2169763803","0.0625"
"2169763803","2013207568","0.0625"
"2013207568","2285289283","0.3125"
"2285289283","2013207568","0.3125"
"2013207568","98300812","0.0625"
"98300812","2013207568","0.0625"
"2041870456","2044944372","0.0625"
"2044944372","2041870456","0.0625"
"2041870456","2062000653","0.0625"
"2062000653","2041870456","0.0625"
"2041870456","2090892329","0.0625"
"2090892329","2041870456","0.0625"
"2041870456","2108842918","0.0625"
"2108842918","2041870456","0.0625"
"2041870456","2119078262","0.0625"
"2119078262","2041870456","0.0625"
"2041870456","2169763803","0.0625"
"2169763803","2041870456","0.0625"
"2041870456","2285289283","0.0625"
"2285289283","2041870456","0.0625"
"2041870456","2531839011","0.0625"
"2531839011","2041870456","0.0625"
"2041870456","98300812","0.0625"
"98300812","2041870456","0.0625"
"2044944372","2108842918","0.3125"
"2108842918","2044944372","0.3125"
"2044944372","2169763803","0.0625"
"2169763803","2044944372","0.0625"
"2062000653","2090892329","0.0625"
"2090892329","2062000653","0.0625"
"2062000653","2108842918","0.5625"
"2108842918","2062000653","0.5625"
"2062000653","2119078262","0.595833"
"2119078262","2062000653","0.595833"
"2062000653","2169763803","0.0625"
"2169763803","2062000653","0.0625"
"2090892329","2108842918","0.0625"
"2108842918","2090892329","0.0625"
"2090892329","2169763803","0.0625"
"2169763803","2090892329","0.0625"
"2090892329","2285289283","0.0625"
"2285289283","2090892329","0.0625"
"2090892329","2531839011","0.1875"
"2531839011","2090892329","0.1875"
"2090892329","98300812","0.0625"
"98300812","2090892329","0.0625"
"2108842918","2119078262","0.0625"
"2119078262","2108842918","0.0625"
"2108842918","2169763803","0.0625"
"2169763803","2108842918","0.0625"
"2108842918","2285289283","0.0625"
"2285289283","2108842918","0.0625"
"2108842918","2531839011","1.0625"
"2531839011","2108842918","1.0625"
"2108842918","98300812","0.3125"
"98300812","2108842918","0.3125"
"2119078262","2169763803","0.0625"
"2169763803","2119078262","0.0625"
"2119078262","2285289283","0.3125"
"2285289283","2119078262","0.3125"
"2119078262","2531839011","0.1875"
"2531839011","2119078262","0.1875"
"2119078262","98300812","0.0625"
"98300812","2119078262","0.0625"
"2169763803","2285289283","0.0625"
"2285289283","2169763803","0.0625"
"2169763803","2531839011","1.0625"
"2531839011","2169763803","1.0625"
"2169763803","98300812","0.0625"
"98300812","2169763803","0.0625"
"1848079635","1872014673","0.25"
"1872014673","1848079635","0.25"
"1848079635","2896177675","0.25"
"2896177675","1848079635","0.25"
"1872014673","2896177675","0.25"
"2896177675","1872014673","0.25"
"1954539747","2896177675","0.25"
"2896177675","1954539747","0.25"
"1848079635","1870229789","0.166667"
"1870229789","1848079635","0.166667"
"1848079635","1931549135","0.166667"
"1931549135","1848079635","0.166667"
"1848079635","1980072277","0.166667"
"1980072277","1848079635","0.166667"
"1870229789","1931549135","0.166667"
"1931549135","1870229789","0.166667"
"1870229789","2044944372","0.166667"
"2044944372","1870229789","0.166667"
"1870229789","2059628762","0.166667"
"2059628762","1870229789","0.166667"
"1931549135","1980072277","0.166667"
"1980072277","1931549135","0.166667"
"1931549135","1999150313","0.166667"
"1999150313","1931549135","0.166667"
"1931549135","2044944372","0.166667"
"2044944372","1931549135","0.166667"
"1931549135","2059628762","0.166667"
"2059628762","1931549135","0.166667"
"1980072277","2044944372","0.166667"
"2044944372","1980072277","0.166667"
"1980072277","2059628762","0.166667"
"2059628762","1980072277","0.166667"
"1999150313","2059628762","0.166667"
"2059628762","1999150313","0.166667"
"1848079635","1993647666","0.166667"
"1993647666","1848079635","0.166667"
"1940862782","1993647666","0.166667"
"1993647666","1940862782","0.166667"
"1940862782","2000537615","0.166667"
"2000537615","1940862782","0.166667"
"1940862782","2119078262","0.291667"
"2119078262","1940862782","0.291667"
"1993647666","2090892329","0.166667"
"2090892329","1993647666","0.166667"
"1993647666","2119078262","0.166667"
"2119078262","1993647666","0.166667"
"1940862782","1958810535","0.125"
"1958810535","1940862782","0.125"
"1940862782","1980968089","0.125"
"1980968089","1940862782","0.125"
"1940862782","2531839011","0.125"
"2531839011","1940862782","0.125"
"1858821896","2153012880","0.111111"
"2153012880","1858821896","0.111111"
"1870229789","1929467508","0.111111"
"1929467508","1870229789","0.111111"
"1929467508","1980072277","0.111111"
"1980072277","1929467508","0.111111"
"1929467508","2153012880","0.111111"
"2153012880","1929467508","0.111111"
"2135113843","2153012880","0.111111"
"2153012880","2135113843","0.111111"
"186479283","2013207568","0.583333"
"2013207568","186479283","0.583333"
"186479283","2285289283","0.25"
"2285289283","186479283","0.25"
"186479283","2074510345","0.5"
"2074510345","186479283","0.5"
"186479283","2196688991","0.5"
"2196688991","186479283","0.5"
"186479283","2044127330","0.333333"
"2044127330","186479283","0.333333"
"186479283","2059628762","0.2"
"2059628762","186479283","0.2"
"1993647666","2059628762","0.7"
"2059628762","1993647666","0.7"
"2059628762","2531839011","2.7"
"2531839011","2059628762","2.7"
"2059628762","2611984270","0.2"
"2611984270","2059628762","0.2"
"2059628762","2896177675","2.2"
"2896177675","2059628762","2.2"
"1872014673","2108842918","0.25"
"2108842918","1872014673","0.25"
"2108842918","2174024372","0.25"
"2174024372","2108842918","0.25"
"1912489129","2059628762","1"
"2059628762","1912489129","1"
"1929467508","1958810535","0.333333"
"1958810535","1929467508","0.333333"
"1929467508","2169763803","0.333333"
"2169763803","1929467508","0.333333"
"1931549135","2108398071","3"
"2108398071","1931549135","3"
"1948751791","2108842918","1"
"2108842918","1948751791","1"
"1954539747","2611984270","0.5"
"2611984270","1954539747","0.5"
"2108842918","2134479172","0.5"
"2134479172","2108842918","0.5"
