"119458596","2161304134","4.82738"
"2161304134","119458596","4.82738"
"119458596","2097559038","0.175"
"2097559038","119458596","0.175"
"119458596","2124204971","0.175"
"2124204971","119458596","0.175"
"119458596","2146817586","0.175"
"2146817586","119458596","0.175"
"119458596","2148558021","1.86071"
"2148558021","119458596","1.86071"
"119458596","2165051314","3.04405"
"2165051314","119458596","3.04405"
"119458596","2165336981","0.734524"
"2165336981","119458596","0.734524"
"119458596","25438086","0.175"
"25438086","119458596","0.175"
"2097559038","2124204971","0.320455"
"2124204971","2097559038","0.320455"
"2097559038","2146817586","0.520887"
"2146817586","2097559038","0.520887"
"2097559038","2148558021","0.287121"
"2148558021","2097559038","0.287121"
"2097559038","2161304134","0.175"
"2161304134","2097559038","0.175"
"2097559038","2165051314","11.7042"
"2165051314","2097559038","11.7042"
"2097559038","2165336981","0.125"
"2165336981","2097559038","0.125"
"2097559038","25438086","0.870887"
"25438086","2097559038","0.870887"
"2124204971","2146817586","0.220455"
"2146817586","2124204971","0.220455"
"2124204971","2148558021","1.25379"
"2148558021","2124204971","1.25379"
"2124204971","2161304134","0.175"
"2161304134","2124204971","0.175"
"2124204971","2165051314","5.47045"
"2165051314","2124204971","5.47045"
"2124204971","2165336981","0.325"
"2165336981","2124204971","0.325"
"2124204971","25438086","1.08712"
"25438086","2124204971","1.08712"
"2146817586","2148558021","0.287121"
"2148558021","2146817586","0.287121"
"2146817586","2161304134","0.508333"
"2161304134","2146817586","0.508333"
"2146817586","2165051314","10.582"
"2165051314","2146817586","10.582"
"2146817586","2165336981","0.125"
"2165336981","2146817586","0.125"
"2146817586","25438086","0.965332"
"25438086","2146817586","0.965332"
"2148558021","2161304134","0.860714"
"2161304134","2148558021","0.860714"
"2148558021","2165051314","20.6728"
"2165051314","2148558021","20.6728"
"2148558021","2165336981","0.667857"
"2165336981","2148558021","0.667857"
"2148558021","25438086","1.35379"
"25438086","2148558021","1.35379"
"2161304134","2165051314","1.62738"
"2165051314","2161304134","1.62738"
"2161304134","2165336981","0.567857"
"2165336981","2161304134","0.567857"
"2161304134","25438086","0.175"
"25438086","2161304134","0.175"
"2165051314","2165336981","0.767857"
"2165336981","2165051314","0.767857"
"2165051314","25438086","10.2487"
"25438086","2165051314","10.2487"
"2165336981","25438086","0.125"
"25438086","2165336981","0.125"
"119458596","1994072042","0.392857"
"1994072042","119458596","0.392857"
"119458596","2125147480","0.142857"
"2125147480","119458596","0.142857"
"119458596","2155025169","0.142857"
"2155025169","119458596","0.142857"
"119458596","2155811000","1.12619"
"2155811000","119458596","1.12619"
"1994072042","2125147480","0.142857"
"2125147480","1994072042","0.142857"
"1994072042","2148558021","0.354978"
"2148558021","1994072042","0.354978"
"1994072042","2155025169","0.142857"
"2155025169","1994072042","0.142857"
"1994072042","2155811000","2.97367"
"2155811000","1994072042","2.97367"
"1994072042","2161304134","0.142857"
"2161304134","1994072042","0.142857"
"1994072042","2165051314","1.97367"
"2165051314","1994072042","1.97367"
"2125147480","2148558021","0.142857"
"2148558021","2125147480","0.142857"
"2125147480","2155025169","0.642857"
"2155025169","2125147480","0.642857"
"2125147480","2155811000","2.14286"
"2155811000","2125147480","2.14286"
"2125147480","2161304134","0.142857"
"2161304134","2125147480","0.142857"
"2125147480","2165051314","0.142857"
"2165051314","2125147480","0.142857"
"2148558021","2155025169","0.342857"
"2155025169","2148558021","0.342857"
"2148558021","2155811000","0.738312"
"2155811000","2148558021","0.738312"
"2155025169","2155811000","0.142857"
"2155811000","2155025169","0.142857"
"2155025169","2161304134","0.142857"
"2161304134","2155025169","0.142857"
"2155025169","2165051314","0.542857"
"2165051314","2155025169","0.542857"
"2155811000","2161304134","1.12619"
"2161304134","2155811000","1.12619"
"2155811000","2165051314","2.93319"
"2165051314","2155811000","2.93319"
"119458596","2033955170","3.96667"
"2033955170","119458596","3.96667"
"2033955170","2161304134","4.63333"
"2161304134","2033955170","4.63333"
"119458596","2136454326","0.25"
"2136454326","119458596","0.25"
"119458596","2146242224","0.25"
"2146242224","119458596","0.25"
"2136454326","2146242224","0.723232"
"2146242224","2136454326","0.723232"
"2136454326","2148558021","0.562121"
"2148558021","2136454326","0.562121"
"2136454326","2161304134","0.25"
"2161304134","2136454326","0.25"
"2136454326","2165051314","3.50657"
"2165051314","2136454326","3.50657"
"2146242224","2148558021","0.428788"
"2148558021","2146242224","0.428788"
"2146242224","2161304134","0.583333"
"2161304134","2146242224","0.583333"
"2146242224","2165051314","10.1641"
"2165051314","2146242224","10.1641"
"119458596","1978580638","0.366667"
"1978580638","119458596","0.366667"
"119458596","2896078687","0.366667"
"2896078687","119458596","0.366667"
"119458596","2937541351","0.366667"
"2937541351","119458596","0.366667"
"1978580638","2033955170","0.7"
"2033955170","1978580638","0.7"
"1978580638","2161304134","0.2"
"2161304134","1978580638","0.2"
"1978580638","2896078687","1.2"
"2896078687","1978580638","1.2"
"1978580638","2937541351","1.2"
"2937541351","1978580638","1.2"
"2033955170","2896078687","1.53333"
"2896078687","2033955170","1.53333"
"2033955170","2937541351","1.53333"
"2937541351","2033955170","1.53333"
"2161304134","2896078687","0.533333"
"2896078687","2161304134","0.533333"
"2161304134","2937541351","0.533333"
"2937541351","2161304134","0.533333"
"2896078687","2937541351","11.8667"
"2937541351","2896078687","11.8667"
"119458596","2142783231","0.3"
"2142783231","119458596","0.3"
"2142783231","2148558021","0.9"
"2148558021","2142783231","0.9"
"2142783231","2161304134","0.3"
"2161304134","2142783231","0.3"
"2142783231","2165051314","2.7"
"2165051314","2142783231","2.7"
"2142783231","2165336981","1.5"
"2165336981","2142783231","1.5"
"119458596","2156850122","0.692857"
"2156850122","119458596","0.692857"
"2156850122","2165051314","2.82165"
"2165051314","2156850122","2.82165"
"119458596","2042542628","0.3"
"2042542628","119458596","0.3"
"119458596","2137330442","0.3"
"2137330442","119458596","0.3"
"1994072042","2042542628","2.2197"
"2042542628","1994072042","2.2197"
"1994072042","2137330442","1.29545"
"2137330442","1994072042","1.29545"
"2042542628","2137330442","7.43117"
"2137330442","2042542628","7.43117"
"2042542628","2165051314","1.20541"
"2165051314","2042542628","1.20541"
"2137330442","2165051314","1.13117"
"2165051314","2137330442","1.13117"
"119458596","2170064244","0.47619"
"2170064244","119458596","0.47619"
"119458596","2219773643","0.47619"
"2219773643","119458596","0.47619"
"2161304134","2170064244","0.97619"
"2170064244","2161304134","0.97619"
"2161304134","2219773643","0.97619"
"2219773643","2161304134","0.97619"
"2170064244","2219773643","8.657"
"2219773643","2170064244","8.657"
"119458596","2071380303","0.15"
"2071380303","119458596","0.15"
"119458596","2103283929","0.15"
"2103283929","119458596","0.15"
"119458596","2107054196","0.15"
"2107054196","119458596","0.15"
"119458596","2736227267","0.1"
"2736227267","119458596","0.1"
"2033955170","2071380303","0.1"
"2071380303","2033955170","0.1"
"2033955170","2103283929","0.1"
"2103283929","2033955170","0.1"
"2033955170","2107054196","0.6"
"2107054196","2033955170","0.6"
"2033955170","2142783231","0.1"
"2142783231","2033955170","0.1"
"2033955170","2155811000","0.1"
"2155811000","2033955170","0.1"
"2033955170","2165051314","0.35"
"2165051314","2033955170","0.35"
"2033955170","2165336981","0.266667"
"2165336981","2033955170","0.266667"
"2033955170","2736227267","0.35"
"2736227267","2033955170","0.35"
"2071380303","2103283929","0.362121"
"2103283929","2071380303","0.362121"
"2071380303","2107054196","0.295455"
"2107054196","2071380303","0.295455"
"2071380303","2142783231","0.1"
"2142783231","2071380303","0.1"
"2071380303","2155811000","0.286364"
"2155811000","2071380303","0.286364"
"2071380303","2161304134","0.15"
"2161304134","2071380303","0.15"
"2071380303","2165051314","2.75303"
"2165051314","2071380303","2.75303"
"2071380303","2165336981","0.1"
"2165336981","2071380303","0.1"
"2071380303","2736227267","0.2"
"2736227267","2071380303","0.2"
"2103283929","2107054196","0.262121"
"2107054196","2103283929","0.262121"
"2103283929","2142783231","0.35"
"2142783231","2103283929","0.35"
"2103283929","2155811000","0.695455"
"2155811000","2103283929","0.695455"
"2103283929","2161304134","0.15"
"2161304134","2103283929","0.15"
"2103283929","2165051314","2.04545"
"2165051314","2103283929","2.04545"
"2103283929","2165336981","0.1"
"2165336981","2103283929","0.1"
"2103283929","2736227267","0.1"
"2736227267","2103283929","0.1"
"2107054196","2142783231","0.1"
"2142783231","2107054196","0.1"
"2107054196","2155811000","0.195455"
"2155811000","2107054196","0.195455"
"2107054196","2161304134","0.65"
"2161304134","2107054196","0.65"
"2107054196","2165051314","5.67879"
"2165051314","2107054196","5.67879"
"2107054196","2165336981","0.1"
"2165336981","2107054196","0.1"
"2107054196","2736227267","0.2"
"2736227267","2107054196","0.2"
"2142783231","2155811000","0.1"
"2155811000","2142783231","0.1"
"2142783231","2736227267","0.3"
"2736227267","2142783231","0.3"
"2155811000","2165336981","1.1"
"2165336981","2155811000","1.1"
"2155811000","2736227267","0.1"
"2736227267","2155811000","0.1"
"2161304134","2736227267","0.1"
"2736227267","2161304134","0.1"
"2165051314","2736227267","1.35"
"2736227267","2165051314","1.35"
"2165336981","2736227267","0.3"
"2736227267","2165336981","0.3"
"2148558021","2156850122","0.371645"
"2156850122","2148558021","0.371645"
"2148558021","2170064244","0.588312"
"2170064244","2148558021","0.588312"
"2148558021","2219773643","0.588312"
"2219773643","2148558021","0.588312"
"2156850122","2161304134","0.192857"
"2161304134","2156850122","0.192857"
"2156850122","2165336981","0.142857"
"2165336981","2156850122","0.142857"
"2156850122","2170064244","0.254978"
"2170064244","2156850122","0.254978"
"2156850122","2219773643","0.254978"
"2219773643","2156850122","0.254978"
"2165051314","2170064244","1.32367"
"2170064244","2165051314","1.32367"
"2165051314","2219773643","1.32367"
"2219773643","2165051314","1.32367"
"2165336981","2170064244","0.142857"
"2170064244","2165336981","0.142857"
"2165336981","2219773643","0.142857"
"2219773643","2165336981","0.142857"
"119458596","2105306256","0.05"
"2105306256","119458596","0.05"
"119458596","2140031326","0.05"
"2140031326","119458596","0.05"
"119458596","2531912041","0.05"
"2531912041","119458596","0.05"
"119458596","29869801","0.05"
"29869801","119458596","0.05"
"2042542628","2071380303","0.436364"
"2071380303","2042542628","0.436364"
"2042542628","2097559038","0.395887"
"2097559038","2042542628","0.395887"
"2042542628","2103283929","0.0954545"
"2103283929","2042542628","0.0954545"
"2042542628","2105306256","0.162121"
"2105306256","2042542628","0.162121"
"2042542628","2107054196","0.328788"
"2107054196","2042542628","0.328788"
"2042542628","2124204971","0.428788"
"2124204971","2042542628","0.428788"
"2042542628","2136454326","0.162121"
"2136454326","2042542628","0.162121"
"2042542628","2140031326","0.947836"
"2140031326","2042542628","0.947836"
"2042542628","2146242224","0.419697"
"2146242224","2042542628","0.419697"
"2042542628","2146817586","0.562554"
"2146817586","2042542628","0.562554"
"2042542628","2148558021","0.328788"
"2148558021","2042542628","0.328788"
"2042542628","2155811000","0.495887"
"2155811000","2042542628","0.495887"
"2042542628","2156850122","0.412121"
"2156850122","2042542628","0.412121"
"2042542628","2161304134","0.05"
"2161304134","2042542628","0.05"
"2042542628","2531912041","0.828788"
"2531912041","2042542628","0.828788"
"2042542628","25438086","0.562554"
"25438086","2042542628","0.562554"
"2042542628","29869801","0.428788"
"29869801","2042542628","0.428788"
"2071380303","2097559038","0.286364"
"2097559038","2071380303","0.286364"
"2071380303","2105306256","0.712121"
"2105306256","2071380303","0.712121"
"2071380303","2124204971","0.362121"
"2124204971","2071380303","0.362121"
"2071380303","2136454326","0.345455"
"2136454326","2071380303","0.345455"
"2071380303","2137330442","0.0954545"
"2137330442","2071380303","0.0954545"
"2071380303","2140031326","0.645455"
"2140031326","2071380303","0.645455"
"2071380303","2146242224","0.186364"
"2146242224","2071380303","0.186364"
"2071380303","2146817586","0.386364"
"2146817586","2071380303","0.386364"
"2071380303","2148558021","0.762121"
"2148558021","2071380303","0.762121"
"2071380303","2156850122","0.345455"
"2156850122","2071380303","0.345455"
"2071380303","2531912041","0.362121"
"2531912041","2071380303","0.362121"
"2071380303","25438086","0.286364"
"25438086","2071380303","0.286364"
"2071380303","29869801","0.195455"
"29869801","2071380303","0.195455"
"2097559038","2103283929","0.0954545"
"2103283929","2097559038","0.0954545"
"2097559038","2105306256","0.162121"
"2105306256","2097559038","0.162121"
"2097559038","2107054196","0.262121"
"2107054196","2097559038","0.262121"
"2097559038","2136454326","0.162121"
"2136454326","2097559038","0.162121"
"2097559038","2137330442","0.304978"
"2137330442","2097559038","0.304978"
"2097559038","2140031326","1.48831"
"2140031326","2097559038","1.48831"
"2097559038","2146242224","0.50303"
"2146242224","2097559038","0.50303"
"2097559038","2155811000","0.579221"
"2155811000","2097559038","0.579221"
"2097559038","2156850122","0.162121"
"2156850122","2097559038","0.162121"
"2097559038","2531912041","1.26212"
"2531912041","2097559038","1.26212"
"2097559038","29869801","0.445455"
"29869801","2097559038","0.445455"
"2103283929","2105306256","0.262121"
"2105306256","2103283929","0.262121"
"2103283929","2124204971","0.528788"
"2124204971","2103283929","0.528788"
"2103283929","2136454326","0.878788"
"2136454326","2103283929","0.878788"
"2103283929","2137330442","0.162121"
"2137330442","2103283929","0.162121"
"2103283929","2140031326","0.162121"
"2140031326","2103283929","0.162121"
"2103283929","2146242224","0.412121"
"2146242224","2103283929","0.412121"
"2103283929","2146817586","0.0954545"
"2146817586","2103283929","0.0954545"
"2103283929","2148558021","1.02879"
"2148558021","2103283929","1.02879"
"2103283929","2156850122","0.162121"
"2156850122","2103283929","0.162121"
"2103283929","2531912041","1.69545"
"2531912041","2103283929","1.69545"
"2103283929","25438086","0.495455"
"25438086","2103283929","0.495455"
"2103283929","29869801","0.0954545"
"29869801","2103283929","0.0954545"
"2105306256","2107054196","0.162121"
"2107054196","2105306256","0.162121"
"2105306256","2124204971","0.262121"
"2124204971","2105306256","0.262121"
"2105306256","2136454326","0.412121"
"2136454326","2105306256","0.412121"
"2105306256","2137330442","0.162121"
"2137330442","2105306256","0.162121"
"2105306256","2140031326","0.612121"
"2140031326","2105306256","0.612121"
"2105306256","2146242224","0.162121"
"2146242224","2105306256","0.162121"
"2105306256","2146817586","0.362121"
"2146817586","2105306256","0.362121"
"2105306256","2148558021","0.328788"
"2148558021","2105306256","0.328788"
"2105306256","2155811000","0.0954545"
"2155811000","2105306256","0.0954545"
"2105306256","2156850122","0.162121"
"2156850122","2105306256","0.162121"
"2105306256","2161304134","0.05"
"2161304134","2105306256","0.05"
"2105306256","2165051314","2.77879"
"2165051314","2105306256","2.77879"
"2105306256","2531912041","0.328788"
"2531912041","2105306256","0.328788"
"2105306256","25438086","0.162121"
"25438086","2105306256","0.162121"
"2105306256","29869801","0.0954545"
"29869801","2105306256","0.0954545"
"2107054196","2124204971","0.262121"
"2124204971","2107054196","0.262121"
"2107054196","2136454326","0.162121"
"2136454326","2107054196","0.162121"
"2107054196","2137330442","0.228788"
"2137330442","2107054196","0.228788"
"2107054196","2140031326","0.578788"
"2140031326","2107054196","0.578788"
"2107054196","2146242224","0.228788"
"2146242224","2107054196","0.228788"
"2107054196","2146817586","0.412121"
"2146817586","2107054196","0.412121"
"2107054196","2148558021","0.395455"
"2148558021","2107054196","0.395455"
"2107054196","2156850122","0.228788"
"2156850122","2107054196","0.228788"
"2107054196","2531912041","0.495455"
"2531912041","2107054196","0.495455"
"2107054196","25438086","0.495455"
"25438086","2107054196","0.495455"
"2107054196","29869801","0.195455"
"29869801","2107054196","0.195455"
"2124204971","2136454326","0.295455"
"2136454326","2124204971","0.295455"
"2124204971","2137330442","0.362121"
"2137330442","2124204971","0.362121"
"2124204971","2140031326","0.995455"
"2140031326","2124204971","0.995455"
"2124204971","2146242224","0.162121"
"2146242224","2124204971","0.162121"
"2124204971","2155811000","0.262121"
"2155811000","2124204971","0.262121"
"2124204971","2156850122","0.162121"
"2156850122","2124204971","0.162121"
"2124204971","2531912041","1.02879"
"2531912041","2124204971","1.02879"
"2124204971","29869801","0.528788"
"29869801","2124204971","0.528788"
"2136454326","2137330442","0.162121"
"2137330442","2136454326","0.162121"
"2136454326","2140031326","0.523232"
"2140031326","2136454326","0.523232"
"2136454326","2146817586","0.273232"
"2146817586","2136454326","0.273232"
"2136454326","2155811000","0.206566"
"2155811000","2136454326","0.206566"
"2136454326","2156850122","0.162121"
"2156850122","2136454326","0.162121"
"2136454326","2531912041","0.695455"
"2531912041","2136454326","0.695455"
"2136454326","25438086","0.273232"
"25438086","2136454326","0.273232"
"2136454326","29869801","0.0954545"
"29869801","2136454326","0.0954545"
"2137330442","2140031326","0.681169"
"2140031326","2137330442","0.681169"
"2137330442","2146242224","0.228788"
"2146242224","2137330442","0.228788"
"2137330442","2146817586","0.304978"
"2146817586","2137330442","0.304978"
"2137330442","2148558021","0.428788"
"2148558021","2137330442","0.428788"
"2137330442","2155811000","0.404978"
"2155811000","2137330442","0.404978"
"2137330442","2156850122","0.228788"
"2156850122","2137330442","0.228788"
"2137330442","2161304134","0.05"
"2161304134","2137330442","0.05"
"2137330442","2531912041","0.428788"
"2531912041","2137330442","0.428788"
"2137330442","25438086","0.371645"
"25438086","2137330442","0.371645"
"2137330442","29869801","0.0954545"
"29869801","2137330442","0.0954545"
"2140031326","2146242224","0.339899"
"2146242224","2140031326","0.339899"
"2140031326","2146817586","0.866089"
"2146817586","2140031326","0.866089"
"2140031326","2148558021","0.428788"
"2148558021","2140031326","0.428788"
"2140031326","2155811000","0.516089"
"2155811000","2140031326","0.516089"
"2140031326","2156850122","0.228788"
"2156850122","2140031326","0.228788"
"2140031326","2161304134","0.05"
"2161304134","2140031326","0.05"
"2140031326","2165051314","11.0756"
"2165051314","2140031326","11.0756"
"2140031326","2531912041","0.528788"
"2531912041","2140031326","0.528788"
"2140031326","25438086","0.782756"
"25438086","2140031326","0.782756"
"2140031326","29869801","0.778788"
"29869801","2140031326","0.778788"
"2146242224","2146817586","1.53081"
"2146817586","2146242224","1.53081"
"2146242224","2155811000","0.880808"
"2155811000","2146242224","0.880808"
"2146242224","2156850122","0.428788"
"2156850122","2146242224","0.428788"
"2146242224","2531912041","0.562121"
"2531912041","2146242224","0.562121"
"2146242224","25438086","0.764141"
"25438086","2146242224","0.764141"
"2146242224","29869801","0.0954545"
"29869801","2146242224","0.0954545"
"2146817586","2155811000","0.440332"
"2155811000","2146817586","0.440332"
"2146817586","2156850122","0.162121"
"2156850122","2146817586","0.162121"
"2146817586","2531912041","1.49545"
"2531912041","2146817586","1.49545"
"2146817586","29869801","0.0954545"
"29869801","2146817586","0.0954545"
"2148558021","2531912041","1.49545"
"2531912041","2148558021","1.49545"
"2148558021","29869801","0.0954545"
"29869801","2148558021","0.0954545"
"2155811000","2156850122","0.0954545"
"2156850122","2155811000","0.0954545"
"2155811000","2531912041","0.0954545"
"2531912041","2155811000","0.0954545"
"2155811000","25438086","0.440332"
"25438086","2155811000","0.440332"
"2155811000","29869801","0.0954545"
"29869801","2155811000","0.0954545"
"2156850122","2531912041","0.228788"
"2531912041","2156850122","0.228788"
"2156850122","25438086","0.228788"
"25438086","2156850122","0.228788"
"2156850122","29869801","0.0954545"
"29869801","2156850122","0.0954545"
"2161304134","2531912041","0.05"
"2531912041","2161304134","0.05"
"2161304134","29869801","0.05"
"29869801","2161304134","0.05"
"2165051314","2531912041","4.92879"
"2531912041","2165051314","4.92879"
"2165051314","29869801","1.44545"
"29869801","2165051314","1.44545"
"2531912041","25438086","1.16212"
"25438086","2531912041","1.16212"
"2531912041","29869801","0.195455"
"29869801","2531912041","0.195455"
"25438086","29869801","0.195455"
"29869801","25438086","0.195455"
"119458596","2104779182","0.166667"
"2104779182","119458596","0.166667"
"1978580638","2104779182","0.166667"
"2104779182","1978580638","0.166667"
"1978580638","2165336981","0.166667"
"2165336981","1978580638","0.166667"
"2033955170","2104779182","0.166667"
"2104779182","2033955170","0.166667"
"2104779182","2165336981","0.166667"
"2165336981","2104779182","0.166667"
"2104779182","2896078687","1.66667"
"2896078687","2104779182","1.66667"
"2104779182","2937541351","0.666667"
"2937541351","2104779182","0.666667"
"2165336981","2896078687","0.166667"
"2896078687","2165336981","0.166667"
"2165336981","2937541351","0.166667"
"2937541351","2165336981","0.166667"
"1536002874","2165051314","1.54091"
"2165051314","1536002874","1.54091"
"1536002874","2107054196","0.25"
"2107054196","1536002874","0.25"
"1536002874","2140031326","0.45"
"2140031326","1536002874","0.45"
"1536002874","2146817586","0.540909"
"2146817586","1536002874","0.540909"
"1536002874","2071380303","0.290909"
"2071380303","1536002874","0.290909"
"1536002874","2105306256","0.2"
"2105306256","1536002874","0.2"
"1536002874","1994072042","0.0909091"
"1994072042","1536002874","0.0909091"
"1536002874","2042542628","0.0909091"
"2042542628","1536002874","0.0909091"
"1536002874","2097559038","0.0909091"
"2097559038","1536002874","0.0909091"
"1536002874","2146242224","0.0909091"
"2146242224","1536002874","0.0909091"
"1536002874","2155811000","0.0909091"
"2155811000","1536002874","0.0909091"
"1536002874","2170064244","0.0909091"
"2170064244","1536002874","0.0909091"
"1536002874","2219773643","0.0909091"
"2219773643","1536002874","0.0909091"
"1536002874","25438086","0.0909091"
"25438086","1536002874","0.0909091"
"1994072042","2071380303","0.136364"
"2071380303","1994072042","0.136364"
"1994072042","2097559038","0.636364"
"2097559038","1994072042","0.636364"
"1994072042","2146242224","1.49747"
"2146242224","1994072042","1.49747"
"1994072042","2146817586","0.414141"
"2146817586","1994072042","0.414141"
"1994072042","2170064244","0.247475"
"2170064244","1994072042","0.247475"
"1994072042","2219773643","0.247475"
"2219773643","1994072042","0.247475"
"1994072042","25438086","0.664141"
"25438086","1994072042","0.664141"
"2042542628","2170064244","0.30303"
"2170064244","2042542628","0.30303"
"2042542628","2219773643","0.30303"
"2219773643","2042542628","0.30303"
"2071380303","2170064244","0.136364"
"2170064244","2071380303","0.136364"
"2071380303","2219773643","0.136364"
"2219773643","2071380303","0.136364"
"2097559038","2170064244","0.136364"
"2170064244","2097559038","0.136364"
"2097559038","2219773643","0.136364"
"2219773643","2097559038","0.136364"
"2146242224","2170064244","0.314141"
"2170064244","2146242224","0.314141"
"2146242224","2219773643","0.314141"
"2219773643","2146242224","0.314141"
"2146817586","2170064244","0.247475"
"2170064244","2146817586","0.247475"
"2146817586","2219773643","0.247475"
"2219773643","2146817586","0.247475"
"2155811000","2170064244","0.580808"
"2170064244","2155811000","0.580808"
"2155811000","2219773643","0.580808"
"2219773643","2155811000","0.580808"
"2170064244","25438086","0.514141"
"25438086","2170064244","0.514141"
"2219773643","25438086","0.514141"
"25438086","2219773643","0.514141"
"1977738030","2104779182","7.83333"
"2104779182","1977738030","7.83333"
"1977738030","2148558021","0.5"
"2148558021","1977738030","0.5"
"1977738030","2165051314","1"
"2165051314","1977738030","1"
"1977738030","2119065103","0.5"
"2119065103","1977738030","0.5"
"2104779182","2119065103","0.5"
"2119065103","2104779182","0.5"
"1977738030","2156850122","0.5"
"2156850122","1977738030","0.5"
"1977738030","2006284054","0.2"
"2006284054","1977738030","0.2"
"1977738030","2042542628","0.2"
"2042542628","1977738030","0.2"
"1977738030","2066699772","0.2"
"2066699772","1977738030","0.2"
"1977738030","2137330442","0.2"
"2137330442","1977738030","0.2"
"1977738030","2155025169","0.2"
"2155025169","1977738030","0.2"
"2006284054","2042542628","1.53333"
"2042542628","2006284054","1.53333"
"2006284054","2066699772","15.7"
"2066699772","2006284054","15.7"
"2006284054","2137330442","0.7"
"2137330442","2006284054","0.7"
"2006284054","2155025169","0.2"
"2155025169","2006284054","0.2"
"2042542628","2066699772","1.53333"
"2066699772","2042542628","1.53333"
"2042542628","2155025169","0.7"
"2155025169","2042542628","0.7"
"2066699772","2137330442","0.766667"
"2137330442","2066699772","0.766667"
"2066699772","2155025169","0.2"
"2155025169","2066699772","0.2"
"2137330442","2155025169","0.4"
"2155025169","2137330442","0.4"
"1977738030","2937541351","1"
"2937541351","1977738030","1"
"1977738030","2142783231","1"
"2142783231","1977738030","1"
"1977738030","2578844505","0.333333"
"2578844505","1977738030","0.333333"
"1977738030","2785916552","0.333333"
"2785916552","1977738030","0.333333"
"2104779182","2578844505","0.833333"
"2578844505","2104779182","0.833333"
"2104779182","2785916552","0.333333"
"2785916552","2104779182","0.333333"
"2578844505","2785916552","0.333333"
"2785916552","2578844505","0.333333"
"1991606755","2033955170","3.29167"
"2033955170","1991606755","3.29167"
"1991606755","2140006089","5.5"
"2140006089","1991606755","5.5"
"1991606755","2042542628","1.58333"
"2042542628","1991606755","1.58333"
"1991606755","2127194912","1.08333"
"2127194912","1991606755","1.08333"
"1991606755","2137330442","1.08333"
"2137330442","1991606755","1.08333"
"1991606755","2169942798","1.29167"
"2169942798","1991606755","1.29167"
"2042542628","2127194912","1.7"
"2127194912","2042542628","1.7"
"2042542628","2169942798","3.11786"
"2169942798","2042542628","3.11786"
"2127194912","2137330442","1.7"
"2137330442","2127194912","1.7"
"2127194912","2169942798","1.40833"
"2169942798","2127194912","1.40833"
"2137330442","2169942798","2.11786"
"2169942798","2137330442","2.11786"
"1991606755","2137131006","1"
"2137131006","1991606755","1"
"1991606755","2102958620","0.5"
"2102958620","1991606755","0.5"
"2102958620","2169942798","2.75952"
"2169942798","2102958620","2.75952"
"1991606755","2049050102","0.583333"
"2049050102","1991606755","0.583333"
"1991606755","2121865870","1.08333"
"2121865870","1991606755","1.08333"
"2033955170","2042542628","0.875"
"2042542628","2033955170","0.875"
"2033955170","2049050102","0.291667"
"2049050102","2033955170","0.291667"
"2033955170","2121865870","0.291667"
"2121865870","2033955170","0.291667"
"2033955170","2127194912","0.291667"
"2127194912","2033955170","0.291667"
"2033955170","2137330442","0.541667"
"2137330442","2033955170","0.541667"
"2042542628","2049050102","1.41667"
"2049050102","2042542628","1.41667"
"2042542628","2121865870","1.25"
"2121865870","2042542628","1.25"
"2049050102","2121865870","12.75"
"2121865870","2049050102","12.75"
"2049050102","2127194912","1.5"
"2127194912","2049050102","1.5"
"2049050102","2137330442","2"
"2137330442","2049050102","2"
"2121865870","2127194912","1.08333"
"2127194912","2121865870","1.08333"
"2121865870","2137330442","0.75"
"2137330442","2121865870","0.75"
"2049050102","2169942798","0.708333"
"2169942798","2049050102","0.708333"
"2121865870","2169942798","0.291667"
"2169942798","2121865870","0.291667"
"1991606755","2137750620","0.125"
"2137750620","1991606755","0.125"
"1991606755","2145578330","0.25"
"2145578330","1991606755","0.25"
"2042542628","2137750620","0.125"
"2137750620","2042542628","0.125"
"2042542628","2145578330","0.25"
"2145578330","2042542628","0.25"
"2049050102","2137750620","0.708333"
"2137750620","2049050102","0.708333"
"2049050102","2145578330","1.75"
"2145578330","2049050102","1.75"
"2121865870","2137750620","0.125"
"2137750620","2121865870","0.125"
"2121865870","2145578330","0.75"
"2145578330","2121865870","0.75"
"2127194912","2137750620","0.125"
"2137750620","2127194912","0.125"
"2127194912","2145578330","0.25"
"2145578330","2127194912","0.25"
"2137330442","2137750620","0.708333"
"2137750620","2137330442","0.708333"
"2137330442","2145578330","0.25"
"2145578330","2137330442","0.25"
"2137750620","2145578330","1.125"
"2145578330","2137750620","1.125"
"2137750620","2169942798","0.625"
"2169942798","2137750620","0.625"
"2145578330","2169942798","0.125"
"2169942798","2145578330","0.125"
"1991606755","2784989819","0.25"
"2784989819","1991606755","0.25"
"1991606755","2913837785","0.75"
"2913837785","1991606755","0.75"
"1991606755","2968951863","0.25"
"2968951863","1991606755","0.25"
"1991606755","2981449230","0.25"
"2981449230","1991606755","0.25"
"2784989819","2913837785","0.25"
"2913837785","2784989819","0.25"
"2784989819","2968951863","0.75"
"2968951863","2784989819","0.75"
"2784989819","2981449230","0.75"
"2981449230","2784989819","0.75"
"2913837785","2968951863","0.25"
"2968951863","2913837785","0.25"
"2913837785","2981449230","0.25"
"2981449230","2913837785","0.25"
"2968951863","2981449230","0.75"
"2981449230","2968951863","0.75"
"2140006089","2913837785","0.5"
"2913837785","2140006089","0.5"
"1991606755","2138831826","0.125"
"2138831826","1991606755","0.125"
"2033955170","2138831826","1.375"
"2138831826","2033955170","1.375"
"2033955170","2145578330","0.125"
"2145578330","2033955170","0.125"
"2042542628","2138831826","0.375"
"2138831826","2042542628","0.375"
"2049050102","2138831826","0.125"
"2138831826","2049050102","0.125"
"2121865870","2138831826","0.125"
"2138831826","2121865870","0.125"
"2127194912","2138831826","0.125"
"2138831826","2127194912","0.125"
"2137330442","2138831826","0.375"
"2138831826","2137330442","0.375"
"2138831826","2145578330","0.125"
"2145578330","2138831826","0.125"
"1994072042","2102958620","1"
"2102958620","1994072042","1"
"1994072042","2142783231","0.416667"
"2142783231","1994072042","0.416667"
"2097559038","2142783231","0.25"
"2142783231","2097559038","0.25"
"2142783231","25438086","0.25"
"25438086","2142783231","0.25"
"1994072042","204250746","0.166667"
"204250746","1994072042","0.166667"
"1994072042","2531423432","0.378788"
"2531423432","1994072042","0.378788"
"204250746","2042542628","0.166667"
"2042542628","204250746","0.166667"
"204250746","2142783231","0.166667"
"2142783231","204250746","0.166667"
"204250746","2146242224","0.166667"
"2146242224","204250746","0.166667"
"204250746","2146817586","0.166667"
"2146817586","204250746","0.166667"
"204250746","2531423432","0.166667"
"2531423432","204250746","0.166667"
"2042542628","2142783231","1.16667"
"2142783231","2042542628","1.16667"
"2042542628","2531423432","0.378788"
"2531423432","2042542628","0.378788"
"2142783231","2146242224","0.616667"
"2146242224","2142783231","0.616667"
"2142783231","2146817586","1.16667"
"2146817586","2142783231","1.16667"
"2142783231","2531423432","0.166667"
"2531423432","2142783231","0.166667"
"2146242224","2531423432","0.212121"
"2531423432","2146242224","0.212121"
"2146817586","2531423432","0.212121"
"2531423432","2146817586","0.212121"
"1994072042","2531912041","0.712121"
"2531912041","1994072042","0.712121"
"1994072042","2136454326","0.156566"
"2136454326","1994072042","0.156566"
"1994072042","2140031326","0.156566"
"2140031326","1994072042","0.156566"
"2136454326","2170064244","0.156566"
"2170064244","2136454326","0.156566"
"2136454326","2219773643","0.156566"
"2219773643","2136454326","0.156566"
"2140031326","2170064244","0.589899"
"2170064244","2140031326","0.589899"
"2140031326","2219773643","0.589899"
"2219773643","2140031326","0.589899"
"1994072042","2156850122","1.04545"
"2156850122","1994072042","1.04545"
"1994072042","2119065103","1"
"2119065103","1994072042","1"
"1994072042","2103283929","0.0454545"
"2103283929","1994072042","0.0454545"
"1994072042","2105306256","0.0454545"
"2105306256","1994072042","0.0454545"
"1994072042","2107054196","0.212121"
"2107054196","1994072042","0.212121"
"1994072042","2124204971","0.0454545"
"2124204971","1994072042","0.0454545"
"1994072042","29869801","0.0454545"
"29869801","1994072042","0.0454545"
"2071380303","2531423432","0.0454545"
"2531423432","2071380303","0.0454545"
"2097559038","2531423432","0.0454545"
"2531423432","2097559038","0.0454545"
"2103283929","2170064244","0.112121"
"2170064244","2103283929","0.112121"
"2103283929","2219773643","0.112121"
"2219773643","2103283929","0.112121"
"2103283929","2531423432","0.0454545"
"2531423432","2103283929","0.0454545"
"2105306256","2170064244","0.0454545"
"2170064244","2105306256","0.0454545"
"2105306256","2219773643","0.0454545"
"2219773643","2105306256","0.0454545"
"2105306256","2531423432","0.0454545"
"2531423432","2105306256","0.0454545"
"2107054196","2170064244","0.112121"
"2170064244","2107054196","0.112121"
"2107054196","2219773643","0.112121"
"2219773643","2107054196","0.112121"
"2107054196","2531423432","0.212121"
"2531423432","2107054196","0.212121"
"2124204971","2170064244","0.478788"
"2170064244","2124204971","0.478788"
"2124204971","2219773643","0.478788"
"2219773643","2124204971","0.478788"
"2124204971","2531423432","0.295455"
"2531423432","2124204971","0.295455"
"2136454326","2531423432","0.0454545"
"2531423432","2136454326","0.0454545"
"2137330442","2170064244","1.27879"
"2170064244","2137330442","1.27879"
"2137330442","2219773643","1.27879"
"2219773643","2137330442","1.27879"
"2137330442","2531423432","0.0454545"
"2531423432","2137330442","0.0454545"
"2140031326","2531423432","0.0454545"
"2531423432","2140031326","0.0454545"
"2148558021","2531423432","0.212121"
"2531423432","2148558021","0.212121"
"2155811000","2531423432","0.0454545"
"2531423432","2155811000","0.0454545"
"2156850122","2531423432","0.0454545"
"2531423432","2156850122","0.0454545"
"2165051314","2531423432","5.29545"
"2531423432","2165051314","5.29545"
"2170064244","2531423432","0.0454545"
"2531423432","2170064244","0.0454545"
"2170064244","2531912041","0.112121"
"2531912041","2170064244","0.112121"
"2170064244","29869801","0.0454545"
"29869801","2170064244","0.0454545"
"2219773643","2531423432","0.0454545"
"2531423432","2219773643","0.0454545"
"2219773643","2531912041","0.112121"
"2531912041","2219773643","0.112121"
"2219773643","29869801","0.0454545"
"29869801","2219773643","0.0454545"
"2531423432","2531912041","0.212121"
"2531912041","2531423432","0.212121"
"2531423432","25438086","0.212121"
"25438086","2531423432","0.212121"
"2531423432","29869801","0.0454545"
"29869801","2531423432","0.0454545"
"2006284054","2124204971","0.166667"
"2124204971","2006284054","0.166667"
"2006284054","2155811000","0.166667"
"2155811000","2006284054","0.166667"
"2006284054","2165051314","0.166667"
"2165051314","2006284054","0.166667"
"2006284054","2170064244","0.166667"
"2170064244","2006284054","0.166667"
"2006284054","2219773643","0.166667"
"2219773643","2006284054","0.166667"
"2066699772","2124204971","0.233333"
"2124204971","2066699772","0.233333"
"2066699772","2155811000","0.166667"
"2155811000","2066699772","0.166667"
"2066699772","2165051314","0.233333"
"2165051314","2066699772","0.233333"
"2066699772","2170064244","0.233333"
"2170064244","2066699772","0.233333"
"2066699772","2219773643","0.233333"
"2219773643","2066699772","0.233333"
"2006284054","2049050102","0.75"
"2049050102","2006284054","0.75"
"2049050102","2066699772","0.75"
"2066699772","2049050102","0.75"
"2006284054","2142783231","0.5"
"2142783231","2006284054","0.5"
"2066699772","2142783231","0.5"
"2142783231","2066699772","0.5"
"2006284054","2033955170","0.333333"
"2033955170","2006284054","0.333333"
"2033955170","2066699772","0.333333"
"2066699772","2033955170","0.333333"
"2006284054","2119065103","0.25"
"2119065103","2006284054","0.25"
"2042542628","2119065103","1.25"
"2119065103","2042542628","1.25"
"2066699772","2119065103","0.316667"
"2119065103","2066699772","0.316667"
"2119065103","2137330442","0.816667"
"2137330442","2119065103","0.816667"
"2019658628","2049050102","0.25"
"2049050102","2019658628","0.25"
"2019658628","2102958620","0.25"
"2102958620","2019658628","0.25"
"2019658628","2137330442","0.25"
"2137330442","2019658628","0.25"
"2019658628","2137750620","1.25"
"2137750620","2019658628","1.25"
"2049050102","2102958620","0.916667"
"2102958620","2049050102","0.916667"
"2102958620","2137330442","1.50952"
"2137330442","2102958620","1.50952"
"2102958620","2137750620","6.91667"
"2137750620","2102958620","6.91667"
"2032099201","2137131006","0.5"
"2137131006","2032099201","0.5"
"2032099201","2140006089","0.5"
"2140006089","2032099201","0.5"
"2137131006","2140006089","0.5"
"2140006089","2137131006","0.5"
"2033955170","2531423432","1.25"
"2531423432","2033955170","1.25"
"2033955170","2169942798","0.25"
"2169942798","2033955170","0.25"
"2138831826","2169942798","0.583333"
"2169942798","2138831826","0.583333"
"2033955170","2124204971","0.25"
"2124204971","2033955170","0.25"
"2124204971","2736227267","0.75"
"2736227267","2124204971","0.75"
"2531423432","2736227267","0.25"
"2736227267","2531423432","0.25"
"204250746","2165051314","1"
"2165051314","204250746","1"
"2119065103","2155025169","1.7"
"2155025169","2119065103","1.7"
"2042542628","2102958620","0.92619"
"2102958620","2042542628","0.92619"
"2042542628","2570381267","0.92619"
"2570381267","2042542628","0.92619"
"2102958620","2127194912","0.366667"
"2127194912","2102958620","0.366667"
"2102958620","2570381267","4.92619"
"2570381267","2102958620","4.92619"
"2127194912","2570381267","0.366667"
"2570381267","2127194912","0.366667"
"2137330442","2570381267","0.92619"
"2570381267","2137330442","0.92619"
"2169942798","2570381267","0.759524"
"2570381267","2169942798","0.759524"
"2049050102","2570381267","0.333333"
"2570381267","2049050102","0.333333"
"2042542628","2408376266","0.142857"
"2408376266","2042542628","0.142857"
"2102958620","2140031326","0.142857"
"2140031326","2102958620","0.142857"
"2102958620","2165051314","0.642857"
"2165051314","2102958620","0.642857"
"2102958620","2408376266","0.142857"
"2408376266","2102958620","0.142857"
"2137330442","2408376266","0.142857"
"2408376266","2137330442","0.142857"
"2140031326","2169942798","0.209524"
"2169942798","2140031326","0.209524"
"2140031326","2408376266","0.142857"
"2408376266","2140031326","0.142857"
"2140031326","2570381267","0.142857"
"2570381267","2140031326","0.142857"
"2165051314","2169942798","0.209524"
"2169942798","2165051314","0.209524"
"2165051314","2408376266","0.142857"
"2408376266","2165051314","0.142857"
"2165051314","2570381267","0.142857"
"2570381267","2165051314","0.142857"
"2169942798","2408376266","0.142857"
"2408376266","2169942798","0.142857"
"2408376266","2570381267","0.142857"
"2570381267","2408376266","0.142857"
"2042542628","2105794814","0.166667"
"2105794814","2042542628","0.166667"
"2049050102","2105794814","0.166667"
"2105794814","2049050102","0.166667"
"2102958620","2105794814","1"
"2105794814","2102958620","1"
"2102958620","2121865870","0.166667"
"2121865870","2102958620","0.166667"
"2105794814","2121865870","0.166667"
"2121865870","2105794814","0.166667"
"2105794814","2137330442","0.166667"
"2137330442","2105794814","0.166667"
"2105794814","2570381267","0.166667"
"2570381267","2105794814","0.166667"
"2121865870","2570381267","0.166667"
"2570381267","2121865870","0.166667"
"2042542628","2531455542","0.25"
"2531455542","2042542628","0.25"
