"1481786226","2054738187","1.09216"
"2054738187","1481786226","1.09216"
"1481786226","2169813489","0.558824"
"2169813489","1481786226","0.558824"
"2054738187","2169813489","5.05999"
"2169813489","2054738187","5.05999"
"1481786226","2074854029","0.25"
"2074854029","1481786226","0.25"
"1481786226","2114994157","0.958824"
"2114994157","1481786226","0.958824"
"1481786226","2156789140","1.79216"
"2156789140","1481786226","1.79216"
"1481786226","2162725756","0.392157"
"2162725756","1481786226","0.392157"
"2074854029","2114994157","0.340909"
"2114994157","2074854029","0.340909"
"2074854029","2156789140","0.431818"
"2156789140","2074854029","0.431818"
"2074854029","2162725756","0.25"
"2162725756","2074854029","0.25"
"2114994157","2156789140","1.04973"
"2156789140","2114994157","1.04973"
"2114994157","2162725756","0.308824"
"2162725756","2114994157","0.308824"
"2156789140","2162725756","0.47549"
"2162725756","2156789140","0.47549"
"1481786226","1981106289","0.0588235"
"1981106289","1481786226","0.0588235"
"1481786226","1985101153","1.59216"
"1985101153","1481786226","1.59216"
"1481786226","2016151288","0.142157"
"2016151288","1481786226","0.142157"
"1481786226","2017380760","0.0588235"
"2017380760","1481786226","0.0588235"
"1481786226","2030192188","0.258824"
"2030192188","1481786226","0.258824"
"1481786226","2132849063","0.47549"
"2132849063","1481786226","0.47549"
"1481786226","2323176812","0.142157"
"2323176812","1481786226","0.142157"
"1481786226","2546688009","2.79216"
"2546688009","1481786226","2.79216"
"1481786226","2564547364","0.142157"
"2564547364","1481786226","0.142157"
"1481786226","28282946","0.142157"
"28282946","1481786226","0.142157"
"1481786226","53168669","0.392157"
"53168669","1481786226","0.392157"
"1481786226","640470111","0.67549"
"640470111","1481786226","0.67549"
"1981106289","1985101153","1.14216"
"1985101153","1981106289","1.14216"
"1981106289","2016151288","0.233066"
"2016151288","1981106289","0.233066"
"1981106289","2017380760","0.0588235"
"2017380760","1981106289","0.0588235"
"1981106289","2030192188","1.50882"
"2030192188","1981106289","1.50882"
"1981106289","2054738187","2.43307"
"2054738187","1981106289","2.43307"
"1981106289","2114994157","0.149733"
"2114994157","1981106289","0.149733"
"1981106289","2132849063","0.316399"
"2132849063","1981106289","0.316399"
"1981106289","2156789140","0.233066"
"2156789140","1981106289","0.233066"
"1981106289","2162725756","0.142157"
"2162725756","1981106289","0.142157"
"1981106289","2169813489","0.149733"
"2169813489","1981106289","0.149733"
"1981106289","2323176812","0.233066"
"2323176812","1981106289","0.233066"
"1981106289","2546688009","0.142157"
"2546688009","1981106289","0.142157"
"1981106289","2564547364","0.142157"
"2564547364","1981106289","0.142157"
"1981106289","28282946","0.0588235"
"28282946","1981106289","0.0588235"
"1981106289","53168669","2.23307"
"53168669","1981106289","2.23307"
"1981106289","640470111","1.43307"
"640470111","1981106289","1.43307"
"1985101153","2016151288","0.47549"
"2016151288","1985101153","0.47549"
"1985101153","2017380760","0.278604"
"2017380760","1985101153","0.278604"
"1985101153","2030192188","0.399733"
"2030192188","1985101153","0.399733"
"1985101153","2054738187","1.29332"
"2054738187","1985101153","1.29332"
"1985101153","2114994157","1.00882"
"2114994157","1985101153","1.00882"
"1985101153","2132849063","0.819513"
"2132849063","1985101153","0.819513"
"1985101153","2156789140","1.32592"
"2156789140","1985101153","1.32592"
"1985101153","2162725756","0.22549"
"2162725756","1985101153","0.22549"
"1985101153","2169813489","0.135747"
"2169813489","1985101153","0.135747"
"1985101153","2323176812","0.643322"
"2323176812","1985101153","0.643322"
"1985101153","2546688009","2.34216"
"2546688009","1985101153","2.34216"
"1985101153","2564547364","0.316399"
"2564547364","1985101153","0.316399"
"1985101153","28282946","0.21908"
"28282946","1985101153","0.21908"
"1985101153","53168669","1.18307"
"53168669","1985101153","1.18307"
"1985101153","640470111","0.701681"
"640470111","1985101153","0.701681"
"2016151288","2017380760","0.0588235"
"2017380760","2016151288","0.0588235"
"2016151288","2030192188","0.142157"
"2030192188","2016151288","0.142157"
"2016151288","2054738187","3.3164"
"2054738187","2016151288","3.3164"
"2016151288","2114994157","0.149733"
"2114994157","2016151288","0.149733"
"2016151288","2132849063","1.23307"
"2132849063","2016151288","1.23307"
"2016151288","2156789140","0.316399"
"2156789140","2016151288","0.316399"
"2016151288","2162725756","0.72549"
"2162725756","2016151288","0.72549"
"2016151288","2169813489","1.0664"
"2169813489","2016151288","1.0664"
"2016151288","2323176812","0.983066"
"2323176812","2016151288","0.983066"
"2016151288","2546688009","0.22549"
"2546688009","2016151288","0.22549"
"2016151288","2564547364","0.22549"
"2564547364","2016151288","0.22549"
"2016151288","28282946","0.558824"
"28282946","2016151288","0.558824"
"2016151288","53168669","0.483066"
"53168669","2016151288","0.483066"
"2016151288","640470111","0.483066"
"640470111","2016151288","0.483066"
"2017380760","2030192188","0.201681"
"2030192188","2017380760","0.201681"
"2017380760","2054738187","1.13575"
"2054738187","2017380760","1.13575"
"2017380760","2114994157","0.0588235"
"2114994157","2017380760","0.0588235"
"2017380760","2132849063","1.20479"
"2132849063","2017380760","1.20479"
"2017380760","2156789140","0.201681"
"2156789140","2017380760","0.201681"
"2017380760","2162725756","0.0588235"
"2162725756","2017380760","0.0588235"
"2017380760","2169813489","0.21908"
"2169813489","2017380760","0.21908"
"2017380760","2323176812","0.135747"
"2323176812","2017380760","0.135747"
"2017380760","2546688009","0.0588235"
"2546688009","2017380760","0.0588235"
"2017380760","2564547364","0.0588235"
"2564547364","2017380760","0.0588235"
"2017380760","28282946","0.91908"
"28282946","2017380760","0.91908"
"2017380760","53168669","0.651681"
"53168669","2017380760","0.651681"
"2017380760","640470111","0.785014"
"640470111","2017380760","0.785014"
"2030192188","2054738187","1.38307"
"2054738187","2030192188","1.38307"
"2030192188","2114994157","0.258824"
"2114994157","2030192188","0.258824"
"2030192188","2132849063","2.57592"
"2132849063","2030192188","2.57592"
"2030192188","2156789140","0.433066"
"2156789140","2030192188","0.433066"
"2030192188","2162725756","1.64216"
"2162725756","2030192188","1.64216"
"2030192188","2169813489","0.0588235"
"2169813489","2030192188","0.0588235"
"2030192188","2323176812","0.233066"
"2323176812","2030192188","0.233066"
"2030192188","2546688009","0.342157"
"2546688009","2030192188","0.342157"
"2030192188","2564547364","0.433066"
"2564547364","2030192188","0.433066"
"2030192188","28282946","0.0588235"
"28282946","2030192188","0.0588235"
"2030192188","53168669","0.625923"
"53168669","2030192188","0.625923"
"2030192188","640470111","1.40882"
"640470111","2030192188","1.40882"
"2054738187","2114994157","0.599733"
"2114994157","2054738187","0.599733"
"2054738187","2132849063","3.38423"
"2132849063","2054738187","3.38423"
"2054738187","2156789140","0.607308"
"2156789140","2054738187","0.607308"
"2054738187","2162725756","2.22549"
"2162725756","2054738187","2.22549"
"2054738187","2323176812","2.23423"
"2323176812","2054738187","2.23423"
"2054738187","2546688009","0.67549"
"2546688009","2054738187","0.67549"
"2054738187","2564547364","0.516399"
"2564547364","2054738187","0.516399"
"2054738187","28282946","1.96908"
"28282946","2054738187","1.96908"
"2054738187","53168669","2.77398"
"53168669","2054738187","2.77398"
"2054738187","640470111","2.13307"
"640470111","2054738187","2.13307"
"2114994157","2132849063","0.399733"
"2132849063","2114994157","0.399733"
"2114994157","2169813489","0.149733"
"2169813489","2114994157","0.149733"
"2114994157","2323176812","0.149733"
"2323176812","2114994157","0.149733"
"2114994157","2546688009","1.20882"
"2546688009","2114994157","1.20882"
"2114994157","2564547364","0.0588235"
"2564547364","2114994157","0.0588235"
"2114994157","28282946","0.0588235"
"28282946","2114994157","0.0588235"
"2114994157","53168669","0.399733"
"53168669","2114994157","0.399733"
"2114994157","640470111","0.599733"
"640470111","2114994157","0.599733"
"2132849063","2156789140","1.0835"
"2156789140","2132849063","1.0835"
"2132849063","2162725756","0.142157"
"2162725756","2132849063","0.142157"
"2132849063","2169813489","0.976656"
"2169813489","2132849063","0.976656"
"2132849063","2323176812","2.06756"
"2323176812","2132849063","2.06756"
"2132849063","2546688009","0.308824"
"2546688009","2132849063","0.308824"
"2132849063","2564547364","1.63307"
"2564547364","2132849063","1.63307"
"2132849063","28282946","0.702413"
"28282946","2132849063","0.702413"
"2132849063","53168669","6.81683"
"53168669","2132849063","6.81683"
"2132849063","640470111","3.15926"
"640470111","2132849063","3.15926"
"2156789140","2169813489","0.149733"
"2169813489","2156789140","0.149733"
"2156789140","2323176812","0.407308"
"2323176812","2156789140","0.407308"
"2156789140","2546688009","0.792157"
"2546688009","2156789140","0.792157"
"2156789140","2564547364","0.516399"
"2564547364","2156789140","0.516399"
"2156789140","28282946","0.67549"
"28282946","2156789140","0.67549"
"2156789140","53168669","1.27398"
"53168669","2156789140","1.27398"
"2156789140","640470111","0.909256"
"640470111","2156789140","0.909256"
"2162725756","2169813489","0.0588235"
"2169813489","2162725756","0.0588235"
"2162725756","2323176812","0.22549"
"2323176812","2162725756","0.22549"
"2162725756","2546688009","0.22549"
"2546688009","2162725756","0.22549"
"2162725756","2564547364","0.22549"
"2564547364","2162725756","0.22549"
"2162725756","28282946","0.142157"
"28282946","2162725756","0.142157"
"2162725756","53168669","0.142157"
"53168669","2162725756","0.142157"
"2162725756","640470111","0.22549"
"640470111","2162725756","0.22549"
"2169813489","2323176812","2.05999"
"2323176812","2169813489","2.05999"
"2169813489","2546688009","0.0588235"
"2546688009","2169813489","0.0588235"
"2169813489","2564547364","0.0588235"
"2564547364","2169813489","0.0588235"
"2169813489","28282946","0.96908"
"28282946","2169813489","0.96908"
"2169813489","53168669","0.733066"
"53168669","2169813489","0.733066"
"2169813489","640470111","0.566399"
"640470111","2169813489","0.566399"
"2323176812","2546688009","0.22549"
"2546688009","2323176812","0.22549"
"2323176812","2564547364","0.316399"
"2564547364","2323176812","0.316399"
"2323176812","28282946","0.635747"
"28282946","2323176812","0.635747"
"2323176812","53168669","1.15731"
"53168669","2323176812","1.15731"
"2323176812","640470111","0.733066"
"640470111","2323176812","0.733066"
"2546688009","2564547364","0.22549"
"2564547364","2546688009","0.22549"
"2546688009","28282946","0.142157"
"28282946","2546688009","0.142157"
"2546688009","53168669","0.308824"
"53168669","2546688009","0.308824"
"2546688009","640470111","0.42549"
"640470111","2546688009","0.42549"
"2564547364","28282946","0.342157"
"28282946","2564547364","0.342157"
"2564547364","53168669","0.433066"
"53168669","2564547364","0.433066"
"2564547364","640470111","0.42549"
"640470111","2564547364","0.42549"
"28282946","53168669","0.792157"
"53168669","28282946","0.792157"
"28282946","640470111","0.308824"
"640470111","28282946","0.308824"
"53168669","640470111","2.48307"
"640470111","53168669","2.48307"
"1481786226","2144036167","0.0833333"
"2144036167","1481786226","0.0833333"
"1985101153","2144036167","0.0833333"
"2144036167","1985101153","0.0833333"
"2016151288","2144036167","0.674242"
"2144036167","2016151288","0.674242"
"2054738187","2144036167","0.174242"
"2144036167","2054738187","0.174242"
"2132849063","2144036167","0.174242"
"2144036167","2132849063","0.174242"
"2144036167","2156789140","0.174242"
"2156789140","2144036167","0.174242"
"2144036167","2162725756","0.0833333"
"2162725756","2144036167","0.0833333"
"2144036167","2323176812","0.174242"
"2323176812","2144036167","0.174242"
"2144036167","2546688009","0.0833333"
"2546688009","2144036167","0.0833333"
"2144036167","2564547364","0.0833333"
"2564547364","2144036167","0.0833333"
"2144036167","28282946","0.0833333"
"28282946","2144036167","0.0833333"
"2144036167","640470111","0.674242"
"640470111","2144036167","0.674242"
"1503804099","23833741","2"
"23833741","1503804099","2"
"1571744923","2131291049","4.41667"
"2131291049","1571744923","4.41667"
"1571744923","2001175945","0.0833333"
"2001175945","1571744923","0.0833333"
"1571744923","2004496150","0.416667"
"2004496150","1571744923","0.416667"
"1571744923","2017380760","0.0833333"
"2017380760","1571744923","0.0833333"
"1571744923","2035080477","0.0833333"
"2035080477","1571744923","0.0833333"
"1571744923","2099667445","0.416667"
"2099667445","1571744923","0.416667"
"1571744923","2129855378","0.416667"
"2129855378","1571744923","0.416667"
"1571744923","2132849063","0.0833333"
"2132849063","1571744923","0.0833333"
"1571744923","2167666016","0.0833333"
"2167666016","1571744923","0.0833333"
"1571744923","2169813489","0.0833333"
"2169813489","1571744923","0.0833333"
"1571744923","2170263594","0.0833333"
"2170263594","1571744923","0.0833333"
"1571744923","28282946","0.416667"
"28282946","1571744923","0.416667"
"2001175945","2004496150","0.160256"
"2004496150","2001175945","0.160256"
"2001175945","2017380760","0.160256"
"2017380760","2001175945","0.160256"
"2001175945","2035080477","0.160256"
"2035080477","2001175945","0.160256"
"2001175945","2099667445","0.160256"
"2099667445","2001175945","0.160256"
"2001175945","2129855378","0.160256"
"2129855378","2001175945","0.160256"
"2001175945","2131291049","1.66026"
"2131291049","2001175945","1.66026"
"2001175945","2132849063","0.160256"
"2132849063","2001175945","0.160256"
"2001175945","2167666016","0.0833333"
"2167666016","2001175945","0.0833333"
"2001175945","2169813489","0.160256"
"2169813489","2001175945","0.160256"
"2001175945","2170263594","0.0833333"
"2170263594","2001175945","0.0833333"
"2001175945","28282946","0.160256"
"28282946","2001175945","0.160256"
"2004496150","2017380760","0.160256"
"2017380760","2004496150","0.160256"
"2004496150","2035080477","0.160256"
"2035080477","2004496150","0.160256"
"2004496150","2099667445","0.160256"
"2099667445","2004496150","0.160256"
"2004496150","2129855378","0.160256"
"2129855378","2004496150","0.160256"
"2004496150","2131291049","5.49359"
"2131291049","2004496150","5.49359"
"2004496150","2132849063","0.160256"
"2132849063","2004496150","0.160256"
"2004496150","2167666016","0.0833333"
"2167666016","2004496150","0.0833333"
"2004496150","2169813489","0.160256"
"2169813489","2004496150","0.160256"
"2004496150","2170263594","3.25"
"2170263594","2004496150","3.25"
"2004496150","28282946","0.160256"
"28282946","2004496150","0.160256"
"2017380760","2035080477","3.24359"
"2035080477","2017380760","3.24359"
"2017380760","2099667445","3.56264"
"2099667445","2017380760","3.56264"
"2017380760","2129855378","0.836447"
"2129855378","2017380760","0.836447"
"2017380760","2131291049","0.636447"
"2131291049","2017380760","0.636447"
"2017380760","2167666016","0.369048"
"2167666016","2017380760","0.369048"
"2017380760","2170263594","0.583333"
"2170263594","2017380760","0.583333"
"2035080477","2099667445","0.74359"
"2099667445","2035080477","0.74359"
"2035080477","2129855378","0.49359"
"2129855378","2035080477","0.49359"
"2035080477","2131291049","0.160256"
"2131291049","2035080477","0.160256"
"2035080477","2132849063","1.16026"
"2132849063","2035080477","1.16026"
"2035080477","2167666016","0.0833333"
"2167666016","2035080477","0.0833333"
"2035080477","2169813489","0.660256"
"2169813489","2035080477","0.660256"
"2035080477","2170263594","0.0833333"
"2170263594","2035080477","0.0833333"
"2035080477","28282946","3.66026"
"28282946","2035080477","3.66026"
"2099667445","2129855378","3.86978"
"2129855378","2099667445","3.86978"
"2099667445","2131291049","0.636447"
"2131291049","2099667445","0.636447"
"2099667445","2132849063","3.26264"
"2132849063","2099667445","3.26264"
"2099667445","2167666016","0.369048"
"2167666016","2099667445","0.369048"
"2099667445","2169813489","0.160256"
"2169813489","2099667445","0.160256"
"2099667445","2170263594","0.583333"
"2170263594","2099667445","0.583333"
"2099667445","28282946","0.69359"
"28282946","2099667445","0.69359"
"2129855378","2131291049","0.160256"
"2131291049","2129855378","0.160256"
"2129855378","2132849063","1.36978"
"2132849063","2129855378","1.36978"
"2129855378","2167666016","0.22619"
"2167666016","2129855378","0.22619"
"2129855378","2169813489","0.160256"
"2169813489","2129855378","0.160256"
"2129855378","2170263594","0.0833333"
"2170263594","2129855378","0.0833333"
"2129855378","28282946","0.69359"
"28282946","2129855378","0.69359"
"2131291049","2132849063","0.803114"
"2132849063","2131291049","0.803114"
"2131291049","2167666016","0.22619"
"2167666016","2131291049","0.22619"
"2131291049","2169813489","0.160256"
"2169813489","2131291049","0.160256"
"2131291049","2170263594","5.75"
"2170263594","2131291049","5.75"
"2131291049","28282946","0.160256"
"28282946","2131291049","0.160256"
"2132849063","2167666016","2.99329"
"2167666016","2132849063","2.99329"
"2132849063","2170263594","0.0833333"
"2170263594","2132849063","0.0833333"
"2167666016","2169813489","0.0833333"
"2169813489","2167666016","0.0833333"
"2167666016","2170263594","0.0833333"
"2170263594","2167666016","0.0833333"
"2167666016","28282946","0.616667"
"28282946","2167666016","0.616667"
"2169813489","2170263594","0.0833333"
"2170263594","2169813489","0.0833333"
"2170263594","28282946","0.0833333"
"28282946","2170263594","0.0833333"
"1571744923","53168669","0.5"
"53168669","1571744923","0.5"
"2131291049","53168669","1"
"53168669","2131291049","1"
"1571744923","1970873216","0.333333"
"1970873216","1571744923","0.333333"
"1970873216","2004496150","2.5"
"2004496150","1970873216","2.5"
"1970873216","2131291049","13.5"
"2131291049","1970873216","13.5"
"1571744923","2054738187","0.5"
"2054738187","1571744923","0.5"
"2054738187","2131291049","0.576923"
"2131291049","2054738187","0.576923"
"1970873216","2170263594","3.16667"
"2170263594","1970873216","3.16667"
"1970873216","2001175945","0.5"
"2001175945","1970873216","0.5"
"1981106289","2099667445","1"
"2099667445","1981106289","1"
"2099667445","53168669","2.87619"
"53168669","2099667445","2.87619"
"1981106289","2056033543","0.366667"
"2056033543","1981106289","0.366667"
"1981106289","2096173577","0.166667"
"2096173577","1981106289","0.166667"
"1981106289","2144036167","0.590909"
"2144036167","1981106289","0.590909"
"1981106289","2519205862","0.333333"
"2519205862","1981106289","0.333333"
"2030192188","2056033543","4.36667"
"2056033543","2030192188","4.36667"
"2030192188","2096173577","5.16667"
"2096173577","2030192188","5.16667"
"2030192188","2144036167","0.166667"
"2144036167","2030192188","0.166667"
"2030192188","2519205862","0.809524"
"2519205862","2030192188","0.809524"
"2056033543","2096173577","5.66667"
"2096173577","2056033543","5.66667"
"2056033543","2144036167","0.166667"
"2144036167","2056033543","0.166667"
"2056033543","2519205862","0.166667"
"2519205862","2056033543","0.166667"
"2056033543","640470111","0.366667"
"640470111","2056033543","0.366667"
"2096173577","2144036167","0.166667"
"2144036167","2096173577","0.166667"
"2096173577","2519205862","0.166667"
"2519205862","2096173577","0.166667"
"2096173577","640470111","0.166667"
"640470111","2096173577","0.166667"
"2144036167","2519205862","0.166667"
"2519205862","2144036167","0.166667"
"2519205862","640470111","0.333333"
"640470111","2519205862","0.333333"
"1981106289","2074854029","1.79091"
"2074854029","1981106289","1.79091"
"2074854029","2144036167","0.424242"
"2144036167","2074854029","0.424242"
"2074854029","640470111","0.790909"
"640470111","2074854029","0.790909"
"2016151288","2074854029","0.0909091"
"2074854029","2016151288","0.0909091"
"2054738187","2074854029","1.45874"
"2074854029","2054738187","1.45874"
"2074854029","2132849063","0.425408"
"2132849063","2074854029","0.425408"
"2074854029","2169813489","0.167832"
"2169813489","2074854029","0.167832"
"2074854029","2323176812","0.258741"
"2323176812","2074854029","0.258741"
"2074854029","53168669","0.348485"
"53168669","2074854029","0.348485"
"2114994157","2144036167","0.0909091"
"2144036167","2114994157","0.0909091"
"2144036167","2169813489","0.0909091"
"2169813489","2144036167","0.0909091"
"2144036167","53168669","0.0909091"
"53168669","2144036167","0.0909091"
"2030192188","2074854029","0.957576"
"2074854029","2030192188","0.957576"
"2054738187","2056033543","0.2"
"2056033543","2054738187","0.2"
"2056033543","2074854029","0.366667"
"2074854029","2056033543","0.366667"
"2074854029","2099667445","0.24359"
"2099667445","2074854029","0.24359"
"2074854029","2519205862","0.666667"
"2519205862","2074854029","0.666667"
"2099667445","2519205862","0.309524"
"2519205862","2099667445","0.309524"
"2099667445","640470111","1.89286"
"640470111","2099667445","1.89286"
"2132849063","2519205862","0.309524"
"2519205862","2132849063","0.309524"
"2519205862","53168669","0.309524"
"53168669","2519205862","0.309524"
"1981106289","41163030","0.0833333"
"41163030","1981106289","0.0833333"
"1985101153","41163030","0.674242"
"41163030","1985101153","0.674242"
"2016151288","41163030","0.0833333"
"41163030","2016151288","0.0833333"
"2030192188","41163030","0.174242"
"41163030","2030192188","0.174242"
"2054738187","41163030","0.174242"
"41163030","2054738187","0.174242"
"2156789140","41163030","2.67424"
"41163030","2156789140","2.67424"
"2162725756","41163030","0.0833333"
"41163030","2162725756","0.0833333"
"2323176812","41163030","0.174242"
"41163030","2323176812","0.174242"
"2546688009","41163030","0.0833333"
"41163030","2546688009","0.0833333"
"2564547364","41163030","0.174242"
"41163030","2564547364","0.174242"
"41163030","53168669","0.174242"
"53168669","41163030","0.174242"
"41163030","640470111","0.0833333"
"640470111","41163030","0.0833333"
"1985101153","2099667445","0.91978"
"2099667445","1985101153","0.91978"
"1985101153","2131291049","0.21978"
"2131291049","1985101153","0.21978"
"1985101153","2167666016","0.233766"
"2167666016","1985101153","0.233766"
"2099667445","2156789140","0.309524"
"2156789140","2099667445","0.309524"
"2131291049","2156789140","0.142857"
"2156789140","2131291049","0.142857"
"2131291049","640470111","0.47619"
"640470111","2131291049","0.47619"
"2156789140","2167666016","0.7671"
"2167666016","2156789140","0.7671"
"2167666016","640470111","0.142857"
"640470111","2167666016","0.142857"
"1985101153","2001175945","0.0769231"
"2001175945","1985101153","0.0769231"
"1985101153","2004496150","0.0769231"
"2004496150","1985101153","0.0769231"
"1985101153","2035080477","0.0769231"
"2035080477","1985101153","0.0769231"
"1985101153","2074854029","0.334499"
"2074854029","1985101153","0.334499"
"1985101153","2129855378","0.44359"
"2129855378","1985101153","0.44359"
"2001175945","2054738187","0.0769231"
"2054738187","2001175945","0.0769231"
"2001175945","2074854029","0.0769231"
"2074854029","2001175945","0.0769231"
"2001175945","2323176812","0.0769231"
"2323176812","2001175945","0.0769231"
"2004496150","2054738187","0.0769231"
"2054738187","2004496150","0.0769231"
"2004496150","2074854029","0.0769231"
"2074854029","2004496150","0.0769231"
"2004496150","2323176812","0.0769231"
"2323176812","2004496150","0.0769231"
"2017380760","2074854029","0.0769231"
"2074854029","2017380760","0.0769231"
"2035080477","2054738187","1.57692"
"2054738187","2035080477","1.57692"
"2035080477","2074854029","0.0769231"
"2074854029","2035080477","0.0769231"
"2035080477","2323176812","0.24359"
"2323176812","2035080477","0.24359"
"2054738187","2099667445","1.86026"
"2099667445","2054738187","1.86026"
"2054738187","2129855378","1.11026"
"2129855378","2054738187","1.11026"
"2074854029","2129855378","0.0769231"
"2129855378","2074854029","0.0769231"
"2074854029","2131291049","0.0769231"
"2131291049","2074854029","0.0769231"
"2074854029","28282946","0.0769231"
"28282946","2074854029","0.0769231"
"2099667445","2323176812","0.0769231"
"2323176812","2099667445","0.0769231"
"2129855378","2323176812","0.0769231"
"2323176812","2129855378","0.0769231"
"2131291049","2323176812","0.0769231"
"2323176812","2131291049","0.0769231"
"1985101153","2056033543","0.166667"
"2056033543","1985101153","0.166667"
"1985101153","2096173577","0.166667"
"2096173577","1985101153","0.166667"
"1985101153","2101337095","0.166667"
"2101337095","1985101153","0.166667"
"1985101153","2626580691","0.166667"
"2626580691","1985101153","0.166667"
"2030192188","2101337095","1.58333"
"2101337095","2030192188","1.58333"
"2030192188","2626580691","1.83333"
"2626580691","2030192188","1.83333"
"2056033543","2101337095","1.58333"
"2101337095","2056033543","1.58333"
"2056033543","2626580691","2.16667"
"2626580691","2056033543","2.16667"
"2074854029","2096173577","0.166667"
"2096173577","2074854029","0.166667"
"2074854029","2101337095","0.166667"
"2101337095","2074854029","0.166667"
"2074854029","2626580691","0.166667"
"2626580691","2074854029","0.166667"
"2096173577","2101337095","2.41667"
"2101337095","2096173577","2.41667"
"2096173577","2626580691","1.66667"
"2626580691","2096173577","1.66667"
"2101337095","2626580691","2.25"
"2626580691","2101337095","2.25"
"2099667445","2546688009","0.166667"
"2546688009","2099667445","0.166667"
"2129855378","2156789140","0.166667"
"2156789140","2129855378","0.166667"
"2129855378","2546688009","0.166667"
"2546688009","2129855378","0.166667"
"2129855378","53168669","0.709524"
"53168669","2129855378","0.709524"
"1985101153","2745881055","0.0909091"
"2745881055","1985101153","0.0909091"
"2030192188","2167666016","0.5671"
"2167666016","2030192188","0.5671"
"2030192188","2745881055","0.290909"
"2745881055","2030192188","0.290909"
"2054738187","2167666016","0.0909091"
"2167666016","2054738187","0.0909091"
"2054738187","2745881055","0.290909"
"2745881055","2054738187","0.290909"
"2074854029","2167666016","0.0909091"
"2167666016","2074854029","0.0909091"
"2074854029","2564547364","0.0909091"
"2564547364","2074854029","0.0909091"
"2074854029","2745881055","0.0909091"
"2745881055","2074854029","0.0909091"
"2074854029","41163030","0.0909091"
"41163030","2074854029","0.0909091"
"2132849063","2745881055","0.290909"
"2745881055","2132849063","0.290909"
"2132849063","41163030","0.0909091"
"41163030","2132849063","0.0909091"
"2156789140","2745881055","0.0909091"
"2745881055","2156789140","0.0909091"
"2167666016","2323176812","0.0909091"
"2323176812","2167666016","0.0909091"
"2167666016","2564547364","0.290909"
"2564547364","2167666016","0.290909"
"2167666016","2745881055","0.0909091"
"2745881055","2167666016","0.0909091"
"2167666016","41163030","0.0909091"
"41163030","2167666016","0.0909091"
"2167666016","53168669","0.7671"
"53168669","2167666016","0.7671"
"2323176812","2745881055","0.0909091"
"2745881055","2323176812","0.0909091"
"2564547364","2745881055","0.290909"
"2745881055","2564547364","0.290909"
"2745881055","41163030","0.0909091"
"41163030","2745881055","0.0909091"
"2745881055","53168669","0.0909091"
"53168669","2745881055","0.0909091"
"2004496150","2030192188","0.333333"
"2030192188","2004496150","0.333333"
"2004496150","23833741","0.333333"
"23833741","2004496150","0.333333"
"2030192188","2131291049","0.333333"
"2131291049","2030192188","0.333333"
"2030192188","23833741","0.333333"
"23833741","2030192188","0.333333"
"2131291049","23833741","0.333333"
"23833741","2131291049","0.333333"
"2016151288","2099667445","1.33333"
"2099667445","2016151288","1.33333"
"2016151288","2129855378","0.833333"
"2129855378","2016151288","0.833333"
"2099667445","2162725756","0.5"
"2162725756","2099667445","0.5"
"2129855378","2162725756","0.5"
"2162725756","2129855378","0.5"
"2016151288","2035080477","0.166667"
"2035080477","2016151288","0.166667"
"2035080477","640470111","0.416667"
"640470111","2035080477","0.416667"
"2099667445","2144036167","0.5"
"2144036167","2099667445","0.5"
"2017380760","2519205862","0.142857"
"2519205862","2017380760","0.142857"
"2030192188","2099667445","1.39286"
"2099667445","2030192188","1.39286"
"2030192188","2129855378","0.142857"
"2129855378","2030192188","0.142857"
"2129855378","2519205862","0.142857"
"2519205862","2129855378","0.142857"
"2167666016","2519205862","0.142857"
"2519205862","2167666016","0.142857"
"2035080477","53168669","0.25"
"53168669","2035080477","0.25"
"2745881055","640470111","0.2"
"640470111","2745881055","0.2"
"2030192188","2155120153","0.583333"
"2155120153","2030192188","0.583333"
"2096173577","2155120153","2.08333"
"2155120153","2096173577","2.08333"
"2101337095","2155120153","0.833333"
"2155120153","2101337095","0.833333"
"2056033543","2155120153","0.75"
"2155120153","2056033543","0.75"
"2155120153","2626580691","0.75"
"2626580691","2155120153","0.75"
"2056033543","2132849063","0.333333"
"2132849063","2056033543","0.333333"
"2056033543","2167666016","0.333333"
"2167666016","2056033543","0.333333"
"2035080477","23833741","0.5"
"23833741","2035080477","0.5"
"23833741","28282946","0.5"
"28282946","23833741","0.5"
"2131291049","2745881055","1"
"2745881055","2131291049","1"
"2155120153","2162725756","1"
"2162725756","2155120153","1"
"2519205862","2745881055","1"
"2745881055","2519205862","1"
