"12994956","1970613547","1.16667"
"1970613547","12994956","1.16667"
"12994956","1990178240","0.666667"
"1990178240","12994956","0.666667"
"12994956","2005062613","0.333333"
"2005062613","12994956","0.333333"
"1970613547","1990178240","0.866667"
"1990178240","1970613547","0.866667"
"1970613547","2005062613","1.95"
"2005062613","1970613547","1.95"
"1990178240","2005062613","0.533333"
"2005062613","1990178240","0.533333"
"12994956","1992837034","0.5"
"1992837034","12994956","0.5"
"1970613547","1992837034","3.11667"
"1992837034","1970613547","3.11667"
"12994956","1479989837","0.333333"
"1479989837","12994956","0.333333"
"1479989837","1970613547","5.45"
"1970613547","1479989837","5.45"
"1479989837","1990178240","0.533333"
"1990178240","1479989837","0.533333"
"1479989837","1992837034","1.11667"
"1992837034","1479989837","1.11667"
"1479989837","2005062613","1.11667"
"2005062613","1479989837","1.11667"
"1479989837","2259920566","0.45"
"2259920566","1479989837","0.45"
"1970613547","2259920566","0.45"
"2259920566","1970613547","0.45"
"1992837034","2005062613","6.36667"
"2005062613","1992837034","6.36667"
"1992837034","2259920566","0.575"
"2259920566","1992837034","0.575"
"2005062613","2259920566","0.45"
"2259920566","2005062613","0.45"
"1990178240","1992837034","0.2"
"1992837034","1990178240","0.2"
"1990178240","2259920566","0.2"
"2259920566","1990178240","0.2"
"1514659930","2054813206","10.7679"
"2054813206","1514659930","10.7679"
"1514659930","1858820152","5.64286"
"1858820152","1514659930","5.64286"
"1514659930","2092207592","3.10119"
"2092207592","1514659930","3.10119"
"1858820152","2092207592","3.64286"
"2092207592","1858820152","3.64286"
"1858820152","2054813206","5.22619"
"2054813206","1858820152","5.22619"
"2054813206","2092207592","2.97619"
"2092207592","2054813206","2.97619"
"1514659930","2050066766","0.666667"
"2050066766","1514659930","0.666667"
"2050066766","2054813206","1.75"
"2054813206","2050066766","1.75"
"1514659930","2068842640","0.642857"
"2068842640","1514659930","0.642857"
"1514659930","2103601382","0.166667"
"2103601382","1514659930","0.166667"
"1514659930","2148465050","0.625"
"2148465050","1514659930","0.625"
"1858820152","2050066766","0.833333"
"2050066766","1858820152","0.833333"
"1858820152","2068842640","3.05952"
"2068842640","1858820152","3.05952"
"1858820152","2103601382","0.166667"
"2103601382","1858820152","0.166667"
"1858820152","2148465050","0.166667"
"2148465050","1858820152","0.166667"
"2050066766","2068842640","5.45"
"2068842640","2050066766","5.45"
"2050066766","2103601382","0.5"
"2103601382","2050066766","0.5"
"2050066766","2148465050","1.61667"
"2148465050","2050066766","1.61667"
"2054813206","2068842640","1.76786"
"2068842640","2054813206","1.76786"
"2054813206","2103601382","0.166667"
"2103601382","2054813206","0.166667"
"2054813206","2148465050","0.416667"
"2148465050","2054813206","0.416667"
"2068842640","2103601382","0.166667"
"2103601382","2068842640","0.166667"
"2068842640","2148465050","2.075"
"2148465050","2068842640","2.075"
"2103601382","2148465050","2.64286"
"2148465050","2103601382","2.64286"
"1514659930","2144799835","0.60119"
"2144799835","1514659930","0.60119"
"2068842640","2144799835","1.85119"
"2144799835","2068842640","1.85119"
"2144799835","2148465050","1.16667"
"2148465050","2144799835","1.16667"
"1514659930","1548188265","0.125"
"1548188265","1514659930","0.125"
"1514659930","2067083952","0.125"
"2067083952","1514659930","0.125"
"1514659930","2132334334","0.125"
"2132334334","1514659930","0.125"
"1514659930","2166789517","0.125"
"2166789517","1514659930","0.125"
"1548188265","2054813206","0.625"
"2054813206","1548188265","0.625"
"1548188265","2067083952","0.125"
"2067083952","1548188265","0.125"
"1548188265","2092207592","0.125"
"2092207592","1548188265","0.125"
"1548188265","2132334334","1.125"
"2132334334","1548188265","1.125"
"1548188265","2144799835","0.125"
"2144799835","1548188265","0.125"
"1548188265","2148465050","0.125"
"2148465050","1548188265","0.125"
"1548188265","2166789517","0.125"
"2166789517","1548188265","0.125"
"2054813206","2067083952","0.125"
"2067083952","2054813206","0.125"
"2054813206","2132334334","0.125"
"2132334334","2054813206","0.125"
"2054813206","2144799835","0.392857"
"2144799835","2054813206","0.392857"
"2054813206","2166789517","0.125"
"2166789517","2054813206","0.125"
"2067083952","2092207592","0.125"
"2092207592","2067083952","0.125"
"2067083952","2132334334","0.125"
"2132334334","2067083952","0.125"
"2067083952","2144799835","0.125"
"2144799835","2067083952","0.125"
"2067083952","2148465050","1.375"
"2148465050","2067083952","1.375"
"2067083952","2166789517","0.958333"
"2166789517","2067083952","0.958333"
"2092207592","2132334334","2.20833"
"2132334334","2092207592","2.20833"
"2092207592","2144799835","2.80952"
"2144799835","2092207592","2.80952"
"2092207592","2148465050","2.83333"
"2148465050","2092207592","2.83333"
"2092207592","2166789517","0.125"
"2166789517","2092207592","0.125"
"2132334334","2144799835","4.70833"
"2144799835","2132334334","4.70833"
"2132334334","2148465050","1.375"
"2148465050","2132334334","1.375"
"2132334334","2166789517","0.125"
"2166789517","2132334334","0.125"
"2144799835","2166789517","0.125"
"2166789517","2144799835","0.125"
"2148465050","2166789517","0.125"
"2166789517","2148465050","0.125"
"1514659930","2143519676","0.142857"
"2143519676","1514659930","0.142857"
"1514659930","622754485","0.142857"
"622754485","1514659930","0.142857"
"1858820152","2143519676","0.142857"
"2143519676","1858820152","0.142857"
"1858820152","2144799835","0.47619"
"2144799835","1858820152","0.47619"
"1858820152","622754485","0.392857"
"622754485","1858820152","0.392857"
"2054813206","2143519676","0.267857"
"2143519676","2054813206","0.267857"
"2054813206","622754485","0.517857"
"622754485","2054813206","0.517857"
"2068842640","2092207592","1.10119"
"2092207592","2068842640","1.10119"
"2068842640","2143519676","1.80119"
"2143519676","2068842640","1.80119"
"2068842640","622754485","1.63452"
"622754485","2068842640","1.63452"
"2092207592","2143519676","0.517857"
"2143519676","2092207592","0.517857"
"2092207592","622754485","0.267857"
"622754485","2092207592","0.267857"
"2143519676","2144799835","0.517857"
"2144799835","2143519676","0.517857"
"2143519676","622754485","0.467857"
"622754485","2143519676","0.467857"
"2144799835","622754485","0.267857"
"622754485","2144799835","0.267857"
"1548188265","1858820152","0.5"
"1858820152","1548188265","0.5"
"1548188265","2259920566","2"
"2259920566","1548188265","2"
"1858820152","2611879064","1"
"2611879064","1858820152","1"
"2050066766","2092207592","0.583333"
"2092207592","2050066766","0.583333"
"1858820152","1964138115","0.333333"
"1964138115","1858820152","0.333333"
"1858820152","2067083952","0.833333"
"2067083952","1858820152","0.833333"
"1964138115","2067083952","1.08333"
"2067083952","1964138115","1.08333"
"1964138115","2068842640","0.833333"
"2068842640","1964138115","0.833333"
"2067083952","2068842640","1.33333"
"2068842640","2067083952","1.33333"
"1858820152","2380636375","0.25"
"2380636375","1858820152","0.25"
"2054813206","2380636375","0.25"
"2380636375","2054813206","0.25"
"2068842640","2380636375","0.5"
"2380636375","2068842640","0.5"
"2380636375","622754485","1.0873"
"622754485","2380636375","1.0873"
"1858820152","2132334334","0.333333"
"2132334334","1858820152","0.333333"
"1964138115","2148465050","4.25"
"2148465050","1964138115","4.25"
"1964138115","622754485","0.5"
"622754485","1964138115","0.5"
"2148465050","622754485","4.63452"
"622754485","2148465050","4.63452"
"1964138115","2103601382","0.5"
"2103601382","1964138115","0.5"
"1964138115","2050066766","0.25"
"2050066766","1964138115","0.25"
"1964138115","2259920566","0.25"
"2259920566","1964138115","0.25"
"2050066766","2067083952","1.58333"
"2067083952","2050066766","1.58333"
"2050066766","2259920566","2.08333"
"2259920566","2050066766","2.08333"
"2067083952","2259920566","0.583333"
"2259920566","2067083952","0.583333"
"2148465050","2259920566","9.20833"
"2259920566","2148465050","9.20833"
"1983077580","2087697043","0.611111"
"2087697043","1983077580","0.611111"
"1983077580","2103601382","4.67619"
"2103601382","1983077580","4.67619"
"1983077580","2125039112","1.47619"
"2125039112","1983077580","1.47619"
"1983077580","2380636375","3.20397"
"2380636375","1983077580","3.20397"
"2087697043","2103601382","6.25"
"2103601382","2087697043","6.25"
"2087697043","2125039112","1.08333"
"2125039112","2087697043","1.08333"
"2087697043","2380636375","2.44444"
"2380636375","2087697043","2.44444"
"2103601382","2125039112","1.47619"
"2125039112","2103601382","1.47619"
"2103601382","2380636375","2.34286"
"2380636375","2103601382","2.34286"
"2125039112","2380636375","2.47619"
"2380636375","2125039112","2.47619"
"1983077580","1988526349","2.67619"
"1988526349","1983077580","2.67619"
"1988526349","2103601382","6.67619"
"2103601382","1988526349","6.67619"
"1983077580","2021105024","0.953968"
"2021105024","1983077580","0.953968"
"1983077580","2259920566","0.2"
"2259920566","1983077580","0.2"
"1988526349","2021105024","2.84286"
"2021105024","1988526349","2.84286"
"1988526349","2259920566","0.7"
"2259920566","1988526349","0.7"
"1988526349","2380636375","1.09286"
"2380636375","1988526349","1.09286"
"2021105024","2103601382","2.42619"
"2103601382","2021105024","2.42619"
"2021105024","2259920566","0.2"
"2259920566","2021105024","0.2"
"2021105024","2380636375","0.953968"
"2380636375","2021105024","0.953968"
"2103601382","2259920566","0.7"
"2259920566","2103601382","0.7"
"2259920566","2380636375","0.2"
"2380636375","2259920566","0.2"
"2021105024","2125039112","0.892857"
"2125039112","2021105024","0.892857"
"1988526349","2125039112","0.97619"
"2125039112","1988526349","0.97619"
"1983077580","2148465050","0.392857"
"2148465050","1983077580","0.392857"
"2021105024","2087697043","0.361111"
"2087697043","2021105024","0.361111"
"2021105024","2148465050","1.22619"
"2148465050","2021105024","1.22619"
"2087697043","2148465050","2"
"2148465050","2087697043","2"
"2148465050","2380636375","0.892857"
"2380636375","2148465050","0.892857"
"1983077580","622754485","0.253968"
"622754485","1983077580","0.253968"
"1988526349","2148465050","1.39286"
"2148465050","1988526349","1.39286"
"1988526349","622754485","0.142857"
"622754485","1988526349","0.142857"
"2021105024","622754485","0.253968"
"622754485","2021105024","0.253968"
"2103601382","622754485","0.142857"
"622754485","2103601382","0.142857"
"2125039112","2148465050","0.142857"
"2148465050","2125039112","0.142857"
"2125039112","622754485","0.142857"
"622754485","2125039112","0.142857"
"1983077580","2005062613","0.111111"
"2005062613","1983077580","0.111111"
"1983077580","2007307722","0.111111"
"2007307722","1983077580","0.111111"
"1983077580","2152824849","0.111111"
"2152824849","1983077580","0.111111"
"1983077580","2166789517","0.111111"
"2166789517","1983077580","0.111111"
"1983077580","2346173373","0.111111"
"2346173373","1983077580","0.111111"
"2005062613","2007307722","0.111111"
"2007307722","2005062613","0.111111"
"2005062613","2021105024","0.111111"
"2021105024","2005062613","0.111111"
"2005062613","2087697043","1.19444"
"2087697043","2005062613","1.19444"
"2005062613","2152824849","0.361111"
"2152824849","2005062613","0.361111"
"2005062613","2166789517","0.111111"
"2166789517","2005062613","0.111111"
"2005062613","2346173373","0.111111"
"2346173373","2005062613","0.111111"
"2005062613","2380636375","0.694444"
"2380636375","2005062613","0.694444"
"2005062613","622754485","0.861111"
"622754485","2005062613","0.861111"
"2007307722","2021105024","0.111111"
"2021105024","2007307722","0.111111"
"2007307722","2087697043","0.111111"
"2087697043","2007307722","0.111111"
"2007307722","2152824849","0.111111"
"2152824849","2007307722","0.111111"
"2007307722","2166789517","0.111111"
"2166789517","2007307722","0.111111"
"2007307722","2346173373","0.111111"
"2346173373","2007307722","0.111111"
"2007307722","2380636375","0.111111"
"2380636375","2007307722","0.111111"
"2007307722","622754485","0.611111"
"622754485","2007307722","0.611111"
"2021105024","2152824849","0.111111"
"2152824849","2021105024","0.111111"
"2021105024","2166789517","0.111111"
"2166789517","2021105024","0.111111"
"2021105024","2346173373","0.111111"
"2346173373","2021105024","0.111111"
"2087697043","2152824849","0.111111"
"2152824849","2087697043","0.111111"
"2087697043","2166789517","0.611111"
"2166789517","2087697043","0.611111"
"2087697043","2346173373","0.111111"
"2346173373","2087697043","0.111111"
"2087697043","622754485","0.861111"
"622754485","2087697043","0.861111"
"2152824849","2166789517","0.111111"
"2166789517","2152824849","0.111111"
"2152824849","2346173373","0.611111"
"2346173373","2152824849","0.611111"
"2152824849","2380636375","0.611111"
"2380636375","2152824849","0.611111"
"2152824849","622754485","0.361111"
"622754485","2152824849","0.361111"
"2166789517","2346173373","0.111111"
"2346173373","2166789517","0.111111"
"2166789517","2380636375","1.44444"
"2380636375","2166789517","1.44444"
"2166789517","622754485","0.944444"
"622754485","2166789517","0.944444"
"2346173373","2380636375","0.111111"
"2380636375","2346173373","0.111111"
"2346173373","622754485","0.111111"
"622754485","2346173373","0.111111"
"1988526349","2005062613","0.25"
"2005062613","1988526349","0.25"
"1988526349","2152824849","0.25"
"2152824849","1988526349","0.25"
"2005062613","2148465050","1"
"2148465050","2005062613","1"
"2148465050","2152824849","0.5"
"2152824849","2148465050","0.5"
"1992837034","2087697043","0.25"
"2087697043","1992837034","0.25"
"1992837034","2148465050","0.375"
"2148465050","1992837034","0.375"
"1992837034","622754485","0.875"
"622754485","1992837034","0.875"
"1992837034","2054813206","0.125"
"2054813206","1992837034","0.125"
"1992837034","2068842640","0.125"
"2068842640","1992837034","0.125"
"1992837034","2092207592","0.125"
"2092207592","1992837034","0.125"
"1992837034","2143519676","0.125"
"2143519676","1992837034","0.125"
"1992837034","2144799835","0.125"
"2144799835","1992837034","0.125"
"2054813206","2259920566","0.125"
"2259920566","2054813206","0.125"
"2068842640","2259920566","1.45833"
"2259920566","2068842640","1.45833"
"2092207592","2259920566","0.625"
"2259920566","2092207592","0.625"
"2143519676","2148465050","0.658333"
"2148465050","2143519676","0.658333"
"2143519676","2259920566","1.45833"
"2259920566","2143519676","1.45833"
"2144799835","2259920566","0.625"
"2259920566","2144799835","0.625"
"2259920566","622754485","1.125"
"622754485","2259920566","1.125"
"1999368213","2148465050","1"
"2148465050","1999368213","1"
"2000124239","2148465050","0.25"
"2148465050","2000124239","0.25"
"2000124239","2346173373","0.25"
"2346173373","2000124239","0.25"
"2000124239","2611879064","0.25"
"2611879064","2000124239","0.25"
"2000124239","2776423041","0.25"
"2776423041","2000124239","0.25"
"2148465050","2346173373","0.25"
"2346173373","2148465050","0.25"
"2148465050","2611879064","1"
"2611879064","2148465050","1"
"2148465050","2776423041","0.25"
"2776423041","2148465050","0.25"
"2346173373","2611879064","1.25"
"2611879064","2346173373","1.25"
"2346173373","2776423041","0.25"
"2776423041","2346173373","0.25"
"2611879064","2776423041","0.25"
"2776423041","2611879064","0.25"
"2005062613","2125039112","0.333333"
"2125039112","2005062613","0.333333"
"2007307722","2068165305","1"
"2068165305","2007307722","1"
"2007307722","2259920566","2"
"2259920566","2007307722","2"
"2007307722","2148465050","0.5"
"2148465050","2007307722","0.5"
"2021105024","2050066766","1.33333"
"2050066766","2021105024","1.33333"
"2050066766","2166789517","0.333333"
"2166789517","2050066766","0.333333"
"2166789517","2259920566","0.333333"
"2259920566","2166789517","0.333333"
"2050066766","2140840133","0.45"
"2140840133","2050066766","0.45"
"2050066766","2143519676","0.7"
"2143519676","2050066766","0.7"
"2050066766","622754485","0.866667"
"622754485","2050066766","0.866667"
"2068842640","2140840133","0.95"
"2140840133","2068842640","0.95"
"2140840133","2143519676","1.95"
"2143519676","2140840133","1.95"
"2140840133","2148465050","0.533333"
"2148465050","2140840133","0.533333"
"2140840133","622754485","0.2"
"622754485","2140840133","0.2"
"2054813206","2140840133","0.25"
"2140840133","2054813206","0.25"
"2092207592","2140840133","1.33333"
"2140840133","2092207592","1.33333"
"2054813206","2152824849","0.5"
"2152824849","2054813206","0.5"
"2054813206","2346173373","0.5"
"2346173373","2054813206","0.5"
"2062095946","2068165305","0.5"
"2068165305","2062095946","0.5"
"2062095946","622754485","0.5"
"622754485","2062095946","0.5"
"2068165305","622754485","0.833333"
"622754485","2068165305","0.833333"
"2067083952","2260536843","2.5"
"2260536843","2067083952","2.5"
"2166789517","2260536843","2.5"
"2260536843","2166789517","2.5"
"2068165305","2594338580","1"
"2594338580","2068165305","1"
"2068165305","2166789517","0.333333"
"2166789517","2068165305","0.333333"
"2068165305","2380636375","0.333333"
"2380636375","2068165305","0.333333"
"2068842640","2132334334","3.75"
"2132334334","2068842640","3.75"
"2068842640","2152824849","0.25"
"2152824849","2068842640","0.25"
"2068842640","2611879064","0.25"
"2611879064","2068842640","0.25"
"2092207592","2611879064","0.5"
"2611879064","2092207592","0.5"
"2132334334","2611879064","0.5"
"2611879064","2132334334","0.5"
"2144799835","2611879064","0.5"
"2611879064","2144799835","0.5"
"2140840133","2259920566","0.5"
"2259920566","2140840133","0.5"
"2140840133","2144799835","1.58333"
"2144799835","2140840133","1.58333"
"2132334334","2140840133","0.25"
"2140840133","2132334334","0.25"
"2132334334","2143519676","0.25"
"2143519676","2132334334","0.25"
"2259920566","2611879064","3.5"
"2611879064","2259920566","3.5"
"2152824849","2776423041","0.5"
"2776423041","2152824849","0.5"
"2152824849","2981733719","0.5"
"2981733719","2152824849","0.5"
"2776423041","2981733719","0.5"
"2981733719","2776423041","0.5"
"2259920566","2346173373","4"
"2346173373","2259920566","4"
