"147397011","2024764865","15.3333"
"2024764865","147397011","15.3333"
"147397011","1494949408","0.75"
"1494949408","147397011","0.75"
"147397011","98002569","0.75"
"98002569","147397011","0.75"
"1494949408","2024764865","0.333333"
"2024764865","1494949408","0.333333"
"1494949408","98002569","6.66667"
"98002569","1494949408","6.66667"
"2024764865","98002569","0.333333"
"98002569","2024764865","0.333333"
"147397011","1475391197","0.166667"
"1475391197","147397011","0.166667"
"147397011","1988099183","0.166667"
"1988099183","147397011","0.166667"
"147397011","2528476672","0.166667"
"2528476672","147397011","0.166667"
"147397011","2948694119","0.166667"
"2948694119","147397011","0.166667"
"1475391197","1494949408","1.41667"
"1494949408","1475391197","1.41667"
"1475391197","1988099183","0.416667"
"1988099183","1475391197","0.416667"
"1475391197","2528476672","0.166667"
"2528476672","1475391197","0.166667"
"1475391197","2948694119","0.166667"
"2948694119","1475391197","0.166667"
"1475391197","98002569","0.416667"
"98002569","1475391197","0.416667"
"1494949408","1988099183","3.75"
"1988099183","1494949408","3.75"
"1494949408","2528476672","0.5"
"2528476672","1494949408","0.5"
"1494949408","2948694119","0.166667"
"2948694119","1494949408","0.166667"
"1988099183","2528476672","2.5"
"2528476672","1988099183","2.5"
"1988099183","2948694119","1.16667"
"2948694119","1988099183","1.16667"
"1988099183","98002569","4.75"
"98002569","1988099183","4.75"
"2528476672","2948694119","0.5"
"2948694119","2528476672","0.5"
"2528476672","98002569","0.5"
"98002569","2528476672","0.5"
"2948694119","98002569","0.166667"
"98002569","2948694119","0.166667"
"147397011","2093879104","0.25"
"2093879104","147397011","0.25"
"147397011","48184121","0.25"
"48184121","147397011","0.25"
"1494949408","2093879104","0.25"
"2093879104","1494949408","0.25"
"1494949408","48184121","0.25"
"48184121","1494949408","0.25"
"2093879104","48184121","0.361455"
"48184121","2093879104","0.361455"
"2093879104","98002569","0.25"
"98002569","2093879104","0.25"
"48184121","98002569","0.25"
"98002569","48184121","0.25"
"1475391197","3004768444","0.25"
"3004768444","1475391197","0.25"
"1494949408","3004768444","0.583333"
"3004768444","1494949408","0.583333"
"1988099183","3004768444","0.25"
"3004768444","1988099183","0.25"
"3004768444","98002569","0.583333"
"98002569","3004768444","0.583333"
"147679202","2016574123","1.3125"
"2016574123","147679202","1.3125"
"147679202","1522000462","0.0625"
"1522000462","147679202","0.0625"
"147679202","1536364518","0.0625"
"1536364518","147679202","0.0625"
"147679202","1539398646","0.0625"
"1539398646","147679202","0.0625"
"147679202","1573948883","0.0625"
"1573948883","147679202","0.0625"
"147679202","1939792841","0.0625"
"1939792841","147679202","0.0625"
"147679202","1964149105","0.0625"
"1964149105","147679202","0.0625"
"147679202","1988893007","0.0625"
"1988893007","147679202","0.0625"
"147679202","2045913708","1.0625"
"2045913708","147679202","1.0625"
"147679202","2093879104","0.0625"
"2093879104","147679202","0.0625"
"147679202","2098457320","0.0625"
"2098457320","147679202","0.0625"
"147679202","2129828750","0.3125"
"2129828750","147679202","0.3125"
"147679202","2140710134","0.3125"
"2140710134","147679202","0.3125"
"147679202","2141347528","0.0625"
"2141347528","147679202","0.0625"
"147679202","2405404620","0.0625"
"2405404620","147679202","0.0625"
"147679202","2502331052","0.0625"
"2502331052","147679202","0.0625"
"1522000462","1536364518","0.395833"
"1536364518","1522000462","0.395833"
"1522000462","1539398646","0.0625"
"1539398646","1522000462","0.0625"
"1522000462","1573948883","0.0625"
"1573948883","1522000462","0.0625"
"1522000462","1939792841","0.0625"
"1939792841","1522000462","0.0625"
"1522000462","1964149105","0.395833"
"1964149105","1522000462","0.395833"
"1522000462","1988893007","0.395833"
"1988893007","1522000462","0.395833"
"1522000462","2016574123","0.0625"
"2016574123","1522000462","0.0625"
"1522000462","2045913708","0.0625"
"2045913708","1522000462","0.0625"
"1522000462","2093879104","0.0625"
"2093879104","1522000462","0.0625"
"1522000462","2098457320","0.0625"
"2098457320","1522000462","0.0625"
"1522000462","2129828750","0.0625"
"2129828750","1522000462","0.0625"
"1522000462","2140710134","0.0625"
"2140710134","1522000462","0.0625"
"1522000462","2141347528","0.0625"
"2141347528","1522000462","0.0625"
"1522000462","2405404620","0.0625"
"2405404620","1522000462","0.0625"
"1522000462","2502331052","0.0625"
"2502331052","1522000462","0.0625"
"1536364518","1539398646","0.173955"
"1539398646","1536364518","0.173955"
"1536364518","1573948883","0.173955"
"1573948883","1536364518","0.173955"
"1536364518","1939792841","0.173955"
"1939792841","1536364518","0.173955"
"1536364518","1964149105","1.95173"
"1964149105","1536364518","1.95173"
"1536364518","1988893007","1.06577"
"1988893007","1536364518","1.06577"
"1536364518","2016574123","0.0625"
"2016574123","1536364518","0.0625"
"1536364518","2045913708","0.0625"
"2045913708","1536364518","0.0625"
"1536364518","2093879104","0.173955"
"2093879104","1536364518","0.173955"
"1536364518","2098457320","0.0625"
"2098457320","1536364518","0.0625"
"1536364518","2129828750","0.6184"
"2129828750","1536364518","0.6184"
"1536364518","2140710134","0.285066"
"2140710134","1536364518","0.285066"
"1536364518","2141347528","0.673955"
"2141347528","1536364518","0.673955"
"1536364518","2405404620","0.895833"
"2405404620","1536364518","0.895833"
"1536364518","2502331052","0.0625"
"2502331052","1536364518","0.0625"
"1539398646","1573948883","1.80253"
"1573948883","1539398646","1.80253"
"1539398646","1939792841","0.173955"
"1939792841","1539398646","0.173955"
"1539398646","1964149105","0.173955"
"1964149105","1539398646","0.173955"
"1539398646","1988893007","0.121324"
"1988893007","1539398646","0.121324"
"1539398646","2016574123","1.15774"
"2016574123","1539398646","1.15774"
"1539398646","2045913708","0.0625"
"2045913708","1539398646","0.0625"
"1539398646","2093879104","3.13586"
"2093879104","1539398646","3.13586"
"1539398646","2098457320","2.19107"
"2098457320","1539398646","2.19107"
"1539398646","2129828750","0.650146"
"2129828750","1539398646","0.650146"
"1539398646","2140710134","0.316812"
"2140710134","1539398646","0.316812"
"1539398646","2141347528","0.507288"
"2141347528","1539398646","0.507288"
"1539398646","2405404620","0.0625"
"2405404620","1539398646","0.0625"
"1539398646","2502331052","0.991071"
"2502331052","1539398646","0.991071"
"1573948883","1939792841","0.173955"
"1939792841","1573948883","0.173955"
"1573948883","1964149105","0.173955"
"1964149105","1573948883","0.173955"
"1573948883","1988893007","0.121324"
"1988893007","1573948883","0.121324"
"1573948883","2016574123","1.10774"
"2016574123","1573948883","1.10774"
"1573948883","2045913708","0.0625"
"2045913708","1573948883","0.0625"
"1573948883","2093879104","6.25253"
"2093879104","1573948883","6.25253"
"1573948883","2098457320","1.19107"
"2098457320","1573948883","1.19107"
"1573948883","2129828750","0.316812"
"2129828750","1573948883","0.316812"
"1573948883","2140710134","0.316812"
"2140710134","1573948883","0.316812"
"1573948883","2141347528","0.173955"
"2141347528","1573948883","0.173955"
"1573948883","2405404620","0.0625"
"2405404620","1573948883","0.0625"
"1573948883","2502331052","0.691071"
"2502331052","1573948883","0.691071"
"1939792841","1964149105","0.173955"
"1964149105","1939792841","0.173955"
"1939792841","1988893007","0.121324"
"1988893007","1939792841","0.121324"
"1939792841","2016574123","0.0625"
"2016574123","1939792841","0.0625"
"1939792841","2045913708","0.0625"
"2045913708","1939792841","0.0625"
"1939792841","2093879104","0.173955"
"2093879104","1939792841","0.173955"
"1939792841","2098457320","0.0625"
"2098457320","1939792841","0.0625"
"1939792841","2129828750","0.173955"
"2129828750","1939792841","0.173955"
"1939792841","2140710134","0.173955"
"2140710134","1939792841","0.173955"
"1939792841","2141347528","0.173955"
"2141347528","1939792841","0.173955"
"1939792841","2405404620","0.0625"
"2405404620","1939792841","0.0625"
"1939792841","2502331052","0.0625"
"2502331052","1939792841","0.0625"
"1964149105","1988893007","0.765768"
"1988893007","1964149105","0.765768"
"1964149105","2016574123","0.0625"
"2016574123","1964149105","0.0625"
"1964149105","2045913708","0.0625"
"2045913708","1964149105","0.0625"
"1964149105","2093879104","0.173955"
"2093879104","1964149105","0.173955"
"1964149105","2098457320","0.0625"
"2098457320","1964149105","0.0625"
"1964149105","2129828750","0.285066"
"2129828750","1964149105","0.285066"
"1964149105","2140710134","0.285066"
"2140710134","1964149105","0.285066"
"1964149105","2141347528","0.173955"
"2141347528","1964149105","0.173955"
"1964149105","2405404620","0.2625"
"2405404620","1964149105","0.2625"
"1964149105","2502331052","0.0625"
"2502331052","1964149105","0.0625"
"1988893007","2016574123","0.0625"
"2016574123","1988893007","0.0625"
"1988893007","2045913708","0.0625"
"2045913708","1988893007","0.0625"
"1988893007","2093879104","0.121324"
"2093879104","1988893007","0.121324"
"1988893007","2098457320","0.0625"
"2098457320","1988893007","0.0625"
"1988893007","2129828750","0.232435"
"2129828750","1988893007","0.232435"
"1988893007","2140710134","0.232435"
"2140710134","1988893007","0.232435"
"1988893007","2141347528","0.121324"
"2141347528","1988893007","0.121324"
"1988893007","2405404620","0.2625"
"2405404620","1988893007","0.2625"
"1988893007","2502331052","0.0625"
"2502331052","1988893007","0.0625"
"2016574123","2045913708","1.0625"
"2045913708","2016574123","1.0625"
"2016574123","2093879104","3.10774"
"2093879104","2016574123","3.10774"
"2016574123","2098457320","0.657738"
"2098457320","2016574123","0.657738"
"2016574123","2129828750","0.455357"
"2129828750","2016574123","0.455357"
"2016574123","2140710134","0.455357"
"2140710134","2016574123","0.455357"
"2016574123","2141347528","0.0625"
"2141347528","2016574123","0.0625"
"2016574123","2405404620","0.0625"
"2405404620","2016574123","0.0625"
"2016574123","2502331052","3.19107"
"2502331052","2016574123","3.19107"
"2045913708","2093879104","0.0625"
"2093879104","2045913708","0.0625"
"2045913708","2098457320","0.0625"
"2098457320","2045913708","0.0625"
"2045913708","2129828750","0.0625"
"2129828750","2045913708","0.0625"
"2045913708","2140710134","0.0625"
"2140710134","2045913708","0.0625"
"2045913708","2141347528","0.0625"
"2141347528","2045913708","0.0625"
"2045913708","2405404620","0.0625"
"2405404620","2045913708","0.0625"
"2045913708","2502331052","0.0625"
"2502331052","2045913708","0.0625"
"2093879104","2098457320","1.19107"
"2098457320","2093879104","1.19107"
"2093879104","2129828750","0.650146"
"2129828750","2093879104","0.650146"
"2093879104","2140710134","0.316812"
"2140710134","2093879104","0.316812"
"2093879104","2141347528","0.507288"
"2141347528","2093879104","0.507288"
"2093879104","2405404620","0.0625"
"2405404620","2093879104","0.0625"
"2093879104","2502331052","1.5244"
"2502331052","2093879104","1.5244"
"2098457320","2129828750","0.205357"
"2129828750","2098457320","0.205357"
"2098457320","2140710134","0.205357"
"2140710134","2098457320","0.205357"
"2098457320","2141347528","0.0625"
"2141347528","2098457320","0.0625"
"2098457320","2405404620","0.0625"
"2405404620","2098457320","0.0625"
"2098457320","2502331052","0.491071"
"2502331052","2098457320","0.491071"
"2129828750","2140710134","2.17792"
"2140710134","2129828750","2.17792"
"2129828750","2141347528","0.507288"
"2141347528","2129828750","0.507288"
"2129828750","2405404620","0.395833"
"2405404620","2129828750","0.395833"
"2129828750","2502331052","0.205357"
"2502331052","2129828750","0.205357"
"2140710134","2141347528","0.173955"
"2141347528","2140710134","0.173955"
"2140710134","2405404620","0.0625"
"2405404620","2140710134","0.0625"
"2140710134","2502331052","0.205357"
"2502331052","2140710134","0.205357"
"2141347528","2405404620","1.5625"
"2405404620","2141347528","1.5625"
"2141347528","2502331052","0.0625"
"2502331052","2141347528","0.0625"
"2405404620","2502331052","0.0625"
"2502331052","2405404620","0.0625"
"147679202","2114008054","0.25"
"2114008054","147679202","0.25"
"2016574123","2114008054","0.25"
"2114008054","2016574123","0.25"
"2114008054","2129828750","0.25"
"2129828750","2114008054","0.25"
"2114008054","2140710134","0.25"
"2140710134","2114008054","0.25"
"1494949408","2925030492","0.333333"
"2925030492","1494949408","0.333333"
"2925030492","3004768444","0.333333"
"3004768444","2925030492","0.333333"
"2925030492","98002569","0.333333"
"98002569","2925030492","0.333333"
"1522000462","1988099183","1"
"1988099183","1522000462","1"
"1522000462","2079816440","1"
"2079816440","1522000462","1"
"1522000462","2528476672","1"
"2528476672","1522000462","1"
"1535009815","1599659516","1.50263"
"1599659516","1535009815","1.50263"
"1535009815","2044990068","1.50263"
"2044990068","1535009815","1.50263"
"1535009815","2156348538","0.25"
"2156348538","1535009815","0.25"
"1535009815","2171481610","0.752632"
"2171481610","1535009815","0.752632"
"1599659516","2044990068","4.53923"
"2044990068","1599659516","4.53923"
"1599659516","2156348538","1.86111"
"2156348538","1599659516","1.86111"
"1599659516","2171481610","3.56374"
"2171481610","1599659516","3.56374"
"2044990068","2156348538","3.36111"
"2156348538","2044990068","3.36111"
"2044990068","2171481610","2.23041"
"2171481610","2044990068","2.23041"
"2156348538","2171481610","1.36111"
"2171481610","2156348538","1.36111"
"1535009815","1576181236","0.502632"
"1576181236","1535009815","0.502632"
"1535009815","2005219859","0.502632"
"2005219859","1535009815","0.502632"
"1576181236","1599659516","0.811455"
"1599659516","1576181236","0.811455"
"1576181236","2005219859","2.81146"
"2005219859","1576181236","2.81146"
"1576181236","2044990068","0.811455"
"2044990068","1576181236","0.811455"
"1576181236","2171481610","0.252632"
"2171481610","1576181236","0.252632"
"1599659516","2005219859","1.39479"
"2005219859","1599659516","1.39479"
"2005219859","2044990068","3.56146"
"2044990068","2005219859","3.56146"
"2005219859","2171481610","0.585965"
"2171481610","2005219859","0.585965"
"1535009815","1964149105","0.302632"
"1964149105","1535009815","0.302632"
"1599659516","1964149105","0.672566"
"1964149105","1599659516","0.672566"
"1964149105","2044990068","0.672566"
"2044990068","1964149105","0.672566"
"1964149105","2171481610","0.947076"
"2171481610","1964149105","0.947076"
"1535009815","1536364518","0.0526316"
"1536364518","1535009815","0.0526316"
"1535009815","1539398646","0.0526316"
"1539398646","1535009815","0.0526316"
"1535009815","1573948883","0.0526316"
"1573948883","1535009815","0.0526316"
"1535009815","1939792841","0.0526316"
"1939792841","1535009815","0.0526316"
"1535009815","198236175","0.0526316"
"198236175","1535009815","0.0526316"
"1535009815","1990526639","0.0526316"
"1990526639","1535009815","0.0526316"
"1535009815","2075489575","0.0526316"
"2075489575","1535009815","0.0526316"
"1535009815","2093879104","0.0526316"
"2093879104","1535009815","0.0526316"
"1535009815","2129828750","0.0526316"
"2129828750","1535009815","0.0526316"
"1535009815","2140710134","0.0526316"
"2140710134","1535009815","0.0526316"
"1535009815","2141347528","0.0526316"
"2141347528","1535009815","0.0526316"
"1535009815","3004768444","0.0526316"
"3004768444","1535009815","0.0526316"
"1535009815","48184121","0.0526316"
"48184121","1535009815","0.0526316"
"1536364518","1576181236","0.111455"
"1576181236","1536364518","0.111455"
"1536364518","1599659516","0.222566"
"1599659516","1536364518","0.222566"
"1536364518","198236175","0.0526316"
"198236175","1536364518","0.0526316"
"1536364518","1990526639","0.944788"
"1990526639","1536364518","0.944788"
"1536364518","2005219859","0.611455"
"2005219859","1536364518","0.611455"
"1536364518","2044990068","2.72257"
"2044990068","1536364518","2.72257"
"1536364518","2075489575","0.111455"
"2075489575","1536364518","0.111455"
"1536364518","2171481610","0.497076"
"2171481610","1536364518","0.497076"
"1536364518","3004768444","0.0526316"
"3004768444","1536364518","0.0526316"
"1536364518","48184121","0.111455"
"48184121","1536364518","0.111455"
"1539398646","1576181236","0.111455"
"1576181236","1539398646","0.111455"
"1539398646","1599659516","0.111455"
"1599659516","1539398646","0.111455"
"1539398646","198236175","0.705013"
"198236175","1539398646","0.705013"
"1539398646","1990526639","0.111455"
"1990526639","1539398646","0.111455"
"1539398646","2005219859","0.111455"
"2005219859","1539398646","0.111455"
"1539398646","2044990068","0.111455"
"2044990068","1539398646","0.111455"
"1539398646","2075489575","0.111455"
"2075489575","1539398646","0.111455"
"1539398646","2171481610","0.0526316"
"2171481610","1539398646","0.0526316"
"1539398646","3004768444","0.0526316"
"3004768444","1539398646","0.0526316"
"1539398646","48184121","0.111455"
"48184121","1539398646","0.111455"
"1573948883","1576181236","0.111455"
"1576181236","1573948883","0.111455"
"1573948883","1599659516","0.111455"
"1599659516","1573948883","0.111455"
"1573948883","198236175","1.15501"
"198236175","1573948883","1.15501"
"1573948883","1990526639","0.111455"
"1990526639","1573948883","0.111455"
"1573948883","2005219859","0.311455"
"2005219859","1573948883","0.311455"
"1573948883","2044990068","0.111455"
"2044990068","1573948883","0.111455"
"1573948883","2075489575","0.111455"
"2075489575","1573948883","0.111455"
"1573948883","2171481610","0.0526316"
"2171481610","1573948883","0.0526316"
"1573948883","3004768444","0.0526316"
"3004768444","1573948883","0.0526316"
"1573948883","48184121","0.111455"
"48184121","1573948883","0.111455"
"1576181236","1939792841","0.111455"
"1939792841","1576181236","0.111455"
"1576181236","1964149105","0.111455"
"1964149105","1576181236","0.111455"
"1576181236","198236175","0.0526316"
"198236175","1576181236","0.0526316"
"1576181236","1990526639","0.111455"
"1990526639","1576181236","0.111455"
"1576181236","2075489575","0.111455"
"2075489575","1576181236","0.111455"
"1576181236","2093879104","0.111455"
"2093879104","1576181236","0.111455"
"1576181236","2129828750","0.111455"
"2129828750","1576181236","0.111455"
"1576181236","2140710134","0.111455"
"2140710134","1576181236","0.111455"
"1576181236","2141347528","0.111455"
"2141347528","1576181236","0.111455"
"1576181236","3004768444","0.0526316"
"3004768444","1576181236","0.0526316"
"1576181236","48184121","0.111455"
"48184121","1576181236","0.111455"
"1599659516","1939792841","0.111455"
"1939792841","1599659516","0.111455"
"1599659516","198236175","0.0526316"
"198236175","1599659516","0.0526316"
"1599659516","1990526639","0.111455"
"1990526639","1599659516","0.111455"
"1599659516","2075489575","0.111455"
"2075489575","1599659516","0.111455"
"1599659516","2093879104","0.111455"
"2093879104","1599659516","0.111455"
"1599659516","2129828750","0.222566"
"2129828750","1599659516","0.222566"
"1599659516","2140710134","0.222566"
"2140710134","1599659516","0.222566"
"1599659516","2141347528","0.111455"
"2141347528","1599659516","0.111455"
"1599659516","3004768444","0.0526316"
"3004768444","1599659516","0.0526316"
"1599659516","48184121","0.111455"
"48184121","1599659516","0.111455"
"1939792841","198236175","0.0526316"
"198236175","1939792841","0.0526316"
"1939792841","1990526639","0.111455"
"1990526639","1939792841","0.111455"
"1939792841","2005219859","0.111455"
"2005219859","1939792841","0.111455"
"1939792841","2044990068","0.111455"
"2044990068","1939792841","0.111455"
"1939792841","2075489575","0.111455"
"2075489575","1939792841","0.111455"
"1939792841","2171481610","0.0526316"
"2171481610","1939792841","0.0526316"
"1939792841","3004768444","0.0526316"
"3004768444","1939792841","0.0526316"
"1939792841","48184121","0.111455"
"48184121","1939792841","0.111455"
"1964149105","198236175","0.0526316"
"198236175","1964149105","0.0526316"
"1964149105","1990526639","0.944788"
"1990526639","1964149105","0.944788"
"1964149105","2005219859","0.611455"
"2005219859","1964149105","0.611455"
"1964149105","2075489575","0.111455"
"2075489575","1964149105","0.111455"
"1964149105","3004768444","0.0526316"
"3004768444","1964149105","0.0526316"
"1964149105","48184121","0.111455"
"48184121","1964149105","0.111455"
"198236175","1990526639","0.0526316"
"1990526639","198236175","0.0526316"
"198236175","2005219859","0.252632"
"2005219859","198236175","0.252632"
"198236175","2044990068","0.0526316"
"2044990068","198236175","0.0526316"
"198236175","2075489575","0.0526316"
"2075489575","198236175","0.0526316"
"198236175","2093879104","3.48835"
"2093879104","198236175","3.48835"
"198236175","2129828750","0.0526316"
"2129828750","198236175","0.0526316"
"198236175","2140710134","0.0526316"
"2140710134","198236175","0.0526316"
"198236175","2141347528","0.0526316"
"2141347528","198236175","0.0526316"
"198236175","2171481610","0.0526316"
"2171481610","198236175","0.0526316"
"198236175","3004768444","0.0526316"
"3004768444","198236175","0.0526316"
"198236175","48184121","0.0526316"
"48184121","198236175","0.0526316"
"1990526639","2005219859","0.111455"
"2005219859","1990526639","0.111455"
"1990526639","2044990068","0.111455"
"2044990068","1990526639","0.111455"
"1990526639","2075489575","0.111455"
"2075489575","1990526639","0.111455"
"1990526639","2093879104","0.111455"
"2093879104","1990526639","0.111455"
"1990526639","2129828750","0.111455"
"2129828750","1990526639","0.111455"
"1990526639","2140710134","0.111455"
"2140710134","1990526639","0.111455"
"1990526639","2141347528","0.111455"
"2141347528","1990526639","0.111455"
"1990526639","2171481610","1.38596"
"2171481610","1990526639","1.38596"
"1990526639","3004768444","0.0526316"
"3004768444","1990526639","0.0526316"
"1990526639","48184121","0.111455"
"48184121","1990526639","0.111455"
"2005219859","2075489575","0.111455"
"2075489575","2005219859","0.111455"
"2005219859","2093879104","0.311455"
"2093879104","2005219859","0.311455"
"2005219859","2129828750","0.111455"
"2129828750","2005219859","0.111455"
"2005219859","2140710134","0.111455"
"2140710134","2005219859","0.111455"
"2005219859","2141347528","0.111455"
"2141347528","2005219859","0.111455"
"2005219859","3004768444","0.0526316"
"3004768444","2005219859","0.0526316"
"2005219859","48184121","0.111455"
"48184121","2005219859","0.111455"
"2044990068","2075489575","0.444788"
"2075489575","2044990068","0.444788"
"2044990068","2093879104","0.111455"
"2093879104","2044990068","0.111455"
"2044990068","2129828750","0.222566"
"2129828750","2044990068","0.222566"
"2044990068","2140710134","0.222566"
"2140710134","2044990068","0.222566"
"2044990068","2141347528","0.111455"
"2141347528","2044990068","0.111455"
"2044990068","3004768444","0.0526316"
"3004768444","2044990068","0.0526316"
"2044990068","48184121","0.111455"
"48184121","2044990068","0.111455"
"2075489575","2093879104","0.111455"
"2093879104","2075489575","0.111455"
"2075489575","2129828750","0.111455"
"2129828750","2075489575","0.111455"
"2075489575","2140710134","0.111455"
"2140710134","2075489575","0.111455"
"2075489575","2141347528","1.11146"
"2141347528","2075489575","1.11146"
"2075489575","2171481610","0.0526316"
"2171481610","2075489575","0.0526316"
"2075489575","3004768444","1.55263"
"3004768444","2075489575","1.55263"
"2075489575","48184121","0.611455"
"48184121","2075489575","0.611455"
"2093879104","2171481610","0.0526316"
"2171481610","2093879104","0.0526316"
"2093879104","3004768444","0.0526316"
"3004768444","2093879104","0.0526316"
"2129828750","2171481610","0.163743"
"2171481610","2129828750","0.163743"
"2129828750","3004768444","0.552632"
"3004768444","2129828750","0.552632"
"2129828750","48184121","0.111455"
"48184121","2129828750","0.111455"
"2140710134","2171481610","0.163743"
"2171481610","2140710134","0.163743"
"2140710134","3004768444","0.552632"
"3004768444","2140710134","0.552632"
"2140710134","48184121","0.111455"
"48184121","2140710134","0.111455"
"2141347528","2171481610","0.0526316"
"2171481610","2141347528","0.0526316"
"2141347528","3004768444","0.0526316"
"3004768444","2141347528","0.0526316"
"2141347528","48184121","0.111455"
"48184121","2141347528","0.111455"
"2171481610","3004768444","0.0526316"
"3004768444","2171481610","0.0526316"
"2171481610","48184121","0.0526316"
"48184121","2171481610","0.0526316"
"3004768444","48184121","0.0526316"
"48184121","3004768444","0.0526316"
"1536364518","2034335086","0.333333"
"2034335086","1536364518","0.333333"
"2034335086","2129828750","0.333333"
"2129828750","2034335086","0.333333"
"2034335086","2405404620","0.333333"
"2405404620","2034335086","0.333333"
"1988893007","2044990068","2.61993"
"2044990068","1988893007","2.61993"
"1536364518","2528476672","0.0588235"
"2528476672","1536364518","0.0588235"
"1539398646","2528476672","0.0588235"
"2528476672","1539398646","0.0588235"
"1573948883","2528476672","0.0588235"
"2528476672","1573948883","0.0588235"
"1576181236","1988893007","0.0588235"
"1988893007","1576181236","0.0588235"
"1576181236","2528476672","0.0588235"
"2528476672","1576181236","0.0588235"
"1599659516","1988893007","0.619935"
"1988893007","1599659516","0.619935"
"1599659516","2528476672","0.0588235"
"2528476672","1599659516","0.0588235"
"1939792841","2528476672","0.0588235"
"2528476672","1939792841","0.0588235"
"1964149105","2528476672","0.0588235"
"2528476672","1964149105","0.0588235"
"1988893007","1990526639","0.0588235"
"1990526639","1988893007","0.0588235"
"1988893007","2005219859","0.308824"
"2005219859","1988893007","0.308824"
"1988893007","2075489575","0.0588235"
"2075489575","1988893007","0.0588235"
"1988893007","2528476672","0.0588235"
"2528476672","1988893007","0.0588235"
"1988893007","48184121","0.0588235"
"48184121","1988893007","0.0588235"
"1990526639","2528476672","0.0588235"
"2528476672","1990526639","0.0588235"
"2005219859","2528476672","0.0588235"
"2528476672","2005219859","0.0588235"
"2044990068","2528476672","0.0588235"
"2528476672","2044990068","0.0588235"
"2075489575","2528476672","0.0588235"
"2528476672","2075489575","0.0588235"
"2093879104","2528476672","0.0588235"
"2528476672","2093879104","0.0588235"
"2129828750","2528476672","0.0588235"
"2528476672","2129828750","0.0588235"
"2140710134","2528476672","0.0588235"
"2528476672","2140710134","0.0588235"
"2141347528","2528476672","0.0588235"
"2528476672","2141347528","0.0588235"
"2528476672","48184121","0.0588235"
"48184121","2528476672","0.0588235"
"1536364518","2156348538","2.11111"
"2156348538","1536364518","2.11111"
"1536364518","2082942342","1.11111"
"2082942342","1536364518","1.11111"
"1599659516","2082942342","0.111111"
"2082942342","1599659516","0.111111"
"1964149105","2082942342","0.111111"
"2082942342","1964149105","0.111111"
"1964149105","2156348538","0.111111"
"2156348538","1964149105","0.111111"
"1988893007","2082942342","0.611111"
"2082942342","1988893007","0.611111"
"1988893007","2156348538","0.361111"
"2156348538","1988893007","0.361111"
"1988893007","2171481610","0.311111"
"2171481610","1988893007","0.311111"
"2044990068","2082942342","0.611111"
"2082942342","2044990068","0.611111"
"2082942342","2129828750","0.111111"
"2129828750","2082942342","0.111111"
"2082942342","2140710134","0.111111"
"2140710134","2082942342","0.111111"
"2082942342","2156348538","0.111111"
"2156348538","2082942342","0.111111"
"2082942342","2171481610","0.111111"
"2171481610","2082942342","0.111111"
"2129828750","2156348538","0.111111"
"2156348538","2129828750","0.111111"
"2140710134","2156348538","0.111111"
"2156348538","2140710134","0.111111"
"1539398646","2166077773","0.652381"
"2166077773","1539398646","0.652381"
"1573948883","2166077773","0.902381"
"2166077773","1573948883","0.902381"
"198236175","2016574123","2.90238"
"2016574123","198236175","2.90238"
"198236175","2098457320","0.652381"
"2098457320","198236175","0.652381"
"198236175","2166077773","5.23571"
"2166077773","198236175","5.23571"
"2016574123","2166077773","1.70238"
"2166077773","2016574123","1.70238"
"2093879104","2166077773","1.23571"
"2166077773","2093879104","1.23571"
"2098457320","2166077773","0.652381"
"2166077773","2098457320","0.652381"
"198236175","2502331052","0.819048"
"2502331052","198236175","0.819048"
"2166077773","2502331052","0.619048"
"2502331052","2166077773","0.619048"
"2005219859","2016574123","0.2"
"2016574123","2005219859","0.2"
"2005219859","2502331052","0.2"
"2502331052","2005219859","0.2"
"1576181236","2156348538","0.25"
"2156348538","1576181236","0.25"
"2005219859","2156348538","2.33333"
"2156348538","2005219859","2.33333"
"1599659516","2405404620","0.2"
"2405404620","1599659516","0.2"
"2044990068","2405404620","0.2"
"2405404620","2044990068","0.2"
"2171481610","2405404620","0.2"
"2405404620","2171481610","0.2"
"1982734541","2114008054","6.5"
"2114008054","1982734541","6.5"
"1982734541","2075489575","1.5"
"2075489575","1982734541","1.5"
"1982734541","2034335086","0.5"
"2034335086","1982734541","0.5"
"2034335086","2114008054","0.5"
"2114008054","2034335086","0.5"
"1982734541","2948694119","1"
"2948694119","1982734541","1"
"1982734541","3004768444","0.5"
"3004768444","1982734541","0.5"
"1988099183","2946167417","1"
"2946167417","1988099183","1"
"2001154142","2123917022","5"
"2123917022","2001154142","5"
"2044990068","2045913708","0.333333"
"2045913708","2044990068","0.333333"
"2045913708","2075489575","3.83333"
"2075489575","2045913708","3.83333"
"2045913708","2156348538","0.333333"
"2156348538","2045913708","0.333333"
"2075489575","2156348538","0.333333"
"2156348538","2075489575","0.333333"
"2045913708","48184121","1.5"
"48184121","2045913708","1.5"
"2093879104","2948694119","0.5"
"2948694119","2093879104","0.5"
"2502331052","2948694119","0.5"
"2948694119","2502331052","0.5"
"2140710134","2521478605","2"
"2521478605","2140710134","2"
"2140710134","2948694119","1"
"2948694119","2140710134","1"
"2521478605","2948694119","1"
"2948694119","2521478605","1"
"2521478605","3004768444","0.5"
"3004768444","2521478605","0.5"
"2948694119","3004768444","0.833333"
"3004768444","2948694119","0.833333"
"2521478605","2943646444","1.5"
"2943646444","2521478605","1.5"
"2943646444","2948694119","1.5"
"2948694119","2943646444","1.5"
"2521478605","2925030492","1"
"2925030492","2521478605","1"
"2528476672","2946167417","0.333333"
"2946167417","2528476672","0.333333"
"2528476672","3004768444","0.333333"
"3004768444","2528476672","0.333333"
"2946167417","2948694119","0.333333"
"2948694119","2946167417","0.333333"
"2946167417","3004768444","0.333333"
"3004768444","2946167417","0.333333"
