"1484977212","1490935989","0.797619"
"1490935989","1484977212","0.797619"
"1484977212","1528917175","9.79762"
"1528917175","1484977212","9.79762"
"1484977212","1606596577","0.392857"
"1606596577","1484977212","0.392857"
"1484977212","2091168828","1.88095"
"2091168828","1484977212","1.88095"
"1484977212","2150514097","0.142857"
"2150514097","1484977212","0.142857"
"1484977212","2396746452","0.464286"
"2396746452","1484977212","0.464286"
"1484977212","2396982254","0.142857"
"2396982254","1484977212","0.142857"
"1490935989","1528917175","0.214286"
"1528917175","1490935989","0.214286"
"1490935989","1606596577","1.89286"
"1606596577","1490935989","1.89286"
"1490935989","2091168828","8.54762"
"2091168828","1490935989","8.54762"
"1490935989","2150514097","2.51786"
"2150514097","1490935989","2.51786"
"1490935989","2396746452","0.839286"
"2396746452","1490935989","0.839286"
"1490935989","2396982254","0.142857"
"2396982254","1490935989","0.142857"
"1528917175","1606596577","0.142857"
"1606596577","1528917175","0.142857"
"1528917175","2091168828","1.29762"
"2091168828","1528917175","1.29762"
"1528917175","2150514097","0.142857"
"2150514097","1528917175","0.142857"
"1528917175","2396746452","0.464286"
"2396746452","1528917175","0.464286"
"1528917175","2396982254","0.142857"
"2396982254","1528917175","0.142857"
"1606596577","2091168828","0.642857"
"2091168828","1606596577","0.642857"
"1606596577","2150514097","0.142857"
"2150514097","1606596577","0.142857"
"1606596577","2396746452","0.142857"
"2396746452","1606596577","0.142857"
"1606596577","2396982254","1.14286"
"2396982254","1606596577","1.14286"
"2091168828","2150514097","0.892857"
"2150514097","2091168828","0.892857"
"2091168828","2396746452","2.29762"
"2396746452","2091168828","2.29762"
"2091168828","2396982254","0.47619"
"2396982254","2091168828","0.47619"
"2150514097","2396746452","0.767857"
"2396746452","2150514097","0.767857"
"2150514097","2396982254","0.142857"
"2396982254","2150514097","0.142857"
"2396746452","2396982254","0.47619"
"2396982254","2396746452","0.47619"
"1484977212","1751507894","0.904762"
"1751507894","1484977212","0.904762"
"1490935989","1751507894","1.15476"
"1751507894","1490935989","1.15476"
"1606596577","1751507894","1.25"
"1751507894","1606596577","1.25"
"1751507894","2091168828","2.65476"
"2091168828","1751507894","2.65476"
"1528917175","1751507894","0.321429"
"1751507894","1528917175","0.321429"
"1751507894","2396746452","0.321429"
"2396746452","1751507894","0.321429"
"1484977212","1494060779","0.904762"
"1494060779","1484977212","0.904762"
"1494060779","1528917175","0.904762"
"1528917175","1494060779","0.904762"
"1494060779","2091168828","3.40476"
"2091168828","1494060779","3.40476"
"1484977212","1508269036","0.0714286"
"1508269036","1484977212","0.0714286"
"1484977212","1546470065","0.0714286"
"1546470065","1484977212","0.0714286"
"1484977212","2053972272","0.0714286"
"2053972272","1484977212","0.0714286"
"1484977212","2095895387","0.0714286"
"2095895387","1484977212","0.0714286"
"1484977212","2116104710","0.0714286"
"2116104710","1484977212","0.0714286"
"1484977212","2124689820","0.0714286"
"2124689820","1484977212","0.0714286"
"1484977212","2129306924","0.0714286"
"2129306924","1484977212","0.0714286"
"1484977212","2168194805","0.0714286"
"2168194805","1484977212","0.0714286"
"1490935989","1494060779","1.69643"
"1494060779","1490935989","1.69643"
"1490935989","1508269036","0.196429"
"1508269036","1490935989","0.196429"
"1490935989","1546470065","0.571429"
"1546470065","1490935989","0.571429"
"1490935989","2053972272","0.571429"
"2053972272","1490935989","0.571429"
"1490935989","2095895387","0.0714286"
"2095895387","1490935989","0.0714286"
"1490935989","2116104710","0.696429"
"2116104710","1490935989","0.696429"
"1490935989","2124689820","1.69643"
"2124689820","1490935989","1.69643"
"1490935989","2129306924","0.571429"
"2129306924","1490935989","0.571429"
"1490935989","2168194805","0.571429"
"2168194805","1490935989","0.571429"
"1494060779","1508269036","0.196429"
"1508269036","1494060779","0.196429"
"1494060779","1546470065","0.0714286"
"1546470065","1494060779","0.0714286"
"1494060779","1751507894","0.0714286"
"1751507894","1494060779","0.0714286"
"1494060779","2053972272","0.0714286"
"2053972272","1494060779","0.0714286"
"1494060779","2095895387","0.0714286"
"2095895387","1494060779","0.0714286"
"1494060779","2116104710","0.196429"
"2116104710","1494060779","0.196429"
"1494060779","2124689820","0.196429"
"2124689820","1494060779","0.196429"
"1494060779","2129306924","0.0714286"
"2129306924","1494060779","0.0714286"
"1494060779","2168194805","0.0714286"
"2168194805","1494060779","0.0714286"
"1494060779","2396746452","0.196429"
"2396746452","1494060779","0.196429"
"1508269036","1528917175","0.0714286"
"1528917175","1508269036","0.0714286"
"1508269036","1546470065","0.571429"
"1546470065","1508269036","0.571429"
"1508269036","1751507894","0.0714286"
"1751507894","1508269036","0.0714286"
"1508269036","2053972272","0.0714286"
"2053972272","1508269036","0.0714286"
"1508269036","2091168828","0.0714286"
"2091168828","1508269036","0.0714286"
"1508269036","2095895387","0.0714286"
"2095895387","1508269036","0.0714286"
"1508269036","2116104710","0.196429"
"2116104710","1508269036","0.196429"
"1508269036","2124689820","0.196429"
"2124689820","1508269036","0.196429"
"1508269036","2129306924","0.571429"
"2129306924","1508269036","0.571429"
"1508269036","2168194805","0.0714286"
"2168194805","1508269036","0.0714286"
"1508269036","2396746452","0.196429"
"2396746452","1508269036","0.196429"
"1528917175","1546470065","0.0714286"
"1546470065","1528917175","0.0714286"
"1528917175","2053972272","0.0714286"
"2053972272","1528917175","0.0714286"
"1528917175","2095895387","0.0714286"
"2095895387","1528917175","0.0714286"
"1528917175","2116104710","0.0714286"
"2116104710","1528917175","0.0714286"
"1528917175","2124689820","0.0714286"
"2124689820","1528917175","0.0714286"
"1528917175","2129306924","0.0714286"
"2129306924","1528917175","0.0714286"
"1528917175","2168194805","0.0714286"
"2168194805","1528917175","0.0714286"
"1546470065","1751507894","0.0714286"
"1751507894","1546470065","0.0714286"
"1546470065","2053972272","0.0714286"
"2053972272","1546470065","0.0714286"
"1546470065","2091168828","0.0714286"
"2091168828","1546470065","0.0714286"
"1546470065","2095895387","0.0714286"
"2095895387","1546470065","0.0714286"
"1546470065","2116104710","0.0714286"
"2116104710","1546470065","0.0714286"
"1546470065","2124689820","0.0714286"
"2124689820","1546470065","0.0714286"
"1546470065","2129306924","6.07143"
"2129306924","1546470065","6.07143"
"1546470065","2168194805","0.0714286"
"2168194805","1546470065","0.0714286"
"1546470065","2396746452","0.0714286"
"2396746452","1546470065","0.0714286"
"1751507894","2053972272","0.0714286"
"2053972272","1751507894","0.0714286"
"1751507894","2095895387","0.0714286"
"2095895387","1751507894","0.0714286"
"1751507894","2116104710","0.0714286"
"2116104710","1751507894","0.0714286"
"1751507894","2124689820","15.0714"
"2124689820","1751507894","15.0714"
"1751507894","2129306924","0.0714286"
"2129306924","1751507894","0.0714286"
"1751507894","2168194805","0.0714286"
"2168194805","1751507894","0.0714286"
"2053972272","2091168828","0.571429"
"2091168828","2053972272","0.571429"
"2053972272","2095895387","0.904762"
"2095895387","2053972272","0.904762"
"2053972272","2116104710","0.404762"
"2116104710","2053972272","0.404762"
"2053972272","2124689820","0.0714286"
"2124689820","2053972272","0.0714286"
"2053972272","2129306924","0.0714286"
"2129306924","2053972272","0.0714286"
"2053972272","2168194805","0.0714286"
"2168194805","2053972272","0.0714286"
"2053972272","2396746452","0.0714286"
"2396746452","2053972272","0.0714286"
"2091168828","2095895387","0.0714286"
"2095895387","2091168828","0.0714286"
"2091168828","2116104710","0.0714286"
"2116104710","2091168828","0.0714286"
"2091168828","2124689820","0.0714286"
"2124689820","2091168828","0.0714286"
"2091168828","2129306924","0.0714286"
"2129306924","2091168828","0.0714286"
"2091168828","2168194805","0.0714286"
"2168194805","2091168828","0.0714286"
"2095895387","2116104710","0.404762"
"2116104710","2095895387","0.404762"
"2095895387","2124689820","0.0714286"
"2124689820","2095895387","0.0714286"
"2095895387","2129306924","0.0714286"
"2129306924","2095895387","0.0714286"
"2095895387","2168194805","0.0714286"
"2168194805","2095895387","0.0714286"
"2095895387","2396746452","0.0714286"
"2396746452","2095895387","0.0714286"
"2116104710","2124689820","0.196429"
"2124689820","2116104710","0.196429"
"2116104710","2129306924","0.0714286"
"2129306924","2116104710","0.0714286"
"2116104710","2168194805","0.0714286"
"2168194805","2116104710","0.0714286"
"2116104710","2396746452","0.196429"
"2396746452","2116104710","0.196429"
"2124689820","2129306924","0.0714286"
"2129306924","2124689820","0.0714286"
"2124689820","2168194805","0.0714286"
"2168194805","2124689820","0.0714286"
"2124689820","2396746452","0.196429"
"2396746452","2124689820","0.196429"
"2129306924","2168194805","0.0714286"
"2168194805","2129306924","0.0714286"
"2129306924","2396746452","0.0714286"
"2396746452","2129306924","0.0714286"
"2168194805","2396746452","0.0714286"
"2396746452","2168194805","0.0714286"
"1490935989","1491854408","1.75"
"1491854408","1490935989","1.75"
"1491854408","2091168828","0.75"
"2091168828","1491854408","0.75"
"1490935989","2035080477","0.5"
"2035080477","1490935989","0.5"
"1490935989","2401080241","0.5"
"2401080241","1490935989","0.5"
"2035080477","2401080241","0.5"
"2401080241","2035080477","0.5"
"1490935989","2405373536","0.5"
"2405373536","1490935989","0.5"
"2091168828","2405373536","0.5"
"2405373536","2091168828","0.5"
"1606596577","2168194805","0.5"
"2168194805","1606596577","0.5"
"1490935989","171847181","0.125"
"171847181","1490935989","0.125"
"1490935989","172701912","0.125"
"172701912","1490935989","0.125"
"1494060779","171847181","0.125"
"171847181","1494060779","0.125"
"1494060779","172701912","0.125"
"172701912","1494060779","0.125"
"1494060779","2150514097","0.125"
"2150514097","1494060779","0.125"
"1508269036","171847181","0.125"
"171847181","1508269036","0.125"
"1508269036","172701912","0.125"
"172701912","1508269036","0.125"
"1508269036","2150514097","0.125"
"2150514097","1508269036","0.125"
"171847181","172701912","0.125"
"172701912","171847181","0.125"
"171847181","2116104710","0.125"
"2116104710","171847181","0.125"
"171847181","2124689820","1.125"
"2124689820","171847181","1.125"
"171847181","2150514097","0.125"
"2150514097","171847181","0.125"
"171847181","2396746452","0.125"
"2396746452","171847181","0.125"
"172701912","2116104710","0.125"
"2116104710","172701912","0.125"
"172701912","2124689820","0.125"
"2124689820","172701912","0.125"
"172701912","2150514097","0.125"
"2150514097","172701912","0.125"
"172701912","2396746452","0.125"
"2396746452","172701912","0.125"
"2116104710","2150514097","0.125"
"2150514097","2116104710","0.125"
"2124689820","2150514097","0.125"
"2150514097","2124689820","0.125"
"1490935989","2110447324","0.25"
"2110447324","1490935989","0.25"
"1491854408","2110447324","0.25"
"2110447324","1491854408","0.25"
"1491854408","2150514097","0.25"
"2150514097","1491854408","0.25"
"2091168828","2110447324","0.25"
"2110447324","2091168828","0.25"
"2110447324","2150514097","0.25"
"2150514097","2110447324","0.25"
"1490935989","2118127318","1"
"2118127318","1490935989","1"
"1490935989","2168389014","0.5"
"2168389014","1490935989","0.5"
"2116104710","2168389014","0.5"
"2168389014","2116104710","0.5"
"1491854408","2124689820","1"
"2124689820","1491854408","1"
"1494060779","2035080477","0.5"
"2035080477","1494060779","0.5"
"2035080477","2091168828","0.5"
"2091168828","2035080477","0.5"
"1508269036","2118127318","0.333333"
"2118127318","1508269036","0.333333"
"1508269036","2143143356","1.33333"
"2143143356","1508269036","1.33333"
"1508269036","3004799522","0.333333"
"3004799522","1508269036","0.333333"
"2118127318","2143143356","0.333333"
"2143143356","2118127318","0.333333"
"2118127318","3004799522","1.33333"
"3004799522","2118127318","1.33333"
"2143143356","3004799522","0.333333"
"3004799522","2143143356","0.333333"
"1546470065","2118127318","1"
"2118127318","1546470065","1"
"159916904","2276356909","5"
"2276356909","159916904","5"
"159916904","2024253803","2.5"
"2024253803","159916904","2.5"
"159916904","2517159558","2.83333"
"2517159558","159916904","2.83333"
"2276356909","2517159558","2"
"2517159558","2276356909","2"
"2024253803","2276356909","0.666667"
"2276356909","2024253803","0.666667"
"2024253803","2517159558","18.5"
"2517159558","2024253803","18.5"
"159916904","3004799522","0.666667"
"3004799522","159916904","0.666667"
"2276356909","3004799522","0.333333"
"3004799522","2276356909","0.333333"
"2517159558","3004799522","7.16667"
"3004799522","2517159558","7.16667"
"159916904","2091168828","1.25"
"2091168828","159916904","1.25"
"159916904","1606596577","1.25"
"1606596577","159916904","1.25"
"159916904","1986232210","0.25"
"1986232210","159916904","0.25"
"159916904","2402412905","0.25"
"2402412905","159916904","0.25"
"1606596577","1986232210","0.25"
"1986232210","1606596577","0.25"
"1606596577","2402412905","0.25"
"2402412905","1606596577","0.25"
"1986232210","2091168828","0.25"
"2091168828","1986232210","0.25"
"1986232210","2402412905","0.25"
"2402412905","1986232210","0.25"
"2091168828","2402412905","0.25"
"2402412905","2091168828","0.25"
"2024253803","3004799522","1.83333"
"3004799522","2024253803","1.83333"
"172701912","2035080477","0.5"
"2035080477","172701912","0.5"
"172701912","2168389014","0.5"
"2168389014","172701912","0.5"
"2035080477","2168389014","0.5"
"2168389014","2035080477","0.5"
"172701912","2091168828","1"
"2091168828","172701912","1"
"1751507894","296476643","0.5"
"296476643","1751507894","0.5"
"2091168828","296476643","0.5"
"296476643","2091168828","0.5"
"1751507894","1783848491","2"
"1783848491","1751507894","2"
"1783848491","2124689820","3"
"2124689820","1783848491","3"
"1751507894","2575941386","0.5"
"2575941386","1751507894","0.5"
"2124689820","2575941386","1.5"
"2575941386","2124689820","1.5"
"1751507894","2402412905","2"
"2402412905","1751507894","2"
"1751507894","2395998745","0.25"
"2395998745","1751507894","0.25"
"1751507894","2401080241","0.25"
"2401080241","1751507894","0.25"
"1751507894","2610969520","0.25"
"2610969520","1751507894","0.25"
"2091168828","2395998745","0.25"
"2395998745","2091168828","0.25"
"2091168828","2401080241","2.08333"
"2401080241","2091168828","2.08333"
"2091168828","2610969520","0.25"
"2610969520","2091168828","0.25"
"2395998745","2401080241","0.25"
"2401080241","2395998745","0.25"
"2395998745","2610969520","3.75"
"2610969520","2395998745","3.75"
"2401080241","2610969520","0.25"
"2610969520","2401080241","0.25"
"1986232210","2003770790","1.16667"
"2003770790","1986232210","1.16667"
"1986232210","2155941504","1.66667"
"2155941504","1986232210","1.66667"
"2003770790","2155941504","2.16667"
"2155941504","2003770790","2.16667"
"1986232210","2118726258","4.16667"
"2118726258","1986232210","4.16667"
"2118726258","2155941504","7.16667"
"2155941504","2118726258","7.16667"
"2003770790","2118726258","1.66667"
"2118726258","2003770790","1.66667"
"2024253803","2396982254","0.5"
"2396982254","2024253803","0.5"
"2396982254","2517159558","0.5"
"2517159558","2396982254","0.5"
"2035080477","2396746452","1"
"2396746452","2035080477","1"
"2053972272","2181604067","2"
"2181604067","2053972272","2"
"2053972272","2118127318","4.83333"
"2118127318","2053972272","4.83333"
"2118127318","2181604067","5"
"2181604067","2118127318","5"
"2095895387","2118127318","1.83333"
"2118127318","2095895387","1.83333"
"2116104710","2118127318","1.33333"
"2118127318","2116104710","1.33333"
"2069897595","2610969520","7.5"
"2610969520","2069897595","7.5"
"2069897595","2395998745","1.5"
"2395998745","2069897595","1.5"
"2069897595","296476643","2"
"296476643","2069897595","2"
"2396746452","2401080241","1.83333"
"2401080241","2396746452","1.83333"
"2396982254","2401080241","1.33333"
"2401080241","2396982254","1.33333"
"2091168828","3004799522","1"
"3004799522","2091168828","1"
"2116104710","2575941386","1"
"2575941386","2116104710","1"
"2118127318","2395998745","1"
"2395998745","2118127318","1"
"2124689820","2402412905","1"
"2402412905","2124689820","1"
"2129306924","2517159558","1"
"2517159558","2129306924","1"
"2168194805","2575941386","1"
"2575941386","2168194805","1"
"2395998745","3004799522","0.5"
"3004799522","2395998745","0.5"
"2610969520","3004799522","0.5"
"3004799522","2610969520","0.5"
"2395998745","296476643","0.5"
"296476643","2395998745","0.5"
"2610969520","296476643","0.5"
"296476643","2610969520","0.5"
"2401080241","2575941386","1"
"2575941386","2401080241","1"
