"1519608476","1974956900","1.63452"
"1974956900","1519608476","1.63452"
"1519608476","2038369705","1.16786"
"2038369705","1519608476","1.16786"
"1519608476","2106699456","1.075"
"2106699456","1519608476","1.075"
"1519608476","2160735712","2.16667"
"2160735712","1519608476","2.16667"
"1974956900","2038369705","6.22897"
"2038369705","1974956900","6.22897"
"1974956900","2106699456","0.375"
"2106699456","1974956900","0.375"
"1974956900","2160735712","2.37778"
"2160735712","1974956900","2.37778"
"2038369705","2106699456","0.575"
"2106699456","2038369705","0.575"
"2038369705","2160735712","2.24444"
"2160735712","2038369705","2.24444"
"2106699456","2160735712","1.25"
"2160735712","2106699456","1.25"
"1519608476","2136987764","3.58654"
"2136987764","1519608476","3.58654"
"1974956900","2136987764","3.32897"
"2136987764","1974956900","3.32897"
"1519608476","1819405298","0.142857"
"1819405298","1519608476","0.142857"
"1519608476","1985153681","0.233766"
"1985153681","1519608476","0.233766"
"1519608476","2022844356","0.233766"
"2022844356","1519608476","0.233766"
"1519608476","2037514117","1.10043"
"2037514117","1519608476","1.10043"
"1519608476","2140041154","0.233766"
"2140041154","1519608476","0.233766"
"1519608476","2159263269","0.142857"
"2159263269","1519608476","0.142857"
"1519608476","2534783843","1.34488"
"2534783843","1519608476","1.34488"
"1819405298","1985153681","0.233766"
"1985153681","1819405298","0.233766"
"1819405298","2022844356","0.519481"
"2022844356","1819405298","0.519481"
"1819405298","2037514117","1.5961"
"2037514117","1819405298","1.5961"
"1819405298","2140041154","1.36234"
"2140041154","1819405298","1.36234"
"1819405298","2159263269","2.42468"
"2159263269","1819405298","2.42468"
"1819405298","2534783843","0.142857"
"2534783843","1819405298","0.142857"
"1985153681","2022844356","12.4413"
"2022844356","1985153681","12.4413"
"1985153681","2037514117","1.32468"
"2037514117","1985153681","1.32468"
"1985153681","2140041154","0.324675"
"2140041154","1985153681","0.324675"
"1985153681","2159263269","0.233766"
"2159263269","1985153681","0.233766"
"1985153681","2534783843","0.433766"
"2534783843","1985153681","0.433766"
"2022844356","2037514117","0.777056"
"2037514117","2022844356","0.777056"
"2022844356","2140041154","0.467532"
"2140041154","2022844356","0.467532"
"2022844356","2159263269","0.233766"
"2159263269","2022844356","0.233766"
"2022844356","2534783843","0.433766"
"2534783843","2022844356","0.433766"
"2037514117","2140041154","2.02825"
"2140041154","2037514117","2.02825"
"2037514117","2159263269","3.79968"
"2159263269","2037514117","3.79968"
"2037514117","2534783843","0.233766"
"2534783843","2037514117","0.233766"
"2140041154","2159263269","0.708766"
"2159263269","2140041154","0.708766"
"2140041154","2534783843","0.233766"
"2534783843","2140041154","0.233766"
"2159263269","2534783843","0.142857"
"2534783843","2159263269","0.142857"
"1519608476","1979301312","0.790909"
"1979301312","1519608476","0.790909"
"1979301312","2037514117","3.92392"
"2037514117","1979301312","3.92392"
"1519608476","2063632545","0.669877"
"2063632545","1519608476","0.669877"
"1519608476","2095241246","0.2"
"2095241246","1519608476","0.2"
"1519608476","2124783468","0.467857"
"2124783468","1519608476","0.467857"
"1519608476","2127038725","0.311111"
"2127038725","1519608476","0.311111"
"2038369705","2063632545","1.43452"
"2063632545","2038369705","1.43452"
"2038369705","2095241246","0.7"
"2095241246","2038369705","0.7"
"2038369705","2124783468","0.934524"
"2124783468","2038369705","0.934524"
"2038369705","2127038725","0.2"
"2127038725","2038369705","0.2"
"2063632545","2095241246","3.53333"
"2095241246","2063632545","3.53333"
"2063632545","2124783468","11.9345"
"2124783468","2063632545","11.9345"
"2063632545","2127038725","3.14444"
"2127038725","2063632545","3.14444"
"2095241246","2124783468","0.533333"
"2124783468","2095241246","0.533333"
"2095241246","2127038725","2.53333"
"2127038725","2095241246","2.53333"
"2124783468","2127038725","2.03333"
"2127038725","2124783468","2.03333"
"2038369705","2136987764","1.29563"
"2136987764","2038369705","1.29563"
"2136987764","2160735712","2.00397"
"2160735712","2136987764","2.00397"
"1519608476","1983511437","0.2"
"1983511437","1519608476","0.2"
"1519608476","1994610034","0.325"
"1994610034","1519608476","0.325"
"1519608476","2084097519","0.342857"
"2084097519","1519608476","0.342857"
"1983511437","1994610034","2.2"
"1994610034","1983511437","2.2"
"1983511437","2038369705","0.366667"
"2038369705","1983511437","0.366667"
"1983511437","2084097519","0.366667"
"2084097519","1983511437","0.366667"
"1983511437","2106699456","0.2"
"2106699456","1983511437","0.2"
"1994610034","2038369705","0.325"
"2038369705","1994610034","0.325"
"1994610034","2084097519","1.53333"
"2084097519","1994610034","1.53333"
"1994610034","2106699456","1.525"
"2106699456","1994610034","1.525"
"2038369705","2084097519","0.609524"
"2084097519","2038369705","0.609524"
"2084097519","2106699456","0.2"
"2106699456","2084097519","0.2"
"1519608476","2158873581","0.467857"
"2158873581","1519608476","0.467857"
"1974956900","1994610034","0.125"
"1994610034","1974956900","0.125"
"1974956900","2063632545","1.03452"
"2063632545","1974956900","1.03452"
"1974956900","2124783468","0.534524"
"2124783468","1974956900","0.534524"
"1974956900","2158873581","1.06786"
"2158873581","1974956900","1.06786"
"1994610034","2063632545","1.29167"
"2063632545","1994610034","1.29167"
"1994610034","2124783468","1.29167"
"2124783468","1994610034","1.29167"
"1994610034","2136987764","0.125"
"2136987764","1994610034","0.125"
"1994610034","2158873581","0.125"
"2158873581","1994610034","0.125"
"2038369705","2158873581","0.367857"
"2158873581","2038369705","0.367857"
"2063632545","2106699456","0.125"
"2106699456","2063632545","0.125"
"2063632545","2136987764","0.469877"
"2136987764","2063632545","0.469877"
"2063632545","2158873581","0.367857"
"2158873581","2063632545","0.367857"
"2106699456","2124783468","0.125"
"2124783468","2106699456","0.125"
"2106699456","2136987764","0.625"
"2136987764","2106699456","0.625"
"2106699456","2158873581","0.125"
"2158873581","2106699456","0.125"
"2124783468","2136987764","0.267857"
"2136987764","2124783468","0.267857"
"2124783468","2158873581","0.367857"
"2158873581","2124783468","0.367857"
"2136987764","2158873581","0.610714"
"2158873581","2136987764","0.610714"
"1519608476","1973457545","1"
"1973457545","1519608476","1"
"1974956900","1979301312","0.3"
"1979301312","1974956900","0.3"
"1974956900","2037514117","0.366667"
"2037514117","1974956900","0.366667"
"1979301312","2136987764","0.290909"
"2136987764","1979301312","0.290909"
"1979301312","2158873581","0.3"
"2158873581","1979301312","0.3"
"2037514117","2136987764","0.457576"
"2136987764","2037514117","0.457576"
"2037514117","2158873581","0.2"
"2158873581","2037514117","0.2"
"1519608476","2109075207","0.368687"
"2109075207","1519608476","0.368687"
"1519608476","2171849507","0.111111"
"2171849507","1519608476","0.111111"
"1519608476","2286035838","0.111111"
"2286035838","1519608476","0.111111"
"1519608476","2295236192","0.111111"
"2295236192","1519608476","0.111111"
"1519608476","2416144965","0.111111"
"2416144965","1519608476","0.111111"
"2063632545","2109075207","0.40202"
"2109075207","2063632545","0.40202"
"2063632545","2171849507","0.311111"
"2171849507","2063632545","0.311111"
"2063632545","2286035838","0.311111"
"2286035838","2063632545","0.311111"
"2063632545","2295236192","0.311111"
"2295236192","2063632545","0.311111"
"2063632545","2416144965","0.311111"
"2416144965","2063632545","0.311111"
"2063632545","2534783843","0.535354"
"2534783843","2063632545","0.535354"
"2109075207","2127038725","0.111111"
"2127038725","2109075207","0.111111"
"2109075207","2136987764","1.84488"
"2136987764","2109075207","1.84488"
"2109075207","2171849507","0.503968"
"2171849507","2109075207","0.503968"
"2109075207","2286035838","0.503968"
"2286035838","2109075207","0.503968"
"2109075207","2295236192","0.503968"
"2295236192","2109075207","0.503968"
"2109075207","2416144965","0.503968"
"2416144965","2109075207","0.503968"
"2109075207","2534783843","0.535354"
"2534783843","2109075207","0.535354"
"2127038725","2136987764","0.111111"
"2136987764","2127038725","0.111111"
"2127038725","2171849507","0.111111"
"2171849507","2127038725","0.111111"
"2127038725","2286035838","0.111111"
"2286035838","2127038725","0.111111"
"2127038725","2295236192","0.111111"
"2295236192","2127038725","0.111111"
"2127038725","2416144965","0.111111"
"2416144965","2127038725","0.111111"
"2127038725","2534783843","0.111111"
"2534783843","2127038725","0.111111"
"2136987764","2171849507","0.365079"
"2171849507","2136987764","0.365079"
"2136987764","2286035838","0.365079"
"2286035838","2136987764","0.365079"
"2136987764","2295236192","0.365079"
"2295236192","2136987764","0.365079"
"2136987764","2416144965","0.365079"
"2416144965","2136987764","0.365079"
"2136987764","2534783843","0.20202"
"2534783843","2136987764","0.20202"
"2171849507","2286035838","6.62861"
"2286035838","2171849507","6.62861"
"2171849507","2295236192","6.62861"
"2295236192","2171849507","6.62861"
"2171849507","2416144965","6.62861"
"2416144965","2171849507","6.62861"
"2171849507","2534783843","0.111111"
"2534783843","2171849507","0.111111"
"2286035838","2295236192","10.1286"
"2295236192","2286035838","10.1286"
"2286035838","2416144965","11.6286"
"2416144965","2286035838","11.6286"
"2286035838","2534783843","0.111111"
"2534783843","2286035838","0.111111"
"2295236192","2416144965","10.1286"
"2416144965","2295236192","10.1286"
"2295236192","2534783843","0.111111"
"2534783843","2295236192","0.111111"
"2416144965","2534783843","0.111111"
"2534783843","2416144965","0.111111"
"1519608476","1985594972","0.0909091"
"1985594972","1519608476","0.0909091"
"1519608476","2117423779","0.0909091"
"2117423779","1519608476","0.0909091"
"1979301312","1985153681","0.181818"
"1985153681","1979301312","0.181818"
"1979301312","1985594972","0.181818"
"1985594972","1979301312","0.181818"
"1979301312","2022844356","0.324675"
"2022844356","1979301312","0.324675"
"1979301312","2063632545","0.190909"
"2063632545","1979301312","0.190909"
"1979301312","2109075207","0.0909091"
"2109075207","1979301312","0.0909091"
"1979301312","2117423779","0.681818"
"2117423779","1979301312","0.681818"
"1979301312","2140041154","1.19968"
"2140041154","1979301312","1.19968"
"1979301312","2534783843","0.0909091"
"2534783843","1979301312","0.0909091"
"1985153681","1985594972","0.0909091"
"1985594972","1985153681","0.0909091"
"1985153681","2063632545","0.0909091"
"2063632545","1985153681","0.0909091"
"1985153681","2109075207","0.0909091"
"2109075207","1985153681","0.0909091"
"1985153681","2117423779","0.340909"
"2117423779","1985153681","0.340909"
"1985153681","2136987764","0.0909091"
"2136987764","1985153681","0.0909091"
"1985594972","2022844356","0.0909091"
"2022844356","1985594972","0.0909091"
"1985594972","2037514117","0.181818"
"2037514117","1985594972","0.181818"
"1985594972","2063632545","0.0909091"
"2063632545","1985594972","0.0909091"
"1985594972","2109075207","0.924242"
"2109075207","1985594972","0.924242"
"1985594972","2117423779","0.181818"
"2117423779","1985594972","0.181818"
"1985594972","2136987764","0.0909091"
"2136987764","1985594972","0.0909091"
"1985594972","2140041154","0.0909091"
"2140041154","1985594972","0.0909091"
"1985594972","2534783843","0.674242"
"2534783843","1985594972","0.674242"
"2022844356","2063632545","0.0909091"
"2063632545","2022844356","0.0909091"
"2022844356","2109075207","0.0909091"
"2109075207","2022844356","0.0909091"
"2022844356","2117423779","0.850433"
"2117423779","2022844356","0.850433"
"2022844356","2136987764","0.0909091"
"2136987764","2022844356","0.0909091"
"2037514117","2063632545","1.29091"
"2063632545","2037514117","1.29091"
"2037514117","2109075207","0.457576"
"2109075207","2037514117","0.457576"
"2037514117","2117423779","1.5342"
"2117423779","2037514117","1.5342"
"2063632545","2117423779","0.190909"
"2117423779","2063632545","0.190909"
"2063632545","2140041154","1.39091"
"2140041154","2063632545","1.39091"
"2109075207","2117423779","1.09091"
"2117423779","2109075207","1.09091"
"2109075207","2140041154","0.0909091"
"2140041154","2109075207","0.0909091"
"2117423779","2136987764","0.20202"
"2136987764","2117423779","0.20202"
"2117423779","2140041154","1.53377"
"2140041154","2117423779","1.53377"
"2117423779","2534783843","0.590909"
"2534783843","2117423779","0.590909"
"2136987764","2140041154","0.0909091"
"2140041154","2136987764","0.0909091"
"1519608476","1975489896","0.166667"
"1975489896","1519608476","0.166667"
"1974956900","1975489896","0.166667"
"1975489896","1974956900","0.166667"
"1974956900","2109075207","0.5"
"2109075207","1974956900","0.5"
"1975489896","2037514117","0.166667"
"2037514117","1975489896","0.166667"
"1975489896","2109075207","0.166667"
"2109075207","1975489896","0.166667"
"1975489896","2136987764","0.166667"
"2136987764","1975489896","0.166667"
"1975489896","2160735712","0.166667"
"2160735712","1975489896","0.166667"
"2037514117","2160735712","0.366667"
"2160735712","2037514117","0.366667"
"2109075207","2160735712","1.00952"
"2160735712","2109075207","1.00952"
"1974956900","2084097519","0.409524"
"2084097519","1974956900","0.409524"
"2063632545","2084097519","0.742857"
"2084097519","2063632545","0.742857"
"2084097519","2124783468","0.742857"
"2124783468","2084097519","0.742857"
"2084097519","2136987764","0.142857"
"2136987764","2084097519","0.142857"
"2084097519","2158873581","0.242857"
"2158873581","2084097519","0.242857"
"1535531356","2181815771","8.98333"
"2181815771","1535531356","8.98333"
"1535531356","1985153681","1.61667"
"1985153681","1535531356","1.61667"
"1535531356","2005277234","0.7"
"2005277234","1535531356","0.7"
"1535531356","2022844356","3.28333"
"2022844356","1535531356","3.28333"
"1985153681","2005277234","0.7"
"2005277234","1985153681","0.7"
"1985153681","2181815771","1.61667"
"2181815771","1985153681","1.61667"
"2005277234","2022844356","1.7"
"2022844356","2005277234","1.7"
"2005277234","2181815771","0.7"
"2181815771","2005277234","0.7"
"2022844356","2181815771","3.28333"
"2181815771","2022844356","3.28333"
"1535531356","2037514117","0.166667"
"2037514117","1535531356","0.166667"
"1535531356","2117423779","0.416667"
"2117423779","1535531356","0.416667"
"1535531356","2406687334","0.166667"
"2406687334","1535531356","0.166667"
"1535531356","2796228607","0.166667"
"2796228607","1535531356","0.166667"
"2022844356","2406687334","0.166667"
"2406687334","2022844356","0.166667"
"2022844356","2796228607","0.166667"
"2796228607","2022844356","0.166667"
"2037514117","2181815771","0.166667"
"2181815771","2037514117","0.166667"
"2037514117","2406687334","0.166667"
"2406687334","2037514117","0.166667"
"2037514117","2796228607","0.666667"
"2796228607","2037514117","0.666667"
"2117423779","2181815771","0.416667"
"2181815771","2117423779","0.416667"
"2117423779","2406687334","0.166667"
"2406687334","2117423779","0.166667"
"2117423779","2796228607","0.166667"
"2796228607","2117423779","0.166667"
"2181815771","2406687334","0.166667"
"2406687334","2181815771","0.166667"
"2181815771","2796228607","0.166667"
"2796228607","2181815771","0.166667"
"2406687334","2796228607","5.66667"
"2796228607","2406687334","5.66667"
"1535531356","2171849507","0.2"
"2171849507","1535531356","0.2"
"1535531356","2286035838","0.2"
"2286035838","1535531356","0.2"
"1535531356","2295236192","0.2"
"2295236192","1535531356","0.2"
"1535531356","2416144965","0.2"
"2416144965","1535531356","0.2"
"2171849507","2181815771","0.2"
"2181815771","2171849507","0.2"
"2181815771","2286035838","0.2"
"2286035838","2181815771","0.2"
"2181815771","2295236192","0.2"
"2295236192","2181815771","0.2"
"2181815771","2416144965","0.2"
"2416144965","2181815771","0.2"
"1535531356","2534783843","0.2"
"2534783843","1535531356","0.2"
"2005277234","2534783843","1.2"
"2534783843","2005277234","1.2"
"2181815771","2534783843","0.2"
"2534783843","2181815771","0.2"
"1535531356","2095241246","0.5"
"2095241246","1535531356","0.5"
"2095241246","2181815771","0.5"
"2181815771","2095241246","0.5"
"1567034673","2286035838","1.16667"
"2286035838","1567034673","1.16667"
"1567034673","2295236192","0.666667"
"2295236192","1567034673","0.666667"
"1567034673","2416144965","1.16667"
"2416144965","1567034673","1.16667"
"1567034673","2117423779","0.5"
"2117423779","1567034673","0.5"
"1567034673","2534783843","0.5"
"2534783843","1567034673","0.5"
"1819405298","1969319597","0.476623"
"1969319597","1819405298","0.476623"
"1819405298","1979301312","0.524675"
"1979301312","1819405298","0.524675"
"1819405298","1985594972","0.0909091"
"1985594972","1819405298","0.0909091"
"1819405298","1993498542","0.433766"
"1993498542","1819405298","0.433766"
"1819405298","2113033897","0.590909"
"2113033897","1819405298","0.590909"
"1819405298","2117423779","0.576623"
"2117423779","1819405298","0.576623"
"1819405298","2150569255","0.233766"
"2150569255","1819405298","0.233766"
"1819405298","2153817384","0.0909091"
"2153817384","1819405298","0.0909091"
"1819405298","2169768887","0.324675"
"2169768887","1819405298","0.324675"
"1969319597","1979301312","1.0671"
"1979301312","1969319597","1.0671"
"1969319597","1985594972","2.17424"
"1985594972","1969319597","2.17424"
"1969319597","1993498542","1.22424"
"1993498542","1969319597","1.22424"
"1969319597","2037514117","3.48377"
"2037514117","1969319597","3.48377"
"1969319597","2113033897","1.84091"
"2113033897","1969319597","1.84091"
"1969319597","2117423779","0.924242"
"2117423779","1969319597","0.924242"
"1969319597","2150569255","3.0171"
"2150569255","1969319597","3.0171"
"1969319597","2153817384","0.590909"
"2153817384","1969319597","0.590909"
"1969319597","2159263269","0.0909091"
"2159263269","1969319597","0.0909091"
"1969319597","2169768887","11.6504"
"2169768887","1969319597","11.6504"
"1979301312","1993498542","0.865909"
"1993498542","1979301312","0.865909"
"1979301312","2113033897","0.0909091"
"2113033897","1979301312","0.0909091"
"1979301312","2150569255","0.390909"
"2150569255","1979301312","0.390909"
"1979301312","2153817384","0.0909091"
"2153817384","1979301312","0.0909091"
"1979301312","2159263269","1.15682"
"2159263269","1979301312","1.15682"
"1979301312","2169768887","0.324675"
"2169768887","1979301312","0.324675"
"1985594972","1993498542","0.924242"
"1993498542","1985594972","0.924242"
"1985594972","2113033897","1.59091"
"2113033897","1985594972","1.59091"
"1985594972","2150569255","0.340909"
"2150569255","1985594972","0.340909"
"1985594972","2153817384","0.340909"
"2153817384","1985594972","0.340909"
"1985594972","2159263269","0.0909091"
"2159263269","1985594972","0.0909091"
"1985594972","2169768887","1.67424"
"2169768887","1985594972","1.67424"
"1993498542","2037514117","4.17543"
"2037514117","1993498542","4.17543"
"1993498542","2113033897","0.0909091"
"2113033897","1993498542","0.0909091"
"1993498542","2117423779","0.457576"
"2117423779","1993498542","0.457576"
"1993498542","2150569255","0.540909"
"2150569255","1993498542","0.540909"
"1993498542","2153817384","0.340909"
"2153817384","1993498542","0.340909"
"1993498542","2159263269","2.31591"
"2159263269","1993498542","2.31591"
"1993498542","2169768887","0.424242"
"2169768887","1993498542","0.424242"
"2037514117","2113033897","0.0909091"
"2113033897","2037514117","0.0909091"
"2037514117","2150569255","1.37424"
"2150569255","2037514117","1.37424"
"2037514117","2153817384","1.42424"
"2153817384","2037514117","1.42424"
"2037514117","2169768887","1.40801"
"2169768887","2037514117","1.40801"
"2113033897","2117423779","0.0909091"
"2117423779","2113033897","0.0909091"
"2113033897","2150569255","0.840909"
"2150569255","2113033897","0.840909"
"2113033897","2153817384","0.340909"
"2153817384","2113033897","0.340909"
"2113033897","2159263269","0.590909"
"2159263269","2113033897","0.590909"
"2113033897","2169768887","1.67424"
"2169768887","2113033897","1.67424"
"2117423779","2150569255","0.190909"
"2150569255","2117423779","0.190909"
"2117423779","2153817384","0.233766"
"2153817384","2117423779","0.233766"
"2117423779","2159263269","0.190909"
"2159263269","2117423779","0.190909"
"2117423779","2169768887","0.0909091"
"2169768887","2117423779","0.0909091"
"2150569255","2153817384","0.590909"
"2153817384","2150569255","0.590909"
"2150569255","2159263269","1.09091"
"2159263269","2150569255","1.09091"
"2150569255","2169768887","2.67424"
"2169768887","2150569255","2.67424"
"2153817384","2159263269","0.674242"
"2159263269","2153817384","0.674242"
"2153817384","2169768887","0.590909"
"2169768887","2153817384","0.590909"
"2159263269","2169768887","0.181818"
"2169768887","2159263269","0.181818"
"1819405298","2171849507","0.862338"
"2171849507","1819405298","0.862338"
"1819405298","2286035838","0.862338"
"2286035838","1819405298","0.862338"
"1819405298","2295236192","0.862338"
"2295236192","1819405298","0.862338"
"1819405298","2416144965","0.862338"
"2416144965","1819405298","0.862338"
"1969319597","2140041154","0.442857"
"2140041154","1969319597","0.442857"
"1969319597","2171849507","0.442857"
"2171849507","1969319597","0.442857"
"1969319597","2286035838","0.442857"
"2286035838","1969319597","0.442857"
"1969319597","2295236192","0.442857"
"2295236192","1969319597","0.442857"
"1969319597","2416144965","0.442857"
"2416144965","1969319597","0.442857"
"1979301312","2171849507","0.415909"
"2171849507","1979301312","0.415909"
"1979301312","2286035838","0.415909"
"2286035838","1979301312","0.415909"
"1979301312","2295236192","0.415909"
"2295236192","1979301312","0.415909"
"1979301312","2416144965","0.415909"
"2416144965","1979301312","0.415909"
"1993498542","2140041154","0.917857"
"2140041154","1993498542","0.917857"
"1993498542","2171849507","0.634524"
"2171849507","1993498542","0.634524"
"1993498542","2286035838","0.634524"
"2286035838","1993498542","0.634524"
"1993498542","2295236192","0.634524"
"2295236192","1993498542","0.634524"
"1993498542","2416144965","0.634524"
"2416144965","1993498542","0.634524"
"2037514117","2171849507","1.01115"
"2171849507","2037514117","1.01115"
"2037514117","2286035838","1.01115"
"2286035838","2037514117","1.01115"
"2037514117","2295236192","1.01115"
"2295236192","2037514117","1.01115"
"2037514117","2416144965","1.01115"
"2416144965","2037514117","1.01115"
"2117423779","2171849507","2.80635"
"2171849507","2117423779","2.80635"
"2117423779","2286035838","2.30635"
"2286035838","2117423779","2.30635"
"2117423779","2295236192","2.30635"
"2295236192","2117423779","2.30635"
"2117423779","2416144965","2.30635"
"2416144965","2117423779","2.30635"
"2140041154","2171849507","0.901623"
"2171849507","2140041154","0.901623"
"2140041154","2286035838","0.901623"
"2286035838","2140041154","0.901623"
"2140041154","2295236192","0.901623"
"2295236192","2140041154","0.901623"
"2140041154","2416144965","0.901623"
"2416144965","2140041154","0.901623"
"1985153681","2169768887","0.0909091"
"2169768887","1985153681","0.0909091"
"1985153681","2171849507","0.0909091"
"2171849507","1985153681","0.0909091"
"1985153681","2286035838","0.0909091"
"2286035838","1985153681","0.0909091"
"1985153681","2295236192","0.0909091"
"2295236192","1985153681","0.0909091"
"1985153681","2416144965","0.0909091"
"2416144965","1985153681","0.0909091"
"2022844356","2169768887","0.233766"
"2169768887","2022844356","0.233766"
"2022844356","2171849507","0.433766"
"2171849507","2022844356","0.433766"
"2022844356","2286035838","0.433766"
"2286035838","2022844356","0.433766"
"2022844356","2295236192","0.433766"
"2295236192","2022844356","0.433766"
"2022844356","2416144965","0.433766"
"2416144965","2022844356","0.433766"
"2140041154","2169768887","0.233766"
"2169768887","2140041154","0.233766"
"2159263269","2171849507","0.315909"
"2171849507","2159263269","0.315909"
"2159263269","2286035838","0.315909"
"2286035838","2159263269","0.315909"
"2159263269","2295236192","0.315909"
"2295236192","2159263269","0.315909"
"2159263269","2416144965","0.315909"
"2416144965","2159263269","0.315909"
"2169768887","2171849507","0.0909091"
"2171849507","2169768887","0.0909091"
"2169768887","2286035838","0.0909091"
"2286035838","2169768887","0.0909091"
"2169768887","2295236192","0.0909091"
"2295236192","2169768887","0.0909091"
"2169768887","2416144965","0.0909091"
"2416144965","2169768887","0.0909091"
"1819405298","2155107494","0.785714"
"2155107494","1819405298","0.785714"
"2113033897","2155107494","2.33333"
"2155107494","2113033897","2.33333"
"1969319597","2022844356","0.142857"
"2022844356","1969319597","0.142857"
"1969319597","2155107494","3.86905"
"2155107494","1969319597","3.86905"
"1979301312","2155107494","0.47619"
"2155107494","1979301312","0.47619"
"2022844356","2155107494","0.142857"
"2155107494","2022844356","0.142857"
"2037514117","2155107494","0.72619"
"2155107494","2037514117","0.72619"
"2140041154","2155107494","0.142857"
"2155107494","2140041154","0.142857"
"2155107494","2169768887","1.72619"
"2169768887","2155107494","1.72619"
"2150569255","2155107494","1.64286"
"2155107494","2150569255","1.64286"
"2150569255","2171849507","0.142857"
"2171849507","2150569255","0.142857"
"2150569255","2286035838","0.142857"
"2286035838","2150569255","0.142857"
"2150569255","2295236192","0.142857"
"2295236192","2150569255","0.142857"
"2150569255","2416144965","0.142857"
"2416144965","2150569255","0.142857"
"2155107494","2171849507","0.142857"
"2171849507","2155107494","0.142857"
"2155107494","2286035838","0.142857"
"2286035838","2155107494","0.142857"
"2155107494","2295236192","0.142857"
"2295236192","2155107494","0.142857"
"2155107494","2416144965","0.142857"
"2416144965","2155107494","0.142857"
"1969319597","2106699456","3.03333"
"2106699456","1969319597","3.03333"
"2037514117","2106699456","0.533333"
"2106699456","2037514117","0.533333"
"2106699456","2117423779","0.533333"
"2117423779","2106699456","0.533333"
"2106699456","2155107494","1.5"
"2155107494","2106699456","1.5"
"2140041154","2150569255","0.3"
"2150569255","2140041154","0.3"
"1969319597","1994610034","1.2"
"1994610034","1969319597","1.2"
"1979301312","1994610034","0.2"
"1994610034","1979301312","0.2"
"1979301312","2106699456","0.2"
"2106699456","1979301312","0.2"
"1994610034","2037514117","1.2"
"2037514117","1994610034","1.2"
"1994610034","2117423779","0.2"
"2117423779","1994610034","0.2"
"1969319597","2063632545","1"
"2063632545","1969319597","1"
"1969319597","2106941316","0.5"
"2106941316","1969319597","0.5"
"1969319597","2126390890","0.5"
"2126390890","1969319597","0.5"
"2106941316","2126390890","3.5"
"2126390890","2106941316","3.5"
"1973457545","2058750685","2.33333"
"2058750685","1973457545","2.33333"
"1973457545","2126390890","0.5"
"2126390890","1973457545","0.5"
"1973457545","2169768887","0.5"
"2169768887","1973457545","0.5"
"2126390890","2169768887","0.5"
"2169768887","2126390890","0.5"
"1973457545","2106699456","1"
"2106699456","1973457545","1"
"1973457545","2150569255","1.25"
"2150569255","1973457545","1.25"
"1973457545","2140041154","1"
"2140041154","1973457545","1"
"1973457545","1974956900","0.25"
"1974956900","1973457545","0.25"
"1973457545","1985594972","0.25"
"1985594972","1973457545","0.25"
"1973457545","2038369705","0.25"
"2038369705","1973457545","0.25"
"1973457545","2534783843","0.25"
"2534783843","1973457545","0.25"
"1974956900","1985594972","0.25"
"1985594972","1974956900","0.25"
"1974956900","2534783843","0.25"
"2534783843","1974956900","0.25"
"1985594972","2038369705","0.25"
"2038369705","1985594972","0.25"
"2038369705","2534783843","0.25"
"2534783843","2038369705","0.25"
"1973457545","1985153681","0.5"
"1985153681","1973457545","0.5"
"1973457545","2022844356","0.5"
"2022844356","1973457545","0.5"
"1973457545","2095241246","1"
"2095241246","1973457545","1"
"1973457545","1993498542","0.25"
"1993498542","1973457545","0.25"
"1973457545","2106941316","0.25"
"2106941316","1973457545","0.25"
"1973457545","2155107494","0.25"
"2155107494","1973457545","0.25"
"1993498542","2106941316","0.25"
"2106941316","1993498542","0.25"
"1993498542","2155107494","0.25"
"2155107494","1993498542","0.25"
"2106941316","2150569255","0.75"
"2150569255","2106941316","0.75"
"2106941316","2155107494","1.58333"
"2155107494","2106941316","1.58333"
"1973457545","1987063546","0.333333"
"1987063546","1973457545","0.333333"
"1973457545","2587786618","0.333333"
"2587786618","1973457545","0.333333"
"1987063546","2058750685","0.333333"
"2058750685","1987063546","0.333333"
"1987063546","2587786618","0.333333"
"2587786618","1987063546","0.333333"
"2058750685","2587786618","0.333333"
"2587786618","2058750685","0.333333"
"1974956900","2117423779","0.711111"
"2117423779","1974956900","0.711111"
"1974956900","2140041154","0.1"
"2140041154","1974956900","0.1"
"1974956900","2150569255","0.1"
"2150569255","1974956900","0.1"
"1979301312","2038369705","0.1"
"2038369705","1979301312","0.1"
"1979301312","2084097519","0.1"
"2084097519","1979301312","0.1"
"1979301312","2124783468","0.1"
"2124783468","1979301312","0.1"
"1979301312","2160735712","0.1"
"2160735712","1979301312","0.1"
"2038369705","2117423779","0.711111"
"2117423779","2038369705","0.711111"
"2038369705","2140041154","0.1"
"2140041154","2038369705","0.1"
"2038369705","2150569255","0.6"
"2150569255","2038369705","0.6"
"2063632545","2150569255","0.1"
"2150569255","2063632545","0.1"
"2063632545","2160735712","0.966667"
"2160735712","2063632545","0.966667"
"2084097519","2117423779","0.1"
"2117423779","2084097519","0.1"
"2084097519","2140041154","0.1"
"2140041154","2084097519","0.1"
"2084097519","2150569255","0.1"
"2150569255","2084097519","0.1"
"2084097519","2160735712","0.1"
"2160735712","2084097519","0.1"
"2117423779","2124783468","0.1"
"2124783468","2117423779","0.1"
"2117423779","2158873581","0.6"
"2158873581","2117423779","0.6"
"2117423779","2160735712","0.211111"
"2160735712","2117423779","0.211111"
"2124783468","2140041154","0.1"
"2140041154","2124783468","0.1"
"2124783468","2150569255","0.1"
"2150569255","2124783468","0.1"
"2124783468","2160735712","0.3"
"2160735712","2124783468","0.3"
"2140041154","2158873581","0.1"
"2158873581","2140041154","0.1"
"2140041154","2160735712","0.1"
"2160735712","2140041154","0.1"
"2150569255","2158873581","0.1"
"2158873581","2150569255","0.1"
"2150569255","2160735712","0.1"
"2160735712","2150569255","0.1"
"2158873581","2160735712","0.242857"
"2160735712","2158873581","0.242857"
"1974956900","1983511437","0.166667"
"1983511437","1974956900","0.166667"
"1974956900","2796228607","0.166667"
"2796228607","1974956900","0.166667"
"1983511437","2063632545","0.166667"
"2063632545","1983511437","0.166667"
"1983511437","2124783468","0.166667"
"2124783468","1983511437","0.166667"
"1983511437","2796228607","0.166667"
"2796228607","1983511437","0.166667"
"2038369705","2796228607","0.166667"
"2796228607","2038369705","0.166667"
"2063632545","2796228607","0.166667"
"2796228607","2063632545","0.166667"
"2084097519","2796228607","0.166667"
"2796228607","2084097519","0.166667"
"2124783468","2796228607","0.166667"
"2796228607","2124783468","0.166667"
"2038369705","2109075207","0.533333"
"2109075207","2038369705","0.533333"
"1974956900","1987063546","0.111111"
"1987063546","1974956900","0.111111"
"1974956900","2171849507","0.111111"
"2171849507","1974956900","0.111111"
"1974956900","2286035838","0.111111"
"2286035838","1974956900","0.111111"
"1974956900","2295236192","0.111111"
"2295236192","1974956900","0.111111"
"1974956900","2416144965","0.111111"
"2416144965","1974956900","0.111111"
"1987063546","2038369705","0.111111"
"2038369705","1987063546","0.111111"
"1987063546","2117423779","0.611111"
"2117423779","1987063546","0.611111"
"1987063546","2136987764","0.111111"
"2136987764","1987063546","0.111111"
"1987063546","2160735712","0.111111"
"2160735712","1987063546","0.111111"
"1987063546","2171849507","0.611111"
"2171849507","1987063546","0.611111"
"1987063546","2286035838","0.444444"
"2286035838","1987063546","0.444444"
"1987063546","2295236192","0.444444"
"2295236192","1987063546","0.444444"
"1987063546","2416144965","0.444444"
"2416144965","1987063546","0.444444"
"2038369705","2171849507","0.111111"
"2171849507","2038369705","0.111111"
"2038369705","2286035838","0.111111"
"2286035838","2038369705","0.111111"
"2038369705","2295236192","0.111111"
"2295236192","2038369705","0.111111"
"2038369705","2416144965","0.111111"
"2416144965","2038369705","0.111111"
"2160735712","2171849507","0.253968"
"2171849507","2160735712","0.253968"
"2160735712","2286035838","0.253968"
"2286035838","2160735712","0.253968"
"2160735712","2295236192","0.253968"
"2295236192","2160735712","0.253968"
"2160735712","2416144965","0.253968"
"2416144965","2160735712","0.253968"
"1975489896","2038369705","0.5"
"2038369705","1975489896","0.5"
"1975489896","2095241246","1.83333"
"2095241246","1975489896","1.83333"
"1975489896","2063632545","0.333333"
"2063632545","1975489896","0.333333"
"1975489896","2127038725","0.333333"
"2127038725","1975489896","0.333333"
"1985153681","1993498542","1"
"1993498542","1985153681","1"
"1985594972","2106941316","1"
"2106941316","1985594972","1"
"1985594972","2126390890","0.5"
"2126390890","1985594972","0.5"
"2106941316","2109075207","3"
"2109075207","2106941316","3"
"1985594972","2587786618","0.5"
"2587786618","1985594972","0.5"
"1993498542","2587786618","0.75"
"2587786618","1993498542","0.75"
"1985594972","2159701378","0.333333"
"2159701378","1985594972","0.333333"
"2109075207","2159701378","0.333333"
"2159701378","2109075207","0.333333"
"2159701378","2534783843","0.333333"
"2534783843","2159701378","0.333333"
"1993498542","2063632545","1"
"2063632545","1993498542","1"
"1993498542","2124783468","1"
"2124783468","1993498542","1"
"1993498542","2296317707","0.25"
"2296317707","1993498542","0.25"
"2153817384","2296317707","9.39286"
"2296317707","2153817384","9.39286"
"2153817384","2587786618","3.05952"
"2587786618","2153817384","3.05952"
"2159263269","2296317707","0.583333"
"2296317707","2159263269","0.583333"
"2159263269","2587786618","0.583333"
"2587786618","2159263269","0.583333"
"2296317707","2587786618","7.55952"
"2587786618","2296317707","7.55952"
"1994610034","2155107494","1"
"2155107494","1994610034","1"
"1994610034","2534783843","0.333333"
"2534783843","1994610034","0.333333"
"2124783468","2534783843","0.333333"
"2534783843","2124783468","0.333333"
"1994610034","2160735712","1"
"2160735712","1994610034","1"
"2005277234","2406687334","2"
"2406687334","2005277234","2"
"2005277234","2796228607","2.5"
"2796228607","2005277234","2.5"
"2005277234","2921670975","1.66667"
"2921670975","2005277234","1.66667"
"2406687334","2921670975","3.66667"
"2921670975","2406687334","3.66667"
"2796228607","2921670975","7.66667"
"2921670975","2796228607","7.66667"
"2005277234","2045029627","0.333333"
"2045029627","2005277234","0.333333"
"2045029627","2406687334","2.33333"
"2406687334","2045029627","2.33333"
"2045029627","2796228607","0.333333"
"2796228607","2045029627","0.333333"
"2005277234","2159263269","1"
"2159263269","2005277234","1"
"2005277234","2037514117","0.5"
"2037514117","2005277234","0.5"
"2018741278","2296317707","1"
"2296317707","2018741278","1"
"2037514117","2038369705","0.2"
"2038369705","2037514117","0.2"
"2037514117","2124783468","0.2"
"2124783468","2037514117","0.2"
"2109075207","2124783468","0.2"
"2124783468","2109075207","0.2"
"2037514117","2296317707","0.333333"
"2296317707","2037514117","0.333333"
"2037514117","2587786618","0.333333"
"2587786618","2037514117","0.333333"
"2038369705","2587786618","0.333333"
"2587786618","2038369705","0.333333"
"2136987764","2587786618","0.333333"
"2587786618","2136987764","0.333333"
"2160735712","2587786618","0.333333"
"2587786618","2160735712","0.333333"
"2038369705","2058750685","0.5"
"2058750685","2038369705","0.5"
"2058750685","2150569255","2.5"
"2150569255","2058750685","2.5"
"2038369705","2106941316","0.5"
"2106941316","2038369705","0.5"
"2106941316","2117423779","0.5"
"2117423779","2106941316","0.5"
"2095241246","2160735712","1.66667"
"2160735712","2095241246","1.66667"
"2127038725","2160735712","0.666667"
"2160735712","2127038725","0.666667"
"2095241246","2171849507","0.25"
"2171849507","2095241246","0.25"
"2095241246","2286035838","0.25"
"2286035838","2095241246","0.25"
"2095241246","2295236192","0.25"
"2295236192","2095241246","0.25"
"2095241246","2416144965","0.25"
"2416144965","2095241246","0.25"
"2106699456","2106941316","1.5"
"2106941316","2106699456","1.5"
"2106699456","2150569255","1.5"
"2150569255","2106699456","1.5"
"2106699456","2113033897","1"
"2113033897","2106699456","1"
"2106941316","2113033897","12.8333"
"2113033897","2106941316","12.8333"
"2109075207","2113033897","1"
"2113033897","2109075207","1"
"2109075207","2126390890","4"
"2126390890","2109075207","4"
"2113033897","2126390890","1"
"2126390890","2113033897","1"
"2106941316","2153817384","0.333333"
"2153817384","2106941316","0.333333"
"2106941316","2159701378","0.333333"
"2159701378","2106941316","0.333333"
"2106941316","2296317707","0.333333"
"2296317707","2106941316","0.333333"
"2153817384","2159701378","0.333333"
"2159701378","2153817384","0.333333"
"2159701378","2296317707","0.833333"
"2296317707","2159701378","0.833333"
"2106941316","2169768887","0.333333"
"2169768887","2106941316","0.333333"
"2106941316","2159263269","0.5"
"2159263269","2106941316","0.5"
"2109075207","2158873581","1.14286"
"2158873581","2109075207","1.14286"
"2158873581","2171849507","0.142857"
"2171849507","2158873581","0.142857"
"2158873581","2286035838","0.142857"
"2286035838","2158873581","0.142857"
"2158873581","2295236192","0.142857"
"2295236192","2158873581","0.142857"
"2158873581","2416144965","0.142857"
"2416144965","2158873581","0.142857"
"2126390890","2160735712","0.5"
"2160735712","2126390890","0.5"
"2117423779","2296317707","0.142857"
"2296317707","2117423779","0.142857"
"2117423779","2587786618","0.142857"
"2587786618","2117423779","0.142857"
"2153817384","2171849507","0.142857"
"2171849507","2153817384","0.142857"
"2153817384","2286035838","0.142857"
"2286035838","2153817384","0.142857"
"2153817384","2295236192","0.142857"
"2295236192","2153817384","0.142857"
"2153817384","2416144965","0.142857"
"2416144965","2153817384","0.142857"
"2171849507","2296317707","0.142857"
"2296317707","2171849507","0.142857"
"2171849507","2587786618","0.142857"
"2587786618","2171849507","0.142857"
"2286035838","2296317707","0.142857"
"2296317707","2286035838","0.142857"
"2286035838","2587786618","0.142857"
"2587786618","2286035838","0.142857"
"2295236192","2296317707","0.142857"
"2296317707","2295236192","0.142857"
"2295236192","2587786618","0.142857"
"2587786618","2295236192","0.142857"
"2296317707","2416144965","0.142857"
"2416144965","2296317707","0.142857"
"2416144965","2587786618","0.142857"
"2587786618","2416144965","0.142857"
"2155107494","2406687334","0.5"
"2406687334","2155107494","0.5"
"2155107494","2534783843","0.5"
"2534783843","2155107494","0.5"
"2406687334","2534783843","0.5"
"2534783843","2406687334","0.5"
"2155107494","2160735712","1"
"2160735712","2155107494","1"
"2159701378","2587786618","0.5"
"2587786618","2159701378","0.5"
"2406687334","2534558385","0.5"
"2534558385","2406687334","0.5"
"2534558385","2796228607","2.5"
"2796228607","2534558385","2.5"
"2508123380","2791870258","7"
"2791870258","2508123380","7"
"2534558385","2980874526","1"
"2980874526","2534558385","1"
"2610725396","2979847055","2"
"2979847055","2610725396","2"
"2941624696","2979847055","1"
"2979847055","2941624696","1"
