"118466135","1589513245","0.25"
"1589513245","118466135","0.25"
"118466135","2050147921","0.398352"
"2050147921","118466135","0.398352"
"118466135","2163438803","0.25"
"2163438803","118466135","0.25"
"118466135","2521377559","0.398352"
"2521377559","118466135","0.398352"
"1589513245","2050147921","0.25"
"2050147921","1589513245","0.25"
"1589513245","2163438803","0.25"
"2163438803","1589513245","0.25"
"1589513245","2521377559","0.99359"
"2521377559","1589513245","0.99359"
"2050147921","2163438803","0.5"
"2163438803","2050147921","0.5"
"2050147921","2521377559","0.898352"
"2521377559","2050147921","0.898352"
"2163438803","2521377559","2.35"
"2521377559","2163438803","2.35"
"118466135","141538123","1.07143"
"141538123","118466135","1.07143"
"118466135","183028079","0.0714286"
"183028079","118466135","0.0714286"
"118466135","1988788350","0.598352"
"1988788350","118466135","0.598352"
"118466135","2005855683","0.348352"
"2005855683","118466135","0.348352"
"118466135","2012417801","0.598352"
"2012417801","118466135","0.598352"
"118466135","2016009362","0.0714286"
"2016009362","118466135","0.0714286"
"118466135","2090246296","0.598352"
"2090246296","118466135","0.598352"
"118466135","2124956025","0.548352"
"2124956025","118466135","0.548352"
"118466135","2128378963","0.271429"
"2128378963","118466135","0.271429"
"118466135","2137092817","0.348352"
"2137092817","118466135","0.348352"
"118466135","2143847222","0.348352"
"2143847222","118466135","0.348352"
"118466135","55651281","0.271429"
"55651281","118466135","0.271429"
"141538123","183028079","0.571429"
"183028079","141538123","0.571429"
"141538123","1988788350","0.765873"
"1988788350","141538123","0.765873"
"141538123","2005855683","0.654762"
"2005855683","141538123","0.654762"
"141538123","2012417801","2.5754"
"2012417801","141538123","2.5754"
"141538123","2016009362","0.196429"
"2016009362","141538123","0.196429"
"141538123","2050147921","1.55754"
"2050147921","141538123","1.55754"
"141538123","2090246296","0.325397"
"2090246296","141538123","0.325397"
"141538123","2124956025","3.17262"
"2124956025","141538123","3.17262"
"141538123","2128378963","0.196429"
"2128378963","141538123","0.196429"
"141538123","2137092817","0.421429"
"2137092817","141538123","0.421429"
"141538123","2143847222","1.03254"
"2143847222","141538123","1.03254"
"141538123","2521377559","0.671429"
"2521377559","141538123","0.671429"
"141538123","55651281","0.214286"
"55651281","141538123","0.214286"
"183028079","1988788350","0.504762"
"1988788350","183028079","0.504762"
"183028079","2005855683","0.504762"
"2005855683","183028079","0.504762"
"183028079","2012417801","0.671429"
"2012417801","183028079","0.671429"
"183028079","2016009362","0.0714286"
"2016009362","183028079","0.0714286"
"183028079","2050147921","0.0714286"
"2050147921","183028079","0.0714286"
"183028079","2090246296","0.0714286"
"2090246296","183028079","0.0714286"
"183028079","2124956025","0.504762"
"2124956025","183028079","0.504762"
"183028079","2128378963","0.0714286"
"2128378963","183028079","0.0714286"
"183028079","2137092817","0.171429"
"2137092817","183028079","0.171429"
"183028079","2143847222","0.0714286"
"2143847222","183028079","0.0714286"
"183028079","2521377559","0.0714286"
"2521377559","183028079","0.0714286"
"183028079","55651281","0.0714286"
"55651281","183028079","0.0714286"
"1988788350","2005855683","5.93212"
"2005855683","1988788350","5.93212"
"1988788350","2012417801","1.44591"
"2012417801","1988788350","1.44591"
"1988788350","2016009362","0.0714286"
"2016009362","1988788350","0.0714286"
"1988788350","2050147921","1.42613"
"2050147921","1988788350","1.42613"
"1988788350","2090246296","0.676129"
"2090246296","1988788350","0.676129"
"1988788350","2124956025","2.09878"
"2124956025","1988788350","2.09878"
"1988788350","2128378963","0.239261"
"2128378963","1988788350","0.239261"
"1988788350","2137092817","5.93212"
"2137092817","1988788350","5.93212"
"1988788350","2143847222","0.336386"
"2143847222","1988788350","0.336386"
"1988788350","2521377559","0.225275"
"2521377559","1988788350","0.225275"
"1988788350","55651281","0.0714286"
"55651281","1988788350","0.0714286"
"2005855683","2012417801","0.591209"
"2012417801","2005855683","0.591209"
"2005855683","2016009362","0.0714286"
"2016009362","2005855683","0.0714286"
"2005855683","2050147921","0.481685"
"2050147921","2005855683","0.481685"
"2005855683","2090246296","0.148352"
"2090246296","2005855683","0.148352"
"2005855683","2124956025","2.09878"
"2124956025","2005855683","2.09878"
"2005855683","2128378963","0.495671"
"2128378963","2005855683","0.495671"
"2005855683","2137092817","0.682118"
"2137092817","2005855683","0.682118"
"2005855683","2143847222","0.148352"
"2143847222","2005855683","0.148352"
"2005855683","2521377559","0.148352"
"2521377559","2005855683","0.148352"
"2005855683","55651281","0.0714286"
"55651281","2005855683","0.0714286"
"2012417801","2016009362","0.0714286"
"2016009362","2012417801","0.0714286"
"2012417801","2050147921","0.592796"
"2050147921","2012417801","0.592796"
"2012417801","2090246296","0.818987"
"2090246296","2012417801","0.818987"
"2012417801","2124956025","2.23407"
"2124956025","2012417801","2.23407"
"2012417801","2128378963","0.148352"
"2128378963","2012417801","0.148352"
"2012417801","2137092817","1.34121"
"2137092817","2012417801","1.34121"
"2012417801","2143847222","0.336386"
"2143847222","2012417801","0.336386"
"2012417801","2521377559","0.975275"
"2521377559","2012417801","0.975275"
"2012417801","55651281","0.214286"
"55651281","2012417801","0.214286"
"2016009362","2050147921","0.196429"
"2050147921","2016009362","0.196429"
"2016009362","2090246296","0.0714286"
"2090246296","2016009362","0.0714286"
"2016009362","2124956025","0.196429"
"2124956025","2016009362","0.196429"
"2016009362","2128378963","0.196429"
"2128378963","2016009362","0.196429"
"2016009362","2137092817","0.0714286"
"2137092817","2016009362","0.0714286"
"2016009362","2143847222","0.0714286"
"2143847222","2016009362","0.0714286"
"2016009362","2521377559","0.0714286"
"2521377559","2016009362","0.0714286"
"2016009362","55651281","0.0714286"
"55651281","2016009362","0.0714286"
"2050147921","2090246296","1.76343"
"2090246296","2050147921","1.76343"
"2050147921","2124956025","0.634463"
"2124956025","2050147921","0.634463"
"2050147921","2128378963","3.1131"
"2128378963","2050147921","3.1131"
"2050147921","2137092817","0.148352"
"2137092817","2050147921","0.148352"
"2050147921","2143847222","6.68565"
"2143847222","2050147921","6.68565"
"2050147921","55651281","0.654762"
"55651281","2050147921","0.654762"
"2090246296","2124956025","0.40232"
"2124956025","2090246296","0.40232"
"2090246296","2128378963","0.271429"
"2128378963","2090246296","0.271429"
"2090246296","2137092817","0.148352"
"2137092817","2090246296","0.148352"
"2090246296","2143847222","0.60232"
"2143847222","2090246296","0.60232"
"2090246296","2521377559","0.398352"
"2521377559","2090246296","0.398352"
"2090246296","55651281","6.83095"
"55651281","2090246296","6.83095"
"2124956025","2128378963","0.537338"
"2128378963","2124956025","0.537338"
"2124956025","2137092817","0.682118"
"2137092817","2124956025","0.682118"
"2124956025","2143847222","0.648352"
"2143847222","2124956025","0.648352"
"2124956025","2521377559","2.89835"
"2521377559","2124956025","2.89835"
"2124956025","55651281","0.214286"
"55651281","2124956025","0.214286"
"2128378963","2137092817","0.162338"
"2137092817","2128378963","0.162338"
"2128378963","2143847222","2.34835"
"2143847222","2128378963","2.34835"
"2128378963","2521377559","0.148352"
"2521377559","2128378963","0.148352"
"2128378963","55651281","0.271429"
"55651281","2128378963","0.271429"
"2137092817","2143847222","0.248352"
"2143847222","2137092817","0.248352"
"2137092817","2521377559","0.498352"
"2521377559","2137092817","0.498352"
"2137092817","55651281","0.0714286"
"55651281","2137092817","0.0714286"
"2143847222","2521377559","1.32527"
"2521377559","2143847222","1.32527"
"2143847222","55651281","0.271429"
"55651281","2143847222","0.271429"
"2521377559","55651281","0.321429"
"55651281","2521377559","0.321429"
"118466135","2021573081","0.25"
"2021573081","118466135","0.25"
"1988788350","2021573081","1.16026"
"2021573081","1988788350","1.16026"
"2012417801","2021573081","0.826923"
"2021573081","2012417801","0.826923"
"2021573081","2090246296","0.25"
"2090246296","2021573081","0.25"
"118466135","1536841592","0.276923"
"1536841592","118466135","0.276923"
"1536841592","2090246296","0.276923"
"2090246296","1536841592","0.276923"
"1536841592","2128378963","0.367832"
"2128378963","1536841592","0.367832"
"1536841592","2143847222","0.453846"
"2143847222","1536841592","0.453846"
"1536841592","55651281","0.2"
"55651281","1536841592","0.2"
"118466135","181439860","0.2"
"181439860","118466135","0.2"
"118466135","2009478889","0.276923"
"2009478889","118466135","0.276923"
"118466135","2058869720","0.2"
"2058869720","118466135","0.2"
"118466135","2064919154","0.2"
"2064919154","118466135","0.2"
"181439860","2009478889","0.4"
"2009478889","181439860","0.4"
"181439860","2058869720","4.34444"
"2058869720","181439860","4.34444"
"181439860","2064919154","2.93535"
"2064919154","181439860","2.93535"
"181439860","2124956025","1.73535"
"2124956025","181439860","1.73535"
"2009478889","2058869720","0.4"
"2058869720","2009478889","0.4"
"2009478889","2064919154","0.4"
"2064919154","2009478889","0.4"
"2009478889","2124956025","1.27692"
"2124956025","2009478889","1.27692"
"2058869720","2064919154","1.34444"
"2064919154","2058869720","1.34444"
"2058869720","2124956025","0.644444"
"2124956025","2058869720","0.644444"
"2064919154","2124956025","3.00321"
"2124956025","2064919154","3.00321"
"118466135","1998226141","1"
"1998226141","118466135","1"
"118466135","2059298849","0.0769231"
"2059298849","118466135","0.0769231"
"118466135","2112266618","0.0769231"
"2112266618","118466135","0.0769231"
"1536841592","1988788350","2.55428"
"1988788350","1536841592","2.55428"
"1536841592","2005855683","0.644023"
"2005855683","1536841592","0.644023"
"1536841592","2009478889","0.253846"
"2009478889","1536841592","0.253846"
"1536841592","2012417801","0.796703"
"2012417801","1536841592","0.796703"
"1536841592","2050147921","0.0769231"
"2050147921","1536841592","0.0769231"
"1536841592","2059298849","0.0769231"
"2059298849","1536841592","0.0769231"
"1536841592","2112266618","0.630037"
"2112266618","1536841592","0.630037"
"1536841592","2124956025","0.810689"
"2124956025","1536841592","0.810689"
"1536841592","2137092817","0.660689"
"2137092817","1536841592","0.660689"
"1536841592","2521377559","0.753846"
"2521377559","1536841592","0.753846"
"1988788350","2009478889","0.514957"
"2009478889","1988788350","0.514957"
"1988788350","2059298849","0.0769231"
"2059298849","1988788350","0.0769231"
"1988788350","2112266618","0.980037"
"2112266618","1988788350","0.980037"
"2005855683","2009478889","0.0769231"
"2009478889","2005855683","0.0769231"
"2005855683","2059298849","0.0769231"
"2059298849","2005855683","0.0769231"
"2005855683","2112266618","0.31978"
"2112266618","2005855683","0.31978"
"2009478889","2012417801","0.514957"
"2012417801","2009478889","0.514957"
"2009478889","2050147921","0.188034"
"2050147921","2009478889","0.188034"
"2009478889","2059298849","0.0769231"
"2059298849","2009478889","0.0769231"
"2009478889","2090246296","0.388034"
"2090246296","2009478889","0.388034"
"2009478889","2112266618","0.653846"
"2112266618","2009478889","0.653846"
"2009478889","2137092817","0.426923"
"2137092817","2009478889","0.426923"
"2009478889","2143847222","2.36496"
"2143847222","2009478889","2.36496"
"2009478889","2521377559","2.25385"
"2521377559","2009478889","2.25385"
"2012417801","2059298849","0.0769231"
"2059298849","2012417801","0.0769231"
"2012417801","2112266618","0.53956"
"2112266618","2012417801","0.53956"
"2050147921","2059298849","0.0769231"
"2059298849","2050147921","0.0769231"
"2050147921","2112266618","1.32692"
"2112266618","2050147921","1.32692"
"2059298849","2090246296","0.0769231"
"2090246296","2059298849","0.0769231"
"2059298849","2112266618","0.0769231"
"2112266618","2059298849","0.0769231"
"2059298849","2124956025","0.0769231"
"2124956025","2059298849","0.0769231"
"2059298849","2137092817","0.0769231"
"2137092817","2059298849","0.0769231"
"2059298849","2143847222","1.07692"
"2143847222","2059298849","1.07692"
"2059298849","2521377559","0.0769231"
"2521377559","2059298849","0.0769231"
"2090246296","2112266618","0.21978"
"2112266618","2090246296","0.21978"
"2112266618","2124956025","1.1293"
"2124956025","2112266618","1.1293"
"2112266618","2137092817","0.31978"
"2137092817","2112266618","0.31978"
"2112266618","2143847222","1.40385"
"2143847222","2112266618","1.40385"
"2112266618","2521377559","0.153846"
"2521377559","2112266618","0.153846"
"134076612","1967938009","0.333333"
"1967938009","134076612","0.333333"
"134076612","2049284077","0.333333"
"2049284077","134076612","0.333333"
"134076612","2143847222","1.33333"
"2143847222","134076612","1.33333"
"1967938009","2049284077","1.46786"
"2049284077","1967938009","1.46786"
"1967938009","2143847222","0.47619"
"2143847222","1967938009","0.47619"
"2049284077","2143847222","2.24756"
"2143847222","2049284077","2.24756"
"134076612","183028079","0.5"
"183028079","134076612","0.5"
"134076612","2064919154","0.5"
"2064919154","134076612","0.5"
"183028079","2064919154","0.5"
"2064919154","183028079","0.5"
"134076612","1988788350","0.333333"
"1988788350","134076612","0.333333"
"134076612","2005855683","0.333333"
"2005855683","134076612","0.333333"
"134076612","2124956025","0.333333"
"2124956025","134076612","0.333333"
"141538123","2044119936","0.666667"
"2044119936","141538123","0.666667"
"141538123","2048385800","0.444444"
"2048385800","141538123","0.444444"
"2044119936","2048385800","2.95"
"2048385800","2044119936","2.95"
"2044119936","2050147921","0.333333"
"2050147921","2044119936","0.333333"
"2048385800","2050147921","0.444444"
"2050147921","2048385800","0.444444"
"141538123","1967938009","0.625"
"1967938009","141538123","0.625"
"141538123","2049284077","0.652778"
"2049284077","141538123","0.652778"
"141538123","2064919154","0.267857"
"2064919154","141538123","0.267857"
"141538123","2095066181","0.458333"
"2095066181","141538123","0.458333"
"1967938009","2016009362","0.125"
"2016009362","1967938009","0.125"
"1967938009","2050147921","0.934524"
"2050147921","1967938009","0.934524"
"1967938009","2064919154","0.125"
"2064919154","1967938009","0.125"
"1967938009","2095066181","0.791667"
"2095066181","1967938009","0.791667"
"1967938009","2124956025","0.125"
"2124956025","1967938009","0.125"
"1967938009","2128378963","0.125"
"2128378963","1967938009","0.125"
"2016009362","2049284077","0.125"
"2049284077","2016009362","0.125"
"2016009362","2064919154","0.125"
"2064919154","2016009362","0.125"
"2016009362","2095066181","1.125"
"2095066181","2016009362","1.125"
"2049284077","2050147921","12.6567"
"2050147921","2049284077","12.6567"
"2049284077","2064919154","0.236111"
"2064919154","2049284077","0.236111"
"2049284077","2095066181","0.236111"
"2095066181","2049284077","0.236111"
"2049284077","2124956025","1.48611"
"2124956025","2049284077","1.48611"
"2049284077","2128378963","4.36859"
"2128378963","2049284077","4.36859"
"2050147921","2064919154","0.736111"
"2064919154","2050147921","0.736111"
"2050147921","2095066181","0.436111"
"2095066181","2050147921","0.436111"
"2064919154","2095066181","0.236111"
"2095066181","2064919154","0.236111"
"2064919154","2128378963","0.215909"
"2128378963","2064919154","0.215909"
"2095066181","2124956025","0.236111"
"2124956025","2095066181","0.236111"
"2095066181","2128378963","0.125"
"2128378963","2095066181","0.125"
"141538123","1997864675","0.166667"
"1997864675","141538123","0.166667"
"141538123","2088817655","0.166667"
"2088817655","141538123","0.166667"
"1967938009","1997864675","0.166667"
"1997864675","1967938009","0.166667"
"1967938009","2012417801","0.333333"
"2012417801","1967938009","0.333333"
"1967938009","2088817655","2"
"2088817655","1967938009","2"
"1997864675","2012417801","0.166667"
"2012417801","1997864675","0.166667"
"1997864675","2049284077","0.166667"
"2049284077","1997864675","0.166667"
"1997864675","2050147921","0.166667"
"2050147921","1997864675","0.166667"
"1997864675","2088817655","0.166667"
"2088817655","1997864675","0.166667"
"2012417801","2049284077","0.521368"
"2049284077","2012417801","0.521368"
"2012417801","2088817655","0.166667"
"2088817655","2012417801","0.166667"
"2049284077","2088817655","0.166667"
"2088817655","2049284077","0.166667"
"2050147921","2088817655","0.166667"
"2088817655","2050147921","0.166667"
"141538123","1536841592","0.6"
"1536841592","141538123","0.6"
"141538123","2163438803","0.35"
"2163438803","141538123","0.35"
"1536841592","2163438803","0.583766"
"2163438803","1536841592","0.583766"
"2137092817","2163438803","0.683766"
"2163438803","2137092817","0.683766"
"141538123","2009478889","0.211111"
"2009478889","141538123","0.211111"
"141538123","2021573081","0.35"
"2021573081","141538123","0.35"
"141538123","2062368414","0.1"
"2062368414","141538123","0.1"
"141538123","2076063322","0.211111"
"2076063322","141538123","0.211111"
"141538123","2295017819","0.1"
"2295017819","141538123","0.1"
"1536841592","2021573081","2.51026"
"2021573081","1536841592","2.51026"
"1536841592","2062368414","0.1"
"2062368414","1536841592","0.1"
"1536841592","2076063322","0.190909"
"2076063322","1536841592","0.190909"
"1536841592","2295017819","0.1"
"2295017819","1536841592","0.1"
"2009478889","2021573081","0.176923"
"2021573081","2009478889","0.176923"
"2009478889","2062368414","0.6"
"2062368414","2009478889","0.6"
"2009478889","2076063322","0.211111"
"2076063322","2009478889","0.211111"
"2009478889","2163438803","0.1"
"2163438803","2009478889","0.1"
"2009478889","2295017819","0.1"
"2295017819","2009478889","0.1"
"2021573081","2062368414","0.1"
"2062368414","2021573081","0.1"
"2021573081","2076063322","0.433333"
"2076063322","2021573081","0.433333"
"2021573081","2137092817","0.1"
"2137092817","2021573081","0.1"
"2021573081","2143847222","1.42692"
"2143847222","2021573081","1.42692"
"2021573081","2163438803","0.1"
"2163438803","2021573081","0.1"
"2021573081","2295017819","0.1"
"2295017819","2021573081","0.1"
"2021573081","2521377559","1.01026"
"2521377559","2021573081","1.01026"
"2062368414","2076063322","0.466667"
"2076063322","2062368414","0.466667"
"2062368414","2137092817","0.1"
"2137092817","2062368414","0.1"
"2062368414","2143847222","0.742857"
"2143847222","2062368414","0.742857"
"2062368414","2163438803","0.1"
"2163438803","2062368414","0.1"
"2062368414","2295017819","0.35"
"2295017819","2062368414","0.35"
"2062368414","2521377559","0.266667"
"2521377559","2062368414","0.266667"
"2076063322","2137092817","0.290909"
"2137092817","2076063322","0.290909"
"2076063322","2143847222","0.461111"
"2143847222","2076063322","0.461111"
"2076063322","2163438803","0.290909"
"2163438803","2076063322","0.290909"
"2076063322","2295017819","0.1"
"2295017819","2076063322","0.1"
"2076063322","2521377559","0.1"
"2521377559","2076063322","0.1"
"2137092817","2295017819","0.1"
"2295017819","2137092817","0.1"
"2143847222","2163438803","0.1"
"2163438803","2143847222","0.1"
"2143847222","2295017819","0.1"
"2295017819","2143847222","0.1"
"2163438803","2295017819","0.1"
"2295017819","2163438803","0.1"
"2295017819","2521377559","0.1"
"2521377559","2295017819","0.1"
"141538123","2112266618","0.142857"
"2112266618","141538123","0.142857"
"141538123","2259505732","0.392857"
"2259505732","141538123","0.392857"
"2012417801","2064919154","1.14286"
"2064919154","2012417801","1.14286"
"2012417801","2259505732","0.31978"
"2259505732","2012417801","0.31978"
"2064919154","2090246296","0.453968"
"2090246296","2064919154","0.453968"
"2064919154","2112266618","0.142857"
"2112266618","2064919154","0.142857"
"2064919154","2259505732","1.54488"
"2259505732","2064919154","1.54488"
"2064919154","55651281","0.142857"
"55651281","2064919154","0.142857"
"2090246296","2259505732","0.453968"
"2259505732","2090246296","0.453968"
"2112266618","2259505732","0.653114"
"2259505732","2112266618","0.653114"
"2112266618","55651281","0.142857"
"55651281","2112266618","0.142857"
"2124956025","2259505732","2.02821"
"2259505732","2124956025","2.02821"
"2259505732","55651281","0.142857"
"55651281","2259505732","0.142857"
"2021573081","2124956025","0.833333"
"2124956025","2021573081","0.833333"
"1967938009","2044119936","1.5"
"2044119936","1967938009","1.5"
"2044119936","2095066181","0.533333"
"2095066181","2044119936","0.533333"
"141538123","2333596901","0.333333"
"2333596901","141538123","0.333333"
"141538123","2785215785","0.333333"
"2785215785","141538123","0.333333"
"2012417801","2333596901","0.333333"
"2333596901","2012417801","0.333333"
"2012417801","2785215785","0.333333"
"2785215785","2012417801","0.333333"
"2333596901","2785215785","0.333333"
"2785215785","2333596901","0.333333"
"1988788350","2259505732","0.517832"
"2259505732","1988788350","0.517832"
"2005855683","2259505732","0.440909"
"2259505732","2005855683","0.440909"
"1988788350","2048385800","0.461111"
"2048385800","1988788350","0.461111"
"1988788350","2049284077","0.354701"
"2049284077","1988788350","0.354701"
"1988788350","2076063322","0.55202"
"2076063322","1988788350","0.55202"
"2009478889","2048385800","0.111111"
"2048385800","2009478889","0.111111"
"2009478889","2049284077","0.388034"
"2049284077","2009478889","0.388034"
"2012417801","2048385800","0.211111"
"2048385800","2012417801","0.211111"
"2012417801","2076063322","0.211111"
"2076063322","2012417801","0.211111"
"2048385800","2049284077","0.111111"
"2049284077","2048385800","0.111111"
"2048385800","2076063322","1.32778"
"2076063322","2048385800","1.32778"
"2048385800","2090246296","0.111111"
"2090246296","2048385800","0.111111"
"2048385800","2143847222","0.111111"
"2143847222","2048385800","0.111111"
"2049284077","2076063322","0.361111"
"2076063322","2049284077","0.361111"
"2049284077","2090246296","1.36508"
"2090246296","2049284077","1.36508"
"2050147921","2076063322","0.361111"
"2076063322","2050147921","0.361111"
"2076063322","2090246296","0.111111"
"2090246296","2076063322","0.111111"
"2049284077","2521377559","0.326923"
"2521377559","2049284077","0.326923"
"152116759","2021573081","0.583333"
"2021573081","152116759","0.583333"
"152116759","2027508576","0.333333"
"2027508576","152116759","0.333333"
"152116759","2521377559","1.25"
"2521377559","152116759","1.25"
"2021573081","2027508576","0.410256"
"2027508576","2021573081","0.410256"
"2027508576","2521377559","0.410256"
"2521377559","2027508576","0.410256"
"152116759","1589513245","0.666667"
"1589513245","152116759","0.666667"
"152116759","1967938009","0.166667"
"1967938009","152116759","0.166667"
"152116759","2062368414","0.166667"
"2062368414","152116759","0.166667"
"152116759","2571511779","0.166667"
"2571511779","152116759","0.166667"
"152116759","2763882982","0.166667"
"2763882982","152116759","0.166667"
"1589513245","1967938009","0.166667"
"1967938009","1589513245","0.166667"
"1589513245","2062368414","0.166667"
"2062368414","1589513245","0.166667"
"1589513245","2571511779","0.166667"
"2571511779","1589513245","0.166667"
"1589513245","2763882982","0.24359"
"2763882982","1589513245","0.24359"
"1967938009","2062368414","0.309524"
"2062368414","1967938009","0.309524"
"1967938009","2521377559","0.166667"
"2521377559","1967938009","0.166667"
"1967938009","2571511779","15.3429"
"2571511779","1967938009","15.3429"
"1967938009","2763882982","0.166667"
"2763882982","1967938009","0.166667"
"2062368414","2571511779","0.309524"
"2571511779","2062368414","0.309524"
"2062368414","2763882982","0.166667"
"2763882982","2062368414","0.166667"
"2521377559","2571511779","0.166667"
"2571511779","2521377559","0.166667"
"2521377559","2763882982","0.24359"
"2763882982","2521377559","0.24359"
"2571511779","2763882982","0.166667"
"2763882982","2571511779","0.166667"
"152116759","2143847222","0.25"
"2143847222","152116759","0.25"
"152116759","2593000752","0.25"
"2593000752","152116759","0.25"
"2021573081","2593000752","0.25"
"2593000752","2021573081","0.25"
"2143847222","2593000752","0.25"
"2593000752","2143847222","0.25"
"2521377559","2593000752","0.25"
"2593000752","2521377559","0.25"
"1536841592","1998226141","0.333333"
"1998226141","1536841592","0.333333"
"1536841592","2044119936","0.424242"
"2044119936","1536841592","0.424242"
"1536841592","2593000752","0.333333"
"2593000752","1536841592","0.333333"
"1998226141","2044119936","0.333333"
"2044119936","1998226141","0.333333"
"1998226141","2593000752","0.333333"
"2593000752","1998226141","0.333333"
"2044119936","2593000752","5.7"
"2593000752","2044119936","5.7"
"1988788350","2163438803","0.333766"
"2163438803","1988788350","0.333766"
"2005855683","2163438803","0.333766"
"2163438803","2005855683","0.333766"
"2012417801","2163438803","1.74286"
"2163438803","2012417801","1.74286"
"2112266618","2163438803","0.57619"
"2163438803","2112266618","0.57619"
"2124956025","2163438803","0.6671"
"2163438803","2124956025","0.6671"
"1536841592","1589513245","1.07692"
"1589513245","1536841592","1.07692"
"1536841592","181439860","0.0909091"
"181439860","1536841592","0.0909091"
"1536841592","2064919154","0.0909091"
"2064919154","1536841592","0.0909091"
"1536841592","2259505732","0.167832"
"2259505732","1536841592","0.167832"
"181439860","1988788350","0.0909091"
"1988788350","181439860","0.0909091"
"181439860","2005855683","0.0909091"
"2005855683","181439860","0.0909091"
"181439860","2044119936","0.0909091"
"2044119936","181439860","0.0909091"
"181439860","2076063322","0.0909091"
"2076063322","181439860","0.0909091"
"181439860","2128378963","0.0909091"
"2128378963","181439860","0.0909091"
"181439860","2137092817","0.0909091"
"2137092817","181439860","0.0909091"
"181439860","2163438803","0.0909091"
"2163438803","181439860","0.0909091"
"181439860","2259505732","0.40202"
"2259505732","181439860","0.40202"
"1988788350","2044119936","0.340909"
"2044119936","1988788350","0.340909"
"1988788350","2064919154","0.0909091"
"2064919154","1988788350","0.0909091"
"2005855683","2044119936","0.0909091"
"2044119936","2005855683","0.0909091"
"2005855683","2064919154","0.0909091"
"2064919154","2005855683","0.0909091"
"2005855683","2076063322","0.190909"
"2076063322","2005855683","0.190909"
"2044119936","2064919154","0.0909091"
"2064919154","2044119936","0.0909091"
"2044119936","2076063322","2.37424"
"2076063322","2044119936","2.37424"
"2044119936","2124956025","0.0909091"
"2124956025","2044119936","0.0909091"
"2044119936","2128378963","0.257576"
"2128378963","2044119936","0.257576"
"2044119936","2137092817","0.0909091"
"2137092817","2044119936","0.0909091"
"2044119936","2163438803","0.0909091"
"2163438803","2044119936","0.0909091"
"2044119936","2259505732","0.0909091"
"2259505732","2044119936","0.0909091"
"2064919154","2076063322","0.0909091"
"2076063322","2064919154","0.0909091"
"2064919154","2137092817","0.0909091"
"2137092817","2064919154","0.0909091"
"2064919154","2163438803","0.0909091"
"2163438803","2064919154","0.0909091"
"2076063322","2124956025","0.440909"
"2124956025","2076063322","0.440909"
"2076063322","2128378963","0.507576"
"2128378963","2076063322","0.507576"
"2076063322","2259505732","0.190909"
"2259505732","2076063322","0.190909"
"2128378963","2163438803","0.0909091"
"2163438803","2128378963","0.0909091"
"2128378963","2259505732","1.25117"
"2259505732","2128378963","1.25117"
"2137092817","2259505732","0.190909"
"2259505732","2137092817","0.190909"
"2163438803","2259505732","0.190909"
"2259505732","2163438803","0.190909"
"2021573081","2112266618","0.410256"
"2112266618","2021573081","0.410256"
"1536841592","183028079","0.333333"
"183028079","1536841592","0.333333"
"1536841592","2027508576","0.0769231"
"2027508576","1536841592","0.0769231"
"1536841592","2049284077","0.0769231"
"2049284077","1536841592","0.0769231"
"1536841592","2763882982","0.0769231"
"2763882982","1536841592","0.0769231"
"1589513245","1988788350","0.326923"
"1988788350","1589513245","0.326923"
"1589513245","2009478889","0.326923"
"2009478889","1589513245","0.326923"
"1589513245","2012417801","0.826923"
"2012417801","1589513245","0.826923"
"1589513245","2021573081","0.0769231"
"2021573081","1589513245","0.0769231"
"1589513245","2027508576","0.0769231"
"2027508576","1589513245","0.0769231"
"1589513245","2049284077","0.0769231"
"2049284077","1589513245","0.0769231"
"1589513245","2112266618","0.0769231"
"2112266618","1589513245","0.0769231"
"1589513245","2128378963","0.0769231"
"2128378963","1589513245","0.0769231"
"1589513245","2143847222","1.07692"
"2143847222","1589513245","1.07692"
"1589513245","2259505732","0.0769231"
"2259505732","1589513245","0.0769231"
"1988788350","2027508576","0.576923"
"2027508576","1988788350","0.576923"
"1988788350","2763882982","0.0769231"
"2763882982","1988788350","0.0769231"
"2009478889","2027508576","0.0769231"
"2027508576","2009478889","0.0769231"
"2009478889","2128378963","0.0769231"
"2128378963","2009478889","0.0769231"
"2009478889","2259505732","0.276923"
"2259505732","2009478889","0.276923"
"2009478889","2763882982","0.0769231"
"2763882982","2009478889","0.0769231"
"2012417801","2027508576","0.0769231"
"2027508576","2012417801","0.0769231"
"2012417801","2763882982","0.0769231"
"2763882982","2012417801","0.0769231"
"2021573081","2049284077","0.0769231"
"2049284077","2021573081","0.0769231"
"2021573081","2128378963","0.576923"
"2128378963","2021573081","0.576923"
"2021573081","2259505732","0.576923"
"2259505732","2021573081","0.576923"
"2021573081","2763882982","0.410256"
"2763882982","2021573081","0.410256"
"2027508576","2049284077","0.0769231"
"2049284077","2027508576","0.0769231"
"2027508576","2112266618","0.0769231"
"2112266618","2027508576","0.0769231"
"2027508576","2128378963","0.0769231"
"2128378963","2027508576","0.0769231"
"2027508576","2143847222","0.0769231"
"2143847222","2027508576","0.0769231"
"2027508576","2259505732","0.0769231"
"2259505732","2027508576","0.0769231"
"2027508576","2763882982","0.0769231"
"2763882982","2027508576","0.0769231"
"2049284077","2112266618","0.0769231"
"2112266618","2049284077","0.0769231"
"2049284077","2259505732","1.18803"
"2259505732","2049284077","1.18803"
"2049284077","2763882982","0.0769231"
"2763882982","2049284077","0.0769231"
"2112266618","2128378963","1.82692"
"2128378963","2112266618","1.82692"
"2112266618","2763882982","0.0769231"
"2763882982","2112266618","0.0769231"
"2128378963","2763882982","0.0769231"
"2763882982","2128378963","0.0769231"
"2143847222","2259505732","0.326923"
"2259505732","2143847222","0.326923"
"2143847222","2763882982","0.0769231"
"2763882982","2143847222","0.0769231"
"2259505732","2521377559","0.576923"
"2521377559","2259505732","0.576923"
"2259505732","2763882982","0.0769231"
"2763882982","2259505732","0.0769231"
"1544815090","1967938009","0.5"
"1967938009","1544815090","0.5"
"1544815090","2571511779","0.5"
"2571511779","1544815090","0.5"
"1589513245","2137092817","0.75"
"2137092817","1589513245","0.75"
"1589513245","2090246296","0.833333"
"2090246296","1589513245","0.833333"
"1589513245","55651281","0.833333"
"55651281","1589513245","0.833333"
"1589513245","2785215785","0.333333"
"2785215785","1589513245","0.333333"
"2090246296","2785215785","0.47619"
"2785215785","2090246296","0.47619"
"2785215785","55651281","0.333333"
"55651281","2785215785","0.333333"
"1589513245","2059298849","0.333333"
"2059298849","1589513245","0.333333"
"1589513245","2076063322","0.333333"
"2076063322","1589513245","0.333333"
"1589513245","2098275999","0.333333"
"2098275999","1589513245","0.333333"
"2059298849","2076063322","0.333333"
"2076063322","2059298849","0.333333"
"2059298849","2098275999","0.333333"
"2098275999","2059298849","0.333333"
"2076063322","2098275999","0.333333"
"2098275999","2076063322","0.333333"
"181439860","2050147921","0.611111"
"2050147921","181439860","0.611111"
"181439860","2090246296","0.311111"
"2090246296","181439860","0.311111"
"2058869720","2090246296","0.311111"
"2090246296","2058869720","0.311111"
"2058869720","2259505732","0.311111"
"2259505732","2058869720","0.311111"
"181439860","2049284077","0.111111"
"2049284077","181439860","0.111111"
"181439860","2095066181","0.111111"
"2095066181","181439860","0.111111"
"181439860","2333596901","0.111111"
"2333596901","181439860","0.111111"
"2049284077","2058869720","0.111111"
"2058869720","2049284077","0.111111"
"2049284077","2333596901","0.111111"
"2333596901","2049284077","0.111111"
"2050147921","2058869720","0.111111"
"2058869720","2050147921","0.111111"
"2050147921","2259505732","1.69444"
"2259505732","2050147921","1.69444"
"2050147921","2333596901","0.111111"
"2333596901","2050147921","0.111111"
"2058869720","2095066181","0.111111"
"2095066181","2058869720","0.111111"
"2058869720","2333596901","0.111111"
"2333596901","2058869720","0.111111"
"2064919154","2333596901","0.111111"
"2333596901","2064919154","0.111111"
"2090246296","2095066181","0.111111"
"2095066181","2090246296","0.111111"
"2090246296","2333596901","0.111111"
"2333596901","2090246296","0.111111"
"2095066181","2259505732","0.111111"
"2259505732","2095066181","0.111111"
"2095066181","2333596901","0.111111"
"2333596901","2095066181","0.111111"
"2124956025","2333596901","0.111111"
"2333596901","2124956025","0.111111"
"2259505732","2333596901","0.111111"
"2333596901","2259505732","0.111111"
"183028079","2112266618","0.433333"
"2112266618","183028079","0.433333"
"183028079","2163438803","0.433333"
"2163438803","183028079","0.433333"
"183028079","2048385800","0.1"
"2048385800","183028079","0.1"
"183028079","2076063322","0.1"
"2076063322","183028079","0.1"
"183028079","2259505732","0.1"
"2259505732","183028079","0.1"
"2005855683","2048385800","0.1"
"2048385800","2005855683","0.1"
"2048385800","2112266618","0.35"
"2112266618","2048385800","0.35"
"2048385800","2124956025","0.1"
"2124956025","2048385800","0.1"
"2048385800","2137092817","0.1"
"2137092817","2048385800","0.1"
"2048385800","2163438803","0.1"
"2163438803","2048385800","0.1"
"2048385800","2259505732","0.1"
"2259505732","2048385800","0.1"
"2076063322","2112266618","0.35"
"2112266618","2076063322","0.35"
"1967938009","2090246296","0.309524"
"2090246296","1967938009","0.309524"
"1967938009","2785215785","1.47619"
"2785215785","1967938009","1.47619"
"2049284077","2062368414","0.72619"
"2062368414","2049284077","0.72619"
"2049284077","2571511779","0.842857"
"2571511779","2049284077","0.842857"
"2049284077","2785215785","0.72619"
"2785215785","2049284077","0.72619"
"2050147921","2062368414","1.14286"
"2062368414","2050147921","1.14286"
"2050147921","2571511779","1.39286"
"2571511779","2050147921","1.39286"
"2050147921","2785215785","0.142857"
"2785215785","2050147921","0.142857"
"2062368414","2090246296","0.142857"
"2090246296","2062368414","0.142857"
"2062368414","2785215785","2.47619"
"2785215785","2062368414","2.47619"
"2090246296","2571511779","0.309524"
"2571511779","2090246296","0.309524"
"2143847222","2571511779","1.14286"
"2571511779","2143847222","1.14286"
"2143847222","2785215785","0.392857"
"2785215785","2143847222","0.392857"
"2571511779","2785215785","2.09286"
"2785215785","2571511779","2.09286"
"2044119936","2571511779","1.36667"
"2571511779","2044119936","1.36667"
"1967938009","2176363862","0.333333"
"2176363862","1967938009","0.333333"
"2088817655","2176363862","10.7"
"2176363862","2088817655","10.7"
"2088817655","2785215785","0.333333"
"2785215785","2088817655","0.333333"
"2176363862","2785215785","0.333333"
"2785215785","2176363862","0.333333"
"1967938009","2035592712","1.86667"
"2035592712","1967938009","1.86667"
"1967938009","2333596901","0.833333"
"2333596901","1967938009","0.833333"
"2035592712","2333596901","0.333333"
"2333596901","2035592712","0.333333"
"2035592712","2571511779","0.866667"
"2571511779","2035592712","0.866667"
"2333596901","2571511779","1.83333"
"2571511779","2333596901","1.83333"
"1967938009","2048385800","0.5"
"2048385800","1967938009","0.5"
"2048385800","2571511779","0.5"
"2571511779","2048385800","0.5"
"2035592712","2044119936","0.333333"
"2044119936","2035592712","0.333333"
"1967938009","1988788350","0.166667"
"1988788350","1967938009","0.166667"
"1988788350","2571511779","0.166667"
"2571511779","1988788350","0.166667"
"2012417801","2571511779","0.166667"
"2571511779","2012417801","0.166667"
"2088817655","2571511779","0.5"
"2571511779","2088817655","0.5"
"1967938009","2593000752","0.333333"
"2593000752","1967938009","0.333333"
"2571511779","2593000752","0.333333"
"2593000752","2571511779","0.333333"
"1967938009","2009478889","0.2"
"2009478889","1967938009","0.2"
"1967938009","2098275999","0.2"
"2098275999","1967938009","0.2"
"2009478889","2035592712","0.2"
"2035592712","2009478889","0.2"
"2009478889","2098275999","0.2"
"2098275999","2009478889","0.2"
"2009478889","2571511779","0.2"
"2571511779","2009478889","0.2"
"2035592712","2049284077","0.2"
"2049284077","2035592712","0.2"
"2035592712","2098275999","0.2"
"2098275999","2035592712","0.2"
"2049284077","2098275999","0.2"
"2098275999","2049284077","0.2"
"2098275999","2571511779","0.2"
"2571511779","2098275999","0.2"
"1967938009","2187664890","0.5"
"2187664890","1967938009","0.5"
"2187664890","2571511779","0.5"
"2571511779","2187664890","0.5"
"1967938009","2295017819","0.333333"
"2295017819","1967938009","0.333333"
"2095066181","2295017819","0.333333"
"2295017819","2095066181","0.333333"
"2095066181","2571511779","0.533333"
"2571511779","2095066181","0.533333"
"2295017819","2571511779","0.333333"
"2571511779","2295017819","0.333333"
"1967938009","2173343771","1"
"2173343771","1967938009","1"
"1975587882","2044119936","0.666667"
"2044119936","1975587882","0.666667"
"1975587882","2046147907","0.666667"
"2046147907","1975587882","0.666667"
"2044119936","2046147907","2"
"2046147907","2044119936","2"
"1975587882","2048385800","0.166667"
"2048385800","1975587882","0.166667"
"1975587882","2062368414","0.166667"
"2062368414","1975587882","0.166667"
"1975587882","2076063322","0.166667"
"2076063322","1975587882","0.166667"
"1975587882","2128378963","0.166667"
"2128378963","1975587882","0.166667"
"2044119936","2062368414","0.866667"
"2062368414","2044119936","0.866667"
"2046147907","2048385800","0.666667"
"2048385800","2046147907","0.666667"
"2046147907","2062368414","0.166667"
"2062368414","2046147907","0.166667"
"2046147907","2076063322","1.5"
"2076063322","2046147907","1.5"
"2046147907","2128378963","0.166667"
"2128378963","2046147907","0.166667"
"2048385800","2062368414","0.366667"
"2062368414","2048385800","0.366667"
"2048385800","2128378963","0.166667"
"2128378963","2048385800","0.166667"
"2062368414","2128378963","0.5"
"2128378963","2062368414","0.5"
"1975587882","2049284077","0.333333"
"2049284077","1975587882","0.333333"
"1975587882","2050147921","0.333333"
"2050147921","1975587882","0.333333"
"1975587882","2143847222","0.333333"
"2143847222","1975587882","0.333333"
"1981665387","2009478889","1"
"2009478889","1981665387","1"
"2005855683","2027508576","0.5"
"2027508576","2005855683","0.5"
"2044119936","2112266618","0.25"
"2112266618","2044119936","0.25"
"1997864675","2259505732","0.5"
"2259505732","1997864675","0.5"
"1997864675","2521377559","0.5"
"2521377559","1997864675","0.5"
"1997864675","2044119936","0.333333"
"2044119936","1997864675","0.333333"
"1997864675","2046147907","0.333333"
"2046147907","1997864675","0.333333"
"1997864675","2076063322","0.333333"
"2076063322","1997864675","0.333333"
"1997864675","2173343771","1"
"2173343771","1997864675","1"
"1998226141","2785215785","2"
"2785215785","1998226141","2"
"1998226141","2049284077","1.5"
"2049284077","1998226141","1.5"
"1998226141","2128378963","0.5"
"2128378963","1998226141","0.5"
"1998226141","2137092817","1"
"2137092817","1998226141","1"
"2005855683","2049284077","0.333333"
"2049284077","2005855683","0.333333"
"2062368414","2112266618","0.5"
"2112266618","2062368414","0.5"
"2013264912","2098275999","1"
"2098275999","2013264912","1"
"2021573081","2785215785","0.333333"
"2785215785","2021573081","0.333333"
"2076063322","2763882982","0.333333"
