"134163809","1606475303","1"
"1606475303","134163809","1"
"134163809","2147531240","1.61026"
"2147531240","134163809","1.61026"
"1606475303","2147531240","2.11111"
"2147531240","1606475303","2.11111"
"134163809","1576039448","0.910256"
"1576039448","134163809","0.910256"
"134163809","1582774066","0.0769231"
"1582774066","134163809","0.0769231"
"134163809","1652772170","0.0769231"
"1652772170","134163809","0.0769231"
"134163809","1725878278","0.276923"
"1725878278","134163809","0.276923"
"134163809","1988735322","0.276923"
"1988735322","134163809","0.276923"
"134163809","208081251","0.0769231"
"208081251","134163809","0.0769231"
"134163809","2080904848","0.0769231"
"2080904848","134163809","0.0769231"
"134163809","2101652240","0.0769231"
"2101652240","134163809","0.0769231"
"134163809","2142376272","0.910256"
"2142376272","134163809","0.910256"
"134163809","2147420820","0.0769231"
"2147420820","134163809","0.0769231"
"134163809","21531176","0.276923"
"21531176","134163809","0.276923"
"134163809","2171041887","0.0769231"
"2171041887","134163809","0.0769231"
"1576039448","1582774066","0.576923"
"1582774066","1576039448","0.576923"
"1576039448","1652772170","0.0769231"
"1652772170","1576039448","0.0769231"
"1576039448","1725878278","1.86026"
"1725878278","1576039448","1.86026"
"1576039448","1988735322","0.0769231"
"1988735322","1576039448","0.0769231"
"1576039448","208081251","0.526923"
"208081251","1576039448","0.526923"
"1576039448","2080904848","0.0769231"
"2080904848","1576039448","0.0769231"
"1576039448","2101652240","0.0769231"
"2101652240","1576039448","0.0769231"
"1576039448","2142376272","10.3603"
"2142376272","1576039448","10.3603"
"1576039448","2147420820","0.0769231"
"2147420820","1576039448","0.0769231"
"1576039448","2147531240","1.27692"
"2147531240","1576039448","1.27692"
"1576039448","21531176","0.0769231"
"21531176","1576039448","0.0769231"
"1576039448","2171041887","0.0769231"
"2171041887","1576039448","0.0769231"
"1582774066","1652772170","1.41026"
"1652772170","1582774066","1.41026"
"1582774066","1725878278","0.410256"
"1725878278","1582774066","0.410256"
"1582774066","1988735322","0.0769231"
"1988735322","1582774066","0.0769231"
"1582774066","208081251","0.0769231"
"208081251","1582774066","0.0769231"
"1582774066","2080904848","0.0769231"
"2080904848","1582774066","0.0769231"
"1582774066","2101652240","0.410256"
"2101652240","1582774066","0.410256"
"1582774066","2142376272","0.576923"
"2142376272","1582774066","0.576923"
"1582774066","2147420820","0.0769231"
"2147420820","1582774066","0.0769231"
"1582774066","2147531240","0.354701"
"2147531240","1582774066","0.354701"
"1582774066","21531176","0.188034"
"21531176","1582774066","0.188034"
"1582774066","2171041887","0.0769231"
"2171041887","1582774066","0.0769231"
"1652772170","1725878278","0.0769231"
"1725878278","1652772170","0.0769231"
"1652772170","1988735322","0.0769231"
"1988735322","1652772170","0.0769231"
"1652772170","208081251","0.0769231"
"208081251","1652772170","0.0769231"
"1652772170","2080904848","0.0769231"
"2080904848","1652772170","0.0769231"
"1652772170","2101652240","3.91026"
"2101652240","1652772170","3.91026"
"1652772170","2142376272","0.0769231"
"2142376272","1652772170","0.0769231"
"1652772170","2147420820","0.0769231"
"2147420820","1652772170","0.0769231"
"1652772170","2147531240","0.0769231"
"2147531240","1652772170","0.0769231"
"1652772170","21531176","0.0769231"
"21531176","1652772170","0.0769231"
"1652772170","2171041887","0.0769231"
"2171041887","1652772170","0.0769231"
"1725878278","1988735322","0.276923"
"1988735322","1725878278","0.276923"
"1725878278","208081251","3.02692"
"208081251","1725878278","3.02692"
"1725878278","2080904848","0.576923"
"2080904848","1725878278","0.576923"
"1725878278","2101652240","0.0769231"
"2101652240","1725878278","0.0769231"
"1725878278","2142376272","2.36026"
"2142376272","1725878278","2.36026"
"1725878278","2147420820","0.0769231"
"2147420820","1725878278","0.0769231"
"1725878278","2147531240","2.97692"
"2147531240","1725878278","2.97692"
"1725878278","21531176","0.276923"
"21531176","1725878278","0.276923"
"1725878278","2171041887","0.0769231"
"2171041887","1725878278","0.0769231"
"1988735322","208081251","0.0769231"
"208081251","1988735322","0.0769231"
"1988735322","2080904848","0.0769231"
"2080904848","1988735322","0.0769231"
"1988735322","2101652240","0.0769231"
"2101652240","1988735322","0.0769231"
"1988735322","2142376272","0.0769231"
"2142376272","1988735322","0.0769231"
"1988735322","2147420820","0.0769231"
"2147420820","1988735322","0.0769231"
"1988735322","2147531240","1.27692"
"2147531240","1988735322","1.27692"
"1988735322","21531176","0.276923"
"21531176","1988735322","0.276923"
"1988735322","2171041887","0.0769231"
"2171041887","1988735322","0.0769231"
"208081251","2080904848","0.910256"
"2080904848","208081251","0.910256"
"208081251","2101652240","0.0769231"
"2101652240","208081251","0.0769231"
"208081251","2142376272","0.526923"
"2142376272","208081251","0.526923"
"208081251","2147420820","0.0769231"
"2147420820","208081251","0.0769231"
"208081251","2147531240","0.610256"
"2147531240","208081251","0.610256"
"208081251","21531176","0.0769231"
"21531176","208081251","0.0769231"
"208081251","2171041887","0.0769231"
"2171041887","208081251","0.0769231"
"2080904848","2101652240","0.0769231"
"2101652240","2080904848","0.0769231"
"2080904848","2142376272","0.0769231"
"2142376272","2080904848","0.0769231"
"2080904848","2147420820","0.0769231"
"2147420820","2080904848","0.0769231"
"2080904848","2147531240","0.410256"
"2147531240","2080904848","0.410256"
"2080904848","21531176","0.0769231"
"21531176","2080904848","0.0769231"
"2080904848","2171041887","0.0769231"
"2171041887","2080904848","0.0769231"
"2101652240","2142376272","0.0769231"
"2142376272","2101652240","0.0769231"
"2101652240","2147420820","0.0769231"
"2147420820","2101652240","0.0769231"
"2101652240","2147531240","0.0769231"
"2147531240","2101652240","0.0769231"
"2101652240","21531176","0.0769231"
"21531176","2101652240","0.0769231"
"2101652240","2171041887","0.0769231"
"2171041887","2101652240","0.0769231"
"2142376272","2147420820","0.0769231"
"2147420820","2142376272","0.0769231"
"2142376272","2147531240","1.77692"
"2147531240","2142376272","1.77692"
"2142376272","21531176","1.07692"
"21531176","2142376272","1.07692"
"2142376272","2171041887","0.0769231"
"2171041887","2142376272","0.0769231"
"2147420820","2147531240","0.576923"
"2147531240","2147420820","0.576923"
"2147420820","21531176","0.0769231"
"21531176","2147420820","0.0769231"
"2147420820","2171041887","0.0769231"
"2171041887","2147420820","0.0769231"
"2147531240","21531176","1.72137"
"21531176","2147531240","1.72137"
"2147531240","2171041887","0.0769231"
"2171041887","2147531240","0.0769231"
"21531176","2171041887","0.0769231"
"2171041887","21531176","0.0769231"
"134163809","233939288","0.2"
"233939288","134163809","0.2"
"1725878278","233939288","0.2"
"233939288","1725878278","0.2"
"1988735322","233939288","1.7"
"233939288","1988735322","1.7"
"2147531240","233939288","1.03333"
"233939288","2147531240","1.03333"
"21531176","233939288","0.533333"
"233939288","21531176","0.533333"
"1457243541","2103417265","0.166667"
"2103417265","1457243541","0.166667"
"1457243541","2108016856","0.166667"
"2108016856","1457243541","0.166667"
"1457243541","2296276122","0.166667"
"2296276122","1457243541","0.166667"
"1457243541","2296682473","0.166667"
"2296682473","1457243541","0.166667"
"1457243541","2405155237","0.166667"
"2405155237","1457243541","0.166667"
"1457243541","69372227","0.166667"
"69372227","1457243541","0.166667"
"2103417265","2108016856","0.166667"
"2108016856","2103417265","0.166667"
"2103417265","2296276122","0.166667"
"2296276122","2103417265","0.166667"
"2103417265","2296682473","0.166667"
"2296682473","2103417265","0.166667"
"2103417265","2405155237","0.166667"
"2405155237","2103417265","0.166667"
"2103417265","69372227","0.166667"
"69372227","2103417265","0.166667"
"2108016856","2296276122","0.166667"
"2296276122","2108016856","0.166667"
"2108016856","2296682473","0.666667"
"2296682473","2108016856","0.666667"
"2108016856","2405155237","0.166667"
"2405155237","2108016856","0.166667"
"2108016856","69372227","0.166667"
"69372227","2108016856","0.166667"
"2296276122","2296682473","0.166667"
"2296682473","2296276122","0.166667"
"2296276122","2405155237","1"
"2405155237","2296276122","1"
"2296276122","69372227","2.66667"
"69372227","2296276122","2.66667"
"2296682473","2405155237","0.666667"
"2405155237","2296682473","0.666667"
"2296682473","69372227","0.5"
"69372227","2296682473","0.5"
"2405155237","69372227","0.166667"
"69372227","2405155237","0.166667"
"1532282645","16008083","0.333333"
"16008083","1532282645","0.333333"
"1532282645","2101512671","0.333333"
"2101512671","1532282645","0.333333"
"1532282645","2117078800","0.333333"
"2117078800","1532282645","0.333333"
"16008083","2101512671","0.833333"
"2101512671","16008083","0.833333"
"16008083","2117078800","0.333333"
"2117078800","16008083","0.333333"
"2101512671","2117078800","0.833333"
"2117078800","2101512671","0.833333"
"1532361078","1576039448","0.5"
"1576039448","1532361078","0.5"
"1532361078","2142376272","0.5"
"2142376272","1532361078","0.5"
"1532361078","2158304692","1.5"
"2158304692","1532361078","1.5"
"1532361078","1826160355","0.5"
"1826160355","1532361078","0.5"
"1826160355","2158304692","0.5"
"2158304692","1826160355","0.5"
"1568660514","2120077540","5.27778"
"2120077540","1568660514","5.27778"
"1568660514","199390120","1.66667"
"199390120","1568660514","1.66667"
"1568660514","84730285","1.66667"
"84730285","1568660514","1.66667"
"199390120","2120077540","3.66667"
"2120077540","199390120","3.66667"
"199390120","84730285","3.30952"
"84730285","199390120","3.30952"
"2120077540","84730285","7.5"
"84730285","2120077540","7.5"
"1568660514","2147531240","0.444444"
"2147531240","1568660514","0.444444"
"1568660514","2169807677","0.333333"
"2169807677","1568660514","0.333333"
"1568660514","2758979457","0.333333"
"2758979457","1568660514","0.333333"
"2147531240","2169807677","0.333333"
"2169807677","2147531240","0.333333"
"2147531240","2758979457","0.333333"
"2758979457","2147531240","0.333333"
"2169807677","2758979457","0.333333"
"2758979457","2169807677","0.333333"
"1568660514","1582774066","0.111111"
"1582774066","1568660514","0.111111"
"1568660514","1606475303","0.111111"
"1606475303","1568660514","0.111111"
"1568660514","201754852","0.111111"
"201754852","1568660514","0.111111"
"1568660514","2031879837","0.111111"
"2031879837","1568660514","0.111111"
"1568660514","2120273094","0.111111"
"2120273094","1568660514","0.111111"
"1568660514","21531176","0.111111"
"21531176","1568660514","0.111111"
"1568660514","2967350722","0.111111"
"2967350722","1568660514","0.111111"
"1582774066","1606475303","0.444444"
"1606475303","1582774066","0.444444"
"1582774066","201754852","0.111111"
"201754852","1582774066","0.111111"
"1582774066","2031879837","0.611111"
"2031879837","1582774066","0.611111"
"1582774066","2120077540","0.111111"
"2120077540","1582774066","0.111111"
"1582774066","2120273094","0.611111"
"2120273094","1582774066","0.611111"
"1582774066","2967350722","0.444444"
"2967350722","1582774066","0.444444"
"1606475303","201754852","0.111111"
"201754852","1606475303","0.111111"
"1606475303","2031879837","0.587302"
"2031879837","1606475303","0.587302"
"1606475303","2120077540","0.111111"
"2120077540","1606475303","0.111111"
"1606475303","2120273094","0.587302"
"2120273094","1606475303","0.587302"
"1606475303","21531176","0.111111"
"21531176","1606475303","0.111111"
"1606475303","2967350722","0.111111"
"2967350722","1606475303","0.111111"
"201754852","2031879837","0.111111"
"2031879837","201754852","0.111111"
"201754852","2120077540","0.111111"
"2120077540","201754852","0.111111"
"201754852","2120273094","0.111111"
"2120273094","201754852","0.111111"
"201754852","2147531240","0.111111"
"2147531240","201754852","0.111111"
"201754852","21531176","0.111111"
"21531176","201754852","0.111111"
"201754852","2967350722","0.111111"
"2967350722","201754852","0.111111"
"2031879837","2120077540","0.111111"
"2120077540","2031879837","0.111111"
"2031879837","2120273094","13.1706"
"2120273094","2031879837","13.1706"
"2031879837","2147531240","0.277778"
"2147531240","2031879837","0.277778"
"2031879837","21531176","0.111111"
"21531176","2031879837","0.111111"
"2031879837","2967350722","0.111111"
"2967350722","2031879837","0.111111"
"2120077540","2120273094","0.111111"
"2120273094","2120077540","0.111111"
"2120077540","2147531240","1.44444"
"2147531240","2120077540","1.44444"
"2120077540","21531176","0.111111"
"21531176","2120077540","0.111111"
"2120077540","2967350722","0.111111"
"2967350722","2120077540","0.111111"
"2120273094","2147531240","0.277778"
"2147531240","2120273094","0.277778"
"2120273094","21531176","0.111111"
"21531176","2120273094","0.111111"
"2120273094","2967350722","0.111111"
"2967350722","2120273094","0.111111"
"2147531240","2967350722","1.11111"
"2967350722","2147531240","1.11111"
"21531176","2967350722","0.111111"
"2967350722","21531176","0.111111"
"1568660514","2131729843","0.5"
"2131729843","1568660514","0.5"
"2120077540","2131729843","1.66667"
"2131729843","2120077540","1.66667"
"1576039448","2103124244","0.95"
"2103124244","1576039448","0.95"
"1725878278","2103124244","0.45"
"2103124244","1725878278","0.45"
"208081251","2103124244","0.783333"
"2103124244","208081251","0.783333"
"2103124244","2142376272","1.95"
"2142376272","2103124244","1.95"
"1576039448","2031879837","0.166667"
"2031879837","1576039448","0.166667"
"1576039448","2120273094","0.166667"
"2120273094","1576039448","0.166667"
"1576039448","233939288","0.166667"
"233939288","1576039448","0.166667"
"1582774066","233939288","0.166667"
"233939288","1582774066","0.166667"
"2031879837","2142376272","0.166667"
"2142376272","2031879837","0.166667"
"2031879837","233939288","1.16667"
"233939288","2031879837","1.16667"
"2120273094","2142376272","0.166667"
"2142376272","2120273094","0.166667"
"2120273094","233939288","0.166667"
"233939288","2120273094","0.166667"
"2142376272","233939288","0.166667"
"233939288","2142376272","0.166667"
"2103124244","2147531240","1.7"
"2147531240","2103124244","1.7"
"1582774066","199390120","1.5"
"199390120","1582774066","1.5"
"1582774066","84730285","0.5"
"84730285","1582774066","0.5"
"1652772170","2967350722","0.333333"
"2967350722","1652772170","0.333333"
"2101652240","2967350722","0.333333"
"2967350722","2101652240","0.333333"
"16008083","2105092193","3"
"2105092193","16008083","3"
"16008083","2116412398","0.5"
"2116412398","16008083","0.5"
"2101512671","2116412398","3.33333"
"2116412398","2101512671","3.33333"
"16008083","1988735322","1"
"1988735322","16008083","1"
"1606475303","1725878278","1"
"1725878278","1606475303","1"
"1606475303","199390120","0.142857"
"199390120","1606475303","0.142857"
"1606475303","2049177541","0.142857"
"2049177541","1606475303","0.142857"
"1606475303","2131729843","0.142857"
"2131729843","1606475303","0.142857"
"1606475303","2135072793","0.142857"
"2135072793","1606475303","0.142857"
"1606475303","84730285","0.47619"
"84730285","1606475303","0.47619"
"199390120","2031879837","0.142857"
"2031879837","199390120","0.142857"
"199390120","2049177541","0.142857"
"2049177541","199390120","0.142857"
"199390120","2120273094","0.142857"
"2120273094","199390120","0.142857"
"199390120","2131729843","0.142857"
"2131729843","199390120","0.142857"
"199390120","2135072793","0.142857"
"2135072793","199390120","0.142857"
"2031879837","2049177541","1.55952"
"2049177541","2031879837","1.55952"
"2031879837","2131729843","0.142857"
"2131729843","2031879837","0.142857"
"2031879837","2135072793","0.72619"
"2135072793","2031879837","0.72619"
"2031879837","84730285","0.142857"
"84730285","2031879837","0.142857"
"2049177541","2120273094","1.55952"
"2120273094","2049177541","1.55952"
"2049177541","2131729843","0.142857"
"2131729843","2049177541","0.142857"
"2049177541","2135072793","2.72619"
"2135072793","2049177541","2.72619"
"2049177541","84730285","0.142857"
"84730285","2049177541","0.142857"
"2120273094","2131729843","0.142857"
"2131729843","2120273094","0.142857"
"2120273094","2135072793","0.72619"
"2135072793","2120273094","0.72619"
"2120273094","84730285","0.142857"
"84730285","2120273094","0.142857"
"2131729843","2135072793","0.142857"
"2135072793","2131729843","0.142857"
"2131729843","84730285","4.47619"
"84730285","2131729843","4.47619"
"2135072793","84730285","0.142857"
"84730285","2135072793","0.142857"
"1606475303","208081251","0.333333"
"208081251","1606475303","0.333333"
"1606475303","2103124244","0.333333"
"2103124244","1606475303","0.333333"
"208081251","84730285","0.333333"
"84730285","208081251","0.333333"
"2103124244","84730285","0.333333"
"84730285","2103124244","0.333333"
"1652772170","84730285","1.5"
"84730285","1652772170","1.5"
"2101652240","84730285","0.5"
"84730285","2101652240","0.5"
"1652772170","2103124244","0.333333"
"2103124244","1652772170","0.333333"
"1652772170","2120077540","0.333333"
"2120077540","1652772170","0.333333"
"1652772170","2131729843","0.333333"
"2131729843","1652772170","0.333333"
"2103124244","2120077540","1.33333"
"2120077540","2103124244","1.33333"
"2103124244","2131729843","0.333333"
"2131729843","2103124244","0.333333"
"1725878278","2056431297","0.142857"
"2056431297","1725878278","0.142857"
"1725878278","2075964730","0.142857"
"2075964730","1725878278","0.142857"
"1725878278","2108016856","0.142857"
"2108016856","1725878278","0.142857"
"1725878278","2130658471","0.142857"
"2130658471","1725878278","0.142857"
"1725878278","2170800744","0.142857"
"2170800744","1725878278","0.142857"
"1725878278","2230632033","0.142857"
"2230632033","1725878278","0.142857"
"1725878278","2758979457","0.142857"
"2758979457","1725878278","0.142857"
"2056431297","2075964730","2.59286"
"2075964730","2056431297","2.59286"
"2056431297","2108016856","0.342857"
"2108016856","2056431297","0.342857"
"2056431297","2130658471","0.342857"
"2130658471","2056431297","0.342857"
"2056431297","2170800744","1.59286"
"2170800744","2056431297","1.59286"
"2056431297","2230632033","0.342857"
"2230632033","2056431297","0.342857"
"2056431297","2758979457","0.142857"
"2758979457","2056431297","0.142857"
"2075964730","2108016856","0.342857"
"2108016856","2075964730","0.342857"
"2075964730","2130658471","0.342857"
"2130658471","2075964730","0.342857"
"2075964730","2170800744","1.59286"
"2170800744","2075964730","1.59286"
"2075964730","2230632033","0.342857"
"2230632033","2075964730","0.342857"
"2075964730","2758979457","0.142857"
"2758979457","2075964730","0.142857"
"2108016856","2130658471","0.842857"
"2130658471","2108016856","0.842857"
"2108016856","2170800744","0.342857"
"2170800744","2108016856","0.342857"
"2108016856","2230632033","0.842857"
"2230632033","2108016856","0.842857"
"2108016856","2758979457","0.142857"
"2758979457","2108016856","0.142857"
"2130658471","2170800744","0.342857"
"2170800744","2130658471","0.342857"
"2130658471","2230632033","4.09286"
"2230632033","2130658471","4.09286"
"2130658471","2758979457","0.142857"
"2758979457","2130658471","0.142857"
"2170800744","2230632033","0.342857"
"2230632033","2170800744","0.342857"
"2170800744","2758979457","0.142857"
"2758979457","2170800744","0.142857"
"2230632033","2758979457","0.142857"
"2758979457","2230632033","0.142857"
"1966818161","1970101353","5"
"1970101353","1966818161","5"
"1967009117","2169807677","1.25"
"2169807677","1967009117","1.25"
"1967009117","2049177541","1"
"2049177541","1967009117","1"
"1967009117","2130658471","0.25"
"2130658471","1967009117","0.25"
"1967009117","2230632033","0.25"
"2230632033","1967009117","0.25"
"1967009117","2585828983","0.25"
"2585828983","1967009117","0.25"
"2130658471","2169807677","0.25"
"2169807677","2130658471","0.25"
"2130658471","2585828983","0.25"
"2585828983","2130658471","0.25"
"2169807677","2230632033","0.25"
"2230632033","2169807677","0.25"
"2169807677","2585828983","0.25"
"2585828983","2169807677","0.25"
"2230632033","2585828983","0.25"
"2585828983","2230632033","0.25"
"1970101353","233939288","1.5"
"233939288","1970101353","1.5"
"1970101353","2550543655","0.5"
"2550543655","1970101353","0.5"
"233939288","2550543655","0.833333"
"2550543655","233939288","0.833333"
"1988735322","2726288353","0.5"
"2726288353","1988735322","0.5"
"233939288","2726288353","2.5"
"2726288353","233939288","2.5"
"201754852","2154111083","0.333333"
"2154111083","201754852","0.333333"
"201754852","2204382272","0.333333"
"2204382272","201754852","0.333333"
"201754852","233939288","0.333333"
"233939288","201754852","0.333333"
"2154111083","2204382272","0.333333"
"2204382272","2154111083","0.333333"
"2154111083","233939288","0.333333"
"233939288","2154111083","0.333333"
"2204382272","233939288","0.333333"
"233939288","2204382272","0.333333"
"2023639175","2056431297","0.25"
"2056431297","2023639175","0.25"
"2023639175","2075964730","0.25"
"2075964730","2023639175","0.25"
"2023639175","2170800744","0.25"
"2170800744","2023639175","0.25"
"2023639175","233939288","0.25"
"233939288","2023639175","0.25"
"2056431297","233939288","0.25"
"233939288","2056431297","0.25"
"2075964730","233939288","0.25"
"233939288","2075964730","0.25"
"2170800744","233939288","0.25"
"233939288","2170800744","0.25"
"2031879837","2152668594","1.58333"
"2152668594","2031879837","1.58333"
"2049177541","2152668594","1.58333"
"2152668594","2049177541","1.58333"
"2120273094","2152668594","0.583333"
"2152668594","2120273094","0.583333"
"2135072793","2152668594","0.25"
"2152668594","2135072793","0.25"
"2047003934","2550543655","3.5"
"2550543655","2047003934","3.5"
"2047003934","2080503394","3"
"2080503394","2047003934","3"
"2047003934","2296682473","0.5"
"2296682473","2047003934","0.5"
"2296682473","2550543655","4.5"
"2550543655","2296682473","4.5"
"2047003934","2296276122","0.333333"
"2296276122","2047003934","0.333333"
"2047003934","233939288","0.333333"
"233939288","2047003934","0.333333"
"2047003934","2405155237","1.33333"
"2405155237","2047003934","1.33333"
"2296276122","233939288","0.333333"
"233939288","2296276122","0.333333"
"233939288","2405155237","0.833333"
"2405155237","233939288","0.833333"
"2060332717","2152965853","0.5"
"2152965853","2060332717","0.5"
"2060332717","2204382272","0.5"
"2204382272","2060332717","0.5"
"2152965853","2204382272","0.5"
"2204382272","2152965853","0.5"
"2072950241","2897353883","1"
"2897353883","2072950241","1"
"2080503394","2296682473","0.666667"
"2296682473","2080503394","0.666667"
"2080503394","233939288","0.666667"
"233939288","2080503394","0.666667"
"2080503394","2550543655","0.333333"
"2550543655","2080503394","0.333333"
"2296682473","233939288","0.666667"
"233939288","2296682473","0.666667"
"2080503394","2296276122","4"
"2296276122","2080503394","4"
"2080503394","69372227","0.833333"
"69372227","2080503394","0.833333"
"233939288","69372227","0.333333"
"69372227","233939288","0.333333"
"2080503394","2405155237","0.5"
"2405155237","2080503394","0.5"
"208081251","233939288","0.333333"
"233939288","208081251","0.333333"
"2080904848","233939288","0.333333"
"233939288","2080904848","0.333333"
"208081251","2585828983","1"
"2585828983","208081251","1"
"2101512671","2105092193","1"
"2105092193","2101512671","1"
"2101512671","2151685857","2"
"2151685857","2101512671","2"
"2105092193","2151685857","1.66667"
"2151685857","2105092193","1.66667"
"2101512671","2296682473","0.166667"
"2296682473","2101512671","0.166667"
"2101512671","2550543655","0.166667"
"2550543655","2101512671","0.166667"
"2105092193","2116412398","0.5"
"2116412398","2105092193","0.5"
"2105092193","2117078800","0.5"
"2117078800","2105092193","0.5"
"2105092193","2296682473","1.66667"
"2296682473","2105092193","1.66667"
"2105092193","2550543655","0.666667"
"2550543655","2105092193","0.666667"
"2116412398","2117078800","0.5"
"2117078800","2116412398","0.5"
"2116412398","2151685857","0.5"
"2151685857","2116412398","0.5"
"2116412398","2296682473","0.166667"
"2296682473","2116412398","0.166667"
"2116412398","2550543655","0.166667"
"2550543655","2116412398","0.166667"
"2117078800","2151685857","0.166667"
"2151685857","2117078800","0.166667"
"2117078800","2296682473","0.166667"
"2296682473","2117078800","0.166667"
"2117078800","2550543655","0.166667"
"2550543655","2117078800","0.166667"
"2151685857","2296682473","0.166667"
"2296682473","2151685857","0.166667"
"2151685857","2550543655","0.166667"
"2550543655","2151685857","0.166667"
"2101512671","233939288","0.333333"
"233939288","2101512671","0.333333"
"2116412398","233939288","0.333333"
"233939288","2116412398","0.333333"
"2151685857","233939288","0.333333"
"233939288","2151685857","0.333333"
"2103124244","2147420820","0.5"
"2147420820","2103124244","0.5"
"2105092193","2967350722","1"
"2967350722","2105092193","1"
"2108016856","2550543655","0.5"
"2550543655","2108016856","0.5"
"2131729843","2147531240","1.16667"
"2147531240","2131729843","1.16667"
"2147531240","84730285","0.833333"
"84730285","2147531240","0.833333"
"2131729843","21531176","0.333333"
"21531176","2131729843","0.333333"
"2131729843","233939288","0.333333"
"233939288","2131729843","0.333333"
"2152668594","233939288","0.5"
"233939288","2152668594","0.5"
"2152668594","2405155237","0.5"
"2405155237","2152668594","0.5"
"2179901820","2726288353","1"
"2726288353","2179901820","1"
"2405155237","2550543655","0.5"
"2550543655","2405155237","0.5"
"2550543655","2897353883","1"
"2897353883","2550543655","1"
"2760817477","2979657000","1"
"2979657000","2760817477","1"
