"112166598","2163738319","10.7"
"2163738319","112166598","10.7"
"112166598","1982927590","1"
"1982927590","112166598","1"
"112166598","2761182034","1"
"2761182034","112166598","1"
"112166598","1598266420","0.2"
"1598266420","112166598","0.2"
"112166598","1988830510","0.2"
"1988830510","112166598","0.2"
"112166598","2158809348","0.2"
"2158809348","112166598","0.2"
"112166598","2170183598","0.2"
"2170183598","112166598","0.2"
"1598266420","1988830510","0.4"
"1988830510","1598266420","0.4"
"1598266420","2158809348","0.2"
"2158809348","1598266420","0.2"
"1598266420","2163738319","0.2"
"2163738319","1598266420","0.2"
"1598266420","2170183598","0.4"
"2170183598","1598266420","0.4"
"1988830510","2158809348","0.2"
"2158809348","1988830510","0.2"
"1988830510","2163738319","1.06667"
"2163738319","1988830510","1.06667"
"1988830510","2170183598","4.74286"
"2170183598","1988830510","4.74286"
"2158809348","2163738319","0.2"
"2163738319","2158809348","0.2"
"2158809348","2170183598","0.2"
"2170183598","2158809348","0.2"
"2163738319","2170183598","1.23333"
"2170183598","2163738319","1.23333"
"112166598","1721795135","0.5"
"1721795135","112166598","0.5"
"112166598","2083973706","0.5"
"2083973706","112166598","0.5"
"1721795135","2083973706","3.16667"
"2083973706","1721795135","3.16667"
"112166598","2075707188","1.5"
"2075707188","112166598","1.5"
"2075707188","2163738319","3.24167"
"2163738319","2075707188","3.24167"
"112166598","1546523996","0.142857"
"1546523996","112166598","0.142857"
"112166598","2004442325","0.142857"
"2004442325","112166598","0.142857"
"112166598","2006994525","0.142857"
"2006994525","112166598","0.142857"
"112166598","2059613686","0.142857"
"2059613686","112166598","0.142857"
"112166598","2064780509","0.142857"
"2064780509","112166598","0.142857"
"112166598","2110621799","0.142857"
"2110621799","112166598","0.142857"
"112166598","2125399815","0.142857"
"2125399815","112166598","0.142857"
"1546523996","2004442325","0.47619"
"2004442325","1546523996","0.47619"
"1546523996","2006994525","0.448413"
"2006994525","1546523996","0.448413"
"1546523996","2059613686","0.592857"
"2059613686","1546523996","0.592857"
"1546523996","2064780509","0.398413"
"2064780509","1546523996","0.398413"
"1546523996","2110621799","0.398413"
"2110621799","1546523996","0.398413"
"1546523996","2125399815","4.03294"
"2125399815","1546523996","4.03294"
"2004442325","2006994525","0.142857"
"2006994525","2004442325","0.142857"
"2004442325","2059613686","0.142857"
"2059613686","2004442325","0.142857"
"2004442325","2064780509","0.142857"
"2064780509","2004442325","0.142857"
"2004442325","2110621799","0.142857"
"2110621799","2004442325","0.142857"
"2004442325","2125399815","1.11905"
"2125399815","2004442325","1.11905"
"2006994525","2059613686","0.992857"
"2059613686","2006994525","0.992857"
"2006994525","2064780509","0.269841"
"2064780509","2006994525","0.269841"
"2006994525","2110621799","0.269841"
"2110621799","2006994525","0.269841"
"2006994525","2125399815","2.11984"
"2125399815","2006994525","2.11984"
"2059613686","2064780509","0.342857"
"2064780509","2059613686","0.342857"
"2059613686","2110621799","0.342857"
"2110621799","2059613686","0.342857"
"2059613686","2125399815","1.19286"
"2125399815","2059613686","1.19286"
"2064780509","2110621799","5.85079"
"2110621799","2064780509","5.85079"
"2064780509","2125399815","0.719841"
"2125399815","2064780509","0.719841"
"2110621799","2125399815","0.719841"
"2125399815","2110621799","0.719841"
"121309595","2043195858","1"
"2043195858","121309595","1"
"121309595","1865003625","0.2"
"1865003625","121309595","0.2"
"121309595","1988830510","0.733333"
"1988830510","121309595","0.733333"
"121309595","2075707188","0.733333"
"2075707188","121309595","0.733333"
"121309595","2163738319","0.2"
"2163738319","121309595","0.2"
"121309595","2170183598","0.4"
"2170183598","121309595","0.4"
"1865003625","1988830510","0.2"
"1988830510","1865003625","0.2"
"1865003625","2075707188","0.2"
"2075707188","1865003625","0.2"
"1865003625","2163738319","0.2"
"2163738319","1865003625","0.2"
"1865003625","2170183598","0.2"
"2170183598","1865003625","0.2"
"1988830510","2075707188","1.4"
"2075707188","1988830510","1.4"
"2075707188","2170183598","0.4"
"2170183598","2075707188","0.4"
"121309595","1598266420","0.2"
"1598266420","121309595","0.2"
"121309595","2102329924","0.2"
"2102329924","121309595","0.2"
"1598266420","2075707188","0.2"
"2075707188","1598266420","0.2"
"1598266420","2102329924","0.2"
"2102329924","1598266420","0.2"
"1988830510","2102329924","0.533333"
"2102329924","1988830510","0.533333"
"2075707188","2102329924","0.425"
"2102329924","2075707188","0.425"
"2102329924","2170183598","1.53333"
"2170183598","2102329924","1.53333"
"121309595","1524517838","0.333333"
"1524517838","121309595","0.333333"
"1524517838","1988830510","0.333333"
"1988830510","1524517838","0.333333"
"1524517838","2075707188","0.833333"
"2075707188","1524517838","0.833333"
"1483178630","2184318420","4.09722"
"2184318420","1483178630","4.09722"
"1483178630","1978219384","0.375"
"1978219384","1483178630","0.375"
"1483178630","1999295929","0.180556"
"1999295929","1483178630","0.180556"
"1483178630","2088938196","0.180556"
"2088938196","1483178630","0.180556"
"1483178630","2100911854","0.125"
"2100911854","1483178630","0.125"
"1483178630","2112915525","0.125"
"2112915525","1483178630","0.125"
"1483178630","2118299703","0.375"
"2118299703","1483178630","0.375"
"1483178630","2125688234","0.125"
"2125688234","1483178630","0.125"
"1978219384","1999295929","0.125"
"1999295929","1978219384","0.125"
"1978219384","2088938196","0.291667"
"2088938196","1978219384","0.291667"
"1978219384","2100911854","0.125"
"2100911854","1978219384","0.125"
"1978219384","2112915525","0.625"
"2112915525","1978219384","0.625"
"1978219384","2118299703","0.375"
"2118299703","1978219384","0.375"
"1978219384","2125688234","0.291667"
"2125688234","1978219384","0.291667"
"1978219384","2184318420","0.541667"
"2184318420","1978219384","0.541667"
"1999295929","2088938196","0.513889"
"2088938196","1999295929","0.513889"
"1999295929","2100911854","0.125"
"2100911854","1999295929","0.125"
"1999295929","2112915525","0.125"
"2112915525","1999295929","0.125"
"1999295929","2118299703","0.125"
"2118299703","1999295929","0.125"
"1999295929","2125688234","0.125"
"2125688234","1999295929","0.125"
"1999295929","2184318420","0.180556"
"2184318420","1999295929","0.180556"
"2088938196","2100911854","0.458333"
"2100911854","2088938196","0.458333"
"2088938196","2112915525","0.125"
"2112915525","2088938196","0.125"
"2088938196","2118299703","0.125"
"2118299703","2088938196","0.125"
"2088938196","2125688234","0.125"
"2125688234","2088938196","0.125"
"2088938196","2184318420","1.18056"
"2184318420","2088938196","1.18056"
"2100911854","2112915525","0.125"
"2112915525","2100911854","0.125"
"2100911854","2118299703","0.267857"
"2118299703","2100911854","0.267857"
"2100911854","2125688234","0.267857"
"2125688234","2100911854","0.267857"
"2100911854","2184318420","0.196429"
"2184318420","2100911854","0.196429"
"2112915525","2118299703","0.125"
"2118299703","2112915525","0.125"
"2112915525","2125688234","0.125"
"2125688234","2112915525","0.125"
"2112915525","2184318420","0.125"
"2184318420","2112915525","0.125"
"2118299703","2125688234","5.26786"
"2125688234","2118299703","5.26786"
"2118299703","2184318420","0.375"
"2184318420","2118299703","0.375"
"2125688234","2184318420","0.791667"
"2184318420","2125688234","0.791667"
"1483178630","1518518238","0.0555556"
"1518518238","1483178630","0.0555556"
"1483178630","1546523996","0.0555556"
"1546523996","1483178630","0.0555556"
"1483178630","1796276786","0.0555556"
"1796276786","1483178630","0.0555556"
"1483178630","1836366273","0.0555556"
"1836366273","1483178630","0.0555556"
"1483178630","2006994525","0.0555556"
"2006994525","1483178630","0.0555556"
"1483178630","2024975023","0.555556"
"2024975023","1483178630","0.555556"
"1483178630","2064780509","0.0555556"
"2064780509","1483178630","0.0555556"
"1483178630","2098032141","0.0555556"
"2098032141","1483178630","0.0555556"
"1483178630","2110621799","0.0555556"
"2110621799","1483178630","0.0555556"
"1483178630","2111932147","0.0555556"
"2111932147","1483178630","0.0555556"
"1483178630","2125399815","0.222222"
"2125399815","1483178630","0.222222"
"1483178630","2129770723","0.222222"
"2129770723","1483178630","0.222222"
"1483178630","2145639828","0.0555556"
"2145639828","1483178630","0.0555556"
"1483178630","2159514065","0.0555556"
"2159514065","1483178630","0.0555556"
"1483178630","3021280188","0.222222"
"3021280188","1483178630","0.222222"
"1518518238","1546523996","0.0555556"
"1546523996","1518518238","0.0555556"
"1518518238","1796276786","0.650794"
"1796276786","1518518238","0.650794"
"1518518238","1836366273","0.269841"
"1836366273","1518518238","0.269841"
"1518518238","1999295929","0.0555556"
"1999295929","1518518238","0.0555556"
"1518518238","2006994525","0.226984"
"2006994525","1518518238","0.226984"
"1518518238","2024975023","0.850794"
"2024975023","1518518238","0.850794"
"1518518238","2064780509","0.507937"
"2064780509","1518518238","0.507937"
"1518518238","2088938196","0.155556"
"2088938196","1518518238","0.155556"
"1518518238","2098032141","0.293651"
"2098032141","1518518238","0.293651"
"1518518238","2110621799","0.507937"
"2110621799","1518518238","0.507937"
"1518518238","2111932147","0.779365"
"2111932147","1518518238","0.779365"
"1518518238","2125399815","0.226984"
"2125399815","1518518238","0.226984"
"1518518238","2129770723","1.26746"
"2129770723","1518518238","1.26746"
"1518518238","2145639828","0.369841"
"2145639828","1518518238","0.369841"
"1518518238","2159514065","0.126984"
"2159514065","1518518238","0.126984"
"1518518238","2184318420","0.198413"
"2184318420","1518518238","0.198413"
"1518518238","3021280188","0.226984"
"3021280188","1518518238","0.226984"
"1546523996","1796276786","0.180556"
"1796276786","1546523996","0.180556"
"1546523996","1836366273","0.305556"
"1836366273","1546523996","0.305556"
"1546523996","1999295929","0.0555556"
"1999295929","1546523996","0.0555556"
"1546523996","2024975023","0.180556"
"2024975023","1546523996","0.180556"
"1546523996","2088938196","0.180556"
"2088938196","1546523996","0.180556"
"1546523996","2098032141","0.0555556"
"2098032141","1546523996","0.0555556"
"1546523996","2111932147","0.0555556"
"2111932147","1546523996","0.0555556"
"1546523996","2129770723","0.680556"
"2129770723","1546523996","0.680556"
"1546523996","2145639828","0.305556"
"2145639828","1546523996","0.305556"
"1546523996","2159514065","1.23175"
"2159514065","1546523996","1.23175"
"1546523996","2184318420","0.0555556"
"2184318420","1546523996","0.0555556"
"1546523996","3021280188","0.0555556"
"3021280188","1546523996","0.0555556"
"1796276786","1836366273","0.269841"
"1836366273","1796276786","0.269841"
"1796276786","1999295929","0.0555556"
"1999295929","1796276786","0.0555556"
"1796276786","2006994525","0.126984"
"2006994525","1796276786","0.126984"
"1796276786","2024975023","2.23413"
"2024975023","1796276786","2.23413"
"1796276786","2064780509","0.757937"
"2064780509","1796276786","0.757937"
"1796276786","2088938196","0.180556"
"2088938196","1796276786","0.180556"
"1796276786","2098032141","0.293651"
"2098032141","1796276786","0.293651"
"1796276786","2110621799","0.507937"
"2110621799","1796276786","0.507937"
"1796276786","2111932147","0.787698"
"2111932147","1796276786","0.787698"
"1796276786","2125399815","0.501984"
"2125399815","1796276786","0.501984"
"1796276786","2129770723","1.73413"
"2129770723","1796276786","1.73413"
"1796276786","2145639828","0.853175"
"2145639828","1796276786","0.853175"
"1796276786","2159514065","0.126984"
"2159514065","1796276786","0.126984"
"1796276786","2184318420","0.198413"
"2184318420","1796276786","0.198413"
"1796276786","3021280188","0.126984"
"3021280188","1796276786","0.126984"
"1836366273","1999295929","0.0555556"
"1999295929","1836366273","0.0555556"
"1836366273","2006994525","0.126984"
"2006994525","1836366273","0.126984"
"1836366273","2024975023","0.269841"
"2024975023","1836366273","0.269841"
"1836366273","2064780509","0.269841"
"2064780509","1836366273","0.269841"
"1836366273","2088938196","0.0555556"
"2088938196","1836366273","0.0555556"
"1836366273","2098032141","0.460317"
"2098032141","1836366273","0.460317"
"1836366273","2110621799","0.269841"
"2110621799","1836366273","0.269841"
"1836366273","2111932147","0.198413"
"2111932147","1836366273","0.198413"
"1836366273","2125399815","0.376984"
"2125399815","1836366273","0.376984"
"1836366273","2129770723","0.519841"
"2129770723","1836366273","0.519841"
"1836366273","2145639828","1.71032"
"2145639828","1836366273","1.71032"
"1836366273","2159514065","0.126984"
"2159514065","1836366273","0.126984"
"1836366273","2184318420","0.126984"
"2184318420","1836366273","0.126984"
"1836366273","3021280188","0.0555556"
"3021280188","1836366273","0.0555556"
"1999295929","2006994525","0.0555556"
"2006994525","1999295929","0.0555556"
"1999295929","2024975023","0.0555556"
"2024975023","1999295929","0.0555556"
"1999295929","2064780509","0.0555556"
"2064780509","1999295929","0.0555556"
"1999295929","2098032141","0.0555556"
"2098032141","1999295929","0.0555556"
"1999295929","2110621799","0.0555556"
"2110621799","1999295929","0.0555556"
"1999295929","2111932147","0.555556"
"2111932147","1999295929","0.555556"
"1999295929","2125399815","0.0555556"
"2125399815","1999295929","0.0555556"
"1999295929","2129770723","0.0555556"
"2129770723","1999295929","0.0555556"
"1999295929","2145639828","0.0555556"
"2145639828","1999295929","0.0555556"
"1999295929","2159514065","0.0555556"
"2159514065","1999295929","0.0555556"
"1999295929","3021280188","0.0555556"
"3021280188","1999295929","0.0555556"
"2006994525","2024975023","0.376984"
"2024975023","2006994525","0.376984"
"2006994525","2088938196","0.155556"
"2088938196","2006994525","0.155556"
"2006994525","2098032141","0.126984"
"2098032141","2006994525","0.126984"
"2006994525","2111932147","0.0555556"
"2111932147","2006994525","0.0555556"
"2006994525","2129770723","0.626984"
"2129770723","2006994525","0.626984"
"2006994525","2145639828","0.226984"
"2145639828","2006994525","0.226984"
"2006994525","2159514065","0.126984"
"2159514065","2006994525","0.126984"
"2006994525","2184318420","0.126984"
"2184318420","2006994525","0.126984"
"2006994525","3021280188","0.155556"
"3021280188","2006994525","0.155556"
"2024975023","2064780509","0.757937"
"2064780509","2024975023","0.757937"
"2024975023","2088938196","0.180556"
"2088938196","2024975023","0.180556"
"2024975023","2098032141","0.293651"
"2098032141","2024975023","0.293651"
"2024975023","2110621799","0.507937"
"2110621799","2024975023","0.507937"
"2024975023","2111932147","1.46389"
"2111932147","2024975023","1.46389"
"2024975023","2125399815","2.50198"
"2125399815","2024975023","2.50198"
"2024975023","2129770723","2.66032"
"2129770723","2024975023","2.66032"
"2024975023","2145639828","0.996032"
"2145639828","2024975023","0.996032"
"2024975023","2159514065","0.126984"
"2159514065","2024975023","0.126984"
"2024975023","2184318420","0.698413"
"2184318420","2024975023","0.698413"
"2024975023","3021280188","0.126984"
"3021280188","2024975023","0.126984"
"2064780509","2088938196","0.0555556"
"2088938196","2064780509","0.0555556"
"2064780509","2098032141","0.793651"
"2098032141","2064780509","0.793651"
"2064780509","2111932147","0.269841"
"2111932147","2064780509","0.269841"
"2064780509","2129770723","1.75794"
"2129770723","2064780509","1.75794"
"2064780509","2145639828","0.126984"
"2145639828","2064780509","0.126984"
"2064780509","2159514065","0.126984"
"2159514065","2064780509","0.126984"
"2064780509","2184318420","0.198413"
"2184318420","2064780509","0.198413"
"2064780509","3021280188","0.126984"
"3021280188","2064780509","0.126984"
"2088938196","2098032141","0.0555556"
"2098032141","2088938196","0.0555556"
"2088938196","2110621799","0.0555556"
"2110621799","2088938196","0.0555556"
"2088938196","2111932147","0.0555556"
"2111932147","2088938196","0.0555556"
"2088938196","2125399815","1.28056"
"2125399815","2088938196","1.28056"
"2088938196","2129770723","0.380556"
"2129770723","2088938196","0.380556"
"2088938196","2145639828","1.18889"
"2145639828","2088938196","1.18889"
"2088938196","2159514065","0.222222"
"2159514065","2088938196","0.222222"
"2088938196","3021280188","0.155556"
"3021280188","2088938196","0.155556"
"2098032141","2110621799","2.93651"
"2110621799","2098032141","2.93651"
"2098032141","2111932147","0.0555556"
"2111932147","2098032141","0.0555556"
"2098032141","2125399815","1.12698"
"2125399815","2098032141","1.12698"
"2098032141","2129770723","0.293651"
"2129770723","2098032141","0.293651"
"2098032141","2145639828","0.460317"
"2145639828","2098032141","0.460317"
"2098032141","2159514065","0.626984"
"2159514065","2098032141","0.626984"
"2098032141","2184318420","1.12698"
"2184318420","2098032141","1.12698"
"2098032141","3021280188","0.0555556"
"3021280188","2098032141","0.0555556"
"2110621799","2111932147","0.269841"
"2111932147","2110621799","0.269841"
"2110621799","2129770723","0.507937"
"2129770723","2110621799","0.507937"
"2110621799","2145639828","0.126984"
"2145639828","2110621799","0.126984"
"2110621799","2159514065","0.376984"
"2159514065","2110621799","0.376984"
"2110621799","2184318420","0.198413"
"2184318420","2110621799","0.198413"
"2110621799","3021280188","0.126984"
"3021280188","2110621799","0.126984"
"2111932147","2125399815","0.0555556"
"2125399815","2111932147","0.0555556"
"2111932147","2129770723","1.63056"
"2129770723","2111932147","1.63056"
"2111932147","2145639828","0.59127"
"2145639828","2111932147","0.59127"
"2111932147","2159514065","0.0555556"
"2159514065","2111932147","0.0555556"
"2111932147","2184318420","0.126984"
"2184318420","2111932147","0.126984"
"2111932147","3021280188","0.126984"
"3021280188","2111932147","0.126984"
"2125399815","2129770723","2.55437"
"2129770723","2125399815","2.55437"
"2125399815","2145639828","0.476984"
"2145639828","2125399815","0.476984"
"2125399815","2159514065","2.55317"
"2159514065","2125399815","2.55317"
"2125399815","2184318420","0.293651"
"2184318420","2125399815","0.293651"
"2125399815","3021280188","0.565079"
"3021280188","2125399815","0.565079"
"2129770723","2145639828","1.44603"
"2145639828","2129770723","1.44603"
"2129770723","2159514065","0.126984"
"2159514065","2129770723","0.126984"
"2129770723","2184318420","0.365079"
"2184318420","2129770723","0.365079"
"2129770723","3021280188","0.536508"
"3021280188","2129770723","0.536508"
"2145639828","2159514065","0.126984"
"2159514065","2145639828","0.126984"
"2145639828","2184318420","0.126984"
"2184318420","2145639828","0.126984"
"2145639828","3021280188","0.155556"
"3021280188","2145639828","0.155556"
"2159514065","2184318420","0.126984"
"2184318420","2159514065","0.126984"
"2159514065","3021280188","0.0555556"
"3021280188","2159514065","0.0555556"
"2184318420","3021280188","0.293651"
"3021280188","2184318420","0.293651"
"1483178630","2017748193","0.166667"
"2017748193","1483178630","0.166667"
"1483178630","2032998643","0.166667"
"2032998643","1483178630","0.166667"
"2017748193","2032998643","0.166667"
"2032998643","2017748193","0.166667"
"2017748193","2125399815","9.0619"
"2125399815","2017748193","9.0619"
"2017748193","2129770723","1.69524"
"2129770723","2017748193","1.69524"
"2017748193","2184318420","0.166667"
"2184318420","2017748193","0.166667"
"2017748193","3021280188","0.409524"
"3021280188","2017748193","0.409524"
"2032998643","2125399815","0.291667"
"2125399815","2032998643","0.291667"
"2032998643","2129770723","0.458333"
"2129770723","2032998643","0.458333"
"2032998643","2184318420","0.166667"
"2184318420","2032998643","0.166667"
"2032998643","3021280188","0.166667"
"3021280188","2032998643","0.166667"
"1483178630","1759602482","0.25"
"1759602482","1483178630","0.25"
"1759602482","1978219384","1.75"
"1978219384","1759602482","1.75"
"1759602482","2118299703","0.25"
"2118299703","1759602482","0.25"
"1759602482","2184318420","0.321429"
"2184318420","1759602482","0.321429"
"1509532406","1518518238","0.0714286"
"1518518238","1509532406","0.0714286"
"1509532406","1796276786","0.0714286"
"1796276786","1509532406","0.0714286"
"1509532406","1988730997","1.24762"
"1988730997","1509532406","1.24762"
"1509532406","2000703105","0.0714286"
"2000703105","1509532406","0.0714286"
"1509532406","2024975023","0.0714286"
"2024975023","1509532406","0.0714286"
"1509532406","2049889163","0.0714286"
"2049889163","1509532406","0.0714286"
"1509532406","2064780509","0.0714286"
"2064780509","1509532406","0.0714286"
"1509532406","2079430546","0.0714286"
"2079430546","1509532406","0.0714286"
"1509532406","2110621799","0.0714286"
"2110621799","1509532406","0.0714286"
"1509532406","2111932147","0.0714286"
"2111932147","1509532406","0.0714286"
"1509532406","2127706401","0.0714286"
"2127706401","1509532406","0.0714286"
"1509532406","2129770723","0.414286"
"2129770723","1509532406","0.414286"
"1509532406","2184318420","0.0714286"
"2184318420","1509532406","0.0714286"
"1509532406","3021280188","0.0714286"
"3021280188","1509532406","0.0714286"
"1518518238","1988730997","0.0714286"
"1988730997","1518518238","0.0714286"
"1518518238","2000703105","0.321429"
"2000703105","1518518238","0.321429"
"1518518238","2049889163","0.0714286"
"2049889163","1518518238","0.0714286"
"1518518238","2079430546","0.0714286"
"2079430546","1518518238","0.0714286"
"1518518238","2127706401","0.0714286"
"2127706401","1518518238","0.0714286"
"1796276786","1988730997","0.0714286"
"1988730997","1796276786","0.0714286"
"1796276786","2000703105","0.0714286"
"2000703105","1796276786","0.0714286"
"1796276786","2049889163","0.0714286"
"2049889163","1796276786","0.0714286"
"1796276786","2079430546","0.0714286"
"2079430546","1796276786","0.0714286"
"1796276786","2127706401","0.196429"
"2127706401","1796276786","0.196429"
"1988730997","2000703105","0.647619"
"2000703105","1988730997","0.647619"
"1988730997","2024975023","0.571429"
"2024975023","1988730997","0.571429"
"1988730997","2049889163","0.0714286"
"2049889163","1988730997","0.0714286"
"1988730997","2064780509","0.0714286"
"2064780509","1988730997","0.0714286"
"1988730997","2079430546","0.0714286"
"2079430546","1988730997","0.0714286"
"1988730997","2110621799","0.0714286"
"2110621799","1988730997","0.0714286"
"1988730997","2111932147","0.0714286"
"2111932147","1988730997","0.0714286"
"1988730997","2127706401","0.0714286"
"2127706401","1988730997","0.0714286"
"1988730997","2129770723","1.34762"
"2129770723","1988730997","1.34762"
"1988730997","2184318420","0.0714286"
"2184318420","1988730997","0.0714286"
"1988730997","3021280188","0.171429"
"3021280188","1988730997","0.171429"
"2000703105","2024975023","0.0714286"
"2024975023","2000703105","0.0714286"
"2000703105","2049889163","0.0714286"
"2049889163","2000703105","0.0714286"
"2000703105","2064780509","0.0714286"
"2064780509","2000703105","0.0714286"
"2000703105","2079430546","0.0714286"
"2079430546","2000703105","0.0714286"
"2000703105","2110621799","0.0714286"
"2110621799","2000703105","0.0714286"
"2000703105","2111932147","0.0714286"
"2111932147","2000703105","0.0714286"
"2000703105","2127706401","0.0714286"
"2127706401","2000703105","0.0714286"
"2000703105","2129770723","1.87381"
"2129770723","2000703105","1.87381"
"2000703105","2184318420","0.0714286"
"2184318420","2000703105","0.0714286"
"2000703105","3021280188","0.314286"
"3021280188","2000703105","0.314286"
"2024975023","2049889163","0.0714286"
"2049889163","2024975023","0.0714286"
"2024975023","2079430546","0.0714286"
"2079430546","2024975023","0.0714286"
"2024975023","2127706401","0.196429"
"2127706401","2024975023","0.196429"
"2049889163","2064780509","0.0714286"
"2064780509","2049889163","0.0714286"
"2049889163","2079430546","1.07143"
"2079430546","2049889163","1.07143"
"2049889163","2110621799","0.0714286"
"2110621799","2049889163","0.0714286"
"2049889163","2111932147","0.0714286"
"2111932147","2049889163","0.0714286"
"2049889163","2127706401","7.40476"
"2127706401","2049889163","7.40476"
"2049889163","2129770723","0.0714286"
"2129770723","2049889163","0.0714286"
"2049889163","2184318420","0.0714286"
"2184318420","2049889163","0.0714286"
"2049889163","3021280188","0.0714286"
"3021280188","2049889163","0.0714286"
"2064780509","2079430546","0.0714286"
"2079430546","2064780509","0.0714286"
"2064780509","2127706401","0.0714286"
"2127706401","2064780509","0.0714286"
"2079430546","2110621799","0.0714286"
"2110621799","2079430546","0.0714286"
"2079430546","2111932147","0.0714286"
"2111932147","2079430546","0.0714286"
"2079430546","2127706401","0.0714286"
"2127706401","2079430546","0.0714286"
"2079430546","2129770723","0.0714286"
"2129770723","2079430546","0.0714286"
"2079430546","2184318420","0.0714286"
"2184318420","2079430546","0.0714286"
"2079430546","3021280188","0.0714286"
"3021280188","2079430546","0.0714286"
"2110621799","2127706401","0.0714286"
"2127706401","2110621799","0.0714286"
"2111932147","2127706401","0.196429"
"2127706401","2111932147","0.196429"
"2127706401","2129770723","0.196429"
"2129770723","2127706401","0.196429"
"2127706401","2184318420","0.0714286"
"2184318420","2127706401","0.0714286"
"2127706401","3021280188","0.0714286"
"3021280188","2127706401","0.0714286"
"1509532406","2060728967","0.842857"
"2060728967","1509532406","0.842857"
"1509532406","2093948066","0.592857"
"2093948066","1509532406","0.592857"
"1509532406","2182166272","0.92619"
"2182166272","1509532406","0.92619"
"1988730997","2060728967","1.48571"
"2060728967","1988730997","1.48571"
"1988730997","2093948066","0.735714"
"2093948066","1988730997","0.735714"
"1988730997","2182166272","2.78571"
"2182166272","1988730997","2.78571"
"2060728967","2093948066","2.04524"
"2093948066","2060728967","2.04524"
"2060728967","2129770723","0.652381"
"2129770723","2060728967","0.652381"
"2060728967","2182166272","0.735714"
"2182166272","2060728967","0.735714"
"2093948066","2129770723","0.652381"
"2129770723","2093948066","0.652381"
"2093948066","2182166272","0.485714"
"2182166272","2093948066","0.485714"
"2129770723","2182166272","1.27619"
"2182166272","2129770723","1.27619"
"1509532406","1996095015","1.33333"
"1996095015","1509532406","1.33333"
"1509532406","2017748193","0.392857"
"2017748193","1509532406","0.392857"
"1988730997","2017748193","1.08571"
"2017748193","1988730997","1.08571"
"2017748193","2060728967","0.678571"
"2060728967","2017748193","0.678571"
"2017748193","2093948066","0.678571"
"2093948066","2017748193","0.678571"
"1509532406","7371413","0.392857"
"7371413","1509532406","0.392857"
"1988730997","7371413","0.969048"
"7371413","1988730997","0.969048"
"2060728967","7371413","0.702381"
"7371413","2060728967","0.702381"
"2182166272","7371413","0.969048"
"7371413","2182166272","0.969048"
"2017748193","2182166272","0.835714"
"2182166272","2017748193","0.835714"
"2017748193","7371413","0.528571"
"7371413","2017748193","0.528571"
"2093948066","7371413","0.452381"
"7371413","2093948066","0.452381"
"2129770723","7371413","0.552381"
"7371413","2129770723","0.552381"
"1988730997","1996095015","0.533333"
"1996095015","1988730997","0.533333"
"1996095015","2182166272","0.533333"
"2182166272","1996095015","0.533333"
"1518518238","2001060702","0.342857"
"2001060702","1518518238","0.342857"
"1518518238","2030967234","0.466667"
"2030967234","1518518238","0.466667"
"2001060702","2024975023","0.944048"
"2024975023","2001060702","0.944048"
"2001060702","2030967234","0.2"
"2030967234","2001060702","0.2"
"2001060702","2111932147","0.944048"
"2111932147","2001060702","0.944048"
"2001060702","2129770723","1.81071"
"2129770723","2001060702","1.81071"
"2024975023","2030967234","0.7"
"2030967234","2024975023","0.7"
"2030967234","2111932147","0.366667"
"2111932147","2030967234","0.366667"
"2030967234","2129770723","0.366667"
"2129770723","2030967234","0.366667"
"1518518238","1996095015","0.516667"
"1996095015","1518518238","0.516667"
"1518518238","2032998643","0.166667"
"2032998643","1518518238","0.166667"
"1518518238","2056287096","0.166667"
"2056287096","1518518238","0.166667"
"1996095015","2030967234","0.266667"
"2030967234","1996095015","0.266667"
"1996095015","2032998643","1.16667"
"2032998643","1996095015","1.16667"
"1996095015","2056287096","0.541667"
"2056287096","1996095015","0.541667"
"1996095015","2111932147","0.291667"
"2111932147","1996095015","0.291667"
"1996095015","2129770723","3.93452"
"2129770723","1996095015","3.93452"
"2030967234","2032998643","0.166667"
"2032998643","2030967234","0.166667"
"2030967234","2056287096","0.166667"
"2056287096","2030967234","0.166667"
"2032998643","2056287096","0.166667"
"2056287096","2032998643","0.166667"
"2032998643","2111932147","0.166667"
"2111932147","2032998643","0.166667"
"2056287096","2111932147","0.291667"
"2111932147","2056287096","0.291667"
"2056287096","2129770723","2.875"
"2129770723","2056287096","2.875"
"1518518238","2059613686","0.1"
"2059613686","1518518238","0.1"
"1518518238","2060728967","0.1"
"2060728967","1518518238","0.1"
"1518518238","2100229533","0.1"
"2100229533","1518518238","0.1"
"1996095015","2006994525","0.35"
"2006994525","1996095015","0.35"
"1996095015","2059613686","0.1"
"2059613686","1996095015","0.1"
"1996095015","2060728967","0.242857"
"2060728967","1996095015","0.242857"
"1996095015","2088938196","0.1"
"2088938196","1996095015","0.1"
"1996095015","2100229533","0.1"
"2100229533","1996095015","0.1"
"1996095015","2125399815","0.442857"
"2125399815","1996095015","0.442857"
"1996095015","2145639828","0.1"
"2145639828","1996095015","0.1"
"1996095015","3021280188","0.242857"
"3021280188","1996095015","0.242857"
"2006994525","2030967234","0.1"
"2030967234","2006994525","0.1"
"2006994525","2060728967","0.1"
"2060728967","2006994525","0.1"
"2006994525","2100229533","0.1"
"2100229533","2006994525","0.1"
"2030967234","2059613686","0.1"
"2059613686","2030967234","0.1"
"2030967234","2060728967","0.1"
"2060728967","2030967234","0.1"
"2030967234","2088938196","0.1"
"2088938196","2030967234","0.1"
"2030967234","2100229533","0.1"
"2100229533","2030967234","0.1"
"2030967234","2125399815","0.1"
"2125399815","2030967234","0.1"
"2030967234","2145639828","0.1"
"2145639828","2030967234","0.1"
"2030967234","3021280188","0.1"
"3021280188","2030967234","0.1"
"2059613686","2060728967","0.1"
"2060728967","2059613686","0.1"
"2059613686","2088938196","0.266667"
"2088938196","2059613686","0.266667"
"2059613686","2100229533","0.1"
"2100229533","2059613686","0.1"
"2059613686","2145639828","0.1"
"2145639828","2059613686","0.1"
"2059613686","3021280188","0.1"
"3021280188","2059613686","0.1"
"2060728967","2088938196","0.1"
"2088938196","2060728967","0.1"
"2060728967","2100229533","0.1"
"2100229533","2060728967","0.1"
"2060728967","2125399815","0.385714"
"2125399815","2060728967","0.385714"
"2060728967","2145639828","0.1"
"2145639828","2060728967","0.1"
"2060728967","3021280188","0.242857"
"3021280188","2060728967","0.242857"
"2088938196","2100229533","3.09167"
"2100229533","2088938196","3.09167"
"2100229533","2125399815","0.225"
"2125399815","2100229533","0.225"
"2100229533","2145639828","0.633333"
"2145639828","2100229533","0.633333"
"2100229533","3021280188","0.1"
"3021280188","2100229533","0.1"
"1518518238","1759602482","0.0714286"
"1759602482","1518518238","0.0714286"
"1518518238","2100911854","0.214286"
"2100911854","1518518238","0.214286"
"1759602482","1796276786","0.0714286"
"1796276786","1759602482","0.0714286"
"1759602482","1836366273","0.0714286"
"1836366273","1759602482","0.0714286"
"1759602482","2006994525","0.0714286"
"2006994525","1759602482","0.0714286"
"1759602482","2024975023","0.0714286"
"2024975023","1759602482","0.0714286"
"1759602482","2064780509","0.0714286"
"2064780509","1759602482","0.0714286"
"1759602482","2098032141","0.571429"
"2098032141","1759602482","0.571429"
"1759602482","2100911854","0.571429"
"2100911854","1759602482","0.571429"
"1759602482","2110621799","0.0714286"
"2110621799","1759602482","0.0714286"
"1759602482","2125399815","0.0714286"
"2125399815","1759602482","0.0714286"
"1759602482","2129770723","0.0714286"
"2129770723","1759602482","0.0714286"
"1759602482","2145639828","0.0714286"
"2145639828","1759602482","0.0714286"
"1759602482","2159514065","0.0714286"
"2159514065","1759602482","0.0714286"
"1796276786","2100911854","0.339286"
"2100911854","1796276786","0.339286"
"1836366273","2100911854","0.0714286"
"2100911854","1836366273","0.0714286"
"2006994525","2100911854","0.0714286"
"2100911854","2006994525","0.0714286"
"2024975023","2100911854","0.482143"
"2100911854","2024975023","0.482143"
"2064780509","2100911854","0.0714286"
"2100911854","2064780509","0.0714286"
"2098032141","2100911854","0.571429"
"2100911854","2098032141","0.571429"
"2100911854","2110621799","0.0714286"
"2110621799","2100911854","0.0714286"
"2100911854","2125399815","0.404762"
"2125399815","2100911854","0.404762"
"2100911854","2129770723","0.482143"
"2129770723","2100911854","0.482143"
"2100911854","2145639828","0.357143"
"2145639828","2100911854","0.357143"
"2100911854","2159514065","0.0714286"
"2159514065","2100911854","0.0714286"
"1796276786","2001060702","0.267857"
"2001060702","1796276786","0.267857"
"2001060702","2100911854","0.410714"
"2100911854","2001060702","0.410714"
"2001060702","2145639828","0.985714"
"2145639828","2001060702","0.985714"
"2100911854","2111932147","0.410714"
"2111932147","2100911854","0.410714"
"1518518238","77014356","0.25"
"77014356","1518518238","0.25"
"1996095015","2000703105","0.892857"
"2000703105","1996095015","0.892857"
"1996095015","77014356","0.95"
"77014356","1996095015","0.95"
"2000703105","77014356","0.516667"
"77014356","2000703105","0.516667"
"2129770723","77014356","3.01667"
"77014356","2129770723","3.01667"
"1524517838","2004442325","2"
"2004442325","1524517838","2"
"1524517838","2152560486","4.5"
"2152560486","1524517838","4.5"
"1524517838","2029455524","1.25"
"2029455524","1524517838","1.25"
"1524517838","2118691412","0.333333"
"2118691412","1524517838","0.333333"
"1524517838","2941521020","0.333333"
"2941521020","1524517838","0.333333"
"1524517838","2992003295","0.333333"
"2992003295","1524517838","0.333333"
"2118691412","2941521020","0.333333"
"2941521020","2118691412","0.333333"
"2118691412","2992003295","0.333333"
"2992003295","2118691412","0.333333"
"2941521020","2992003295","0.333333"
"2992003295","2941521020","0.333333"
"2075707188","2152560486","0.5"
"2152560486","2075707188","0.5"
"1524517838","1984438088","1"
"1984438088","1524517838","1"
"1524517838","2093149614","0.25"
"2093149614","1524517838","0.25"
"1524517838","2295996570","0.25"
"2295996570","1524517838","0.25"
"1524517838","2783763028","0.25"
"2783763028","1524517838","0.25"
"2029455524","2093149614","0.25"
"2093149614","2029455524","0.25"
"2029455524","2295996570","0.25"
"2295996570","2029455524","0.25"
"2029455524","2783763028","0.25"
"2783763028","2029455524","0.25"
"2093149614","2295996570","11.2262"
"2295996570","2093149614","11.2262"
"2093149614","2783763028","0.25"
"2783763028","2093149614","0.25"
"2295996570","2783763028","0.916667"
"2783763028","2295996570","0.916667"
"1524517838","2170183598","1"
"2170183598","1524517838","1"
"1546523996","2011772782","0.142857"
"2011772782","1546523996","0.142857"
"1546523996","2106183262","0.142857"
"2106183262","1546523996","0.142857"
"1546523996","2137287596","0.342857"
"2137287596","1546523996","0.342857"
"1546523996","27247342","0.142857"
"27247342","1546523996","0.142857"
"1546523996","83374454","0.142857"
"83374454","1546523996","0.142857"
"2011772782","2106183262","0.142857"
"2106183262","2011772782","0.142857"
"2011772782","2125399815","0.142857"
"2125399815","2011772782","0.142857"
"2011772782","2137287596","0.142857"
"2137287596","2011772782","0.142857"
"2011772782","2159514065","0.809524"
"2159514065","2011772782","0.809524"
"2011772782","27247342","0.142857"
"27247342","2011772782","0.142857"
"2011772782","83374454","0.392857"
"83374454","2011772782","0.392857"
"2106183262","2125399815","0.142857"
"2125399815","2106183262","0.142857"
"2106183262","2137287596","0.142857"
"2137287596","2106183262","0.142857"
"2106183262","2159514065","0.142857"
"2159514065","2106183262","0.142857"
"2106183262","27247342","0.142857"
"27247342","2106183262","0.142857"
"2106183262","83374454","0.142857"
"83374454","2106183262","0.142857"
"2125399815","2137287596","0.342857"
"2137287596","2125399815","0.342857"
"2125399815","27247342","0.142857"
"27247342","2125399815","0.142857"
"2125399815","83374454","0.142857"
"83374454","2125399815","0.142857"
"2137287596","2159514065","0.142857"
"2159514065","2137287596","0.142857"
"2137287596","27247342","0.142857"
"27247342","2137287596","0.142857"
"2137287596","83374454","0.142857"
"83374454","2137287596","0.142857"
"2159514065","27247342","0.142857"
"27247342","2159514065","0.142857"
"2159514065","83374454","0.642857"
"83374454","2159514065","0.642857"
"27247342","83374454","2.14286"
"83374454","27247342","2.14286"
"1546523996","2007218308","0.125"
"2007218308","1546523996","0.125"
"1546523996","2032998643","0.125"
"2032998643","1546523996","0.125"
"1546523996","2100229533","0.125"
"2100229533","1546523996","0.125"
"1796276786","2007218308","0.125"
"2007218308","1796276786","0.125"
"1796276786","2032998643","0.125"
"2032998643","1796276786","0.125"
"1796276786","2100229533","0.125"
"2100229533","1796276786","0.125"
"2007218308","2024975023","0.125"
"2024975023","2007218308","0.125"
"2007218308","2032998643","0.125"
"2032998643","2007218308","0.125"
"2007218308","2088938196","0.991667"
"2088938196","2007218308","0.991667"
"2007218308","2100229533","0.991667"
"2100229533","2007218308","0.991667"
"2007218308","2125399815","0.125"
"2125399815","2007218308","0.125"
"2007218308","2129770723","0.325"
"2129770723","2007218308","0.325"
"2024975023","2032998643","0.125"
"2032998643","2024975023","0.125"
"2024975023","2100229533","0.125"
"2100229533","2024975023","0.125"
"2032998643","2088938196","0.125"
"2088938196","2032998643","0.125"
"2032998643","2100229533","0.125"
"2100229533","2032998643","0.125"
"2100229533","2129770723","0.325"
"2129770723","2100229533","0.325"
"2059613686","2137287596","0.2"
"2137287596","2059613686","0.2"
"2064780509","2137287596","0.2"
"2137287596","2064780509","0.2"
"2110621799","2137287596","0.2"
"2137287596","2110621799","0.2"
"1546523996","2017748193","1.16667"
"2017748193","1546523996","1.16667"
"2017748193","2159514065","0.583333"
"2159514065","2017748193","0.583333"
"2059613686","2129770723","0.25"
"2129770723","2059613686","0.25"
"1546523996","2159418635","0.2"
"2159418635","1546523996","0.2"
"1546523996","2163738319","0.2"
"2163738319","1546523996","0.2"
"1546523996","2605760039","0.2"
"2605760039","1546523996","0.2"
"2125399815","2159418635","1.09286"
"2159418635","2125399815","1.09286"
"2125399815","2163738319","0.2"
"2163738319","2125399815","0.2"
"2125399815","2605760039","0.2"
"2605760039","2125399815","0.2"
"2159418635","2159514065","1.45"
"2159514065","2159418635","1.45"
"2159418635","2163738319","0.2"
"2163738319","2159418635","0.2"
"2159418635","2605760039","0.842857"
"2605760039","2159418635","0.842857"
"2159514065","2163738319","0.2"
"2163738319","2159514065","0.2"
"2159514065","2605760039","0.2"
"2605760039","2159514065","0.2"
"2163738319","2605760039","0.45"
"2605760039","2163738319","0.45"
"2004442325","2017748193","0.97619"
"2017748193","2004442325","0.97619"
"1598266420","2033569111","1"
"2033569111","1598266420","1"
"1598266420","1982927590","2"
"1982927590","1598266420","2"
"1598266420","2118691412","1"
"2118691412","1598266420","1"
"1598266420","1865003625","0.5"
"1865003625","1598266420","0.5"
"1598266420","1984438088","0.5"
"1984438088","1598266420","0.5"
"1865003625","1984438088","1.5"
"1984438088","1865003625","1.5"
"1721795135","2158809348","0.333333"
"2158809348","1721795135","0.333333"
"1721795135","83374454","0.333333"
"83374454","1721795135","0.333333"
"2083973706","2158809348","4.33333"
"2158809348","2083973706","4.33333"
"2083973706","83374454","1.58333"
