"100705455","150441151","0.45"
"150441151","100705455","0.45"
"100705455","1576567717","0.366667"
"1576567717","100705455","0.366667"
"100705455","2009090092","1.03333"
"2009090092","100705455","1.03333"
"100705455","2556130418","0.2"
"2556130418","100705455","0.2"
"100705455","2804531111","0.366667"
"2804531111","100705455","0.366667"
"150441151","1576567717","1.79091"
"1576567717","150441151","1.79091"
"150441151","2009090092","0.2"
"2009090092","150441151","0.2"
"150441151","2556130418","0.2"
"2556130418","150441151","0.2"
"150441151","2804531111","1.79091"
"2804531111","150441151","1.79091"
"1576567717","2009090092","0.325"
"2009090092","1576567717","0.325"
"1576567717","2556130418","0.2"
"2556130418","1576567717","0.2"
"1576567717","2804531111","73.9419"
"2804531111","1576567717","73.9419"
"2009090092","2556130418","0.2"
"2556130418","2009090092","0.2"
"2009090092","2804531111","0.325"
"2804531111","2009090092","0.325"
"2556130418","2804531111","0.2"
"2804531111","2556130418","0.2"
"100705455","2171520549","0.866667"
"2171520549","100705455","0.866667"
"2009090092","2171520549","0.583333"
"2171520549","2009090092","0.583333"
"100705455","2070033608","1"
"2070033608","100705455","1"
"100705455","2007641676","0.616667"
"2007641676","100705455","0.616667"
"100705455","2020813568","1.16667"
"2020813568","100705455","1.16667"
"100705455","2107303974","1.16667"
"2107303974","100705455","1.16667"
"100705455","2108202644","0.5"
"2108202644","100705455","0.5"
"2007641676","2020813568","2.58333"
"2020813568","2007641676","2.58333"
"2007641676","2107303974","0.916667"
"2107303974","2007641676","0.916667"
"2007641676","2108202644","1.25"
"2108202644","2007641676","1.25"
"2020813568","2107303974","1.86667"
"2107303974","2020813568","1.86667"
"2020813568","2108202644","1.7"
"2108202644","2020813568","1.7"
"2107303974","2108202644","0.5"
"2108202644","2107303974","0.5"
"100705455","2026399866","0.45"
"2026399866","100705455","0.45"
"100705455","2098271479","0.2"
"2098271479","100705455","0.2"
"100705455","2120064877","0.2"
"2120064877","100705455","0.2"
"2007641676","2026399866","0.2"
"2026399866","2007641676","0.2"
"2007641676","2098271479","0.2"
"2098271479","2007641676","0.2"
"2007641676","2120064877","0.2"
"2120064877","2007641676","0.2"
"2007641676","2171520549","0.866667"
"2171520549","2007641676","0.866667"
"2026399866","2098271479","0.2"
"2098271479","2026399866","0.2"
"2026399866","2120064877","0.2"
"2120064877","2026399866","0.2"
"2026399866","2171520549","0.2"
"2171520549","2026399866","0.2"
"2098271479","2120064877","0.219608"
"2120064877","2098271479","0.219608"
"2098271479","2171520549","0.2"
"2171520549","2098271479","0.2"
"2120064877","2171520549","0.2"
"2171520549","2120064877","0.2"
"100705455","1510390080","0.333333"
"1510390080","100705455","0.333333"
"100705455","1987177365","0.333333"
"1987177365","100705455","0.333333"
"1510390080","1987177365","0.866667"
"1987177365","1510390080","0.866667"
"1510390080","2009090092","0.333333"
"2009090092","1510390080","0.333333"
"1987177365","2009090092","0.458333"
"2009090092","1987177365","0.458333"
"100705455","1998426307","0.25"
"1998426307","100705455","0.25"
"1998426307","2020813568","1.58333"
"2020813568","1998426307","1.58333"
"1998426307","2107303974","0.25"
"2107303974","1998426307","0.25"
"1998426307","2108202644","0.25"
"2108202644","1998426307","0.25"
"100705455","1562015140","0.25"
"1562015140","100705455","0.25"
"100705455","2020271121","0.25"
"2020271121","100705455","0.25"
"150441151","1562015140","2.25"
"1562015140","150441151","2.25"
"150441151","2020271121","1.34091"
"2020271121","150441151","1.34091"
"150441151","2026399866","0.25"
"2026399866","150441151","0.25"
"1562015140","2020271121","0.25"
"2020271121","1562015140","0.25"
"1562015140","2026399866","0.25"
"2026399866","1562015140","0.25"
"2020271121","2026399866","0.25"
"2026399866","2020271121","0.25"
"1576567717","2007641676","0.166667"
"2007641676","1576567717","0.166667"
"1576567717","2020813568","0.366667"
"2020813568","1576567717","0.366667"
"1576567717","2107303974","0.166667"
"2107303974","1576567717","0.166667"
"1576567717","2171520549","0.366667"
"2171520549","1576567717","0.366667"
"2007641676","2804531111","0.166667"
"2804531111","2007641676","0.166667"
"2020813568","2171520549","0.366667"
"2171520549","2020813568","0.366667"
"2020813568","2804531111","0.366667"
"2804531111","2020813568","0.366667"
"2107303974","2171520549","0.666667"
"2171520549","2107303974","0.666667"
"2107303974","2804531111","0.166667"
"2804531111","2107303974","0.166667"
"2171520549","2804531111","0.366667"
"2804531111","2171520549","0.366667"
"118725381","1491978100","0.241667"
"1491978100","118725381","0.241667"
"118725381","1504513446","0.241667"
"1504513446","118725381","0.241667"
"118725381","2011136722","0.241667"
"2011136722","118725381","0.241667"
"118725381","2079778212","0.241667"
"2079778212","118725381","0.241667"
"118725381","2107314347","0.241667"
"2107314347","118725381","0.241667"
"1491978100","1504513446","0.241667"
"1504513446","1491978100","0.241667"
"1491978100","2011136722","0.283333"
"2011136722","1491978100","0.283333"
"1491978100","2079778212","0.527381"
"2079778212","1491978100","0.527381"
"1491978100","2107314347","0.283333"
"2107314347","1491978100","0.283333"
"1504513446","2011136722","0.241667"
"2011136722","1504513446","0.241667"
"1504513446","2079778212","0.241667"
"2079778212","1504513446","0.241667"
"1504513446","2107314347","0.241667"
"2107314347","1504513446","0.241667"
"2011136722","2079778212","0.241667"
"2079778212","2011136722","0.241667"
"2011136722","2107314347","1.39855"
"2107314347","2011136722","1.39855"
"2079778212","2107314347","0.241667"
"2107314347","2079778212","0.241667"
"118725381","1965508913","0.290909"
"1965508913","118725381","0.290909"
"118725381","1999558161","8.29091"
"1999558161","118725381","8.29091"
"118725381","2556130418","0.457576"
"2556130418","118725381","0.457576"
"118725381","2561093524","0.457576"
"2561093524","118725381","0.457576"
"118725381","2596782244","0.457576"
"2596782244","118725381","0.457576"
"1965508913","1999558161","0.290909"
"1999558161","1965508913","0.290909"
"1965508913","2556130418","0.790909"
"2556130418","1965508913","0.790909"
"1965508913","2561093524","0.90202"
"2561093524","1965508913","0.90202"
"1965508913","2596782244","0.40202"
"2596782244","1965508913","0.40202"
"1999558161","2556130418","0.290909"
"2556130418","1999558161","0.290909"
"1999558161","2561093524","0.290909"
"2561093524","1999558161","0.290909"
"1999558161","2596782244","0.290909"
"2596782244","1999558161","0.290909"
"2556130418","2561093524","0.957576"
"2561093524","2556130418","0.957576"
"2556130418","2596782244","0.457576"
"2596782244","2556130418","0.457576"
"2561093524","2596782244","5.06869"
"2596782244","2561093524","5.06869"
"118725381","2088260817","0.424242"
"2088260817","118725381","0.424242"
"118725381","2091401259","0.924242"
"2091401259","118725381","0.924242"
"118725381","98721742","0.590909"
"98721742","118725381","0.590909"
"2088260817","2091401259","0.424242"
"2091401259","2088260817","0.424242"
"2088260817","98721742","3.42424"
"98721742","2088260817","3.42424"
"2091401259","98721742","0.590909"
"98721742","2091401259","0.590909"
"118725381","2757621957","0.590909"
"2757621957","118725381","0.590909"
"2091401259","2556130418","0.257576"
"2556130418","2091401259","0.257576"
"2091401259","2561093524","0.257576"
"2561093524","2091401259","0.257576"
"2091401259","2596782244","0.257576"
"2596782244","2091401259","0.257576"
"2091401259","2757621957","0.590909"
"2757621957","2091401259","0.590909"
"2556130418","2757621957","0.257576"
"2757621957","2556130418","0.257576"
"2556130418","98721742","0.257576"
"98721742","2556130418","0.257576"
"2561093524","2757621957","5.36869"
"2757621957","2561093524","5.36869"
"2561093524","98721742","0.257576"
"98721742","2561093524","0.257576"
"2596782244","2757621957","10.3687"
"2757621957","2596782244","10.3687"
"2596782244","98721742","0.257576"
"98721742","2596782244","0.257576"
"2757621957","98721742","0.757576"
"98721742","2757621957","0.757576"
"118725381","1984992918","0.424242"
"1984992918","118725381","0.424242"
"1984992918","2091401259","0.424242"
"2091401259","1984992918","0.424242"
"1984992918","2757621957","1.03535"
"2757621957","1984992918","1.03535"
"118725381","130187652","0.0416667"
"130187652","118725381","0.0416667"
"118725381","1555243071","0.0416667"
"1555243071","118725381","0.0416667"
"118725381","1576830784","0.0416667"
"1576830784","118725381","0.0416667"
"118725381","1586624296","0.0416667"
"1586624296","118725381","0.0416667"
"118725381","1596792369","0.0416667"
"1596792369","118725381","0.0416667"
"118725381","2020721196","0.0416667"
"2020721196","118725381","0.0416667"
"118725381","2056027583","0.0416667"
"2056027583","118725381","0.0416667"
"118725381","2080839230","0.0416667"
"2080839230","118725381","0.0416667"
"118725381","2088038170","0.0416667"
"2088038170","118725381","0.0416667"
"118725381","2092021606","0.0416667"
"2092021606","118725381","0.0416667"
"118725381","2095775244","0.0416667"
"2095775244","118725381","0.0416667"
"118725381","2167539083","0.0416667"
"2167539083","118725381","0.0416667"
"118725381","2171321644","0.0416667"
"2171321644","118725381","0.0416667"
"118725381","275041745","0.0416667"
"275041745","118725381","0.0416667"
"118725381","2784413597","0.0416667"
"2784413597","118725381","0.0416667"
"118725381","2796330674","0.0416667"
"2796330674","118725381","0.0416667"
"118725381","2953201062","0.0416667"
"2953201062","118725381","0.0416667"
"118725381","36485720","0.0416667"
"36485720","118725381","0.0416667"
"118725381","49218811","0.0416667"
"49218811","118725381","0.0416667"
"130187652","1491978100","0.0416667"
"1491978100","130187652","0.0416667"
"130187652","1504513446","0.0416667"
"1504513446","130187652","0.0416667"
"130187652","1555243071","0.0416667"
"1555243071","130187652","0.0416667"
"130187652","1576830784","0.0416667"
"1576830784","130187652","0.0416667"
"130187652","1586624296","0.341667"
"1586624296","130187652","0.341667"
"130187652","1596792369","0.0416667"
"1596792369","130187652","0.0416667"
"130187652","2011136722","0.0416667"
"2011136722","130187652","0.0416667"
"130187652","2020721196","0.0416667"
"2020721196","130187652","0.0416667"
"130187652","2056027583","0.0416667"
"2056027583","130187652","0.0416667"
"130187652","2079778212","0.0416667"
"2079778212","130187652","0.0416667"
"130187652","2080839230","0.0416667"
"2080839230","130187652","0.0416667"
"130187652","2088038170","0.0416667"
"2088038170","130187652","0.0416667"
"130187652","2092021606","0.0416667"
"2092021606","130187652","0.0416667"
"130187652","2095775244","0.0416667"
"2095775244","130187652","0.0416667"
"130187652","2107314347","0.0416667"
"2107314347","130187652","0.0416667"
"130187652","2167539083","0.0416667"
"2167539083","130187652","0.0416667"
"130187652","2171321644","1.475"
"2171321644","130187652","1.475"
"130187652","275041745","0.0416667"
"275041745","130187652","0.0416667"
"130187652","2784413597","0.0416667"
"2784413597","130187652","0.0416667"
"130187652","2796330674","0.0416667"
"2796330674","130187652","0.0416667"
"130187652","2953201062","0.0416667"
"2953201062","130187652","0.0416667"
"130187652","36485720","0.0416667"
"36485720","130187652","0.0416667"
"130187652","49218811","0.241667"
"49218811","130187652","0.241667"
"1491978100","1555243071","0.0416667"
"1555243071","1491978100","0.0416667"
"1491978100","1576830784","0.297619"
"1576830784","1491978100","0.297619"
"1491978100","1586624296","0.0416667"
"1586624296","1491978100","0.0416667"
"1491978100","1596792369","0.130952"
"1596792369","1491978100","0.130952"
"1491978100","2020721196","0.0416667"
"2020721196","1491978100","0.0416667"
"1491978100","2056027583","0.35049"
"2056027583","1491978100","0.35049"
"1491978100","2080839230","0.0833333"
"2080839230","1491978100","0.0833333"
"1491978100","2088038170","0.0416667"
"2088038170","1491978100","0.0416667"
"1491978100","2092021606","0.130952"
"2092021606","1491978100","0.130952"
"1491978100","2095775244","0.0416667"
"2095775244","1491978100","0.0416667"
"1491978100","2167539083","0.589286"
"2167539083","1491978100","0.589286"
"1491978100","2171321644","0.0416667"
"2171321644","1491978100","0.0416667"
"1491978100","275041745","0.0416667"
"275041745","1491978100","0.0416667"
"1491978100","2784413597","0.130952"
"2784413597","1491978100","0.130952"
"1491978100","2796330674","0.0416667"
"2796330674","1491978100","0.0416667"
"1491978100","2953201062","0.10049"
"2953201062","1491978100","0.10049"
"1491978100","36485720","0.0416667"
"36485720","1491978100","0.0416667"
"1491978100","49218811","0.0416667"
"49218811","1491978100","0.0416667"
"1504513446","1555243071","0.0416667"
"1555243071","1504513446","0.0416667"
"1504513446","1576830784","0.0416667"
"1576830784","1504513446","0.0416667"
"1504513446","1586624296","0.0416667"
"1586624296","1504513446","0.0416667"
"1504513446","1596792369","0.0416667"
"1596792369","1504513446","0.0416667"
"1504513446","2020721196","0.0416667"
"2020721196","1504513446","0.0416667"
"1504513446","2056027583","0.0416667"
"2056027583","1504513446","0.0416667"
"1504513446","2080839230","0.0416667"
"2080839230","1504513446","0.0416667"
"1504513446","2088038170","0.0416667"
"2088038170","1504513446","0.0416667"
"1504513446","2092021606","0.0416667"
"2092021606","1504513446","0.0416667"
"1504513446","2095775244","5.375"
"2095775244","1504513446","5.375"
"1504513446","2167539083","0.0416667"
"2167539083","1504513446","0.0416667"
"1504513446","2171321644","0.0416667"
"2171321644","1504513446","0.0416667"
"1504513446","275041745","0.0416667"
"275041745","1504513446","0.0416667"
"1504513446","2784413597","0.541667"
"2784413597","1504513446","0.541667"
"1504513446","2796330674","0.0416667"
"2796330674","1504513446","0.0416667"
"1504513446","2953201062","0.0416667"
"2953201062","1504513446","0.0416667"
"1504513446","36485720","0.375"
"36485720","1504513446","0.375"
"1504513446","49218811","0.0416667"
"49218811","1504513446","0.0416667"
"1555243071","1576830784","0.0416667"
"1576830784","1555243071","0.0416667"
"1555243071","1586624296","0.0416667"
"1586624296","1555243071","0.0416667"
"1555243071","1596792369","0.0416667"
"1596792369","1555243071","0.0416667"
"1555243071","2011136722","0.0416667"
"2011136722","1555243071","0.0416667"
"1555243071","2020721196","0.113095"
"2020721196","1555243071","0.113095"
"1555243071","2056027583","2.1131"
"2056027583","1555243071","2.1131"
"1555243071","2079778212","0.0416667"
"2079778212","1555243071","0.0416667"
"1555243071","2080839230","0.0416667"
"2080839230","1555243071","0.0416667"
"1555243071","2088038170","0.0416667"
"2088038170","1555243071","0.0416667"
"1555243071","2092021606","0.0416667"
"2092021606","1555243071","0.0416667"
"1555243071","2095775244","0.0416667"
"2095775244","1555243071","0.0416667"
"1555243071","2107314347","0.0416667"
"2107314347","1555243071","0.0416667"
"1555243071","2167539083","0.113095"
"2167539083","1555243071","0.113095"
"1555243071","2171321644","0.0416667"
"2171321644","1555243071","0.0416667"
"1555243071","275041745","0.0416667"
"275041745","1555243071","0.0416667"
"1555243071","2784413597","0.0416667"
"2784413597","1555243071","0.0416667"
"1555243071","2796330674","0.0416667"
"2796330674","1555243071","0.0416667"
"1555243071","2953201062","0.0416667"
"2953201062","1555243071","0.0416667"
"1555243071","36485720","0.0416667"
"36485720","1555243071","0.0416667"
"1555243071","49218811","0.0416667"
"49218811","1555243071","0.0416667"
"1576830784","1586624296","0.0416667"
"1586624296","1576830784","0.0416667"
"1576830784","1596792369","0.130952"
"1596792369","1576830784","0.130952"
"1576830784","2011136722","0.0833333"
"2011136722","1576830784","0.0833333"
"1576830784","2020721196","0.0416667"
"2020721196","1576830784","0.0416667"
"1576830784","2056027583","0.0416667"
"2056027583","1576830784","0.0416667"
"1576830784","2079778212","0.0416667"
"2079778212","1576830784","0.0416667"
"1576830784","2080839230","0.0833333"
"2080839230","1576830784","0.0833333"
"1576830784","2088038170","0.0416667"
"2088038170","1576830784","0.0416667"
"1576830784","2092021606","0.130952"
"2092021606","1576830784","0.130952"
"1576830784","2095775244","0.0416667"
"2095775244","1576830784","0.0416667"
"1576830784","2107314347","0.0833333"
"2107314347","1576830784","0.0833333"
"1576830784","2167539083","3.39881"
"2167539083","1576830784","3.39881"
"1576830784","2171321644","0.0416667"
"2171321644","1576830784","0.0416667"
"1576830784","275041745","0.0416667"
"275041745","1576830784","0.0416667"
"1576830784","2784413597","0.130952"
"2784413597","1576830784","0.130952"
"1576830784","2796330674","0.0416667"
"2796330674","1576830784","0.0416667"
"1576830784","2953201062","0.0416667"
"2953201062","1576830784","0.0416667"
"1576830784","36485720","0.0416667"
"36485720","1576830784","0.0416667"
"1576830784","49218811","0.0416667"
"49218811","1576830784","0.0416667"
"1586624296","1596792369","0.0416667"
"1596792369","1586624296","0.0416667"
"1586624296","2011136722","0.0416667"
"2011136722","1586624296","0.0416667"
"1586624296","2020721196","0.0416667"
"2020721196","1586624296","0.0416667"
"1586624296","2056027583","0.0416667"
"2056027583","1586624296","0.0416667"
"1586624296","2079778212","0.0416667"
"2079778212","1586624296","0.0416667"
"1586624296","2080839230","0.0416667"
"2080839230","1586624296","0.0416667"
"1586624296","2088038170","0.0416667"
"2088038170","1586624296","0.0416667"
"1586624296","2092021606","0.0416667"
"2092021606","1586624296","0.0416667"
"1586624296","2095775244","0.0416667"
"2095775244","1586624296","0.0416667"
"1586624296","2107314347","0.0416667"
"2107314347","1586624296","0.0416667"
"1586624296","2167539083","0.0416667"
"2167539083","1586624296","0.0416667"
"1586624296","2171321644","0.341667"
"2171321644","1586624296","0.341667"
"1586624296","275041745","0.541667"
"275041745","1586624296","0.541667"
"1586624296","2784413597","0.208333"
"2784413597","1586624296","0.208333"
"1586624296","2796330674","0.0416667"
"2796330674","1586624296","0.0416667"
"1586624296","2953201062","0.0416667"
"2953201062","1586624296","0.0416667"
"1586624296","36485720","0.0416667"
"36485720","1586624296","0.0416667"
"1586624296","49218811","0.241667"
"49218811","1586624296","0.241667"
"1596792369","2011136722","0.75926"
"2011136722","1596792369","0.75926"
"1596792369","2020721196","0.558502"
"2020721196","1596792369","0.558502"
"1596792369","2056027583","0.232576"
"2056027583","1596792369","0.232576"
"1596792369","2079778212","0.0416667"
"2079778212","1596792369","0.0416667"
"1596792369","2080839230","0.432312"
"2080839230","1596792369","0.432312"
"1596792369","2088038170","0.0416667"
"2088038170","1596792369","0.0416667"
"1596792369","2092021606","0.973978"
"2092021606","1596792369","0.973978"
"1596792369","2095775244","0.0612745"
"2095775244","1596792369","0.0612745"
"1596792369","2107314347","0.315645"
"2107314347","1596792369","0.315645"
"1596792369","2167539083","0.0892857"
"2167539083","1596792369","0.0892857"
"1596792369","2171321644","0.0416667"
"2171321644","1596792369","0.0416667"
"1596792369","275041745","0.0612745"
"275041745","1596792369","0.0612745"
"1596792369","2784413597","2.19974"
"2784413597","1596792369","2.19974"
"1596792369","2796330674","0.0416667"
"2796330674","1596792369","0.0416667"
"1596792369","2953201062","0.0416667"
"2953201062","1596792369","0.0416667"
"1596792369","36485720","0.0416667"
"36485720","1596792369","0.0416667"
"1596792369","49218811","0.0416667"
"49218811","1596792369","0.0416667"
"2011136722","2020721196","0.66045"
"2020721196","2011136722","0.66045"
"2011136722","2056027583","0.0416667"
"2056027583","2011136722","0.0416667"
"2011136722","2080839230","0.189022"
"2080839230","2011136722","0.189022"
"2011136722","2088038170","0.0416667"
"2088038170","2011136722","0.0416667"
"2011136722","2092021606","1.5664"
"2092021606","2011136722","1.5664"
"2011136722","2095775244","0.0612745"
"2095775244","2011136722","0.0612745"
"2011136722","2167539083","0.0416667"
"2167539083","2011136722","0.0416667"
"2011136722","2171321644","0.0416667"
"2171321644","2011136722","0.0416667"
"2011136722","275041745","0.108894"
"275041745","2011136722","0.108894"
"2011136722","2784413597","1.44761"
"2784413597","2011136722","1.44761"
"2011136722","2796330674","0.0416667"
"2796330674","2011136722","0.0416667"
"2011136722","2953201062","0.0416667"
"2953201062","2011136722","0.0416667"
"2011136722","36485720","0.0416667"
"36485720","2011136722","0.0416667"
"2011136722","49218811","0.0416667"
"49218811","2011136722","0.0416667"
"2020721196","2056027583","0.204004"
"2056027583","2020721196","0.204004"
"2020721196","2079778212","0.0416667"
"2079778212","2020721196","0.0416667"
"2020721196","2080839230","0.357312"
"2080839230","2020721196","0.357312"
"2020721196","2088038170","0.0416667"
"2088038170","2020721196","0.0416667"
"2020721196","2092021606","0.684693"
"2092021606","2020721196","0.684693"
"2020721196","2095775244","0.0612745"
"2095775244","2020721196","0.0612745"
"2020721196","2107314347","0.416836"
"2107314347","2020721196","0.416836"
"2020721196","2167539083","0.113095"
"2167539083","2020721196","0.113095"
"2020721196","2171321644","0.0416667"
"2171321644","2020721196","0.0416667"
"2020721196","275041745","0.127941"
"275041745","2020721196","0.127941"
"2020721196","2784413597","0.577117"
"2784413597","2020721196","0.577117"
"2020721196","2796330674","0.0416667"
"2796330674","2020721196","0.0416667"
"2020721196","2953201062","0.0416667"
"2953201062","2020721196","0.0416667"
"2020721196","36485720","0.0416667"
"36485720","2020721196","0.0416667"
"2020721196","49218811","0.108333"
"49218811","2020721196","0.108333"
"2056027583","2079778212","0.0416667"
"2079778212","2056027583","0.0416667"
"2056027583","2080839230","0.232576"
"2080839230","2056027583","0.232576"
"2056027583","2088038170","0.0416667"
"2088038170","2056027583","0.0416667"
"2056027583","2092021606","0.232576"
"2092021606","2056027583","0.232576"
"2056027583","2095775244","0.0416667"
"2095775244","2056027583","0.0416667"
"2056027583","2107314347","0.132576"
"2107314347","2056027583","0.132576"
"2056027583","2167539083","0.113095"
"2167539083","2056027583","0.113095"
"2056027583","2171321644","0.0416667"
"2171321644","2056027583","0.0416667"
"2056027583","275041745","0.0416667"
"275041745","2056027583","0.0416667"
"2056027583","2784413597","0.0416667"
"2784413597","2056027583","0.0416667"
"2056027583","2796330674","0.0416667"
"2796330674","2056027583","0.0416667"
"2056027583","2953201062","0.10049"
"2953201062","2056027583","0.10049"
"2056027583","36485720","0.0416667"
"36485720","2056027583","0.0416667"
"2056027583","49218811","0.0416667"
"49218811","2056027583","0.0416667"
"2079778212","2080839230","0.0416667"
"2080839230","2079778212","0.0416667"
"2079778212","2088038170","0.0416667"
"2088038170","2079778212","0.0416667"
"2079778212","2092021606","0.0416667"
"2092021606","2079778212","0.0416667"
"2079778212","2095775244","0.0416667"
"2095775244","2079778212","0.0416667"
"2079778212","2167539083","0.0416667"
"2167539083","2079778212","0.0416667"
"2079778212","2171321644","0.0416667"
"2171321644","2079778212","0.0416667"
"2079778212","275041745","0.0416667"
"275041745","2079778212","0.0416667"
"2079778212","2784413597","0.0416667"
"2784413597","2079778212","0.0416667"
"2079778212","2796330674","0.0416667"
"2796330674","2079778212","0.0416667"
"2079778212","2953201062","0.11859"
"2953201062","2079778212","0.11859"
"2079778212","36485720","0.0416667"
"36485720","2079778212","0.0416667"
"2079778212","49218811","0.0416667"
"49218811","2079778212","0.0416667"
"2080839230","2088038170","0.0416667"
"2088038170","2080839230","0.0416667"
"2080839230","2092021606","0.379931"
"2092021606","2080839230","0.379931"
"2080839230","2095775244","0.0612745"
"2095775244","2080839230","0.0612745"
"2080839230","2107314347","0.279931"
"2107314347","2080839230","0.279931"
"2080839230","2167539083","0.0416667"
"2167539083","2080839230","0.0416667"
"2080839230","2171321644","0.0416667"
"2171321644","2080839230","0.0416667"
"2080839230","275041745","0.17556"
"275041745","2080839230","0.17556"
"2080839230","2784413597","0.141403"
"2784413597","2080839230","0.141403"
"2080839230","2796330674","0.0416667"
"2796330674","2080839230","0.0416667"
"2080839230","2953201062","0.0416667"
"2953201062","2080839230","0.0416667"
"2080839230","36485720","0.0416667"
"36485720","2080839230","0.0416667"
"2080839230","49218811","0.108333"
"49218811","2080839230","0.108333"
"2088038170","2092021606","0.0416667"
"2092021606","2088038170","0.0416667"
"2088038170","2095775244","0.0416667"
"2095775244","2088038170","0.0416667"
"2088038170","2107314347","0.0416667"
"2107314347","2088038170","0.0416667"
"2088038170","2167539083","0.0416667"
"2167539083","2088038170","0.0416667"
"2088038170","2171321644","0.0416667"
"2171321644","2088038170","0.0416667"
"2088038170","275041745","0.0416667"
"275041745","2088038170","0.0416667"
"2088038170","2784413597","0.0416667"
"2784413597","2088038170","0.0416667"
"2088038170","2796330674","0.0416667"
"2796330674","2088038170","0.0416667"
"2088038170","2953201062","0.0416667"
"2953201062","2088038170","0.0416667"
"2088038170","36485720","0.0416667"
"36485720","2088038170","0.0416667"
"2088038170","49218811","0.0416667"
"49218811","2088038170","0.0416667"
"2092021606","2095775244","0.0612745"
"2095775244","2092021606","0.0612745"
"2092021606","2107314347","2.78945"
"2107314347","2092021606","2.78945"
"2092021606","2167539083","0.0892857"
"2167539083","2092021606","0.0892857"
"2092021606","2171321644","0.0416667"
"2171321644","2092021606","0.0416667"
"2092021606","275041745","0.220005"
"275041745","2092021606","0.220005"
"2092021606","2784413597","1.51878"
"2784413597","2092021606","1.51878"
"2092021606","2796330674","0.0416667"
"2796330674","2092021606","0.0416667"
"2092021606","2953201062","0.0416667"
"2953201062","2092021606","0.0416667"
"2092021606","36485720","0.0416667"
"36485720","2092021606","0.0416667"
"2092021606","49218811","0.0416667"
"49218811","2092021606","0.0416667"
"2095775244","2107314347","0.0612745"
"2107314347","2095775244","0.0612745"
"2095775244","2167539083","0.0416667"
"2167539083","2095775244","0.0416667"
"2095775244","2171321644","0.0416667"
"2171321644","2095775244","0.0416667"
"2095775244","275041745","0.0612745"
"275041745","2095775244","0.0612745"
"2095775244","2784413597","0.561275"
"2784413597","2095775244","0.561275"
"2095775244","2796330674","0.0416667"
"2796330674","2095775244","0.0416667"
"2095775244","2953201062","0.0416667"
"2953201062","2095775244","0.0416667"
"2095775244","36485720","0.875"
"36485720","2095775244","0.875"
"2095775244","49218811","0.0416667"
"49218811","2095775244","0.0416667"
"2107314347","2167539083","0.0416667"
"2167539083","2107314347","0.0416667"
"2107314347","2171321644","0.0416667"
"2171321644","2107314347","0.0416667"
"2107314347","275041745","0.108894"
"275041745","2107314347","0.108894"
"2107314347","2784413597","0.567593"
"2784413597","2107314347","0.567593"
"2107314347","2796330674","0.0416667"
"2796330674","2107314347","0.0416667"
"2107314347","2953201062","0.0416667"
"2953201062","2107314347","0.0416667"
"2107314347","36485720","0.0416667"
"36485720","2107314347","0.0416667"
"2107314347","49218811","0.0416667"
"49218811","2107314347","0.0416667"
"2167539083","2171321644","0.0416667"
"2171321644","2167539083","0.0416667"
"2167539083","275041745","0.0416667"
"275041745","2167539083","0.0416667"
"2167539083","2784413597","2.48214"
"2784413597","2167539083","2.48214"
"2167539083","2796330674","0.0416667"
"2796330674","2167539083","0.0416667"
"2167539083","2953201062","0.0416667"
"2953201062","2167539083","0.0416667"
"2167539083","36485720","0.0416667"
"36485720","2167539083","0.0416667"
"2167539083","49218811","0.0416667"
"49218811","2167539083","0.0416667"
"2171321644","275041745","0.0416667"
"275041745","2171321644","0.0416667"
"2171321644","2784413597","0.0416667"
"2784413597","2171321644","0.0416667"
"2171321644","2796330674","0.0416667"
"2796330674","2171321644","0.0416667"
"2171321644","2953201062","0.0416667"
"2953201062","2171321644","0.0416667"
"2171321644","36485720","0.0416667"
"36485720","2171321644","0.0416667"
"2171321644","49218811","0.0416667"
"49218811","2171321644","0.0416667"
"275041745","2784413597","0.0612745"
"2784413597","275041745","0.0612745"
"275041745","2796330674","0.0416667"
"2796330674","275041745","0.0416667"
"275041745","2953201062","0.0416667"
"2953201062","275041745","0.0416667"
"275041745","36485720","0.0416667"
"36485720","275041745","0.0416667"
"275041745","49218811","0.108333"
"49218811","275041745","0.108333"
"2784413597","2796330674","0.0416667"
"2796330674","2784413597","0.0416667"
"2784413597","2953201062","0.0416667"
"2953201062","2784413597","0.0416667"
"2784413597","36485720","0.0416667"
"36485720","2784413597","0.0416667"
"2784413597","49218811","0.0416667"
"49218811","2784413597","0.0416667"
"2796330674","2953201062","0.0416667"
"2953201062","2796330674","0.0416667"
"2796330674","36485720","0.0416667"
"36485720","2796330674","0.0416667"
"2796330674","49218811","0.0416667"
"49218811","2796330674","0.0416667"
"2953201062","36485720","0.0416667"
"36485720","2953201062","0.0416667"
"2953201062","49218811","0.0416667"
"49218811","2953201062","0.0416667"
"36485720","49218811","0.0416667"
"49218811","36485720","0.0416667"
"118725381","2107518003","0.0909091"
"2107518003","118725381","0.0909091"
"1965508913","1984992918","0.70202"
"1984992918","1965508913","0.70202"
"1965508913","2088260817","0.0909091"
"2088260817","1965508913","0.0909091"
"1965508913","2091401259","0.0909091"
"2091401259","1965508913","0.0909091"
"1965508913","2107518003","0.0909091"
"2107518003","1965508913","0.0909091"
"1965508913","2757621957","0.20202"
"2757621957","1965508913","0.20202"
"1965508913","98721742","0.0909091"
"98721742","1965508913","0.0909091"
"1984992918","1999558161","0.0909091"
"1999558161","1984992918","0.0909091"
"1984992918","2088260817","0.0909091"
"2088260817","1984992918","0.0909091"
"1984992918","2107518003","0.0909091"
"2107518003","1984992918","0.0909091"
"1984992918","2556130418","0.0909091"
"2556130418","1984992918","0.0909091"
"1984992918","2561093524","0.70202"
"2561093524","1984992918","0.70202"
"1984992918","2596782244","1.20202"
"2596782244","1984992918","1.20202"
"1984992918","98721742","0.0909091"
"98721742","1984992918","0.0909091"
"1999558161","2088260817","0.0909091"
"2088260817","1999558161","0.0909091"
"1999558161","2091401259","0.0909091"
"2091401259","1999558161","0.0909091"
"1999558161","2107518003","0.0909091"
"2107518003","1999558161","0.0909091"
"1999558161","2757621957","0.0909091"
"2757621957","1999558161","0.0909091"
"1999558161","98721742","0.0909091"
"98721742","1999558161","0.0909091"
"2088260817","2107518003","0.324675"
"2107518003","2088260817","0.324675"
"2088260817","2556130418","0.0909091"
"2556130418","2088260817","0.0909091"
"2088260817","2561093524","0.0909091"
"2561093524","2088260817","0.0909091"
"2088260817","2596782244","0.0909091"
"2596782244","2088260817","0.0909091"
"2088260817","2757621957","0.590909"
"2757621957","2088260817","0.590909"
"2091401259","2107518003","0.0909091"
"2107518003","2091401259","0.0909091"
"2107518003","2556130418","0.0909091"
"2556130418","2107518003","0.0909091"
"2107518003","2561093524","0.0909091"
"2561093524","2107518003","0.0909091"
"2107518003","2596782244","0.0909091"
"2596782244","2107518003","0.0909091"
"2107518003","2757621957","0.0909091"
"2757621957","2107518003","0.0909091"
"2107518003","98721742","0.0909091"
"98721742","2107518003","0.0909091"
"130187652","2003503096","0.5"
"2003503096","130187652","0.5"
"2003503096","2171321644","1.36667"
"2171321644","2003503096","1.36667"
"130187652","2020813568","0.2"
"2020813568","130187652","0.2"
"130187652","2036906146","0.2"
"2036906146","130187652","0.2"
"130187652","2146949011","0.2"
"2146949011","130187652","0.2"
"1586624296","2020813568","0.2"
"2020813568","1586624296","0.2"
"1586624296","2036906146","0.325"
"2036906146","1586624296","0.325"
"1586624296","2146949011","0.2"
"2146949011","1586624296","0.2"
"2020813568","2036906146","0.2"
"2036906146","2020813568","0.2"
"2020813568","2146949011","0.2"
"2146949011","2020813568","0.2"
"2020813568","49218811","0.2"
"49218811","2020813568","0.2"
"2036906146","2146949011","0.2"
"2146949011","2036906146","0.2"
"2036906146","49218811","0.2"
"49218811","2036906146","0.2"
"2146949011","49218811","0.266667"
"49218811","2146949011","0.266667"
"130187652","1510390080","0.433333"
"1510390080","130187652","0.433333"
"130187652","2051526003","0.933333"
"2051526003","130187652","0.933333"
"1510390080","2051526003","1.13333"
"2051526003","1510390080","1.13333"
"1510390080","2171321644","0.966667"
"2171321644","1510390080","0.966667"
"2051526003","2171321644","1.8"
"2171321644","2051526003","1.8"
"130187652","1576567717","0.1"
"1576567717","130187652","0.1"
"130187652","2052054613","0.1"
"2052054613","130187652","0.1"
"130187652","2055137451","0.1"
"2055137451","130187652","0.1"
"130187652","2117599862","0.1"
"2117599862","130187652","0.1"
"130187652","2156903065","0.1"
"2156903065","130187652","0.1"
"130187652","2804531111","0.1"
"2804531111","130187652","0.1"
"1510390080","1576567717","0.166667"
"1576567717","1510390080","0.166667"
"1510390080","1586624296","2.1"
"1586624296","1510390080","2.1"
"1510390080","2052054613","0.1"
"2052054613","1510390080","0.1"
"1510390080","2055137451","0.158824"
"2055137451","1510390080","0.158824"
"1510390080","2117599862","0.158824"
"2117599862","1510390080","0.158824"
"1510390080","2156903065","0.1"
"2156903065","1510390080","0.1"
"1510390080","2804531111","0.22549"
"2804531111","1510390080","0.22549"
"1576567717","1586624296","0.225"
"1586624296","1576567717","0.225"
"1576567717","2051526003","0.1"
"2051526003","1576567717","0.1"
"1576567717","2052054613","0.442857"
"2052054613","1576567717","0.442857"
"1576567717","2055137451","2.06667"
"2055137451","1576567717","2.06667"
"1576567717","2117599862","0.619608"
"2117599862","1576567717","0.619608"
"1576567717","2156903065","0.789286"
"2156903065","1576567717","0.789286"
"1576567717","2171321644","0.1"
"2171321644","1576567717","0.1"
"1586624296","2051526003","0.1"
"2051526003","1586624296","0.1"
"1586624296","2052054613","0.3"
"2052054613","1586624296","0.3"
"1586624296","2055137451","0.1"
"2055137451","1586624296","0.1"
"1586624296","2117599862","0.1"
"2117599862","1586624296","0.1"
"1586624296","2156903065","0.225"
"2156903065","1586624296","0.225"
"1586624296","2804531111","0.225"
"2804531111","1586624296","0.225"
"2051526003","2052054613","0.683333"
"2052054613","2051526003","0.683333"
"2051526003","2055137451","0.1"
"2055137451","2051526003","0.1"
"2051526003","2117599862","0.1"
"2117599862","2051526003","0.1"
"2051526003","2156903065","0.1"
"2156903065","2051526003","0.1"
"2051526003","2804531111","0.1"
"2804531111","2051526003","0.1"
"2052054613","2055137451","0.1"
"2055137451","2052054613","0.1"
"2052054613","2117599862","0.1"
"2117599862","2052054613","0.1"
"2052054613","2156903065","0.1"
"2156903065","2052054613","0.1"
"2052054613","2171321644","0.3"
"2171321644","2052054613","0.3"
"2052054613","2804531111","0.442857"
"2804531111","2052054613","0.442857"
"2055137451","2117599862","0.158824"
"2117599862","2055137451","0.158824"
"2055137451","2156903065","0.366667"
"2156903065","2055137451","0.366667"
"2055137451","2171321644","0.1"
"2171321644","2055137451","0.1"
"2055137451","2804531111","2.12549"
"2804531111","2055137451","2.12549"
"2117599862","2156903065","0.176923"
"2156903065","2117599862","0.176923"
"2117599862","2171321644","0.1"
"2171321644","2117599862","0.1"
"2117599862","2804531111","0.678431"
"2804531111","2117599862","0.678431"
"2156903065","2171321644","0.1"
"2171321644","2156903065","0.1"
"2156903065","2804531111","0.789286"
"2804531111","2156903065","0.789286"
"2171321644","2804531111","0.1"
"2804531111","2171321644","0.1"
"131320712","160184060","5.99968"
"160184060","131320712","5.99968"
"131320712","1504835650","0.139423"
"1504835650","131320712","0.139423"
"131320712","1569669449","0.30609"
"1569669449","131320712","0.30609"
"131320712","1606116389","1.24359"
"1606116389","131320712","1.24359"
"131320712","1976254015","0.0769231"
"1976254015","131320712","0.0769231"
"131320712","1985445120","0.0769231"
"1985445120","131320712","0.0769231"
"131320712","1994501015","0.44359"
"1994501015","131320712","0.44359"
"131320712","2007802117","0.24359"
"2007802117","131320712","0.24359"
"131320712","2075286904","0.0769231"
"2075286904","131320712","0.0769231"
"131320712","2110576487","0.139423"
"2110576487","131320712","0.139423"
"131320712","2156727067","0.0769231"
"2156727067","131320712","0.0769231"
"131320712","2162163122","0.14359"
"2162163122","131320712","0.14359"
"131320712","2210072501","0.44359"
"2210072501","131320712","0.44359"
"1504835650","1569669449","1.14895"
"1569669449","1504835650","1.14895"
"1504835650","160184060","0.139423"
"160184060","1504835650","0.139423"
"1504835650","1606116389","0.26821"
"1606116389","1504835650","0.26821"
"1504835650","1976254015","0.0769231"
"1976254015","1504835650","0.0769231"
"1504835650","1985445120","0.296531"
"1985445120","1504835650","0.296531"
"1504835650","1994501015","0.0965309"
"1994501015","1504835650","0.0965309"
"1504835650","2007802117","0.0769231"
"2007802117","1504835650","0.0769231"
"1504835650","2075286904","0.0769231"
"2075286904","1504835650","0.0769231"
"1504835650","2110576487","0.448947"
"2110576487","1504835650","0.448947"
"1504835650","2156727067","0.540975"
"2156727067","1504835650","0.540975"
"1504835650","2162163122","0.0965309"
"2162163122","1504835650","0.0965309"
"1504835650","2210072501","0.406055"
"2210072501","1504835650","0.406055"
"1569669449","160184060","0.448947"
"160184060","1569669449","0.448947"
"1569669449","1606116389","0.986447"
"1606116389","1569669449","0.986447"
"1569669449","1976254015","0.0769231"
"1976254015","1569669449","0.0769231"
"1569669449","1985445120","0.676923"
"1985445120","1569669449","0.676923"
"1569669449","1994501015","0.24359"
"1994501015","1569669449","0.24359"
"1569669449","2007802117","0.886447"
"2007802117","1569669449","0.886447"
"1569669449","2075286904","0.0769231"
"2075286904","1569669449","0.0769231"
"1569669449","2110576487","5.0918"
"2110576487","1569669449","5.0918"
"1569669449","2156727067","0.0769231"
"2156727067","1569669449","0.0769231"
"1569669449","2162163122","0.0769231"
"2162163122","1569669449","0.0769231"
"1569669449","2210072501","0.410256"
"2210072501","1569669449","0.410256"
"160184060","1606116389","0.386447"
"1606116389","160184060","0.386447"
"160184060","1976254015","0.0769231"
"1976254015","160184060","0.0769231"
"160184060","1985445120","0.0769231"
"1985445120","160184060","0.0769231"
"160184060","1994501015","0.24359"
"1994501015","160184060","0.24359"
"160184060","2007802117","0.386447"
"2007802117","160184060","0.386447"
"160184060","2075286904","0.0769231"
"2075286904","160184060","0.0769231"
"160184060","2110576487","0.28228"
"2110576487","160184060","0.28228"
"160184060","2156727067","0.0769231"
"2156727067","160184060","0.0769231"
"160184060","2162163122","0.14359"
"2162163122","160184060","0.14359"
"160184060","2210072501","1.24359"
"2210072501","160184060","1.24359"
"1606116389","1976254015","0.410256"
"1976254015","1606116389","0.410256"
"1606116389","1985445120","0.0965309"
"1985445120","1606116389","0.0965309"
"1606116389","1994501015","0.263198"
"1994501015","1606116389","0.263198"
"1606116389","2007802117","0.71978"
"2007802117","1606116389","0.71978"
"1606116389","2075286904","0.0769231"
"2075286904","1606116389","0.0769231"
"1606116389","2110576487","0.81978"
"2110576487","1606116389","0.81978"
"1606116389","2156727067","0.0965309"
"2156727067","1606116389","0.0965309"
"1606116389","2162163122","0.0965309"
