"107957716","1481698460","2"
"1481698460","107957716","2"
"107957716","1584535906","0.333333"
"1584535906","107957716","0.333333"
"107957716","196359045","0.333333"
"196359045","107957716","0.333333"
"107957716","2165197950","0.333333"
"2165197950","107957716","0.333333"
"1584535906","196359045","0.333333"
"196359045","1584535906","0.333333"
"1584535906","2165197950","0.333333"
"2165197950","1584535906","0.333333"
"196359045","2165197950","21.075"
"2165197950","196359045","21.075"
"115379867","192895065","0.333333"
"192895065","115379867","0.333333"
"115379867","1969525173","2.33333"
"1969525173","115379867","2.33333"
"115379867","2054743239","0.333333"
"2054743239","115379867","0.333333"
"192895065","1969525173","0.833333"
"1969525173","192895065","0.833333"
"192895065","2054743239","0.333333"
"2054743239","192895065","0.333333"
"1969525173","2054743239","8.33333"
"2054743239","1969525173","8.33333"
"136184859","192895065","2.2"
"192895065","136184859","2.2"
"136184859","1540887340","0.2"
"1540887340","136184859","0.2"
"136184859","196359045","0.2"
"196359045","136184859","0.2"
"136184859","2076775570","0.2"
"2076775570","136184859","0.2"
"136184859","2165197950","0.2"
"2165197950","136184859","0.2"
"1540887340","192895065","0.2"
"192895065","1540887340","0.2"
"1540887340","196359045","1.03333"
"196359045","1540887340","1.03333"
"1540887340","2076775570","0.2"
"2076775570","1540887340","0.2"
"1540887340","2165197950","1.17619"
"2165197950","1540887340","1.17619"
"192895065","196359045","0.325"
"196359045","192895065","0.325"
"192895065","2076775570","0.45"
"2076775570","192895065","0.45"
"192895065","2165197950","0.325"
"2165197950","192895065","0.325"
"196359045","2076775570","0.533333"
"2076775570","196359045","0.533333"
"2076775570","2165197950","0.533333"
"2165197950","2076775570","0.533333"
"136184859","1554426544","0.2"
"1554426544","136184859","0.2"
"136184859","1970596867","0.2"
"1970596867","136184859","0.2"
"136184859","2006245314","0.2"
"2006245314","136184859","0.2"
"136184859","207160223","0.2"
"207160223","136184859","0.2"
"136184859","2168289127","0.2"
"2168289127","136184859","0.2"
"1554426544","1970596867","0.542857"
"1970596867","1554426544","0.542857"
"1554426544","2006245314","0.2"
"2006245314","1554426544","0.2"
"1554426544","207160223","0.471429"
"207160223","1554426544","0.471429"
"1554426544","2168289127","0.271429"
"2168289127","1554426544","0.271429"
"1970596867","2006245314","0.2"
"2006245314","1970596867","0.2"
"1970596867","207160223","0.471429"
"207160223","1970596867","0.471429"
"1970596867","2168289127","1.64643"
"2168289127","1970596867","1.64643"
"2006245314","207160223","0.2"
"207160223","2006245314","0.2"
"2006245314","2168289127","0.2"
"2168289127","2006245314","0.2"
"207160223","2168289127","0.2"
"2168289127","207160223","0.2"
"136184859","2168366350","0.5"
"2168366350","136184859","0.5"
"136184859","2408318924","0.5"
"2408318924","136184859","0.5"
"2168366350","2408318924","0.5"
"2408318924","2168366350","0.5"
"1481698460","1584535906","3"
"1584535906","1481698460","3"
"1500088894","2001985354","0.333333"
"2001985354","1500088894","0.333333"
"1500088894","2084929407","0.666667"
"2084929407","1500088894","0.666667"
"1500088894","2165197950","0.333333"
"2165197950","1500088894","0.333333"
"2001985354","2084929407","0.333333"
"2084929407","2001985354","0.333333"
"2001985354","2165197950","0.333333"
"2165197950","2001985354","0.333333"
"2084929407","2165197950","0.5"
"2165197950","2084929407","0.5"
"1500088894","192895065","1.16667"
"192895065","1500088894","1.16667"
"1500088894","1556039131","0.166667"
"1556039131","1500088894","0.166667"
"1500088894","1751031371","0.333333"
"1751031371","1500088894","0.333333"
"1500088894","1994163494","0.166667"
"1994163494","1500088894","0.166667"
"1500088894","2032096737","0.666667"
"2032096737","1500088894","0.666667"
"1500088894","2039448517","0.166667"
"2039448517","1500088894","0.166667"
"1500088894","2168369255","0.333333"
"2168369255","1500088894","0.333333"
"1556039131","1751031371","0.488095"
"1751031371","1556039131","0.488095"
"1556039131","1994163494","0.166667"
"1994163494","1556039131","0.166667"
"1556039131","2032096737","0.238095"
"2032096737","1556039131","0.238095"
"1556039131","2039448517","0.238095"
"2039448517","1556039131","0.238095"
"1556039131","2168369255","0.488095"
"2168369255","1556039131","0.488095"
"1751031371","1994163494","0.166667"
"1994163494","1751031371","0.166667"
"1751031371","2032096737","0.404762"
"2032096737","1751031371","0.404762"
"1751031371","2039448517","0.238095"
"2039448517","1751031371","0.238095"
"1751031371","2168369255","1.15476"
"2168369255","1751031371","1.15476"
"1994163494","2032096737","0.166667"
"2032096737","1994163494","0.166667"
"1994163494","2039448517","0.166667"
"2039448517","1994163494","0.166667"
"1994163494","2168369255","0.166667"
"2168369255","1994163494","0.166667"
"2032096737","2039448517","0.238095"
"2039448517","2032096737","0.238095"
"2032096737","2168369255","0.571429"
"2168369255","2032096737","0.571429"
"2039448517","2168369255","0.238095"
"2168369255","2039448517","0.238095"
"1500088894","2116260243","1.33333"
"2116260243","1500088894","1.33333"
"1500088894","2166867792","0.166667"
"2166867792","1500088894","0.166667"
"1500088894","53002178","0.166667"
"53002178","1500088894","0.166667"
"1751031371","192895065","0.166667"
"192895065","1751031371","0.166667"
"1751031371","2166867792","0.166667"
"2166867792","1751031371","0.166667"
"1751031371","53002178","0.166667"
"53002178","1751031371","0.166667"
"192895065","2032096737","0.666667"
"2032096737","192895065","0.666667"
"192895065","2166867792","0.166667"
"2166867792","192895065","0.166667"
"192895065","2168369255","0.166667"
"2168369255","192895065","0.166667"
"192895065","53002178","0.166667"
"53002178","192895065","0.166667"
"2032096737","2166867792","0.166667"
"2166867792","2032096737","0.166667"
"2032096737","53002178","0.166667"
"53002178","2032096737","0.166667"
"2166867792","2168369255","0.166667"
"2168369255","2166867792","0.166667"
"2166867792","53002178","0.166667"
"53002178","2166867792","0.166667"
"2168369255","53002178","0.166667"
"53002178","2168369255","0.166667"
"2032096737","2084929407","0.571429"
"2084929407","2032096737","0.571429"
"2032096737","2116260243","1.40476"
"2116260243","2032096737","1.40476"
"2084929407","2116260243","3.10476"
"2116260243","2084929407","3.10476"
"1503429812","1508881839","0.521429"
"1508881839","1503429812","0.521429"
"1503429812","1554426544","0.471429"
"1554426544","1503429812","0.471429"
"1503429812","1970596867","1.80476"
"1970596867","1503429812","1.80476"
"1503429812","2045704953","0.0714286"
"2045704953","1503429812","0.0714286"
"1503429812","2076112456","0.321429"
"2076112456","1503429812","0.321429"
"1503429812","2103431672","1.77143"
"2103431672","1503429812","1.77143"
"1503429812","2103839338","1.4381"
"2103839338","1503429812","1.4381"
"1503429812","2110057661","0.321429"
"2110057661","1503429812","0.321429"
"1503429812","2130246356","0.988095"
"2130246356","1503429812","0.988095"
"1503429812","2154777799","1.02143"
"2154777799","1503429812","1.02143"
"1503429812","2168289127","0.321429"
"2168289127","1503429812","0.321429"
"1503429812","2168366350","0.571429"
"2168366350","1503429812","0.571429"
"1503429812","2581179569","0.0714286"
"2581179569","1503429812","0.0714286"
"1503429812","336895205","0.271429"
"336895205","1503429812","0.271429"
"1508881839","1554426544","0.404762"
"1554426544","1508881839","0.404762"
"1508881839","1970596867","0.271429"
"1970596867","1508881839","0.271429"
"1508881839","2045704953","0.604762"
"2045704953","1508881839","0.604762"
"1508881839","2076112456","0.321429"
"2076112456","1508881839","0.321429"
"1508881839","2103431672","0.721429"
"2103431672","1508881839","0.721429"
"1508881839","2103839338","0.271429"
"2103839338","1508881839","0.271429"
"1508881839","2110057661","0.0714286"
"2110057661","1508881839","0.0714286"
"1508881839","2130246356","1.60476"
"2130246356","1508881839","1.60476"
"1508881839","2154777799","1.9381"
"2154777799","1508881839","1.9381"
"1508881839","2168289127","2.32143"
"2168289127","1508881839","2.32143"
"1508881839","2168366350","0.0714286"
"2168366350","1508881839","0.0714286"
"1508881839","2581179569","1.07143"
"2581179569","1508881839","1.07143"
"1508881839","336895205","0.404762"
"336895205","1508881839","0.404762"
"1554426544","2045704953","0.0714286"
"2045704953","1554426544","0.0714286"
"1554426544","2076112456","1.64286"
"2076112456","1554426544","1.64286"
"1554426544","2103431672","1.07143"
"2103431672","1554426544","1.07143"
"1554426544","2103839338","0.142857"
"2103839338","1554426544","0.142857"
"1554426544","2110057661","0.0714286"
"2110057661","1554426544","0.0714286"
"1554426544","2130246356","0.0714286"
"2130246356","1554426544","0.0714286"
"1554426544","2154777799","0.604762"
"2154777799","1554426544","0.604762"
"1554426544","2168366350","0.642857"
"2168366350","1554426544","0.642857"
"1554426544","2581179569","0.0714286"
"2581179569","1554426544","0.0714286"
"1554426544","336895205","0.604762"
"336895205","1554426544","0.604762"
"1970596867","2045704953","0.404762"
"2045704953","1970596867","0.404762"
"1970596867","2076112456","3.49405"
"2076112456","1970596867","3.49405"
"1970596867","2103431672","2.78929"
"2103431672","1970596867","2.78929"
"1970596867","2103839338","2.34286"
"2103839338","1970596867","2.34286"
"1970596867","2110057661","0.0714286"
"2110057661","1970596867","0.0714286"
"1970596867","2130246356","0.0714286"
"2130246356","1970596867","0.0714286"
"1970596867","2154777799","0.0714286"
"2154777799","1970596867","0.0714286"
"1970596867","2168366350","0.60119"
"2168366350","1970596867","0.60119"
"1970596867","2581179569","0.214286"
"2581179569","1970596867","0.214286"
"1970596867","336895205","0.0714286"
"336895205","1970596867","0.0714286"
"2045704953","2076112456","0.0714286"
"2076112456","2045704953","0.0714286"
"2045704953","2103431672","0.604762"
"2103431672","2045704953","0.604762"
"2045704953","2103839338","0.0714286"
"2103839338","2045704953","0.0714286"
"2045704953","2110057661","0.0714286"
"2110057661","2045704953","0.0714286"
"2045704953","2130246356","0.872619"
"2130246356","2045704953","0.872619"
"2045704953","2154777799","0.404762"
"2154777799","2045704953","0.404762"
"2045704953","2168289127","1.07143"
"2168289127","2045704953","1.07143"
"2045704953","2168366350","0.0714286"
"2168366350","2045704953","0.0714286"
"2045704953","2581179569","0.0714286"
"2581179569","2045704953","0.0714286"
"2045704953","336895205","0.0714286"
"336895205","2045704953","0.0714286"
"2076112456","2103431672","3.08929"
"2103431672","2076112456","3.08929"
"2076112456","2103839338","0.142857"
"2103839338","2076112456","0.142857"
"2076112456","2110057661","0.0714286"
"2110057661","2076112456","0.0714286"
"2076112456","2130246356","0.0714286"
"2130246356","2076112456","0.0714286"
"2076112456","2154777799","0.0714286"
"2154777799","2076112456","0.0714286"
"2076112456","2168289127","0.696429"
"2168289127","2076112456","0.696429"
"2076112456","2168366350","2.35119"
"2168366350","2076112456","2.35119"
"2076112456","2581179569","0.214286"
"2581179569","2076112456","0.214286"
"2076112456","336895205","0.0714286"
"336895205","2076112456","0.0714286"
"2103431672","2103839338","0.271429"
"2103839338","2103431672","0.271429"
"2103431672","2110057661","0.321429"
"2110057661","2103431672","0.321429"
"2103431672","2130246356","1.77143"
"2130246356","2103431672","1.77143"
"2103431672","2154777799","0.654762"
"2154777799","2103431672","0.654762"
"2103431672","2168289127","1.02976"
"2168289127","2103431672","1.02976"
"2103431672","2168366350","0.696429"
"2168366350","2103431672","0.696429"
"2103431672","2581179569","0.214286"
"2581179569","2103431672","0.214286"
"2103431672","336895205","0.404762"
"336895205","2103431672","0.404762"
"2103839338","2110057661","0.0714286"
"2110057661","2103839338","0.0714286"
"2103839338","2130246356","0.738095"
"2130246356","2103839338","0.738095"
"2103839338","2154777799","0.404762"
"2154777799","2103839338","0.404762"
"2103839338","2168289127","1.57143"
"2168289127","2103839338","1.57143"
"2103839338","2168366350","0.47619"
"2168366350","2103839338","0.47619"
"2103839338","2581179569","0.0714286"
"2581179569","2103839338","0.0714286"
"2103839338","336895205","0.404762"
"336895205","2103839338","0.404762"
"2110057661","2130246356","0.988095"
"2130246356","2110057661","0.988095"
"2110057661","2154777799","1.4881"
"2154777799","2110057661","1.4881"
"2110057661","2168289127","4.65476"
"2168289127","2110057661","4.65476"
"2110057661","2168366350","0.0714286"
"2168366350","2110057661","0.0714286"
"2110057661","2581179569","0.0714286"
"2581179569","2110057661","0.0714286"
"2110057661","336895205","1.82143"
"336895205","2110057661","1.82143"
"2130246356","2154777799","1.82143"
"2154777799","2130246356","1.82143"
"2130246356","2168289127","0.0714286"
"2168289127","2130246356","0.0714286"
"2130246356","2168366350","0.321429"
"2168366350","2130246356","0.321429"
"2130246356","2581179569","0.0714286"
"2581179569","2130246356","0.0714286"
"2130246356","336895205","1.7381"
"336895205","2130246356","1.7381"
"2154777799","2168289127","2.15476"
"2168289127","2154777799","2.15476"
"2154777799","2168366350","1.2381"
"2168366350","2154777799","1.2381"
"2154777799","2581179569","0.0714286"
"2581179569","2154777799","0.0714286"
"2154777799","336895205","11.0214"
"336895205","2154777799","11.0214"
"2168289127","2168366350","0.196429"
"2168366350","2168289127","0.196429"
"2168289127","2581179569","0.0714286"
"2581179569","2168289127","0.0714286"
"2168289127","336895205","1.7381"
"336895205","2168289127","1.7381"
"2168366350","2581179569","0.0714286"
"2581179569","2168366350","0.0714286"
"2168366350","336895205","0.738095"
"336895205","2168366350","0.738095"
"2581179569","336895205","0.0714286"
"336895205","2581179569","0.0714286"
"1503429812","207160223","0.7"
"207160223","1503429812","0.7"
"1503429812","2084929407","0.2"
"2084929407","1503429812","0.2"
"1503429812","2116260243","0.2"
"2116260243","1503429812","0.2"
"1554426544","2084929407","0.271429"
"2084929407","1554426544","0.271429"
"1554426544","2116260243","0.271429"
"2116260243","1554426544","0.271429"
"1970596867","2084929407","0.271429"
"2084929407","1970596867","0.271429"
"1970596867","2116260243","0.271429"
"2116260243","1970596867","0.271429"
"207160223","2084929407","0.271429"
"2084929407","207160223","0.271429"
"207160223","2116260243","0.271429"
"2116260243","207160223","0.271429"
"1503429812","2146123370","0.666667"
"2146123370","1503429812","0.666667"
"2103839338","2146123370","0.666667"
"2146123370","2103839338","0.666667"
"2130246356","2146123370","1.16667"
"2146123370","2130246356","1.16667"
"1503429812","2153705246","0.5"
"2153705246","1503429812","0.5"
"2103839338","2153705246","0.5"
"2153705246","2103839338","0.5"
"1503429812","2229605669","0.7"
"2229605669","1503429812","0.7"
"207160223","2229605669","0.5"
"2229605669","207160223","0.5"
"1503429812","196359045","0.2"
"196359045","1503429812","0.2"
"1503429812","1965205899","0.2"
"1965205899","1503429812","0.2"
"1554426544","196359045","0.2"
"196359045","1554426544","0.2"
"1554426544","1965205899","0.2"
"1965205899","1554426544","0.2"
"196359045","1965205899","0.2"
"1965205899","196359045","0.2"
"196359045","2154777799","0.2"
"2154777799","196359045","0.2"
"196359045","336895205","0.2"
"336895205","196359045","0.2"
"1965205899","2154777799","0.2"
"2154777799","1965205899","0.2"
"1965205899","336895205","0.2"
"336895205","1965205899","0.2"
"1503429812","2108427341","0.333333"
"2108427341","1503429812","0.333333"
"1503429812","2165197950","0.333333"
"2165197950","1503429812","0.333333"
"1970596867","2108427341","0.458333"
"2108427341","1970596867","0.458333"
"1970596867","2165197950","0.333333"
"2165197950","1970596867","0.333333"
"2108427341","2165197950","0.333333"
"2165197950","2108427341","0.333333"
"1503429812","2043819112","1"
"2043819112","1503429812","1"
"1508881839","2229605669","0.2"
"2229605669","1508881839","0.2"
"1970596867","2229605669","1.63452"
"2229605669","1970596867","1.63452"
"2103431672","2229605669","0.80119"
"2229605669","2103431672","0.80119"
"2103839338","2229605669","0.2"
"2229605669","2103839338","0.2"
"1508881839","1540461478","0.2"
"1540461478","1508881839","0.2"
"1508881839","1581028881","0.2"
"1581028881","1508881839","0.2"
"1508881839","1975108970","0.2"
"1975108970","1508881839","0.2"
"1508881839","2064474754","0.2"
"2064474754","1508881839","0.2"
"1540461478","1581028881","4.73333"
"1581028881","1540461478","4.73333"
"1540461478","1975108970","4.48333"
"1975108970","1540461478","4.48333"
"1540461478","2064474754","0.983333"
"2064474754","1540461478","0.983333"
"1540461478","2154777799","0.2"
"2154777799","1540461478","0.2"
"1581028881","1975108970","6.73333"
"1975108970","1581028881","6.73333"
"1581028881","2064474754","1.23333"
"2064474754","1581028881","1.23333"
"1581028881","2154777799","0.2"
"2154777799","1581028881","0.2"
"1975108970","2064474754","1.48333"
"2064474754","1975108970","1.48333"
"1975108970","2154777799","0.2"
"2154777799","1975108970","0.2"
"2064474754","2154777799","0.2"
"2154777799","2064474754","0.2"
"1508881839","2108427341","0.2"
"2108427341","1508881839","0.2"
"1508881839","2439592321","0.2"
"2439592321","1508881839","0.2"
"2045704953","2108427341","0.2"
"2108427341","2045704953","0.2"
"2045704953","2439592321","0.467857"
"2439592321","2045704953","0.467857"
"2103431672","2108427341","0.575"
"2108427341","2103431672","0.575"
"2103431672","2439592321","2.42619"
"2439592321","2103431672","2.42619"
"2108427341","2130246356","0.45"
"2130246356","2108427341","0.45"
"2108427341","2439592321","0.45"
"2439592321","2108427341","0.45"
"2130246356","2439592321","0.717857"
"2439592321","2130246356","0.717857"
"153295116","2045518213","0.25"
"2045518213","153295116","0.25"
"153295116","2110057661","1.25"
"2110057661","153295116","1.25"
"153295116","2168289127","0.25"
"2168289127","153295116","0.25"
"153295116","336895205","0.25"
"336895205","153295116","0.25"
"2045518213","2110057661","0.25"
"2110057661","2045518213","0.25"
"2045518213","2168289127","2.08333"
"2168289127","2045518213","2.08333"
"2045518213","336895205","0.25"
"336895205","2045518213","0.25"
"153295116","2103839338","1"
"2103839338","153295116","1"
"1540461478","2146123370","0.45"
"2146123370","1540461478","0.45"
"1540461478","2166867792","0.25"
"2166867792","1540461478","0.25"
"1975108970","2146123370","0.45"
"2146123370","1975108970","0.45"
"1975108970","2166867792","0.25"
"2166867792","1975108970","0.25"
"2064474754","2146123370","0.45"
"2146123370","2064474754","0.45"
"2064474754","2166867792","0.25"
"2166867792","2064474754","0.25"
"2146123370","2166867792","5.25"
"2166867792","2146123370","5.25"
"1540461478","2151586468","0.7"
"2151586468","1540461478","0.7"
"1581028881","2151586468","0.7"
"2151586468","1581028881","0.7"
"1581028881","2146123370","0.2"
"2146123370","1581028881","0.2"
"1975108970","2151586468","1.2"
"2151586468","1975108970","1.2"
"2064474754","2151586468","0.2"
"2151586468","2064474754","0.2"
"2146123370","2151586468","6.45"
"2151586468","2146123370","6.45"
"1540887340","1586064881","0.47619"
"1586064881","1540887340","0.47619"
"1540887340","1969525173","0.142857"
"1969525173","1540887340","0.142857"
"1540887340","2006245314","0.142857"
"2006245314","1540887340","0.142857"
"1540887340","2045704953","0.142857"
"2045704953","1540887340","0.142857"
"1540887340","2130246356","0.142857"
"2130246356","1540887340","0.142857"
"1540887340","2439592321","0.142857"
"2439592321","1540887340","0.142857"
"1586064881","1969525173","0.142857"
"1969525173","1586064881","0.142857"
"1586064881","2006245314","0.267857"
"2006245314","1586064881","0.267857"
"1586064881","2045704953","0.267857"
"2045704953","1586064881","0.267857"
"1586064881","2130246356","0.267857"
"2130246356","1586064881","0.267857"
"1586064881","2165197950","1.35119"
"2165197950","1586064881","1.35119"
"1586064881","2439592321","0.267857"
"2439592321","1586064881","0.267857"
"1969525173","2006245314","0.142857"
"2006245314","1969525173","0.142857"
"1969525173","2045704953","1.14286"
"2045704953","1969525173","1.14286"
"1969525173","2130246356","0.142857"
"2130246356","1969525173","0.142857"
"1969525173","2165197950","0.142857"
"2165197950","1969525173","0.142857"
"1969525173","2439592321","0.142857"
"2439592321","1969525173","0.142857"
"2006245314","2045704953","0.267857"
"2045704953","2006245314","0.267857"
"2006245314","2130246356","0.267857"
"2130246356","2006245314","0.267857"
"2006245314","2165197950","1.76786"
"2165197950","2006245314","1.76786"
"2006245314","2439592321","0.267857"
"2439592321","2006245314","0.267857"
"2045704953","2165197950","0.267857"
"2165197950","2045704953","0.267857"
"2130246356","2165197950","0.267857"
"2165197950","2130246356","0.267857"
"2165197950","2439592321","0.267857"
"2439592321","2165197950","0.267857"
"1586064881","196359045","1.20833"
"196359045","1586064881","1.20833"
"1554426544","1556039131","0.0714286"
"1556039131","1554426544","0.0714286"
"1554426544","1751031371","0.0714286"
"1751031371","1554426544","0.0714286"
"1554426544","2032096737","0.0714286"
"2032096737","1554426544","0.0714286"
"1554426544","2039448517","0.0714286"
"2039448517","1554426544","0.0714286"
"1554426544","2043819112","1.07143"
"2043819112","1554426544","1.07143"
"1554426544","2168369255","0.0714286"
"2168369255","1554426544","0.0714286"
"1554426544","2185493436","0.0714286"
"2185493436","1554426544","0.0714286"
"1556039131","1970596867","0.0714286"
"1970596867","1556039131","0.0714286"
"1556039131","2043819112","2.65476"
"2043819112","1556039131","2.65476"
"1556039131","207160223","0.0714286"
"207160223","1556039131","0.0714286"
"1556039131","2076112456","0.0714286"
"2076112456","1556039131","0.0714286"
"1556039131","2084929407","0.571429"
"2084929407","1556039131","0.571429"
"1556039131","2103839338","0.0714286"
"2103839338","1556039131","0.0714286"
"1556039131","2116260243","0.571429"
"2116260243","1556039131","0.571429"
"1556039131","2168366350","0.0714286"
"2168366350","1556039131","0.0714286"
"1556039131","2185493436","0.321429"
"2185493436","1556039131","0.321429"
"1751031371","1970596867","0.0714286"
"1970596867","1751031371","0.0714286"
"1751031371","2043819112","0.0714286"
"2043819112","1751031371","0.0714286"
"1751031371","207160223","1.07143"
"207160223","1751031371","1.07143"
"1751031371","2076112456","0.0714286"
"2076112456","1751031371","0.0714286"
"1751031371","2084929407","0.321429"
"2084929407","1751031371","0.321429"
"1751031371","2103839338","0.0714286"
"2103839338","1751031371","0.0714286"
"1751031371","2116260243","0.321429"
"2116260243","1751031371","0.321429"
"1751031371","2168366350","0.0714286"
"2168366350","1751031371","0.0714286"
"1751031371","2185493436","0.0714286"
"2185493436","1751031371","0.0714286"
"1970596867","2032096737","0.0714286"
"2032096737","1970596867","0.0714286"
"1970596867","2039448517","1.57143"
"2039448517","1970596867","1.57143"
"1970596867","2043819112","1.07143"
"2043819112","1970596867","1.07143"
"1970596867","2168369255","0.0714286"
"2168369255","1970596867","0.0714286"
"1970596867","2185493436","0.0714286"
"2185493436","1970596867","0.0714286"
"2032096737","2043819112","0.0714286"
"2043819112","2032096737","0.0714286"
"2032096737","207160223","1.07143"
"207160223","2032096737","1.07143"
"2032096737","2076112456","0.0714286"
"2076112456","2032096737","0.0714286"
"2032096737","2103839338","0.0714286"
"2103839338","2032096737","0.0714286"
"2032096737","2168366350","0.0714286"
"2168366350","2032096737","0.0714286"
"2032096737","2185493436","0.0714286"
"2185493436","2032096737","0.0714286"
"2039448517","2043819112","0.0714286"
"2043819112","2039448517","0.0714286"
"2039448517","207160223","0.0714286"
"207160223","2039448517","0.0714286"
"2039448517","2076112456","0.0714286"
"2076112456","2039448517","0.0714286"
"2039448517","2084929407","0.0714286"
"2084929407","2039448517","0.0714286"
"2039448517","2103839338","0.0714286"
"2103839338","2039448517","0.0714286"
"2039448517","2116260243","0.0714286"
"2116260243","2039448517","0.0714286"
"2039448517","2168366350","0.0714286"
"2168366350","2039448517","0.0714286"
"2039448517","2185493436","0.0714286"
"2185493436","2039448517","0.0714286"
"2043819112","207160223","1.07143"
"207160223","2043819112","1.07143"
"2043819112","2076112456","0.0714286"
"2076112456","2043819112","0.0714286"
"2043819112","2084929407","0.0714286"
"2084929407","2043819112","0.0714286"
"2043819112","2103839338","0.0714286"
"2103839338","2043819112","0.0714286"
"2043819112","2116260243","0.0714286"
"2116260243","2043819112","0.0714286"
"2043819112","2168366350","0.0714286"
"2168366350","2043819112","0.0714286"
"2043819112","2168369255","0.0714286"
"2168369255","2043819112","0.0714286"
"2043819112","2185493436","0.0714286"
"2185493436","2043819112","0.0714286"
"207160223","2076112456","0.0714286"
"2076112456","207160223","0.0714286"
"207160223","2103839338","0.0714286"
"2103839338","207160223","0.0714286"
"207160223","2168366350","0.0714286"
"2168366350","207160223","0.0714286"
"207160223","2168369255","0.0714286"
"2168369255","207160223","0.0714286"
"207160223","2185493436","0.0714286"
"2185493436","207160223","0.0714286"
"2076112456","2084929407","0.571429"
"2084929407","2076112456","0.571429"
"2076112456","2116260243","0.0714286"
"2116260243","2076112456","0.0714286"
"2076112456","2168369255","0.0714286"
"2168369255","2076112456","0.0714286"
"2076112456","2185493436","0.0714286"
"2185493436","2076112456","0.0714286"
"2084929407","2103839338","0.0714286"
"2103839338","2084929407","0.0714286"
"2084929407","2168366350","0.0714286"
"2168366350","2084929407","0.0714286"
"2084929407","2168369255","0.488095"
"2168369255","2084929407","0.488095"
"2084929407","2185493436","1.07143"
"2185493436","2084929407","1.07143"
"2103839338","2116260243","0.0714286"
"2116260243","2103839338","0.0714286"
"2103839338","2168369255","0.0714286"
"2168369255","2103839338","0.0714286"
"2103839338","2185493436","0.0714286"
"2185493436","2103839338","0.0714286"
"2116260243","2168366350","0.0714286"
"2168366350","2116260243","0.0714286"
"2116260243","2168369255","0.321429"
"2168369255","2116260243","0.321429"
"2116260243","2185493436","1.82143"
"2185493436","2116260243","1.82143"
"2168366350","2168369255","0.0714286"
"2168369255","2168366350","0.0714286"
"2168366350","2185493436","0.0714286"
"2185493436","2168366350","0.0714286"
"2168369255","2185493436","0.0714286"
"2185493436","2168369255","0.0714286"
"1556039131","192895065","0.25"
"192895065","1556039131","0.25"
"192895065","2084929407","1"
"2084929407","192895065","1"
"192895065","2116260243","0.25"
"2116260243","192895065","0.25"
"192895065","2185493436","1.5"
"2185493436","192895065","1.5"
"1556039131","196359045","0.583333"
"196359045","1556039131","0.583333"
"1556039131","2165197950","0.583333"
"2165197950","1556039131","0.583333"
"196359045","2043819112","1.70833"
"2043819112","196359045","1.70833"
"2043819112","2165197950","1.70833"
"2165197950","2043819112","1.70833"
"1556039131","1586064881","0.25"
"1586064881","1556039131","0.25"
"1586064881","2043819112","0.375"
"2043819112","1586064881","0.375"
"1586064881","192895065","0.458333"
"192895065","1586064881","0.458333"
"192895065","2006245314","1.125"
"2006245314","192895065","1.125"
"192895065","2043819112","0.125"
"2043819112","192895065","0.125"
"192895065","2045704953","0.125"
"2045704953","192895065","0.125"
"192895065","2130246356","0.125"
"2130246356","192895065","0.125"
"192895065","2439592321","0.125"
"2439592321","192895065","0.125"
"196359045","2006245314","1.625"
"2006245314","196359045","1.625"
"196359045","2045704953","0.125"
"2045704953","196359045","0.125"
"196359045","2130246356","0.125"
"2130246356","196359045","0.125"
"196359045","2439592321","0.125"
"2439592321","196359045","0.125"
"2006245314","2043819112","0.125"
"2043819112","2006245314","0.125"
"2043819112","2045704953","0.125"
"2045704953","2043819112","0.125"
"2043819112","2130246356","0.125"
"2130246356","2043819112","0.125"
"2043819112","2439592321","0.125"
"2439592321","2043819112","0.125"
"1586064881","2076775570","1"
"2076775570","1586064881","1"
"1586064881","1970596867","0.333333"
"1970596867","1586064881","0.333333"
"1586064881","2103431672","0.333333"
"2103431672","1586064881","0.333333"
"192895065","1970596867","0.833333"
"1970596867","192895065","0.833333"
"192895065","2103431672","0.333333"
"2103431672","192895065","0.333333"
"1751031371","2076775570","0.5"
"2076775570","1751031371","0.5"
"2076775570","2168369255","0.5"
"2168369255","2076775570","0.5"
"1838219254","2166343275","4"
"2166343275","1838219254","4"
"1838219254","2039448517","1"
"2039448517","1838219254","1"
"192895065","1977167711","0.333333"
"1977167711","192895065","0.333333"
"192895065","1994163494","0.333333"
"1994163494","192895065","0.333333"
"192895065","2064631296","0.333333"
"2064631296","192895065","0.333333"
"1977167711","1994163494","0.333333"
"1994163494","1977167711","0.333333"
"1977167711","2064631296","0.333333"
"2064631296","1977167711","0.333333"
"1994163494","2064631296","0.333333"
"2064631296","1994163494","0.333333"
"1969525173","2032096737","0.5"
"2032096737","1969525173","0.5"
"192895065","2039448517","0.5"
"2039448517","192895065","0.5"
"192895065","2576832589","0.25"
"2576832589","192895065","0.25"
"2076775570","2084929407","0.25"
"2084929407","2076775570","0.25"
"2076775570","2185493436","0.25"
"2185493436","2076775570","0.25"
"2076775570","2576832589","0.25"
"2576832589","2076775570","0.25"
"2084929407","2576832589","0.25"
"2576832589","2084929407","0.25"
"2185493436","2576832589","2.75"
"2576832589","2185493436","2.75"
"192895065","2076112456","0.5"
"2076112456","192895065","0.5"
"196359045","2032096737","0.166667"
"2032096737","196359045","0.166667"
"196359045","2084929407","0.166667"
"2084929407","196359045","0.166667"
"196359045","2153705246","0.166667"
"2153705246","196359045","0.166667"
"196359045","2168369255","0.166667"
"2168369255","196359045","0.166667"
"2006245314","2032096737","0.166667"
"2032096737","2006245314","0.166667"
"2006245314","2084929407","0.166667"
"2084929407","2006245314","0.166667"
"2006245314","2153705246","0.166667"
"2153705246","2006245314","0.166667"
"2006245314","2168369255","0.166667"
"2168369255","2006245314","0.166667"
"2032096737","2153705246","1.16667"
"2153705246","2032096737","1.16667"
"2032096737","2165197950","0.166667"
"2165197950","2032096737","0.166667"
"2084929407","2153705246","0.166667"
"2153705246","2084929407","0.166667"
"2153705246","2165197950","0.166667"
"2165197950","2153705246","0.166667"
"2153705246","2168369255","0.166667"
"2168369255","2153705246","0.166667"
"2165197950","2168369255","0.166667"
"2168369255","2165197950","0.166667"
"2006245314","2076775570","0.333333"
"2076775570","2006245314","0.333333"
"2076112456","2229605669","1.60119"
"2229605669","2076112456","1.60119"
"2168366350","2229605669","0.458333"
"2229605669","2168366350","0.458333"
"1970596867","2240077410","0.583333"
"2240077410","1970596867","0.583333"
"2076112456","2240077410","0.25"
"2240077410","2076112456","0.25"
"2103431672","2240077410","0.583333"
"2240077410","2103431672","0.583333"
"2168289127","2240077410","0.25"
"2240077410","2168289127","0.25"
"1970596867","2040333253","0.267857"
"2040333253","1970596867","0.267857"
"1970596867","2166867792","0.267857"
"2166867792","1970596867","0.267857"
"2040333253","2076112456","0.517857"
"2076112456","2040333253","0.517857"
"2040333253","2103431672","0.517857"
"2103431672","2040333253","0.517857"
"2040333253","2108427341","0.125"
"2108427341","2040333253","0.125"
"2040333253","2166867792","7.51786"
"2166867792","2040333253","7.51786"
"2040333253","2168289127","0.125"
"2168289127","2040333253","0.125"
"2040333253","2168366350","0.375"
"2168366350","2040333253","0.375"
"2040333253","2229605669","0.267857"
"2229605669","2040333253","0.267857"
"2076112456","2108427341","0.125"
"2108427341","2076112456","0.125"
"2076112456","2166867792","0.517857"
"2166867792","2076112456","0.517857"
"2103431672","2166867792","0.517857"
"2166867792","2103431672","0.517857"
"2108427341","2166867792","0.125"
"2166867792","2108427341","0.125"
"2108427341","2168289127","1.79167"
"2168289127","2108427341","1.79167"
"2108427341","2168366350","0.708333"
"2168366350","2108427341","0.708333"
"2108427341","2229605669","0.458333"
"2229605669","2108427341","0.458333"
"2166867792","2168289127","0.125"
"2168289127","2166867792","0.125"
"2166867792","2168366350","0.375"
"2168366350","2166867792","0.375"
"2166867792","2229605669","0.60119"
"2229605669","2166867792","0.60119"
"2168289127","2229605669","0.458333"
"2229605669","2168289127","0.458333"
"2045704953","2229605669","0.333333"
"2229605669","2045704953","0.333333"
"1970596867","2439592321","0.47619"
"2439592321","1970596867","0.47619"
"2240077410","2439592321","2.33333"
"2439592321","2240077410","2.33333"
"2040333253","2439592321","0.142857"
"2439592321","2040333253","0.142857"
"2040333253","2581179569","0.142857"
"2581179569","2040333253","0.142857"
"2076112456","2439592321","2.64286"
"2439592321","2076112456","2.64286"
"2166867792","2439592321","0.142857"
"2439592321","2166867792","0.142857"
"2166867792","2581179569","0.142857"
"2581179569","2166867792","0.142857"
"2229605669","2439592321","0.642857"
"2439592321","2229605669","0.642857"
"2229605669","2581179569","0.142857"
"2581179569","2229605669","0.142857"
"2439592321","2581179569","0.142857"
"2581179569","2439592321","0.142857"
"1975108970","53002178","1"
"53002178","1975108970","1"
"1975108970","2039448517","1"
"2039448517","1975108970","1"
"1994163494","2103431672","0.5"
"2103431672","1994163494","0.5"
"1994163494","2439592321","0.5"
"2439592321","1994163494","0.5"
"2039448517","2581179569","1"
"2581179569","2039448517","1"
"2040333253","2146123370","1.5"
"2146123370","2040333253","1.5"
"2040333253","2151586468","0.5"
"2151586468","2040333253","0.5"
"2040333253","2584525320","1"
"2584525320","2040333253","1"
"2146123370","2584525320","1"
"2584525320","2146123370","1"
"2151586468","2166867792","6.5"
"2166867792","2151586468","6.5"
"2151586468","2584525320","0.5"
"2584525320","2151586468","0.5"
"2166867792","2584525320","1.83333"
"2584525320","2166867792","1.83333"
"2045518213","2185493436","0.5"
"2185493436","2045518213","0.5"
"2045518213","2576832589","0.5"
"2576832589","2045518213","0.5"
"2045518213","2108427341","1.83333"
"2108427341","2045518213","1.83333"
"2045518213","2229605669","0.333333"
"2229605669","2045518213","0.333333"
"2076112456","53002178","1"
"53002178","2076112456","1"
"2084929407","2240077410","0.5"
"2240077410","2084929407","0.5"
"2116260243","2240077410","0.5"
"2240077410","2116260243","0.5"
"2168366350","2439592321","0.25"
"2439592321","2168366350","0.25"
"2103839338","2108427341","0.5"
"2108427341","2103839338","0.5"
"2108427341","2154777799","0.333333"
"2154777799","2108427341","0.333333"
"2108427341","336895205","0.666667"
"336895205","2108427341","0.666667"
"2108427341","2110057661","1.33333"
"2110057661","2108427341","1.33333"
"2146123370","336895205","0.75"
"336895205","2146123370","0.75"
"2146123370","2168366350","0.5"
"2168366350","2146123370","0.5"
"2151586468","2168366350","0.5"
"2168366350","2151586468","0.5"
"2146123370","2154777799","0.25"
"2154777799","2146123370","0.25"
"2146123370","2168289127","0.25"
"2168289127","2146123370","0.25"
"2151586468","2154777799","0.25"
"2154777799","2151586468","0.25"
"2151586468","2168289127","0.25"
"2168289127","2151586468","0.25"
"2151586468","336895205","0.25"
"336895205","2151586468","0.25"
"2166867792","2285793235","0.333333"
"2285793235","2166867792","0.333333"
"2229605669","2285793235","0.333333"
"2285793235","2229605669","0.333333"
"2229605669","2584525320","0.333333"
"2584525320","2229605669","0.333333"
"2285793235","2584525320","22.3333"
"2584525320","2285793235","22.3333"
