"119972901","1986958427","1.39216"
"1986958427","119972901","1.39216"
"119972901","2127147481","0.392157"
"2127147481","119972901","0.392157"
"119972901","2496655276","0.392157"
"2496655276","119972901","0.392157"
"1986958427","2127147481","0.392157"
"2127147481","1986958427","0.392157"
"1986958427","2496655276","1.39216"
"2496655276","1986958427","1.39216"
"2127147481","2496655276","1.96099"
"2496655276","2127147481","1.96099"
"119972901","1638736765","0.0588235"
"1638736765","119972901","0.0588235"
"119972901","1674182651","0.0588235"
"1674182651","119972901","0.0588235"
"119972901","1808042487","0.0588235"
"1808042487","119972901","0.0588235"
"119972901","1843289246","0.0588235"
"1843289246","119972901","0.0588235"
"119972901","1999296691","0.0588235"
"1999296691","119972901","0.0588235"
"119972901","2026186327","0.0588235"
"2026186327","119972901","0.0588235"
"119972901","2030435502","0.0588235"
"2030435502","119972901","0.0588235"
"119972901","2040579218","0.0588235"
"2040579218","119972901","0.0588235"
"119972901","2042695103","0.0588235"
"2042695103","119972901","0.0588235"
"119972901","2154037495","0.0588235"
"2154037495","119972901","0.0588235"
"119972901","2199050371","0.0588235"
"2199050371","119972901","0.0588235"
"119972901","2255000798","0.0588235"
"2255000798","119972901","0.0588235"
"119972901","2990220090","0.0588235"
"2990220090","119972901","0.0588235"
"119972901","3011231084","0.0588235"
"3011231084","119972901","0.0588235"
"1638736765","1674182651","2.51009"
"1674182651","1638736765","2.51009"
"1638736765","1808042487","0.508824"
"1808042487","1638736765","0.508824"
"1638736765","1843289246","0.284314"
"1843289246","1638736765","0.284314"
"1638736765","1986958427","0.0588235"
"1986958427","1638736765","0.0588235"
"1638736765","1999296691","1.94391"
"1999296691","1638736765","1.94391"
"1638736765","2026186327","0.317647"
"2026186327","1638736765","0.317647"
"1638736765","2030435502","0.0588235"
"2030435502","1638736765","0.0588235"
"1638736765","2040579218","0.284314"
"2040579218","1638736765","0.284314"
"1638736765","2042695103","0.317647"
"2042695103","1638736765","0.317647"
"1638736765","2127147481","0.284314"
"2127147481","1638736765","0.284314"
"1638736765","2154037495","1.24189"
"2154037495","1638736765","1.24189"
"1638736765","2199050371","3.26967"
"2199050371","1638736765","3.26967"
"1638736765","2255000798","3.65224"
"2255000798","1638736765","3.65224"
"1638736765","2496655276","0.117647"
"2496655276","1638736765","0.117647"
"1638736765","2990220090","1.79418"
"2990220090","1638736765","1.79418"
"1638736765","3011231084","0.260844"
"3011231084","1638736765","0.260844"
"1674182651","1808042487","0.842647"
"1808042487","1674182651","0.842647"
"1674182651","1843289246","0.585504"
"1843289246","1674182651","0.585504"
"1674182651","1986958427","0.0588235"
"1986958427","1674182651","0.0588235"
"1674182651","1999296691","2.61058"
"1999296691","1674182651","2.61058"
"1674182651","2026186327","0.201681"
"2026186327","1674182651","0.201681"
"1674182651","2030435502","0.242647"
"2030435502","1674182651","0.242647"
"1674182651","2040579218","1.0355"
"2040579218","1674182651","1.0355"
"1674182651","2042695103","0.385504"
"2042695103","1674182651","0.385504"
"1674182651","2127147481","2.1105"
"2127147481","1674182651","2.1105"
"1674182651","2154037495","7.15141"
"2154037495","1674182651","7.15141"
"1674182651","2199050371","7.153"
"2199050371","1674182651","7.153"
"1674182651","2255000798","8.90224"
"2255000798","1674182651","8.90224"
"1674182651","2496655276","2.16765"
"2496655276","1674182651","2.16765"
"1674182651","2990220090","0.719667"
"2990220090","1674182651","0.719667"
"1674182651","3011231084","1.31967"
"3011231084","1674182651","1.31967"
"1808042487","1843289246","0.734314"
"1843289246","1808042487","0.734314"
"1808042487","1986958427","0.0588235"
"1986958427","1808042487","0.0588235"
"1808042487","1999296691","0.467647"
"1999296691","1808042487","0.467647"
"1808042487","2026186327","2.88501"
"2026186327","1808042487","2.88501"
"1808042487","2030435502","4.4355"
"2030435502","1808042487","4.4355"
"1808042487","2040579218","1.23431"
"2040579218","1808042487","1.23431"
"1808042487","2042695103","0.460504"
"2042695103","1808042487","0.460504"
"1808042487","2127147481","2.6355"
"2127147481","1808042487","2.6355"
"1808042487","2154037495","2.1855"
"2154037495","1808042487","2.1855"
"1808042487","2199050371","0.510504"
"2199050371","1808042487","0.510504"
"1808042487","2255000798","1.60098"
"2255000798","1808042487","1.60098"
"1808042487","2496655276","1.00217"
"2496655276","1808042487","1.00217"
"1808042487","2990220090","0.117647"
"2990220090","1808042487","0.117647"
"1808042487","3011231084","0.317647"
"3011231084","1808042487","0.317647"
"1843289246","1986958427","0.0588235"
"1986958427","1843289246","0.0588235"
"1843289246","1999296691","0.669328"
"1999296691","1843289246","0.669328"
"1843289246","2026186327","0.385504"
"2026186327","1843289246","0.385504"
"1843289246","2030435502","2.16765"
"2030435502","1843289246","2.16765"
"1843289246","2040579218","5.21218"
"2040579218","1843289246","5.21218"
"1843289246","2042695103","0.569328"
"2042695103","1843289246","0.569328"
"1843289246","2127147481","3.52885"
"2127147481","1843289246","3.52885"
"1843289246","2154037495","2.54552"
"2154037495","1843289246","2.54552"
"1843289246","2199050371","0.776471"
"2199050371","1843289246","0.776471"
"1843289246","2255000798","0.769328"
"2255000798","1843289246","0.769328"
"1843289246","2496655276","1.29314"
"2496655276","1843289246","1.29314"
"1843289246","2990220090","0.117647"
"2990220090","1843289246","0.117647"
"1843289246","3011231084","0.117647"
"3011231084","1843289246","0.117647"
"1986958427","1999296691","0.0588235"
"1999296691","1986958427","0.0588235"
"1986958427","2026186327","0.0588235"
"2026186327","1986958427","0.0588235"
"1986958427","2030435502","0.0588235"
"2030435502","1986958427","0.0588235"
"1986958427","2040579218","0.0588235"
"2040579218","1986958427","0.0588235"
"1986958427","2042695103","0.0588235"
"2042695103","1986958427","0.0588235"
"1986958427","2154037495","1.55882"
"2154037495","1986958427","1.55882"
"1986958427","2199050371","0.558824"
"2199050371","1986958427","0.558824"
"1986958427","2255000798","0.0588235"
"2255000798","1986958427","0.0588235"
"1986958427","2990220090","0.0588235"
"2990220090","1986958427","0.0588235"
"1986958427","3011231084","0.0588235"
"3011231084","1986958427","0.0588235"
"1999296691","2026186327","0.117647"
"2026186327","1999296691","0.117647"
"1999296691","2030435502","0.217647"
"2030435502","1999296691","0.217647"
"1999296691","2040579218","0.419328"
"2040579218","1999296691","0.419328"
"1999296691","2042695103","0.176471"
"2042695103","1999296691","0.176471"
"1999296691","2127147481","0.669328"
"2127147481","1999296691","0.669328"
"1999296691","2154037495","5.01024"
"2154037495","1999296691","5.01024"
"1999296691","2199050371","3.52849"
"2199050371","1999296691","3.52849"
"1999296691","2255000798","6.96226"
"2255000798","1999296691","6.96226"
"1999296691","2496655276","0.526471"
"2496655276","1999296691","0.526471"
"1999296691","2990220090","0.603001"
"2990220090","1999296691","0.603001"
"1999296691","3011231084","0.319667"
"3011231084","1999296691","0.319667"
"2026186327","2030435502","2.73501"
"2030435502","2026186327","2.73501"
"2026186327","2040579218","0.385504"
"2040579218","2026186327","0.385504"
"2026186327","2042695103","3.22836"
"2042695103","2026186327","3.22836"
"2026186327","2127147481","2.17836"
"2127147481","2026186327","2.17836"
"2026186327","2154037495","2.37836"
"2154037495","2026186327","2.37836"
"2026186327","2199050371","0.260504"
"2199050371","2026186327","0.260504"
"2026186327","2255000798","0.317647"
"2255000798","2026186327","0.317647"
"2026186327","2496655276","1.6355"
"2496655276","2026186327","1.6355"
"2026186327","2990220090","0.0588235"
"2990220090","2026186327","0.0588235"
"2026186327","3011231084","0.508824"
"3011231084","2026186327","0.508824"
"2030435502","2040579218","1.66765"
"2040579218","2030435502","1.66765"
"2030435502","2042695103","0.593838"
"2042695103","2030435502","0.593838"
"2030435502","2127147481","7.05217"
"2127147481","2030435502","7.05217"
"2030435502","2154037495","2.30217"
"2154037495","2030435502","2.30217"
"2030435502","2199050371","0.260504"
"2199050371","2030435502","0.260504"
"2030435502","2255000798","0.55098"
"2255000798","2030435502","0.55098"
"2030435502","2496655276","1.81884"
"2496655276","2030435502","1.81884"
"2030435502","2990220090","0.117647"
"2990220090","2030435502","0.117647"
"2030435502","3011231084","0.567647"
"3011231084","2030435502","0.567647"
"2040579218","2042695103","0.569328"
"2042695103","2040579218","0.569328"
"2040579218","2127147481","2.77885"
"2127147481","2040579218","2.77885"
"2040579218","2154037495","2.74552"
"2154037495","2040579218","2.74552"
"2040579218","2199050371","0.776471"
"2199050371","2040579218","0.776471"
"2040579218","2255000798","1.21933"
"2255000798","2040579218","1.21933"
"2040579218","2496655276","1.49314"
"2496655276","2040579218","1.49314"
"2040579218","2990220090","0.117647"
"2990220090","2040579218","0.117647"
"2040579218","3011231084","0.117647"
"3011231084","2040579218","0.117647"
"2042695103","2127147481","1.04552"
"2127147481","2042695103","1.04552"
"2042695103","2154037495","1.24552"
"2154037495","2042695103","1.24552"
"2042695103","2199050371","0.319328"
"2199050371","2042695103","0.319328"
"2042695103","2255000798","0.176471"
"2255000798","2042695103","0.176471"
"2042695103","2496655276","2.23599"
"2496655276","2042695103","2.23599"
"2042695103","2990220090","0.117647"
"2990220090","2042695103","0.117647"
"2042695103","3011231084","0.45098"
"3011231084","2042695103","0.45098"
"2127147481","2154037495","3.44671"
"2154037495","2127147481","3.44671"
"2127147481","2199050371","0.419328"
"2199050371","2127147481","0.419328"
"2127147481","2255000798","0.952661"
"2255000798","2127147481","0.952661"
"2127147481","2990220090","0.117647"
"2990220090","2127147481","0.117647"
"2127147481","3011231084","0.317647"
"3011231084","2127147481","0.317647"
"2154037495","2199050371","4.71024"
"2199050371","2154037495","4.71024"
"2154037495","2255000798","6.54357"
"2255000798","2154037495","6.54357"
"2154037495","2496655276","8.09433"
"2496655276","2154037495","8.09433"
"2154037495","2990220090","0.291889"
"2990220090","2154037495","0.291889"
"2154037495","3011231084","1.65098"
"3011231084","2154037495","1.65098"
"2199050371","2255000798","3.21182"
"2255000798","2199050371","3.21182"
"2199050371","2496655276","2.81933"
"2496655276","2199050371","2.81933"
"2199050371","2990220090","0.853001"
"2990220090","2199050371","0.853001"
"2199050371","3011231084","0.228758"
"3011231084","2199050371","0.228758"
"2255000798","2496655276","1.82647"
"2496655276","2255000798","1.82647"
"2255000798","2990220090","1.603"
"2990220090","2255000798","1.603"
"2255000798","3011231084","0.319667"
"3011231084","2255000798","0.319667"
"2496655276","2990220090","0.117647"
"2990220090","2496655276","0.117647"
"2496655276","3011231084","1.70098"
"3011231084","2496655276","1.70098"
"2990220090","3011231084","0.228758"
"3011231084","2990220090","0.228758"
"1498327933","1674182651","2.08258"
"1674182651","1498327933","2.08258"
"1498327933","2496655276","0.625"
"2496655276","1498327933","0.625"
"1498327933","1534679077","0.457576"
"1534679077","1498327933","0.457576"
"1498327933","1638736765","0.257576"
"1638736765","1498327933","0.257576"
"1498327933","1815036676","0.257576"
"1815036676","1498327933","0.257576"
"1498327933","2154037495","0.291667"
"2154037495","1498327933","0.291667"
"1498327933","2255000798","0.257576"
"2255000798","1498327933","0.257576"
"1534679077","1638736765","0.840909"
"1638736765","1534679077","0.840909"
"1534679077","1674182651","1.79091"
"1674182651","1534679077","1.79091"
"1534679077","1815036676","3.50758"
"1815036676","1534679077","3.50758"
"1534679077","2154037495","2.16667"
"2154037495","1534679077","2.16667"
"1534679077","2255000798","0.674242"
"2255000798","1534679077","0.674242"
"1638736765","1815036676","2.39898"
"1815036676","1638736765","2.39898"
"1674182651","1815036676","6.79064"
"1815036676","1674182651","6.79064"
"1815036676","2154037495","29.3752"
"2154037495","1815036676","29.3752"
"1815036676","2255000798","8.54113"
"2255000798","1815036676","8.54113"
"1498327933","1574422954","0.125"
"1574422954","1498327933","0.125"
"1498327933","1808042487","0.125"
"1808042487","1498327933","0.125"
"1498327933","1977448660","0.125"
"1977448660","1498327933","0.125"
"1498327933","2030435502","0.125"
"2030435502","1498327933","0.125"
"1498327933","2127147481","0.125"
"2127147481","1498327933","0.125"
"1574422954","1674182651","0.283824"
"1674182651","1574422954","0.283824"
"1574422954","1808042487","2.05049"
"1808042487","1574422954","2.05049"
"1574422954","1977448660","1.11716"
"1977448660","1574422954","1.11716"
"1574422954","2030435502","1.65049"
"2030435502","1574422954","1.65049"
"1574422954","2127147481","0.483824"
"2127147481","1574422954","0.483824"
"1574422954","2154037495","0.583824"
"2154037495","1574422954","0.583824"
"1574422954","2496655276","0.633824"
"2496655276","1574422954","0.633824"
"1674182651","1977448660","0.183824"
"1977448660","1674182651","0.183824"
"1808042487","1977448660","4.45049"
"1977448660","1808042487","4.45049"
"1977448660","2030435502","2.20049"
"2030435502","1977448660","2.20049"
"1977448660","2127147481","0.617157"
"2127147481","1977448660","0.617157"
"1977448660","2154037495","0.283824"
"2154037495","1977448660","0.283824"
"1977448660","2496655276","0.783824"
"2496655276","1977448660","0.783824"
"1498327933","1999296691","0.290909"
"1999296691","1498327933","0.290909"
"1498327933","2199050371","0.2"
"2199050371","1498327933","0.2"
"1498327933","2990220090","0.2"
"2990220090","1498327933","0.2"
"1534679077","1999296691","1.37424"
"1999296691","1534679077","1.37424"
"1534679077","2199050371","1.78333"
"2199050371","1534679077","1.78333"
"1534679077","2990220090","0.283333"
"2990220090","1534679077","0.283333"
"1498327933","1790015235","0.0909091"
"1790015235","1498327933","0.0909091"
"1498327933","1995149488","0.0909091"
"1995149488","1498327933","0.0909091"
"1498327933","2117528295","0.0909091"
"2117528295","1498327933","0.0909091"
"1498327933","2241933673","0.0909091"
"2241933673","1498327933","0.0909091"
"1498327933","3011231084","0.0909091"
"3011231084","1498327933","0.0909091"
"1534679077","1790015235","0.0909091"
"1790015235","1534679077","0.0909091"
"1534679077","1995149488","0.0909091"
"1995149488","1534679077","0.0909091"
"1534679077","2117528295","1.17424"
"2117528295","1534679077","1.17424"
"1534679077","2241933673","0.0909091"
"2241933673","1534679077","0.0909091"
"1534679077","3011231084","0.0909091"
"3011231084","1534679077","0.0909091"
"1638736765","1790015235","0.265152"
"1790015235","1638736765","0.265152"
"1638736765","1995149488","1.19369"
"1995149488","1638736765","1.19369"
"1638736765","2117528295","1.26515"
"2117528295","1638736765","1.26515"
"1638736765","2241933673","0.299242"
"2241933673","1638736765","0.299242"
"1674182651","1790015235","0.181818"
"1790015235","1674182651","0.181818"
"1674182651","1995149488","0.860354"
"1995149488","1674182651","0.860354"
"1674182651","2117528295","0.181818"
"2117528295","1674182651","0.181818"
"1674182651","2241933673","0.215909"
"2241933673","1674182651","0.215909"
"1790015235","1815036676","0.265152"
"1815036676","1790015235","0.265152"
"1790015235","1995149488","0.174242"
"1995149488","1790015235","0.174242"
"1790015235","1999296691","1.26515"
"1999296691","1790015235","1.26515"
"1790015235","2117528295","0.181818"
"2117528295","1790015235","0.181818"
"1790015235","2241933673","0.174242"
"2241933673","1790015235","0.174242"
"1790015235","2255000798","0.181818"
"2255000798","1790015235","0.181818"
"1790015235","3011231084","0.0909091"
"3011231084","1790015235","0.0909091"
"1815036676","1995149488","0.549242"
"1995149488","1815036676","0.549242"
"1815036676","1999296691","4.8328"
"1999296691","1815036676","4.8328"
"1815036676","2117528295","1.26515"
"2117528295","1815036676","1.26515"
"1815036676","2241933673","0.299242"
"2241933673","1815036676","0.299242"
"1815036676","3011231084","0.149733"
"3011231084","1815036676","0.149733"
"1995149488","1999296691","0.428211"
"1999296691","1995149488","0.428211"
"1995149488","2117528295","0.0909091"
"2117528295","1995149488","0.0909091"
"1995149488","2241933673","1.79924"
"2241933673","1995149488","1.79924"
"1995149488","2255000798","1.50321"
"2255000798","1995149488","1.50321"
"1995149488","3011231084","0.20202"
"3011231084","1995149488","0.20202"
"1999296691","2117528295","0.265152"
"2117528295","1999296691","0.265152"
"1999296691","2241933673","0.174242"
"2241933673","1999296691","0.174242"
"2117528295","2241933673","0.0909091"
"2241933673","2117528295","0.0909091"
"2117528295","2255000798","0.431818"
"2255000798","2117528295","0.431818"
"2117528295","3011231084","0.0909091"
"3011231084","2117528295","0.0909091"
"2241933673","2255000798","0.715909"
"2255000798","2241933673","0.715909"
"2241933673","3011231084","0.0909091"
"3011231084","2241933673","0.0909091"
"1534679077","2089118412","0.333333"
"2089118412","1534679077","0.333333"
"1638736765","2089118412","2.77473"
"2089118412","1638736765","2.77473"
"1674182651","2089118412","1.34924"
"2089118412","1674182651","1.34924"
"1815036676","2089118412","1.90807"
"2089118412","1815036676","1.90807"
"1815036676","2199050371","8.70856"
"2199050371","1815036676","8.70856"
"2089118412","2154037495","0.616399"
"2154037495","2089118412","0.616399"
"2089118412","2199050371","0.949733"
"2199050371","2089118412","0.949733"
"1534679077","1843289246","0.25"
"1843289246","1534679077","0.25"
"1534679077","2127147481","0.25"
"2127147481","1534679077","0.25"
"1815036676","1843289246","0.817647"
"1843289246","1815036676","0.817647"
"1815036676","2127147481","1.75098"
"2127147481","1815036676","1.75098"
"2089118412","2255000798","0.608066"
"2255000798","2089118412","0.608066"
"1534679077","2496655276","1.08333"
"2496655276","1534679077","1.08333"
"1534679077","1998364787","0.333333"
"1998364787","1534679077","0.333333"
"1674182651","1998364787","1.15833"
"1998364787","1674182651","1.15833"
"1998364787","2154037495","2.42549"
"2154037495","1998364787","2.42549"
"1815036676","2496655276","1.83431"
"2496655276","1815036676","1.83431"
"1534679077","1920863234","0.333333"
"1920863234","1534679077","0.333333"
"1534679077","2003310978","0.0833333"
"2003310978","1534679077","0.0833333"
"1534679077","2029016763","0.0833333"
"2029016763","1534679077","0.0833333"
"1534679077","2137779520","0.0833333"
"2137779520","1534679077","0.0833333"
"1638736765","1920863234","0.22549"
"1920863234","1638736765","0.22549"
"1638736765","2003310978","0.333333"
"2003310978","1638736765","0.333333"
"1638736765","2029016763","0.95"
"2029016763","1638736765","0.95"
"1638736765","2137779520","0.0833333"
"2137779520","1638736765","0.0833333"
"1815036676","1920863234","0.22549"
"1920863234","1815036676","0.22549"
"1815036676","2003310978","1.01667"
"2003310978","1815036676","1.01667"
"1815036676","2029016763","0.533333"
"2029016763","1815036676","0.533333"
"1815036676","2137779520","0.0833333"
"2137779520","1815036676","0.0833333"
"1815036676","2990220090","0.483066"
"2990220090","1815036676","0.483066"
"1920863234","1999296691","0.22549"
"1999296691","1920863234","0.22549"
"1920863234","2003310978","0.0833333"
"2003310978","1920863234","0.0833333"
"1920863234","2029016763","0.0833333"
"2029016763","1920863234","0.0833333"
"1920863234","2117528295","0.0833333"
"2117528295","1920863234","0.0833333"
"1920863234","2137779520","0.0833333"
"2137779520","1920863234","0.0833333"
"1920863234","2154037495","0.142157"
"2154037495","1920863234","0.142157"
"1920863234","2199050371","0.22549"
"2199050371","1920863234","0.22549"
"1920863234","2255000798","0.142157"
"2255000798","1920863234","0.142157"
"1920863234","2990220090","0.0833333"
"2990220090","1920863234","0.0833333"
"1999296691","2003310978","0.0833333"
"2003310978","1999296691","0.0833333"
"1999296691","2029016763","0.283333"
"2029016763","1999296691","0.283333"
"1999296691","2137779520","0.0833333"
"2137779520","1999296691","0.0833333"
"2003310978","2029016763","0.333333"
"2029016763","2003310978","0.333333"
"2003310978","2117528295","1.58333"
"2117528295","2003310978","1.58333"
"2003310978","2137779520","0.0833333"
"2137779520","2003310978","0.0833333"
"2003310978","2154037495","0.516667"
"2154037495","2003310978","0.516667"
"2003310978","2199050371","0.6"
"2199050371","2003310978","0.6"
"2003310978","2255000798","0.666667"
"2255000798","2003310978","0.666667"
"2003310978","2990220090","0.333333"
"2990220090","2003310978","0.333333"
"2029016763","2117528295","0.583333"
"2117528295","2029016763","0.583333"
"2029016763","2137779520","0.0833333"
"2137779520","2029016763","0.0833333"
"2029016763","2154037495","0.0833333"
"2154037495","2029016763","0.0833333"
"2029016763","2199050371","0.283333"
"2199050371","2029016763","0.283333"
"2029016763","2255000798","0.333333"
"2255000798","2029016763","0.333333"
"2029016763","2990220090","0.0833333"
"2990220090","2029016763","0.0833333"
"2117528295","2137779520","0.583333"
"2137779520","2117528295","0.583333"
"2117528295","2154037495","1.50758"
"2154037495","2117528295","1.50758"
"2117528295","2199050371","0.674242"
"2199050371","2117528295","0.674242"
"2117528295","2990220090","0.174242"
"2990220090","2117528295","0.174242"
"2137779520","2154037495","0.0833333"
"2154037495","2137779520","0.0833333"
"2137779520","2199050371","0.0833333"
"2199050371","2137779520","0.0833333"
"2137779520","2255000798","0.0833333"
"2255000798","2137779520","0.0833333"
"2137779520","2990220090","0.0833333"
"2990220090","2137779520","0.0833333"
"1534679077","1990927079","0.25"
"1990927079","1534679077","0.25"
"1534679077","2011671568","0.25"
"2011671568","1534679077","0.25"
"1534679077","2137734183","0.25"
"2137734183","1534679077","0.25"
"1920863234","1990927079","0.392157"
"1990927079","1920863234","0.392157"
"1920863234","2011671568","0.333333"
"2011671568","1920863234","0.333333"
"1920863234","2137734183","0.333333"
"2137734183","1920863234","0.333333"
"1990927079","2011671568","0.666667"
"2011671568","1990927079","0.666667"
"1990927079","2137734183","0.333333"
"2137734183","1990927079","0.333333"
"2011671568","2137734183","0.333333"
"2137734183","2011671568","0.333333"
"1534679077","2026186327","0.5"
"2026186327","1534679077","0.5"
"1534679077","2042695103","0.5"
"2042695103","1534679077","0.5"
"1574422954","1843289246","0.458824"
"1843289246","1574422954","0.458824"
"1574422954","2040579218","0.458824"
"2040579218","1574422954","0.458824"
"1574422954","169488297","0.158824"
"169488297","1574422954","0.158824"
"1574422954","1815036676","0.158824"
"1815036676","1574422954","0.158824"
"1574422954","1990927079","0.1"
"1990927079","1574422954","0.1"
"1574422954","2255000798","0.758824"
"2255000798","1574422954","0.758824"
"1674182651","169488297","0.401681"
"169488297","1674182651","0.401681"
"1674182651","1990927079","0.325"
"1990927079","1674182651","0.325"
"169488297","1808042487","0.608824"
"1808042487","169488297","0.608824"
"169488297","1815036676","0.817647"
"1815036676","169488297","0.817647"
"169488297","1843289246","1.02003"
"1843289246","169488297","1.02003"
"169488297","1990927079","0.42549"
"1990927079","169488297","0.42549"
"169488297","2040579218","1.02003"
"2040579218","169488297","1.02003"
"169488297","2154037495","2.55336"
"2154037495","169488297","2.55336"
"169488297","2255000798","0.610504"
"2255000798","169488297","0.610504"
"169488297","2496655276","0.217647"
"2496655276","169488297","0.217647"
"1808042487","1815036676","1.27549"
"1815036676","1808042487","1.27549"
"1808042487","1990927079","0.1"
"1990927079","1808042487","0.1"
"1815036676","1990927079","0.467157"
"1990927079","1815036676","0.467157"
"1815036676","2040579218","1.01765"
"2040579218","1815036676","1.01765"
"1843289246","1990927079","0.42549"
"1990927079","1843289246","0.42549"
"1990927079","2040579218","0.42549"
"2040579218","1990927079","0.42549"
"1990927079","2154037495","0.258824"
"2154037495","1990927079","0.258824"
"1990927079","2255000798","0.283824"
"2255000798","1990927079","0.283824"
"1990927079","2496655276","0.158824"
"2496655276","1990927079","0.158824"
"1574422954","2026186327","0.583333"
"2026186327","1574422954","0.583333"
"1977448660","2026186327","0.5"
"2026186327","1977448660","0.5"
"1574422954","1999296691","0.158824"
"1999296691","1574422954","0.158824"
"1574422954","2042695103","0.0588235"
"2042695103","1574422954","0.0588235"
"1574422954","2199050371","0.0588235"
"2199050371","1574422954","0.0588235"
"1574422954","2990220090","0.0588235"
"2990220090","1574422954","0.0588235"
"1574422954","3011231084","0.0588235"
"3011231084","1574422954","0.0588235"
"169488297","1977448660","0.0588235"
"1977448660","169488297","0.0588235"
"169488297","1999296691","0.260504"
"1999296691","169488297","0.260504"
"169488297","2030435502","0.0588235"
"2030435502","169488297","0.0588235"
"169488297","2042695103","0.460504"
"2042695103","169488297","0.460504"
"169488297","2127147481","1.17003"
"2127147481","169488297","1.17003"
"169488297","2199050371","0.217647"
"2199050371","169488297","0.217647"
"169488297","2990220090","0.0588235"
"2990220090","169488297","0.0588235"
"169488297","3011231084","0.0588235"
"3011231084","169488297","0.0588235"
"1815036676","1977448660","0.0588235"
"1977448660","1815036676","0.0588235"
"1815036676","2030435502","0.0588235"
"2030435502","1815036676","0.0588235"
"1815036676","2042695103","0.367647"
"2042695103","1815036676","0.367647"
"1843289246","1977448660","0.158824"
"1977448660","1843289246","0.158824"
"1977448660","1999296691","0.158824"
"1999296691","1977448660","0.158824"
"1977448660","2040579218","0.158824"
"2040579218","1977448660","0.158824"
"1977448660","2042695103","0.0588235"
"2042695103","1977448660","0.0588235"
"1977448660","2199050371","0.0588235"
"2199050371","1977448660","0.0588235"
"1977448660","2255000798","0.158824"
"2255000798","1977448660","0.158824"
"1977448660","2990220090","0.0588235"
"2990220090","1977448660","0.0588235"
"1977448660","3011231084","0.308824"
"3011231084","1977448660","0.308824"
"1995149488","2154037495","0.392857"
"2154037495","1995149488","0.392857"
"1995149488","2199050371","0.444444"
"2199050371","1995149488","0.444444"
"1638736765","1879553727","0.2"
"1879553727","1638736765","0.2"
"1674182651","1879553727","0.2"
"1879553727","1674182651","0.2"
"1879553727","1995149488","0.2"
"1995149488","1879553727","0.2"
"1879553727","2255000798","1.2"
"2255000798","1879553727","1.2"
"1879553727","2990220090","0.2"
"2990220090","1879553727","0.2"
"1995149488","2990220090","0.311111"
"2990220090","1995149488","0.311111"
"1638736765","2058546759","0.194444"
"2058546759","1638736765","0.194444"
"1638736765","2884835331","0.694444"
"2884835331","1638736765","0.694444"
"1674182651","2058546759","0.111111"
"2058546759","1674182651","0.111111"
"1674182651","2884835331","0.777778"
"2884835331","1674182651","0.777778"
"1995149488","2058546759","0.194444"
"2058546759","1995149488","0.194444"
"1995149488","2884835331","0.111111"
"2884835331","1995149488","0.111111"
"1999296691","2058546759","0.194444"
"2058546759","1999296691","0.194444"
"1999296691","2884835331","0.361111"
"2884835331","1999296691","0.361111"
"2058546759","2199050371","0.194444"
"2199050371","2058546759","0.194444"
"2058546759","2255000798","0.111111"
"2255000798","2058546759","0.111111"
"2058546759","2884835331","0.111111"
"2884835331","2058546759","0.111111"
"2058546759","2990220090","0.111111"
"2990220090","2058546759","0.111111"
"2058546759","3011231084","0.111111"
"3011231084","2058546759","0.111111"
"2199050371","2884835331","0.111111"
"2884835331","2199050371","0.111111"
"2255000798","2884835331","8.27778"
"2884835331","2255000798","8.27778"
"2884835331","2990220090","0.111111"
"2990220090","2884835331","0.111111"
"2884835331","3011231084","0.111111"
"3011231084","2884835331","0.111111"
"1638736765","2248714589","0.333333"
"2248714589","1638736765","0.333333"
"1999296691","2248714589","0.333333"
"2248714589","1999296691","0.333333"
"2248714589","2255000798","0.25"
"2255000798","2248714589","0.25"
"2248714589","2884835331","0.25"
"2884835331","2248714589","0.25"
"1638736765","1990927079","0.767157"
"1990927079","1638736765","0.767157"
"1638736765","2011671568","0.95"
"2011671568","1638736765","0.95"
"1990927079","2029016763","0.333333"
"2029016763","1990927079","0.333333"
"2011671568","2029016763","1.36667"
"2029016763","2011671568","1.36667"
"1638736765","2137734183","0.0833333"
"2137734183","1638736765","0.0833333"
"1790015235","1920863234","0.0833333"
"1920863234","1790015235","0.0833333"
"1790015235","1990927079","0.0833333"
"1990927079","1790015235","0.0833333"
"1790015235","2011671568","0.0833333"
"2011671568","1790015235","0.0833333"
"1790015235","2058546759","0.0833333"
"2058546759","1790015235","0.0833333"
"1790015235","2137734183","0.0833333"
"2137734183","1790015235","0.0833333"
"1790015235","2199050371","0.174242"
"2199050371","1790015235","0.174242"
"1790015235","2248714589","0.0833333"
"2248714589","1790015235","0.0833333"
"1815036676","2011671568","0.616667"
"2011671568","1815036676","0.616667"
"1815036676","2058546759","0.0833333"
"2058546759","1815036676","0.0833333"
"1815036676","2137734183","0.75"
"2137734183","1815036676","0.75"
"1815036676","2248714589","0.0833333"
"2248714589","1815036676","0.0833333"
"1920863234","1995149488","0.0833333"
"1995149488","1920863234","0.0833333"
"1920863234","2058546759","0.0833333"
"2058546759","1920863234","0.0833333"
"1920863234","2241933673","0.0833333"
"2241933673","1920863234","0.0833333"
"1920863234","2248714589","0.0833333"
"2248714589","1920863234","0.0833333"
"1990927079","1995149488","0.208333"
"1995149488","1990927079","0.208333"
"1990927079","1999296691","0.142157"
"1999296691","1990927079","0.142157"
"1990927079","2058546759","0.0833333"
"2058546759","1990927079","0.0833333"
"1990927079","2199050371","0.242157"
"2199050371","1990927079","0.242157"
"1990927079","2241933673","0.208333"
"2241933673","1990927079","0.208333"
"1990927079","2248714589","0.0833333"
"2248714589","1990927079","0.0833333"
"1995149488","2011671568","0.0833333"
"2011671568","1995149488","0.0833333"
"1995149488","2137734183","0.0833333"
"2137734183","1995149488","0.0833333"
"1995149488","2248714589","0.0833333"
"2248714589","1995149488","0.0833333"
"1999296691","2011671568","0.283333"
"2011671568","1999296691","0.283333"
"1999296691","2137734183","0.0833333"
"2137734183","1999296691","0.0833333"
"2011671568","2058546759","0.0833333"
"2058546759","2011671568","0.0833333"
"2011671568","2199050371","0.616667"
"2199050371","2011671568","0.616667"
"2011671568","2241933673","0.0833333"
"2241933673","2011671568","0.0833333"
"2011671568","2248714589","0.0833333"
"2248714589","2011671568","0.0833333"
"2058546759","2137734183","0.0833333"
"2137734183","2058546759","0.0833333"
"2058546759","2241933673","0.0833333"
"2241933673","2058546759","0.0833333"
"2058546759","2248714589","0.0833333"
"2248714589","2058546759","0.0833333"
"2137734183","2199050371","0.25"
"2199050371","2137734183","0.25"
"2137734183","2241933673","0.0833333"
"2241933673","2137734183","0.0833333"
"2137734183","2248714589","0.0833333"
"2248714589","2137734183","0.0833333"
"2199050371","2241933673","0.0833333"
"2241933673","2199050371","0.0833333"
"2199050371","2248714589","0.0833333"
"2248714589","2199050371","0.0833333"
"2241933673","2248714589","0.0833333"
"2248714589","2241933673","0.0833333"
"1638736765","1998364787","0.35049"
"1998364787","1638736765","0.35049"
"1815036676","1998364787","0.883824"
"1998364787","1815036676","0.883824"
"1990927079","1998364787","0.183824"
"1998364787","1990927079","0.183824"
"1990927079","2089118412","0.45049"
"2089118412","1990927079","0.45049"
"1995149488","1998364787","0.125"
"1998364787","1995149488","0.125"
"1995149488","2089118412","0.125"
"2089118412","1995149488","0.125"
"1998364787","2089118412","0.383824"
"2089118412","1998364787","0.383824"
"1998364787","2241933673","0.125"
"2241933673","1998364787","0.125"
"1998364787","2255000798","0.35049"
"2255000798","1998364787","0.35049"
"2089118412","2241933673","0.125"
"2241933673","2089118412","0.125"
"1638736765","169488297","0.42549"
"169488297","1638736765","0.42549"
"169488297","2026186327","0.651681"
"2026186327","169488297","0.651681"
"1998364787","2199050371","1.09216"
"2199050371","1998364787","1.09216"
"169488297","2089118412","0.32549"
"2089118412","169488297","0.32549"
"1843289246","2089118412","0.32549"
"2089118412","1843289246","0.32549"
"1990927079","2127147481","0.32549"
"2127147481","1990927079","0.32549"
"2040579218","2089118412","0.32549"
"2089118412","2040579218","0.32549"
"2089118412","2127147481","0.32549"
"2127147481","2089118412","0.32549"
"1638736765","807008695","0.0588235"
"807008695","1638736765","0.0588235"
"169488297","1920863234","0.0588235"
"1920863234","169488297","0.0588235"
"169488297","1998364787","0.0588235"
"1998364787","169488297","0.0588235"
"169488297","807008695","0.0588235"
"807008695","169488297","0.0588235"
"1815036676","2026186327","0.967157"
"2026186327","1815036676","0.967157"
"1815036676","807008695","0.183824"
"807008695","1815036676","0.183824"
"1843289246","1920863234","0.0588235"
"1920863234","1843289246","0.0588235"
"1843289246","1998364787","0.0588235"
"1998364787","1843289246","0.0588235"
"1843289246","807008695","0.183824"
"807008695","1843289246","0.183824"
"1920863234","1998364787","0.0588235"
"1998364787","1920863234","0.0588235"
"1920863234","2026186327","0.0588235"
"2026186327","1920863234","0.0588235"
"1920863234","2040579218","0.0588235"
"2040579218","1920863234","0.0588235"
"1920863234","2042695103","0.0588235"
"2042695103","1920863234","0.0588235"
"1920863234","2089118412","0.0588235"
"2089118412","1920863234","0.0588235"
"1920863234","2127147481","0.0588235"
"2127147481","1920863234","0.0588235"
"1920863234","2496655276","0.0588235"
"2496655276","1920863234","0.0588235"
"1920863234","807008695","0.0588235"
"807008695","1920863234","0.0588235"
"1990927079","2026186327","0.0588235"
"2026186327","1990927079","0.0588235"
"1990927079","2042695103","0.0588235"
"2042695103","1990927079","0.0588235"
"1990927079","807008695","0.0588235"
"807008695","1990927079","0.0588235"
"1998364787","1999296691","0.0588235"
"1999296691","1998364787","0.0588235"
"1998364787","2026186327","0.0588235"
"2026186327","1998364787","0.0588235"
"1998364787","2040579218","0.0588235"
"2040579218","1998364787","0.0588235"
"1998364787","2042695103","0.0588235"
"2042695103","1998364787","0.0588235"
"1998364787","2127147481","0.0588235"
"2127147481","1998364787","0.0588235"
"1998364787","2496655276","0.0588235"
"2496655276","1998364787","0.0588235"
"1998364787","807008695","0.0588235"
"807008695","1998364787","0.0588235"
"1999296691","2089118412","0.149733"
"2089118412","1999296691","0.149733"
"1999296691","807008695","0.0588235"
"807008695","1999296691","0.0588235"
"2026186327","2089118412","0.392157"
"2089118412","2026186327","0.392157"
"2026186327","807008695","1.05882"
"807008695","2026186327","1.05882"
"2040579218","807008695","0.183824"
"807008695","2040579218","0.183824"
"2042695103","2089118412","0.0588235"
"2089118412","2042695103","0.0588235"
"2042695103","807008695","0.183824"
"807008695","2042695103","0.183824"
"2089118412","2496655276","0.0588235"
"2496655276","2089118412","0.0588235"
"2089118412","807008695","0.0588235"
"807008695","2089118412","0.0588235"
"2127147481","807008695","0.183824"
"807008695","2127147481","0.183824"
"2154037495","807008695","0.183824"
"807008695","2154037495","0.183824"
"2199050371","807008695","0.0588235"
"807008695","2199050371","0.0588235"
"2255000798","807008695","0.0588235"
"807008695","2255000798","0.0588235"
"2496655276","807008695","0.183824"
"807008695","2496655276","0.183824"
"1638736765","2248456269","0.0909091"
"2248456269","1638736765","0.0909091"
"1674182651","2248456269","0.0909091"
"2248456269","1674182651","0.0909091"
"1790015235","2089118412","0.0909091"
"2089118412","1790015235","0.0909091"
"1790015235","2154037495","0.0909091"
"2154037495","1790015235","0.0909091"
"1790015235","2248456269","0.0909091"
"2248456269","1790015235","0.0909091"
"1790015235","2990220090","0.0909091"
"2990220090","1790015235","0.0909091"
"1815036676","2248456269","0.0909091"
"2248456269","1815036676","0.0909091"
"1999296691","2248456269","0.0909091"
"2248456269","1999296691","0.0909091"
"2089118412","2117528295","0.257576"
"2117528295","2089118412","0.257576"
"2089118412","2248456269","0.0909091"
"2248456269","2089118412","0.0909091"
"2089118412","2990220090","0.0909091"
"2990220090","2089118412","0.0909091"
"2117528295","2248456269","0.0909091"
"2248456269","2117528295","0.0909091"
"2154037495","2248456269","0.0909091"
"2248456269","2154037495","0.0909091"
"2199050371","2248456269","0.0909091"
"2248456269","2199050371","0.0909091"
"2248456269","2255000798","0.0909091"
"2255000798","2248456269","0.0909091"
"2248456269","2990220090","0.0909091"
"2990220090","2248456269","0.0909091"
"2011671568","2884835331","0.333333"
"2884835331","2011671568","0.333333"
"2029016763","2884835331","0.583333"
"2884835331","2029016763","0.583333"
"1674182651","2001607327","0.666667"
"2001607327","1674182651","0.666667"
"1815036676","2001607327","4.83333"
"2001607327","1815036676","4.83333"
"2001607327","2154037495","0.75"
"2154037495","2001607327","0.75"
"2001607327","2255000798","0.666667"
"2255000798","2001607327","0.666667"
"1674182651","2120748232","1.33333"
"2120748232","1674182651","1.33333"
"2120748232","2255000798","1.33333"
"2255000798","2120748232","1.33333"
"2120748232","2884835331","0.666667"
"2884835331","2120748232","0.666667"
"2001607327","2040579218","0.5"
"2040579218","2001607327","0.5"
"1674182651","807008695","0.125"
"807008695","1674182651","0.125"
"1674182651","2003310978","0.266667"
"2003310978","1674182651","0.266667"
"169488297","2003310978","0.1"
"2003310978","169488297","0.1"
"1843289246","2003310978","0.1"
"2003310978","1843289246","0.1"
"1990927079","2003310978","0.1"
"2003310978","1990927079","0.1"
"2003310978","2040579218","0.35"
"2040579218","2003310978","0.35"
"2003310978","2089118412","0.266667"
"2089118412","2003310978","0.266667"
"2003310978","2127147481","0.1"
"2127147481","2003310978","0.1"
"1674182651","2101700686","0.366667"
"2101700686","1674182651","0.366667"
"1815036676","2101700686","0.366667"
"2101700686","1815036676","0.366667"
"1815036676","2120748232","0.166667"
"2120748232","1815036676","0.166667"
"2001607327","2003310978","0.416667"
"2003310978","2001607327","0.416667"
"2001607327","2101700686","0.416667"
"2101700686","2001607327","0.416667"
"2001607327","2120748232","0.166667"
"2120748232","2001607327","0.166667"
"2003310978","2101700686","3.75"
"2101700686","2003310978","3.75"
"2003310978","2120748232","0.166667"
"2120748232","2003310978","0.166667"
"2101700686","2120748232","0.166667"
"2120748232","2101700686","0.166667"
"2101700686","2255000798","0.366667"
"2255000798","2101700686","0.366667"
"1674182651","1773514402","0.2"
"1773514402","1674182651","0.2"
"1773514402","1815036676","0.783333"
"1815036676","1773514402","0.783333"
"1773514402","2101700686","0.45"
"2101700686","1773514402","0.45"
"1773514402","2154037495","0.45"
"2154037495","1773514402","0.45"
"1773514402","2255000798","0.45"
"2255000798","1773514402","0.45"
"2101700686","2154037495","0.533333"
"2154037495","2101700686","0.533333"
"169488297","1995149488","0.142857"
"1995149488","169488297","0.142857"
"1843289246","1995149488","0.142857"
"1995149488","1843289246","0.142857"
"1995149488","2040579218","0.142857"
"2040579218","1995149488","0.142857"
"1995149488","2127147481","0.142857"
"2127147481","1995149488","0.142857"
"1773514402","2001607327","0.25"
"2001607327","1773514402","0.25"
