"119558063","129244243","0.75"
"129244243","119558063","0.75"
"119558063","1598629298","0.616667"
"1598629298","119558063","0.616667"
"119558063","1734185286","0.283333"
"1734185286","119558063","0.283333"
"119558063","1968349776","0.0833333"
"1968349776","119558063","0.0833333"
"119558063","2013207534","0.283333"
"2013207534","119558063","0.283333"
"119558063","2038406401","6.61667"
"2038406401","119558063","6.61667"
"119558063","2047369457","0.583333"
"2047369457","119558063","0.583333"
"119558063","2048752479","0.0833333"
"2048752479","119558063","0.0833333"
"119558063","2063142084","0.0833333"
"2063142084","119558063","0.0833333"
"119558063","2099070807","0.0833333"
"2099070807","119558063","0.0833333"
"119558063","2107003809","0.0833333"
"2107003809","119558063","0.0833333"
"119558063","2164689677","7.11667"
"2164689677","119558063","7.11667"
"129244243","1598629298","0.0833333"
"1598629298","129244243","0.0833333"
"129244243","1734185286","0.0833333"
"1734185286","129244243","0.0833333"
"129244243","1968349776","0.0833333"
"1968349776","129244243","0.0833333"
"129244243","2013207534","0.0833333"
"2013207534","129244243","0.0833333"
"129244243","2038406401","7.33333"
"2038406401","129244243","7.33333"
"129244243","2047369457","0.666667"
"2047369457","129244243","0.666667"
"129244243","2048752479","0.416667"
"2048752479","129244243","0.416667"
"129244243","2063142084","0.333333"
"2063142084","129244243","0.333333"
"129244243","2099070807","0.333333"
"2099070807","129244243","0.333333"
"129244243","2107003809","0.333333"
"2107003809","129244243","0.333333"
"129244243","2164689677","2"
"2164689677","129244243","2"
"1598629298","1734185286","2.78333"
"1734185286","1598629298","2.78333"
"1598629298","1968349776","0.0833333"
"1968349776","1598629298","0.0833333"
"1598629298","2013207534","2.28333"
"2013207534","1598629298","2.28333"
"1598629298","2038406401","3.61667"
"2038406401","1598629298","3.61667"
"1598629298","2047369457","0.0833333"
"2047369457","1598629298","0.0833333"
"1598629298","2048752479","0.583333"
"2048752479","1598629298","0.583333"
"1598629298","2063142084","0.0833333"
"2063142084","1598629298","0.0833333"
"1598629298","2099070807","0.0833333"
"2099070807","1598629298","0.0833333"
"1598629298","2107003809","0.0833333"
"2107003809","1598629298","0.0833333"
"1598629298","2164689677","0.616667"
"2164689677","1598629298","0.616667"
"1734185286","1968349776","0.0833333"
"1968349776","1734185286","0.0833333"
"1734185286","2013207534","0.283333"
"2013207534","1734185286","0.283333"
"1734185286","2038406401","5.28333"
"2038406401","1734185286","5.28333"
"1734185286","2047369457","0.333333"
"2047369457","1734185286","0.333333"
"1734185286","2048752479","0.0833333"
"2048752479","1734185286","0.0833333"
"1734185286","2063142084","0.0833333"
"2063142084","1734185286","0.0833333"
"1734185286","2099070807","0.333333"
"2099070807","1734185286","0.333333"
"1734185286","2107003809","0.0833333"
"2107003809","1734185286","0.0833333"
"1734185286","2164689677","0.783333"
"2164689677","1734185286","0.783333"
"1968349776","2013207534","0.0833333"
"2013207534","1968349776","0.0833333"
"1968349776","2038406401","0.0833333"
"2038406401","1968349776","0.0833333"
"1968349776","2047369457","0.0833333"
"2047369457","1968349776","0.0833333"
"1968349776","2048752479","0.0833333"
"2048752479","1968349776","0.0833333"
"1968349776","2063142084","0.0833333"
"2063142084","1968349776","0.0833333"
"1968349776","2099070807","0.0833333"
"2099070807","1968349776","0.0833333"
"1968349776","2107003809","0.0833333"
"2107003809","1968349776","0.0833333"
"1968349776","2164689677","0.0833333"
"2164689677","1968349776","0.0833333"
"2013207534","2038406401","0.283333"
"2038406401","2013207534","0.283333"
"2013207534","2047369457","0.0833333"
"2047369457","2013207534","0.0833333"
"2013207534","2048752479","0.0833333"
"2048752479","2013207534","0.0833333"
"2013207534","2063142084","0.0833333"
"2063142084","2013207534","0.0833333"
"2013207534","2099070807","0.0833333"
"2099070807","2013207534","0.0833333"
"2013207534","2107003809","0.0833333"
"2107003809","2013207534","0.0833333"
"2013207534","2164689677","0.283333"
"2164689677","2013207534","0.283333"
"2038406401","2047369457","12.9167"
"2047369457","2038406401","12.9167"
"2038406401","2048752479","3.41667"
"2048752479","2038406401","3.41667"
"2038406401","2063142084","0.583333"
"2063142084","2038406401","0.583333"
"2038406401","2099070807","3.66667"
"2099070807","2038406401","3.66667"
"2038406401","2107003809","1.58333"
"2107003809","2038406401","1.58333"
"2038406401","2164689677","17.5333"
"2164689677","2038406401","17.5333"
"2047369457","2048752479","0.916667"
"2048752479","2047369457","0.916667"
"2047369457","2063142084","0.0833333"
"2063142084","2047369457","0.0833333"
"2047369457","2099070807","0.916667"
"2099070807","2047369457","0.916667"
"2047369457","2107003809","0.0833333"
"2107003809","2047369457","0.0833333"
"2047369457","2164689677","2.75"
"2164689677","2047369457","2.75"
"2048752479","2063142084","0.416667"
"2063142084","2048752479","0.416667"
"2048752479","2099070807","0.416667"
"2099070807","2048752479","0.416667"
"2048752479","2107003809","0.416667"
"2107003809","2048752479","0.416667"
"2048752479","2164689677","0.0833333"
"2164689677","2048752479","0.0833333"
"2063142084","2099070807","10.3333"
"2099070807","2063142084","10.3333"
"2063142084","2107003809","4.66667"
"2107003809","2063142084","4.66667"
"2063142084","2164689677","0.416667"
"2164689677","2063142084","0.416667"
"2099070807","2107003809","10.6667"
"2107003809","2099070807","10.6667"
"2099070807","2164689677","0.666667"
"2164689677","2099070807","0.666667"
"2107003809","2164689677","0.0833333"
"2164689677","2107003809","0.0833333"
"119558063","2084273017","0.333333"
"2084273017","119558063","0.333333"
"2038406401","2084273017","2.58333"
"2084273017","2038406401","2.58333"
"2084273017","2164689677","2.08333"
"2164689677","2084273017","2.08333"
"129244243","2084273017","0.5"
"2084273017","129244243","0.5"
"2047369457","2084273017","2"
"2084273017","2047369457","2"
"2063142084","2084273017","0.583333"
"2084273017","2063142084","0.583333"
"2084273017","2099070807","1.16667"
"2099070807","2084273017","1.16667"
"2084273017","2107003809","0.25"
"2107003809","2084273017","0.25"
"140132851","2131060534","1"
"2131060534","140132851","1"
"140132851","145315031","1"
"145315031","140132851","1"
"145315031","1734185286","0.5"
"1734185286","145315031","0.5"
"145315031","1993748501","1.5"
"1993748501","145315031","1.5"
"1734185286","1993748501","2.25"
"1993748501","1734185286","2.25"
"145315031","2089704617","1"
"2089704617","145315031","1"
"1581255097","2041519085","2.21786"
"2041519085","1581255097","2.21786"
"1581255097","85907069","0.666667"
"85907069","1581255097","0.666667"
"2041519085","85907069","1.5"
"85907069","2041519085","1.5"
"1581255097","1848079635","0.2"
"1848079635","1581255097","0.2"
"1581255097","1958810535","0.2"
"1958810535","1581255097","0.2"
"1581255097","1975990383","1.29286"
"1975990383","1581255097","1.29286"
"1581255097","2090892329","0.2"
"2090892329","1581255097","0.2"
"1581255097","2266348964","2.95952"
"2266348964","1581255097","2.95952"
"1848079635","1958810535","1.61667"
"1958810535","1848079635","1.61667"
"1848079635","1975990383","0.2"
"1975990383","1848079635","0.2"
"1848079635","2090892329","2.11667"
"2090892329","1848079635","2.11667"
"1848079635","2266348964","0.2"
"2266348964","1848079635","0.2"
"1958810535","1975990383","0.2"
"1975990383","1958810535","0.2"
"1958810535","2090892329","1.61667"
"2090892329","1958810535","1.61667"
"1958810535","2266348964","0.2"
"2266348964","1958810535","0.2"
"1975990383","2090892329","0.2"
"2090892329","1975990383","0.2"
"1975990383","2266348964","1.29286"
"2266348964","1975990383","1.29286"
"2090892329","2266348964","0.2"
"2266348964","2090892329","0.2"
"1581255097","1990429137","6.80119"
"1990429137","1581255097","6.80119"
"1990429137","2041519085","4.11071"
"2041519085","1990429137","4.11071"
"1581255097","1607108658","0.166667"
"1607108658","1581255097","0.166667"
"1581255097","2030397262","1.43452"
"2030397262","1581255097","1.43452"
"1581255097","2091876982","0.166667"
"2091876982","1581255097","0.166667"
"1607108658","2030397262","5.41667"
"2030397262","1607108658","5.41667"
"1607108658","2041519085","1.25"
"2041519085","1607108658","1.25"
"1607108658","2091876982","0.25"
"2091876982","1607108658","0.25"
"1607108658","2266348964","0.166667"
"2266348964","1607108658","0.166667"
"1607108658","85907069","0.166667"
"85907069","1607108658","0.166667"
"2030397262","2041519085","4.32738"
"2041519085","2030397262","4.32738"
"2030397262","2091876982","4.55952"
"2091876982","2030397262","4.55952"
"2030397262","2266348964","0.309524"
"2266348964","2030397262","0.309524"
"2030397262","85907069","0.166667"
"85907069","2030397262","0.166667"
"2041519085","2091876982","1.89286"
"2091876982","2041519085","1.89286"
"2041519085","2266348964","1.09286"
"2266348964","2041519085","1.09286"
"2091876982","2266348964","0.5"
"2266348964","2091876982","0.5"
"2091876982","85907069","0.5"
"85907069","2091876982","0.5"
"2266348964","85907069","0.5"
"85907069","2266348964","0.5"
"1581255097","1870229789","0.60119"
"1870229789","1581255097","0.60119"
"1870229789","1990429137","0.60119"
"1990429137","1870229789","0.60119"
"1870229789","2041519085","0.60119"
"2041519085","1870229789","0.60119"
"1581255097","1980072277","0.125"
"1980072277","1581255097","0.125"
"1581255097","1982251581","0.125"
"1982251581","1581255097","0.125"
"1581255097","1999150313","0.125"
"1999150313","1581255097","0.125"
"1581255097","71320024","0.717857"
"71320024","1581255097","0.717857"
"1870229789","1980072277","3.95833"
"1980072277","1870229789","3.95833"
"1870229789","1982251581","0.125"
"1982251581","1870229789","0.125"
"1870229789","1999150313","2.95833"
"1999150313","1870229789","2.95833"
"1870229789","2030397262","0.767857"
"2030397262","1870229789","0.767857"
"1870229789","71320024","0.267857"
"71320024","1870229789","0.267857"
"1980072277","1982251581","0.125"
"1982251581","1980072277","0.125"
"1980072277","1990429137","0.125"
"1990429137","1980072277","0.125"
"1980072277","1999150313","1.95833"
"1999150313","1980072277","1.95833"
"1980072277","2030397262","0.125"
"2030397262","1980072277","0.125"
"1980072277","2041519085","0.125"
"2041519085","1980072277","0.125"
"1980072277","71320024","0.125"
"71320024","1980072277","0.125"
"1982251581","1990429137","1.60119"
"1990429137","1982251581","1.60119"
"1982251581","1999150313","0.267857"
"1999150313","1982251581","0.267857"
"1982251581","2030397262","1.26786"
"2030397262","1982251581","1.26786"
"1982251581","2041519085","1.60119"
"2041519085","1982251581","1.60119"
"1982251581","71320024","2.60119"
"71320024","1982251581","2.60119"
"1990429137","1999150313","0.267857"
"1999150313","1990429137","0.267857"
"1990429137","2030397262","7.41071"
"2030397262","1990429137","7.41071"
"1990429137","71320024","4.11071"
"71320024","1990429137","4.11071"
"1999150313","2030397262","0.35119"
"2030397262","1999150313","0.35119"
"1999150313","2041519085","0.35119"
"2041519085","1999150313","0.35119"
"1999150313","71320024","0.267857"
"71320024","1999150313","0.267857"
"2030397262","71320024","2.07738"
"71320024","2030397262","2.07738"
"2041519085","71320024","2.69405"
"71320024","2041519085","2.69405"
"1990429137","2266348964","0.842857"
"2266348964","1990429137","0.842857"
"1975990383","1990429137","0.842857"
"1990429137","1975990383","0.842857"
"1975990383","2041519085","1.42619"
"2041519085","1975990383","1.42619"
"1975990383","71320024","0.592857"
"71320024","1975990383","0.592857"
"2266348964","71320024","0.592857"
"71320024","2266348964","0.592857"
"1870229789","1975990383","0.142857"
"1975990383","1870229789","0.142857"
"1870229789","2266348964","0.142857"
"2266348964","1870229789","0.142857"
"1975990383","2030397262","0.47619"
"2030397262","1975990383","0.47619"
"158370086","2151623988","1"
"2151623988","158370086","1"
"1607108658","1990429137","3.16667"
"1990429137","1607108658","3.16667"
"1607108658","1848079635","0.0833333"
"1848079635","1607108658","0.0833333"
"1607108658","1958810535","0.0833333"
"1958810535","1607108658","0.0833333"
"1607108658","1999150313","0.0833333"
"1999150313","1607108658","0.0833333"
"1607108658","2041870456","0.0833333"
"2041870456","1607108658","0.0833333"
"1607108658","2044944372","0.0833333"
"2044944372","1607108658","0.0833333"
"1607108658","2062000653","0.0833333"
"2062000653","1607108658","0.0833333"
"1607108658","2090892329","0.0833333"
"2090892329","1607108658","0.0833333"
"1607108658","2119078262","0.0833333"
"2119078262","1607108658","0.0833333"
"1607108658","2169763803","0.0833333"
"2169763803","1607108658","0.0833333"
"1848079635","1999150313","1.72619"
"1999150313","1848079635","1.72619"
"1848079635","2030397262","1.22619"
"2030397262","1848079635","1.22619"
"1848079635","2041519085","0.22619"
"2041519085","1848079635","0.22619"
"1848079635","2041870456","0.0833333"
"2041870456","1848079635","0.0833333"
"1848079635","2044944372","2.58333"
"2044944372","1848079635","2.58333"
"1848079635","2062000653","0.916667"
"2062000653","1848079635","0.916667"
"1848079635","2091876982","0.22619"
"2091876982","1848079635","0.22619"
"1848079635","2119078262","1.66667"
"2119078262","1848079635","1.66667"
"1848079635","2169763803","0.0833333"
"2169763803","1848079635","0.0833333"
"1958810535","1999150313","0.583333"
"1999150313","1958810535","0.583333"
"1958810535","2030397262","0.0833333"
"2030397262","1958810535","0.0833333"
"1958810535","2041519085","0.0833333"
"2041519085","1958810535","0.0833333"
"1958810535","2041870456","0.0833333"
"2041870456","1958810535","0.0833333"
"1958810535","2044944372","0.583333"
"2044944372","1958810535","0.583333"
"1958810535","2062000653","0.0833333"
"2062000653","1958810535","0.0833333"
"1958810535","2091876982","0.0833333"
"2091876982","1958810535","0.0833333"
"1958810535","2119078262","0.583333"
"2119078262","1958810535","0.583333"
"1958810535","2169763803","0.416667"
"2169763803","1958810535","0.416667"
"1999150313","2041870456","0.0833333"
"2041870456","1999150313","0.0833333"
"1999150313","2044944372","1"
"2044944372","1999150313","1"
"1999150313","2062000653","0.916667"
"2062000653","1999150313","0.916667"
"1999150313","2090892329","0.5"
"2090892329","1999150313","0.5"
"1999150313","2091876982","0.22619"
"2091876982","1999150313","0.22619"
"1999150313","2119078262","1.08333"
"2119078262","1999150313","1.08333"
"1999150313","2169763803","0.416667"
"2169763803","1999150313","0.416667"
"2030397262","2041870456","0.0833333"
"2041870456","2030397262","0.0833333"
"2030397262","2044944372","0.0833333"
"2044944372","2030397262","0.0833333"
"2030397262","2062000653","0.0833333"
"2062000653","2030397262","0.0833333"
"2030397262","2090892329","0.0833333"
"2090892329","2030397262","0.0833333"
"2030397262","2119078262","0.0833333"
"2119078262","2030397262","0.0833333"
"2030397262","2169763803","0.0833333"
"2169763803","2030397262","0.0833333"
"2041519085","2041870456","0.0833333"
"2041870456","2041519085","0.0833333"
"2041519085","2044944372","0.0833333"
"2044944372","2041519085","0.0833333"
"2041519085","2062000653","0.0833333"
"2062000653","2041519085","0.0833333"
"2041519085","2090892329","0.0833333"
"2090892329","2041519085","0.0833333"
"2041519085","2119078262","0.0833333"
"2119078262","2041519085","0.0833333"
"2041519085","2169763803","0.0833333"
"2169763803","2041519085","0.0833333"
"2041870456","2044944372","0.0833333"
"2044944372","2041870456","0.0833333"
"2041870456","2062000653","0.0833333"
"2062000653","2041870456","0.0833333"
"2041870456","2090892329","0.0833333"
"2090892329","2041870456","0.0833333"
"2041870456","2091876982","0.0833333"
"2091876982","2041870456","0.0833333"
"2041870456","2119078262","0.0833333"
"2119078262","2041870456","0.0833333"
"2041870456","2169763803","0.0833333"
"2169763803","2041870456","0.0833333"
"2044944372","2062000653","1.08333"
"2062000653","2044944372","1.08333"
"2044944372","2090892329","0.833333"
"2090892329","2044944372","0.833333"
"2044944372","2091876982","0.0833333"
"2091876982","2044944372","0.0833333"
"2044944372","2119078262","5.5"
"2119078262","2044944372","5.5"
"2044944372","2169763803","0.0833333"
"2169763803","2044944372","0.0833333"
"2062000653","2090892329","0.0833333"
"2090892329","2062000653","0.0833333"
"2062000653","2091876982","0.0833333"
"2091876982","2062000653","0.0833333"
"2062000653","2119078262","1.41667"
"2119078262","2062000653","1.41667"
"2062000653","2169763803","0.0833333"
"2169763803","2062000653","0.0833333"
"2090892329","2091876982","0.0833333"
"2091876982","2090892329","0.0833333"
"2090892329","2119078262","0.833333"
"2119078262","2090892329","0.833333"
"2090892329","2169763803","0.0833333"
"2169763803","2090892329","0.0833333"
"2091876982","2119078262","0.0833333"
"2119078262","2091876982","0.0833333"
"2091876982","2169763803","0.0833333"
"2169763803","2091876982","0.0833333"
"2119078262","2169763803","0.0833333"
"2169763803","2119078262","0.0833333"
"1607108658","71320024","1.66667"
"71320024","1607108658","1.66667"
"1734185286","2083975418","1.33333"
"2083975418","1734185286","1.33333"
"1734185286","188300810","0.333333"
"188300810","1734185286","0.333333"
"188300810","1993748501","0.333333"
"1993748501","188300810","0.333333"
"188300810","2083975418","0.666667"
"2083975418","188300810","0.666667"
"1993748501","2083975418","0.333333"
"2083975418","1993748501","0.333333"
"1734185286","2084273017","0.5"
"2084273017","1734185286","0.5"
"1734185286","1741109895","0.416667"
"1741109895","1734185286","0.416667"
"1734185286","2217520064","0.25"
"2217520064","1734185286","0.25"
"1734185286","2964201256","0.416667"
"2964201256","1734185286","0.416667"
"1741109895","1993748501","1.25"
"1993748501","1741109895","1.25"
"1741109895","2217520064","0.25"
"2217520064","1741109895","0.25"
"1741109895","2964201256","29.25"
"2964201256","1741109895","29.25"
"1993748501","2217520064","0.25"
"2217520064","1993748501","0.25"
"1993748501","2964201256","1.25"
"2964201256","1993748501","1.25"
"2217520064","2964201256","0.25"
"2964201256","2217520064","0.25"
"1734185286","2052627644","0.166667"
"2052627644","1734185286","0.166667"
"1734185286","2085187346","0.166667"
"2085187346","1734185286","0.166667"
"1734185286","2886932774","0.166667"
"2886932774","1734185286","0.166667"
"1741109895","2052627644","0.5"
"2052627644","1741109895","0.5"
"1741109895","2085187346","0.166667"
"2085187346","1741109895","0.166667"
"1741109895","2886932774","9.16667"
"2886932774","1741109895","9.16667"
"1993748501","2052627644","0.166667"
"2052627644","1993748501","0.166667"
"1993748501","2085187346","0.166667"
"2085187346","1993748501","0.166667"
"1993748501","2886932774","0.5"
"2886932774","1993748501","0.5"
"2052627644","2085187346","0.166667"
"2085187346","2052627644","0.166667"
"2052627644","2886932774","1.5"
"2886932774","2052627644","1.5"
"2052627644","2964201256","0.5"
"2964201256","2052627644","0.5"
"2085187346","2886932774","0.166667"
"2886932774","2085187346","0.166667"
"2085187346","2964201256","0.166667"
"2964201256","2085187346","0.166667"
"2886932774","2964201256","9.16667"
"2964201256","2886932774","9.16667"
"1741109895","2291384817","0.333333"
"2291384817","1741109895","0.333333"
"2291384817","2886932774","0.333333"
"2886932774","2291384817","0.333333"
"2291384817","2964201256","0.333333"
"2964201256","2291384817","0.333333"
"1741109895","188300810","0.333333"
"188300810","1741109895","0.333333"
"1741109895","2083975418","0.333333"
"2083975418","1741109895","0.333333"
"188300810","2964201256","0.333333"
"2964201256","188300810","0.333333"
"2083975418","2964201256","0.333333"
"2964201256","2083975418","0.333333"
"1767916951","1929467508","0.5"
"1929467508","1767916951","0.5"
"1767916951","1999150313","0.5"
"1999150313","1767916951","0.5"
"1929467508","1999150313","1.5"
"1999150313","1929467508","1.5"
"1848079635","1929467508","2.25"
"1929467508","1848079635","2.25"
"1848079635","93326599","0.5"
"93326599","1848079635","0.5"
"2044944372","93326599","0.5"
"93326599","2044944372","0.5"
"1848079635","1940862782","1.16667"
"1940862782","1848079635","1.16667"
"1929467508","1940862782","0.25"
"1940862782","1929467508","0.25"
"1929467508","2090892329","0.25"
"2090892329","1929467508","0.25"
"1940862782","1999150313","0.416667"
"1999150313","1940862782","0.416667"
"1940862782","2090892329","0.666667"
"2090892329","1940862782","0.666667"
"1940862782","2044944372","0.916667"
"2044944372","1940862782","0.916667"
"1848079635","1870229789","0.25"
"1870229789","1848079635","0.25"
"1848079635","1980072277","0.25"
"1980072277","1848079635","0.25"
"1870229789","2044944372","0.25"
"2044944372","1870229789","0.25"
"1980072277","2044944372","0.25"
"2044944372","1980072277","0.25"
"1848079635","1982251581","0.142857"
"1982251581","1848079635","0.142857"
"1848079635","1990429137","0.142857"
"1990429137","1848079635","0.142857"
"1848079635","71320024","0.142857"
"71320024","1848079635","0.142857"
"1982251581","2091876982","0.142857"
"2091876982","1982251581","0.142857"
"1990429137","2091876982","0.47619"
"2091876982","1990429137","0.47619"
"2091876982","71320024","0.142857"
"71320024","2091876982","0.142857"
"1940862782","2119078262","0.416667"
"2119078262","1940862782","0.416667"
"1940862782","1958810535","0.166667"
"1958810535","1940862782","0.166667"
"1858821896","1870229789","0.416667"
"1870229789","1858821896","0.416667"
"1858821896","1980072277","0.416667"
"1980072277","1858821896","0.416667"
"1858821896","1999150313","0.666667"
"1999150313","1858821896","0.666667"
"1858821896","2135113843","1.66667"
"2135113843","1858821896","1.66667"
"1870229789","2135113843","0.916667"
"2135113843","1870229789","0.916667"
"1980072277","2135113843","0.416667"
"2135113843","1980072277","0.416667"
"1999150313","2135113843","0.666667"
"2135113843","1999150313","0.666667"
"1858821896","1929467508","0.416667"
"1929467508","1858821896","0.416667"
"1858821896","2002483935","0.416667"
"2002483935","1858821896","0.416667"
"1929467508","2002483935","0.416667"
"2002483935","1929467508","0.416667"
"1929467508","2135113843","0.416667"
"2135113843","1929467508","0.416667"
"1999150313","2002483935","1.08333"
"2002483935","1999150313","1.08333"
"2002483935","2135113843","0.416667"
"2135113843","2002483935","0.416667"
"1870229789","1929467508","0.166667"
"1929467508","1870229789","0.166667"
"1870229789","2002483935","0.833333"
"2002483935","1870229789","0.833333"
"1929467508","1980072277","0.166667"
"1980072277","1929467508","0.166667"
"1980072277","2002483935","0.833333"
"2002483935","1980072277","0.833333"
"2030397262","2135113843","0.5"
"2135113843","2030397262","0.5"
"188300810","2131060534","2"
"2131060534","188300810","2"
"188300810","2081583331","1"
"2081583331","188300810","1"
"1929467508","1958810535","0.333333"
"1958810535","1929467508","0.333333"
"1929467508","2169763803","0.333333"
"2169763803","1929467508","0.333333"
"1975990383","85907069","0.5"
"85907069","1975990383","0.5"
"1975990383","2091876982","0.333333"
"2091876982","1975990383","0.333333"
"1975990383","2062000653","0.5"
"2062000653","1975990383","0.5"
"1990429137","2062000653","0.5"
"2062000653","1990429137","0.5"
"1993748501","2089704617","1"
"2089704617","1993748501","1"
"1993748501","93326599","1"
"93326599","1993748501","1"
"2003011195","2052627644","1"
"2052627644","2003011195","1"
"2030397262","2034438017","1"
"2034438017","2030397262","1"
"2034438017","2085187346","1"
"2085187346","2034438017","1"
"2034438017","2038406401","1"
"2038406401","2034438017","1"
"2038406401","2096999549","1"
"2096999549","2038406401","1"
"2038406401","2048505195","2"
"2048505195","2038406401","2"
"2048505195","2164689677","0.5"
"2164689677","2048505195","0.5"
"2038406401","2106154212","2.5"
"2106154212","2038406401","2.5"
"2047369457","2106154212","0.5"
"2106154212","2047369457","0.5"
"2048505195","2107003809","3.16667"
"2107003809","2048505195","3.16667"
"2048505195","2063142084","2"
"2063142084","2048505195","2"
"2048505195","2099070807","2"
"2099070807","2048505195","2"
"2048505195","2106154212","1.33333"
"2106154212","2048505195","1.33333"
"2063142084","2106154212","1.16667"
"2106154212","2063142084","1.16667"
"2099070807","2106154212","2.16667"
"2106154212","2099070807","2.16667"
"2106154212","2107003809","5.33333"
"2107003809","2106154212","5.33333"
"2052627644","2291384817","1"
"2291384817","2052627644","1"
"2077730611","93326599","4"
"93326599","2077730611","4"
"2077730611","2086936021","2"
"2086936021","2077730611","2"
"2086936021","93326599","3"
"93326599","2086936021","3"
"2077730611","2083001065","1"
"2083001065","2077730611","1"
"2083001065","2086936021","2"
"2086936021","2083001065","2"
"2099070807","2291384817","1"
"2291384817","2099070807","1"
"2131060534","2171552611","1.5"
"2171552611","2131060534","1.5"
"2131060534","2152536828","0.5"
"2152536828","2131060534","0.5"
"2152536828","2171552611","0.5"
"2171552611","2152536828","0.5"
