"1485069042","1486652013","2.54493"
"1486652013","1485069042","2.54493"
"1485069042","2127244179","0.371324"
"2127244179","1485069042","0.371324"
"1485069042","2128280035","1.65278"
"2128280035","1485069042","1.65278"
"1485069042","2129821915","5.24861"
"2129821915","1485069042","5.24861"
"1486652013","2127244179","0.371324"
"2127244179","1486652013","0.371324"
"1486652013","2128280035","1.31944"
"2128280035","1486652013","1.31944"
"1486652013","2129821915","1.42361"
"2129821915","1486652013","1.42361"
"2127244179","2128280035","0.3125"
"2128280035","2127244179","0.3125"
"2127244179","2129821915","0.25"
"2129821915","2127244179","0.25"
"2128280035","2129821915","0.590278"
"2129821915","2128280035","0.590278"
"1485069042","2072192327","1.02778"
"2072192327","1485069042","1.02778"
"2072192327","2129821915","0.965278"
"2129821915","2072192327","0.965278"
"1485069042","2063943448","0.533333"
"2063943448","1485069042","0.533333"
"1485069042","2198233821","0.454657"
"2198233821","1485069042","0.454657"
"2063943448","2129821915","0.533333"
"2129821915","2063943448","0.533333"
"2063943448","2198233821","1.83333"
"2198233821","2063943448","1.83333"
"2129821915","2198233821","0.395833"
"2198233821","2129821915","0.395833"
"1485069042","1509901816","0.183824"
"1509901816","1485069042","0.183824"
"1485069042","1520258762","0.586601"
"1520258762","1485069042","0.586601"
"1485069042","1548025739","0.586601"
"1548025739","1485069042","0.586601"
"1485069042","1965143135","0.121324"
"1965143135","1485069042","0.121324"
"1485069042","1975089337","0.121324"
"1975089337","1485069042","0.121324"
"1485069042","1981680649","0.321324"
"1981680649","1485069042","0.321324"
"1485069042","2053782908","0.527778"
"2053782908","1485069042","0.527778"
"1485069042","2060634628","0.121324"
"2060634628","1485069042","0.121324"
"1485069042","2134325050","0.121324"
"2134325050","1485069042","0.121324"
"1485069042","2163893374","0.308824"
"2163893374","1485069042","0.308824"
"1485069042","234424918","0.121324"
"234424918","1485069042","0.121324"
"1485069042","2611434193","0.121324"
"2611434193","1485069042","0.121324"
"1486652013","1509901816","0.183824"
"1509901816","1486652013","0.183824"
"1486652013","1520258762","0.294935"
"1520258762","1486652013","0.294935"
"1486652013","1548025739","0.294935"
"1548025739","1486652013","0.294935"
"1486652013","1965143135","0.121324"
"1965143135","1486652013","0.121324"
"1486652013","1975089337","0.121324"
"1975089337","1486652013","0.121324"
"1486652013","1981680649","1.12132"
"1981680649","1486652013","1.12132"
"1486652013","2053782908","0.236111"
"2053782908","1486652013","0.236111"
"1486652013","2060634628","0.121324"
"2060634628","1486652013","0.121324"
"1486652013","2072192327","0.236111"
"2072192327","1486652013","0.236111"
"1486652013","2134325050","0.454657"
"2134325050","1486652013","0.454657"
"1486652013","2163893374","2.01716"
"2163893374","1486652013","2.01716"
"1486652013","234424918","0.621324"
"234424918","1486652013","0.621324"
"1486652013","2611434193","0.121324"
"2611434193","1486652013","0.121324"
"1509901816","1520258762","0.183824"
"1520258762","1509901816","0.183824"
"1509901816","1548025739","0.183824"
"1548025739","1509901816","0.183824"
"1509901816","1965143135","0.121324"
"1965143135","1509901816","0.121324"
"1509901816","1975089337","0.121324"
"1975089337","1509901816","0.121324"
"1509901816","1981680649","0.121324"
"1981680649","1509901816","0.121324"
"1509901816","2053782908","0.125"
"2053782908","1509901816","0.125"
"1509901816","2060634628","0.121324"
"2060634628","1509901816","0.121324"
"1509901816","2072192327","0.125"
"2072192327","1509901816","0.125"
"1509901816","2127244179","0.121324"
"2127244179","1509901816","0.121324"
"1509901816","2128280035","0.125"
"2128280035","1509901816","0.125"
"1509901816","2134325050","0.121324"
"2134325050","1509901816","0.121324"
"1509901816","2163893374","0.183824"
"2163893374","1509901816","0.183824"
"1509901816","234424918","0.121324"
"234424918","1509901816","0.121324"
"1509901816","2611434193","0.121324"
"2611434193","1509901816","0.121324"
"1520258762","1548025739","2.16993"
"1548025739","1520258762","2.16993"
"1520258762","1965143135","0.121324"
"1965143135","1520258762","0.121324"
"1520258762","1975089337","0.121324"
"1975089337","1520258762","0.121324"
"1520258762","1981680649","0.121324"
"1981680649","1520258762","0.121324"
"1520258762","2053782908","1.11111"
"2053782908","1520258762","1.11111"
"1520258762","2060634628","0.121324"
"2060634628","1520258762","0.121324"
"1520258762","2072192327","1.81111"
"2072192327","1520258762","1.81111"
"1520258762","2127244179","0.121324"
"2127244179","1520258762","0.121324"
"1520258762","2128280035","0.902778"
"2128280035","1520258762","0.902778"
"1520258762","2134325050","0.48799"
"2134325050","1520258762","0.48799"
"1520258762","2163893374","0.842157"
"2163893374","1520258762","0.842157"
"1520258762","234424918","0.121324"
"234424918","1520258762","0.121324"
"1520258762","2611434193","0.48799"
"2611434193","1520258762","0.48799"
"1548025739","1965143135","0.121324"
"1965143135","1548025739","0.121324"
"1548025739","1975089337","0.121324"
"1975089337","1548025739","0.121324"
"1548025739","1981680649","0.121324"
"1981680649","1548025739","0.121324"
"1548025739","2053782908","4.14444"
"2053782908","1548025739","4.14444"
"1548025739","2060634628","0.121324"
"2060634628","1548025739","0.121324"
"1548025739","2072192327","1.94444"
"2072192327","1548025739","1.94444"
"1548025739","2127244179","0.321324"
"2127244179","1548025739","0.321324"
"1548025739","2128280035","0.402778"
"2128280035","1548025739","0.402778"
"1548025739","2134325050","0.28799"
"2134325050","1548025739","0.28799"
"1548025739","2163893374","1.17549"
"2163893374","1548025739","1.17549"
"1548025739","234424918","0.121324"
"234424918","1548025739","0.121324"
"1548025739","2611434193","0.48799"
"2611434193","1548025739","0.48799"
"1965143135","1975089337","0.232435"
"1975089337","1965143135","0.232435"
"1965143135","1981680649","0.482435"
"1981680649","1965143135","0.482435"
"1965143135","2053782908","0.0625"
"2053782908","1965143135","0.0625"
"1965143135","2060634628","2.98243"
"2060634628","1965143135","2.98243"
"1965143135","2072192327","0.0625"
"2072192327","1965143135","0.0625"
"1965143135","2127244179","0.121324"
"2127244179","1965143135","0.121324"
"1965143135","2128280035","0.5625"
"2128280035","1965143135","0.5625"
"1965143135","2134325050","0.704657"
"2134325050","1965143135","0.704657"
"1965143135","2163893374","0.954657"
"2163893374","1965143135","0.954657"
"1965143135","234424918","0.121324"
"234424918","1965143135","0.121324"
"1965143135","2611434193","0.454657"
"2611434193","1965143135","0.454657"
"1975089337","1981680649","0.232435"
"1981680649","1975089337","0.232435"
"1975089337","2053782908","0.0625"
"2053782908","1975089337","0.0625"
"1975089337","2060634628","0.232435"
"2060634628","1975089337","0.232435"
"1975089337","2072192327","0.0625"
"2072192327","1975089337","0.0625"
"1975089337","2127244179","0.121324"
"2127244179","1975089337","0.121324"
"1975089337","2128280035","0.0625"
"2128280035","1975089337","0.0625"
"1975089337","2134325050","0.121324"
"2134325050","1975089337","0.121324"
"1975089337","2163893374","0.121324"
"2163893374","1975089337","0.121324"
"1975089337","234424918","0.121324"
"234424918","1975089337","0.121324"
"1975089337","2611434193","0.121324"
"2611434193","1975089337","0.121324"
"1981680649","2053782908","0.0625"
"2053782908","1981680649","0.0625"
"1981680649","2060634628","0.482435"
"2060634628","1981680649","0.482435"
"1981680649","2072192327","0.0625"
"2072192327","1981680649","0.0625"
"1981680649","2127244179","0.121324"
"2127244179","1981680649","0.121324"
"1981680649","2128280035","1.0625"
"2128280035","1981680649","1.0625"
"1981680649","2134325050","0.121324"
"2134325050","1981680649","0.121324"
"1981680649","2163893374","0.371324"
"2163893374","1981680649","0.371324"
"1981680649","234424918","0.121324"
"234424918","1981680649","0.121324"
"1981680649","2611434193","0.121324"
"2611434193","1981680649","0.121324"
"2053782908","2060634628","0.0625"
"2060634628","2053782908","0.0625"
"2053782908","2072192327","2.27778"
"2072192327","2053782908","2.27778"
"2053782908","2127244179","0.2625"
"2127244179","2053782908","0.2625"
"2053782908","2128280035","1.84722"
"2128280035","2053782908","1.84722"
"2053782908","2134325050","0.340278"
"2134325050","2053782908","0.340278"
"2053782908","2163893374","1.22778"
"2163893374","2053782908","1.22778"
"2053782908","234424918","0.0625"
"234424918","2053782908","0.0625"
"2053782908","2611434193","0.540278"
"2611434193","2053782908","0.540278"
"2060634628","2072192327","0.0625"
"2072192327","2060634628","0.0625"
"2060634628","2127244179","1.12132"
"2127244179","2060634628","1.12132"
"2060634628","2128280035","0.0625"
"2128280035","2060634628","0.0625"
"2060634628","2134325050","0.121324"
"2134325050","2060634628","0.121324"
"2060634628","2163893374","0.371324"
"2163893374","2060634628","0.371324"
"2060634628","234424918","0.121324"
"234424918","2060634628","0.121324"
"2060634628","2611434193","0.121324"
"2611434193","2060634628","0.121324"
"2072192327","2127244179","1.0625"
"2127244179","2072192327","1.0625"
"2072192327","2128280035","2.23611"
"2128280035","2072192327","2.23611"
"2072192327","2134325050","1.5125"
"2134325050","2072192327","1.5125"
"2072192327","2163893374","2.7"
"2163893374","2072192327","2.7"
"2072192327","234424918","0.0625"
"234424918","2072192327","0.0625"
"2072192327","2611434193","0.7625"
"2611434193","2072192327","0.7625"
"2127244179","2134325050","0.454657"
"2134325050","2127244179","0.454657"
"2127244179","2163893374","0.654657"
"2163893374","2127244179","0.654657"
"2127244179","234424918","0.121324"
"234424918","2127244179","0.121324"
"2127244179","2611434193","0.654657"
"2611434193","2127244179","0.654657"
"2128280035","2134325050","2.59028"
"2134325050","2128280035","2.59028"
"2128280035","2163893374","3.98611"
"2163893374","2128280035","3.98611"
"2128280035","234424918","0.395833"
"234424918","2128280035","0.395833"
"2128280035","2611434193","1.50694"
"2611434193","2128280035","1.50694"
"2134325050","2163893374","8.71577"
"2163893374","2134325050","8.71577"
"2134325050","234424918","0.121324"
"234424918","2134325050","0.121324"
"2134325050","2611434193","5.63243"
"2611434193","2134325050","5.63243"
"2163893374","234424918","0.954657"
"234424918","2163893374","0.954657"
"2163893374","2611434193","5.83243"
"2611434193","2163893374","5.83243"
"234424918","2611434193","0.121324"
"2611434193","234424918","0.121324"
"1485069042","1585554400","0.0588235"
"1585554400","1485069042","0.0588235"
"1485069042","2120806126","0.294935"
"2120806126","1485069042","0.294935"
"1485069042","2122093082","0.258824"
"2122093082","1485069042","0.258824"
"1486652013","1585554400","0.0588235"
"1585554400","1486652013","0.0588235"
"1486652013","2120806126","0.169935"
"2120806126","1486652013","0.169935"
"1486652013","2122093082","0.0588235"
"2122093082","1486652013","0.0588235"
"1486652013","2198233821","0.121324"
"2198233821","1486652013","0.121324"
"1509901816","1585554400","0.0588235"
"1585554400","1509901816","0.0588235"
"1509901816","2120806126","0.392157"
"2120806126","1509901816","0.392157"
"1509901816","2122093082","0.0588235"
"2122093082","1509901816","0.0588235"
"1509901816","2198233821","0.454657"
"2198233821","1509901816","0.454657"
"1520258762","1585554400","0.0588235"
"1585554400","1520258762","0.0588235"
"1520258762","2120806126","0.294935"
"2120806126","1520258762","0.294935"
"1520258762","2122093082","0.0588235"
"2122093082","1520258762","0.0588235"
"1520258762","2198233821","0.73799"
"2198233821","1520258762","0.73799"
"1548025739","1585554400","0.0588235"
"1585554400","1548025739","0.0588235"
"1548025739","2120806126","0.544935"
"2120806126","1548025739","0.544935"
"1548025739","2122093082","0.258824"
"2122093082","1548025739","0.258824"
"1548025739","2198233821","1.53799"
"2198233821","1548025739","1.53799"
"1585554400","1965143135","0.169935"
"1965143135","1585554400","0.169935"
"1585554400","1975089337","0.169935"
"1975089337","1585554400","0.169935"
"1585554400","1981680649","0.169935"
"1981680649","1585554400","0.169935"
"1585554400","2060634628","0.169935"
"2060634628","1585554400","0.169935"
"1585554400","2120806126","0.0588235"
"2120806126","1585554400","0.0588235"
"1585554400","2122093082","3.28105"
"2122093082","1585554400","3.28105"
"1585554400","2127244179","0.0588235"
"2127244179","1585554400","0.0588235"
"1585554400","2134325050","0.169935"
"2134325050","1585554400","0.169935"
"1585554400","2163893374","0.169935"
"2163893374","1585554400","0.169935"
"1585554400","2198233821","0.0588235"
"2198233821","1585554400","0.0588235"
"1585554400","234424918","0.0588235"
"234424918","1585554400","0.0588235"
"1585554400","2611434193","0.169935"
"2611434193","1585554400","0.169935"
"1965143135","2120806126","0.308824"
"2120806126","1965143135","0.308824"
"1965143135","2122093082","0.169935"
"2122093082","1965143135","0.169935"
"1965143135","2198233821","0.558824"
"2198233821","1965143135","0.558824"
"1975089337","2120806126","0.558824"
"2120806126","1975089337","0.558824"
"1975089337","2122093082","0.169935"
"2122093082","1975089337","0.169935"
"1975089337","2198233821","1.55882"
"2198233821","1975089337","1.55882"
"1981680649","2120806126","0.0588235"
"2120806126","1981680649","0.0588235"
"1981680649","2122093082","0.369935"
"2122093082","1981680649","0.369935"
"1981680649","2198233821","0.308824"
"2198233821","1981680649","0.308824"
"2060634628","2120806126","0.0588235"
"2120806126","2060634628","0.0588235"
"2060634628","2122093082","0.169935"
"2122093082","2060634628","0.169935"
"2060634628","2198233821","0.308824"
"2198233821","2060634628","0.308824"
"2120806126","2122093082","0.392157"
"2122093082","2120806126","0.392157"
"2120806126","2127244179","0.0588235"
"2127244179","2120806126","0.0588235"
"2120806126","2134325050","0.308824"
"2134325050","2120806126","0.308824"
"2120806126","2163893374","0.433824"
"2163893374","2120806126","0.433824"
"2120806126","2198233821","6.14216"
"2198233821","2120806126","6.14216"
"2120806126","234424918","0.0588235"
"234424918","2120806126","0.0588235"
"2120806126","2611434193","0.0588235"
"2611434193","2120806126","0.0588235"
"2122093082","2127244179","1.75882"
"2127244179","2122093082","1.75882"
"2122093082","2134325050","0.169935"
"2134325050","2122093082","0.169935"
"2122093082","2163893374","0.369935"
"2163893374","2122093082","0.369935"
"2122093082","2198233821","0.392157"
"2198233821","2122093082","0.392157"
"2122093082","234424918","0.0588235"
"234424918","2122093082","0.0588235"
"2122093082","2611434193","0.369935"
"2611434193","2122093082","0.369935"
"2127244179","2198233821","0.0588235"
"2198233821","2127244179","0.0588235"
"2134325050","2198233821","0.958824"
"2198233821","2134325050","0.958824"
"2163893374","2198233821","1.93799"
"2198233821","2163893374","1.93799"
"2198233821","234424918","0.0588235"
"234424918","2198233821","0.0588235"
"2198233821","2611434193","1.45882"
"2611434193","2198233821","1.45882"
"1485069042","2090121814","0.298611"
"2090121814","1485069042","0.298611"
"1520258762","2090121814","0.298611"
"2090121814","1520258762","0.298611"
"1520258762","2129821915","0.465278"
"2129821915","1520258762","0.465278"
"1548025739","2090121814","1.04861"
"2090121814","1548025739","1.04861"
"1548025739","2129821915","0.465278"
"2129821915","1548025739","0.465278"
"2053782908","2090121814","1.04861"
"2090121814","2053782908","1.04861"
"2053782908","2120806126","0.652778"
"2120806126","2053782908","0.652778"
"2053782908","2129821915","0.465278"
"2129821915","2053782908","0.465278"
"2072192327","2090121814","0.548611"
"2090121814","2072192327","0.548611"
"2072192327","2120806126","0.486111"
"2120806126","2072192327","0.486111"
"2090121814","2120806126","0.236111"
"2120806126","2090121814","0.236111"
"2090121814","2129821915","0.298611"
"2129821915","2090121814","0.298611"
"2090121814","2163893374","0.1875"
"2163893374","2090121814","0.1875"
"2120806126","2129821915","0.236111"
"2129821915","2120806126","0.236111"
"2129821915","2163893374","0.1875"
"2163893374","2129821915","0.1875"
"1485069042","1735294828","0.5625"
"1735294828","1485069042","0.5625"
"1735294828","2129821915","0.5625"
"2129821915","1735294828","0.5625"
"1486652013","2090121814","0.173611"
"2090121814","1486652013","0.173611"
"2090121814","2128280035","0.173611"
"2128280035","2090121814","0.173611"
"2120806126","2128280035","0.111111"
"2128280035","2120806126","0.111111"
"1485069042","1565801727","0.2"
"1565801727","1485069042","0.2"
"1565801727","1981680649","0.2"
"1981680649","1565801727","0.2"
"1565801727","2063943448","6.78333"
"2063943448","1565801727","6.78333"
"1565801727","2122093082","0.2"
"2122093082","1565801727","0.2"
"1565801727","2129821915","0.2"
"2129821915","1565801727","0.2"
"1981680649","2063943448","0.2"
"2063943448","1981680649","0.2"
"1981680649","2129821915","0.2"
"2129821915","1981680649","0.2"
"2063943448","2122093082","1.53333"
"2122093082","2063943448","1.53333"
"2122093082","2129821915","0.2"
"2129821915","2122093082","0.2"
"1485069042","1510784205","0.0625"
"1510784205","1485069042","0.0625"
"1485069042","1987711622","0.0625"
"1987711622","1485069042","0.0625"
"1485069042","1996978783","0.0625"
"1996978783","1485069042","0.0625"
"1485069042","2886804305","0.0625"
"2886804305","1485069042","0.0625"
"1486652013","1510784205","0.0625"
"1510784205","1486652013","0.0625"
"1486652013","1735294828","0.0625"
"1735294828","1486652013","0.0625"
"1486652013","1987711622","0.5625"
"1987711622","1486652013","0.5625"
"1486652013","1996978783","0.0625"
"1996978783","1486652013","0.0625"
"1486652013","2886804305","0.0625"
"2886804305","1486652013","0.0625"
"1509901816","1510784205","0.0625"
"1510784205","1509901816","0.0625"
"1509901816","1735294828","0.0625"
"1735294828","1509901816","0.0625"
"1509901816","1987711622","0.5625"
"1987711622","1509901816","0.5625"
"1509901816","1996978783","0.5625"
"1996978783","1509901816","0.5625"
"1509901816","2090121814","0.0625"
"2090121814","1509901816","0.0625"
"1509901816","2129821915","0.0625"
"2129821915","1509901816","0.0625"
"1509901816","2886804305","2.5625"
"2886804305","1509901816","2.5625"
"1510784205","1520258762","0.0625"
"1520258762","1510784205","0.0625"
"1510784205","1548025739","0.0625"
"1548025739","1510784205","0.0625"
"1510784205","1735294828","0.0625"
"1735294828","1510784205","0.0625"
"1510784205","1987711622","0.7625"
"1987711622","1510784205","0.7625"
"1510784205","1996978783","0.7625"
"1996978783","1510784205","0.7625"
"1510784205","2053782908","0.0625"
"2053782908","1510784205","0.0625"
"1510784205","2072192327","0.0625"
"2072192327","1510784205","0.0625"
"1510784205","2090121814","0.0625"
"2090121814","1510784205","0.0625"
"1510784205","2128280035","0.0625"
"2128280035","1510784205","0.0625"
"1510784205","2129821915","0.0625"
"2129821915","1510784205","0.0625"
"1510784205","2163893374","0.0625"
"2163893374","1510784205","0.0625"
"1510784205","2198233821","0.0625"
"2198233821","1510784205","0.0625"
"1510784205","2886804305","0.0625"
"2886804305","1510784205","0.0625"
"1520258762","1735294828","0.0625"
"1735294828","1520258762","0.0625"
"1520258762","1987711622","0.0625"
"1987711622","1520258762","0.0625"
"1520258762","1996978783","0.0625"
"1996978783","1520258762","0.0625"
"1520258762","2886804305","0.0625"
"2886804305","1520258762","0.0625"
"1548025739","1735294828","0.0625"
"1735294828","1548025739","0.0625"
"1548025739","1987711622","0.0625"
"1987711622","1548025739","0.0625"
"1548025739","1996978783","0.0625"
"1996978783","1548025739","0.0625"
"1548025739","2886804305","0.0625"
"2886804305","1548025739","0.0625"
"1735294828","1987711622","0.229167"
"1987711622","1735294828","0.229167"
"1735294828","1996978783","0.0625"
"1996978783","1735294828","0.0625"
"1735294828","2053782908","0.229167"
"2053782908","1735294828","0.229167"
"1735294828","2072192327","0.5625"
"2072192327","1735294828","0.5625"
"1735294828","2090121814","0.0625"
"2090121814","1735294828","0.0625"
"1735294828","2128280035","0.0625"
"2128280035","1735294828","0.0625"
"1735294828","2163893374","0.0625"
"2163893374","1735294828","0.0625"
"1735294828","2198233821","0.479167"
"2198233821","1735294828","0.479167"
"1735294828","2886804305","0.0625"
"2886804305","1735294828","0.0625"
"1987711622","1996978783","26.9292"
"1996978783","1987711622","26.9292"
"1987711622","2053782908","0.0625"
"2053782908","1987711622","0.0625"
"1987711622","2072192327","1.0625"
"2072192327","1987711622","1.0625"
"1987711622","2090121814","0.0625"
"2090121814","1987711622","0.0625"
"1987711622","2128280035","1.0625"
"2128280035","1987711622","1.0625"
"1987711622","2129821915","0.0625"
"2129821915","1987711622","0.0625"
"1987711622","2163893374","0.5625"
"2163893374","1987711622","0.5625"
"1987711622","2198233821","0.0625"
"2198233821","1987711622","0.0625"
"1987711622","2886804305","0.229167"
"2886804305","1987711622","0.229167"
"1996978783","2053782908","0.0625"
"2053782908","1996978783","0.0625"
"1996978783","2072192327","0.0625"
"2072192327","1996978783","0.0625"
"1996978783","2090121814","0.0625"
"2090121814","1996978783","0.0625"
"1996978783","2128280035","0.0625"
"2128280035","1996978783","0.0625"
"1996978783","2129821915","0.0625"
"2129821915","1996978783","0.0625"
"1996978783","2163893374","0.0625"
"2163893374","1996978783","0.0625"
"1996978783","2198233821","0.0625"
"2198233821","1996978783","0.0625"
"1996978783","2886804305","0.229167"
"2886804305","1996978783","0.229167"
"2053782908","2198233821","2.64583"
"2198233821","2053782908","2.64583"
"2053782908","2886804305","0.0625"
"2886804305","2053782908","0.0625"
"2072192327","2198233821","2.92917"
"2198233821","2072192327","2.92917"
"2072192327","2886804305","0.0625"
"2886804305","2072192327","0.0625"
"2090121814","2198233821","0.3125"
"2198233821","2090121814","0.3125"
"2090121814","2886804305","0.0625"
"2886804305","2090121814","0.0625"
"2128280035","2198233821","0.0625"
"2198233821","2128280035","0.0625"
"2128280035","2886804305","0.0625"
"2886804305","2128280035","0.0625"
"2129821915","2886804305","0.0625"
"2886804305","2129821915","0.0625"
"2163893374","2886804305","0.0625"
"2886804305","2163893374","0.0625"
"2198233821","2886804305","0.395833"
"2886804305","2198233821","0.395833"
"1486470003","2122093082","1"
"2122093082","1486470003","1"
"1509901816","2045898737","0.5"
"2045898737","1509901816","0.5"
"1987711622","2045898737","2"
"2045898737","1987711622","2"
"1996978783","2045898737","1.5"
"2045898737","1996978783","1.5"
"1509901816","1511150129","3.16667"
"1511150129","1509901816","3.16667"
"1509901816","1870788045","0.166667"
"1870788045","1509901816","0.166667"
"1511150129","1870788045","0.833333"
"1870788045","1511150129","0.833333"
"1511150129","1987711622","2.5"
"1987711622","1511150129","2.5"
"1511150129","1996978783","1.33333"
"1996978783","1511150129","1.33333"
"1511150129","2045898737","0.166667"
"2045898737","1511150129","0.166667"
"1511150129","2886804305","0.166667"
"2886804305","1511150129","0.166667"
"1870788045","1987711622","8.03333"
"1987711622","1870788045","8.03333"
"1870788045","1996978783","8.03333"
"1996978783","1870788045","8.03333"
"1870788045","2045898737","0.666667"
"2045898737","1870788045","0.666667"
"1870788045","2886804305","0.166667"
"2886804305","1870788045","0.166667"
"2045898737","2886804305","0.166667"
"2886804305","2045898737","0.166667"
"2120806126","2886804305","0.333333"
"2886804305","2120806126","0.333333"
"1510784205","1870788045","0.7"
"1870788045","1510784205","0.7"
"1510784205","1554441541","0.2"
"1554441541","1510784205","0.2"
"1510784205","2122093082","0.2"
"2122093082","1510784205","0.2"
"1554441541","1870788045","0.2"
"1870788045","1554441541","0.2"
"1554441541","1987711622","2.7"
"1987711622","1554441541","2.7"
"1554441541","1996978783","0.7"
"1996978783","1554441541","0.7"
"1554441541","2122093082","0.2"
"2122093082","1554441541","0.2"
"1870788045","2122093082","0.2"
"2122093082","1870788045","0.2"
"1987711622","2122093082","0.2"
"2122093082","1987711622","0.2"
"1996978783","2122093082","0.2"
"2122093082","1996978783","0.2"
"1510784205","2133554435","3.33333"
"2133554435","1510784205","3.33333"
"1510784205","2407229158","2.83333"
"2407229158","1510784205","2.83333"
"2133554435","2407229158","4.83333"
"2407229158","2133554435","4.83333"
"1510784205","1585020229","1.33333"
"1585020229","1510784205","1.33333"
"1585020229","2133554435","0.333333"
"2133554435","1585020229","0.333333"
"1585020229","2407229158","1.33333"
"2407229158","1585020229","1.33333"
"1987711622","2407229158","1"
"2407229158","1987711622","1"
"1511150129","1520258762","0.166667"
"1520258762","1511150129","0.166667"
"1511150129","1548025739","0.166667"
"1548025739","1511150129","0.166667"
"1511150129","2053782908","0.166667"
"2053782908","1511150129","0.166667"
"1511150129","2072192327","0.166667"
"2072192327","1511150129","0.166667"
"1511150129","2163893374","0.166667"
"2163893374","1511150129","0.166667"
"1511150129","2198233821","0.166667"
"2198233821","1511150129","0.166667"
"1511150129","1565801727","0.166667"
"1565801727","1511150129","0.166667"
"1511150129","1590433232","0.166667"
"1590433232","1511150129","0.166667"
"1511150129","1735294828","0.166667"
"1735294828","1511150129","0.166667"
"1511150129","2063943448","0.166667"
"2063943448","1511150129","0.166667"
"1511150129","2120806126","0.166667"
"2120806126","1511150129","0.166667"
"1565801727","1590433232","1.16667"
"1590433232","1565801727","1.16667"
"1565801727","1735294828","1.58333"
"1735294828","1565801727","1.58333"
"1565801727","1987711622","0.166667"
"1987711622","1565801727","0.166667"
"1565801727","2120806126","1.08333"
"2120806126","1565801727","1.08333"
"1590433232","1735294828","0.666667"
"1735294828","1590433232","0.666667"
"1590433232","1987711622","0.166667"
"1987711622","1590433232","0.166667"
"1590433232","2063943448","1.66667"
"2063943448","1590433232","1.66667"
"1590433232","2120806126","0.166667"
"2120806126","1590433232","0.166667"
"1735294828","2063943448","4.58333"
"2063943448","1735294828","4.58333"
"1735294828","2120806126","0.583333"
"2120806126","1735294828","0.583333"
"1987711622","2063943448","0.166667"
"2063943448","1987711622","0.166667"
"1987711622","2120806126","0.166667"
"2120806126","1987711622","0.166667"
"2063943448","2120806126","2.91667"
"2120806126","2063943448","2.91667"
"1511150129","1981680649","1"
"1981680649","1511150129","1"
"1530214813","1535389721","0.111111"
"1535389721","1530214813","0.111111"
"1530214813","1585554400","0.111111"
"1585554400","1530214813","0.111111"
"1530214813","1965143135","0.111111"
"1965143135","1530214813","0.111111"
"1530214813","1975089337","0.111111"
"1975089337","1530214813","0.111111"
"1530214813","1981680649","0.111111"
"1981680649","1530214813","0.111111"
"1530214813","2013544750","0.111111"
"2013544750","1530214813","0.111111"
"1530214813","2032539550","0.111111"
"2032539550","1530214813","0.111111"
"1530214813","2060634628","0.111111"
"2060634628","1530214813","0.111111"
"1530214813","2122093082","0.111111"
"2122093082","1530214813","0.111111"
"1535389721","1585554400","0.111111"
"1585554400","1535389721","0.111111"
"1535389721","1965143135","0.111111"
"1965143135","1535389721","0.111111"
"1535389721","1975089337","0.111111"
"1975089337","1535389721","0.111111"
"1535389721","1981680649","0.111111"
"1981680649","1535389721","0.111111"
"1535389721","2013544750","0.111111"
"2013544750","1535389721","0.111111"
"1535389721","2032539550","0.611111"
"2032539550","1535389721","0.611111"
"1535389721","2060634628","0.111111"
"2060634628","1535389721","0.111111"
"1535389721","2122093082","1.25397"
"2122093082","1535389721","1.25397"
"1585554400","2013544750","0.111111"
"2013544750","1585554400","0.111111"
"1585554400","2032539550","3.22222"
"2032539550","1585554400","3.22222"
"1965143135","2013544750","0.611111"
"2013544750","1965143135","0.611111"
"1965143135","2032539550","0.111111"
"2032539550","1965143135","0.111111"
"1975089337","2013544750","0.111111"
"2013544750","1975089337","0.111111"
"1975089337","2032539550","0.111111"
"2032539550","1975089337","0.111111"
"1981680649","2013544750","0.111111"
"2013544750","1981680649","0.111111"
"1981680649","2032539550","0.111111"
"2032539550","1981680649","0.111111"
"2013544750","2032539550","0.111111"
"2032539550","2013544750","0.111111"
"2013544750","2060634628","0.611111"
"2060634628","2013544750","0.611111"
"2013544750","2122093082","1.11111"
"2122093082","2013544750","1.11111"
"2032539550","2060634628","0.111111"
"2060634628","2032539550","0.111111"
"2032539550","2122093082","1.72222"
"2122093082","2032539550","1.72222"
"1535389721","2119943279","1.64286"
"2119943279","1535389721","1.64286"
"1535389721","2087788820","0.142857"
"2087788820","1535389721","0.142857"
"1535389721","2106298264","0.142857"
"2106298264","1535389721","0.142857"
"1535389721","2154462896","0.142857"
"2154462896","1535389721","0.142857"
"1535389721","2165101197","0.142857"
"2165101197","1535389721","0.142857"
"1535389721","2610614697","0.142857"
"2610614697","1535389721","0.142857"
"2087788820","2106298264","0.142857"
"2106298264","2087788820","0.142857"
"2087788820","2119943279","0.342857"
"2119943279","2087788820","0.342857"
"2087788820","2122093082","0.642857"
"2122093082","2087788820","0.642857"
"2087788820","2154462896","0.142857"
"2154462896","2087788820","0.142857"
"2087788820","2165101197","4.34286"
"2165101197","2087788820","4.34286"
"2087788820","2610614697","0.142857"
"2610614697","2087788820","0.142857"
"2106298264","2119943279","0.142857"
"2119943279","2106298264","0.142857"
"2106298264","2122093082","0.642857"
"2122093082","2106298264","0.642857"
"2106298264","2154462896","2.64286"
"2154462896","2106298264","2.64286"
"2106298264","2165101197","1.14286"
"2165101197","2106298264","1.14286"
"2106298264","2610614697","0.142857"
"2610614697","2106298264","0.142857"
"2119943279","2122093082","1.14286"
"2122093082","2119943279","1.14286"
"2119943279","2154462896","0.142857"
"2154462896","2119943279","0.142857"
"2119943279","2165101197","0.842857"
"2165101197","2119943279","0.842857"
"2119943279","2610614697","0.142857"
"2610614697","2119943279","0.142857"
"2122093082","2154462896","0.642857"
"2154462896","2122093082","0.642857"
"2122093082","2165101197","1.14286"
"2165101197","2122093082","1.14286"
"2122093082","2610614697","0.642857"
"2610614697","2122093082","0.642857"
"2154462896","2165101197","0.142857"
"2165101197","2154462896","0.142857"
"2154462896","2610614697","0.142857"
"2610614697","2154462896","0.142857"
"2165101197","2610614697","0.142857"
"2610614697","2165101197","0.142857"
"2053782908","2122093082","0.644444"
"2122093082","2053782908","0.644444"
"1565801727","2198233821","1.41667"
"2198233821","1565801727","1.41667"
"1565801727","2053782908","0.166667"
"2053782908","1565801727","0.166667"
"1565801727","2467919446","0.166667"
"2467919446","1565801727","0.166667"
"1735294828","2467919446","0.166667"
"2467919446","1735294828","0.166667"
"2053782908","2063943448","0.166667"
"2063943448","2053782908","0.166667"
"2053782908","2467919446","0.166667"
"2467919446","2053782908","0.166667"
"2063943448","2467919446","0.166667"
"2467919446","2063943448","0.166667"
"2120806126","2467919446","0.166667"
"2467919446","2120806126","0.166667"
"2198233821","2467919446","0.366667"
"2467919446","2198233821","0.366667"
"1565801727","2127244179","1"
"2127244179","1565801727","1"
"1565801727","2127455853","0.5"
"2127455853","1565801727","0.5"
"2063943448","2127455853","0.5"
"2127455853","2063943448","0.5"
"1585554400","2053782908","0.111111"
"2053782908","1585554400","0.111111"
"1585554400","2120249082","0.111111"
"2120249082","1585554400","0.111111"
"1585554400","2128280035","0.111111"
"2128280035","1585554400","0.111111"
"1585554400","2130589693","0.111111"
"2130589693","1585554400","0.111111"
"2032539550","2053782908","0.111111"
"2053782908","2032539550","0.111111"
"2032539550","2120249082","0.111111"
"2120249082","2032539550","0.111111"
"2032539550","2128280035","0.111111"
"2128280035","2032539550","0.111111"
"2032539550","2130589693","0.111111"
"2130589693","2032539550","0.111111"
"2032539550","2134325050","0.111111"
"2134325050","2032539550","0.111111"
"2032539550","2163893374","0.111111"
"2163893374","2032539550","0.111111"
"2032539550","2611434193","0.111111"
"2611434193","2032539550","0.111111"
"2053782908","2120249082","0.111111"
"2120249082","2053782908","0.111111"
"2053782908","2130589693","0.111111"
"2130589693","2053782908","0.111111"
"2120249082","2122093082","0.611111"
"2122093082","2120249082","0.611111"
"2120249082","2128280035","0.111111"
"2128280035","2120249082","0.111111"
"2120249082","2130589693","3.81111"
"2130589693","2120249082","3.81111"
"2120249082","2134325050","0.111111"
"2134325050","2120249082","0.111111"
"2120249082","2163893374","0.111111"
"2163893374","2120249082","0.111111"
"2120249082","2611434193","0.111111"
"2611434193","2120249082","0.111111"
"2122093082","2128280035","1.44444"
"2128280035","2122093082","1.44444"
"2122093082","2130589693","0.611111"
"2130589693","2122093082","0.611111"
"2128280035","2130589693","0.111111"
"2130589693","2128280035","0.111111"
"2130589693","2134325050","0.111111"
"2134325050","2130589693","0.111111"
"2130589693","2163893374","0.111111"
"2163893374","2130589693","0.111111"
"2130589693","2611434193","0.111111"
"2611434193","2130589693","0.111111"
"1590433232","2198233821","1"
"2198233821","1590433232","1"
"2063943448","2072192327","0.75"
"2072192327","2063943448","0.75"
"1965143135","1987261168","6.5"
"1987261168","1965143135","6.5"
"1987261168","2060634628","1"
"2060634628","1987261168","1"
"1987261168","2128280035","1.08333"
"2128280035","1987261168","1.08333"
"1981680649","1987261168","1"
"1987261168","1981680649","1"
"1981680649","2097226661","1"
"2097226661","1981680649","1"
"1987261168","2163893374","2.58333"
"2163893374","1987261168","2.58333"
"1987261168","2127244179","1"
"2127244179","1987261168","1"
"1987261168","2523011934","1"
"2523011934","1987261168","1"
"1987261168","2097226661","0.25"
"2097226661","1987261168","0.25"
"1987261168","2134325050","0.25"
"2134325050","1987261168","0.25"
"2097226661","2128280035","0.75"
"2128280035","2097226661","0.75"
"2097226661","2134325050","0.25"
"2134325050","2097226661","0.25"
"2097226661","2163893374","0.75"
"2163893374","2097226661","0.75"
"1987261168","234424918","0.333333"
"234424918","1987261168","0.333333"
"1987711622","2133554435","0.5"
"2133554435","1987711622","0.5"
"2034589743","2106298264","0.333333"
"2106298264","2034589743","0.333333"
"2034589743","2172023671","0.333333"
"2172023671","2034589743","0.333333"
"2034589743","2605724455","10.3333"
"2605724455","2034589743","10.3333"
"2106298264","2172023671","0.333333"
"2172023671","2106298264","0.333333"
"2106298264","2605724455","0.333333"
"2605724455","2106298264","0.333333"
"2172023671","2605724455","0.333333"
"2605724455","2172023671","0.333333"
"2047072005","2169952217","1"
"2169952217","2047072005","1"
"2072192327","2122093082","0.333333"
"2122093082","2072192327","0.333333"
"2063943448","2134325050","0.25"
"2134325050","2063943448","0.25"
"2063943448","2163893374","0.25"
"2163893374","2063943448","0.25"
"2087788820","2120249082","1.7"
"2120249082","2087788820","1.7"
"2120249082","2165101197","6.7"
"2165101197","2120249082","6.7"
"2087788820","2127244179","0.2"
"2127244179","2087788820","0.2"
"2087788820","2130589693","0.2"
"2130589693","2087788820","0.2"
"2119943279","2120249082","0.2"
"2120249082","2119943279","0.2"
"2119943279","2127244179","0.2"
"2127244179","2119943279","0.2"
"2119943279","2130589693","0.2"
"2130589693","2119943279","0.2"
"2120249082","2127244179","0.2"
"2127244179","2120249082","0.2"
"2127244179","2130589693","0.2"
"2130589693","2127244179","0.2"
"2127244179","2165101197","0.2"
"2165101197","2127244179","0.2"
"2130589693","2165101197","0.2"
"2165101197","2130589693","0.2"
"2097226661","2154462896","1"
"2154462896","2097226661","1"
"2097226661","2467919446","1"
"2467919446","2097226661","1"
"2119943279","2523011934","1"
"2523011934","2119943279","1"
"2120806126","2127455853","0.5"
"2127455853","2120806126","0.5"
"2127455853","2198233821","0.7"
"2198233821","2127455853","0.7"
"2127244179","2610614697","0.5"
"2610614697","2127244179","0.5"
"2127455853","2134325050","0.2"
"2134325050","2127455853","0.2"
"2127455853","2163893374","0.2"
"2163893374","2127455853","0.2"
"2127455853","2467919446","0.2"
"2467919446","2127455853","0.2"
"2127455853","2611434193","0.2"
"2611434193","2127455853","0.2"
"2134325050","2467919446","0.2"
"2467919446","2134325050","0.2"
"2163893374","2467919446","0.2"
"2467919446","2163893374","0.2"
"2467919446","2611434193","0.2"
"2611434193","2467919446","0.2"
"2280182220","2548145449","4"
"2548145449","2280182220","4"
"2400824207","2523011934","2"
"2523011934","2400824207","2"
