"1519514961","2027774333","1.77443"
"2027774333","1519514961","1.77443"
"1519514961","2053981726","1.6611"
"2053981726","1519514961","1.6611"
"1519514961","2168084632","1.38155"
"2168084632","1519514961","1.38155"
"1519514961","2205556827","0.564176"
"2205556827","1519514961","0.564176"
"1519514961","2617081680","4.58412"
"2617081680","1519514961","4.58412"
"1519514961","3012008384","1.51253"
"3012008384","1519514961","1.51253"
"2027774333","2053981726","3.18908"
"2053981726","2027774333","3.18908"
"2027774333","2168084632","2.13571"
"2168084632","2027774333","2.13571"
"2027774333","2205556827","2.20703"
"2205556827","2027774333","2.20703"
"2027774333","2617081680","1.41884"
"2617081680","2027774333","1.41884"
"2027774333","3012008384","6.49705"
"3012008384","2027774333","6.49705"
"2053981726","2168084632","5.46039"
"2168084632","2053981726","5.46039"
"2053981726","2205556827","0.296221"
"2205556827","2053981726","0.296221"
"2053981726","2617081680","1.2293"
"2617081680","2053981726","1.2293"
"2053981726","3012008384","0.979829"
"3012008384","2053981726","0.979829"
"2168084632","2205556827","0.386447"
"2205556827","2168084632","0.386447"
"2168084632","2617081680","1.14538"
"2617081680","2168084632","1.14538"
"2168084632","3012008384","0.74591"
"3012008384","2168084632","0.74591"
"2205556827","2617081680","1.19305"
"2617081680","2205556827","1.19305"
"2205556827","3012008384","4.59348"
"3012008384","2205556827","4.59348"
"2617081680","3012008384","5.33108"
"3012008384","2617081680","5.33108"
"1519514961","2105438329","1.84583"
"2105438329","1519514961","1.84583"
"1519514961","2033587657","2.65201"
"2033587657","1519514961","2.65201"
"2033587657","2105438329","1.8173"
"2105438329","2033587657","1.8173"
"1519514961","1522341027","0.554392"
"1522341027","1519514961","0.554392"
"1519514961","287458232","0.538346"
"287458232","1519514961","0.538346"
"1522341027","2027774333","2.02245"
"2027774333","1522341027","2.02245"
"1522341027","2105438329","1.35374"
"2105438329","1522341027","1.35374"
"1522341027","2617081680","1.47417"
"2617081680","1522341027","1.47417"
"1522341027","287458232","2.00025"
"287458232","1522341027","2.00025"
"2027774333","2105438329","0.547222"
"2105438329","2027774333","0.547222"
"2027774333","287458232","1.27723"
"287458232","2027774333","1.27723"
"2105438329","2617081680","1.67755"
"2617081680","2105438329","1.67755"
"2105438329","287458232","3.25675"
"287458232","2105438329","3.25675"
"2617081680","287458232","2.49192"
"287458232","2617081680","2.49192"
"1519514961","2077189121","0.618083"
"2077189121","1519514961","0.618083"
"1519514961","2130333229","0.944075"
"2130333229","1519514961","0.944075"
"1519514961","2163486304","1.51348"
"2163486304","1519514961","1.51348"
"1519514961","2172683691","1.48396"
"2172683691","1519514961","1.48396"
"1519514961","2199050371","1.0611"
"2199050371","1519514961","1.0611"
"1519514961","2202477112","0.945861"
"2202477112","1519514961","0.945861"
"1519514961","2947322189","0.889062"
"2947322189","1519514961","0.889062"
"1522341027","2033587657","3.96038"
"2033587657","1522341027","3.96038"
"1522341027","2053981726","1.0543"
"2053981726","1522341027","1.0543"
"1522341027","2077189121","1.69266"
"2077189121","1522341027","1.69266"
"1522341027","2130333229","2.5381"
"2130333229","1522341027","2.5381"
"1522341027","2163486304","2.02582"
"2163486304","1522341027","2.02582"
"1522341027","2172683691","1.09147"
"2172683691","1522341027","1.09147"
"1522341027","2199050371","1.30995"
"2199050371","1522341027","1.30995"
"1522341027","2202477112","0.793058"
"2202477112","1522341027","0.793058"
"1522341027","2947322189","1.61956"
"2947322189","1522341027","1.61956"
"1522341027","3012008384","2.0335"
"3012008384","1522341027","2.0335"
"2027774333","2033587657","3.6034"
"2033587657","2027774333","3.6034"
"2027774333","2077189121","1.29745"
"2077189121","2027774333","1.29745"
"2027774333","2130333229","4.6411"
"2130333229","2027774333","4.6411"
"2027774333","2163486304","2.20932"
"2163486304","2027774333","2.20932"
"2027774333","2172683691","3.04348"
"2172683691","2027774333","3.04348"
"2027774333","2199050371","1.58194"
"2199050371","2027774333","1.58194"
"2027774333","2202477112","2.828"
"2202477112","2027774333","2.828"
"2027774333","2947322189","1.74204"
"2947322189","2027774333","1.74204"
"2033587657","2053981726","1.19166"
"2053981726","2033587657","1.19166"
"2033587657","2077189121","0.849071"
"2077189121","2033587657","0.849071"
"2033587657","2130333229","4.21673"
"2130333229","2033587657","4.21673"
"2033587657","2163486304","3.13614"
"2163486304","2033587657","3.13614"
"2033587657","2172683691","2.23598"
"2172683691","2033587657","2.23598"
"2033587657","2199050371","2.33376"
"2199050371","2033587657","2.33376"
"2033587657","2202477112","0.632801"
"2202477112","2033587657","0.632801"
"2033587657","2617081680","3.5028"
"2617081680","2033587657","3.5028"
"2033587657","2947322189","2.56962"
"2947322189","2033587657","2.56962"
"2033587657","3012008384","2.80975"
"3012008384","2033587657","2.80975"
"2053981726","2077189121","1.50324"
"2077189121","2053981726","1.50324"
"2053981726","2130333229","1.82731"
"2130333229","2053981726","1.82731"
"2053981726","2163486304","0.757073"
"2163486304","2053981726","0.757073"
"2053981726","2172683691","1.27626"
"2172683691","2053981726","1.27626"
"2053981726","2199050371","1.5611"
"2199050371","2053981726","1.5611"
"2053981726","2202477112","0.83624"
"2202477112","2053981726","0.83624"
"2053981726","2947322189","0.489698"
"2947322189","2053981726","0.489698"
"2077189121","2130333229","1.17163"
"2130333229","2077189121","1.17163"
"2077189121","2163486304","2.9208"
"2163486304","2077189121","2.9208"
"2077189121","2172683691","2.14339"
"2172683691","2077189121","2.14339"
"2077189121","2199050371","2.85697"
"2199050371","2077189121","2.85697"
"2077189121","2202477112","0.684725"
"2202477112","2077189121","0.684725"
"2077189121","2617081680","1.10056"
"2617081680","2077189121","1.10056"
"2077189121","2947322189","0.939535"
"2947322189","2077189121","0.939535"
"2077189121","3012008384","0.72431"
"3012008384","2077189121","0.72431"
"2130333229","2163486304","4.01074"
"2163486304","2130333229","4.01074"
"2130333229","2172683691","2.53393"
"2172683691","2130333229","2.53393"
"2130333229","2199050371","4.48415"
"2199050371","2130333229","4.48415"
"2130333229","2202477112","0.924407"
"2202477112","2130333229","0.924407"
"2130333229","2617081680","4.52378"
"2617081680","2130333229","4.52378"
"2130333229","2947322189","1.19614"
"2947322189","2130333229","1.19614"
"2130333229","3012008384","3.23747"
"3012008384","2130333229","3.23747"
"2163486304","2172683691","1.84382"
"2172683691","2163486304","1.84382"
"2163486304","2199050371","2.05439"
"2199050371","2163486304","2.05439"
"2163486304","2202477112","0.420464"
"2202477112","2163486304","0.420464"
"2163486304","2617081680","2.00082"
"2617081680","2163486304","2.00082"
"2163486304","2947322189","1.39174"
"2947322189","2163486304","1.39174"
"2163486304","3012008384","0.930684"
"3012008384","2163486304","0.930684"
"2172683691","2199050371","1.08951"
"2199050371","2172683691","1.08951"
"2172683691","2202477112","1.16369"
"2202477112","2172683691","1.16369"
"2172683691","2617081680","1.23786"
"2617081680","2172683691","1.23786"
"2172683691","2947322189","1.24708"
"2947322189","2172683691","1.24708"
"2172683691","3012008384","3.46042"
"3012008384","2172683691","3.46042"
"2199050371","2202477112","0.416892"
"2202477112","2199050371","0.416892"
"2199050371","2617081680","1.14328"
"2617081680","2199050371","1.14328"
"2199050371","2947322189","1.33585"
"2947322189","2199050371","1.33585"
"2199050371","3012008384","1.46884"
"3012008384","2199050371","1.46884"
"2202477112","2617081680","2.15612"
"2617081680","2202477112","2.15612"
"2202477112","2947322189","0.498724"
"2947322189","2202477112","0.498724"
"2202477112","3012008384","2.18469"
"3012008384","2202477112","2.18469"
"2617081680","2947322189","3.39095"
"2947322189","2617081680","3.39095"
"2947322189","3012008384","8.38319"
"3012008384","2947322189","8.38319"
"1519514961","2118040411","0.845833"
"2118040411","1519514961","0.845833"
"1519514961","2122003336","1.78333"
"2122003336","1519514961","1.78333"
"1519514961","2182610002","0.1"
"2182610002","1519514961","0.1"
"1519514961","2496655276","0.900595"
"2496655276","1519514961","0.900595"
"2027774333","2118040411","2.58889"
"2118040411","2027774333","2.58889"
"2027774333","2122003336","0.6"
"2122003336","2027774333","0.6"
"2027774333","2182610002","0.488889"
"2182610002","2027774333","0.488889"
"2027774333","2496655276","0.521429"
"2496655276","2027774333","0.521429"
"2077189121","2118040411","1.61819"
"2118040411","2077189121","1.61819"
"2077189121","2122003336","0.385256"
"2122003336","2077189121","0.385256"
"2077189121","2168084632","1.09869"
"2168084632","2077189121","1.09869"
"2077189121","2182610002","0.155556"
"2182610002","2077189121","0.155556"
"2077189121","2496655276","0.810256"
"2496655276","2077189121","0.810256"
"2118040411","2122003336","1.52692"
"2122003336","2118040411","1.52692"
"2118040411","2168084632","0.394979"
"2168084632","2118040411","0.394979"
"2118040411","2172683691","1.15867"
"2172683691","2118040411","1.15867"
"2118040411","2182610002","0.155556"
"2182610002","2118040411","0.155556"
"2118040411","2202477112","0.45"
"2202477112","2118040411","0.45"
"2118040411","2496655276","1.48228"
"2496655276","2118040411","1.48228"
"2118040411","3012008384","0.760256"
"3012008384","2118040411","0.760256"
"2122003336","2168084632","0.360256"
"2168084632","2122003336","0.360256"
"2122003336","2172683691","0.485256"
"2172683691","2122003336","0.485256"
"2122003336","2182610002","1.3"
"2182610002","2122003336","1.3"
"2122003336","2202477112","0.2"
"2202477112","2122003336","0.2"
"2122003336","2496655276","1.01026"
"2496655276","2122003336","1.01026"
"2122003336","3012008384","1.05192"
"3012008384","2122003336","1.05192"
"2168084632","2172683691","1.13956"
"2172683691","2168084632","1.13956"
"2168084632","2182610002","0.155556"
"2182610002","2168084632","0.155556"
"2168084632","2202477112","0.473352"
"2202477112","2168084632","0.473352"
"2168084632","2496655276","0.594185"
"2496655276","2168084632","0.594185"
"2172683691","2182610002","0.155556"
"2182610002","2172683691","0.155556"
"2172683691","2496655276","0.765018"
"2496655276","2172683691","0.765018"
"2182610002","2202477112","0.1"
"2202477112","2182610002","0.1"
"2182610002","2496655276","0.1"
"2496655276","2182610002","0.1"
"2182610002","3012008384","0.433333"
"3012008384","2182610002","0.433333"
"2202477112","2496655276","0.1"
"2496655276","2202477112","0.1"
"2496655276","3012008384","0.248352"
"3012008384","2496655276","0.248352"
"1519514961","2154910991","1.45739"
"2154910991","1519514961","1.45739"
"2118040411","2163486304","1.18784"
"2163486304","2118040411","1.18784"
"2122003336","2163486304","0.785256"
"2163486304","2122003336","0.785256"
"1519514961","2023399517","0.142857"
"2023399517","1519514961","0.142857"
"2023399517","2172683691","0.97619"
"2172683691","2023399517","0.97619"
"2023399517","2202477112","0.142857"
"2202477112","2023399517","0.142857"
"2023399517","2205556827","0.72619"
"2205556827","2023399517","0.72619"
"2023399517","2617081680","0.309524"
"2617081680","2023399517","0.309524"
"2023399517","2947322189","0.309524"
"2947322189","2023399517","0.309524"
"2023399517","3012008384","1.05952"
"3012008384","2023399517","1.05952"
"2172683691","2205556827","1.67681"
"2205556827","2172683691","1.67681"
"2202477112","2205556827","0.807765"
"2205556827","2202477112","0.807765"
"2205556827","2947322189","1.4218"
"2947322189","2205556827","1.4218"
"1519514961","2247852144","0.111111"
"2247852144","1519514961","0.111111"
"2027774333","2247852144","1.66667"
"2247852144","2027774333","1.66667"
"2130333229","2205556827","1.22443"
"2205556827","2130333229","1.22443"
"2130333229","2247852144","1.37897"
"2247852144","2130333229","1.37897"
"2172683691","2247852144","0.625"
"2247852144","2172683691","0.625"
"2202477112","2247852144","0.111111"
"2247852144","2202477112","0.111111"
"2205556827","2247852144","0.444444"
"2247852144","2205556827","0.444444"
"2247852144","2617081680","0.166667"
"2617081680","2247852144","0.166667"
"2247852144","2947322189","0.111111"
"2947322189","2247852144","0.111111"
"2247852144","3012008384","0.902778"
"3012008384","2247852144","0.902778"
"1519514961","2020373200","0.143541"
"2020373200","1519514961","0.143541"
"1522341027","2020373200","0.143541"
"2020373200","1522341027","0.143541"
"1522341027","2205556827","0.220464"
"2205556827","1522341027","0.220464"
"2020373200","2027774333","1.14354"
"2027774333","2020373200","1.14354"
"2020373200","2033587657","0.143541"
"2033587657","2020373200","0.143541"
"2020373200","2077189121","0.143541"
"2077189121","2020373200","0.143541"
"2020373200","2130333229","0.143541"
"2130333229","2020373200","0.143541"
"2020373200","2172683691","0.143541"
"2172683691","2020373200","0.143541"
"2020373200","2202477112","0.143541"
"2202477112","2020373200","0.143541"
"2020373200","2205556827","0.143541"
"2205556827","2020373200","0.143541"
"2020373200","2947322189","0.0909091"
"2947322189","2020373200","0.0909091"
"2020373200","3012008384","0.143541"
"3012008384","2020373200","0.143541"
"2033587657","2205556827","1.36973"
"2205556827","2033587657","1.36973"
"2077189121","2205556827","0.220464"
"2205556827","2077189121","0.220464"
"1519514961","191143312","1.00085"
"191143312","1519514961","1.00085"
"191143312","2199050371","4.80085"
"2199050371","191143312","4.80085"
"1519514961","1966525569","1.05323"
"1966525569","1519514961","1.05323"
"1966525569","2130333229","1.73937"
"2130333229","1966525569","1.73937"
"1966525569","2202477112","0.414969"
"2202477112","1966525569","0.414969"
"1966525569","2617081680","0.810803"
"2617081680","1966525569","0.810803"
"1966525569","3012008384","0.329555"
"3012008384","1966525569","0.329555"
"1519514961","1674182651","0.707393"
"1674182651","1519514961","0.707393"
"1674182651","2617081680","3.28991"
"2617081680","1674182651","3.28991"
"1519514961","2154037495","0.883929"
"2154037495","1519514961","0.883929"
"1674182651","191143312","0.722351"
"191143312","1674182651","0.722351"
"1674182651","2027774333","1.10025"
"2027774333","1674182651","1.10025"
"1674182651","2033587657","1.89116"
"2033587657","1674182651","1.89116"
"1674182651","2053981726","0.652906"
"2053981726","1674182651","0.652906"
"1674182651","2154037495","11.7631"
"2154037495","1674182651","11.7631"
"1674182651","2163486304","7.61134"
"2163486304","1674182651","7.61134"
"1674182651","2168084632","0.669719"
"2168084632","1674182651","0.669719"
"1674182651","2172683691","0.928339"
"2172683691","1674182651","0.928339"
"1674182651","2199050371","9.21616"
"2199050371","1674182651","9.21616"
"1674182651","2496655276","2.64835"
"2496655276","1674182651","2.64835"
"1674182651","287458232","2.65184"
"287458232","1674182651","2.65184"
"1674182651","2947322189","1.75305"
"2947322189","1674182651","1.75305"
"1674182651","3012008384","1.11521"
"3012008384","1674182651","1.11521"
"191143312","2027774333","1.18716"
"2027774333","191143312","1.18716"
"191143312","2033587657","4.77307"
"2033587657","191143312","4.77307"
"191143312","2053981726","3.02969"
"2053981726","191143312","3.02969"
"191143312","2154037495","3.56567"
"2154037495","191143312","3.56567"
"191143312","2163486304","2.15793"
"2163486304","191143312","2.15793"
"191143312","2168084632","1.96317"
"2168084632","191143312","1.96317"
"191143312","2172683691","1.09219"
"2172683691","191143312","1.09219"
"191143312","2496655276","3.67038"
"2496655276","191143312","3.67038"
"191143312","287458232","5.49787"
"287458232","191143312","5.49787"
"191143312","2947322189","4.52389"
"2947322189","191143312","4.52389"
"191143312","3012008384","0.847351"
"3012008384","191143312","0.847351"
"2027774333","2154037495","0.801984"
"2154037495","2027774333","0.801984"
"2033587657","2154037495","2.08948"
"2154037495","2033587657","2.08948"
"2033587657","2168084632","0.937103"
"2168084632","2033587657","0.937103"
"2033587657","2496655276","0.917262"
"2496655276","2033587657","0.917262"
"2033587657","287458232","1.8439"
"287458232","2033587657","1.8439"
"2053981726","2154037495","2.13948"
"2154037495","2053981726","2.13948"
"2053981726","2496655276","0.410852"
"2496655276","2053981726","0.410852"
"2053981726","287458232","1.7189"
"287458232","2053981726","1.7189"
"2154037495","2163486304","2.23948"
"2163486304","2154037495","2.23948"
"2154037495","2168084632","0.597817"
"2168084632","2154037495","0.597817"
"2154037495","2172683691","1.01865"
"2172683691","2154037495","1.01865"
"2154037495","2199050371","7.92282"
"2199050371","2154037495","7.92282"
"2154037495","2496655276","12.3268"
"2496655276","2154037495","12.3268"
"2154037495","287458232","2.59365"
"287458232","2154037495","2.59365"
"2154037495","2947322189","1.06726"
"2947322189","2154037495","1.06726"
"2154037495","3012008384","0.196429"
"3012008384","2154037495","0.196429"
"2163486304","2168084632","0.696963"
"2168084632","2163486304","0.696963"
"2163486304","2496655276","1.22752"
"2496655276","2163486304","1.22752"
"2163486304","287458232","2.75739"
"287458232","2163486304","2.75739"
"2168084632","2199050371","1.13988"
"2199050371","2168084632","1.13988"
"2168084632","287458232","2.04524"
"287458232","2168084632","2.04524"
"2168084632","2947322189","0.398886"
"2947322189","2168084632","0.398886"
"2172683691","287458232","0.761759"
"287458232","2172683691","0.761759"
"2199050371","2496655276","1.7506"
"2496655276","2199050371","1.7506"
"2199050371","287458232","3.03557"
"287458232","2199050371","3.03557"
"2496655276","287458232","1.35476"
"287458232","2496655276","1.35476"
"2496655276","2947322189","4.22752"
"2947322189","2496655276","4.22752"
"287458232","2947322189","1.28254"
"2947322189","287458232","1.28254"
"287458232","3012008384","0.503028"
"3012008384","287458232","0.503028"
"1519514961","1602228649","0.0625"
"1602228649","1519514961","0.0625"
"1522341027","1602228649","0.0625"
"1602228649","1522341027","0.0625"
"1522341027","191143312","3.23253"
"191143312","1522341027","3.23253"
"1522341027","1966525569","0.802469"
"1966525569","1522341027","0.802469"
"1522341027","2118040411","0.771627"
"2118040411","1522341027","0.771627"
"1522341027","2154037495","1.11091"
"2154037495","1522341027","1.11091"
"1522341027","2168084632","0.577518"
"2168084632","1522341027","0.577518"
"1522341027","2496655276","1.70536"
"2496655276","1522341027","1.70536"
"1602228649","191143312","2.75053"
"191143312","1602228649","2.75053"
"1602228649","1966525569","0.250534"
"1966525569","1602228649","0.250534"
"1602228649","2033587657","0.0625"
"2033587657","1602228649","0.0625"
"1602228649","2053981726","0.250534"
"2053981726","1602228649","0.250534"
"1602228649","2105438329","1.0625"
"2105438329","1602228649","1.0625"
"1602228649","2118040411","0.139423"
"2118040411","1602228649","0.139423"
"1602228649","2130333229","0.0625"
"2130333229","1602228649","0.0625"
"1602228649","2154037495","0.5625"
"2154037495","1602228649","0.5625"
"1602228649","2163486304","0.250534"
"2163486304","1602228649","0.250534"
"1602228649","2168084632","1.25053"
"2168084632","1602228649","1.25053"
"1602228649","2199050371","0.173611"
"2199050371","1602228649","0.173611"
"1602228649","2496655276","0.139423"
"2496655276","1602228649","0.139423"
"1602228649","2617081680","0.0625"
"2617081680","1602228649","0.0625"
"1602228649","2947322189","0.139423"
"2947322189","1602228649","0.139423"
"191143312","1966525569","1.94959"
"1966525569","191143312","1.94959"
"191143312","2105438329","3.7295"
"2105438329","191143312","3.7295"
"191143312","2118040411","2.90569"
"2118040411","191143312","2.90569"
"191143312","2130333229","2.12936"
"2130333229","191143312","2.12936"
"191143312","2617081680","1.16348"
"2617081680","191143312","1.16348"
"1966525569","2033587657","2.1858"
"2033587657","1966525569","2.1858"
"1966525569","2053981726","1.15793"
"2053981726","1966525569","1.15793"
"1966525569","2105438329","8.17841"
"2105438329","1966525569","8.17841"
"1966525569","2118040411","1.59776"
"2118040411","1966525569","1.59776"
"1966525569","2154037495","1.8125"
"2154037495","1966525569","1.8125"
"1966525569","2163486304","1.64407"
"2163486304","1966525569","1.64407"
"1966525569","2168084632","0.855296"
"2168084632","1966525569","0.855296"
"1966525569","2199050371","2.26358"
"2199050371","1966525569","2.26358"
"1966525569","2496655276","0.75609"
"2496655276","1966525569","0.75609"
"1966525569","2947322189","0.139423"
"2947322189","1966525569","0.139423"
"2033587657","2118040411","1.08591"
"2118040411","2033587657","1.08591"
"2053981726","2105438329","1.56165"
"2105438329","2053981726","1.56165"
"2053981726","2118040411","0.628312"
"2118040411","2053981726","0.628312"
"2105438329","2118040411","1.08591"
"2118040411","2105438329","1.08591"
"2105438329","2130333229","2.272"
"2130333229","2105438329","2.272"
"2105438329","2154037495","3.52639"
"2154037495","2105438329","3.52639"
"2105438329","2163486304","2.50063"
"2163486304","2105438329","2.50063"
"2105438329","2168084632","0.769979"
"2168084632","2105438329","0.769979"
"2105438329","2199050371","3.28396"
"2199050371","2105438329","3.28396"
"2105438329","2496655276","1.5125"
"2496655276","2105438329","1.5125"
"2105438329","2947322189","0.139423"
"2947322189","2105438329","0.139423"
"2118040411","2130333229","0.305357"
"2130333229","2118040411","0.305357"
"2118040411","2154037495","1.06091"
"2154037495","2118040411","1.06091"
"2118040411","2199050371","1.82639"
"2199050371","2118040411","1.82639"
"2118040411","2617081680","0.460913"
"2617081680","2118040411","0.460913"
"2118040411","2947322189","1.38228"
"2947322189","2118040411","1.38228"
"2130333229","2154037495","2.85536"
"2154037495","2130333229","2.85536"
"2130333229","2168084632","0.600534"
"2168084632","2130333229","0.600534"
"2130333229","2496655276","0.53869"
"2496655276","2130333229","0.53869"
"2154037495","2617081680","1.44306"
"2617081680","2154037495","1.44306"
"2496655276","2617081680","0.0625"
"2617081680","2496655276","0.0625"
"2154037495","2154910991","4.56508"
"2154910991","2154037495","4.56508"
"2154910991","2163486304","0.895489"
"2163486304","2154910991","0.895489"
"1966525569","2172683691","2.06967"
"2172683691","1966525569","2.06967"
"1519514961","1993527388","0.183333"
"1993527388","1519514961","0.183333"
"1674182651","1966525569","0.303797"
"1966525569","1674182651","0.303797"
"1674182651","1993527388","0.0833333"
"1993527388","1674182651","0.0833333"
"1674182651","2077189121","0.75572"
"2077189121","1674182651","0.75572"
"1674182651","2105438329","0.709499"
"2105438329","1674182651","0.709499"
"1674182651","2122003336","0.560256"
"2122003336","1674182651","0.560256"
"1966525569","1993527388","0.541667"
"1993527388","1966525569","0.541667"
"1966525569","2077189121","1.87523"
"2077189121","1966525569","1.87523"
"1966525569","2122003336","0.160256"
"2122003336","1966525569","0.160256"
"1993527388","2077189121","0.281746"
"2077189121","1993527388","0.281746"
"1993527388","2105438329","0.406746"
"2105438329","1993527388","0.406746"
"1993527388","2122003336","0.183333"
"2122003336","1993527388","0.183333"
"1993527388","2154037495","0.472222"
"2154037495","1993527388","0.472222"
"1993527388","2163486304","0.138889"
"2163486304","1993527388","0.138889"
"1993527388","2168084632","1.38175"
"2168084632","1993527388","1.38175"
"1993527388","2172683691","0.524603"
"2172683691","1993527388","0.524603"
"1993527388","2199050371","0.263889"
"2199050371","1993527388","0.263889"
"1993527388","2496655276","0.0833333"
"2496655276","1993527388","0.0833333"
"2077189121","2105438329","1.11624"
"2105438329","2077189121","1.11624"
"2077189121","2154037495","0.897222"
"2154037495","2077189121","0.897222"
"2105438329","2122003336","0.0833333"
"2122003336","2105438329","0.0833333"
"2105438329","2172683691","0.949578"
"2172683691","2105438329","0.949578"
"2122003336","2154037495","1.85833"
"2154037495","2122003336","1.85833"
"2122003336","2199050371","1.73333"
"2199050371","2122003336","1.73333"
"191143312","2077189121","1.49418"
"2077189121","191143312","1.49418"
"2077189121","287458232","3.882"
"287458232","2077189121","3.882"
"1522341027","2154910991","0.46533"
"2154910991","1522341027","0.46533"
"191143312","2154910991","1.13358"
"2154910991","191143312","1.13358"
"191143312","2202477112","0.500983"
"2202477112","191143312","0.500983"
"1966525569","2027774333","0.235171"
"2027774333","1966525569","0.235171"
"1966525569","2154910991","0.235171"
"2154910991","1966525569","0.235171"
"1966525569","287458232","2.40739"
"287458232","1966525569","2.40739"
"2027774333","2154910991","0.490727"
"2154910991","2027774333","0.490727"
"2033587657","2154910991","2.57247"
"2154910991","2033587657","2.57247"
"2053981726","2154910991","0.290727"
"2154910991","2053981726","0.290727"
"2077189121","2154910991","0.572473"
"2154910991","2077189121","0.572473"
"2154910991","2168084632","0.238095"
"2168084632","2154910991","0.238095"
"2154910991","2172683691","0.290727"
"2172683691","2154910991","0.290727"
"2154910991","2199050371","0.62406"
"2199050371","2154910991","0.62406"
"2154910991","2202477112","0.32406"
"2202477112","2154910991","0.32406"
"2154910991","2617081680","0.322473"
"2617081680","2154910991","0.322473"
"2154910991","287458232","0.429616"
"287458232","2154910991","0.429616"
"2202477112","287458232","0.24906"
"287458232","2202477112","0.24906"
"1519514961","79849524","0.1"
"79849524","1519514961","0.1"
"191143312","1993527388","1.09008"
"1993527388","191143312","1.09008"
"191143312","2122003336","1.17692"
"2122003336","191143312","1.17692"
"191143312","79849524","0.1"
"79849524","191143312","0.1"
"1993527388","2053981726","0.155556"
"2053981726","1993527388","0.155556"
"1993527388","2118040411","0.756746"
"2118040411","1993527388","0.756746"
"1993527388","2130333229","0.1"
"2130333229","1993527388","0.1"
"1993527388","2202477112","0.1"
"2202477112","1993527388","0.1"
"1993527388","79849524","0.1"
"79849524","1993527388","0.1"
"2053981726","2122003336","0.176923"
"2122003336","2053981726","0.176923"
"2053981726","79849524","0.1"
"79849524","2053981726","0.1"
"2118040411","79849524","0.2"
"79849524","2118040411","0.2"
"2122003336","2130333229","2.125"
"2130333229","2122003336","2.125"
"2122003336","79849524","0.1"
"79849524","2122003336","0.1"
"2130333229","79849524","0.1"
"79849524","2130333229","0.1"
"2168084632","79849524","0.1"
"79849524","2168084632","0.1"
"2172683691","79849524","0.2"
"79849524","2172683691","0.2"
"2202477112","79849524","0.1"
"79849524","2202477112","0.1"
"1522341027","1674182651","0.664908"
"1674182651","1522341027","0.664908"
"1674182651","2020373200","0.0526316"
"2020373200","1674182651","0.0526316"
"1674182651","2130333229","4.7911"
"2130333229","1674182651","4.7911"
"1674182651","2154910991","0.385965"
"2154910991","1674182651","0.385965"
"1674182651","2202477112","1.6788"
"2202477112","1674182651","1.6788"
"1674182651","2205556827","0.855745"
"2205556827","1674182651","0.855745"
"191143312","2020373200","0.0526316"
"2020373200","191143312","0.0526316"
"191143312","2205556827","0.129555"
"2205556827","191143312","0.129555"
"1966525569","2020373200","0.0526316"
"2020373200","1966525569","0.0526316"
"1966525569","2205556827","0.0526316"
"2205556827","1966525569","0.0526316"
"2020373200","2053981726","0.0526316"
"2053981726","2020373200","0.0526316"
"2020373200","2154910991","0.0526316"
"2154910991","2020373200","0.0526316"
"2020373200","2163486304","0.0526316"
"2163486304","2020373200","0.0526316"
"2020373200","2199050371","0.0526316"
"2199050371","2020373200","0.0526316"
"2020373200","2617081680","0.0526316"
"2617081680","2020373200","0.0526316"
"2020373200","287458232","0.0526316"
"287458232","2020373200","0.0526316"
"2130333229","2154910991","0.695489"
"2154910991","2130333229","0.695489"
"2130333229","287458232","1.32208"
"287458232","2130333229","1.32208"
"2154910991","2205556827","0.0526316"
"2205556827","2154910991","0.0526316"
"2154910991","3012008384","0.552632"
"3012008384","2154910991","0.552632"
"2163486304","2205556827","0.469298"
"2205556827","2163486304","0.469298"
"2199050371","2205556827","0.528822"
"2205556827","2199050371","0.528822"
"2205556827","287458232","0.195489"
"287458232","2205556827","0.195489"
"2118040411","2154910991","0.34127"
"2154910991","2118040411","0.34127"
"2154910991","2947322189","1.14286"
"2947322189","2154910991","1.14286"
"2105438329","2202477112","0.167832"
"2202477112","2105438329","0.167832"
"2105438329","2205556827","0.0769231"
"2205556827","2105438329","0.0769231"
"2105438329","3012008384","0.0769231"
"3012008384","2105438329","0.0769231"
"1522341027","2122003336","0.75"
"2122003336","1522341027","0.75"
"1522341027","79849524","0.6"
"79849524","1522341027","0.6"
"2027774333","79849524","0.1"
"79849524","2027774333","0.1"
"2077189121","79849524","0.1"
"79849524","2077189121","0.1"
"2118040411","287458232","0.548413"
"287458232","2118040411","0.548413"
"2154037495","79849524","0.6"
"79849524","2154037495","0.6"
"2163486304","79849524","0.1"
"79849524","2163486304","0.1"
"2496655276","79849524","0.1"
"79849524","2496655276","0.1"
"287458232","79849524","0.1"
"79849524","287458232","0.1"
"2947322189","79849524","0.1"
"79849524","2947322189","0.1"
"1522341027","2247852144","1.65675"
"2247852144","1522341027","1.65675"
"191143312","2247852144","1.32341"
"2247852144","191143312","1.32341"
"2118040411","2247852144","0.323413"
"2247852144","2118040411","0.323413"
"2154037495","2247852144","0.323413"
"2247852144","2154037495","0.323413"
"2154910991","2247852144","0.448413"
"2247852144","2154910991","0.448413"
"2154910991","2496655276","0.892857"
"2496655276","2154910991","0.892857"
"2247852144","2496655276","0.142857"
"2496655276","2247852144","0.142857"
"2033587657","2247852144","1.01389"
"2247852144","2033587657","1.01389"
"1522341027","1993527388","0.323413"
"1993527388","1522341027","0.323413"
"1522341027","2182610002","0.0555556"
"2182610002","1522341027","0.0555556"
"191143312","2182610002","0.0555556"
"2182610002","191143312","0.0555556"
"1993527388","2027774333","0.198413"
"2027774333","1993527388","0.198413"
"1993527388","2033587657","0.180556"
"2033587657","1993527388","0.180556"
"1993527388","2154910991","0.0555556"
"2154910991","1993527388","0.0555556"
"1993527388","2182610002","0.0555556"
"2182610002","1993527388","0.0555556"
"1993527388","2247852144","0.180556"
"2247852144","1993527388","0.180556"
"1993527388","2617081680","0.198413"
"2617081680","1993527388","0.198413"
"1993527388","287458232","0.34127"
"287458232","1993527388","0.34127"
"2033587657","2182610002","0.0555556"
"2182610002","2033587657","0.0555556"
"2053981726","2182610002","0.0555556"
"2182610002","2053981726","0.0555556"
"2053981726","2247852144","0.305556"
"2247852144","2053981726","0.305556"
"2077189121","2247852144","0.430556"
"2247852144","2077189121","0.430556"
"2105438329","2154910991","0.0555556"
"2154910991","2105438329","0.0555556"
"2105438329","2182610002","0.0555556"
"2182610002","2105438329","0.0555556"
"2105438329","2247852144","0.180556"
"2247852144","2105438329","0.180556"
"2154037495","2182610002","0.255556"
"2182610002","2154037495","0.255556"
"2154910991","2182610002","0.0555556"
"2182610002","2154910991","0.0555556"
"2163486304","2182610002","0.0555556"
"2182610002","2163486304","0.0555556"
"2163486304","2247852144","1.01389"
"2247852144","2163486304","1.01389"
"2168084632","2247852144","0.305556"
"2247852144","2168084632","0.305556"
"2182610002","2199050371","0.255556"
"2199050371","2182610002","0.255556"
"2182610002","2247852144","0.0555556"
"2247852144","2182610002","0.0555556"
"2182610002","2617081680","0.0555556"
"2617081680","2182610002","0.0555556"
"2182610002","287458232","0.0555556"
"287458232","2182610002","0.0555556"
"2199050371","2247852144","0.430556"
"2247852144","2199050371","0.430556"
"2247852144","287458232","0.680556"
"287458232","2247852144","0.680556"
"1966525569","2247852144","0.125"
"2247852144","1966525569","0.125"
"1522341027","2023399517","0.333333"
"2023399517","1522341027","0.333333"
"2023399517","2077189121","0.333333"
"2077189121","2023399517","0.333333"
"1602228649","1674182651","0.0769231"
"1674182651","1602228649","0.0769231"
"1602228649","2077189121","0.0769231"
"2077189121","1602228649","0.0769231"
"1602228649","2122003336","0.0769231"
"2122003336","1602228649","0.0769231"
"1602228649","2172683691","2.18803"
"2172683691","1602228649","2.18803"
"1602228649","3012008384","0.0769231"
"3012008384","1602228649","0.0769231"
"1674182651","2118040411","0.410256"
"2118040411","1674182651","0.410256"
"2122003336","2947322189","0.0769231"
"2947322189","2122003336","0.0769231"
"1602228649","2027774333","0.111111"
"2027774333","1602228649","0.111111"
"1602228649","2154910991","0.111111"
"2154910991","1602228649","0.111111"
"1674182651","2182610002","0.2"
"2182610002","1674182651","0.2"
"2130333229","2182610002","0.2"
"2182610002","2130333229","0.2"
"2033587657","2122003336","0.2"
"2122003336","2033587657","0.2"
"1674182651","2247852144","0.5"
"2247852144","1674182651","0.5"
"1674182651","2023399517","0.25"
"2023399517","1674182651","0.25"
"2023399517","2027774333","0.416667"
"2027774333","2023399517","0.416667"
"2154037495","2202477112","0.45"
"2202477112","2154037495","0.45"
"191143312","2183668896","0.25"
"2183668896","191143312","0.25"
"2077189121","2183668896","0.25"
"2183668896","2077189121","0.25"
"2154910991","2183668896","0.25"
"2183668896","2154910991","0.25"
"2183668896","2247852144","0.25"
"2247852144","2183668896","0.25"
"1993527388","3012008384","0.47619"
"3012008384","1993527388","0.47619"
"1993527388","2205556827","0.142857"
"2205556827","1993527388","0.142857"
"2023399517","2033587657","0.166667"
"2033587657","2023399517","0.166667"
"2023399517","2130333229","0.166667"
"2130333229","2023399517","0.166667"
"2023399517","2247852144","0.666667"
"2247852144","2023399517","0.666667"
"2027774333","2923009591","0.333333"
"2923009591","2027774333","0.333333"
"2182610002","2923009591","0.333333"
"2923009591","2182610002","0.333333"
"2923009591","3012008384","0.333333"
"3012008384","2923009591","0.333333"
"2122003336","2247852144","0.125"
"2247852144","2122003336","0.125"
"2122003336","287458232","0.125"
"287458232","2122003336","0.125"
