"1495637267","1500848672","0.111111"
"1500848672","1495637267","0.111111"
"1495637267","1536078555","0.222222"
"1536078555","1495637267","0.222222"
"1495637267","163136009","0.111111"
"163136009","1495637267","0.111111"
"1495637267","1997025030","0.111111"
"1997025030","1495637267","0.111111"
"1495637267","2044123706","0.111111"
"2044123706","1495637267","0.111111"
"1495637267","2071503880","0.111111"
"2071503880","1495637267","0.111111"
"1495637267","2082248862","0.111111"
"2082248862","1495637267","0.111111"
"1495637267","2148328134","0.111111"
"2148328134","1495637267","0.111111"
"1495637267","789711","1.22222"
"789711","1495637267","1.22222"
"1500848672","1536078555","1.69444"
"1536078555","1500848672","1.69444"
"1500848672","163136009","0.111111"
"163136009","1500848672","0.111111"
"1500848672","1997025030","0.111111"
"1997025030","1500848672","0.111111"
"1500848672","2044123706","0.111111"
"2044123706","1500848672","0.111111"
"1500848672","2071503880","0.611111"
"2071503880","1500848672","0.611111"
"1500848672","2082248862","0.111111"
"2082248862","1500848672","0.111111"
"1500848672","2148328134","0.111111"
"2148328134","1500848672","0.111111"
"1500848672","789711","2.69444"
"789711","1500848672","2.69444"
"1536078555","163136009","0.111111"
"163136009","1536078555","0.111111"
"1536078555","1997025030","0.111111"
"1997025030","1536078555","0.111111"
"1536078555","2044123706","0.111111"
"2044123706","1536078555","0.111111"
"1536078555","2071503880","0.111111"
"2071503880","1536078555","0.111111"
"1536078555","2082248862","0.111111"
"2082248862","1536078555","0.111111"
"1536078555","2148328134","0.111111"
"2148328134","1536078555","0.111111"
"1536078555","789711","0.805556"
"789711","1536078555","0.805556"
"163136009","1997025030","0.111111"
"1997025030","163136009","0.111111"
"163136009","2044123706","0.111111"
"2044123706","163136009","0.111111"
"163136009","2071503880","0.111111"
"2071503880","163136009","0.111111"
"163136009","2082248862","0.111111"
"2082248862","163136009","0.111111"
"163136009","2148328134","0.111111"
"2148328134","163136009","0.111111"
"163136009","789711","0.111111"
"789711","163136009","0.111111"
"1997025030","2044123706","0.111111"
"2044123706","1997025030","0.111111"
"1997025030","2071503880","0.111111"
"2071503880","1997025030","0.111111"
"1997025030","2082248862","0.111111"
"2082248862","1997025030","0.111111"
"1997025030","2148328134","5.11111"
"2148328134","1997025030","5.11111"
"1997025030","789711","0.111111"
"789711","1997025030","0.111111"
"2044123706","2071503880","0.111111"
"2071503880","2044123706","0.111111"
"2044123706","2082248862","0.111111"
"2082248862","2044123706","0.111111"
"2044123706","2148328134","0.111111"
"2148328134","2044123706","0.111111"
"2044123706","789711","0.111111"
"789711","2044123706","0.111111"
"2071503880","2082248862","0.111111"
"2082248862","2071503880","0.111111"
"2071503880","2148328134","0.111111"
"2148328134","2071503880","0.111111"
"2071503880","789711","0.611111"
"789711","2071503880","0.611111"
"2082248862","2148328134","0.111111"
"2148328134","2082248862","0.111111"
"2082248862","789711","0.111111"
"789711","2082248862","0.111111"
"2148328134","789711","0.111111"
"789711","2148328134","0.111111"
"1495637267","1678797103","0.111111"
"1678797103","1495637267","0.111111"
"1495637267","2141469071","0.111111"
"2141469071","1495637267","0.111111"
"1495637267","2143046752","0.111111"
"2143046752","1495637267","0.111111"
"1495637267","2147155775","0.111111"
"2147155775","1495637267","0.111111"
"1495637267","2154428579","0.111111"
"2154428579","1495637267","0.111111"
"1495637267","2253310660","0.111111"
"2253310660","1495637267","0.111111"
"1495637267","63886951","0.111111"
"63886951","1495637267","0.111111"
"1536078555","1678797103","0.111111"
"1678797103","1536078555","0.111111"
"1536078555","2141469071","0.111111"
"2141469071","1536078555","0.111111"
"1536078555","2143046752","0.361111"
"2143046752","1536078555","0.361111"
"1536078555","2147155775","0.111111"
"2147155775","1536078555","0.111111"
"1536078555","2154428579","0.111111"
"2154428579","1536078555","0.111111"
"1536078555","2253310660","0.111111"
"2253310660","1536078555","0.111111"
"1536078555","63886951","0.111111"
"63886951","1536078555","0.111111"
"1678797103","2141469071","0.611111"
"2141469071","1678797103","0.611111"
"1678797103","2143046752","0.111111"
"2143046752","1678797103","0.111111"
"1678797103","2147155775","0.444444"
"2147155775","1678797103","0.444444"
"1678797103","2154428579","0.111111"
"2154428579","1678797103","0.111111"
"1678797103","2253310660","0.111111"
"2253310660","1678797103","0.111111"
"1678797103","63886951","0.444444"
"63886951","1678797103","0.444444"
"1678797103","789711","1.11111"
"789711","1678797103","1.11111"
"2141469071","2143046752","0.111111"
"2143046752","2141469071","0.111111"
"2141469071","2147155775","0.111111"
"2147155775","2141469071","0.111111"
"2141469071","2154428579","0.111111"
"2154428579","2141469071","0.111111"
"2141469071","2253310660","0.111111"
"2253310660","2141469071","0.111111"
"2141469071","63886951","0.111111"
"63886951","2141469071","0.111111"
"2141469071","789711","0.111111"
"789711","2141469071","0.111111"
"2143046752","2147155775","1.86111"
"2147155775","2143046752","1.86111"
"2143046752","2154428579","0.111111"
"2154428579","2143046752","0.111111"
"2143046752","2253310660","1.11111"
"2253310660","2143046752","1.11111"
"2143046752","63886951","2.11111"
"63886951","2143046752","2.11111"
"2143046752","789711","0.111111"
"789711","2143046752","0.111111"
"2147155775","2154428579","0.111111"
"2154428579","2147155775","0.111111"
"2147155775","2253310660","1.11111"
"2253310660","2147155775","1.11111"
"2147155775","63886951","1.89444"
"63886951","2147155775","1.89444"
"2147155775","789711","0.111111"
"789711","2147155775","0.111111"
"2154428579","2253310660","0.111111"
"2253310660","2154428579","0.111111"
"2154428579","63886951","0.111111"
"63886951","2154428579","0.111111"
"2154428579","789711","0.111111"
"789711","2154428579","0.111111"
"2253310660","63886951","0.111111"
"63886951","2253310660","0.111111"
"2253310660","789711","0.111111"
"789711","2253310660","0.111111"
"63886951","789711","0.111111"
"789711","63886951","0.111111"
"1497899746","1678797103","0.5"
"1678797103","1497899746","0.5"
"1497899746","2141469071","0.5"
"2141469071","1497899746","0.5"
"1500848672","2148563297","0.583333"
"2148563297","1500848672","0.583333"
"1500848672","2166595704","0.75"
"2166595704","1500848672","0.75"
"1536078555","2148563297","0.583333"
"2148563297","1536078555","0.583333"
"1536078555","2166595704","0.25"
"2166595704","1536078555","0.25"
"2148563297","2166595704","2.25"
"2166595704","2148563297","2.25"
"2148563297","789711","0.583333"
"789711","2148563297","0.583333"
"2166595704","789711","0.75"
"789711","2166595704","0.75"
"1500848672","2078384997","1"
"2078384997","1500848672","1"
"1536078555","2037786287","0.333333"
"2037786287","1536078555","0.333333"
"1536078555","2047396768","0.333333"
"2047396768","1536078555","0.333333"
"1536078555","2146156285","0.333333"
"2146156285","1536078555","0.333333"
"2037786287","2047396768","1.66667"
"2047396768","2037786287","1.66667"
"2037786287","2146156285","1.66667"
"2146156285","2037786287","1.66667"
"2047396768","2146156285","0.666667"
"2146156285","2047396768","0.666667"
"1536078555","2170318572","0.25"
"2170318572","1536078555","0.25"
"1536078555","2317901185","0.25"
"2317901185","1536078555","0.25"
"1536078555","3004273752","0.25"
"3004273752","1536078555","0.25"
"2143046752","2170318572","0.25"
"2170318572","2143046752","0.25"
"2143046752","2317901185","0.25"
"2317901185","2143046752","0.25"
"2143046752","3004273752","0.25"
"3004273752","2143046752","0.25"
"2170318572","2317901185","0.75"
"2317901185","2170318572","0.75"
"2170318572","3004273752","0.25"
"3004273752","2170318572","0.25"
"2317901185","3004273752","0.25"
"3004273752","2317901185","0.25"
"1678797103","2044123706","4"
"2044123706","1678797103","4"
"1678797103","2037786287","0.333333"
"2037786287","1678797103","0.333333"
"1678797103","2047396768","0.333333"
"2047396768","1678797103","0.333333"
"1678797103","2146156285","0.333333"
"2146156285","1678797103","0.333333"
"1678797103","2170318572","0.333333"
"2170318572","1678797103","0.333333"
"2147155775","2170318572","0.333333"
"2170318572","2147155775","0.333333"
"2170318572","63886951","0.333333"
"63886951","2170318572","0.333333"
"1840149308","2103061674","1.47619"
"2103061674","1840149308","1.47619"
"1840149308","2044123706","0.142857"
"2044123706","1840149308","0.142857"
"1840149308","2146156285","0.142857"
"2146156285","1840149308","0.142857"
"1840149308","2147122006","0.47619"
"2147122006","1840149308","0.47619"
"1840149308","2161082723","0.142857"
"2161082723","1840149308","0.142857"
"1840149308","2317407941","0.142857"
"2317407941","1840149308","0.142857"
"1840149308","2942982158","0.142857"
"2942982158","1840149308","0.142857"
"2044123706","2103061674","0.142857"
"2103061674","2044123706","0.142857"
"2044123706","2146156285","0.142857"
"2146156285","2044123706","0.142857"
"2044123706","2147122006","0.392857"
"2147122006","2044123706","0.392857"
"2044123706","2161082723","0.392857"
"2161082723","2044123706","0.392857"
"2044123706","2317407941","0.392857"
"2317407941","2044123706","0.392857"
"2044123706","2942982158","0.392857"
"2942982158","2044123706","0.392857"
"2103061674","2146156285","0.142857"
"2146156285","2103061674","0.142857"
"2103061674","2147122006","0.47619"
"2147122006","2103061674","0.47619"
"2103061674","2161082723","0.142857"
"2161082723","2103061674","0.142857"
"2103061674","2317407941","0.142857"
"2317407941","2103061674","0.142857"
"2103061674","2942982158","0.142857"
"2942982158","2103061674","0.142857"
"2146156285","2147122006","0.809524"
"2147122006","2146156285","0.809524"
"2146156285","2161082723","0.809524"
"2161082723","2146156285","0.809524"
"2146156285","2317407941","0.809524"
"2317407941","2146156285","0.809524"
"2146156285","2942982158","0.142857"
"2942982158","2146156285","0.142857"
"2147122006","2161082723","10.5595"
"2161082723","2147122006","10.5595"
"2147122006","2317407941","9.55952"
"2317407941","2147122006","9.55952"
"2147122006","2942982158","2.39286"
"2942982158","2147122006","2.39286"
"2161082723","2317407941","15.5929"
"2317407941","2161082723","15.5929"
"2161082723","2942982158","1.55952"
"2942982158","2161082723","1.55952"
"2317407941","2942982158","1.55952"
"2942982158","2317407941","1.55952"
"1840149308","2909508512","0.333333"
"2909508512","1840149308","0.333333"
"2103061674","2909508512","0.333333"
"2909508512","2103061674","0.333333"
"2147122006","2909508512","0.333333"
"2909508512","2147122006","0.333333"
"1971715320","2909508512","3.58333"
"2909508512","1971715320","3.58333"
"1971715320","2006235445","1.58333"
"2006235445","1971715320","1.58333"
"1971715320","2319245126","1.58333"
"2319245126","1971715320","1.58333"
"2006235445","2319245126","21"
"2319245126","2006235445","21"
"1971715320","2146156285","1.25"
"2146156285","1971715320","1.25"
"1971715320","2147122006","1.66667"
"2147122006","1971715320","1.66667"
"1971715320","2161082723","0.333333"
"2161082723","1971715320","0.333333"
"1971715320","2317407941","0.333333"
"2317407941","1971715320","0.333333"
"1971715320","2037786287","1.33333"
"2037786287","1971715320","1.33333"
"1971715320","2942982158","0.333333"
"2942982158","1971715320","0.333333"
"2037786287","2147122006","0.333333"
"2147122006","2037786287","0.333333"
"2037786287","2942982158","0.333333"
"2942982158","2037786287","0.333333"
"2006235445","2909508512","1.08333"
"2909508512","2006235445","1.08333"
"2319245126","2909508512","1.08333"
"2909508512","2319245126","1.08333"
"2006235445","2146156285","5.16667"
"2146156285","2006235445","5.16667"
"2146156285","2319245126","1.83333"
"2319245126","2146156285","1.83333"
"2146156285","2909508512","0.25"
"2909508512","2146156285","0.25"
"1993977389","2021821668","0.125"
"2021821668","1993977389","0.125"
"1993977389","2026429632","0.125"
"2026429632","1993977389","0.125"
"1993977389","2074130341","0.125"
"2074130341","1993977389","0.125"
"1993977389","2102560551","0.125"
"2102560551","1993977389","0.125"
"1993977389","2164527484","0.125"
"2164527484","1993977389","0.125"
"1993977389","2317901185","0.125"
"2317901185","1993977389","0.125"
"1993977389","2554273092","0.125"
"2554273092","1993977389","0.125"
"1993977389","2775555892","0.125"
"2775555892","1993977389","0.125"
"2021821668","2026429632","0.458333"
"2026429632","2021821668","0.458333"
"2021821668","2074130341","0.125"
"2074130341","2021821668","0.125"
"2021821668","2102560551","0.125"
"2102560551","2021821668","0.125"
"2021821668","2164527484","0.125"
"2164527484","2021821668","0.125"
"2021821668","2317901185","0.125"
"2317901185","2021821668","0.125"
"2021821668","2554273092","0.458333"
"2554273092","2021821668","0.458333"
"2021821668","2775555892","0.125"
"2775555892","2021821668","0.125"
"2026429632","2074130341","0.458333"
"2074130341","2026429632","0.458333"
"2026429632","2102560551","0.458333"
"2102560551","2026429632","0.458333"
"2026429632","2164527484","0.125"
"2164527484","2026429632","0.125"
"2026429632","2317901185","0.458333"
"2317901185","2026429632","0.458333"
"2026429632","2554273092","0.458333"
"2554273092","2026429632","0.458333"
"2026429632","2775555892","0.125"
"2775555892","2026429632","0.125"
"2074130341","2102560551","1.29167"
"2102560551","2074130341","1.29167"
"2074130341","2164527484","0.125"
"2164527484","2074130341","0.125"
"2074130341","2317901185","0.458333"
"2317901185","2074130341","0.458333"
"2074130341","2554273092","0.625"
"2554273092","2074130341","0.625"
"2074130341","2775555892","0.125"
"2775555892","2074130341","0.125"
"2102560551","2164527484","0.125"
"2164527484","2102560551","0.125"
"2102560551","2317901185","0.458333"
"2317901185","2102560551","0.458333"
"2102560551","2554273092","0.625"
"2554273092","2102560551","0.625"
"2102560551","2775555892","0.125"
"2775555892","2102560551","0.125"
"2164527484","2317901185","0.125"
"2317901185","2164527484","0.125"
"2164527484","2554273092","0.125"
"2554273092","2164527484","0.125"
"2164527484","2775555892","0.125"
"2775555892","2164527484","0.125"
"2317901185","2554273092","0.125"
"2554273092","2317901185","0.125"
"2317901185","2775555892","0.125"
"2775555892","2317901185","0.125"
"2554273092","2775555892","0.125"
"2775555892","2554273092","0.125"
"2006235445","2143046752","0.75"
"2143046752","2006235445","0.75"
"2143046752","2319245126","0.75"
"2319245126","2143046752","0.75"
"2006235445","63886951","0.25"
"63886951","2006235445","0.25"
"2143046752","2146156285","1.5"
"2146156285","2143046752","1.5"
"2146156285","63886951","0.5"
"63886951","2146156285","0.5"
"2319245126","63886951","0.25"
"63886951","2319245126","0.25"
"2006235445","2331046767","0.5"
"2331046767","2006235445","0.5"
"2319245126","2331046767","0.5"
"2331046767","2319245126","0.5"
"2006235445","2905052269","1"
"2905052269","2006235445","1"
"2006235445","2161082723","0.333333"
"2161082723","2006235445","0.333333"
"2006235445","2317407941","0.333333"
"2317407941","2006235445","0.333333"
"2161082723","2319245126","0.333333"
"2319245126","2161082723","0.333333"
"2317407941","2319245126","0.333333"
"2319245126","2317407941","0.333333"
"2006235445","2069653923","0.333333"
"2069653923","2006235445","0.333333"
"2006235445","2164527484","0.333333"
"2164527484","2006235445","0.333333"
"2069653923","2146156285","0.333333"
"2146156285","2069653923","0.333333"
"2069653923","2164527484","0.333333"
"2164527484","2069653923","0.333333"
"2146156285","2164527484","0.583333"
"2164527484","2146156285","0.583333"
"2006235445","2793682642","0.333333"
"2793682642","2006235445","0.333333"
"2146156285","2793682642","0.333333"
"2793682642","2146156285","0.333333"
"2319245126","2793682642","0.333333"
"2793682642","2319245126","0.333333"
"2013761275","3004273752","1"
"3004273752","2013761275","1"
"2013761275","2053378304","0.5"
"2053378304","2013761275","0.5"
"2013761275","2065495853","0.5"
"2065495853","2013761275","0.5"
"2053378304","2065495853","5.83333"
"2065495853","2053378304","5.83333"
"2021821668","2164987241","0.333333"
"2164987241","2021821668","0.333333"
"2026429632","2164987241","0.833333"
"2164987241","2026429632","0.833333"
"2164987241","2554273092","0.333333"
"2554273092","2164987241","0.333333"
"2026429632","2069653923","2.5"
"2069653923","2026429632","2.5"
"2026429632","2143046752","1"
"2143046752","2026429632","1"
"2143046752","2164987241","0.5"
"2164987241","2143046752","0.5"
"2026429632","63886951","1"
"63886951","2026429632","1"
"2026429632","2134913853","0.5"
"2134913853","2026429632","0.5"
"2069653923","2134913853","0.5"
"2134913853","2069653923","0.5"
"2026429632","2147155775","0.5"
"2147155775","2026429632","0.5"
"2040348722","2071503880","1"
"2071503880","2040348722","1"
"2040348722","2166595704","1"
"2166595704","2040348722","1"
"2047396768","2775555892","1"
"2775555892","2047396768","1"
"2053378304","2166595704","0.333333"
"2166595704","2053378304","0.333333"
"2053378304","2591698613","0.333333"
"2591698613","2053378304","0.333333"
"2065495853","2166595704","0.333333"
"2166595704","2065495853","0.333333"
"2065495853","2591698613","0.333333"
"2591698613","2065495853","0.333333"
"2166595704","2591698613","0.333333"
"2591698613","2166595704","0.333333"
"2070502150","2082248862","8.5"
"2082248862","2070502150","8.5"
"2070502150","2127586336","2.5"
"2127586336","2070502150","2.5"
"2082248862","2127586336","3"
"2127586336","2082248862","3"
"2074130341","2133150803","1.33333"
"2133150803","2074130341","1.33333"
"2074130341","2253310660","0.333333"
"2253310660","2074130341","0.333333"
"2102560551","2133150803","0.333333"
"2133150803","2102560551","0.333333"
"2102560551","2253310660","0.333333"
"2253310660","2102560551","0.333333"
"2133150803","2253310660","0.333333"
"2253310660","2133150803","0.333333"
"2082248862","2134913853","0.5"
"2134913853","2082248862","0.5"
"2127586336","2134913853","2.5"
"2134913853","2127586336","2.5"
"2101818688","2146156285","0.5"
"2146156285","2101818688","0.5"
"2101818688","2331046767","0.5"
"2331046767","2101818688","0.5"
"2146156285","2331046767","1.5"
"2331046767","2146156285","1.5"
"2101818688","2148563297","2"
"2148563297","2101818688","2"
"2101818688","3004273752","1"
"3004273752","2101818688","1"
"2101818688","2154428579","1"
"2154428579","2101818688","1"
"2102560551","2147155775","0.5"
"2147155775","2102560551","0.5"
"2102560551","2771976889","0.5"
"2771976889","2102560551","0.5"
"2147155775","2771976889","0.5"
"2771976889","2147155775","0.5"
"2133150803","2147122006","0.333333"
"2147122006","2133150803","0.333333"
"2133150803","2161082723","0.333333"
"2161082723","2133150803","0.333333"
"2133150803","2317407941","0.333333"
"2317407941","2133150803","0.333333"
"2143046752","2164527484","0.25"
"2164527484","2143046752","0.25"
"2146156285","2147155775","0.25"
"2147155775","2146156285","0.25"
"2147155775","2164527484","0.25"
"2164527484","2147155775","0.25"
"2164527484","63886951","0.25"
"63886951","2164527484","0.25"
"2143046752","2331046767","0.5"
"2331046767","2143046752","0.5"
"2331046767","63886951","0.5"
"63886951","2331046767","0.5"
"2146156285","2166595704","1"
"2166595704","2146156285","1"
"2146156285","2148563297","1"
"2148563297","2146156285","1"
"2147122006","2793682642","1.33333"
"2793682642","2147122006","1.33333"
"2161082723","2793682642","0.533333"
"2793682642","2161082723","0.533333"
"2317407941","2793682642","0.533333"
"2793682642","2317407941","0.533333"
"2147122006","2331046767","0.333333"
"2331046767","2147122006","0.333333"
"2161082723","2331046767","0.333333"
"2331046767","2161082723","0.333333"
"2317407941","2331046767","0.333333"
"2331046767","2317407941","0.333333"
"2147155775","2148563297","0.2"
"2148563297","2147155775","0.2"
"2147155775","2161082723","0.7"
"2161082723","2147155775","0.7"
"2147155775","2317407941","0.7"
"2317407941","2147155775","0.7"
"2147155775","2793682642","0.2"
"2793682642","2147155775","0.2"
"2148563297","2161082723","0.2"
"2161082723","2148563297","0.2"
"2148563297","2317407941","0.2"
"2317407941","2148563297","0.2"
"2148563297","2793682642","0.7"
"2793682642","2148563297","0.7"
"2148563297","63886951","0.2"
"63886951","2148563297","0.2"
"2161082723","63886951","0.2"
"63886951","2161082723","0.2"
"2317407941","63886951","0.2"
"63886951","2317407941","0.2"
"2793682642","63886951","0.2"
"63886951","2793682642","0.2"
"2148563297","2942982158","0.5"
"2942982158","2148563297","0.5"
"2793682642","2942982158","2.5"
"2942982158","2793682642","2.5"
"2161082723","2311291182","0.5"
"2311291182","2161082723","0.5"
"2311291182","2317407941","0.5"
"2317407941","2311291182","0.5"
"2166595704","2331046767","2"
"2331046767","2166595704","2"
"2166595704","3004273752","1"
"3004273752","2166595704","1"
"2170318572","2771976889","0.5"
"2771976889","2170318572","0.5"
"2317901185","2771976889","0.5"
"2771976889","2317901185","0.5"
"2170318572","2554273092","2"
"2554273092","2170318572","2"
"2771976889","3004273752","1"
"3004273752","2771976889","1"
"2904557482","2909508512","1"
"2909508512","2904557482","1"
"2904557482","2940603445","1"
"2940603445","2904557482","1"
"2940603445","3004273752","15"
"3004273752","2940603445","15"
