"112166598","2163738319","7.32341"
"2163738319","112166598","7.32341"
"112166598","2340242098","1.55556"
"2340242098","112166598","1.55556"
"2163738319","2340242098","1.55556"
"2340242098","2163738319","1.55556"
"112166598","1563347961","0.222222"
"1563347961","112166598","0.222222"
"112166598","1591574509","0.166667"
"1591574509","112166598","0.166667"
"112166598","1993764401","0.166667"
"1993764401","112166598","0.166667"
"112166598","2107788319","0.266667"
"2107788319","112166598","0.266667"
"112166598","2135428644","0.166667"
"2135428644","112166598","0.166667"
"1563347961","1591574509","0.166667"
"1591574509","1563347961","0.166667"
"1563347961","1993764401","0.5"
"1993764401","1563347961","0.5"
"1563347961","2107788319","6.04216"
"2107788319","1563347961","6.04216"
"1563347961","2135428644","0.166667"
"2135428644","1563347961","0.166667"
"1563347961","2163738319","0.281046"
"2163738319","1563347961","0.281046"
"1591574509","1993764401","0.166667"
"1993764401","1591574509","0.166667"
"1591574509","2107788319","0.420635"
"2107788319","1591574509","0.420635"
"1591574509","2135428644","0.166667"
"2135428644","1591574509","0.166667"
"1591574509","2163738319","0.666667"
"2163738319","1591574509","0.666667"
"1993764401","2107788319","0.5"
"2107788319","1993764401","0.5"
"1993764401","2135428644","0.166667"
"2135428644","1993764401","0.166667"
"1993764401","2163738319","0.166667"
"2163738319","1993764401","0.166667"
"2107788319","2135428644","0.166667"
"2135428644","2107788319","0.166667"
"2107788319","2163738319","0.22549"
"2163738319","2107788319","0.22549"
"2135428644","2163738319","0.334499"
"2163738319","2135428644","0.334499"
"112166598","1988830510","0.125"
"1988830510","112166598","0.125"
"112166598","2078990387","0.225"
"2078990387","112166598","0.225"
"112166598","2090088551","0.225"
"2090088551","112166598","0.225"
"112166598","2106740217","0.125"
"2106740217","112166598","0.125"
"112166598","2150222798","0.125"
"2150222798","112166598","0.125"
"112166598","2162065809","1.05833"
"2162065809","112166598","1.05833"
"112166598","2170183598","0.125"
"2170183598","112166598","0.125"
"1988830510","2078990387","0.125"
"2078990387","1988830510","0.125"
"1988830510","2090088551","0.196429"
"2090088551","1988830510","0.196429"
"1988830510","2106740217","0.545513"
"2106740217","1988830510","0.545513"
"1988830510","2150222798","0.125"
"2150222798","1988830510","0.125"
"1988830510","2162065809","0.625"
"2162065809","1988830510","0.625"
"1988830510","2163738319","0.773352"
"2163738319","1988830510","0.773352"
"1988830510","2170183598","4.04551"
"2170183598","1988830510","4.04551"
"2078990387","2090088551","0.425"
"2090088551","2078990387","0.425"
"2078990387","2106740217","0.125"
"2106740217","2078990387","0.125"
"2078990387","2150222798","0.125"
"2150222798","2078990387","0.125"
"2078990387","2162065809","1.425"
"2162065809","2078990387","1.425"
"2078990387","2163738319","3.125"
"2163738319","2078990387","3.125"
"2078990387","2170183598","0.125"
"2170183598","2078990387","0.125"
"2090088551","2106740217","0.458333"
"2106740217","2090088551","0.458333"
"2090088551","2150222798","0.236111"
"2150222798","2090088551","0.236111"
"2090088551","2162065809","0.425"
"2162065809","2090088551","0.425"
"2090088551","2163738319","0.196429"
"2163738319","2090088551","0.196429"
"2090088551","2170183598","0.125"
"2170183598","2090088551","0.125"
"2106740217","2150222798","0.125"
"2150222798","2106740217","0.125"
"2106740217","2162065809","0.125"
"2162065809","2106740217","0.125"
"2106740217","2163738319","0.201923"
"2163738319","2106740217","0.201923"
"2106740217","2170183598","0.78837"
"2170183598","2106740217","0.78837"
"2150222798","2162065809","0.125"
"2162065809","2150222798","0.125"
"2150222798","2163738319","0.125"
"2163738319","2150222798","0.125"
"2150222798","2170183598","0.125"
"2170183598","2150222798","0.125"
"2162065809","2163738319","1.80807"
"2163738319","2162065809","1.80807"
"2162065809","2170183598","0.236111"
"2170183598","2162065809","0.236111"
"2163738319","2170183598","1.20192"
"2170183598","2163738319","1.20192"
"112166598","2117602879","2.19841"
"2117602879","112166598","2.19841"
"112166598","1986247555","0.5"
"1986247555","112166598","0.5"
"1986247555","2163738319","0.5"
"2163738319","1986247555","0.5"
"112166598","1721795135","0.1"
"1721795135","112166598","0.1"
"112166598","2083973706","0.1"
"2083973706","112166598","0.1"
"112166598","2096260942","0.1"
"2096260942","112166598","0.1"
"112166598","2133110656","0.1"
"2133110656","112166598","0.1"
"112166598","2395398574","0.242857"
"2395398574","112166598","0.242857"
"112166598","2941277463","0.1"
"2941277463","112166598","0.1"
"1721795135","2078990387","0.1"
"2078990387","1721795135","0.1"
"1721795135","2083973706","2.85"
"2083973706","1721795135","2.85"
"1721795135","2090088551","0.1"
"2090088551","1721795135","0.1"
"1721795135","2096260942","0.1"
"2096260942","1721795135","0.1"
"1721795135","2107788319","0.1"
"2107788319","1721795135","0.1"
"1721795135","2133110656","0.1"
"2133110656","1721795135","0.1"
"1721795135","2162065809","0.1"
"2162065809","1721795135","0.1"
"1721795135","2395398574","0.1"
"2395398574","1721795135","0.1"
"1721795135","2941277463","0.1"
"2941277463","1721795135","0.1"
"2078990387","2083973706","0.3"
"2083973706","2078990387","0.3"
"2078990387","2096260942","0.1"
"2096260942","2078990387","0.1"
"2078990387","2107788319","0.1"
"2107788319","2078990387","0.1"
"2078990387","2133110656","0.3"
"2133110656","2078990387","0.3"
"2078990387","2395398574","0.1"
"2395398574","2078990387","0.1"
"2078990387","2941277463","0.1"
"2941277463","2078990387","0.1"
"2083973706","2090088551","0.3"
"2090088551","2083973706","0.3"
"2083973706","2096260942","0.1"
"2096260942","2083973706","0.1"
"2083973706","2107788319","0.1"
"2107788319","2083973706","0.1"
"2083973706","2133110656","0.3"
"2133110656","2083973706","0.3"
"2083973706","2162065809","0.3"
"2162065809","2083973706","0.3"
"2083973706","2395398574","0.1"
"2395398574","2083973706","0.1"
"2083973706","2941277463","0.1"
"2941277463","2083973706","0.1"
"2090088551","2096260942","0.1"
"2096260942","2090088551","0.1"
"2090088551","2107788319","0.1"
"2107788319","2090088551","0.1"
"2090088551","2133110656","0.411111"
"2133110656","2090088551","0.411111"
"2090088551","2395398574","0.1"
"2395398574","2090088551","0.1"
"2090088551","2941277463","0.1"
"2941277463","2090088551","0.1"
"2096260942","2107788319","0.211111"
"2107788319","2096260942","0.211111"
"2096260942","2133110656","0.1"
"2133110656","2096260942","0.1"
"2096260942","2162065809","0.1"
"2162065809","2096260942","0.1"
"2096260942","2395398574","1.93333"
"2395398574","2096260942","1.93333"
"2096260942","2941277463","6.43333"
"2941277463","2096260942","6.43333"
"2107788319","2133110656","0.176923"
"2133110656","2107788319","0.176923"
"2107788319","2162065809","0.269935"
"2162065809","2107788319","0.269935"
"2107788319","2395398574","0.1"
"2395398574","2107788319","0.1"
"2107788319","2941277463","0.1"
"2941277463","2107788319","0.1"
"2133110656","2162065809","0.3"
"2162065809","2133110656","0.3"
"2133110656","2395398574","0.1"
"2395398574","2133110656","0.1"
"2133110656","2941277463","0.1"
"2941277463","2133110656","0.1"
"2162065809","2395398574","0.1"
"2395398574","2162065809","0.1"
"2162065809","2941277463","0.1"
"2941277463","2162065809","0.1"
"2395398574","2941277463","2.1"
"2941277463","2395398574","2.1"
"112166598","2006355762","0.0555556"
"2006355762","112166598","0.0555556"
"112166598","2008910162","0.0555556"
"2008910162","112166598","0.0555556"
"112166598","2058557661","0.0555556"
"2058557661","112166598","0.0555556"
"112166598","2065224519","0.0555556"
"2065224519","112166598","0.0555556"
"112166598","2075707188","0.531746"
"2075707188","112166598","0.531746"
"112166598","2098444749","0.0555556"
"2098444749","112166598","0.0555556"
"112166598","2148316600","0.0555556"
"2148316600","112166598","0.0555556"
"112166598","2151314413","0.198413"
"2151314413","112166598","0.198413"
"112166598","2164551073","0.0555556"
"2164551073","112166598","0.0555556"
"112166598","2261469161","0.0555556"
"2261469161","112166598","0.0555556"
"112166598","2290985764","0.198413"
"2290985764","112166598","0.198413"
"112166598","2398315900","0.0555556"
"2398315900","112166598","0.0555556"
"112166598","2623037331","0.198413"
"2623037331","112166598","0.198413"
"112166598","2940649815","0.0555556"
"2940649815","112166598","0.0555556"
"1563347961","2006355762","0.0555556"
"2006355762","1563347961","0.0555556"
"1563347961","2008910162","0.255556"
"2008910162","1563347961","0.255556"
"1563347961","2058557661","0.382479"
"2058557661","1563347961","0.382479"
"1563347961","2065224519","0.382479"
"2065224519","1563347961","0.382479"
"1563347961","2075707188","0.191302"
"2075707188","1563347961","0.191302"
"1563347961","2098444749","0.0555556"
"2098444749","1563347961","0.0555556"
"1563347961","2117602879","0.0555556"
"2117602879","1563347961","0.0555556"
"1563347961","2148316600","0.705288"
"2148316600","1563347961","0.705288"
"1563347961","2151314413","0.0555556"
"2151314413","1563347961","0.0555556"
"1563347961","2164551073","0.314379"
"2164551073","1563347961","0.314379"
"1563347961","2261469161","0.0555556"
"2261469161","1563347961","0.0555556"
"1563347961","2290985764","0.0555556"
"2290985764","1563347961","0.0555556"
"1563347961","2340242098","0.0555556"
"2340242098","1563347961","0.0555556"
"1563347961","2398315900","0.0555556"
"2398315900","1563347961","0.0555556"
"1563347961","2623037331","0.0555556"
"2623037331","1563347961","0.0555556"
"1563347961","2940649815","0.0555556"
"2940649815","1563347961","0.0555556"
"2006355762","2008910162","0.126984"
"2008910162","2006355762","0.126984"
"2006355762","2058557661","0.0555556"
"2058557661","2006355762","0.0555556"
"2006355762","2065224519","0.0555556"
"2065224519","2006355762","0.0555556"
"2006355762","2075707188","0.954636"
"2075707188","2006355762","0.954636"
"2006355762","2098444749","0.126984"
"2098444749","2006355762","0.126984"
"2006355762","2117602879","0.118056"
"2117602879","2006355762","0.118056"
"2006355762","2148316600","0.118056"
"2148316600","2006355762","0.118056"
"2006355762","2151314413","0.118056"
"2151314413","2006355762","0.118056"
"2006355762","2163738319","0.217893"
"2163738319","2006355762","0.217893"
"2006355762","2164551073","0.126984"
"2164551073","2006355762","0.126984"
"2006355762","2261469161","0.126984"
"2261469161","2006355762","0.126984"
"2006355762","2290985764","0.0555556"
"2290985764","2006355762","0.0555556"
"2006355762","2340242098","0.0555556"
"2340242098","2006355762","0.0555556"
"2006355762","2398315900","0.0555556"
"2398315900","2006355762","0.0555556"
"2006355762","2623037331","0.0555556"
"2623037331","2006355762","0.0555556"
"2006355762","2940649815","0.0555556"
"2940649815","2006355762","0.0555556"
"2008910162","2058557661","0.0555556"
"2058557661","2008910162","0.0555556"
"2008910162","2065224519","0.0555556"
"2065224519","2008910162","0.0555556"
"2008910162","2075707188","0.126984"
"2075707188","2008910162","0.126984"
"2008910162","2098444749","0.251984"
"2098444749","2008910162","0.251984"
"2008910162","2117602879","0.0555556"
"2117602879","2008910162","0.0555556"
"2008910162","2148316600","0.0555556"
"2148316600","2008910162","0.0555556"
"2008910162","2151314413","0.0555556"
"2151314413","2008910162","0.0555556"
"2008910162","2163738319","0.126984"
"2163738319","2008910162","0.126984"
"2008910162","2164551073","4.09643"
"2164551073","2008910162","4.09643"
"2008910162","2261469161","0.126984"
"2261469161","2008910162","0.126984"
"2008910162","2290985764","0.180556"
"2290985764","2008910162","0.180556"
"2008910162","2340242098","0.0555556"
"2340242098","2008910162","0.0555556"
"2008910162","2398315900","0.180556"
"2398315900","2008910162","0.180556"
"2008910162","2623037331","0.0555556"
"2623037331","2008910162","0.0555556"
"2008910162","2940649815","0.255556"
"2940649815","2008910162","0.255556"
"2058557661","2065224519","0.382479"
"2065224519","2058557661","0.382479"
"2058557661","2075707188","0.132479"
"2075707188","2058557661","0.132479"
"2058557661","2098444749","0.0555556"
"2098444749","2058557661","0.0555556"
"2058557661","2117602879","0.0555556"
"2117602879","2058557661","0.0555556"
"2058557661","2148316600","0.0555556"
"2148316600","2058557661","0.0555556"
"2058557661","2151314413","0.0555556"
"2151314413","2058557661","0.0555556"
"2058557661","2163738319","0.0555556"
"2163738319","2058557661","0.0555556"
"2058557661","2164551073","0.0555556"
"2164551073","2058557661","0.0555556"
"2058557661","2261469161","0.0555556"
"2261469161","2058557661","0.0555556"
"2058557661","2290985764","0.0555556"
"2290985764","2058557661","0.0555556"
"2058557661","2340242098","0.0555556"
"2340242098","2058557661","0.0555556"
"2058557661","2398315900","0.0555556"
"2398315900","2058557661","0.0555556"
"2058557661","2623037331","0.0555556"
"2623037331","2058557661","0.0555556"
"2058557661","2940649815","0.0555556"
"2940649815","2058557661","0.0555556"
"2065224519","2075707188","0.132479"
"2075707188","2065224519","0.132479"
"2065224519","2098444749","0.0555556"
"2098444749","2065224519","0.0555556"
"2065224519","2117602879","0.0555556"
"2117602879","2065224519","0.0555556"
"2065224519","2148316600","0.0555556"
"2148316600","2065224519","0.0555556"
"2065224519","2151314413","0.0555556"
"2151314413","2065224519","0.0555556"
"2065224519","2163738319","0.0555556"
"2163738319","2065224519","0.0555556"
"2065224519","2164551073","0.0555556"
"2164551073","2065224519","0.0555556"
"2065224519","2261469161","0.0555556"
"2261469161","2065224519","0.0555556"
"2065224519","2290985764","0.0555556"
"2290985764","2065224519","0.0555556"
"2065224519","2340242098","0.0555556"
"2340242098","2065224519","0.0555556"
"2065224519","2398315900","0.0555556"
"2398315900","2065224519","0.0555556"
"2065224519","2623037331","0.0555556"
"2623037331","2065224519","0.0555556"
"2065224519","2940649815","0.0555556"
"2940649815","2065224519","0.0555556"
"2075707188","2098444749","0.289484"
"2098444749","2075707188","0.289484"
"2075707188","2117602879","0.623413"
"2117602879","2075707188","0.623413"
"2075707188","2148316600","0.687136"
"2148316600","2075707188","0.687136"
"2075707188","2151314413","0.385913"
"2151314413","2075707188","0.385913"
"2075707188","2163738319","1.02983"
"2163738319","2075707188","1.02983"
"2075707188","2164551073","0.596064"
"2164551073","2075707188","0.596064"
"2075707188","2261469161","0.126984"
"2261469161","2075707188","0.126984"
"2075707188","2290985764","0.434524"
"2290985764","2075707188","0.434524"
"2075707188","2340242098","0.0555556"
"2340242098","2075707188","0.0555556"
"2075707188","2398315900","0.229167"
"2398315900","2075707188","0.229167"
"2075707188","2623037331","0.684524"
"2623037331","2075707188","0.684524"
"2075707188","2940649815","0.229167"
"2940649815","2075707188","0.229167"
"2098444749","2117602879","0.155556"
"2117602879","2098444749","0.155556"
"2098444749","2148316600","0.0555556"
"2148316600","2098444749","0.0555556"
"2098444749","2151314413","0.118056"
"2151314413","2098444749","0.118056"
"2098444749","2163738319","0.126984"
"2163738319","2098444749","0.126984"
"2098444749","2164551073","0.251984"
"2164551073","2098444749","0.251984"
"2098444749","2261469161","0.126984"
"2261469161","2098444749","0.126984"
"2098444749","2290985764","2.74306"
"2290985764","2098444749","2.74306"
"2098444749","2340242098","0.0555556"
"2340242098","2098444749","0.0555556"
"2098444749","2398315900","0.743056"
"2398315900","2098444749","0.743056"
"2098444749","2623037331","0.118056"
"2623037331","2098444749","0.118056"
"2098444749","2940649815","0.118056"
"2940649815","2098444749","0.118056"
"2117602879","2148316600","0.118056"
"2148316600","2117602879","0.118056"
"2117602879","2151314413","0.400336"
"2151314413","2117602879","0.400336"
"2117602879","2163738319","0.198413"
"2163738319","2117602879","0.198413"
"2117602879","2164551073","0.0555556"
"2164551073","2117602879","0.0555556"
"2117602879","2261469161","0.0555556"
"2261469161","2117602879","0.0555556"
"2117602879","2290985764","0.260913"
"2290985764","2117602879","0.260913"
"2117602879","2340242098","0.0555556"
"2340242098","2117602879","0.0555556"
"2117602879","2398315900","0.0555556"
"2398315900","2117602879","0.0555556"
"2117602879","2623037331","0.260913"
"2623037331","2117602879","0.260913"
"2117602879","2940649815","0.0555556"
"2940649815","2117602879","0.0555556"
"2148316600","2151314413","0.118056"
"2151314413","2148316600","0.118056"
"2148316600","2163738319","0.191302"
"2163738319","2148316600","0.191302"
"2148316600","2164551073","0.524635"
"2164551073","2148316600","0.524635"
"2148316600","2261469161","0.555556"
"2261469161","2148316600","0.555556"
"2148316600","2290985764","0.0555556"
"2290985764","2148316600","0.0555556"
"2148316600","2340242098","0.0555556"
"2340242098","2148316600","0.0555556"
"2148316600","2398315900","0.0555556"
"2398315900","2148316600","0.0555556"
"2148316600","2623037331","0.555556"
"2623037331","2148316600","0.555556"
"2148316600","2940649815","0.0555556"
"2940649815","2148316600","0.0555556"
"2151314413","2163738319","0.198413"
"2163738319","2151314413","0.198413"
"2151314413","2164551073","0.0555556"
"2164551073","2151314413","0.0555556"
"2151314413","2261469161","0.0555556"
"2261469161","2151314413","0.0555556"
"2151314413","2290985764","0.323413"
"2290985764","2151314413","0.323413"
"2151314413","2340242098","0.0555556"
"2340242098","2151314413","0.0555556"
"2151314413","2398315900","0.118056"
"2398315900","2151314413","0.118056"
"2151314413","2623037331","0.323413"
"2623037331","2151314413","0.323413"
"2151314413","2940649815","0.118056"
"2940649815","2151314413","0.118056"
"2163738319","2164551073","0.262731"
"2164551073","2163738319","0.262731"
"2163738319","2261469161","0.126984"
"2261469161","2163738319","0.126984"
"2163738319","2290985764","0.198413"
"2290985764","2163738319","0.198413"
"2163738319","2398315900","0.0555556"
"2398315900","2163738319","0.0555556"
"2163738319","2623037331","0.198413"
"2623037331","2163738319","0.198413"
"2163738319","2940649815","0.0555556"
"2940649815","2163738319","0.0555556"
"2164551073","2261469161","0.126984"
"2261469161","2164551073","0.126984"
"2164551073","2290985764","0.180556"
"2290985764","2164551073","0.180556"
"2164551073","2340242098","0.0555556"
"2340242098","2164551073","0.0555556"
"2164551073","2398315900","0.180556"
"2398315900","2164551073","0.180556"
"2164551073","2623037331","0.0555556"
"2623037331","2164551073","0.0555556"
"2164551073","2940649815","0.255556"
"2940649815","2164551073","0.255556"
"2261469161","2290985764","0.0555556"
"2290985764","2261469161","0.0555556"
"2261469161","2340242098","0.0555556"
"2340242098","2261469161","0.0555556"
"2261469161","2398315900","0.0555556"
"2398315900","2261469161","0.0555556"
"2261469161","2623037331","0.555556"
"2623037331","2261469161","0.555556"
"2261469161","2940649815","0.222222"
"2940649815","2261469161","0.222222"
"2290985764","2340242098","0.0555556"
"2340242098","2290985764","0.0555556"
"2290985764","2398315900","0.354167"
"2398315900","2290985764","0.354167"
"2290985764","2623037331","0.434524"
"2623037331","2290985764","0.434524"
"2290985764","2940649815","0.229167"
"2940649815","2290985764","0.229167"
"2340242098","2398315900","0.0555556"
"2398315900","2340242098","0.0555556"
"2340242098","2623037331","0.0555556"
"2623037331","2340242098","0.0555556"
"2340242098","2940649815","0.0555556"
"2940649815","2340242098","0.0555556"
"2398315900","2623037331","0.329167"
"2623037331","2398315900","0.329167"
"2398315900","2940649815","0.495833"
"2940649815","2398315900","0.495833"
"2623037331","2940649815","2.82917"
"2940649815","2623037331","2.82917"
"2075707188","2162065809","1.39001"
"2162065809","2075707188","1.39001"
"112166598","1546523996","0.142857"
"1546523996","112166598","0.142857"
"112166598","1971498681","0.142857"
"1971498681","112166598","0.142857"
"112166598","2006994525","0.142857"
"2006994525","112166598","0.142857"
"112166598","2059613686","0.142857"
"2059613686","112166598","0.142857"
"112166598","2064780509","0.142857"
"2064780509","112166598","0.142857"
"112166598","2110621799","0.142857"
"2110621799","112166598","0.142857"
"112166598","2125399815","0.142857"
"2125399815","112166598","0.142857"
"1546523996","1971498681","0.205357"
"1971498681","1546523996","0.205357"
"1546523996","2006994525","0.455357"
"2006994525","1546523996","0.455357"
"1546523996","2059613686","0.592857"
"2059613686","1546523996","0.592857"
"1546523996","2064780509","0.405357"
"2064780509","1546523996","0.405357"
"1546523996","2110621799","0.405357"
"2110621799","1546523996","0.405357"
"1546523996","2125399815","3.74821"
"2125399815","1546523996","3.74821"
"1971498681","2006994525","0.276786"
"2006994525","1971498681","0.276786"
"1971498681","2059613686","0.142857"
"2059613686","1971498681","0.142857"
"1971498681","2064780509","1.00298"
"2064780509","1971498681","1.00298"
"1971498681","2110621799","2.50298"
"2110621799","1971498681","2.50298"
"1971498681","2125399815","0.276786"
"2125399815","1971498681","0.276786"
"2006994525","2059613686","0.903968"
"2059613686","2006994525","0.903968"
"2006994525","2064780509","0.276786"
"2064780509","2006994525","0.276786"
"2006994525","2110621799","0.276786"
"2110621799","2006994525","0.276786"
"2006994525","2125399815","1.5379"
"2125399815","2006994525","1.5379"
"2059613686","2064780509","0.342857"
"2064780509","2059613686","0.342857"
"2059613686","2110621799","0.342857"
"2110621799","2059613686","0.342857"
"2059613686","2125399815","1.10397"
"2125399815","2059613686","1.10397"
"2064780509","2110621799","5.70298"
"2110621799","2064780509","5.70298"
"2064780509","2125399815","0.676786"
"2125399815","2064780509","0.676786"
"2110621799","2125399815","0.726786"
"2125399815","2110621799","0.726786"
"2075707188","2395398574","0.392857"
"2395398574","2075707188","0.392857"
"2117602879","2395398574","0.142857"
"2395398574","2117602879","0.142857"
"2151314413","2395398574","0.142857"
"2395398574","2151314413","0.142857"
"2163738319","2395398574","0.47619"
"2395398574","2163738319","0.47619"
"2290985764","2395398574","0.142857"
"2395398574","2290985764","0.142857"
"2395398574","2623037331","0.142857"
"2623037331","2395398574","0.142857"
"1253600108","2125399815","0.75"
"2125399815","1253600108","0.75"
"1253600108","2282329880","7.2"
"2282329880","1253600108","7.2"
"2125399815","2282329880","0.75"
"2282329880","2125399815","0.75"
"1253600108","2098032141","0.25"
"2098032141","1253600108","0.25"
"1253600108","2109817206","0.45"
"2109817206","1253600108","0.45"
"2098032141","2109817206","0.25"
"2109817206","2098032141","0.25"
"2098032141","2125399815","0.383929"
"2125399815","2098032141","0.383929"
"2098032141","2282329880","0.25"
"2282329880","2098032141","0.25"
"2109817206","2125399815","1.45"
"2125399815","2109817206","1.45"
"2109817206","2282329880","0.45"
"2282329880","2109817206","0.45"
"1253600108","1996095015","0.25"
"1996095015","1253600108","0.25"
"1253600108","2030967234","0.25"
"2030967234","1253600108","0.25"
"1253600108","2032998643","0.25"
"2032998643","1253600108","0.25"
"1996095015","2030967234","0.361111"
"2030967234","1996095015","0.361111"
"1996095015","2032998643","1.25"
"2032998643","1996095015","1.25"
"1996095015","2282329880","0.25"
"2282329880","1996095015","0.25"
"2030967234","2032998643","0.25"
"2032998643","2030967234","0.25"
"2030967234","2282329880","0.25"
"2282329880","2030967234","0.25"
"2032998643","2282329880","0.25"
"2282329880","2032998643","0.25"
"1253600108","1509532406","0.2"
"1509532406","1253600108","0.2"
"1253600108","2060728967","0.2"
"2060728967","1253600108","0.2"
"1253600108","7371413","0.2"
"7371413","1253600108","0.2"
"1509532406","2060728967","1.23333"
"2060728967","1509532406","1.23333"
"1509532406","2109817206","0.2"
"2109817206","1509532406","0.2"
"1509532406","2282329880","0.2"
"2282329880","1509532406","0.2"
"1509532406","7371413","0.4"
"7371413","1509532406","0.4"
"2060728967","2109817206","1.53333"
"2109817206","2060728967","1.53333"
"2060728967","2282329880","0.2"
"2282329880","2060728967","0.2"
"2060728967","7371413","0.775"
"7371413","2060728967","0.775"
"2109817206","7371413","0.2"
"7371413","2109817206","0.2"
"2282329880","7371413","0.2"
"7371413","2282329880","0.2"
"1253600108","1548070886","0.2"
"1548070886","1253600108","0.2"
"1253600108","1562121860","0.2"
"1562121860","1253600108","0.2"
"1253600108","2049824704","0.2"
"2049824704","1253600108","0.2"
"1253600108","2113830953","0.2"
"2113830953","1253600108","0.2"
"1253600108","77014356","0.2"
"77014356","1253600108","0.2"
"1548070886","1562121860","0.2"
"1562121860","1548070886","0.2"
"1548070886","2049824704","0.2"
"2049824704","1548070886","0.2"
"1548070886","2113830953","0.2"
"2113830953","1548070886","0.2"
"1548070886","77014356","0.2"
"77014356","1548070886","0.2"
"1562121860","2049824704","0.2"
"2049824704","1562121860","0.2"
"1562121860","2113830953","0.2"
"2113830953","1562121860","0.2"
"1562121860","77014356","0.2"
"77014356","1562121860","0.2"
"2049824704","2113830953","0.533333"
"2113830953","2049824704","0.533333"
"2049824704","77014356","0.4"
"77014356","2049824704","0.4"
"2113830953","77014356","0.2"
"77014356","2113830953","0.2"
"1483178630","1971437018","1.1"
"1971437018","1483178630","1.1"
"1483178630","2184318420","2.94583"
"2184318420","1483178630","2.94583"
"1971437018","2184318420","1.1"
"2184318420","1971437018","1.1"
"1483178630","1978219384","0.35"
"1978219384","1483178630","0.35"
"1483178630","1999295929","0.1625"
"1999295929","1483178630","0.1625"
"1483178630","1999445111","0.433333"
"1999445111","1483178630","0.433333"
"1483178630","2088938196","0.1625"
"2088938196","1483178630","0.1625"
"1483178630","2100911854","0.1"
"2100911854","1483178630","0.1"
"1483178630","2112915525","0.1"
"2112915525","1483178630","0.1"
"1483178630","2118299703","0.35"
"2118299703","1483178630","0.35"
"1483178630","2125688234","0.1"
"2125688234","1483178630","0.1"
"1971437018","1978219384","0.1"
"1978219384","1971437018","0.1"
"1971437018","1999295929","0.1"
"1999295929","1971437018","0.1"
"1971437018","1999445111","0.1"
"1999445111","1971437018","0.1"
"1971437018","2088938196","0.1"
"2088938196","1971437018","0.1"
"1971437018","2100911854","0.1"
"2100911854","1971437018","0.1"
"1971437018","2112915525","0.1"
"2112915525","1971437018","0.1"
"1971437018","2118299703","0.1"
"2118299703","1971437018","0.1"
"1971437018","2125688234","0.1"
"2125688234","1971437018","0.1"
"1978219384","1999295929","0.1"
"1999295929","1978219384","0.1"
"1978219384","1999445111","0.425"
"1999445111","1978219384","0.425"
"1978219384","2088938196","0.211111"
"2088938196","1978219384","0.211111"
"1978219384","2100911854","0.1"
"2100911854","1978219384","0.1"
"1978219384","2112915525","0.3"
"2112915525","1978219384","0.3"
"1978219384","2118299703","0.35"
"2118299703","1978219384","0.35"
"1978219384","2125688234","0.225"
"2125688234","1978219384","0.225"
"1978219384","2184318420","0.475"
"2184318420","1978219384","0.475"
"1999295929","1999445111","0.1"
"1999445111","1999295929","0.1"
"1999295929","2088938196","0.495833"
"2088938196","1999295929","0.495833"
"1999295929","2100911854","0.1"
"2100911854","1999295929","0.1"
"1999295929","2112915525","0.1"
"2112915525","1999295929","0.1"
"1999295929","2118299703","0.1"
"2118299703","1999295929","0.1"
"1999295929","2125688234","0.1"
"2125688234","1999295929","0.1"
"1999295929","2184318420","0.1625"
"2184318420","1999295929","0.1625"
"1999445111","2088938196","0.1"
"2088938196","1999445111","0.1"
"1999445111","2100911854","0.1"
"2100911854","1999445111","0.1"
"1999445111","2112915525","0.3"
"2112915525","1999445111","0.3"
"1999445111","2118299703","0.1"
"2118299703","1999445111","0.1"
"1999445111","2125688234","0.558333"
"2125688234","1999445111","0.558333"
"1999445111","2184318420","0.725"
"2184318420","1999445111","0.725"
"2088938196","2100911854","0.433333"
"2100911854","2088938196","0.433333"
"2088938196","2112915525","0.1"
"2112915525","2088938196","0.1"
"2088938196","2118299703","0.1"
"2118299703","2088938196","0.1"
"2088938196","2125688234","0.1"
"2125688234","2088938196","0.1"
"2088938196","2184318420","1.1625"
"2184318420","2088938196","1.1625"
"2100911854","2112915525","0.1"
"2112915525","2100911854","0.1"
"2100911854","2118299703","0.3"
"2118299703","2100911854","0.3"
"2100911854","2125688234","0.3"
"2125688234","2100911854","0.3"
"2100911854","2184318420","0.171429"
"2184318420","2100911854","0.171429"
"2112915525","2118299703","0.1"
"2118299703","2112915525","0.1"
"2112915525","2125688234","0.1"
"2125688234","2112915525","0.1"
"2112915525","2184318420","0.1"
"2184318420","2112915525","0.1"
"2118299703","2125688234","5.3"
"2125688234","2118299703","5.3"
"2118299703","2184318420","0.35"
"2184318420","2118299703","0.35"
"2125688234","2184318420","0.391667"
"2184318420","2125688234","0.391667"
"1483178630","1546523996","0.0625"
"1546523996","1483178630","0.0625"
"1483178630","1796276786","0.0625"
"1796276786","1483178630","0.0625"
"1483178630","1836366273","0.0625"
"1836366273","1483178630","0.0625"
"1483178630","1971498681","0.0625"
"1971498681","1483178630","0.0625"
"1483178630","2006994525","0.0625"
"2006994525","1483178630","0.0625"
"1483178630","2024975023","0.395833"
"2024975023","1483178630","0.395833"
"1483178630","2064780509","0.0625"
"2064780509","1483178630","0.0625"
"1483178630","2098032141","0.0625"
"2098032141","1483178630","0.0625"
"1483178630","2110621799","0.0625"
"2110621799","1483178630","0.0625"
"1483178630","2125399815","0.2625"
"2125399815","1483178630","0.2625"
"1483178630","2133110656","0.0625"
"2133110656","1483178630","0.0625"
"1483178630","2145639828","0.0625"
"2145639828","1483178630","0.0625"
"1483178630","2159514065","0.0625"
"2159514065","1483178630","0.0625"
"1546523996","1796276786","0.205357"
"1796276786","1546523996","0.205357"
"1546523996","1836366273","0.3125"
"1836366273","1546523996","0.3125"
"1546523996","1999295929","0.0625"
"1999295929","1546523996","0.0625"
"1546523996","2024975023","0.205357"
"2024975023","1546523996","0.205357"
"1546523996","2088938196","0.205357"
"2088938196","1546523996","0.205357"
"1546523996","2098032141","0.0625"
"2098032141","1546523996","0.0625"
"1546523996","2133110656","0.0625"
"2133110656","1546523996","0.0625"
"1546523996","2145639828","0.3125"
"2145639828","1546523996","0.3125"
"1546523996","2159514065","1.09583"
"2159514065","1546523996","1.09583"
"1546523996","2184318420","0.0625"
"2184318420","1546523996","0.0625"
"1796276786","1836366273","0.300595"
"1836366273","1796276786","0.300595"
"1796276786","1971498681","0.526786"
"1971498681","1796276786","0.526786"
"1796276786","1999295929","0.0625"
"1999295929","1796276786","0.0625"
"1796276786","2006994525","0.133929"
"2006994525","1796276786","0.133929"
"1796276786","2024975023","2.26964"
"2024975023","1796276786","2.26964"
"1796276786","2064780509","0.726786"
"2064780509","1796276786","0.726786"
"1796276786","2088938196","0.205357"
"2088938196","1796276786","0.205357"
"1796276786","2098032141","0.276786"
"2098032141","1796276786","0.276786"
"1796276786","2110621799","0.526786"
"2110621799","1796276786","0.526786"
"1796276786","2125399815","0.476786"
"2125399815","1796276786","0.476786"
"1796276786","2133110656","0.0625"
"2133110656","1796276786","0.0625"
"1796276786","2145639828","1.0006"
"2145639828","1796276786","1.0006"
"1796276786","2159514065","0.133929"
"2159514065","1796276786","0.133929"
"1796276786","2184318420","0.217262"
"2184318420","1796276786","0.217262"
"1836366273","1971498681","0.500595"
"1971498681","1836366273","0.500595"
"1836366273","1999295929","0.0625"
"1999295929","1836366273","0.0625"
"1836366273","2006994525","0.133929"
"2006994525","1836366273","0.133929"
"1836366273","2024975023","0.300595"
"2024975023","1836366273","0.300595"
"1836366273","2064780509","0.300595"
"2064780509","1836366273","0.300595"
"1836366273","2088938196","0.0625"
"2088938196","1836366273","0.0625"
"1836366273","2098032141","0.333929"
"2098032141","1836366273","0.333929"
"1836366273","2110621799","0.300595"
"2110621799","1836366273","0.300595"
"1836366273","2125399815","0.383929"
"2125399815","1836366273","0.383929"
"1836366273","2133110656","0.0625"
"2133110656","1836366273","0.0625"
"1836366273","2145639828","1.58393"
"2145639828","1836366273","1.58393"
"1836366273","2159514065","0.133929"
"2159514065","1836366273","0.133929"
"1836366273","2184318420","0.133929"
"2184318420","1836366273","0.133929"
"1971498681","1999295929","0.0625"
"1999295929","1971498681","0.0625"
"1971498681","2024975023","0.526786"
"2024975023","1971498681","0.526786"
"1971498681","2088938196","0.0625"
"2088938196","1971498681","0.0625"
"1971498681","2098032141","0.810119"
"2098032141","1971498681","0.810119"
"1971498681","2133110656","0.0625"
"2133110656","1971498681","0.0625"
"1971498681","2145639828","0.333929"
"2145639828","1971498681","0.333929"
"1971498681","2159514065","0.133929"
"2159514065","1971498681","0.133929"
"1971498681","2184318420","0.217262"
"2184318420","1971498681","0.217262"
"1999295929","2006994525","0.0625"
"2006994525","1999295929","0.0625"
"1999295929","2024975023","0.0625"
"2024975023","1999295929","0.0625"
"1999295929","2064780509","0.0625"
"2064780509","1999295929","0.0625"
"1999295929","2098032141","0.0625"
"2098032141","1999295929","0.0625"
"1999295929","2110621799","0.0625"
"2110621799","1999295929","0.0625"
"1999295929","2125399815","0.0625"
"2125399815","1999295929","0.0625"
"1999295929","2133110656","0.0625"
"2133110656","1999295929","0.0625"
"1999295929","2145639828","0.0625"
"2145639828","1999295929","0.0625"
"1999295929","2159514065","0.0625"
"2159514065","1999295929","0.0625"
"2006994525","2024975023","0.633929"
"2024975023","2006994525","0.633929"
"2006994525","2088938196","0.173611"
"2088938196","2006994525","0.173611"
"2006994525","2098032141","0.133929"
"2098032141","2006994525","0.133929"
"2006994525","2133110656","0.0625"
"2133110656","2006994525","0.0625"
"2006994525","2145639828","0.24504"
"2145639828","2006994525","0.24504"
"2006994525","2159514065","0.133929"
"2159514065","2006994525","0.133929"
"2006994525","2184318420","0.133929"
"2184318420","2006994525","0.133929"
"2024975023","2064780509","0.726786"
"2064780509","2024975023","0.726786"
"2024975023","2088938196","0.205357"
"2088938196","2024975023","0.205357"
"2024975023","2098032141","0.276786"
"2098032141","2024975023","0.276786"
"2024975023","2110621799","0.526786"
"2110621799","2024975023","0.526786"
"2024975023","2125399815","1.72679"
"2125399815","2024975023","1.72679"
"2024975023","2133110656","0.0625"
"2133110656","2024975023","0.0625"
"2024975023","2145639828","1.2006"
"2145639828","2024975023","1.2006"
"2024975023","2159514065","0.133929"
"2159514065","2024975023","0.133929"
"2024975023","2184318420","0.550595"
"2184318420","2024975023","0.550595"
"2064780509","2088938196","0.0625"
"2088938196","2064780509","0.0625"
"2064780509","2098032141","0.776786"
"2098032141","2064780509","0.776786"
"2064780509","2133110656","0.0625"
"2133110656","2064780509","0.0625"
"2064780509","2145639828","0.133929"
"2145639828","2064780509","0.133929"
"2064780509","2159514065","0.133929"
"2159514065","2064780509","0.133929"
"2064780509","2184318420","0.217262"
"2184318420","2064780509","0.217262"
"2088938196","2098032141","0.0625"
"2098032141","2088938196","0.0625"
"2088938196","2110621799","0.0625"
"2110621799","2088938196","0.0625"
"2088938196","2125399815","1.31647"
"2125399815","2088938196","1.31647"
"2088938196","2133110656","0.0625"
"2133110656","2088938196","0.0625"
"2088938196","2145639828","1.25694"
"2145639828","2088938196","1.25694"
"2088938196","2159514065","0.173611"
"2159514065","2088938196","0.173611"
"2098032141","2110621799","2.37679"
"2110621799","2098032141","2.37679"
"2098032141","2133110656","0.0625"
"2133110656","2098032141","0.0625"
"2098032141","2145639828","0.333929"
"2145639828","2098032141","0.333929"
"2098032141","2159514065","0.633929"
"2159514065","2098032141","0.633929"
"2098032141","2184318420","1.13393"
"2184318420","2098032141","1.13393"
"2110621799","2133110656","0.0625"
"2133110656","2110621799","0.0625"
"2110621799","2145639828","0.133929"
"2145639828","2110621799","0.133929"
"2110621799","2159514065","0.383929"
"2159514065","2110621799","0.383929"
"2110621799","2184318420","0.217262"
"2184318420","2110621799","0.217262"
"2125399815","2133110656","0.0625"
"2133110656","2125399815","0.0625"
"2125399815","2145639828","0.49504"
"2145639828","2125399815","0.49504"
"2125399815","2159514065","2.41726"
"2159514065","2125399815","2.41726"
"2125399815","2184318420","0.333929"
"2184318420","2125399815","0.333929"
"2133110656","2145639828","0.0625"
"2145639828","2133110656","0.0625"
"2133110656","2159514065","0.0625"
"2159514065","2133110656","0.0625"
"2133110656","2184318420","0.0625"
"2184318420","2133110656","0.0625"
"2145639828","2159514065","0.133929"
"2159514065","2145639828","0.133929"
"2145639828","2184318420","0.133929"
"2184318420","2145639828","0.133929"
"2159514065","2184318420","0.133929"
"2184318420","2159514065","0.133929"
"1483178630","2017748193","0.2"
"2017748193","1483178630","0.2"
"1483178630","2032998643","0.2"
"2032998643","1483178630","0.2"
"1483178630","2049824704","0.2"
"2049824704","1483178630","0.2"
"2017748193","2032998643","0.2"
"2032998643","2017748193","0.2"
"2017748193","2049824704","0.290909"
"2049824704","2017748193","0.290909"
"2017748193","2125399815","8.21988"
"2125399815","2017748193","8.21988"
"2017748193","2184318420","0.2"
"2184318420","2017748193","0.2"
"2032998643","2049824704","0.2"
"2049824704","2032998643","0.2"
"2032998643","2125399815","0.342857"
"2125399815","2032998643","0.342857"
"2032998643","2184318420","0.2"
"2184318420","2032998643","0.2"
"2049824704","2125399815","0.612338"
"2125399815","2049824704","0.612338"
"2049824704","2184318420","0.271429"
"2184318420","2049824704","0.271429"
"1483178630","1759602482","0.25"
"1759602482","1483178630","0.25"
"1759602482","1978219384","1.45"
"1978219384","1759602482","1.45"
"1759602482","2118299703","0.25"
"2118299703","1759602482","0.25"
"1759602482","2184318420","0.321429"
"2184318420","1759602482","0.321429"
"1999445111","2024975023","0.47619"
"2024975023","1999445111","0.47619"
"1506455352","1988830510","0.485714"
"1988830510","1506455352","0.485714"
"1506455352","2003278454","0.342857"
"2003278454","1506455352","0.342857"
"1506455352","2060968126","0.342857"
"2060968126","1506455352","0.342857"
"1506455352","2096260942","0.2"
"2096260942","1506455352","0.2"
"1506455352","2110621799","0.2"
"2110621799","1506455352","0.2"
"1988830510","2003278454","0.442857"
"2003278454","1988830510","0.442857"
"1988830510","2060968126","0.371429"
"2060968126","1988830510","0.371429"
"1988830510","2096260942","0.2"
"2096260942","1988830510","0.2"
"1988830510","2110621799","0.633333"
"2110621799","1988830510","0.633333"
"2003278454","2060968126","0.3"
"2060968126","2003278454","0.3"
"2003278454","2096260942","0.2"
"2096260942","2003278454","0.2"
"2003278454","2110621799","0.3"
"2110621799","2003278454","0.3"
"2060968126","2096260942","0.533333"
"2096260942","2060968126","0.533333"
"2060968126","2110621799","0.3"
"2110621799","2060968126","0.3"
"2096260942","2110621799","0.2"
"2110621799","2096260942","0.2"
"1506455352","2005425904","0.47619"
"2005425904","1506455352","0.47619"
"1506455352","2100195487","4.42857"
"2100195487","1506455352","4.42857"
"1506455352","2134661848","6.28571"
"2134661848","1506455352","6.28571"
"2005425904","2100195487","1.47619"
"2100195487","2005425904","1.47619"
"2005425904","2134661848","1.41026"
"2134661848","2005425904","1.41026"
"2100195487","2134661848","4.61905"
"2134661848","2100195487","4.61905"
"1506455352","2102329924","0.142857"
"2102329924","1506455352","0.142857"
"1506455352","2145199549","0.619048"
"2145199549","1506455352","0.619048"
"1506455352","2163940273","0.285714"
"2163940273","1506455352","0.285714"
