"136137744","2144189027","9"
"2144189027","136137744","9"
"136137744","2767074019","2"
"2767074019","136137744","2"
"2144189027","2767074019","0.5"
"2767074019","2144189027","0.5"
"136137744","2399088765","1.56667"
"2399088765","136137744","1.56667"
"2399088765","2767074019","0.5"
"2767074019","2399088765","0.5"
"136137744","2342687497","0.5"
"2342687497","136137744","0.5"
"2144189027","2342687497","0.5"
"2342687497","2144189027","0.5"
"136137744","138029307","0.0666667"
"138029307","136137744","0.0666667"
"136137744","1593729758","0.0666667"
"1593729758","136137744","0.0666667"
"136137744","1925090186","0.0666667"
"1925090186","136137744","0.0666667"
"136137744","2007282794","0.0666667"
"2007282794","136137744","0.0666667"
"136137744","2009701213","0.0666667"
"2009701213","136137744","0.0666667"
"136137744","2033709107","0.0666667"
"2033709107","136137744","0.0666667"
"136137744","2046213647","0.0666667"
"2046213647","136137744","0.0666667"
"136137744","2090118499","0.0666667"
"2090118499","136137744","0.0666667"
"136137744","2118389211","0.0666667"
"2118389211","136137744","0.0666667"
"136137744","2120601961","0.0666667"
"2120601961","136137744","0.0666667"
"136137744","2147214437","0.0666667"
"2147214437","136137744","0.0666667"
"136137744","2185857513","0.0666667"
"2185857513","136137744","0.0666667"
"136137744","2482333547","0.0666667"
"2482333547","136137744","0.0666667"
"136137744","2909716977","0.0666667"
"2909716977","136137744","0.0666667"
"138029307","1593729758","0.433333"
"1593729758","138029307","0.433333"
"138029307","1925090186","0.0666667"
"1925090186","138029307","0.0666667"
"138029307","2007282794","0.0666667"
"2007282794","138029307","0.0666667"
"138029307","2009701213","0.0666667"
"2009701213","138029307","0.0666667"
"138029307","2033709107","0.209524"
"2033709107","138029307","0.209524"
"138029307","2046213647","0.0666667"
"2046213647","138029307","0.0666667"
"138029307","2090118499","0.309524"
"2090118499","138029307","0.309524"
"138029307","2118389211","0.0666667"
"2118389211","138029307","0.0666667"
"138029307","2120601961","0.0666667"
"2120601961","138029307","0.0666667"
"138029307","2147214437","0.233333"
"2147214437","138029307","0.233333"
"138029307","2185857513","0.0666667"
"2185857513","138029307","0.0666667"
"138029307","2399088765","0.233333"
"2399088765","138029307","0.233333"
"138029307","2482333547","0.967857"
"2482333547","138029307","0.967857"
"138029307","2909716977","0.233333"
"2909716977","138029307","0.233333"
"1593729758","1925090186","0.4"
"1925090186","1593729758","0.4"
"1593729758","2007282794","0.0666667"
"2007282794","1593729758","0.0666667"
"1593729758","2009701213","2.23333"
"2009701213","1593729758","2.23333"
"1593729758","2033709107","0.927778"
"2033709107","1593729758","0.927778"
"1593729758","2046213647","0.0666667"
"2046213647","1593729758","0.0666667"
"1593729758","2090118499","0.0666667"
"2090118499","1593729758","0.0666667"
"1593729758","2118389211","0.4"
"2118389211","1593729758","0.4"
"1593729758","2120601961","0.0666667"
"2120601961","1593729758","0.0666667"
"1593729758","2147214437","1.23333"
"2147214437","1593729758","1.23333"
"1593729758","2185857513","0.4"
"2185857513","1593729758","0.4"
"1593729758","2399088765","0.483333"
"2399088765","1593729758","0.483333"
"1593729758","2482333547","0.794444"
"2482333547","1593729758","0.794444"
"1593729758","2909716977","1.59444"
"2909716977","1593729758","1.59444"
"1925090186","2007282794","0.0666667"
"2007282794","1925090186","0.0666667"
"1925090186","2009701213","0.0666667"
"2009701213","1925090186","0.0666667"
"1925090186","2033709107","0.0666667"
"2033709107","1925090186","0.0666667"
"1925090186","2046213647","0.377778"
"2046213647","1925090186","0.377778"
"1925090186","2090118499","0.0666667"
"2090118499","1925090186","0.0666667"
"1925090186","2118389211","5.37778"
"2118389211","1925090186","5.37778"
"1925090186","2120601961","0.0666667"
"2120601961","1925090186","0.0666667"
"1925090186","2147214437","0.0666667"
"2147214437","1925090186","0.0666667"
"1925090186","2185857513","7.37778"
"2185857513","1925090186","7.37778"
"1925090186","2399088765","0.511111"
"2399088765","1925090186","0.511111"
"1925090186","2482333547","0.0666667"
"2482333547","1925090186","0.0666667"
"1925090186","2909716977","0.177778"
"2909716977","1925090186","0.177778"
"2007282794","2009701213","0.0666667"
"2009701213","2007282794","0.0666667"
"2007282794","2033709107","0.0666667"
"2033709107","2007282794","0.0666667"
"2007282794","2046213647","0.0666667"
"2046213647","2007282794","0.0666667"
"2007282794","2090118499","0.0666667"
"2090118499","2007282794","0.0666667"
"2007282794","2118389211","0.0666667"
"2118389211","2007282794","0.0666667"
"2007282794","2120601961","0.0666667"
"2120601961","2007282794","0.0666667"
"2007282794","2147214437","0.0666667"
"2147214437","2007282794","0.0666667"
"2007282794","2185857513","0.0666667"
"2185857513","2007282794","0.0666667"
"2007282794","2399088765","0.0666667"
"2399088765","2007282794","0.0666667"
"2007282794","2482333547","0.0666667"
"2482333547","2007282794","0.0666667"
"2007282794","2909716977","0.0666667"
"2909716977","2007282794","0.0666667"
"2009701213","2033709107","4.51667"
"2033709107","2009701213","4.51667"
"2009701213","2046213647","1.18333"
"2046213647","2009701213","1.18333"
"2009701213","2090118499","0.4"
"2090118499","2009701213","0.4"
"2009701213","2118389211","0.316667"
"2118389211","2009701213","0.316667"
"2009701213","2120601961","0.0666667"
"2120601961","2009701213","0.0666667"
"2009701213","2147214437","0.733333"
"2147214437","2009701213","0.733333"
"2009701213","2185857513","0.0666667"
"2185857513","2009701213","0.0666667"
"2009701213","2399088765","0.566667"
"2399088765","2009701213","0.566667"
"2009701213","2482333547","2.35"
"2482333547","2009701213","2.35"
"2009701213","2909716977","0.733333"
"2909716977","2009701213","0.733333"
"2033709107","2046213647","2.76667"
"2046213647","2033709107","2.76667"
"2033709107","2090118499","0.4"
"2090118499","2033709107","0.4"
"2033709107","2118389211","0.0666667"
"2118389211","2033709107","0.0666667"
"2033709107","2120601961","0.0666667"
"2120601961","2033709107","0.0666667"
"2033709107","2147214437","0.0666667"
"2147214437","2033709107","0.0666667"
"2033709107","2185857513","0.0666667"
"2185857513","2033709107","0.0666667"
"2033709107","2399088765","0.0666667"
"2399088765","2033709107","0.0666667"
"2033709107","2482333547","0.937302"
"2482333547","2033709107","0.937302"
"2033709107","2909716977","1.17778"
"2909716977","2033709107","1.17778"
"2046213647","2090118499","0.0666667"
"2090118499","2046213647","0.0666667"
"2046213647","2118389211","0.377778"
"2118389211","2046213647","0.377778"
"2046213647","2120601961","0.0666667"
"2120601961","2046213647","0.0666667"
"2046213647","2147214437","0.65"
"2147214437","2046213647","0.65"
"2046213647","2185857513","0.377778"
"2185857513","2046213647","0.377778"
"2046213647","2399088765","1.09444"
"2399088765","2046213647","1.09444"
"2046213647","2482333547","1.26667"
"2482333547","2046213647","1.26667"
"2046213647","2909716977","0.177778"
"2909716977","2046213647","0.177778"
"2090118499","2118389211","0.0666667"
"2118389211","2090118499","0.0666667"
"2090118499","2120601961","0.4"
"2120601961","2090118499","0.4"
"2090118499","2147214437","0.0666667"
"2147214437","2090118499","0.0666667"
"2090118499","2185857513","0.0666667"
"2185857513","2090118499","0.0666667"
"2090118499","2399088765","0.0666667"
"2399088765","2090118499","0.0666667"
"2090118499","2482333547","4.15833"
"2482333547","2090118499","4.15833"
"2090118499","2909716977","0.0666667"
"2909716977","2090118499","0.0666667"
"2118389211","2120601961","0.266667"
"2120601961","2118389211","0.266667"
"2118389211","2147214437","0.566667"
"2147214437","2118389211","0.566667"
"2118389211","2185857513","5.37778"
"2185857513","2118389211","5.37778"
"2118389211","2399088765","0.761111"
"2399088765","2118389211","0.761111"
"2118389211","2482333547","0.316667"
"2482333547","2118389211","0.316667"
"2118389211","2909716977","0.177778"
"2909716977","2118389211","0.177778"
"2120601961","2147214437","0.0666667"
"2147214437","2120601961","0.0666667"
"2120601961","2185857513","0.0666667"
"2185857513","2120601961","0.0666667"
"2120601961","2399088765","0.0666667"
"2399088765","2120601961","0.0666667"
"2120601961","2482333547","0.4"
"2482333547","2120601961","0.4"
"2120601961","2909716977","0.0666667"
"2909716977","2120601961","0.0666667"
"2147214437","2185857513","0.0666667"
"2185857513","2147214437","0.0666667"
"2147214437","2399088765","2.9"
"2399088765","2147214437","2.9"
"2147214437","2482333547","0.816667"
"2482333547","2147214437","0.816667"
"2147214437","2909716977","0.233333"
"2909716977","2147214437","0.233333"
"2185857513","2399088765","0.511111"
"2399088765","2185857513","0.511111"
"2185857513","2482333547","0.0666667"
"2482333547","2185857513","0.0666667"
"2185857513","2909716977","0.177778"
"2909716977","2185857513","0.177778"
"2399088765","2482333547","1.65"
"2482333547","2399088765","1.65"
"2399088765","2909716977","0.344444"
"2909716977","2399088765","0.344444"
"2482333547","2909716977","0.877778"
"2909716977","2482333547","0.877778"
"138029307","2884124365","1.2"
"2884124365","138029307","1.2"
"138029307","2105311237","0.2"
"2105311237","138029307","0.2"
"138029307","824666836","0.425"
"824666836","138029307","0.425"
"1593729758","2105311237","0.2"
"2105311237","1593729758","0.2"
"1593729758","2884124365","0.2"
"2884124365","1593729758","0.2"
"1593729758","824666836","0.7"
"824666836","1593729758","0.7"
"2105311237","2482333547","0.525"
"2482333547","2105311237","0.525"
"2105311237","2884124365","0.2"
"2884124365","2105311237","0.2"
"2105311237","824666836","0.525"
"824666836","2105311237","0.525"
"2482333547","2884124365","0.983333"
"2884124365","2482333547","0.983333"
"2482333547","824666836","24.3583"
"824666836","2482333547","24.3583"
"2884124365","824666836","0.533333"
"824666836","2884124365","0.533333"
"138029307","2342687497","0.57619"
"2342687497","138029307","0.57619"
"138029307","2885648612","0.60119"
"2885648612","138029307","0.60119"
"2342687497","2482333547","4.24405"
"2482333547","2342687497","4.24405"
"2342687497","2885648612","2.83333"
"2885648612","2342687497","2.83333"
"2482333547","2885648612","1.81944"
"2885648612","2482333547","1.81944"
"138029307","1999090922","0.25"
"1999090922","138029307","0.25"
"138029307","2050718309","0.25"
"2050718309","138029307","0.25"
"138029307","2085392987","0.392857"
"2085392987","138029307","0.392857"
"138029307","2794745499","0.25"
"2794745499","138029307","0.25"
"1999090922","2050718309","1.75"
"2050718309","1999090922","1.75"
"1999090922","2085392987","1.75"
"2085392987","1999090922","1.75"
"1999090922","2794745499","1.75"
"2794745499","1999090922","1.75"
"2050718309","2085392987","3.75"
"2085392987","2050718309","3.75"
"2050718309","2794745499","0.25"
"2794745499","2050718309","0.25"
"2085392987","2794745499","0.25"
"2794745499","2085392987","0.25"
"138029307","2007047007","0.367857"
"2007047007","138029307","0.367857"
"138029307","2057086269","0.267857"
"2057086269","138029307","0.267857"
"138029307","2085865444","0.510714"
"2085865444","138029307","0.510714"
"138029307","2145056673","0.367857"
"2145056673","138029307","0.367857"
"138029307","3003953827","0.267857"
"3003953827","138029307","0.267857"
"2007047007","2057086269","0.25"
"2057086269","2007047007","0.25"
"2007047007","2085865444","0.492857"
"2085865444","2007047007","0.492857"
"2007047007","2145056673","0.492857"
"2145056673","2007047007","0.492857"
"2007047007","2482333547","0.35"
"2482333547","2007047007","0.35"
"2007047007","2885648612","0.267857"
"2885648612","2007047007","0.267857"
"2007047007","3003953827","0.267857"
"3003953827","2007047007","0.267857"
"2007047007","824666836","0.35"
"824666836","2007047007","0.35"
"2057086269","2085865444","0.642857"
"2085865444","2057086269","0.642857"
"2057086269","2145056673","0.25"
"2145056673","2057086269","0.25"
"2057086269","2482333547","0.642857"
"2482333547","2057086269","0.642857"
"2057086269","2885648612","0.125"
"2885648612","2057086269","0.125"
"2057086269","3003953827","0.125"
"3003953827","2057086269","0.125"
"2057086269","824666836","0.25"
"824666836","2057086269","0.25"
"2085865444","2145056673","0.492857"
"2145056673","2085865444","0.492857"
"2085865444","2482333547","3.78452"
"2482333547","2085865444","3.78452"
"2085865444","2885648612","0.267857"
"2885648612","2085865444","0.267857"
"2085865444","3003953827","0.267857"
"3003953827","2085865444","0.267857"
"2085865444","824666836","3.39167"
"824666836","2085865444","3.39167"
"2145056673","2482333547","0.35"
"2482333547","2145056673","0.35"
"2145056673","2885648612","0.267857"
"2885648612","2145056673","0.267857"
"2145056673","3003953827","0.267857"
"3003953827","2145056673","0.267857"
"2145056673","824666836","0.35"
"824666836","2145056673","0.35"
"2482333547","3003953827","0.267857"
"3003953827","2482333547","0.267857"
"2885648612","3003953827","0.434524"
"3003953827","2885648612","0.434524"
"2885648612","824666836","0.291667"
"824666836","2885648612","0.291667"
"3003953827","824666836","0.125"
"824666836","3003953827","0.125"
"138029307","2102869854","0.242857"
"2102869854","138029307","0.242857"
"2007047007","2090118499","0.367857"
"2090118499","2007047007","0.367857"
"2007047007","2102869854","0.367857"
"2102869854","2007047007","0.367857"
"2085865444","2090118499","0.70119"
"2090118499","2085865444","0.70119"
"2085865444","2102869854","0.367857"
"2102869854","2085865444","0.367857"
"2090118499","2102869854","8.20119"
"2102869854","2090118499","8.20119"
"2090118499","2145056673","0.367857"
"2145056673","2090118499","0.367857"
"2090118499","2885648612","0.142857"
"2885648612","2090118499","0.142857"
"2090118499","3003953827","0.142857"
"3003953827","2090118499","0.142857"
"2102869854","2145056673","0.367857"
"2145056673","2102869854","0.367857"
"2102869854","2885648612","0.142857"
"2885648612","2102869854","0.142857"
"2102869854","3003953827","0.142857"
"3003953827","2102869854","0.142857"
"138029307","2737049150","0.1"
"2737049150","138029307","0.1"
"138029307","2910766642","0.1"
"2910766642","138029307","0.1"
"2007047007","2342687497","0.1"
"2342687497","2007047007","0.1"
"2007047007","2737049150","0.1"
"2737049150","2007047007","0.1"
"2007047007","2910766642","0.1"
"2910766642","2007047007","0.1"
"2085865444","2342687497","0.617857"
"2342687497","2085865444","0.617857"
"2085865444","2737049150","0.1"
"2737049150","2085865444","0.1"
"2085865444","2910766642","0.433333"
"2910766642","2085865444","0.433333"
"2090118499","2342687497","0.6"
"2342687497","2090118499","0.6"
"2090118499","2737049150","1.43333"
"2737049150","2090118499","1.43333"
"2090118499","2910766642","0.433333"
"2910766642","2090118499","0.433333"
"2090118499","824666836","4.59167"
"824666836","2090118499","4.59167"
"2102869854","2342687497","0.1"
"2342687497","2102869854","0.1"
"2102869854","2482333547","1.05833"
"2482333547","2102869854","1.05833"
"2102869854","2737049150","0.6"
"2737049150","2102869854","0.6"
"2102869854","2910766642","0.1"
"2910766642","2102869854","0.1"
"2102869854","824666836","1.05833"
"824666836","2102869854","1.05833"
"2145056673","2342687497","0.1"
"2342687497","2145056673","0.1"
"2145056673","2737049150","0.1"
"2737049150","2145056673","0.1"
"2145056673","2910766642","0.1"
"2910766642","2145056673","0.1"
"2342687497","2737049150","0.1"
"2737049150","2342687497","0.1"
"2342687497","2910766642","0.242857"
"2910766642","2342687497","0.242857"
"2342687497","824666836","1.04167"
"824666836","2342687497","1.04167"
"2482333547","2737049150","0.433333"
"2737049150","2482333547","0.433333"
"2482333547","2910766642","5.40952"
"2910766642","2482333547","5.40952"
"2737049150","2910766642","0.1"
"2910766642","2737049150","0.1"
"2737049150","824666836","0.933333"
"824666836","2737049150","0.933333"
"2910766642","824666836","3.26667"
"824666836","2910766642","3.26667"
"138029307","2288345558","0.142857"
"2288345558","138029307","0.142857"
"2033709107","2057086269","0.142857"
"2057086269","2033709107","0.142857"
"2033709107","2085392987","0.142857"
"2085392987","2033709107","0.142857"
"2033709107","2085865444","0.142857"
"2085865444","2033709107","0.142857"
"2033709107","2288345558","2.75397"
"2288345558","2033709107","2.75397"
"2033709107","2342687497","0.142857"
"2342687497","2033709107","0.142857"
"2057086269","2085392987","0.142857"
"2085392987","2057086269","0.142857"
"2057086269","2288345558","0.392857"
"2288345558","2057086269","0.392857"
"2057086269","2342687497","0.142857"
"2342687497","2057086269","0.142857"
"2085392987","2085865444","0.142857"
"2085865444","2085392987","0.142857"
"2085392987","2288345558","0.142857"
"2288345558","2085392987","0.142857"
"2085392987","2342687497","0.142857"
"2342687497","2085392987","0.142857"
"2085392987","2482333547","0.142857"
"2482333547","2085392987","0.142857"
"2085865444","2288345558","0.392857"
"2288345558","2085865444","0.392857"
"2288345558","2342687497","0.142857"
"2342687497","2288345558","0.142857"
"2288345558","2482333547","0.953968"
"2482333547","2288345558","0.953968"
"138029307","2626520159","0.166667"
"2626520159","138029307","0.166667"
"138029307","99657755","0.166667"
"99657755","138029307","0.166667"
"1593729758","2626520159","0.666667"
"2626520159","1593729758","0.666667"
"1593729758","99657755","1.52778"
"99657755","1593729758","1.52778"
"2147214437","2626520159","0.166667"
"2626520159","2147214437","0.166667"
"2147214437","99657755","0.5"
"99657755","2147214437","0.5"
"2399088765","2626520159","0.166667"
"2626520159","2399088765","0.166667"
"2399088765","99657755","0.611111"
"99657755","2399088765","0.611111"
"2626520159","2909716977","1.16667"
"2909716977","2626520159","1.16667"
"2626520159","99657755","0.166667"
"99657755","2626520159","0.166667"
"2909716977","99657755","5.08889"
"99657755","2909716977","5.08889"
"2033709107","99657755","1.11111"
"99657755","2033709107","1.11111"
"1593729758","2342687497","0.75"
"2342687497","1593729758","0.75"
"2009701213","2342687497","0.916667"
"2342687497","2009701213","0.916667"
"1593729758","2794745499","0.25"
"2794745499","1593729758","0.25"
"2009701213","2626520159","1.5"
"2626520159","2009701213","1.5"
"2009701213","2794745499","0.25"
"2794745499","2009701213","0.25"
"2009701213","824666836","0.916667"
"824666836","2009701213","0.916667"
"2626520159","2794745499","0.25"
"2794745499","2626520159","0.25"
"2626520159","824666836","0.25"
"824666836","2626520159","0.25"
"2794745499","824666836","0.375"
"824666836","2794745499","0.375"
"1593729758","2078930238","0.111111"
"2078930238","1593729758","0.111111"
"1593729758","2288345558","0.111111"
"2288345558","1593729758","0.111111"
"1593729758","2592440641","0.111111"
"2592440641","1593729758","0.111111"
"1593729758","2885648612","0.111111"
"2885648612","1593729758","0.111111"
"1593729758","2995635524","0.111111"
"2995635524","1593729758","0.111111"
"2033709107","2078930238","0.111111"
"2078930238","2033709107","0.111111"
"2033709107","2592440641","0.111111"
"2592440641","2033709107","0.111111"
"2033709107","2885648612","0.111111"
"2885648612","2033709107","0.111111"
"2033709107","2995635524","0.111111"
"2995635524","2033709107","0.111111"
"2078930238","2288345558","0.477778"
"2288345558","2078930238","0.477778"
"2078930238","2482333547","0.311111"
"2482333547","2078930238","0.311111"
"2078930238","2592440641","0.311111"
"2592440641","2078930238","0.311111"
"2078930238","2885648612","0.111111"
"2885648612","2078930238","0.111111"
"2078930238","2909716977","0.111111"
"2909716977","2078930238","0.111111"
"2078930238","2995635524","2.31111"
"2995635524","2078930238","2.31111"
"2078930238","99657755","0.111111"
"99657755","2078930238","0.111111"
"2288345558","2592440641","0.311111"
"2592440641","2288345558","0.311111"
"2288345558","2885648612","0.111111"
"2885648612","2288345558","0.111111"
"2288345558","2909716977","0.361111"
"2909716977","2288345558","0.361111"
"2288345558","2995635524","0.561111"
"2995635524","2288345558","0.561111"
"2288345558","99657755","0.361111"
"99657755","2288345558","0.361111"
"2482333547","2592440641","0.811111"
"2592440641","2482333547","0.811111"
"2482333547","2995635524","3.81111"
"2995635524","2482333547","3.81111"
"2482333547","99657755","0.811111"
"99657755","2482333547","0.811111"
"2592440641","2885648612","0.111111"
"2885648612","2592440641","0.111111"
"2592440641","2909716977","0.111111"
"2909716977","2592440641","0.111111"
"2592440641","2995635524","5.01111"
"2995635524","2592440641","5.01111"
"2592440641","99657755","0.111111"
"99657755","2592440641","0.111111"
"2885648612","2909716977","0.111111"
"2909716977","2885648612","0.111111"
"2885648612","2995635524","2.02778"
"2995635524","2885648612","2.02778"
"2885648612","99657755","0.111111"
"99657755","2885648612","0.111111"
"2909716977","2995635524","0.111111"
"2995635524","2909716977","0.111111"
"2995635524","99657755","0.111111"
"99657755","2995635524","0.111111"
"2399088765","824666836","0.25"
"824666836","2399088765","0.25"
"1593729758","2400211493","0.25"
"2400211493","1593729758","0.25"
"2009701213","2400211493","0.25"
"2400211493","2009701213","0.25"
"2342687497","2400211493","0.983333"
"2400211493","2342687497","0.983333"
"2342687497","2626520159","0.25"
"2626520159","2342687497","0.25"
"2400211493","2626520159","1.25"
"2626520159","2400211493","1.25"
"2009701213","99657755","1.66667"
"99657755","2009701213","1.66667"
"1593729758","1605006323","0.166667"
"1605006323","1593729758","0.166667"
"1605006323","2009701213","0.333333"
"2009701213","1605006323","0.333333"
"1605006323","2033709107","0.666667"
"2033709107","1605006323","0.666667"
"1605006323","2482333547","0.166667"
"2482333547","1605006323","0.166667"
"1605006323","2909716977","0.166667"
"2909716977","1605006323","0.166667"
"1605006323","99657755","0.166667"
"99657755","1605006323","0.166667"
"1593729758","2400148300","0.5"
"2400148300","1593729758","0.5"
"2009701213","2400148300","1.7"
"2400148300","2009701213","1.7"
"1605006323","2046213647","1"
"2046213647","1605006323","1"
"1605006323","2078930238","0.166667"
"2078930238","1605006323","0.166667"
"1605006323","2288345558","0.166667"
"2288345558","1605006323","0.166667"
"1605006323","2400148300","0.666667"
"2400148300","1605006323","0.666667"
"1605006323","2884124365","0.166667"
"2884124365","1605006323","0.166667"
"2009701213","2078930238","0.166667"
"2078930238","2009701213","0.166667"
"2009701213","2288345558","0.666667"
"2288345558","2009701213","0.666667"
"2009701213","2884124365","0.866667"
"2884124365","2009701213","0.866667"
"2046213647","2078930238","0.166667"
"2078930238","2046213647","0.166667"
"2046213647","2288345558","1.16667"
"2288345558","2046213647","1.16667"
"2046213647","2400148300","2.31111"
"2400148300","2046213647","2.31111"
"2046213647","2884124365","0.616667"
"2884124365","2046213647","0.616667"
"2078930238","2400148300","0.166667"
"2400148300","2078930238","0.166667"
"2078930238","2884124365","0.166667"
"2884124365","2078930238","0.166667"
"2288345558","2400148300","0.166667"
"2400148300","2288345558","0.166667"
"2288345558","2884124365","0.416667"
"2884124365","2288345558","0.416667"
"2400148300","2884124365","0.366667"
"2884124365","2400148300","0.366667"
"1605006323","2528800779","0.5"
"2528800779","1605006323","0.5"
"2033709107","2528800779","0.5"
"2528800779","2033709107","0.5"
"1605006323","2973011832","1"
"2973011832","1605006323","1"
"1605006323","2007223396","0.833333"
"2007223396","1605006323","0.833333"
"1605006323","2399088765","1.08333"
"2399088765","1605006323","1.08333"
"2007223396","2399088765","2.44444"
"2399088765","2007223396","2.44444"
"2007223396","2046213647","1.94444"
"2046213647","2007223396","1.94444"
"1605006323","2118389211","0.25"
"2118389211","1605006323","0.25"
"1605006323","2147214437","0.25"
"2147214437","1605006323","0.25"
"1605006323","2342687497","0.25"
"2342687497","1605006323","0.25"
"2118389211","2342687497","0.45"
"2342687497","2118389211","0.45"
"2147214437","2342687497","0.416667"
"2342687497","2147214437","0.416667"
"2342687497","2399088765","0.25"
"2399088765","2342687497","0.25"
"1925090186","2007223396","0.111111"
"2007223396","1925090186","0.111111"
"1925090186","2400148300","0.111111"
"2400148300","1925090186","0.111111"
"1925090186","2794745499","0.111111"
"2794745499","1925090186","0.111111"
"1925090186","99657755","0.111111"
"99657755","1925090186","0.111111"
"2007223396","2118389211","0.111111"
"2118389211","2007223396","0.111111"
"2007223396","2185857513","0.111111"
"2185857513","2007223396","0.111111"
"2007223396","2400148300","3.61111"
"2400148300","2007223396","3.61111"
"2007223396","2794745499","0.111111"
"2794745499","2007223396","0.111111"
"2007223396","2909716977","0.111111"
"2909716977","2007223396","0.111111"
"2007223396","99657755","0.111111"
"99657755","2007223396","0.111111"
"2046213647","2794745499","0.111111"
"2794745499","2046213647","0.111111"
"2046213647","99657755","0.111111"
"99657755","2046213647","0.111111"
"2118389211","2400148300","0.111111"
"2400148300","2118389211","0.111111"
"2118389211","2794745499","0.311111"
"2794745499","2118389211","0.311111"
"2118389211","99657755","0.111111"
"99657755","2118389211","0.111111"
"2185857513","2400148300","0.111111"
"2400148300","2185857513","0.111111"
"2185857513","2794745499","0.111111"
"2794745499","2185857513","0.111111"
"2185857513","99657755","0.111111"
"99657755","2185857513","0.111111"
"2399088765","2400148300","0.444444"
"2400148300","2399088765","0.444444"
"2399088765","2794745499","0.111111"
"2794745499","2399088765","0.111111"
"2400148300","2794745499","0.111111"
"2794745499","2400148300","0.111111"
"2400148300","2909716977","0.111111"
"2909716977","2400148300","0.111111"
"2400148300","99657755","0.111111"
"99657755","2400148300","0.111111"
"2794745499","2909716977","0.111111"
"2909716977","2794745499","0.111111"
"2794745499","99657755","0.111111"
"99657755","2794745499","0.111111"
"1925090186","2105311237","0.2"
"2105311237","1925090186","0.2"
"1925090186","2528800779","0.2"
"2528800779","1925090186","0.2"
"2046213647","2105311237","0.7"
"2105311237","2046213647","0.7"
"2046213647","2528800779","0.2"
"2528800779","2046213647","0.2"
"2105311237","2118389211","0.4"
"2118389211","2105311237","0.4"
"2105311237","2185857513","0.2"
"2185857513","2105311237","0.2"
"2105311237","2528800779","0.825"
"2528800779","2105311237","0.825"
"2118389211","2528800779","0.2"
"2528800779","2118389211","0.2"
"2185857513","2528800779","0.2"
"2528800779","2185857513","0.2"
"1925090186","2973011832","0.333333"
"2973011832","1925090186","0.333333"
"2118389211","2973011832","0.333333"
"2973011832","2118389211","0.333333"
"2185857513","2973011832","0.333333"
"2973011832","2185857513","0.333333"
"1999090922","2342687497","0.7"
"2342687497","1999090922","0.7"
"1999090922","2482333547","0.2"
"2482333547","1999090922","0.2"
"1999090922","2909716977","1.2"
"2909716977","1999090922","1.2"
"1999090922","824666836","0.2"
"824666836","1999090922","0.2"
"1999090922","99657755","0.2"
"99657755","1999090922","0.2"
"2342687497","2909716977","0.2"
"2909716977","2342687497","0.2"
"2342687497","99657755","0.2"
"99657755","2342687497","0.2"
"2909716977","824666836","0.533333"
"824666836","2909716977","0.533333"
"824666836","99657755","0.2"
"99657755","824666836","0.2"
"1999090922","2321193439","0.5"
"2321193439","1999090922","0.5"
"1999090922","2995635524","1"
"2995635524","1999090922","1"
"2321193439","2995635524","0.866667"
"2995635524","2321193439","0.866667"
"1999090922","2090118499","0.5"
"2090118499","1999090922","0.5"
"2794745499","2995635524","0.5"
"2995635524","2794745499","0.5"
"2007047007","2972699925","0.125"
"2972699925","2007047007","0.125"
"2057086269","2090118499","0.125"
"2090118499","2057086269","0.125"
"2057086269","2102869854","0.125"
"2102869854","2057086269","0.125"
"2057086269","2972699925","0.125"
"2972699925","2057086269","0.125"
"2085865444","2972699925","0.125"
"2972699925","2085865444","0.125"
"2090118499","2972699925","0.125"
"2972699925","2090118499","0.125"
"2102869854","2972699925","0.125"
"2972699925","2102869854","0.125"
"2145056673","2972699925","0.125"
"2972699925","2145056673","0.125"
"2482333547","2972699925","1.01786"
"2972699925","2482333547","1.01786"
"2972699925","824666836","0.125"
"824666836","2972699925","0.125"
"2007047007","2335828526","1"
"2335828526","2007047007","1"
"2007223396","2147214437","0.5"
"2147214437","2007223396","0.5"
"2033709107","2400148300","1.03333"
"2400148300","2033709107","1.03333"
"2033709107","2884124365","0.45"
"2884124365","2033709107","0.45"
"2400148300","2482333547","0.2"
"2482333547","2400148300","0.2"
"2118389211","824666836","0.25"
"824666836","2118389211","0.25"
"2147214437","824666836","0.416667"
"824666836","2147214437","0.416667"
"2147214437","2884124365","0.25"
"2884124365","2147214437","0.25"
"2399088765","2884124365","0.25"
"2884124365","2399088765","0.25"
"2090118499","2400148300","0.333333"
"2400148300","2090118499","0.333333"
"2009701213","2767074019","0.166667"
"2767074019","2009701213","0.166667"
"2009701213","2885648612","0.166667"
"2885648612","2009701213","0.166667"
"2147214437","2767074019","0.166667"
"2767074019","2147214437","0.166667"
"2147214437","2885648612","0.166667"
"2885648612","2147214437","0.166667"
"2342687497","2767074019","2.20952"
"2767074019","2342687497","2.20952"
"2482333547","2767074019","2.59286"
"2767074019","2482333547","2.59286"
"2767074019","2885648612","0.583333"
"2885648612","2767074019","0.583333"
"2767074019","824666836","1.2"
"824666836","2767074019","1.2"
"2033709107","2050718309","1"
"2050718309","2033709107","1"
"2105311237","2400148300","0.5"
"2400148300","2105311237","0.5"
"2147214437","2400148300","0.333333"
"2400148300","2147214437","0.333333"
"2057086269","2995635524","0.25"
"2995635524","2057086269","0.25"
"2085865444","2995635524","0.25"
"2995635524","2085865444","0.25"
"2078930238","2528517087","0.2"
"2528517087","2078930238","0.2"
"2288345558","2528517087","0.2"
"2528517087","2288345558","0.2"
"2482333547","2528517087","0.2"
"2528517087","2482333547","0.2"
"2528517087","2592440641","0.2"
"2592440641","2528517087","0.2"
"2528517087","2995635524","0.2"
"2995635524","2528517087","0.2"
"2085865444","2105311237","0.125"
"2105311237","2085865444","0.125"
"2085865444","2321193439","0.375"
"2321193439","2085865444","0.375"
"2085865444","2335828526","0.125"
"2335828526","2085865444","0.125"
"2085865444","2528800779","0.125"
"2528800779","2085865444","0.125"
"2085865444","2794745499","0.125"
"2794745499","2085865444","0.125"
"2105311237","2321193439","0.325"
"2321193439","2105311237","0.325"
"2105311237","2335828526","0.525"
"2335828526","2105311237","0.525"
"2105311237","2342687497","0.825"
"2342687497","2105311237","0.825"
"2105311237","2794745499","0.325"
"2794745499","2105311237","0.325"
"2321193439","2335828526","0.717857"
"2335828526","2321193439","0.717857"
"2321193439","2342687497","1.80119"
"2342687497","2321193439","1.80119"
"2321193439","2482333547","1.63452"
"2482333547","2321193439","1.63452"
"2321193439","2528800779","0.125"
"2528800779","2321193439","0.125"
"2321193439","2794745499","0.125"
"2794745499","2321193439","0.125"
"2321193439","824666836","0.575"
"824666836","2321193439","0.575"
"2335828526","2342687497","1.05119"
"2342687497","2335828526","1.05119"
"2335828526","2482333547","2.05119"
"2482333547","2335828526","2.05119"
"2335828526","2528800779","0.125"
"2528800779","2335828526","0.125"
"2335828526","2794745499","0.325"
"2794745499","2335828526","0.325"
"2335828526","824666836","0.325"
"824666836","2335828526","0.325"
"2342687497","2528800779","0.125"
"2528800779","2342687497","0.125"
"2342687497","2794745499","0.325"
"2794745499","2342687497","0.325"
"2482333547","2528800779","0.625"
"2528800779","2482333547","0.625"
"2482333547","2794745499","0.125"
"2794745499","2482333547","0.125"
"2528800779","2794745499","3.625"
"2794745499","2528800779","3.625"
"2528800779","824666836","0.125"
"824666836","2528800779","0.125"
"2090118499","2105311237","0.2"
"2105311237","2090118499","0.2"
"2090118499","2321193439","0.2"
"2321193439","2090118499","0.2"
"2090118499","2335828526","0.2"
"2335828526","2090118499","0.2"
"2120601961","824666836","0.333333"
"824666836","2120601961","0.333333"
"2105311237","2399088765","0.5"
"2399088765","2105311237","0.5"
"2399088765","2528800779","0.5"
"2528800779","2399088765","0.5"
"2105311237","2120601961","0.7"
"2120601961","2105311237","0.7"
"2120601961","2342687497","0.7"
"2342687497","2120601961","0.7"
"2118389211","2335828526","0.2"
"2335828526","2118389211","0.2"
"2120601961","2335828526","0.2"
"2335828526","2120601961","0.2"
"2120601961","2794745499","0.2"
"2794745499","2120601961","0.2"
"2106207733","2144189027","1"
"2144189027","2106207733","1"
"2285664387","2885648612","2"
"2885648612","2285664387","2"
"2288345558","2626520159","2"
"2626520159","2288345558","2"
"2321193439","2767074019","6.00952"
"2767074019","2321193439","6.00952"
"2321193439","2400211493","1.2"
"2400211493","2321193439","1.2"
"2321193439","2592440641","0.2"
"2592440641","2321193439","0.2"
"2342687497","2592440641","0.2"
"2592440641","2342687497","0.2"
"2342687497","2995635524","0.2"
"2995635524","2342687497","0.2"
"2400211493","2592440641","0.2"
"2592440641","2400211493","0.2"
"2400211493","2767074019","1.06667"
"2767074019","2400211493","1.06667"
"2400211493","2995635524","0.366667"
"2995635524","2400211493","0.366667"
"2592440641","2767074019","0.2"
"2767074019","2592440641","0.2"
"2767074019","2995635524","1.11667"
"2995635524","2767074019","1.11667"
"2321193439","2910766642","0.142857"
"2910766642","2321193439","0.142857"
"2321193439","2972699925","0.392857"
"2972699925","2321193439","0.392857"
"2321193439","3003953827","0.47619"
"3003953827","2321193439","0.47619"
"2335828526","2767074019","0.142857"
"2767074019","2335828526","0.142857"
"2335828526","2910766642","0.142857"
"2910766642","2335828526","0.142857"
"2335828526","2972699925","0.392857"
"2972699925","2335828526","0.392857"
"2335828526","3003953827","0.142857"
"3003953827","2335828526","0.142857"
"2342687497","2972699925","0.392857"
"2972699925","2342687497","0.392857"
"2342687497","3003953827","0.47619"
"3003953827","2342687497","0.47619"
"2767074019","2910766642","0.309524"
"2910766642","2767074019","0.309524"
"2767074019","2972699925","0.142857"
"2972699925","2767074019","0.142857"
"2767074019","3003953827","0.309524"
"3003953827","2767074019","0.309524"
"2910766642","2972699925","0.142857"
"2972699925","2910766642","0.142857"
"2910766642","3003953827","0.309524"
"3003953827","2910766642","0.309524"
"2972699925","3003953827","1.14286"
"3003953827","2972699925","1.14286"
"2321193439","2899595450","0.166667"
"2899595450","2321193439","0.166667"
"2321193439","2973011832","0.166667"
"2973011832","2321193439","0.166667"
"2400211493","2482333547","0.366667"
"2482333547","2400211493","0.366667"
"2400211493","2899595450","0.366667"
"2899595450","2400211493","0.366667"
"2400211493","2973011832","0.166667"
"2973011832","2400211493","0.166667"
"2482333547","2899595450","0.7"
"2899595450","2482333547","0.7"
"2482333547","2973011832","0.75"
"2973011832","2482333547","0.75"
"2767074019","2899595450","1.86667"
"2899595450","2767074019","1.86667"
"2767074019","2973011832","0.916667"
"2973011832","2767074019","0.916667"
"2899595450","2973011832","0.666667"
"2973011832","2899595450","0.666667"
"2899595450","2995635524","0.333333"
"2995635524","2899595450","0.333333"
"2973011832","2995635524","0.583333"
"2995635524","2973011832","0.583333"
"2321193439","3014268514","1"
"3014268514","2321193439","1"
"2400211493","3003953827","0.333333"
"3003953827","2400211493","0.333333"
"2335828526","2400211493","1"
"2400211493","2335828526","1"
"2335828526","2885648612","0.333333"
"2885648612","2335828526","0.333333"
"2342687497","2899595450","1.2"
"2899595450","2342687497","1.2"
"2400211493","824666836","0.2"
"824666836","2400211493","0.2"
"2899595450","824666836","0.2"
"824666836","2899595450","0.2"
"2343622790","2794745499","3.5"
"2794745499","2343622790","3.5"
"2343622790","2528800779","1"
"2528800779","2343622790","1"
"2343622790","2482333547","0.5"
"2482333547","2343622790","0.5"
"2972699925","2995635524","0.5"
"2995635524","2972699925","0.5"
"2995635524","824666836","0.333333"
"824666836","2995635524","0.333333"
"2884124365","2909716977","0.333333"
"2909716977","2884124365","0.333333"
"2885648612","2973011832","0.416667"
"2973011832","2885648612","0.416667"
"2528517087","2973011832","2"
"2973011832","2528517087","2"
"2885648612","2899595450","0.166667"
"2899595450","2885648612","0.166667"
"2885648612","2910766642","0.166667"
"2910766642","2885648612","0.166667"
"2899595450","2910766642","0.166667"
"2910766642","2899595450","0.166667"
"2899595450","3003953827","0.166667"
"3003953827","2899595450","0.166667"
"2910766642","2973011832","0.166667"
"2973011832","2910766642","0.166667"
"2910766642","2995635524","0.166667"
"2995635524","2910766642","0.166667"
"2973011832","3003953827","0.166667"
"3003953827","2973011832","0.166667"
"2995635524","3003953827","0.166667"
"3003953827","2995635524","0.166667"
"2794745499","2885648612","1"
"2885648612","2794745499","1"
"2884124365","2899595450","1"
"2899595450","2884124365","1"
