"113618398","1748096091","1.325"
"1748096091","113618398","1.325"
"113618398","1996712453","0.342857"
"1996712453","113618398","0.342857"
"113618398","2086731826","0.858333"
"2086731826","113618398","0.858333"
"113618398","2317663056","9.40119"
"2317663056","113618398","9.40119"
"113618398","39017015","0.342857"
"39017015","113618398","0.342857"
"1748096091","1996712453","1.26667"
"1996712453","1748096091","1.26667"
"1748096091","2086731826","1.08611"
"2086731826","1748096091","1.08611"
"1748096091","2317663056","0.615909"
"2317663056","1748096091","0.615909"
"1748096091","39017015","0.933333"
"39017015","1748096091","0.933333"
"1996712453","2086731826","0.72619"
"2086731826","1996712453","0.72619"
"1996712453","2317663056","1.14286"
"2317663056","1996712453","1.14286"
"1996712453","39017015","3.00952"
"39017015","1996712453","3.00952"
"2086731826","2317663056","0.775"
"2317663056","2086731826","0.775"
"2086731826","39017015","0.583333"
"39017015","2086731826","0.583333"
"2317663056","39017015","0.642857"
"39017015","2317663056","0.642857"
"113618398","1540898056","0.592857"
"1540898056","113618398","0.592857"
"113618398","2004750137","0.642857"
"2004750137","113618398","0.642857"
"113618398","2170320478","0.142857"
"2170320478","113618398","0.142857"
"113618398","284246973","0.392857"
"284246973","113618398","0.392857"
"1540898056","1996712453","0.635714"
"1996712453","1540898056","0.635714"
"1540898056","2004750137","2.04683"
"2004750137","1540898056","2.04683"
"1540898056","2170320478","3.23571"
"2170320478","1540898056","3.23571"
"1540898056","2317663056","0.833766"
"2317663056","1540898056","0.833766"
"1540898056","284246973","0.837302"
"284246973","1540898056","0.837302"
"1540898056","39017015","0.592857"
"39017015","1540898056","0.592857"
"1996712453","2004750137","1.26905"
"2004750137","1996712453","1.26905"
"1996712453","2170320478","1.10238"
"2170320478","1996712453","1.10238"
"1996712453","284246973","0.47619"
"284246973","1996712453","0.47619"
"2004750137","2170320478","2.90238"
"2170320478","2004750137","2.90238"
"2004750137","2317663056","1.49286"
"2317663056","2004750137","1.49286"
"2004750137","284246973","0.753968"
"284246973","2004750137","0.753968"
"2004750137","39017015","1.12619"
"39017015","2004750137","1.12619"
"2170320478","2317663056","0.742857"
"2317663056","2170320478","0.742857"
"2170320478","284246973","0.47619"
"284246973","2170320478","0.47619"
"2170320478","39017015","0.959524"
"39017015","2170320478","0.959524"
"2317663056","284246973","0.392857"
"284246973","2317663056","0.392857"
"284246973","39017015","0.47619"
"39017015","284246973","0.47619"
"113618398","1587956602","9.85833"
"1587956602","113618398","9.85833"
"1587956602","2317663056","3.95833"
"2317663056","1587956602","3.95833"
"113618398","1499501833","0.333333"
"1499501833","113618398","0.333333"
"113618398","2033664446","0.333333"
"2033664446","113618398","0.333333"
"1499501833","2033664446","2.58333"
"2033664446","1499501833","2.58333"
"1499501833","2086731826","0.533333"
"2086731826","1499501833","0.533333"
"2033664446","2086731826","0.833333"
"2086731826","2033664446","0.833333"
"113618398","1994452857","0.925"
"1994452857","113618398","0.925"
"113618398","2046020695","0.2"
"2046020695","113618398","0.2"
"113618398","2053103169","0.2"
"2053103169","113618398","0.2"
"1540898056","1994452857","0.744877"
"1994452857","1540898056","0.744877"
"1540898056","2046020695","0.6171"
"2046020695","1540898056","0.6171"
"1540898056","2053103169","1.02619"
"2053103169","1540898056","1.02619"
"1540898056","2086731826","1.23016"
"2086731826","1540898056","1.23016"
"1994452857","2046020695","0.7671"
"2046020695","1994452857","0.7671"
"1994452857","2053103169","2.39286"
"2053103169","1994452857","2.39286"
"1994452857","2086731826","3.17183"
"2086731826","1994452857","3.17183"
"2046020695","2053103169","0.70202"
"2053103169","2046020695","0.70202"
"2046020695","2086731826","1.01905"
"2086731826","2046020695","1.01905"
"2053103169","2086731826","16.5429"
"2086731826","2053103169","16.5429"
"1540898056","1587956602","0.392857"
"1587956602","1540898056","0.392857"
"1587956602","284246973","0.25"
"284246973","1587956602","0.25"
"113618398","2062169489","0.6"
"2062169489","113618398","0.6"
"113618398","2331618448","1.18333"
"2331618448","113618398","1.18333"
"1587956602","1994452857","0.625"
"1994452857","1587956602","0.625"
"1587956602","2062169489","0.5"
"2062169489","1587956602","0.5"
"1587956602","2331618448","1.08333"
"2331618448","1587956602","1.08333"
"1994452857","2062169489","1.5171"
"2062169489","1994452857","1.5171"
"1994452857","2317663056","1.74924"
"2317663056","1994452857","1.74924"
"1994452857","2331618448","1.62424"
"2331618448","1994452857","1.62424"
"2062169489","2317663056","1.12424"
"2317663056","2062169489","1.12424"
"2062169489","2331618448","1.22424"
"2331618448","2062169489","1.22424"
"2317663056","2331618448","7.30758"
"2331618448","2317663056","7.30758"
"113618398","2081550964","0.375"
"2081550964","113618398","0.375"
"1587956602","2081550964","0.517857"
"2081550964","1587956602","0.517857"
"2081550964","2317663056","0.375"
"2317663056","2081550964","0.375"
"2081550964","2331618448","0.25"
"2331618448","2081550964","0.25"
"113618398","2046801306","0.325"
"2046801306","113618398","0.325"
"113618398","2148468248","0.125"
"2148468248","113618398","0.125"
"1587956602","1748096091","0.225"
"1748096091","1587956602","0.225"
"1587956602","2046801306","0.267857"
"2046801306","1587956602","0.267857"
"1587956602","2086731826","0.367857"
"2086731826","1587956602","0.367857"
"1587956602","2148468248","0.125"
"2148468248","1587956602","0.125"
"1748096091","1994452857","0.67702"
"1994452857","1748096091","0.67702"
"1748096091","2046801306","0.225"
"2046801306","1748096091","0.225"
"1748096091","2081550964","0.491667"
"2081550964","1748096091","0.491667"
"1748096091","2148468248","0.225"
"2148468248","1748096091","0.225"
"1994452857","2046801306","1.19167"
"2046801306","1994452857","1.19167"
"1994452857","2081550964","0.458333"
"2081550964","1994452857","0.458333"
"1994452857","2148468248","0.325"
"2148468248","1994452857","0.325"
"2046801306","2081550964","3.3921"
"2081550964","2046801306","3.3921"
"2046801306","2086731826","0.767857"
"2086731826","2046801306","0.767857"
"2046801306","2148468248","0.225"
"2148468248","2046801306","0.225"
"2046801306","2317663056","0.925"
"2317663056","2046801306","0.925"
"2081550964","2086731826","0.667857"
"2086731826","2081550964","0.667857"
"2081550964","2148468248","0.125"
"2148468248","2081550964","0.125"
"2086731826","2148468248","0.425"
"2148468248","2086731826","0.425"
"2148468248","2317663056","1.125"
"2317663056","2148468248","1.125"
"2046801306","2062169489","0.2"
"2062169489","2046801306","0.2"
"2046801306","2331618448","0.8"
"2331618448","2046801306","0.8"
"113618398","1532687280","0.5"
"1532687280","113618398","0.5"
"1532687280","2317663056","0.5"
"2317663056","1532687280","0.5"
"122216813","1985629579","0.2"
"1985629579","122216813","0.2"
"122216813","2004750137","0.616667"
"2004750137","122216813","0.616667"
"122216813","2148468248","0.2"
"2148468248","122216813","0.2"
"122216813","2170320478","0.366667"
"2170320478","122216813","0.366667"
"122216813","2317663056","0.45"
"2317663056","122216813","0.45"
"1985629579","2004750137","0.383333"
"2004750137","1985629579","0.383333"
"1985629579","2148468248","0.7"
"2148468248","1985629579","0.7"
"1985629579","2170320478","0.383333"
"2170320478","1985629579","0.383333"
"1985629579","2317663056","0.7"
"2317663056","1985629579","0.7"
"2004750137","2148468248","2.2"
"2148468248","2004750137","2.2"
"2148468248","2170320478","2.5"
"2170320478","2148468248","2.5"
"122216813","1996712453","0.166667"
"1996712453","122216813","0.166667"
"122216813","2019418523","0.166667"
"2019418523","122216813","0.166667"
"122216813","2166258447","0.666667"
"2166258447","122216813","0.666667"
"122216813","39017015","0.166667"
"39017015","122216813","0.166667"
"1996712453","2019418523","0.166667"
"2019418523","1996712453","0.166667"
"1996712453","2166258447","0.75"
"2166258447","1996712453","0.75"
"2004750137","2019418523","0.166667"
"2019418523","2004750137","0.166667"
"2004750137","2166258447","1.56111"
"2166258447","2004750137","1.56111"
"2019418523","2166258447","0.166667"
"2166258447","2019418523","0.166667"
"2019418523","2170320478","0.166667"
"2170320478","2019418523","0.166667"
"2019418523","39017015","0.166667"
"39017015","2019418523","0.166667"
"2166258447","2170320478","0.25"
"2170320478","2166258447","0.25"
"2166258447","39017015","0.416667"
"39017015","2166258447","0.416667"
"122216813","2119949883","0.5"
"2119949883","122216813","0.5"
"2004750137","2119949883","1.19444"
"2119949883","2004750137","1.19444"
"2119949883","2166258447","2.94444"
"2166258447","2119949883","2.94444"
"2119949883","2317663056","0.25"
"2317663056","2119949883","0.25"
"2166258447","2317663056","0.25"
"2317663056","2166258447","0.25"
"122216813","1540898056","0.25"
"1540898056","122216813","0.25"
"122216813","2167063371","0.25"
"2167063371","122216813","0.25"
"1540898056","2119949883","0.444444"
"2119949883","1540898056","0.444444"
"1540898056","2166258447","0.444444"
"2166258447","1540898056","0.444444"
"1540898056","2167063371","0.444444"
"2167063371","1540898056","0.444444"
"2119949883","2167063371","3.02778"
"2167063371","2119949883","3.02778"
"2166258447","2167063371","2.69444"
"2167063371","2166258447","2.69444"
"1499501833","1994452857","0.2"
"1994452857","1499501833","0.2"
"1499501833","2004750137","0.45"
"2004750137","1499501833","0.45"
"1499501833","2148468248","0.2"
"2148468248","1499501833","0.2"
"1499501833","2166258447","0.2"
"2166258447","1499501833","0.2"
"1994452857","2004750137","0.753968"
"2004750137","1994452857","0.753968"
"1994452857","2166258447","0.311111"
"2166258447","1994452857","0.311111"
"2004750137","2086731826","2.4373"
"2086731826","2004750137","2.4373"
"2086731826","2166258447","0.394444"
"2166258447","2086731826","0.394444"
"2148468248","2166258447","0.2"
"2166258447","2148468248","0.2"
"1499501833","2048376803","0.25"
"2048376803","1499501833","0.25"
"1499501833","2083681811","0.25"
"2083681811","1499501833","0.25"
"2004750137","2033664446","0.25"
"2033664446","2004750137","0.25"
"2004750137","2048376803","0.25"
"2048376803","2004750137","0.25"
"2004750137","2083681811","0.25"
"2083681811","2004750137","0.25"
"2033664446","2048376803","0.783333"
"2048376803","2033664446","0.783333"
"2033664446","2083681811","2.17424"
"2083681811","2033664446","2.17424"
"2048376803","2083681811","0.583333"
"2083681811","2048376803","0.583333"
"1499501833","1992887719","1"
"1992887719","1499501833","1"
"1532687280","1994452857","0.142857"
"1994452857","1532687280","0.142857"
"1532687280","2019418523","0.47619"
"2019418523","1532687280","0.47619"
"1532687280","2046020695","0.369048"
"2046020695","1532687280","0.369048"
"1532687280","2048376803","0.142857"
"2048376803","1532687280","0.142857"
"1532687280","2074733377","0.142857"
"2074733377","1532687280","0.142857"
"1532687280","2086731826","2.86905"
"2086731826","1532687280","2.86905"
"1532687280","2740294951","0.142857"
"2740294951","1532687280","0.142857"
"1994452857","2019418523","0.142857"
"2019418523","1994452857","0.142857"
"1994452857","2048376803","0.142857"
"2048376803","1994452857","0.142857"
"1994452857","2074733377","0.142857"
"2074733377","1994452857","0.142857"
"1994452857","2740294951","0.233766"
"2740294951","1994452857","0.233766"
"2019418523","2046020695","0.253968"
"2046020695","2019418523","0.253968"
"2019418523","2048376803","0.142857"
"2048376803","2019418523","0.142857"
"2019418523","2074733377","3.3373"
"2074733377","2019418523","3.3373"
"2019418523","2086731826","0.142857"
"2086731826","2019418523","0.142857"
"2019418523","2740294951","0.142857"
"2740294951","2019418523","0.142857"
"2046020695","2048376803","1.30952"
"2048376803","2046020695","1.30952"
"2046020695","2074733377","0.253968"
"2074733377","2046020695","0.253968"
"2046020695","2740294951","1.40043"
"2740294951","2046020695","1.40043"
"2048376803","2074733377","0.342857"
"2074733377","2048376803","0.342857"
"2048376803","2086731826","0.642857"
"2086731826","2048376803","0.642857"
"2048376803","2740294951","23.5929"
"2740294951","2048376803","23.5929"
"2074733377","2086731826","0.142857"
"2086731826","2074733377","0.142857"
"2074733377","2740294951","0.342857"
"2740294951","2074733377","0.342857"
"2086731826","2740294951","0.392857"
"2740294951","2086731826","0.392857"
"1532687280","2004750137","0.583333"
"2004750137","1532687280","0.583333"
"1532687280","1540898056","0.22619"
"1540898056","1532687280","0.22619"
"1532687280","1985629579","0.22619"
"1985629579","1532687280","0.22619"
"1532687280","1996712453","0.0833333"
"1996712453","1532687280","0.0833333"
"1532687280","2066385037","0.0833333"
"2066385037","1532687280","0.0833333"
"1532687280","2119949883","0.0833333"
"2119949883","1532687280","0.0833333"
"1532687280","2166258447","0.0833333"
"2166258447","1532687280","0.0833333"
"1532687280","2167063371","0.0833333"
"2167063371","1532687280","0.0833333"
"1532687280","2170320478","0.0833333"
"2170320478","1532687280","0.0833333"
"1532687280","39017015","0.0833333"
"39017015","1532687280","0.0833333"
"1540898056","1985629579","0.32619"
"1985629579","1540898056","0.32619"
"1540898056","2066385037","0.374242"
"2066385037","1540898056","0.374242"
"1985629579","1996712453","0.183333"
"1996712453","1985629579","0.183333"
"1985629579","2046020695","0.32619"
"2046020695","1985629579","0.32619"
"1985629579","2066385037","0.0833333"
"2066385037","1985629579","0.0833333"
"1985629579","2086731826","1.42619"
"2086731826","1985629579","1.42619"
"1985629579","2119949883","0.0833333"
"2119949883","1985629579","0.0833333"
"1985629579","2166258447","0.0833333"
"2166258447","1985629579","0.0833333"
"1985629579","2167063371","0.0833333"
"2167063371","1985629579","0.0833333"
"1985629579","39017015","0.183333"
"39017015","1985629579","0.183333"
"1996712453","2046020695","0.183333"
"2046020695","1996712453","0.183333"
"1996712453","2066385037","0.0833333"
"2066385037","1996712453","0.0833333"
"1996712453","2119949883","0.916667"
"2119949883","1996712453","0.916667"
"1996712453","2167063371","0.916667"
"2167063371","1996712453","0.916667"
"2004750137","2046020695","0.183333"
"2046020695","2004750137","0.183333"
"2004750137","2066385037","0.283333"
"2066385037","2004750137","0.283333"
"2004750137","2167063371","1.94444"
"2167063371","2004750137","1.94444"
"2046020695","2066385037","12.2985"
"2066385037","2046020695","12.2985"
"2046020695","2119949883","0.0833333"
"2119949883","2046020695","0.0833333"
"2046020695","2166258447","0.0833333"
"2166258447","2046020695","0.0833333"
"2046020695","2167063371","0.0833333"
"2167063371","2046020695","0.0833333"
"2046020695","2170320478","0.183333"
"2170320478","2046020695","0.183333"
"2046020695","39017015","0.183333"
"39017015","2046020695","0.183333"
"2066385037","2086731826","0.733333"
"2086731826","2066385037","0.733333"
"2066385037","2119949883","0.0833333"
"2119949883","2066385037","0.0833333"
"2066385037","2166258447","0.0833333"
"2166258447","2066385037","0.0833333"
"2066385037","2167063371","0.0833333"
"2167063371","2066385037","0.0833333"
"2066385037","2170320478","0.0833333"
"2170320478","2066385037","0.0833333"
"2066385037","39017015","0.0833333"
"39017015","2066385037","0.0833333"
"2086731826","2119949883","0.194444"
"2119949883","2086731826","0.194444"
"2086731826","2167063371","0.194444"
"2167063371","2086731826","0.194444"
"2086731826","2170320478","0.42619"
"2170320478","2086731826","0.42619"
"2119949883","2170320478","0.0833333"
"2170320478","2119949883","0.0833333"
"2119949883","39017015","0.25"
"39017015","2119949883","0.25"
"2167063371","2170320478","0.0833333"
"2170320478","2167063371","0.0833333"
"2167063371","39017015","0.25"
"39017015","2167063371","0.25"
"1532687280","2339813808","0.333333"
"2339813808","1532687280","0.333333"
"1532687280","2405745007","0.333333"
"2405745007","1532687280","0.333333"
"2019418523","2339813808","1.52778"
"2339813808","2019418523","1.52778"
"2019418523","2405745007","0.5"
"2405745007","2019418523","0.5"
"2339813808","2405745007","0.5"
"2405745007","2339813808","0.5"
"1532687280","1587956602","0.142857"
"1587956602","1532687280","0.142857"
"1532687280","2046801306","0.142857"
"2046801306","1532687280","0.142857"
"1532687280","2081550964","0.142857"
"2081550964","1532687280","0.142857"
"1540898056","2046801306","0.242857"
"2046801306","1540898056","0.242857"
"1540898056","2081550964","0.509524"
"2081550964","1540898056","0.509524"
"1587956602","1985629579","0.142857"
"1985629579","1587956602","0.142857"
"1587956602","2046020695","0.142857"
"2046020695","1587956602","0.142857"
"1985629579","2046801306","0.342857"
"2046801306","1985629579","0.342857"
"1985629579","2081550964","0.142857"
"2081550964","1985629579","0.142857"
"2046020695","2046801306","0.7671"
"2046801306","2046020695","0.7671"
"2046020695","2081550964","0.7671"
"2081550964","2046020695","0.7671"
"1532687280","2033664446","1"
"2033664446","1532687280","1"
"1540898056","1748096091","0.568687"
"1748096091","1540898056","0.568687"
"1540898056","2062169489","0.6671"
"2062169489","1540898056","0.6671"
"1540898056","2331618448","0.290909"
"2331618448","1540898056","0.290909"
"1748096091","1985629579","0.1"
"1985629579","1748096091","0.1"
"1748096091","2004750137","1.57778"
"2004750137","1748096091","1.57778"
"1748096091","2046020695","0.190909"
"2046020695","1748096091","0.190909"
"1748096091","2053103169","0.65"
"2053103169","1748096091","0.65"
"1748096091","2062169489","1.04091"
"2062169489","1748096091","1.04091"
"1748096091","2170320478","0.466667"
"2170320478","1748096091","0.466667"
"1748096091","2331618448","0.390909"
"2331618448","1748096091","0.390909"
"1985629579","2053103169","0.3"
"2053103169","1985629579","0.3"
"1985629579","2062169489","0.1"
"2062169489","1985629579","0.1"
"1985629579","2331618448","0.1"
"2331618448","1985629579","0.1"
"1996712453","2053103169","0.542857"
"2053103169","1996712453","0.542857"
"1996712453","2062169489","1.09286"
"2062169489","1996712453","1.09286"
"1996712453","2331618448","0.7"
"2331618448","1996712453","0.7"
"2004750137","2053103169","1.67619"
"2053103169","2004750137","1.67619"
"2004750137","2062169489","0.67619"
"2062169489","2004750137","0.67619"
"2004750137","2331618448","0.3"
"2331618448","2004750137","0.3"
"2046020695","2062169489","0.190909"
"2062169489","2046020695","0.190909"
"2046020695","2331618448","0.190909"
"2331618448","2046020695","0.190909"
"2053103169","2062169489","0.592857"
"2062169489","2053103169","0.592857"
"2053103169","2170320478","0.67619"
"2170320478","2053103169","0.67619"
"2053103169","2331618448","0.2"
"2331618448","2053103169","0.2"
"2053103169","39017015","0.3"
"39017015","2053103169","0.3"
"2062169489","2170320478","0.67619"
"2170320478","2062169489","0.67619"
"2062169489","39017015","0.85"
"39017015","2062169489","0.85"
"2170320478","2331618448","0.3"
"2331618448","2170320478","0.3"
"2331618448","39017015","0.2"
"39017015","2331618448","0.2"
"1540898056","1983488896","0.2"
"1983488896","1540898056","0.2"
"1540898056","2044354544","0.2"
"2044354544","1540898056","0.2"
"1540898056","2048376803","0.45"
"2048376803","1540898056","0.45"
"1540898056","2806325184","0.2"
"2806325184","1540898056","0.2"
"1983488896","2044354544","17.902"
"2044354544","1983488896","17.902"
"1983488896","2048376803","0.2"
"2048376803","1983488896","0.2"
"1983488896","2081550964","0.290909"
"2081550964","1983488896","0.290909"
"1983488896","2806325184","0.2"
"2806325184","1983488896","0.2"
"2044354544","2048376803","0.2"
"2048376803","2044354544","0.2"
"2044354544","2081550964","0.290909"
"2081550964","2044354544","0.290909"
"2044354544","2806325184","0.533333"
"2806325184","2044354544","0.533333"
"2048376803","2081550964","0.2"
"2081550964","2048376803","0.2"
"2048376803","2806325184","0.2"
"2806325184","2048376803","0.2"
"2081550964","2806325184","0.2"
"2806325184","2081550964","0.2"
"1994452857","1996712453","0.242857"
"1996712453","1994452857","0.242857"
"1994452857","2170320478","0.242857"
"2170320478","1994452857","0.242857"
"2062169489","2086731826","0.492857"
"2086731826","2062169489","0.492857"
"1540898056","2148468248","1.6"
"2148468248","1540898056","1.6"
"1540898056","2339813808","0.311111"
"2339813808","1540898056","0.311111"
"1994452857","2066385037","0.790909"
"2066385037","1994452857","0.790909"
"1994452857","2339813808","0.311111"
"2339813808","1994452857","0.311111"
"2004750137","2339813808","0.311111"
"2339813808","2004750137","0.311111"
"2066385037","2339813808","0.2"
"2339813808","2066385037","0.2"
"2086731826","2339813808","0.311111"
"2339813808","2086731826","0.311111"
"1748096091","2119949883","0.444444"
"2119949883","1748096091","0.444444"
"1748096091","2166258447","0.111111"
"2166258447","1748096091","0.111111"
"1748096091","2167063371","0.444444"
"2167063371","1748096091","0.444444"
"1748096091","2339813808","0.111111"
"2339813808","1748096091","0.111111"
"1748096091","284246973","0.277778"
"284246973","1748096091","0.277778"
"1994452857","2119949883","0.111111"
"2119949883","1994452857","0.111111"
"1994452857","2167063371","0.111111"
"2167063371","1994452857","0.111111"
"1994452857","284246973","0.111111"
"284246973","1994452857","0.111111"
"2086731826","284246973","0.111111"
"284246973","2086731826","0.111111"
"2119949883","2339813808","0.111111"
"2339813808","2119949883","0.111111"
"2119949883","284246973","0.277778"
"284246973","2119949883","0.277778"
"2166258447","2339813808","0.111111"
"2339813808","2166258447","0.111111"
"2166258447","284246973","0.277778"
"284246973","2166258447","0.277778"
"2167063371","2339813808","0.111111"
"2339813808","2167063371","0.111111"
"2167063371","284246973","0.277778"
"284246973","2167063371","0.277778"
"2339813808","284246973","0.111111"
"284246973","2339813808","0.111111"
"2048376803","2053103169","0.25"
"2053103169","2048376803","0.25"
"2048376803","2317663056","0.75"
"2317663056","2048376803","0.75"
"2053103169","2317663056","0.35"
"2317663056","2053103169","0.35"
"2062169489","284246973","0.333333"
"284246973","2062169489","0.333333"
"1540898056","2033664446","0.0909091"
"2033664446","1540898056","0.0909091"
"1540898056","2136015180","0.0909091"
"2136015180","1540898056","0.0909091"
"1540898056","2188176718","0.0909091"
"2188176718","1540898056","0.0909091"
"1540898056","2740294951","0.0909091"
"2740294951","1540898056","0.0909091"
"1748096091","2033664446","0.0909091"
"2033664446","1748096091","0.0909091"
"1748096091","2066385037","0.0909091"
"2066385037","1748096091","0.0909091"
"1748096091","2136015180","0.0909091"
"2136015180","1748096091","0.0909091"
"1748096091","2188176718","0.0909091"
"2188176718","1748096091","0.0909091"
"1748096091","2740294951","0.0909091"
"2740294951","1748096091","0.0909091"
"1994452857","2033664446","0.0909091"
"2033664446","1994452857","0.0909091"
"1994452857","2136015180","0.424242"
"2136015180","1994452857","0.424242"
"1994452857","2188176718","0.590909"
"2188176718","1994452857","0.590909"
"2033664446","2046020695","0.181818"
"2046020695","2033664446","0.181818"
"2033664446","2062169489","0.0909091"
"2062169489","2033664446","0.0909091"
"2033664446","2066385037","0.181818"
"2066385037","2033664446","0.181818"
"2033664446","2136015180","0.181818"
"2136015180","2033664446","0.181818"
"2033664446","2188176718","0.181818"
"2188176718","2033664446","0.181818"
"2033664446","2317663056","0.0909091"
"2317663056","2033664446","0.0909091"
"2033664446","2331618448","0.0909091"
"2331618448","2033664446","0.0909091"
"2033664446","2740294951","0.624242"
"2740294951","2033664446","0.624242"
"2046020695","2136015180","0.515152"
"2136015180","2046020695","0.515152"
"2046020695","2188176718","3.18182"
"2188176718","2046020695","3.18182"
"2046020695","2317663056","0.0909091"
"2317663056","2046020695","0.0909091"
"2062169489","2066385037","0.0909091"
"2066385037","2062169489","0.0909091"
"2062169489","2136015180","0.0909091"
"2136015180","2062169489","0.0909091"
"2062169489","2188176718","0.0909091"
"2188176718","2062169489","0.0909091"
"2062169489","2740294951","0.340909"
"2740294951","2062169489","0.340909"
"2066385037","2136015180","0.181818"
"2136015180","2066385037","0.181818"
"2066385037","2188176718","4.68182"
"2188176718","2066385037","4.68182"
"2066385037","2317663056","0.0909091"
"2317663056","2066385037","0.0909091"
"2066385037","2331618448","0.0909091"
"2331618448","2066385037","0.0909091"
"2066385037","2740294951","0.924242"
"2740294951","2066385037","0.924242"
"2136015180","2188176718","0.181818"
"2188176718","2136015180","0.181818"
"2136015180","2317663056","0.0909091"
"2317663056","2136015180","0.0909091"
"2136015180","2331618448","0.0909091"
"2331618448","2136015180","0.0909091"
"2136015180","2740294951","0.424242"
"2740294951","2136015180","0.424242"
"2188176718","2317663056","0.0909091"
"2317663056","2188176718","0.0909091"
"2188176718","2331618448","0.0909091"
"2331618448","2188176718","0.0909091"
"2188176718","2740294951","0.0909091"
"2740294951","2188176718","0.0909091"
"2317663056","2740294951","0.590909"
"2740294951","2317663056","0.590909"
"2331618448","2740294951","0.0909091"
"2740294951","2331618448","0.0909091"
"1540898056","2580937470","0.1"
"2580937470","1540898056","0.1"
"1748096091","2580937470","0.1"
"2580937470","1748096091","0.1"
"2004750137","2046801306","0.35"
"2046801306","2004750137","0.35"
"2004750137","2580937470","0.1"
"2580937470","2004750137","0.1"
"2046801306","2170320478","0.1"
"2170320478","2046801306","0.1"
"2046801306","2580937470","1.89091"
"2580937470","2046801306","1.89091"
"2046801306","39017015","0.1"
"39017015","2046801306","0.1"
"2086731826","2331618448","0.2"
"2331618448","2086731826","0.2"
"2086731826","2580937470","0.3"
"2580937470","2086731826","0.3"
"2148468248","2331618448","0.1"
"2331618448","2148468248","0.1"
"2148468248","2580937470","0.1"
"2580937470","2148468248","0.1"
"2148468248","39017015","0.3"
"39017015","2148468248","0.3"
"2170320478","2580937470","0.1"
"2580937470","2170320478","0.1"
"2317663056","2580937470","0.1"
"2580937470","2317663056","0.1"
"2331618448","2580937470","0.1"
"2580937470","2331618448","0.1"
"2580937470","39017015","0.1"
"39017015","2580937470","0.1"
"2004750137","2081550964","0.166667"
"2081550964","2004750137","0.166667"
"2062169489","2081550964","0.166667"
"2081550964","2062169489","0.166667"
"2081550964","2170320478","0.166667"
"2170320478","2081550964","0.166667"
"2081550964","284246973","0.166667"
"284246973","2081550964","0.166667"
"1587956602","2136015180","0.5"
"2136015180","1587956602","0.5"
"1587956602","2731603508","0.5"
"2731603508","1587956602","0.5"
"2136015180","2731603508","0.5"
"2731603508","2136015180","0.5"
"1587956602","1996712453","0.1"
"1996712453","1587956602","0.1"
"1587956602","2004750137","0.1"
"2004750137","1587956602","0.1"
"1587956602","2053103169","0.1"
"2053103169","1587956602","0.1"
"1587956602","2170320478","0.1"
"2170320478","1587956602","0.1"
"1996712453","2081550964","0.2"
"2081550964","1996712453","0.2"
"2053103169","2081550964","0.490909"
"2081550964","2053103169","0.490909"
"2081550964","39017015","0.2"
"39017015","2081550964","0.2"
"1983488896","2019418523","0.861111"
"2019418523","1983488896","0.861111"
"1983488896","2074733377","0.777778"
"2074733377","1983488896","0.777778"
"1983488896","2339813808","0.861111"
"2339813808","1983488896","0.861111"
"1983488896","2405745007","0.166667"
"2405745007","1983488896","0.166667"
"1983488896","2731603508","0.166667"
"2731603508","1983488896","0.166667"
"2019418523","2044354544","1.19444"
"2044354544","2019418523","1.19444"
"2019418523","2731603508","0.166667"
"2731603508","2019418523","0.166667"
"2044354544","2074733377","1.11111"
"2074733377","2044354544","1.11111"
"2044354544","2339813808","0.861111"
"2339813808","2044354544","0.861111"
"2044354544","2405745007","0.166667"
"2405745007","2044354544","0.166667"
"2044354544","2731603508","0.166667"
"2731603508","2044354544","0.166667"
"2074733377","2339813808","2.86111"
"2339813808","2074733377","2.86111"
"2074733377","2405745007","0.866667"
"2405745007","2074733377","0.866667"
"2074733377","2731603508","1.36667"
"2731603508","2074733377","1.36667"
"2339813808","2731603508","0.166667"
"2731603508","2339813808","0.166667"
"2405745007","2731603508","6.36667"
"2731603508","2405745007","6.36667"
"1983488896","2083681811","0.70202"
"2083681811","1983488896","0.70202"
"2044354544","2083681811","0.70202"
"2083681811","2044354544","0.70202"
"1983488896","2046801306","0.590909"
"2046801306","1983488896","0.590909"
"2044354544","2046801306","0.590909"
"2046801306","2044354544","0.590909"
"1983488896","2053103169","1.95202"
"2053103169","1983488896","1.95202"
"1983488896","2809324217","0.361111"
"2809324217","1983488896","0.361111"
"2044354544","2053103169","0.95202"
"2053103169","2044354544","0.95202"
"2044354544","2809324217","0.361111"
"2809324217","2044354544","0.361111"
"2053103169","2074733377","0.361111"
"2074733377","2053103169","0.361111"
"2053103169","2809324217","0.361111"
"2809324217","2053103169","0.361111"
"2074733377","2809324217","0.361111"
"2809324217","2074733377","0.361111"
"1983488896","2046020695","0.20202"
"2046020695","1983488896","0.20202"
"1983488896","2440568338","0.111111"
"2440568338","1983488896","0.111111"
"2019418523","2053103169","0.111111"
"2053103169","2019418523","0.111111"
"2019418523","2083681811","0.111111"
"2083681811","2019418523","0.111111"
"2019418523","2440568338","0.111111"
"2440568338","2019418523","0.111111"
"2019418523","2809324217","0.111111"
"2809324217","2019418523","0.111111"
"2044354544","2046020695","0.20202"
"2046020695","2044354544","0.20202"
"2044354544","2440568338","0.111111"
"2440568338","2044354544","0.111111"
"2046020695","2083681811","0.20202"
"2083681811","2046020695","0.20202"
"2046020695","2339813808","0.111111"
"2339813808","2046020695","0.111111"
"2046020695","2440568338","0.111111"
"2440568338","2046020695","0.111111"
"2046020695","2809324217","0.111111"
"2809324217","2046020695","0.111111"
"2053103169","2083681811","0.70202"
"2083681811","2053103169","0.70202"
"2053103169","2339813808","0.111111"
"2339813808","2053103169","0.111111"
"2053103169","2440568338","0.611111"
"2440568338","2053103169","0.611111"
"2074733377","2083681811","0.111111"
"2083681811","2074733377","0.111111"
"2074733377","2440568338","0.111111"
"2440568338","2074733377","0.111111"
"2083681811","2339813808","0.111111"
"2339813808","2083681811","0.111111"
"2083681811","2440568338","0.111111"
"2440568338","2083681811","0.111111"
"2083681811","2809324217","0.111111"
"2809324217","2083681811","0.111111"
"2339813808","2440568338","0.111111"
"2440568338","2339813808","0.111111"
"2339813808","2809324217","0.111111"
"2809324217","2339813808","0.111111"
"2440568338","2809324217","0.111111"
"2809324217","2440568338","0.111111"
"1983488896","2033664446","0.0909091"
"2033664446","1983488896","0.0909091"
"1983488896","2066385037","0.0909091"
"2066385037","1983488896","0.0909091"
"1983488896","2136015180","0.0909091"
"2136015180","1983488896","0.0909091"
"1983488896","2188176718","0.0909091"
"2188176718","1983488896","0.0909091"
"1983488896","2580937470","0.0909091"
"2580937470","1983488896","0.0909091"
"2033664446","2044354544","0.0909091"
"2044354544","2033664446","0.0909091"
"2033664446","2046801306","0.0909091"
"2046801306","2033664446","0.0909091"
"2033664446","2053103169","1.59091"
"2053103169","2033664446","1.59091"
"2033664446","2081550964","0.0909091"
"2081550964","2033664446","0.0909091"
"2033664446","2580937470","0.0909091"
"2580937470","2033664446","0.0909091"
"2044354544","2066385037","0.0909091"
"2066385037","2044354544","0.0909091"
"2044354544","2136015180","0.0909091"
"2136015180","2044354544","0.0909091"
"2044354544","2188176718","0.0909091"
"2188176718","2044354544","0.0909091"
"2044354544","2580937470","0.0909091"
"2580937470","2044354544","0.0909091"
"2046020695","2580937470","0.0909091"
"2580937470","2046020695","0.0909091"
"2046801306","2053103169","0.490909"
"2053103169","2046801306","0.490909"
"2046801306","2066385037","0.290909"
"2066385037","2046801306","0.290909"
"2046801306","2083681811","0.424242"
"2083681811","2046801306","0.424242"
"2046801306","2136015180","0.424242"
"2136015180","2046801306","0.424242"
"2046801306","2188176718","0.0909091"
"2188176718","2046801306","0.0909091"
"2053103169","2066385037","0.290909"
"2066385037","2053103169","0.290909"
"2053103169","2136015180","0.590909"
"2136015180","2053103169","0.590909"
"2053103169","2188176718","0.0909091"
"2188176718","2053103169","0.0909091"
"2053103169","2580937470","0.290909"
"2580937470","2053103169","0.290909"
"2066385037","2081550964","0.290909"
"2081550964","2066385037","0.290909"
"2066385037","2083681811","0.0909091"
"2083681811","2066385037","0.0909091"
"2066385037","2580937470","0.0909091"
"2580937470","2066385037","0.0909091"
"2081550964","2083681811","0.0909091"
"2083681811","2081550964","0.0909091"
"2081550964","2136015180","0.0909091"
"2136015180","2081550964","0.0909091"
"2081550964","2188176718","0.0909091"
"2188176718","2081550964","0.0909091"
"2081550964","2580937470","0.590909"
"2580937470","2081550964","0.590909"
"2083681811","2136015180","0.424242"
"2136015180","2083681811","0.424242"
"2083681811","2188176718","0.0909091"
"2188176718","2083681811","0.0909091"
"2083681811","2580937470","0.0909091"
"2580937470","2083681811","0.0909091"
"2136015180","2580937470","0.0909091"
"2580937470","2136015180","0.0909091"
"2188176718","2580937470","0.0909091"
"2580937470","2188176718","0.0909091"
"1985629579","1994452857","0.2"
"1994452857","1985629579","0.2"
"1985629579","2580937470","0.2"
"2580937470","1985629579","0.2"
"1994452857","2580937470","0.2"
"2580937470","1994452857","0.2"
"1994452857","2083681811","0.333333"
"2083681811","1994452857","0.333333"
"1996712453","2048376803","0.25"
"2048376803","1996712453","0.25"
"1996712453","2740294951","0.25"
"2740294951","1996712453","0.25"
"2048376803","2062169489","0.25"
"2062169489","2048376803","0.25"
"2048376803","39017015","0.25"
"39017015","2048376803","0.25"
"2740294951","39017015","0.25"
"39017015","2740294951","0.25"
"1996712453","2148468248","0.2"
"2148468248","1996712453","0.2"
"2046801306","2119949883","0.583333"
"2119949883","2046801306","0.583333"
"2046801306","2166258447","0.583333"
"2166258447","2046801306","0.583333"
"2046801306","2167063371","0.583333"
"2167063371","2046801306","0.583333"
"2019418523","2806325184","0.666667"
"2806325184","2019418523","0.666667"
"2074733377","2806325184","1.16667"
"2806325184","2074733377","1.16667"
"2339813808","2806325184","0.333333"
"2806325184","2339813808","0.333333"
"2033664446","2074733377","0.7"
"2074733377","2033664446","0.7"
"2033664446","2405745007","0.7"
"2405745007","2033664446","0.7"
"2083681811","2740294951","0.333333"
"2740294951","2083681811","0.333333"
"2033664446","2731603508","0.2"
"2731603508","2033664446","0.2"
"2048376803","2405745007","0.2"
"2405745007","2048376803","0.2"
"2048376803","2731603508","0.45"
"2731603508","2048376803","0.45"
"2405745007","2740294951","0.2"
"2740294951","2405745007","0.2"
"2731603508","2740294951","0.45"
"2740294951","2731603508","0.45"
"2033664446","2119949883","0.333333"
"2119949883","2033664446","0.333333"
"2033664446","2166258447","0.333333"
"2166258447","2033664446","0.333333"
"2033664446","2167063371","0.333333"
"2167063371","2033664446","0.333333"
"2033664446","2440568338","0.5"
"2440568338","2033664446","0.5"
"2048376803","2066385037","0.833333"
"2066385037","2048376803","0.833333"
"2046020695","2731603508","1.25"
"2731603508","2046020695","1.25"
"2048376803","2136015180","0.333333"
"2136015180","2048376803","0.333333"
"2066385037","2731603508","0.25"
"2731603508","2066385037","0.25"
"2048376803","2188176718","1"
"2188176718","2048376803","1"
"2086731826","2136015180","0.5"
"2136015180","2086731826","0.5"
"2053103169","2405745007","0.5"
"2405745007","2053103169","0.5"
"2086731826","2405745007","0.5"
"2405745007","2086731826","0.5"
"2074733377","2580937470","0.5"
"2580937470","2074733377","0.5"
"2580937470","2806325184","2.5"
"2806325184","2580937470","2.5"
"2148468248","2167063371","1"
"2167063371","2148468248","1"
"2405745007","2806325184","1"
"2806325184","2405745007","1"
"2405745007","2809324217","1"
"2809324217","2405745007","1"
"2731603508","2809324217","1"
"2809324217","2731603508","1"
"2580937470","2731603508","1"
"2731603508","2580937470","1"
"2731603508","284246973","1"
"284246973","2731603508","1"
