"146260362","2149421556","2.36111"
"2149421556","146260362","2.36111"
"146260362","65177903","3.9881"
"65177903","146260362","3.9881"
"146260362","179312830","5"
"179312830","146260362","5"
"146260362","2130786469","0.515873"
"2130786469","146260362","0.515873"
"146260362","2139596207","0.515873"
"2139596207","146260362","0.515873"
"146260362","2164861481","1.65873"
"2164861481","146260362","1.65873"
"2130786469","2139596207","11.0677"
"2139596207","2130786469","11.0677"
"2130786469","2164861481","6.23435"
"2164861481","2130786469","6.23435"
"2139596207","2164861481","6.17721"
"2164861481","2139596207","6.17721"
"179312830","65177903","2.18929"
"65177903","179312830","2.18929"
"146260362","2006946253","0.611111"
"2006946253","146260362","0.611111"
"146260362","2103083636","0.25"
"2103083636","146260362","0.25"
"146260362","2183265468","0.25"
"2183265468","146260362","0.25"
"2006946253","2103083636","0.392857"
"2103083636","2006946253","0.392857"
"2006946253","2149421556","1.70397"
"2149421556","2006946253","1.70397"
"2006946253","2183265468","0.392857"
"2183265468","2006946253","0.392857"
"2103083636","2149421556","1.35419"
"2149421556","2103083636","1.35419"
"2103083636","2183265468","2.02086"
"2183265468","2103083636","2.02086"
"2149421556","2183265468","1.35419"
"2183265468","2149421556","1.35419"
"146260362","1501534789","0.0714286"
"1501534789","146260362","0.0714286"
"146260362","2086341391","0.404762"
"2086341391","146260362","0.404762"
"146260362","2106626564","0.43254"
"2106626564","146260362","0.43254"
"146260362","2111656672","0.214286"
"2111656672","146260362","0.214286"
"146260362","2130613880","0.238095"
"2130613880","146260362","0.238095"
"146260362","2148088326","0.0714286"
"2148088326","146260362","0.0714286"
"146260362","2165019171","0.0714286"
"2165019171","146260362","0.0714286"
"146260362","2189157814","0.0714286"
"2189157814","146260362","0.0714286"
"146260362","2291601732","0.238095"
"2291601732","146260362","0.238095"
"146260362","943960308","0.238095"
"943960308","146260362","0.238095"
"1501534789","2086341391","0.0714286"
"2086341391","1501534789","0.0714286"
"1501534789","2106626564","0.142857"
"2106626564","1501534789","0.142857"
"1501534789","2111656672","0.171429"
"2111656672","1501534789","0.171429"
"1501534789","2130613880","0.0714286"
"2130613880","1501534789","0.0714286"
"1501534789","2130786469","0.685714"
"2130786469","1501534789","0.685714"
"1501534789","2139596207","0.628571"
"2139596207","1501534789","0.628571"
"1501534789","2148088326","0.0714286"
"2148088326","1501534789","0.0714286"
"1501534789","2164861481","0.671429"
"2164861481","1501534789","0.671429"
"1501534789","2165019171","0.214286"
"2165019171","1501534789","0.214286"
"1501534789","2189157814","0.0714286"
"2189157814","1501534789","0.0714286"
"1501534789","2291601732","0.271429"
"2291601732","1501534789","0.271429"
"1501534789","65177903","0.242857"
"65177903","1501534789","0.242857"
"1501534789","943960308","0.0714286"
"943960308","1501534789","0.0714286"
"2086341391","2106626564","0.0714286"
"2106626564","2086341391","0.0714286"
"2086341391","2111656672","0.238095"
"2111656672","2086341391","0.238095"
"2086341391","2130613880","0.0714286"
"2130613880","2086341391","0.0714286"
"2086341391","2130786469","0.0714286"
"2130786469","2086341391","0.0714286"
"2086341391","2139596207","0.0714286"
"2139596207","2086341391","0.0714286"
"2086341391","2148088326","0.0714286"
"2148088326","2086341391","0.0714286"
"2086341391","2164861481","0.0714286"
"2164861481","2086341391","0.0714286"
"2086341391","2165019171","0.904762"
"2165019171","2086341391","0.904762"
"2086341391","2189157814","0.214286"
"2189157814","2086341391","0.214286"
"2086341391","2291601732","0.0714286"
"2291601732","2086341391","0.0714286"
"2086341391","65177903","0.547619"
"65177903","2086341391","0.547619"
"2086341391","943960308","0.0714286"
"943960308","2086341391","0.0714286"
"2106626564","2111656672","0.154762"
"2111656672","2106626564","0.154762"
"2106626564","2130613880","0.0714286"
"2130613880","2106626564","0.0714286"
"2106626564","2130786469","0.437302"
"2130786469","2106626564","0.437302"
"2106626564","2139596207","0.437302"
"2139596207","2106626564","0.437302"
"2106626564","2148088326","7.2381"
"2148088326","2106626564","7.2381"
"2106626564","2164861481","0.353968"
"2164861481","2106626564","0.353968"
"2106626564","2165019171","0.904762"
"2165019171","2106626564","0.904762"
"2106626564","2189157814","0.0714286"
"2189157814","2106626564","0.0714286"
"2106626564","2291601732","0.321429"
"2291601732","2106626564","0.321429"
"2106626564","65177903","0.142857"
"65177903","2106626564","0.142857"
"2106626564","943960308","0.238095"
"943960308","2106626564","0.238095"
"2111656672","2130613880","2.61491"
"2130613880","2111656672","2.61491"
"2111656672","2130786469","0.931574"
"2130786469","2111656672","0.931574"
"2111656672","2139596207","0.19824"
"2139596207","2111656672","0.19824"
"2111656672","2148088326","0.0714286"
"2148088326","2111656672","0.0714286"
"2111656672","2164861481","1.3911"
"2164861481","2111656672","1.3911"
"2111656672","2165019171","0.739907"
"2165019171","2111656672","0.739907"
"2111656672","2189157814","0.364907"
"2189157814","2111656672","0.364907"
"2111656672","2291601732","0.354762"
"2291601732","2111656672","0.354762"
"2111656672","65177903","0.67324"
"65177903","2111656672","0.67324"
"2111656672","943960308","0.0714286"
"943960308","2111656672","0.0714286"
"2130613880","2130786469","0.114907"
"2130786469","2130613880","0.114907"
"2130613880","2139596207","0.114907"
"2139596207","2130613880","0.114907"
"2130613880","2148088326","0.0714286"
"2148088326","2130613880","0.0714286"
"2130613880","2164861481","0.614907"
"2164861481","2130613880","0.614907"
"2130613880","2165019171","0.114907"
"2165019171","2130613880","0.114907"
"2130613880","2189157814","0.114907"
"2189157814","2130613880","0.114907"
"2130613880","2291601732","0.238095"
"2291601732","2130613880","0.238095"
"2130613880","65177903","0.281574"
"65177903","2130613880","0.281574"
"2130613880","943960308","0.238095"
"943960308","2130613880","0.238095"
"2130786469","2148088326","0.0714286"
"2148088326","2130786469","0.0714286"
"2130786469","2165019171","0.733954"
"2165019171","2130786469","0.733954"
"2130786469","2189157814","0.114907"
"2189157814","2130786469","0.114907"
"2130786469","2291601732","0.804762"
"2291601732","2130786469","0.804762"
"2130786469","65177903","0.561335"
"65177903","2130786469","0.561335"
"2130786469","943960308","0.0714286"
"943960308","2130786469","0.0714286"
"2139596207","2148088326","0.0714286"
"2148088326","2139596207","0.0714286"
"2139596207","2165019171","0.400621"
"2165019171","2139596207","0.400621"
"2139596207","2189157814","0.114907"
"2189157814","2139596207","0.114907"
"2139596207","2291601732","0.604762"
"2291601732","2139596207","0.604762"
"2139596207","65177903","0.311335"
"65177903","2139596207","0.311335"
"2139596207","943960308","0.0714286"
"943960308","2139596207","0.0714286"
"2148088326","2164861481","0.0714286"
"2164861481","2148088326","0.0714286"
"2148088326","2165019171","0.571429"
"2165019171","2148088326","0.571429"
"2148088326","2189157814","0.0714286"
"2189157814","2148088326","0.0714286"
"2148088326","2291601732","0.238095"
"2291601732","2148088326","0.238095"
"2148088326","65177903","0.0714286"
"65177903","2148088326","0.0714286"
"2148088326","943960308","0.238095"
"943960308","2148088326","0.238095"
"2164861481","2165019171","0.733954"
"2165019171","2164861481","0.733954"
"2164861481","2189157814","0.614907"
"2189157814","2164861481","0.614907"
"2164861481","2291601732","1.77143"
"2291601732","2164861481","1.77143"
"2164861481","65177903","1.74467"
"65177903","2164861481","1.74467"
"2164861481","943960308","0.0714286"
"943960308","2164861481","0.0714286"
"2165019171","2189157814","0.957764"
"2189157814","2165019171","0.957764"
"2165019171","2291601732","0.0714286"
"2291601732","2165019171","0.0714286"
"2165019171","65177903","0.239907"
"65177903","2165019171","0.239907"
"2165019171","943960308","1.27143"
"943960308","2165019171","1.27143"
"2189157814","2291601732","0.0714286"
"2291601732","2189157814","0.0714286"
"2189157814","65177903","0.757764"
"65177903","2189157814","0.757764"
"2189157814","943960308","0.604762"
"943960308","2189157814","0.604762"
"2291601732","65177903","0.238095"
"65177903","2291601732","0.238095"
"2291601732","943960308","0.404762"
"943960308","2291601732","0.404762"
"65177903","943960308","1.7381"
"943960308","65177903","1.7381"
"146260362","2120163135","1.64683"
"2120163135","146260362","1.64683"
"179312830","2120163135","0.842857"
"2120163135","179312830","0.842857"
"146260362","1997087578","0.309524"
"1997087578","146260362","0.309524"
"146260362","2113272178","0.309524"
"2113272178","146260362","0.309524"
"1997087578","2113272178","0.92619"
"2113272178","1997087578","0.92619"
"1997087578","2130613880","0.210145"
"2130613880","1997087578","0.210145"
"1997087578","2291601732","0.25"
"2291601732","1997087578","0.25"
"1997087578","65177903","0.281574"
"65177903","1997087578","0.281574"
"1997087578","943960308","0.166667"
"943960308","1997087578","0.166667"
"2113272178","2130613880","0.166667"
"2130613880","2113272178","0.166667"
"2113272178","2291601732","0.166667"
"2291601732","2113272178","0.166667"
"2113272178","65177903","0.166667"
"65177903","2113272178","0.166667"
"2113272178","943960308","0.166667"
"943960308","2113272178","0.166667"
"146260362","2121085666","1.08333"
"2121085666","146260362","1.08333"
"146260362","2767376381","0.333333"
"2767376381","146260362","0.333333"
"2086341391","2121085666","0.5"
"2121085666","2086341391","0.5"
"2086341391","2767376381","1.16667"
"2767376381","2086341391","1.16667"
"2121085666","2767376381","0.376812"
"2767376381","2121085666","0.376812"
"146260362","2000761920","1.50397"
"2000761920","146260362","1.50397"
"146260362","2148570333","0.642857"
"2148570333","146260362","0.642857"
"2000761920","2148570333","0.976812"
"2148570333","2000761920","0.976812"
"2121085666","65177903","3.13157"
"65177903","2121085666","3.13157"
"146260362","2102580892","0.392857"
"2102580892","146260362","0.392857"
"2006946253","2102580892","0.45"
"2102580892","2006946253","0.45"
"2006946253","2120163135","0.703968"
"2120163135","2006946253","0.703968"
"2006946253","2121085666","1.45"
"2121085666","2006946253","1.45"
"2102580892","2120163135","2.00238"
"2120163135","2102580892","2.00238"
"2102580892","2121085666","7.49048"
"2121085666","2102580892","7.49048"
"2120163135","2121085666","0.836335"
"2121085666","2120163135","0.836335"
"146260362","195596261","0.142857"
"195596261","146260362","0.142857"
"146260362","2130212781","0.392857"
"2130212781","146260362","0.392857"
"146260362","2141715368","0.142857"
"2141715368","146260362","0.142857"
"195596261","2111656672","0.186335"
"2111656672","195596261","0.186335"
"195596261","2120163135","0.186335"
"2120163135","195596261","0.186335"
"195596261","2130212781","0.142857"
"2130212781","195596261","0.142857"
"195596261","2141715368","0.186335"
"2141715368","195596261","0.186335"
"195596261","2148570333","2.68634"
"2148570333","195596261","2.68634"
"195596261","2164861481","0.186335"
"2164861481","195596261","0.186335"
"2111656672","2120163135","0.286335"
"2120163135","2111656672","0.286335"
"2111656672","2130212781","0.242857"
"2130212781","2111656672","0.242857"
"2111656672","2141715368","0.386335"
"2141715368","2111656672","0.386335"
"2111656672","2148570333","1.053"
"2148570333","2111656672","1.053"
"2120163135","2130212781","3.87857"
"2130212781","2120163135","3.87857"
"2120163135","2141715368","0.186335"
"2141715368","2120163135","0.186335"
"2120163135","2148570333","0.286335"
"2148570333","2120163135","0.286335"
"2120163135","2164861481","0.983161"
"2164861481","2120163135","0.983161"
"2130212781","2141715368","0.142857"
"2141715368","2130212781","0.142857"
"2130212781","2148570333","0.242857"
"2148570333","2130212781","0.242857"
"2130212781","2164861481","0.557143"
"2164861481","2130212781","0.557143"
"2141715368","2148570333","0.586335"
"2148570333","2141715368","0.586335"
"2141715368","2164861481","0.386335"
"2164861481","2141715368","0.386335"
"2148570333","2164861481","0.819669"
"2164861481","2148570333","0.819669"
"146260362","2108092188","0.142857"
"2108092188","146260362","0.142857"
"146260362","2119964395","0.753968"
"2119964395","146260362","0.753968"
"1997087578","2000761920","1.93634"
"2000761920","1997087578","1.93634"
"1997087578","2102580892","0.214286"
"2102580892","1997087578","0.214286"
"1997087578","2108092188","1.68634"
"2108092188","1997087578","1.68634"
"1997087578","2119964395","0.297619"
"2119964395","1997087578","0.297619"
"1997087578","2120163135","0.186335"
"2120163135","1997087578","0.186335"
"2000761920","2102580892","0.285714"
"2102580892","2000761920","0.285714"
"2000761920","2108092188","0.769669"
"2108092188","2000761920","0.769669"
"2000761920","2113272178","2.05952"
"2113272178","2000761920","2.05952"
"2000761920","2119964395","0.746825"
"2119964395","2000761920","0.746825"
"2000761920","2120163135","1.76649"
"2120163135","2000761920","1.76649"
"2102580892","2108092188","0.47619"
"2108092188","2102580892","0.47619"
"2102580892","2113272178","0.142857"
"2113272178","2102580892","0.142857"
"2102580892","2119964395","0.214286"
"2119964395","2102580892","0.214286"
"2108092188","2113272178","0.892857"
"2113272178","2108092188","0.892857"
"2108092188","2119964395","0.22619"
"2119964395","2108092188","0.22619"
"2108092188","2120163135","0.186335"
"2120163135","2108092188","0.186335"
"2113272178","2119964395","0.142857"
"2119964395","2113272178","0.142857"
"2113272178","2120163135","0.97619"
"2120163135","2113272178","0.97619"
"2119964395","2120163135","1.13968"
"2120163135","2119964395","1.13968"
"2000761920","2106626564","1.12778"
"2106626564","2000761920","1.12778"
"2106626564","2119964395","1.11587"
"2119964395","2106626564","1.11587"
"2106626564","2120163135","1.46111"
"2120163135","2106626564","1.46111"
"2000761920","65177903","1.64467"
"65177903","2000761920","1.64467"
"2000761920","2006946253","0.111111"
"2006946253","2000761920","0.111111"
"2000761920","2130786469","0.522447"
"2130786469","2000761920","0.522447"
"2000761920","2139596207","0.665304"
"2139596207","2000761920","0.665304"
"2000761920","2149421556","1.8153"
"2149421556","2000761920","1.8153"
"2000761920","2164861481","0.998637"
"2164861481","2000761920","0.998637"
"2006946253","2106626564","0.111111"
"2106626564","2006946253","0.111111"
"2006946253","2119964395","0.253968"
"2119964395","2006946253","0.253968"
"2006946253","2130786469","0.111111"
"2130786469","2006946253","0.111111"
"2006946253","2139596207","0.111111"
"2139596207","2006946253","0.111111"
"2006946253","2164861481","0.311111"
"2164861481","2006946253","0.311111"
"2106626564","2149421556","0.265873"
"2149421556","2106626564","0.265873"
"2119964395","2130786469","0.50873"
"2130786469","2119964395","0.50873"
"2119964395","2139596207","0.50873"
"2139596207","2119964395","0.50873"
"2119964395","2149421556","0.551587"
"2149421556","2119964395","0.551587"
"2119964395","2164861481","0.425397"
"2164861481","2119964395","0.425397"
"2120163135","2130786469","0.397447"
"2130786469","2120163135","0.397447"
"2120163135","2139596207","0.397447"
"2139596207","2120163135","0.397447"
"2120163135","2149421556","0.883161"
"2149421556","2120163135","0.883161"
"2130786469","2149421556","6.76292"
"2149421556","2130786469","6.76292"
"2139596207","2149421556","6.00578"
"2149421556","2139596207","6.00578"
"2149421556","2164861481","5.6153"
"2164861481","2149421556","5.6153"
"2119964395","2130212781","0.564286"
"2130212781","2119964395","0.564286"
"2119964395","65177903","0.821429"
"65177903","2119964395","0.821429"
"2120163135","65177903","0.393478"
"65177903","2120163135","0.393478"
"2130212781","65177903","0.421429"
"65177903","2130212781","0.421429"
"149254970","179312830","1.2"
"179312830","149254970","1.2"
"149254970","2165019171","0.2"
"2165019171","149254970","0.2"
"149254970","2189157814","0.533333"
"2189157814","149254970","0.533333"
"149254970","2501400816","1.53333"
"2501400816","149254970","1.53333"
"149254970","943960308","0.533333"
"943960308","149254970","0.533333"
"179312830","2165019171","0.610714"
"2165019171","179312830","0.610714"
"179312830","2189157814","1.48571"
"2189157814","179312830","1.48571"
"179312830","2501400816","2.45"
"2501400816","179312830","2.45"
"179312830","943960308","1.2"
"943960308","179312830","1.2"
"2165019171","2501400816","0.2"
"2501400816","2165019171","0.2"
"2189157814","2501400816","0.533333"
"2501400816","2189157814","0.533333"
"2501400816","943960308","0.533333"
"943960308","2501400816","0.533333"
"149254970","2149421556","1.5"
"2149421556","149254970","1.5"
"149254970","2130786469","0.5"
"2130786469","149254970","0.5"
"149254970","2158979146","1"
"2158979146","149254970","1"
"1501534789","2102580892","1.45714"
"2102580892","1501534789","1.45714"
"1501534789","1594353208","0.271429"
"1594353208","1501534789","0.271429"
"1501534789","179312830","0.314286"
"179312830","1501534789","0.314286"
"1501534789","1997087578","0.0714286"
"1997087578","1501534789","0.0714286"
"1501534789","2119964395","0.214286"
"2119964395","1501534789","0.214286"
"1501534789","2121085666","0.457143"
"2121085666","1501534789","0.457143"
"1501534789","2130212781","0.457143"
"2130212781","1501534789","0.457143"
"1501534789","2149421556","0.942857"
"2149421556","1501534789","0.942857"
"1501534789","2338033627","0.214286"
"2338033627","1501534789","0.214286"
"1594353208","179312830","0.196429"
"179312830","1594353208","0.196429"
"1594353208","1997087578","0.571429"
"1997087578","1594353208","0.571429"
"1594353208","2102580892","0.0714286"
"2102580892","1594353208","0.0714286"
"1594353208","2106626564","0.0714286"
"2106626564","1594353208","0.0714286"
"1594353208","2119964395","0.0714286"
"2119964395","1594353208","0.0714286"
"1594353208","2121085666","0.0714286"
"2121085666","1594353208","0.0714286"
"1594353208","2130212781","0.0714286"
"2130212781","1594353208","0.0714286"
"1594353208","2130786469","0.563095"
"2130786469","1594353208","0.563095"
"1594353208","2139596207","0.363095"
"2139596207","1594353208","0.363095"
"1594353208","2149421556","2.1881"
"2149421556","1594353208","2.1881"
"1594353208","2164861481","0.363095"
"2164861481","1594353208","0.363095"
"1594353208","2338033627","0.0714286"
"2338033627","1594353208","0.0714286"
"1594353208","65177903","0.654762"
"65177903","1594353208","0.654762"
"179312830","1997087578","0.0714286"
"1997087578","179312830","0.0714286"
"179312830","2102580892","1.17143"
"2102580892","179312830","1.17143"
"179312830","2106626564","0.171429"
"2106626564","179312830","0.171429"
"179312830","2119964395","0.171429"
"2119964395","179312830","0.171429"
"179312830","2121085666","2.02143"
"2121085666","179312830","2.02143"
"179312830","2130212781","0.271429"
"2130212781","179312830","0.271429"
"179312830","2130786469","0.707143"
"2130786469","179312830","0.707143"
"179312830","2139596207","0.457143"
"2139596207","179312830","0.457143"
"179312830","2149421556","2.03214"
"2149421556","179312830","2.03214"
"179312830","2164861481","0.557143"
"2164861481","179312830","0.557143"
"179312830","2338033627","0.0714286"
"2338033627","179312830","0.0714286"
"1997087578","2106626564","1.15476"
"2106626564","1997087578","1.15476"
"1997087578","2121085666","0.114907"
"2121085666","1997087578","0.114907"
"1997087578","2130212781","0.0714286"
"2130212781","1997087578","0.0714286"
"1997087578","2130786469","1.19824"
"2130786469","1997087578","1.19824"
"1997087578","2139596207","0.19824"
"2139596207","1997087578","0.19824"
"1997087578","2149421556","1.28157"
"2149421556","1997087578","1.28157"
"1997087578","2164861481","0.114907"
"2164861481","1997087578","0.114907"
"1997087578","2338033627","2.48157"
"2338033627","1997087578","2.48157"
"2102580892","2106626564","0.238095"
"2106626564","2102580892","0.238095"
"2102580892","2130212781","0.314286"
"2130212781","2102580892","0.314286"
"2102580892","2130786469","0.321429"
"2130786469","2102580892","0.321429"
"2102580892","2139596207","0.214286"
"2139596207","2102580892","0.214286"
"2102580892","2149421556","2.90714"
"2149421556","2102580892","2.90714"
"2102580892","2164861481","0.990476"
"2164861481","2102580892","0.990476"
"2102580892","2338033627","0.214286"
"2338033627","2102580892","0.214286"
"2102580892","65177903","0.421429"
"65177903","2102580892","0.421429"
"2106626564","2121085666","0.171429"
"2121085666","2106626564","0.171429"
"2106626564","2130212781","0.671429"
"2130212781","2106626564","0.671429"
"2106626564","2338033627","0.0714286"
"2338033627","2106626564","0.0714286"
"2119964395","2121085666","0.671429"
"2121085666","2119964395","0.671429"
"2119964395","2338033627","0.0714286"
"2338033627","2119964395","0.0714286"
"2121085666","2130212781","1.41429"
"2130212781","2121085666","1.41429"
"2121085666","2130786469","0.914907"
"2130786469","2121085666","0.914907"
"2121085666","2139596207","0.607764"
"2139596207","2121085666","0.607764"
"2121085666","2149421556","1.40062"
"2149421556","2121085666","1.40062"
"2121085666","2164861481","1.63395"
"2164861481","2121085666","1.63395"
"2121085666","2338033627","0.257764"
"2338033627","2121085666","0.257764"
"2130212781","2130786469","0.171429"
"2130786469","2130212781","0.171429"
"2130212781","2139596207","0.171429"
"2139596207","2130212781","0.171429"
"2130212781","2149421556","0.457143"
"2149421556","2130212781","0.457143"
"2130212781","2338033627","0.214286"
"2338033627","2130212781","0.214286"
"2130786469","2338033627","0.114907"
"2338033627","2130786469","0.114907"
"2139596207","2338033627","0.114907"
"2338033627","2139596207","0.114907"
"2149421556","2338033627","1.25776"
"2338033627","2149421556","1.25776"
"2149421556","65177903","0.464907"
"65177903","2149421556","0.464907"
"2164861481","2338033627","0.257764"
"2338033627","2164861481","0.257764"
"2338033627","65177903","0.114907"
"65177903","2338033627","0.114907"
"1501534789","2103083636","0.342857"
"2103083636","1501534789","0.342857"
"1501534789","2183265468","0.342857"
"2183265468","1501534789","0.342857"
"1594353208","2103083636","0.825"
"2103083636","1594353208","0.825"
"1594353208","2183265468","0.491667"
"2183265468","1594353208","0.491667"
"2103083636","2130786469","1.09467"
"2130786469","2103083636","1.09467"
"2130786469","2183265468","1.09467"
"2183265468","2130786469","1.09467"
"1501534789","2141715368","0.2"
"2141715368","1501534789","0.2"
"1501534789","2148570333","0.2"
"2148570333","1501534789","0.2"
"2130786469","2141715368","0.443478"
"2141715368","2130786469","0.443478"
"2130786469","2148570333","0.543478"
"2148570333","2130786469","0.543478"
"2139596207","2141715368","0.243478"
"2141715368","2139596207","0.243478"
"2139596207","2148570333","0.343478"
"2148570333","2139596207","0.343478"
"2141715368","2291601732","2.4"
"2291601732","2141715368","2.4"
"2148570333","2291601732","2.4"
"2291601732","2148570333","2.4"
"1501534789","2183408979","0.142857"
"2183408979","1501534789","0.142857"
"179312830","2183408979","0.410714"
"2183408979","179312830","0.410714"
"2130786469","2183408979","0.67619"
"2183408979","2130786469","0.67619"
"2139596207","2183408979","0.142857"
"2183408979","2139596207","0.142857"
"2149421556","2165019171","3.28753"
"2165019171","2149421556","3.28753"
"2149421556","2183408979","3.38452"
"2183408979","2149421556","3.38452"
"2164861481","2183408979","0.142857"
"2183408979","2164861481","0.142857"
"2165019171","2183408979","2.26786"
"2183408979","2165019171","2.26786"
"1501534789","2120163135","0.385714"
"2120163135","1501534789","0.385714"
"2120163135","2338033627","0.186335"
"2338033627","2120163135","0.186335"
"1501534789","2000761920","0.142857"
"2000761920","1501534789","0.142857"
"1501534789","2493438559","0.142857"
"2493438559","1501534789","0.142857"
"2000761920","2121085666","1.78634"
"2121085666","2000761920","1.78634"
"2000761920","2493438559","0.142857"
"2493438559","2000761920","0.142857"
"2102580892","2493438559","0.142857"
"2493438559","2102580892","0.142857"
"2121085666","2493438559","0.142857"
"2493438559","2121085666","0.142857"
"2139596207","2493438559","0.142857"
"2493438559","2139596207","0.142857"
"2149421556","2493438559","0.142857"
"2493438559","2149421556","0.142857"
"2164861481","2493438559","0.142857"
"2493438559","2164861481","0.142857"
"1501534789","2201941585","0.1"
"2201941585","1501534789","0.1"
"179312830","2111656672","0.225"
"2111656672","179312830","0.225"
"179312830","2201941585","1.1"
"2201941585","179312830","1.1"
"2102580892","2111656672","0.433333"
"2111656672","2102580892","0.433333"
"2102580892","2201941585","0.1"
"2201941585","2102580892","0.1"
"2111656672","2121085666","1.42681"
"2121085666","2111656672","1.42681"
"2111656672","2149421556","3.46848"
"2149421556","2111656672","3.46848"
"2111656672","2201941585","0.1"
"2201941585","2111656672","0.1"
"2120163135","2201941585","2.1"
"2201941585","2120163135","2.1"
"2121085666","2201941585","0.1"
"2201941585","2121085666","0.1"
"2130212781","2201941585","0.1"
"2201941585","2130212781","0.1"
"2149421556","2201941585","0.35"
"2201941585","2149421556","0.35"
"2164861481","2201941585","0.35"
"2201941585","2164861481","0.35"
"2201941585","65177903","0.1"
"65177903","2201941585","0.1"
"1501534789","2006946253","0.142857"
"2006946253","1501534789","0.142857"
"2006946253","2130212781","0.142857"
"2130212781","2006946253","0.142857"
"2103083636","2119964395","0.22619"
"2119964395","2103083636","0.22619"
"2103083636","2120163135","0.186335"
"2120163135","2103083636","0.186335"
"2103083636","2130212781","0.142857"
"2130212781","2103083636","0.142857"
"2119964395","2183265468","0.22619"
"2183265468","2119964395","0.22619"
"2120163135","2183265468","0.186335"
"2183265468","2120163135","0.186335"
"2130212781","2183265468","0.142857"
"2183265468","2130212781","0.142857"
"154326699","2000761920","0.166667"
"2000761920","154326699","0.166667"
"154326699","2086341391","0.5"
"2086341391","154326699","0.5"
"154326699","2111656672","0.166667"
"2111656672","154326699","0.166667"
"154326699","2121085666","0.166667"
"2121085666","154326699","0.166667"
"154326699","2165019171","0.5"
"2165019171","154326699","0.5"
"154326699","2183408979","0.166667"
"2183408979","154326699","0.166667"
"2000761920","2086341391","0.642857"
"2086341391","2000761920","0.642857"
"2000761920","2111656672","0.210145"
"2111656672","2000761920","0.210145"
"2000761920","2165019171","6.49586"
"2165019171","2000761920","6.49586"
"2000761920","2183408979","0.97619"
"2183408979","2000761920","0.97619"
"2086341391","2183408979","3.47619"
"2183408979","2086341391","3.47619"
"2111656672","2183408979","2.40833"
"2183408979","2111656672","2.40833"
"2121085666","2165019171","0.210145"
"2165019171","2121085666","0.210145"
"2121085666","2183408979","1.45"
"2183408979","2121085666","1.45"
"154326699","2767376381","0.333333"
"2767376381","154326699","0.333333"
"2165019171","2767376381","0.519669"
"2767376381","2165019171","0.519669"
"1594353208","2155701175","2"
"2155701175","1594353208","2"
"1594353208","2000761920","0.125"
"2000761920","1594353208","0.125"
"2000761920","2103083636","0.168478"
"2103083636","2000761920","0.168478"
"2000761920","2183265468","0.168478"
"2183265468","2000761920","0.168478"
"2103083636","2139596207","0.561335"
"2139596207","2103083636","0.561335"
"2103083636","2164861481","0.811335"
"2164861481","2103083636","0.811335"
"2103083636","65177903","0.501812"
"65177903","2103083636","0.501812"
"2139596207","2183265468","0.561335"
"2183265468","2139596207","0.561335"
"2164861481","2183265468","0.811335"
"2183265468","2164861481","0.811335"
"2183265468","65177903","0.168478"
"65177903","2183265468","0.168478"
"1594353208","2111656672","0.125"
"2111656672","1594353208","0.125"
"1594353208","2158979146","0.125"
"2158979146","1594353208","0.125"
"1594353208","2165019171","0.125"
"2165019171","1594353208","0.125"
"1594353208","2183408979","0.125"
"2183408979","1594353208","0.125"
"1594353208","2403182540","0.125"
"2403182540","1594353208","0.125"
"179312830","2158979146","0.267857"
"2158979146","179312830","0.267857"
"179312830","2403182540","0.125"
"2403182540","179312830","0.125"
"2111656672","2158979146","1.325"
"2158979146","2111656672","1.325"
"2111656672","2403182540","0.125"
"2403182540","2111656672","0.125"
"2149421556","2158979146","0.325"
"2158979146","2149421556","0.325"
"2149421556","2403182540","0.125"
"2403182540","2149421556","0.125"
"2158979146","2165019171","0.125"
"2165019171","2158979146","0.125"
"2158979146","2183408979","0.467857"
"2183408979","2158979146","0.467857"
"2158979146","2403182540","0.125"
"2403182540","2158979146","0.125"
"2158979146","65177903","0.267857"
"65177903","2158979146","0.267857"
"2165019171","2403182540","0.125"
"2403182540","2165019171","0.125"
"2183408979","2403182540","0.125"
"2403182540","2183408979","0.125"
"2183408979","65177903","1.43452"
"65177903","2183408979","1.43452"
"2403182540","65177903","0.125"
"65177903","2403182540","0.125"
"1594353208","2951609356","0.333333"
"2951609356","1594353208","0.333333"
"2103083636","2951609356","0.333333"
"2951609356","2103083636","0.333333"
"2951609356","65177903","0.333333"
"65177903","2951609356","0.333333"
"179312830","2103083636","0.342857"
"2103083636","179312830","0.342857"
"179312830","2183265468","0.342857"
"2183265468","179312830","0.342857"
"179312830","2291601732","0.2"
"2291601732","179312830","0.2"
"179312830","2767376381","0.342857"
"2767376381","179312830","0.342857"
"2103083636","2291601732","0.283333"
"2291601732","2103083636","0.283333"
"2103083636","2767376381","0.243478"
"2767376381","2103083636","0.243478"
"2149421556","2291601732","1.53333"
"2291601732","2149421556","1.53333"
"2149421556","2767376381","0.243478"
"2767376381","2149421556","0.243478"
"2183265468","2291601732","0.283333"
"2291601732","2183265468","0.283333"
"2183265468","2767376381","0.243478"
"2767376381","2183265468","0.243478"
"2291601732","2767376381","0.2"
"2767376381","2291601732","0.2"
"179312830","186445653","0.25"
"186445653","179312830","0.25"
"186445653","2102580892","0.25"
"2102580892","186445653","0.25"
"186445653","2149421556","0.25"
"2149421556","186445653","0.25"
"186445653","2501400816","0.25"
"2501400816","186445653","0.25"
"2102580892","2501400816","0.25"
"2501400816","2102580892","0.25"
"2149421556","2501400816","3.25"
"2501400816","2149421556","3.25"
"179312830","2155701175","0.285714"
"2155701175","179312830","0.285714"
"2103083636","2155701175","0.269669"
"2155701175","2103083636","0.269669"
"2130786469","2155701175","0.269669"
"2155701175","2130786469","0.269669"
"2139596207","2155701175","0.269669"
"2155701175","2139596207","0.269669"
"2149421556","2155701175","0.269669"
"2155701175","2149421556","0.269669"
"2155701175","2164861481","0.186335"
"2164861481","2155701175","0.186335"
"2155701175","2183265468","0.269669"
"2183265468","2155701175","0.269669"
"179312830","2000761920","0.385714"
"2000761920","179312830","0.385714"
"179312830","2148570333","0.1"
"2148570333","179312830","0.1"
"2000761920","2130212781","0.1"
"2130212781","2000761920","0.1"
"2106626564","2148570333","0.1"
"2148570333","2106626564","0.1"
"2119964395","2148570333","0.1"
"2148570333","2119964395","0.1"
"2121085666","2148570333","0.643478"
"2148570333","2121085666","0.643478"
"179312830","2951609356","0.142857"
"2951609356","179312830","0.142857"
"2000761920","2155701175","0.519669"
"2155701175","2000761920","0.519669"
"2000761920","2189157814","1.32919"
"2189157814","2000761920","1.32919"
"2000761920","2767376381","0.686335"
"2767376381","2000761920","0.686335"
"2000761920","2951609356","0.642857"
"2951609356","2000761920","0.642857"
"2120163135","2155701175","0.186335"
"2155701175","2120163135","0.186335"
"2120163135","2165019171","0.329193"
"2165019171","2120163135","0.329193"
"2120163135","2189157814","0.186335"
"2189157814","2120163135","0.186335"
"2120163135","2767376381","0.186335"
"2767376381","2120163135","0.186335"
"2120163135","2951609356","0.642857"
"2951609356","2120163135","0.642857"
"2155701175","2165019171","0.186335"
"2165019171","2155701175","0.186335"
"2155701175","2189157814","0.186335"
"2189157814","2155701175","0.186335"
"2155701175","2767376381","0.186335"
"2767376381","2155701175","0.186335"
"2155701175","2951609356","1.64286"
"2951609356","2155701175","1.64286"
"2165019171","2951609356","1.14286"
"2951609356","2165019171","1.14286"
"2189157814","2767376381","0.186335"
"2767376381","2189157814","0.186335"
"2189157814","2951609356","0.142857"
"2951609356","2189157814","0.142857"
"2767376381","2951609356","0.142857"
"2951609356","2767376381","0.142857"
"179312830","2086341391","0.142857"
"2086341391","179312830","0.142857"
"179312830","2110718103","0.142857"
"2110718103","179312830","0.142857"
"2000761920","2110718103","0.142857"
"2110718103","2000761920","0.142857"
"2000761920","2158979146","2.14286"
"2158979146","2000761920","2.14286"
"2086341391","2110718103","0.142857"
"2110718103","2086341391","0.142857"
"2086341391","2158979146","0.142857"
"2158979146","2086341391","0.142857"
"2110718103","2158979146","0.142857"
"2158979146","2110718103","0.142857"
"2110718103","2183408979","0.642857"
"2183408979","2110718103","0.642857"
"2110718103","2189157814","0.142857"
"2189157814","2110718103","0.142857"
"2110718103","65177903","0.642857"
"65177903","2110718103","0.642857"
"2158979146","2189157814","0.642857"
"2189157814","2158979146","0.642857"
"2183408979","2189157814","0.392857"
"2189157814","2183408979","0.392857"
"186445653","943960308","1"
"943960308","186445653","1"
"186445653","2121085666","1"
"2121085666","186445653","1"
"195596261","2165019171","1.37681"
"2165019171","195596261","1.37681"
"195596261","2183408979","0.333333"
"2183408979","195596261","0.333333"
"195596261","2958103579","0.376812"
"2958103579","195596261","0.376812"
"2165019171","2958103579","7.54348"
"2958103579","2165019171","7.54348"
"2183408979","2958103579","1.16667"
"2958103579","2183408979","1.16667"
"195596261","2149421556","4.04348"
"2149421556","195596261","4.04348"
"195596261","1997087578","0.0434783"
"1997087578","195596261","0.0434783"
"195596261","2000761920","0.0434783"
"2000761920","195596261","0.0434783"
"195596261","2103083636","0.376812"
"2103083636","195596261","0.376812"
"195596261","2108092188","0.0434783"
"2108092188","195596261","0.0434783"
"195596261","2121085666","0.543478"
"2121085666","195596261","0.543478"
"195596261","2130613880","0.0434783"
"2130613880","195596261","0.0434783"
"195596261","2130786469","0.376812"
"2130786469","195596261","0.376812"
"195596261","2139596207","0.0434783"
"2139596207","195596261","0.0434783"
"195596261","2155701175","0.0434783"
"2155701175","195596261","0.0434783"
"195596261","2167987550","0.0434783"
"2167987550","195596261","0.0434783"
"195596261","2183265468","0.376812"
"2183265468","195596261","0.376812"
"195596261","2189157814","0.0434783"
"2189157814","195596261","0.0434783"
"195596261","2338033627","0.0434783"
"2338033627","195596261","0.0434783"
"195596261","2767376381","0.0434783"
"2767376381","195596261","0.0434783"
"195596261","65177903","0.0434783"
"65177903","195596261","0.0434783"
"1997087578","2103083636","0.126812"
"2103083636","1997087578","0.126812"
"1997087578","2111656672","0.460145"
"2111656672","1997087578","0.460145"
"1997087578","2141715368","0.0434783"
"2141715368","1997087578","0.0434783"
"1997087578","2148570333","0.376812"
"2148570333","1997087578","0.376812"
"1997087578","2155701175","0.293478"
"2155701175","1997087578","0.293478"
"1997087578","2165019171","0.0434783"
"2165019171","1997087578","0.0434783"
"1997087578","2167987550","0.326812"
"2167987550","1997087578","0.326812"
"1997087578","2183265468","0.126812"
"2183265468","1997087578","0.126812"
"1997087578","2189157814","0.0434783"
"2189157814","1997087578","0.0434783"
"1997087578","2767376381","0.0434783"
"2767376381","1997087578","0.0434783"
"1997087578","2958103579","0.0434783"
"2958103579","1997087578","0.0434783"
"2000761920","2130613880","0.0434783"
"2130613880","2000761920","0.0434783"
"2000761920","2141715368","0.0434783"
"2141715368","2000761920","0.0434783"
"2000761920","2167987550","0.0434783"
"2167987550","2000761920","0.0434783"
"2000761920","2338033627","0.0434783"
"2338033627","2000761920","0.0434783"
"2000761920","2958103579","1.87681"
"2958103579","2000761920","1.87681"
"2103083636","2108092188","0.126812"
"2108092188","2103083636","0.126812"
"2103083636","2111656672","0.126812"
"2111656672","2103083636","0.126812"
"2103083636","2121085666","0.0434783"
"2121085666","2103083636","0.0434783"
"2103083636","2130613880","0.0434783"
"2130613880","2103083636","0.0434783"
"2103083636","2141715368","0.0434783"
"2141715368","2103083636","0.0434783"
"2103083636","2148570333","0.0434783"
"2148570333","2103083636","0.0434783"
"2103083636","2165019171","0.0434783"
"2165019171","2103083636","0.0434783"
"2103083636","2167987550","0.126812"
"2167987550","2103083636","0.126812"
"2103083636","2189157814","0.0434783"
"2189157814","2103083636","0.0434783"
"2103083636","2338033627","0.0434783"
"2338033627","2103083636","0.0434783"
"2103083636","2958103579","0.0434783"
"2958103579","2103083636","0.0434783"
"2108092188","2111656672","0.460145"
"2111656672","2108092188","0.460145"
"2108092188","2121085666","0.376812"
"2121085666","2108092188","0.376812"
"2108092188","2130613880","0.0434783"
"2130613880","2108092188","0.0434783"
"2108092188","2130786469","0.126812"
"2130786469","2108092188","0.126812"
"2108092188","2139596207","0.126812"
"2139596207","2108092188","0.126812"
"2108092188","2141715368","0.0434783"
"2141715368","2108092188","0.0434783"
"2108092188","2148570333","0.0434783"
"2148570333","2108092188","0.0434783"
"2108092188","2149421556","0.376812"
"2149421556","2108092188","0.376812"
"2108092188","2155701175","0.626812"
"2155701175","2108092188","0.626812"
"2108092188","2164861481","0.0434783"
"2164861481","2108092188","0.0434783"
"2108092188","2165019171","0.0434783"
"2165019171","2108092188","0.0434783"
"2108092188","2167987550","0.126812"
"2167987550","2108092188","0.126812"
"2108092188","2183265468","0.126812"
"2183265468","2108092188","0.126812"
"2108092188","2189157814","0.0434783"
"2189157814","2108092188","0.0434783"
"2108092188","2338033627","0.210145"
"2338033627","2108092188","0.210145"
"2108092188","2767376381","0.0434783"
"2767376381","2108092188","0.0434783"
"2108092188","2958103579","0.0434783"
"2958103579","2108092188","0.0434783"
"2108092188","65177903","0.0434783"
"65177903","2108092188","0.0434783"
"2111656672","2155701175","0.126812"
"2155701175","2111656672","0.126812"
"2111656672","2167987550","0.126812"
"2167987550","2111656672","0.126812"
"2111656672","2183265468","0.126812"
"2183265468","2111656672","0.126812"
"2111656672","2338033627","0.0434783"
"2338033627","2111656672","0.0434783"
"2111656672","2767376381","0.0434783"
"2767376381","2111656672","0.0434783"
"2111656672","2958103579","0.0434783"
"2958103579","2111656672","0.0434783"
"2120163135","2130613880","0.0434783"
"2130613880","2120163135","0.0434783"
"2120163135","2167987550","0.0434783"
"2167987550","2120163135","0.0434783"
"2120163135","2958103579","0.0434783"
"2958103579","2120163135","0.0434783"
"2121085666","2130613880","0.0434783"
"2130613880","2121085666","0.0434783"
"2121085666","2141715368","0.0434783"
"2141715368","2121085666","0.0434783"
"2121085666","2155701175","0.0434783"
"2155701175","2121085666","0.0434783"
"2121085666","2167987550","1.04348"
"2167987550","2121085666","1.04348"
"2121085666","2183265468","0.0434783"
"2183265468","2121085666","0.0434783"
"2121085666","2189157814","0.293478"
"2189157814","2121085666","0.293478"
"2121085666","2958103579","0.0434783"
"2958103579","2121085666","0.0434783"
"2130613880","2141715368","0.0434783"
"2141715368","2130613880","0.0434783"
"2130613880","2148570333","1.04348"
"2148570333","2130613880","1.04348"
"2130613880","2149421556","0.0434783"
"2149421556","2130613880","0.0434783"
