"124918302","2141393672","1.95833"
"2141393672","124918302","1.95833"
"124918302","2098860558","1.33333"
"2098860558","124918302","1.33333"
"124918302","3010707504","0.333333"
"3010707504","124918302","0.333333"
"2098860558","2141393672","0.833333"
"2141393672","2098860558","0.833333"
"2098860558","3010707504","0.333333"
"3010707504","2098860558","0.333333"
"2141393672","3010707504","0.333333"
"3010707504","2141393672","0.333333"
"124918302","2011360143","3.61111"
"2011360143","124918302","3.61111"
"124918302","75277929","1.61111"
"75277929","124918302","1.61111"
"124918302","19637595","0.111111"
"19637595","124918302","0.111111"
"124918302","1990650019","0.111111"
"1990650019","124918302","0.111111"
"124918302","2131117043","0.111111"
"2131117043","124918302","0.111111"
"124918302","2899884978","0.236111"
"2899884978","124918302","0.236111"
"124918302","2903783315","0.111111"
"2903783315","124918302","0.111111"
"124918302","3023487636","0.111111"
"3023487636","124918302","0.111111"
"124918302","68715904","0.111111"
"68715904","124918302","0.111111"
"19637595","1990650019","0.111111"
"1990650019","19637595","0.111111"
"19637595","2011360143","0.277778"
"2011360143","19637595","0.277778"
"19637595","2131117043","0.277778"
"2131117043","19637595","0.277778"
"19637595","2899884978","0.111111"
"2899884978","19637595","0.111111"
"19637595","2903783315","0.111111"
"2903783315","19637595","0.111111"
"19637595","3023487636","0.111111"
"3023487636","19637595","0.111111"
"19637595","68715904","4.27778"
"68715904","19637595","4.27778"
"19637595","75277929","0.111111"
"75277929","19637595","0.111111"
"1990650019","2011360143","1.31111"
"2011360143","1990650019","1.31111"
"1990650019","2131117043","0.311111"
"2131117043","1990650019","0.311111"
"1990650019","2899884978","0.111111"
"2899884978","1990650019","0.111111"
"1990650019","2903783315","1.44444"
"2903783315","1990650019","1.44444"
"1990650019","3023487636","0.111111"
"3023487636","1990650019","0.111111"
"1990650019","68715904","0.944444"
"68715904","1990650019","0.944444"
"1990650019","75277929","0.111111"
"75277929","1990650019","0.111111"
"2011360143","2131117043","12.4778"
"2131117043","2011360143","12.4778"
"2011360143","2899884978","0.111111"
"2899884978","2011360143","0.111111"
"2011360143","2903783315","0.444444"
"2903783315","2011360143","0.444444"
"2011360143","3023487636","2.61111"
"3023487636","2011360143","2.61111"
"2011360143","68715904","0.277778"
"68715904","2011360143","0.277778"
"2011360143","75277929","0.111111"
"75277929","2011360143","0.111111"
"2131117043","2899884978","0.111111"
"2899884978","2131117043","0.111111"
"2131117043","2903783315","0.111111"
"2903783315","2131117043","0.111111"
"2131117043","3023487636","0.611111"
"3023487636","2131117043","0.611111"
"2131117043","68715904","0.277778"
"68715904","2131117043","0.277778"
"2131117043","75277929","0.111111"
"75277929","2131117043","0.111111"
"2899884978","2903783315","0.111111"
"2903783315","2899884978","0.111111"
"2899884978","3023487636","0.111111"
"3023487636","2899884978","0.111111"
"2899884978","68715904","0.111111"
"68715904","2899884978","0.111111"
"2899884978","75277929","0.111111"
"75277929","2899884978","0.111111"
"2903783315","3023487636","0.111111"
"3023487636","2903783315","0.111111"
"2903783315","68715904","0.111111"
"68715904","2903783315","0.111111"
"2903783315","75277929","0.111111"
"75277929","2903783315","0.111111"
"3023487636","68715904","0.111111"
"68715904","3023487636","0.111111"
"3023487636","75277929","0.111111"
"75277929","3023487636","0.111111"
"68715904","75277929","0.111111"
"75277929","68715904","0.111111"
"2011360143","2141393672","0.866667"
"2141393672","2011360143","0.866667"
"124918302","1602336767","0.125"
"1602336767","124918302","0.125"
"124918302","1966601882","0.402778"
"1966601882","124918302","0.402778"
"124918302","2007223396","0.402778"
"2007223396","124918302","0.402778"
"124918302","2118033895","0.236111"
"2118033895","124918302","0.236111"
"124918302","2137020039","0.402778"
"2137020039","124918302","0.402778"
"124918302","2399925426","0.402778"
"2399925426","124918302","0.402778"
"1602336767","1966601882","0.540909"
"1966601882","1602336767","0.540909"
"1602336767","2007223396","0.540909"
"2007223396","1602336767","0.540909"
"1602336767","2118033895","0.340909"
"2118033895","1602336767","0.340909"
"1602336767","2137020039","1.54091"
"2137020039","1602336767","1.54091"
"1602336767","2141393672","0.340909"
"2141393672","1602336767","0.340909"
"1602336767","2399925426","0.540909"
"2399925426","1602336767","0.540909"
"1602336767","2899884978","0.125"
"2899884978","1602336767","0.125"
"1966601882","2007223396","1.47702"
"2007223396","1966601882","1.47702"
"1966601882","2118033895","0.993687"
"2118033895","1966601882","0.993687"
"1966601882","2137020039","1.35202"
"2137020039","1966601882","1.35202"
"1966601882","2141393672","5.61591"
"2141393672","1966601882","5.61591"
"1966601882","2399925426","8.17702"
"2399925426","1966601882","8.17702"
"1966601882","2899884978","0.125"
"2899884978","1966601882","0.125"
"2007223396","2118033895","0.57702"
"2118033895","2007223396","0.57702"
"2007223396","2137020039","1.35202"
"2137020039","2007223396","1.35202"
"2007223396","2141393672","0.665909"
"2141393672","2007223396","0.665909"
"2007223396","2399925426","1.47702"
"2399925426","2007223396","1.47702"
"2007223396","2899884978","0.125"
"2899884978","2007223396","0.125"
"2118033895","2137020039","0.45202"
"2137020039","2118033895","0.45202"
"2118033895","2141393672","0.632576"
"2141393672","2118033895","0.632576"
"2118033895","2399925426","1.99369"
"2399925426","2118033895","1.99369"
"2118033895","2899884978","0.125"
"2899884978","2118033895","0.125"
"2137020039","2141393672","0.540909"
"2141393672","2137020039","0.540909"
"2137020039","2399925426","1.35202"
"2399925426","2137020039","1.35202"
"2137020039","2899884978","0.125"
"2899884978","2137020039","0.125"
"2141393672","2399925426","4.61591"
"2399925426","2141393672","4.61591"
"2141393672","2899884978","0.458333"
"2899884978","2141393672","0.458333"
"2399925426","2899884978","0.125"
"2899884978","2399925426","0.125"
"124918302","2111448117","0.166667"
"2111448117","124918302","0.166667"
"124918302","2170679598","0.277778"
"2170679598","124918302","0.277778"
"1966601882","2111448117","0.424242"
"2111448117","1966601882","0.424242"
"1966601882","2170679598","1.19444"
"2170679598","1966601882","1.19444"
"2007223396","2111448117","0.257576"
"2111448117","2007223396","0.257576"
"2007223396","2170679598","0.527778"
"2170679598","2007223396","0.527778"
"2111448117","2137020039","0.257576"
"2137020039","2111448117","0.257576"
"2111448117","2170679598","0.166667"
"2170679598","2111448117","0.166667"
"2111448117","2399925426","0.424242"
"2399925426","2111448117","0.424242"
"2137020039","2170679598","0.402778"
"2170679598","2137020039","0.402778"
"2170679598","2399925426","1.69444"
"2399925426","2170679598","1.69444"
"124918302","2158842228","0.111111"
"2158842228","124918302","0.111111"
"124918302","2400148300","0.611111"
"2400148300","124918302","0.611111"
"124918302","2953457943","0.111111"
"2953457943","124918302","0.111111"
"1966601882","2158842228","0.402778"
"2158842228","1966601882","0.402778"
"1966601882","2400148300","1.19369"
"2400148300","1966601882","1.19369"
"1966601882","2953457943","0.20202"
"2953457943","1966601882","0.20202"
"2007223396","2158842228","0.236111"
"2158842228","2007223396","0.236111"
"2007223396","2400148300","1.52702"
"2400148300","2007223396","1.52702"
"2007223396","2953457943","0.20202"
"2953457943","2007223396","0.20202"
"2118033895","2158842228","2.15278"
"2158842228","2118033895","2.15278"
"2118033895","2170679598","3.77778"
"2170679598","2118033895","3.77778"
"2118033895","2400148300","2.32702"
"2400148300","2118033895","2.32702"
"2118033895","2953457943","1.32702"
"2953457943","2118033895","1.32702"
"2137020039","2158842228","0.111111"
"2158842228","2137020039","0.111111"
"2137020039","2400148300","0.40202"
"2400148300","2137020039","0.40202"
"2137020039","2953457943","0.20202"
"2953457943","2137020039","0.20202"
"2158842228","2170679598","5.15278"
"2170679598","2158842228","5.15278"
"2158842228","2399925426","0.402778"
"2399925426","2158842228","0.402778"
"2158842228","2400148300","0.236111"
"2400148300","2158842228","0.236111"
"2158842228","2953457943","0.111111"
"2953457943","2158842228","0.111111"
"2170679598","2400148300","0.236111"
"2400148300","2170679598","0.236111"
"2170679598","2953457943","0.111111"
"2953457943","2170679598","0.111111"
"2399925426","2400148300","1.69369"
"2400148300","2399925426","1.69369"
"2399925426","2953457943","0.20202"
"2953457943","2399925426","0.20202"
"2400148300","2953457943","1.20202"
"2953457943","2400148300","1.20202"
"2400148300","75277929","0.75"
"75277929","2400148300","0.75"
"1494215347","162738165","3.78333"
"162738165","1494215347","3.78333"
"1494215347","1990650019","7.83333"
"1990650019","1494215347","7.83333"
"162738165","1990650019","0.5"
"1990650019","162738165","0.5"
"1494215347","3010707504","3"
"3010707504","1494215347","3"
"1494215347","1966601882","0.166667"
"1966601882","1494215347","0.166667"
"1494215347","2098860558","1"
"2098860558","1494215347","1"
"1494215347","2111448117","1.45"
"2111448117","1494215347","1.45"
"1494215347","2141393672","0.166667"
"2141393672","1494215347","0.166667"
"1494215347","2399925426","0.166667"
"2399925426","1494215347","0.166667"
"1494215347","2400148300","0.166667"
"2400148300","1494215347","0.166667"
"1966601882","2098860558","0.166667"
"2098860558","1966601882","0.166667"
"2098860558","2111448117","0.741667"
"2111448117","2098860558","0.741667"
"2098860558","2399925426","0.166667"
"2399925426","2098860558","0.166667"
"2098860558","2400148300","0.416667"
"2400148300","2098860558","0.416667"
"2111448117","2141393672","0.257576"
"2141393672","2111448117","0.257576"
"2111448117","2400148300","0.507576"
"2400148300","2111448117","0.507576"
"2141393672","2400148300","0.632576"
"2400148300","2141393672","0.632576"
"1494215347","2903783315","0.666667"
"2903783315","1494215347","0.666667"
"1494215347","2999445951","0.666667"
"2999445951","1494215347","0.666667"
"1990650019","2999445951","0.333333"
"2999445951","1990650019","0.333333"
"2903783315","2999445951","17.3667"
"2999445951","2903783315","17.3667"
"162738165","3010707504","0.5"
"3010707504","162738165","0.5"
"1494215347","2935191303","0.5"
"2935191303","1494215347","0.5"
"2111448117","2935191303","0.5"
"2935191303","2111448117","0.5"
"1494215347","68715904","0.7"
"68715904","1494215347","0.7"
"1494215347","2155631548","0.533333"
"2155631548","1494215347","0.533333"
"1494215347","2295894270","0.2"
"2295894270","1494215347","0.2"
"162738165","2111448117","0.575"
"2111448117","162738165","0.575"
"162738165","2155631548","0.2"
"2155631548","162738165","0.2"
"162738165","2295894270","0.325"
"2295894270","162738165","0.325"
"162738165","68715904","0.325"
"68715904","162738165","0.325"
"2111448117","2155631548","0.533333"
"2155631548","2111448117","0.533333"
"2111448117","2295894270","3.61591"
"2295894270","2111448117","3.61591"
"2111448117","68715904","0.325"
"68715904","2111448117","0.325"
"2155631548","2295894270","0.2"
"2295894270","2155631548","0.2"
"2155631548","68715904","0.45"
"68715904","2155631548","0.45"
"2295894270","68715904","0.825"
"68715904","2295894270","0.825"
"1494215347","2011360143","0.666667"
"2011360143","1494215347","0.666667"
"2011360143","2999445951","0.333333"
"2999445951","2011360143","0.333333"
"1494215347","34876031","0.333333"
"34876031","1494215347","0.333333"
"162738165","2098860558","1.45833"
"2098860558","162738165","1.45833"
"162738165","34876031","0.333333"
"34876031","162738165","0.333333"
"2098860558","34876031","0.533333"
"34876031","2098860558","0.533333"
"1494215347","2766024137","1.75"
"2766024137","1494215347","1.75"
"1494215347","2186442710","0.25"
"2186442710","1494215347","0.25"
"162738165","2186442710","0.25"
"2186442710","162738165","0.25"
"162738165","2766024137","1.375"
"2766024137","162738165","1.375"
"2111448117","2186442710","0.25"
"2186442710","2111448117","0.25"
"2111448117","2766024137","0.625"
"2766024137","2111448117","0.625"
"2186442710","2766024137","2.25"
"2766024137","2186442710","2.25"
"2098860558","2766024137","0.875"
"2766024137","2098860558","0.875"
"1990650019","3010707504","0.5"
"3010707504","1990650019","0.5"
"2011360143","2111448117","0.333333"
"2111448117","2011360143","0.333333"
"2011360143","2155631548","0.333333"
"2155631548","2011360143","0.333333"
"1602336767","2400148300","0.290909"
"2400148300","1602336767","0.290909"
"1602336767","2096478880","0.0909091"
"2096478880","1602336767","0.0909091"
"1602336767","2111448117","0.0909091"
"2111448117","1602336767","0.0909091"
"1602336767","2295894270","0.0909091"
"2295894270","1602336767","0.0909091"
"1602336767","2953457943","0.0909091"
"2953457943","1602336767","0.0909091"
"1966601882","2096478880","0.290909"
"2096478880","1966601882","0.290909"
"1966601882","2295894270","0.340909"
"2295894270","1966601882","0.340909"
"2007223396","2096478880","0.290909"
"2096478880","2007223396","0.290909"
"2007223396","2295894270","0.0909091"
"2295894270","2007223396","0.0909091"
"2096478880","2111448117","0.0909091"
"2111448117","2096478880","0.0909091"
"2096478880","2118033895","0.0909091"
"2118033895","2096478880","0.0909091"
"2096478880","2137020039","0.290909"
"2137020039","2096478880","0.290909"
"2096478880","2141393672","0.290909"
"2141393672","2096478880","0.290909"
"2096478880","2295894270","0.0909091"
"2295894270","2096478880","0.0909091"
"2096478880","2399925426","0.290909"
"2399925426","2096478880","0.290909"
"2096478880","2400148300","0.0909091"
"2400148300","2096478880","0.0909091"
"2096478880","2953457943","0.0909091"
"2953457943","2096478880","0.0909091"
"2111448117","2118033895","0.465909"
"2118033895","2111448117","0.465909"
"2111448117","2953457943","0.215909"
"2953457943","2111448117","0.215909"
"2118033895","2295894270","0.965909"
"2295894270","2118033895","0.965909"
"2137020039","2295894270","0.0909091"
"2295894270","2137020039","0.0909091"
"2141393672","2295894270","0.0909091"
"2295894270","2141393672","0.0909091"
"2141393672","2953457943","0.0909091"
"2953457943","2141393672","0.0909091"
"2295894270","2399925426","0.340909"
"2399925426","2295894270","0.340909"
"2295894270","2400148300","0.340909"
"2400148300","2295894270","0.340909"
"2295894270","2953457943","0.215909"
"2953457943","2295894270","0.215909"
"1602336767","2158842228","0.5"
"2158842228","1602336767","0.5"
"1602336767","2170679598","0.625"
"2170679598","1602336767","0.625"
"1602336767","1990650019","0.5"
"1990650019","1602336767","0.5"
"1602336767","2155631548","0.5"
"2155631548","1602336767","0.5"
"1990650019","2155631548","0.5"
"2155631548","1990650019","0.5"
"1602336767","162738165","0.125"
"162738165","1602336767","0.125"
"162738165","1966601882","0.125"
"1966601882","162738165","0.125"
"162738165","2007223396","0.125"
"2007223396","162738165","0.125"
"162738165","2118033895","0.25"
"2118033895","162738165","0.25"
"162738165","2137020039","0.125"
"2137020039","162738165","0.125"
"162738165","2141393672","0.125"
"2141393672","162738165","0.125"
"162738165","2170679598","0.125"
"2170679598","162738165","0.125"
"162738165","2399925426","0.125"
"2399925426","162738165","0.125"
"2141393672","2170679598","0.416667"
"2170679598","2141393672","0.416667"
"162738165","2953457943","0.125"
"2953457943","162738165","0.125"
"162738165","2999445951","0.125"
"2999445951","162738165","0.125"
"2098860558","2118033895","0.708333"
"2118033895","2098860558","0.708333"
"2098860558","2295894270","0.325"
"2295894270","2098860558","0.325"
"2098860558","2953457943","0.625"
"2953457943","2098860558","0.625"
"2098860558","2999445951","0.325"
"2999445951","2098860558","0.325"
"2098860558","68715904","0.458333"
"68715904","2098860558","0.458333"
"2111448117","2999445951","0.325"
"2999445951","2111448117","0.325"
"2118033895","2766024137","0.5"
"2766024137","2118033895","0.5"
"2118033895","2999445951","0.125"
"2999445951","2118033895","0.125"
"2118033895","68715904","1.20833"
"68715904","2118033895","1.20833"
"2295894270","2766024137","0.125"
"2766024137","2295894270","0.125"
"2295894270","2999445951","0.325"
"2999445951","2295894270","0.325"
"2766024137","2953457943","0.125"
"2953457943","2766024137","0.125"
"2766024137","2999445951","0.125"
"2999445951","2766024137","0.125"
"2766024137","68715904","0.125"
"68715904","2766024137","0.125"
"2953457943","2999445951","2.125"
"2999445951","2953457943","2.125"
"2953457943","68715904","0.125"
"68715904","2953457943","0.125"
"2999445951","68715904","0.125"
"68715904","2999445951","0.125"
"19637595","1966601882","0.166667"
"1966601882","19637595","0.166667"
"19637595","2141393672","0.166667"
"2141393672","19637595","0.166667"
"19637595","2399925426","0.166667"
"2399925426","19637595","0.166667"
"1966601882","2011360143","0.366667"
"2011360143","1966601882","0.366667"
"1966601882","2131117043","0.366667"
"2131117043","1966601882","0.366667"
"1966601882","68715904","0.166667"
"68715904","1966601882","0.166667"
"2011360143","2399925426","0.366667"
"2399925426","2011360143","0.366667"
"2131117043","2141393672","0.366667"
"2141393672","2131117043","0.366667"
"2131117043","2399925426","0.366667"
"2399925426","2131117043","0.366667"
"2141393672","68715904","0.166667"
"68715904","2141393672","0.166667"
"2399925426","68715904","0.166667"
"68715904","2399925426","0.166667"
"1966601882","75277929","0.25"
"75277929","1966601882","0.25"
"2141393672","75277929","0.25"
"75277929","2141393672","0.25"
"2399925426","75277929","0.25"
"75277929","2399925426","0.25"
"1966601882","1990650019","0.2"
"1990650019","1966601882","0.2"
"1990650019","2141393672","0.2"
"2141393672","1990650019","0.2"
"1990650019","2399925426","0.2"
"2399925426","1990650019","0.2"
"1966601882","2155631548","0.166667"
"2155631548","1966601882","0.166667"
"2118033895","2155631548","0.416667"
"2155631548","2118033895","0.416667"
"2141393672","2155631548","0.5"
"2155631548","2141393672","0.5"
"2141393672","2158842228","0.291667"
"2158842228","2141393672","0.291667"
"2155631548","2158842228","0.416667"
"2158842228","2155631548","0.416667"
"2155631548","2170679598","0.416667"
"2170679598","2155631548","0.416667"
"2155631548","2399925426","0.166667"
"2399925426","2155631548","0.166667"
"1966601882","2766024137","0.125"
"2766024137","1966601882","0.125"
"2007223396","2766024137","0.125"
"2766024137","2007223396","0.125"
"2141393672","2766024137","0.125"
"2766024137","2141393672","0.125"
"2158842228","2766024137","0.125"
"2766024137","2158842228","0.125"
"2170679598","2766024137","0.125"
"2766024137","2170679598","0.125"
"2399925426","2766024137","0.125"
"2766024137","2399925426","0.125"
"2400148300","2766024137","0.375"
"2766024137","2400148300","0.375"
"1990650019","2098860558","0.333333"
"2098860558","1990650019","0.333333"
"1990650019","2118033895","0.333333"
"2118033895","1990650019","0.333333"
"2011360143","2158842228","0.5"
"2158842228","2011360143","0.5"
"2011360143","2170679598","0.5"
"2170679598","2011360143","0.5"
"2011360143","2098860558","0.5"
"2098860558","2011360143","0.5"
"2098860558","2131117043","0.5"
"2131117043","2098860558","0.5"
"2098860558","2155631548","0.333333"
"2155631548","2098860558","0.333333"
"2098860558","2899884978","0.333333"
"2899884978","2098860558","0.333333"
"2155631548","2899884978","0.333333"
"2899884978","2155631548","0.333333"
"2098860558","2903783315","0.2"
"2903783315","2098860558","0.2"
"2111448117","2903783315","0.2"
"2903783315","2111448117","0.2"
"2111448117","34876031","0.2"
"34876031","2111448117","0.2"
"2295894270","2903783315","0.2"
"2903783315","2295894270","0.2"
"2295894270","34876031","0.2"
"34876031","2295894270","0.2"
"2903783315","34876031","0.2"
"34876031","2903783315","0.2"
"2999445951","34876031","0.2"
"34876031","2999445951","0.2"
"2098860558","2593773419","0.5"
"2593773419","2098860558","0.5"
"2593773419","2953457943","2"
"2953457943","2593773419","2"
"2118033895","75277929","1"
"75277929","2118033895","1"
"2158842228","68715904","0.25"
"68715904","2158842228","0.25"
"2170679598","68715904","0.25"
"68715904","2170679598","0.25"
"2155631548","2926663395","1"
"2926663395","2155631548","1"
"2155631548","75277929","1"
"75277929","2155631548","1"
"2155631548","34876031","1"
"34876031","2155631548","1"
"2155631548","2996154616","1"
"2996154616","2155631548","1"
"2593773419","2903783315","1.5"
"2903783315","2593773419","1.5"
"2593773419","2899884978","0.5"
"2899884978","2593773419","0.5"
"2899884978","2953457943","0.5"
"2953457943","2899884978","0.5"
"2593773419","2999445951","0.5"
"2999445951","2593773419","0.5"
"2766024137","2935191303","1"
"2935191303","2766024137","1"
"2903783315","2953457943","3"
"2953457943","2903783315","3"
"2926663395","2953457943","1"
"2953457943","2926663395","1"
"2935191303","3010707504","1"
"3010707504","2935191303","1"
