"1594812371","2022837085","1"
"2022837085","1594812371","1"
"1594812371","1974294502","0.533333"
"1974294502","1594812371","0.533333"
"1594812371","2026067799","1.53333"
"2026067799","1594812371","1.53333"
"1594812371","2086586273","1.53333"
"2086586273","1594812371","1.53333"
"1974294502","2026067799","1.81905"
"2026067799","1974294502","1.81905"
"1974294502","2086586273","0.819048"
"2086586273","1974294502","0.819048"
"2026067799","2086586273","3.31905"
"2086586273","2026067799","3.31905"
"1594812371","1985842743","0.7"
"1985842743","1594812371","0.7"
"1985842743","2086586273","0.842857"
"2086586273","1985842743","0.842857"
"1594812371","2125551414","0.2"
"2125551414","1594812371","0.2"
"1974294502","1985842743","0.342857"
"1985842743","1974294502","0.342857"
"1974294502","2125551414","0.842857"
"2125551414","1974294502","0.842857"
"1985842743","2026067799","3.54286"
"2026067799","1985842743","3.54286"
"1985842743","2125551414","0.2"
"2125551414","1985842743","0.2"
"2026067799","2125551414","0.842857"
"2125551414","2026067799","0.842857"
"2086586273","2125551414","0.67619"
"2125551414","2086586273","0.67619"
"1594812371","2107775381","0.5"
"2107775381","1594812371","0.5"
"2026067799","2107775381","1.5"
"2107775381","2026067799","1.5"
"1968864191","1974294502","0.785714"
"1974294502","1968864191","0.785714"
"1968864191","2026067799","0.785714"
"2026067799","1968864191","0.785714"
"1968864191","1982628262","0.285714"
"1982628262","1968864191","0.285714"
"1968864191","1986606504","0.285714"
"1986606504","1968864191","0.285714"
"1968864191","2086586273","3.78571"
"2086586273","1968864191","3.78571"
"1968864191","2099633782","0.285714"
"2099633782","1968864191","0.285714"
"1968864191","2125551414","0.142857"
"2125551414","1968864191","0.142857"
"1974294502","1982628262","0.285714"
"1982628262","1974294502","0.285714"
"1974294502","1986606504","0.285714"
"1986606504","1974294502","0.285714"
"1974294502","2099633782","0.285714"
"2099633782","1974294502","0.285714"
"1982628262","1986606504","5.53571"
"1986606504","1982628262","5.53571"
"1982628262","2026067799","0.902381"
"2026067799","1982628262","0.902381"
"1982628262","2086586273","0.285714"
"2086586273","1982628262","0.285714"
"1982628262","2099633782","2.56905"
"2099633782","1982628262","2.56905"
"1982628262","2125551414","0.142857"
"2125551414","1982628262","0.142857"
"1986606504","2026067799","1.20238"
"2026067799","1986606504","1.20238"
"1986606504","2086586273","0.785714"
"2086586273","1986606504","0.785714"
"1986606504","2099633782","1.36905"
"2099633782","1986606504","1.36905"
"1986606504","2125551414","0.142857"
"2125551414","1986606504","0.142857"
"2026067799","2099633782","1.23571"
"2099633782","2026067799","1.23571"
"2086586273","2099633782","0.285714"
"2099633782","2086586273","0.285714"
"2099633782","2125551414","1.14286"
"2125551414","2099633782","1.14286"
"1968864191","1985842743","1.14286"
"1985842743","1968864191","1.14286"
"1982628262","1985842743","0.509524"
"1985842743","1982628262","0.509524"
"1985842743","1986606504","1.30952"
"1986606504","1985842743","1.30952"
"1985842743","2099633782","0.842857"
"2099633782","1985842743","0.842857"
"1968864191","2105563738","0.5"
"2105563738","1968864191","0.5"
"2086586273","2105563738","2.33333"
"2105563738","2086586273","2.33333"
"1982628262","2083575929","1.61667"
"2083575929","1982628262","1.61667"
"1982628262","2103793365","0.366667"
"2103793365","1982628262","0.366667"
"1985842743","2083575929","1.36667"
"2083575929","1985842743","1.36667"
"1985842743","2103793365","0.866667"
"2103793365","1985842743","0.866667"
"2026067799","2083575929","0.616667"
"2083575929","2026067799","0.616667"
"2026067799","2103793365","0.366667"
"2103793365","2026067799","0.366667"
"2083575929","2099633782","0.45"
"2099633782","2083575929","0.45"
"2083575929","2103793365","0.366667"
"2103793365","2083575929","0.366667"
"2099633782","2103793365","1.45"
"2103793365","2099633782","1.45"
"1986606504","2083575929","1.91667"
"2083575929","1986606504","1.91667"
"1982628262","2107775381","0.333333"
"2107775381","1982628262","0.333333"
"1986606504","2107775381","0.333333"
"2107775381","1986606504","0.333333"
"2099633782","2107775381","0.333333"
"2107775381","2099633782","0.333333"
"1982628262","2105563738","0.166667"
"2105563738","1982628262","0.166667"
"1985842743","2105563738","0.166667"
"2105563738","1985842743","0.166667"
"1986606504","2103793365","0.166667"
"2103793365","1986606504","0.166667"
"1986606504","2105563738","1.16667"
"2105563738","1986606504","1.16667"
"2026067799","2105563738","1.66667"
"2105563738","2026067799","1.66667"
"2083575929","2105563738","0.166667"
"2105563738","2083575929","0.166667"
"2103793365","2105563738","0.5"
"2105563738","2103793365","0.5"
"1985842743","2079454931","0.5"
"2079454931","1985842743","0.5"
"2079454931","2103793365","5.41667"
"2103793365","2079454931","5.41667"
"1985842743","2022837085","0.333333"
"2022837085","1985842743","0.333333"
"1985842743","2074761905","0.333333"
"2074761905","1985842743","0.333333"
"2022837085","2026067799","0.333333"
"2026067799","2022837085","0.333333"
"2022837085","2074761905","4.25"
"2074761905","2022837085","4.25"
"2026067799","2074761905","0.333333"
"2074761905","2026067799","0.333333"
"1986606504","2155599202","0.5"
"2155599202","1986606504","0.5"
"2083575929","2155599202","0.5"
"2155599202","2083575929","0.5"
"2012607755","2079454931","2"
"2079454931","2012607755","2"
"2022837085","2079454931","2.41667"
"2079454931","2022837085","2.41667"
"2022837085","2103793365","3.41667"
"2103793365","2022837085","3.41667"
"2074761905","2079454931","11.4167"
"2079454931","2074761905","11.4167"
"2074761905","2103793365","4.41667"
"2103793365","2074761905","4.41667"
"2022837085","2099633782","0.25"
"2099633782","2022837085","0.25"
"2074761905","2099633782","0.25"
"2099633782","2074761905","0.25"
"2079454931","2099633782","0.25"
"2099633782","2079454931","0.25"
"2086586273","2103793365","0.333333"
"2103793365","2086586273","0.333333"
"2103793365","2125551414","0.333333"
"2125551414","2103793365","0.333333"
"2105563738","2125551414","0.333333"
"2125551414","2105563738","0.333333"
