"1503429812","1511439665","1.95952"
"1511439665","1503429812","1.95952"
"1503429812","1519420225","0.742857"
"1519420225","1503429812","0.742857"
"1503429812","1554426544","0.459524"
"1554426544","1503429812","0.459524"
"1503429812","1970596867","2.04286"
"1970596867","1503429812","2.04286"
"1503429812","2076112456","0.209524"
"2076112456","1503429812","0.209524"
"1503429812","2099783769","1.32619"
"2099783769","1503429812","1.32619"
"1503429812","2103431672","1.79286"
"2103431672","1503429812","1.79286"
"1503429812","2110057661","0.316667"
"2110057661","1503429812","0.316667"
"1503429812","2130246356","0.983333"
"2130246356","1503429812","0.983333"
"1503429812","2142607245","1.68571"
"2142607245","1503429812","1.68571"
"1503429812","2154777799","1.06667"
"2154777799","1503429812","1.06667"
"1503429812","2168366350","0.566667"
"2168366350","1503429812","0.566667"
"1503429812","2172236190","0.0666667"
"2172236190","1503429812","0.0666667"
"1503429812","2211679007","0.552381"
"2211679007","1503429812","0.552381"
"1503429812","2581179569","0.0666667"
"2581179569","1503429812","0.0666667"
"1511439665","1519420225","0.209524"
"1519420225","1511439665","0.209524"
"1511439665","1554426544","3.01111"
"1554426544","1511439665","3.01111"
"1511439665","1970596867","0.677778"
"1970596867","1511439665","0.677778"
"1511439665","2076112456","1.32063"
"2076112456","1511439665","1.32063"
"1511439665","2099783769","1.12619"
"2099783769","1511439665","1.12619"
"1511439665","2103431672","0.209524"
"2103431672","1511439665","0.209524"
"1511439665","2110057661","0.0666667"
"2110057661","1511439665","0.0666667"
"1511439665","2130246356","0.0666667"
"2130246356","1511439665","0.0666667"
"1511439665","2142607245","1.07063"
"2142607245","1511439665","1.07063"
"1511439665","2154777799","0.566667"
"2154777799","1511439665","0.566667"
"1511439665","2168366350","0.177778"
"2168366350","1511439665","0.177778"
"1511439665","2172236190","0.177778"
"2172236190","1511439665","0.177778"
"1511439665","2211679007","1.40397"
"2211679007","1511439665","1.40397"
"1511439665","2581179569","0.0666667"
"2581179569","1511439665","0.0666667"
"1519420225","1554426544","0.316667"
"1554426544","1519420225","0.316667"
"1519420225","1970596867","0.316667"
"1970596867","1519420225","0.316667"
"1519420225","2076112456","0.209524"
"2076112456","1519420225","0.209524"
"1519420225","2099783769","1.40952"
"2099783769","1519420225","1.40952"
"1519420225","2103431672","0.209524"
"2103431672","1519420225","0.209524"
"1519420225","2110057661","0.0666667"
"2110057661","1519420225","0.0666667"
"1519420225","2130246356","0.0666667"
"2130246356","1519420225","0.0666667"
"1519420225","2142607245","0.542857"
"2142607245","1519420225","0.542857"
"1519420225","2154777799","1.06667"
"2154777799","1519420225","1.06667"
"1519420225","2168366350","0.0666667"
"2168366350","1519420225","0.0666667"
"1519420225","2172236190","0.0666667"
"2172236190","1519420225","0.0666667"
"1519420225","2211679007","0.409524"
"2211679007","1519420225","0.409524"
"1519420225","2581179569","1.06667"
"2581179569","1519420225","1.06667"
"1554426544","1970596867","0.570635"
"1970596867","1554426544","0.570635"
"1554426544","2076112456","0.711111"
"2076112456","1554426544","0.711111"
"1554426544","2099783769","0.65"
"2099783769","1554426544","0.65"
"1554426544","2103431672","1.06667"
"2103431672","1554426544","1.06667"
"1554426544","2110057661","0.0666667"
"2110057661","1554426544","0.0666667"
"1554426544","2130246356","0.0666667"
"2130246356","1554426544","0.0666667"
"1554426544","2142607245","0.770635"
"2142607245","1554426544","0.770635"
"1554426544","2154777799","0.566667"
"2154777799","1554426544","0.566667"
"1554426544","2168366350","0.377778"
"2168366350","1554426544","0.377778"
"1554426544","2172236190","0.177778"
"2172236190","1554426544","0.177778"
"1554426544","2211679007","1.60397"
"2211679007","1554426544","1.60397"
"1554426544","2581179569","0.0666667"
"2581179569","1554426544","0.0666667"
"1970596867","2076112456","3.66389"
"2076112456","1970596867","3.66389"
"1970596867","2099783769","0.566667"
"2099783769","1970596867","0.566667"
"1970596867","2103431672","3.63611"
"2103431672","1970596867","3.63611"
"1970596867","2110057661","0.0666667"
"2110057661","1970596867","0.0666667"
"1970596867","2130246356","0.0666667"
"2130246356","1970596867","0.0666667"
"1970596867","2142607245","0.320635"
"2142607245","1970596867","0.320635"
"1970596867","2154777799","0.0666667"
"2154777799","1970596867","0.0666667"
"1970596867","2168366350","0.552778"
"2168366350","1970596867","0.552778"
"1970596867","2172236190","0.177778"
"2172236190","1970596867","0.177778"
"1970596867","2211679007","0.820635"
"2211679007","1970596867","0.820635"
"1970596867","2581179569","0.177778"
"2581179569","1970596867","0.177778"
"2076112456","2099783769","0.209524"
"2099783769","2076112456","0.209524"
"2076112456","2103431672","2.64563"
"2103431672","2076112456","2.64563"
"2076112456","2110057661","0.0666667"
"2110057661","2076112456","0.0666667"
"2076112456","2130246356","0.0666667"
"2130246356","2076112456","0.0666667"
"2076112456","2142607245","0.520635"
"2142607245","2076112456","0.520635"
"2076112456","2154777799","0.0666667"
"2154777799","2076112456","0.0666667"
"2076112456","2168366350","1.95278"
"2168366350","2076112456","1.95278"
"2076112456","2172236190","0.177778"
"2172236190","2076112456","0.177778"
"2076112456","2211679007","0.520635"
"2211679007","2076112456","0.520635"
"2076112456","2581179569","0.177778"
"2581179569","2076112456","0.177778"
"2099783769","2103431672","3.04286"
"2103431672","2099783769","3.04286"
"2099783769","2110057661","0.0666667"
"2110057661","2099783769","0.0666667"
"2099783769","2130246356","1.06667"
"2130246356","2099783769","1.06667"
"2099783769","2142607245","0.209524"
"2142607245","2099783769","0.209524"
"2099783769","2154777799","0.316667"
"2154777799","2099783769","0.316667"
"2099783769","2168366350","0.0666667"
"2168366350","2099783769","0.0666667"
"2099783769","2172236190","0.0666667"
"2172236190","2099783769","0.0666667"
"2099783769","2211679007","0.742857"
"2211679007","2099783769","0.742857"
"2099783769","2581179569","0.0666667"
"2581179569","2099783769","0.0666667"
"2103431672","2110057661","0.316667"
"2110057661","2103431672","0.316667"
"2103431672","2130246356","1.98333"
"2130246356","2103431672","1.98333"
"2103431672","2142607245","0.209524"
"2142607245","2103431672","0.209524"
"2103431672","2154777799","1.31667"
"2154777799","2103431672","1.31667"
"2103431672","2168366350","0.725"
"2168366350","2103431672","0.725"
"2103431672","2172236190","0.0666667"
"2172236190","2103431672","0.0666667"
"2103431672","2211679007","0.209524"
"2211679007","2103431672","0.209524"
"2103431672","2581179569","0.177778"
"2581179569","2103431672","0.177778"
"2110057661","2130246356","1.31667"
"2130246356","2110057661","1.31667"
"2110057661","2142607245","0.0666667"
"2142607245","2110057661","0.0666667"
"2110057661","2154777799","2.31667"
"2154777799","2110057661","2.31667"
"2110057661","2168366350","0.0666667"
"2168366350","2110057661","0.0666667"
"2110057661","2172236190","1.56667"
"2172236190","2110057661","1.56667"
"2110057661","2211679007","0.0666667"
"2211679007","2110057661","0.0666667"
"2110057661","2581179569","0.0666667"
"2581179569","2110057661","0.0666667"
"2130246356","2142607245","0.0666667"
"2142607245","2130246356","0.0666667"
"2130246356","2154777799","3.31667"
"2154777799","2130246356","3.31667"
"2130246356","2168366350","0.4"
"2168366350","2130246356","0.4"
"2130246356","2172236190","0.0666667"
"2172236190","2130246356","0.0666667"
"2130246356","2211679007","0.0666667"
"2211679007","2130246356","0.0666667"
"2130246356","2581179569","0.0666667"
"2581179569","2130246356","0.0666667"
"2142607245","2154777799","0.316667"
"2154777799","2142607245","0.316667"
"2142607245","2168366350","0.377778"
"2168366350","2142607245","0.377778"
"2142607245","2172236190","0.177778"
"2172236190","2142607245","0.177778"
"2142607245","2211679007","4.91349"
"2211679007","2142607245","4.91349"
"2142607245","2581179569","0.0666667"
"2581179569","2142607245","0.0666667"
"2154777799","2168366350","2.56667"
"2168366350","2154777799","2.56667"
"2154777799","2172236190","0.0666667"
"2172236190","2154777799","0.0666667"
"2154777799","2211679007","0.316667"
"2211679007","2154777799","0.316667"
"2154777799","2581179569","0.0666667"
"2581179569","2154777799","0.0666667"
"2168366350","2172236190","0.177778"
"2172236190","2168366350","0.177778"
"2168366350","2211679007","0.377778"
"2211679007","2168366350","0.377778"
"2168366350","2581179569","0.0666667"
"2581179569","2168366350","0.0666667"
"2172236190","2211679007","0.177778"
"2211679007","2172236190","0.177778"
"2172236190","2581179569","0.0666667"
"2581179569","2172236190","0.0666667"
"2211679007","2581179569","0.0666667"
"2581179569","2211679007","0.0666667"
"1503429812","207160223","0.342857"
"207160223","1503429812","0.342857"
"1503429812","2808866422","0.142857"
"2808866422","1503429812","0.142857"
"1503429812","2947213917","0.142857"
"2947213917","1503429812","0.142857"
"1554426544","207160223","0.503968"
"207160223","1554426544","0.503968"
"1554426544","2808866422","0.342857"
"2808866422","1554426544","0.342857"
"1554426544","2947213917","0.142857"
"2947213917","1554426544","0.142857"
"1970596867","207160223","0.503968"
"207160223","1970596867","0.503968"
"1970596867","2808866422","0.378968"
"2808866422","1970596867","0.378968"
"1970596867","2947213917","0.517857"
"2947213917","1970596867","0.517857"
"207160223","2142607245","0.753968"
"2142607245","207160223","0.753968"
"207160223","2211679007","1.95397"
"2211679007","207160223","1.95397"
"207160223","2808866422","0.142857"
"2808866422","207160223","0.142857"
"207160223","2947213917","0.142857"
"2947213917","207160223","0.142857"
"2142607245","2808866422","0.342857"
"2808866422","2142607245","0.342857"
"2142607245","2947213917","0.142857"
"2947213917","2142607245","0.142857"
"2211679007","2808866422","0.342857"
"2808866422","2211679007","0.342857"
"2211679007","2947213917","0.142857"
"2947213917","2211679007","0.142857"
"2808866422","2947213917","1.76786"
"2947213917","2808866422","1.76786"
"1503429812","2146123370","0.666667"
"2146123370","1503429812","0.666667"
"2099783769","2146123370","0.666667"
"2146123370","2099783769","0.666667"
"2130246356","2146123370","1.66667"
"2146123370","2130246356","1.66667"
"1503429812","2266111123","2"
"2266111123","1503429812","2"
"1503429812","2229605669","0.533333"
"2229605669","1503429812","0.533333"
"1519420225","207160223","0.95"
"207160223","1519420225","0.95"
"1519420225","2229605669","0.2"
"2229605669","1519420225","0.2"
"207160223","2099783769","0.2"
"2099783769","207160223","0.2"
"207160223","2229605669","0.2"
"2229605669","207160223","0.2"
"2099783769","2229605669","0.2"
"2229605669","2099783769","0.2"
"2211679007","2229605669","0.2"
"2229605669","2211679007","0.2"
"1503429812","2043819112","0.333333"
"2043819112","1503429812","0.333333"
"1519420225","2043819112","1.83333"
"2043819112","1519420225","1.83333"
"2043819112","2142607245","0.444444"
"2142607245","2043819112","0.444444"
"1970596867","2229605669","1.81944"
"2229605669","1970596867","1.81944"
"2103431672","2229605669","1.06944"
"2229605669","2103431672","1.06944"
"1511439665","1770610865","2"
"1770610865","1511439665","2"
"1511439665","2043819112","0.111111"
"2043819112","1511439665","0.111111"
"1511439665","207160223","0.111111"
"207160223","1511439665","0.111111"
"1554426544","2043819112","0.611111"
"2043819112","1554426544","0.611111"
"1970596867","2043819112","0.611111"
"2043819112","1970596867","0.611111"
"2043819112","207160223","0.611111"
"207160223","2043819112","0.611111"
"2043819112","2076112456","0.111111"
"2076112456","2043819112","0.111111"
"2043819112","2168366350","0.111111"
"2168366350","2043819112","0.111111"
"2043819112","2172236190","0.111111"
"2172236190","2043819112","0.111111"
"2043819112","2211679007","1.11111"
"2211679007","2043819112","1.11111"
"207160223","2076112456","0.111111"
"2076112456","207160223","0.111111"
"207160223","2168366350","0.111111"
"2168366350","207160223","0.111111"
"207160223","2172236190","0.111111"
"2172236190","207160223","0.111111"
"1511439665","2164948420","2.33333"
"2164948420","1511439665","2.33333"
"1511439665","2028538762","0.833333"
"2028538762","1511439665","0.833333"
"2028538762","2099783769","0.333333"
"2099783769","2028538762","0.333333"
"2028538762","2164948420","0.333333"
"2164948420","2028538762","0.333333"
"2099783769","2164948420","0.333333"
"2164948420","2099783769","0.333333"
"1511439665","2149224076","1"
"2149224076","1511439665","1"
"1511439665","2100565554","0.5"
"2100565554","1511439665","0.5"
"2028538762","2100565554","0.5"
"2100565554","2028538762","0.5"
"1519420225","1770610865","0.25"
"1770610865","1519420225","0.25"
"1554426544","1770610865","0.583333"
"1770610865","1554426544","0.583333"
"1770610865","1970596867","0.25"
"1970596867","1770610865","0.25"
"1770610865","207160223","0.25"
"207160223","1770610865","0.25"
"2076112456","2808866422","1.13611"
"2808866422","2076112456","1.13611"
"2168366350","2808866422","0.525"
"2808866422","2168366350","0.525"
"1554426544","178225614","0.333333"
"178225614","1554426544","0.333333"
"1770610865","178225614","0.333333"
"178225614","1770610865","0.333333"
"1770610865","2076112456","0.333333"
"2076112456","1770610865","0.333333"
"178225614","2076112456","0.333333"
"2076112456","178225614","0.333333"
"1581195216","2285793235","1.5"
"2285793235","1581195216","1.5"
"1581195216","2584525320","1.84286"
"2584525320","1581195216","1.84286"
"2285793235","2584525320","20.5"
"2584525320","2285793235","20.5"
"1581195216","2146123370","0.842857"
"2146123370","1581195216","0.842857"
"1581195216","2151586468","0.642857"
"2151586468","1581195216","0.642857"
"2146123370","2151586468","6.09286"
"2151586468","2146123370","6.09286"
"1581195216","178225614","1.50952"
"178225614","1581195216","1.50952"
"1581195216","1871373121","0.842857"
"1871373121","1581195216","0.842857"
"1581195216","2040333253","0.142857"
"2040333253","1581195216","0.142857"
"1581195216","2166867792","3.50952"
"2166867792","1581195216","3.50952"
"178225614","1871373121","3.34286"
"1871373121","178225614","3.34286"
"178225614","2040333253","0.892857"
"2040333253","178225614","0.892857"
"178225614","2146123370","0.842857"
"2146123370","178225614","0.842857"
"178225614","2151586468","0.72619"
"2151586468","178225614","0.72619"
"178225614","2166867792","1.84286"
"2166867792","178225614","1.84286"
"178225614","2584525320","1.25952"
"2584525320","178225614","1.25952"
"1871373121","2040333253","1.5373"
"2040333253","1871373121","1.5373"
"1871373121","2146123370","1.87619"
"2146123370","1871373121","1.87619"
"1871373121","2151586468","1.92619"
"2151586468","1871373121","1.92619"
"1871373121","2166867792","3.9873"
"2166867792","1871373121","3.9873"
"1871373121","2584525320","1.79286"
"2584525320","1871373121","1.79286"
"2040333253","2146123370","0.92619"
"2146123370","2040333253","0.92619"
"2040333253","2151586468","0.342857"
"2151586468","2040333253","0.342857"
"2040333253","2166867792","5.3623"
"2166867792","2040333253","5.3623"
"2040333253","2584525320","0.592857"
"2584525320","2040333253","0.592857"
"2146123370","2166867792","4.87619"
"2166867792","2146123370","4.87619"
"2146123370","2584525320","0.542857"
"2584525320","2146123370","0.542857"
"2151586468","2166867792","4.92619"
"2166867792","2151586468","4.92619"
"2151586468","2584525320","0.342857"
"2584525320","2151586468","0.342857"
"2166867792","2584525320","0.959524"
"2584525320","2166867792","0.959524"
"1581195216","2229605669","0.166667"
"2229605669","1581195216","0.166667"
"178225614","2229605669","0.166667"
"2229605669","178225614","0.166667"
"178225614","2285793235","0.166667"
"2285793235","178225614","0.166667"
"1871373121","2229605669","0.611111"
"2229605669","1871373121","0.611111"
"1871373121","2285793235","0.5"
"2285793235","1871373121","0.5"
"2166867792","2229605669","0.402778"
"2229605669","2166867792","0.402778"
"2166867792","2285793235","0.166667"
"2285793235","2166867792","0.166667"
"2229605669","2285793235","0.166667"
"2285793235","2229605669","0.166667"
"2229605669","2584525320","0.166667"
"2584525320","2229605669","0.166667"
"159272402","2100565554","2"
"2100565554","159272402","2"
"1770610865","2164948420","1"
"2164948420","1770610865","1"
"1770610865","2168366350","0.5"
"2168366350","1770610865","0.5"
"2164948420","2168366350","1.5"
"2168366350","2164948420","1.5"
"1770610865","2731603508","1.5"
"2731603508","1770610865","1.5"
"1770610865","2405745007","0.5"
"2405745007","1770610865","0.5"
"2405745007","2731603508","6.5"
"2731603508","2405745007","6.5"
"1770610865","2049269809","2.5"
"2049269809","1770610865","2.5"
"2049269809","2164948420","1.5"
"2164948420","2049269809","1.5"
"178225614","2340078811","0.25"
"2340078811","178225614","0.25"
"1871373121","2340078811","1.25"
"2340078811","1871373121","1.25"
"2040333253","2340078811","0.25"
"2340078811","2040333253","0.25"
"2166867792","2340078811","0.25"
"2340078811","2166867792","0.25"
"1871373121","2076112456","0.444444"
"2076112456","1871373121","0.444444"
"1871373121","2439592321","0.444444"
"2439592321","1871373121","0.444444"
"2076112456","2229605669","1.31944"
"2229605669","2076112456","1.31944"
"2076112456","2439592321","2.44444"
"2439592321","2076112456","2.44444"
"2229605669","2439592321","0.444444"
"2439592321","2229605669","0.444444"
"1871373121","1970596867","0.111111"
"1970596867","1871373121","0.111111"
"1871373121","2103431672","0.111111"
"2103431672","1871373121","0.111111"
"1871373121","2581179569","0.111111"
"2581179569","1871373121","0.111111"
"1871373121","2808866422","0.111111"
"2808866422","1871373121","0.111111"
"1970596867","2040333253","0.236111"
"2040333253","1970596867","0.236111"
"1970596867","2166867792","0.236111"
"2166867792","1970596867","0.236111"
"1970596867","2439592321","0.611111"
"2439592321","1970596867","0.611111"
"2040333253","2076112456","0.436111"
"2076112456","2040333253","0.436111"
"2040333253","2103431672","0.436111"
"2103431672","2040333253","0.436111"
"2040333253","2229605669","0.236111"
"2229605669","2040333253","0.236111"
"2040333253","2439592321","0.111111"
"2439592321","2040333253","0.111111"
"2040333253","2581179569","0.111111"
"2581179569","2040333253","0.111111"
"2040333253","2808866422","0.436111"
"2808866422","2040333253","0.436111"
"2076112456","2166867792","0.436111"
"2166867792","2076112456","0.436111"
"2103431672","2166867792","0.436111"
"2166867792","2103431672","0.436111"
"2103431672","2439592321","2.61111"
"2439592321","2103431672","2.61111"
"2103431672","2808866422","0.936111"
"2808866422","2103431672","0.936111"
"2166867792","2439592321","0.111111"
"2439592321","2166867792","0.111111"
"2166867792","2581179569","0.111111"
"2581179569","2166867792","0.111111"
"2166867792","2808866422","0.436111"
"2808866422","2166867792","0.436111"
"2229605669","2581179569","0.111111"
"2581179569","2229605669","0.111111"
"2229605669","2808866422","0.236111"
"2808866422","2229605669","0.236111"
"2439592321","2581179569","0.111111"
"2581179569","2439592321","0.111111"
"2439592321","2808866422","0.111111"
"2808866422","2439592321","0.111111"
"2581179569","2808866422","0.611111"
"2808866422","2581179569","0.611111"
"2076112456","2947213917","0.375"
"2947213917","2076112456","0.375"
"2168366350","2229605669","0.375"
"2229605669","2168366350","0.375"
"2168366350","2947213917","0.375"
"2947213917","2168366350","0.375"
"2229605669","2947213917","0.375"
"2947213917","2229605669","0.375"
"2040333253","2168366350","0.325"
"2168366350","2040333253","0.325"
"2040333253","2947213917","0.125"
"2947213917","2040333253","0.125"
"2103431672","2947213917","0.125"
"2947213917","2103431672","0.125"
"2166867792","2168366350","0.325"
"2168366350","2166867792","0.325"
"2166867792","2947213917","0.125"
"2947213917","2166867792","0.125"
"1988429542","1989557532","8"
"1989557532","1988429542","8"
"2028538762","2149224076","4"
"2149224076","2028538762","4"
"2028538762","2168366350","1"
"2168366350","2028538762","1"
"2028538762","2103431672","0.333333"
"2103431672","2028538762","0.333333"
"2028538762","2405745007","1.33333"
"2405745007","2028538762","1.33333"
"2028538762","2439592321","0.333333"
"2439592321","2028538762","0.333333"
"2103431672","2405745007","0.333333"
"2405745007","2103431672","0.333333"
"2405745007","2439592321","0.333333"
"2439592321","2405745007","0.333333"
"2028538762","2731603508","1"
"2731603508","2028538762","1"
"2038168484","2040333253","0.5"
"2040333253","2038168484","0.5"
"2038168484","2166867792","0.5"
"2166867792","2038168484","0.5"
"2038168484","2110057661","1"
"2110057661","2038168484","1"
"2043819112","2130246356","0.5"
"2130246356","2043819112","0.5"
"2043819112","2439592321","0.5"
"2439592321","2043819112","0.5"
"2130246356","2439592321","2.16667"
"2439592321","2130246356","2.16667"
"2049269809","2168366350","1"
"2168366350","2049269809","1"
"2049269809","2100565554","0.333333"
"2100565554","2049269809","0.333333"
"2049269809","2229605669","0.333333"
"2229605669","2049269809","0.333333"
"2049269809","2731603508","0.333333"
"2731603508","2049269809","0.333333"
"2100565554","2229605669","0.333333"
"2229605669","2100565554","0.333333"
"2100565554","2731603508","0.833333"
"2731603508","2100565554","0.833333"
"2229605669","2731603508","0.333333"
"2731603508","2229605669","0.333333"
"2076112456","2405745007","1"
"2405745007","2076112456","1"
"2076112456","2100565554","0.5"
"2100565554","2076112456","0.5"
"2076112456","2731603508","0.5"
"2731603508","2076112456","0.5"
"2099783769","2405745007","0.5"
"2405745007","2099783769","0.5"
"2099783769","2731603508","0.5"
"2731603508","2099783769","0.5"
"2099783769","2439592321","0.333333"
"2439592321","2099783769","0.333333"
"2168366350","2439592321","0.333333"
"2439592321","2168366350","0.333333"
"2110057661","2149224076","0.5"
"2149224076","2110057661","0.5"
"2149224076","2172236190","0.5"
"2172236190","2149224076","0.5"
"2146123370","2168366350","0.5"
"2168366350","2146123370","0.5"
"2151586468","2168366350","0.5"
"2168366350","2151586468","0.5"
"2146123370","2154777799","0.5"
"2154777799","2146123370","0.5"
"2151586468","2154777799","0.5"
"2154777799","2151586468","0.5"
"2149224076","2581179569","1"
"2581179569","2149224076","1"
"2166867792","2172236190","1"
"2172236190","2166867792","1"
"2405745007","2581179569","0.5"
"2581179569","2405745007","0.5"
"2581179569","2731603508","1.5"
"2731603508","2581179569","1.5"
"2581179569","2947213917","1.5"
"2947213917","2581179569","1.5"
