"1481929509","2105016726","2.5"
"2105016726","1481929509","2.5"
"1481929509","2127792364","1"
"2127792364","1481929509","1"
"2105016726","2127792364","3"
"2127792364","2105016726","3"
"1481929509","1984927662","0.25"
"1984927662","1481929509","0.25"
"1481929509","2005992532","0.25"
"2005992532","1481929509","0.25"
"1481929509","2093495548","1.08333"
"2093495548","1481929509","1.08333"
"1481929509","2171684049","0.25"
"2171684049","1481929509","0.25"
"1984927662","2005992532","4.16026"
"2005992532","1984927662","4.16026"
"1984927662","2093495548","3.96145"
"2093495548","1984927662","3.96145"
"1984927662","2171684049","2.45192"
"2171684049","1984927662","2.45192"
"2005992532","2093495548","2.26026"
"2093495548","2005992532","2.26026"
"2005992532","2171684049","0.676923"
"2171684049","2005992532","0.676923"
"2093495548","2171684049","2.71859"
"2171684049","2093495548","2.71859"
"1481929509","1539241186","0.833333"
"1539241186","1481929509","0.833333"
"1481929509","1974307657","0.833333"
"1974307657","1481929509","0.833333"
"1539241186","1974307657","28.5404"
"1974307657","1539241186","28.5404"
"1481929509","2008149650","5"
"2008149650","1481929509","5"
"1539241186","2093495548","6.29042"
"2093495548","1539241186","6.29042"
"1974307657","2093495548","6.29042"
"2093495548","1974307657","6.29042"
"2093495548","2127792364","15.9059"
"2127792364","2093495548","15.9059"
"1539241186","2016450006","1.10952"
"2016450006","1539241186","1.10952"
"1539241186","2127792364","1.38803"
"2127792364","1539241186","1.38803"
"1974307657","2016450006","1.10952"
"2016450006","1974307657","1.10952"
"1974307657","2127792364","1.38803"
"2127792364","1974307657","1.38803"
"2016450006","2093495548","3.25238"
"2093495548","2016450006","3.25238"
"2016450006","2127792364","0.642857"
"2127792364","2016450006","0.642857"
"1539241186","2116124585","3.77375"
"2116124585","1539241186","3.77375"
"1539241186","2005992532","1.09359"
"2005992532","1539241186","1.09359"
"1974307657","2005992532","1.59359"
"2005992532","1974307657","1.59359"
"1974307657","2116124585","3.27375"
"2116124585","1974307657","3.27375"
"2005992532","2116124585","1.17692"
"2116124585","2005992532","1.17692"
"1539241186","2097326999","0.610256"
"2097326999","1539241186","0.610256"
"1539241186","2105016726","0.166667"
"2105016726","1539241186","0.166667"
"1539241186","2171684049","0.34359"
"2171684049","1539241186","0.34359"
"1974307657","2097326999","0.610256"
"2097326999","1974307657","0.610256"
"1974307657","2105016726","0.166667"
"2105016726","1974307657","0.166667"
"1974307657","2171684049","0.34359"
"2171684049","1974307657","0.34359"
"2016450006","2097326999","0.666667"
"2097326999","2016450006","0.666667"
"2016450006","2105016726","0.166667"
"2105016726","2016450006","0.166667"
"2016450006","2171684049","0.266667"
"2171684049","2016450006","0.266667"
"2093495548","2097326999","2.61026"
"2097326999","2093495548","2.61026"
"2093495548","2105016726","5"
"2105016726","2093495548","5"
"2097326999","2105016726","0.166667"
"2105016726","2097326999","0.166667"
"2097326999","2171684049","0.24359"
"2171684049","2097326999","0.24359"
"2105016726","2171684049","0.5"
"2171684049","2105016726","0.5"
"1539241186","1984927662","1.86026"
"1984927662","1539241186","1.86026"
"1539241186","2146251117","0.561111"
"2146251117","1539241186","0.561111"
"1974307657","1984927662","1.86026"
"1984927662","1974307657","1.86026"
"1974307657","2146251117","0.561111"
"2146251117","1974307657","0.561111"
"1984927662","2146251117","0.416667"
"2146251117","1984927662","0.416667"
"2005992532","2146251117","0.666667"
"2146251117","2005992532","0.666667"
"2093495548","2146251117","0.311111"
"2146251117","2093495548","0.311111"
"2097326999","2127792364","2.44359"
"2127792364","2097326999","2.44359"
"2097326999","2146251117","0.2"
"2146251117","2097326999","0.2"
"2127792364","2146251117","0.311111"
"2146251117","2127792364","0.311111"
"1539241186","1982131746","1.75708"
"1982131746","1539241186","1.75708"
"1539241186","2108762365","0.59359"
"2108762365","1539241186","0.59359"
"1539241186","2142705276","0.288034"
"2142705276","1539241186","0.288034"
"1539241186","2167270435","1.97375"
"2167270435","1539241186","1.97375"
"1974307657","1982131746","1.75708"
"1982131746","1974307657","1.75708"
"1974307657","2108762365","0.59359"
"2108762365","1974307657","0.59359"
"1974307657","2142705276","0.288034"
"2142705276","1974307657","0.288034"
"1974307657","2167270435","1.97375"
"2167270435","1974307657","1.97375"
"1982131746","2005992532","1.34359"
"2005992532","1982131746","1.34359"
"1982131746","2016450006","1.60952"
"2016450006","1982131746","1.60952"
"1982131746","2093495548","4.13208"
"2093495548","1982131746","4.13208"
"1982131746","2108762365","1.17692"
"2108762365","1982131746","1.17692"
"1982131746","2116124585","1.48208"
"2116124585","1982131746","1.48208"
"1982131746","2142705276","1.03803"
"2142705276","1982131746","1.03803"
"1982131746","2167270435","1.64042"
"2167270435","1982131746","1.64042"
"1982131746","2171684049","0.551923"
"2171684049","1982131746","0.551923"
"2005992532","2016450006","0.266667"
"2016450006","2005992532","0.266667"
"2005992532","2108762365","0.34359"
"2108762365","2005992532","0.34359"
"2005992532","2142705276","1.17692"
"2142705276","2005992532","1.17692"
"2005992532","2167270435","0.510256"
"2167270435","2005992532","0.510256"
"2016450006","2108762365","0.1"
"2108762365","2016450006","0.1"
"2016450006","2116124585","0.242857"
"2116124585","2016450006","0.242857"
"2016450006","2142705276","0.242857"
"2142705276","2016450006","0.242857"
"2016450006","2167270435","0.752381"
"2167270435","2016450006","0.752381"
"2093495548","2108762365","0.59359"
"2108762365","2093495548","0.59359"
"2093495548","2116124585","2.64875"
"2116124585","2093495548","2.64875"
"2093495548","2142705276","0.930891"
"2142705276","2093495548","0.930891"
"2093495548","2167270435","1.53327"
"2167270435","2093495548","1.53327"
"2108762365","2116124585","0.176923"
"2116124585","2108762365","0.176923"
"2108762365","2142705276","0.176923"
"2142705276","2108762365","0.176923"
"2108762365","2167270435","0.34359"
"2167270435","2108762365","0.34359"
"2108762365","2171684049","0.176923"
"2171684049","2108762365","0.176923"
"2116124585","2142705276","0.288034"
"2142705276","2116124585","0.288034"
"2116124585","2167270435","0.573748"
"2167270435","2116124585","0.573748"
"2116124585","2171684049","0.635256"
"2171684049","2116124585","0.635256"
"2142705276","2167270435","0.430891"
"2167270435","2142705276","0.430891"
"2142705276","2171684049","0.426923"
"2171684049","2142705276","0.426923"
"2167270435","2171684049","0.176923"
"2171684049","2167270435","0.176923"
"1539241186","2088781331","0.111111"
"2088781331","1539241186","0.111111"
"1974307657","2088781331","0.111111"
"2088781331","1974307657","0.111111"
"1982131746","2088781331","0.236111"
"2088781331","1982131746","0.236111"
"1982131746","2127792364","0.563034"
"2127792364","1982131746","0.563034"
"1982131746","2146251117","1.02778"
"2146251117","1982131746","1.02778"
"2088781331","2093495548","1.56944"
"2093495548","2088781331","1.56944"
"2088781331","2116124585","0.236111"
"2116124585","2088781331","0.236111"
"2088781331","2127792364","0.236111"
"2127792364","2088781331","0.236111"
"2088781331","2142705276","0.111111"
"2142705276","2088781331","0.111111"
"2088781331","2146251117","0.111111"
"2146251117","2088781331","0.111111"
"2088781331","2167270435","0.111111"
"2167270435","2088781331","0.111111"
"2116124585","2127792364","0.479701"
"2127792364","2116124585","0.479701"
"2116124585","2146251117","0.444444"
"2146251117","2116124585","0.444444"
"2127792364","2142705276","0.330891"
"2142705276","2127792364","0.330891"
"2127792364","2167270435","0.330891"
"2167270435","2127792364","0.330891"
"2142705276","2146251117","0.111111"
"2146251117","2142705276","0.111111"
"2146251117","2167270435","1.77778"
"2167270435","2146251117","1.77778"
"1982131746","1984927662","2.90192"
"1984927662","1982131746","2.90192"
"1984927662","2116124585","0.451923"
"2116124585","1984927662","0.451923"
"1539241186","2108680488","1.31264"
"2108680488","1539241186","1.31264"
"1974307657","2108680488","1.31264"
"2108680488","1974307657","1.31264"
"1982131746","2097326999","0.0769231"
"2097326999","1982131746","0.0769231"
"1982131746","2108680488","3.02097"
"2108680488","1982131746","3.02097"
"1984927662","2097326999","0.0769231"
"2097326999","1984927662","0.0769231"
"1984927662","2108680488","0.59478"
"2108680488","1984927662","0.59478"
"1984927662","2108762365","0.24359"
"2108762365","1984927662","0.24359"
"1984927662","2127792364","1.09478"
"2127792364","1984927662","1.09478"
"1984927662","2142705276","1.46978"
"2142705276","1984927662","1.46978"
"1984927662","2167270435","2.83645"
"2167270435","1984927662","2.83645"
"2005992532","2097326999","0.24359"
"2097326999","2005992532","0.24359"
"2005992532","2108680488","2.07692"
"2108680488","2005992532","2.07692"
"2005992532","2127792364","1.24359"
"2127792364","2005992532","1.24359"
"2093495548","2108680488","2.91383"
"2108680488","2093495548","2.91383"
"2097326999","2108680488","0.576923"
"2108680488","2097326999","0.576923"
"2097326999","2108762365","0.0769231"
"2108762365","2097326999","0.0769231"
"2097326999","2116124585","0.24359"
"2116124585","2097326999","0.24359"
"2097326999","2142705276","0.0769231"
"2142705276","2097326999","0.0769231"
"2097326999","2167270435","0.0769231"
"2167270435","2097326999","0.0769231"
"2108680488","2108762365","0.326923"
"2108762365","2108680488","0.326923"
"2108680488","2116124585","1.02097"
"2116124585","2108680488","1.02097"
"2108680488","2127792364","0.84478"
"2127792364","2108680488","0.84478"
"2108680488","2142705276","0.46978"
"2142705276","2108680488","0.46978"
"2108680488","2167270435","1.50549"
"2167270435","2108680488","1.50549"
"2108680488","2171684049","0.201923"
"2171684049","2108680488","0.201923"
"2108762365","2127792364","0.0769231"
"2127792364","2108762365","0.0769231"
"2127792364","2171684049","0.451923"
"2171684049","2127792364","0.451923"
"1539241186","2093276194","0.142857"
"2093276194","1539241186","0.142857"
"1974307657","2093276194","0.142857"
"2093276194","1974307657","0.142857"
"1982131746","2093276194","0.142857"
"2093276194","1982131746","0.142857"
"2093276194","2093495548","0.142857"
"2093495548","2093276194","0.142857"
"2093276194","2108680488","0.142857"
"2108680488","2093276194","0.142857"
"2093276194","2116124585","0.142857"
"2116124585","2093276194","0.142857"
"2093276194","2167270435","0.142857"
"2167270435","2093276194","0.142857"
"2016450006","2108680488","0.785714"
"2108680488","2016450006","0.785714"
"1539241186","2008149650","0.25"
"2008149650","1539241186","0.25"
"1974307657","2008149650","0.25"
"2008149650","1974307657","0.25"
"2008149650","2093495548","0.25"
"2093495548","2008149650","0.25"
"2008149650","2116124585","0.25"
"2116124585","2008149650","0.25"
"165936246","2115218409","11.8333"
"2115218409","165936246","11.8333"
"165936246","2157007820","3.83333"
"2157007820","165936246","3.83333"
"2115218409","2157007820","8.83333"
"2157007820","2115218409","8.83333"
"165936246","2171684049","0.333333"
"2171684049","165936246","0.333333"
"2115218409","2171684049","0.333333"
"2171684049","2115218409","0.333333"
"2157007820","2171684049","0.333333"
"2171684049","2157007820","0.333333"
"1982131746","2009648330","1.41667"
"2009648330","1982131746","1.41667"
"2005992532","2009648330","1.91667"
"2009648330","2005992532","1.91667"
"1984927662","2009648330","1.80952"
"2009648330","1984927662","1.80952"
"1984927662","2016450006","0.309524"
"2016450006","1984927662","0.309524"
"2009648330","2016450006","0.309524"
"2016450006","2009648330","0.309524"
"2009648330","2146251117","2.41667"
"2146251117","2009648330","2.41667"
"2009648330","2167270435","3.30952"
"2167270435","2009648330","3.30952"
"2016450006","2146251117","0.166667"
"2146251117","2016450006","0.166667"
"1982131746","2039475867","0.125"
"2039475867","1982131746","0.125"
"1984927662","2039475867","0.125"
"2039475867","1984927662","0.125"
"1984927662","2088781331","0.125"
"2088781331","1984927662","0.125"
"2039475867","2088781331","0.458333"
"2088781331","2039475867","0.458333"
"2039475867","2093495548","1.45833"
"2093495548","2039475867","1.45833"
"2039475867","2108680488","0.125"
"2108680488","2039475867","0.125"
"2039475867","2116124585","0.125"
"2116124585","2039475867","0.125"
"2039475867","2127792364","0.125"
"2127792364","2039475867","0.125"
"2039475867","2171684049","0.125"
"2171684049","2039475867","0.125"
"2088781331","2108680488","0.125"
"2108680488","2088781331","0.125"
"2088781331","2171684049","0.125"
"2171684049","2088781331","0.125"
"2009648330","2108680488","1.39286"
"2108680488","2009648330","1.39286"
"2108680488","2146251117","0.25"
"2146251117","2108680488","0.25"
"2009648330","2093495548","0.142857"
"2093495548","2009648330","0.142857"
"2009648330","2127792364","0.142857"
"2127792364","2009648330","0.142857"
"2009648330","2142705276","0.142857"
"2142705276","2009648330","0.142857"
"2009648330","2039475867","1"
"2039475867","2009648330","1"
"2039475867","2105016726","0.333333"
"2105016726","2039475867","0.333333"
"2088781331","2105016726","0.333333"
"2105016726","2088781331","0.333333"
"2088781331","2093276194","1"
"2093276194","2088781331","1"
"2105016726","2116124585","0.333333"
"2116124585","2105016726","0.333333"
"2105016726","2146251117","0.333333"
"2146251117","2105016726","0.333333"
"2146251117","2171684049","0.333333"
"2171684049","2146251117","0.333333"
"2148339459","2171684049","1"
"2171684049","2148339459","1"
