"100050024","2050529434","0.5"
"2050529434","100050024","0.5"
"100050024","2122718825","6.5"
"2122718825","100050024","6.5"
"2050529434","2122718825","0.5"
"2122718825","2050529434","0.5"
"100050024","1496124759","0.5"
"1496124759","100050024","0.5"
"100050024","1598491617","0.5"
"1598491617","100050024","0.5"
"100050024","2001084165","1"
"2001084165","100050024","1"
"1496124759","1598491617","2.15758"
"1598491617","1496124759","2.15758"
"1496124759","2001084165","6.54091"
"2001084165","1496124759","6.54091"
"1496124759","2122718825","3.12424"
"2122718825","1496124759","3.12424"
"1598491617","2001084165","3.85758"
"2001084165","1598491617","3.85758"
"1598491617","2122718825","4.02424"
"2122718825","1598491617","4.02424"
"2001084165","2122718825","2.32424"
"2122718825","2001084165","2.32424"
"100050024","1821409700","1.5"
"1821409700","100050024","1.5"
"100050024","1534636449","0.5"
"1534636449","100050024","0.5"
"100050024","86758347","0.5"
"86758347","100050024","0.5"
"1534636449","86758347","5.16667"
"86758347","1534636449","5.16667"
"100050024","2103966159","1"
"2103966159","100050024","1"
"100050024","1488338708","0.833333"
"1488338708","100050024","0.833333"
"1488338708","2001084165","20.1076"
"2001084165","1488338708","20.1076"
"100050024","1577715605","0.333333"
"1577715605","100050024","0.333333"
"100050024","180396117","1.33333"
"180396117","100050024","1.33333"
"1488338708","1577715605","8.64091"
"1577715605","1488338708","8.64091"
"1488338708","180396117","0.333333"
"180396117","1488338708","0.333333"
"1577715605","180396117","0.333333"
"180396117","1577715605","0.333333"
"1821409700","2122718825","0.833333"
"2122718825","1821409700","0.833333"
"103044395","1968465951","1"
"1968465951","103044395","1"
"103044395","2534678535","1"
"2534678535","103044395","1"
"1968465951","2534678535","21.229"
"2534678535","1968465951","21.229"
"103044395","2734401556","1"
"2734401556","103044395","1"
"103044395","2024675214","0.25"
"2024675214","103044395","0.25"
"103044395","2031481606","0.25"
"2031481606","103044395","0.25"
"103044395","2065955975","0.25"
"2065955975","103044395","0.25"
"103044395","2886979527","0.25"
"2886979527","103044395","0.25"
"2024675214","2031481606","0.75"
"2031481606","2024675214","0.75"
"2024675214","2065955975","1.375"
"2065955975","2024675214","1.375"
"2024675214","2886979527","0.25"
"2886979527","2024675214","0.25"
"2031481606","2065955975","2.25"
"2065955975","2031481606","2.25"
"2031481606","2886979527","0.25"
"2886979527","2031481606","0.25"
"2065955975","2886979527","0.25"
"2886979527","2065955975","0.25"
"1044041287","2016680626","2"
"2016680626","1044041287","2"
"104720657","2114476616","1.25"
"2114476616","104720657","1.25"
"104720657","2153885989","5.33333"
"2153885989","104720657","5.33333"
"104720657","2526182106","9.08333"
"2526182106","104720657","9.08333"
"104720657","2800984756","2.25"
"2800984756","104720657","2.25"
"2114476616","2153885989","17.6667"
"2153885989","2114476616","17.6667"
"2114476616","2526182106","0.25"
"2526182106","2114476616","0.25"
"2114476616","2800984756","0.75"
"2800984756","2114476616","0.75"
"2153885989","2526182106","1.75"
"2526182106","2153885989","1.75"
"2153885989","2800984756","3.75"
"2800984756","2153885989","3.75"
"2526182106","2800984756","0.25"
"2800984756","2526182106","0.25"
"104720657","2155489620","3.83333"
"2155489620","104720657","3.83333"
"104720657","22810531","4.08333"
"22810531","104720657","4.08333"
"2155489620","22810531","0.833333"
"22810531","2155489620","0.833333"
"2155489620","2526182106","0.833333"
"2526182106","2155489620","0.833333"
"22810531","2526182106","1.33333"
"2526182106","22810531","1.33333"
"104720657","2046480630","3.875"
"2046480630","104720657","3.875"
"104720657","2024675214","0.875"
"2024675214","104720657","0.875"
"2024675214","2046480630","3.50682"
"2046480630","2024675214","3.50682"
"2024675214","2153885989","0.583333"
"2153885989","2024675214","0.583333"
"2024675214","22810531","0.431818"
"22810531","2024675214","0.431818"
"2046480630","2153885989","5.16667"
"2153885989","2046480630","5.16667"
"2046480630","22810531","2.01515"
"22810531","2046480630","2.01515"
"2153885989","22810531","5.33333"
"22810531","2153885989","5.33333"
"104720657","1546432095","0.333333"
"1546432095","104720657","0.333333"
"104720657","1881177504","0.333333"
"1881177504","104720657","0.333333"
"104720657","2946548940","0.333333"
"2946548940","104720657","0.333333"
"1546432095","1881177504","2.66667"
"1881177504","1546432095","2.66667"
"1546432095","2946548940","0.666667"
"2946548940","1546432095","0.666667"
"1881177504","2946548940","1.05952"
"2946548940","1881177504","1.05952"
"104720657","1968465951","0.791667"
"1968465951","104720657","0.791667"
"1968465951","2153885989","1.5"
"2153885989","1968465951","1.5"
"104720657","2403818374","2"
"2403818374","104720657","2"
"2403818374","2526182106","0.5"
"2526182106","2403818374","0.5"
"104720657","2401503174","2.29167"
"2401503174","104720657","2.29167"
"104720657","2252439461","1"
"2252439461","104720657","1"
"104720657","2065955975","0.625"
"2065955975","104720657","0.625"
"104720657","2388447476","0.125"
"2388447476","104720657","0.125"
"104720657","2472201937","0.291667"
"2472201937","104720657","0.291667"
"104720657","2534678535","0.291667"
"2534678535","104720657","0.291667"
"1968465951","2024675214","9.64405"
"2024675214","1968465951","9.64405"
"1968465951","2046480630","1.775"
"2046480630","1968465951","1.775"
"1968465951","2065955975","1.60833"
"2065955975","1968465951","1.60833"
"1968465951","2388447476","5.18452"
"2388447476","1968465951","5.18452"
"1968465951","2401503174","2.63452"
"2401503174","1968465951","2.63452"
"1968465951","2472201937","15.294"
"2472201937","1968465951","15.294"
"2024675214","2388447476","1.96786"
"2388447476","2024675214","1.96786"
"2024675214","2401503174","0.434524"
"2401503174","2024675214","0.434524"
"2024675214","2472201937","2.27738"
"2472201937","2024675214","2.27738"
"2024675214","2534678535","3.16786"
"2534678535","2024675214","3.16786"
"2046480630","2065955975","0.125"
"2065955975","2046480630","0.125"
"2046480630","2388447476","0.525"
"2388447476","2046480630","0.525"
"2046480630","2401503174","0.291667"
"2401503174","2046480630","0.291667"
"2046480630","2472201937","0.991667"
"2472201937","2046480630","0.991667"
"2046480630","2534678535","1.325"
"2534678535","2046480630","1.325"
"2065955975","2388447476","0.325"
"2388447476","2065955975","0.325"
"2065955975","2401503174","1.125"
"2401503174","2065955975","1.125"
"2065955975","2472201937","1.65833"
"2472201937","2065955975","1.65833"
"2065955975","2534678535","1.025"
"2534678535","2065955975","1.025"
"2388447476","2401503174","5.20833"
"2401503174","2388447476","5.20833"
"2388447476","2472201937","2.28452"
"2472201937","2388447476","2.28452"
"2388447476","2534678535","3.34167"
"2534678535","2388447476","3.34167"
"2401503174","2472201937","2.93452"
"2472201937","2401503174","2.93452"
"2401503174","2534678535","2.13452"
"2534678535","2401503174","2.13452"
"2472201937","2534678535","9.65119"
"2534678535","2472201937","9.65119"
"2065955975","2155489620","0.5"
"2155489620","2065955975","0.5"
"104720657","2097622523","1"
"2097622523","104720657","1"
"2153885989","2403818374","3.5"
"2403818374","2153885989","3.5"
"124511123","2050529434","11.4762"
"2050529434","124511123","11.4762"
"124511123","1504392280","0.142857"
"1504392280","124511123","0.142857"
"124511123","1514236929","0.142857"
"1514236929","124511123","0.142857"
"124511123","1967075899","2.55952"
"1967075899","124511123","2.55952"
"124511123","2109014781","1.89286"
"2109014781","124511123","1.89286"
"124511123","2134634947","0.809524"
"2134634947","124511123","0.809524"
"124511123","2786140861","1.14286"
"2786140861","124511123","1.14286"
"1504392280","1514236929","0.842857"
"1514236929","1504392280","0.842857"
"1504392280","1967075899","0.642857"
"1967075899","1504392280","0.642857"
"1504392280","2050529434","1.47619"
"2050529434","1504392280","1.47619"
"1504392280","2109014781","0.47619"
"2109014781","1504392280","0.47619"
"1504392280","2134634947","0.142857"
"2134634947","1504392280","0.142857"
"1504392280","2786140861","10.5095"
"2786140861","1504392280","10.5095"
"1514236929","1967075899","0.142857"
"1967075899","1514236929","0.142857"
"1514236929","2050529434","4.30952"
"2050529434","1514236929","4.30952"
"1514236929","2109014781","6.09286"
"2109014781","1514236929","6.09286"
"1514236929","2134634947","1.64286"
"2134634947","1514236929","1.64286"
"1514236929","2786140861","0.342857"
"2786140861","1514236929","0.342857"
"1967075899","2050529434","12.7095"
"2050529434","1967075899","12.7095"
"1967075899","2109014781","0.92619"
"2109014781","1967075899","0.92619"
"1967075899","2134634947","0.592857"
"2134634947","1967075899","0.592857"
"1967075899","2786140861","1.34286"
"2786140861","1967075899","1.34286"
"2050529434","2109014781","10.0429"
"2109014781","2050529434","10.0429"
"2050529434","2134634947","2.59286"
"2134634947","2050529434","2.59286"
"2050529434","2786140861","8.17619"
"2786140861","2050529434","8.17619"
"2109014781","2134634947","0.759524"
"2134634947","2109014781","0.759524"
"2109014781","2786140861","0.47619"
"2786140861","2109014781","0.47619"
"2134634947","2786140861","0.142857"
"2786140861","2134634947","0.142857"
"124511123","1539943797","1.25"
"1539943797","124511123","1.25"
"124511123","2799704026","0.25"
"2799704026","124511123","0.25"
"1539943797","1967075899","0.25"
"1967075899","1539943797","0.25"
"1539943797","2050529434","8.58333"
"2050529434","1539943797","8.58333"
"1539943797","2799704026","1.75"
"2799704026","1539943797","1.75"
"1967075899","2799704026","3.15"
"2799704026","1967075899","3.15"
"2050529434","2799704026","4.81667"
"2799704026","2050529434","4.81667"
"124511123","2021179554","1"
"2021179554","124511123","1"
"124511123","1745716700","0.583333"
"1745716700","124511123","0.583333"
"1745716700","1967075899","0.333333"
"1967075899","1745716700","0.333333"
"1745716700","2050529434","26.2413"
"2050529434","1745716700","26.2413"
"124511123","1579022713","0.25"
"1579022713","124511123","0.25"
"1579022713","1745716700","0.583333"
"1745716700","1579022713","0.583333"
"1579022713","2050529434","2.58333"
"2050529434","1579022713","2.58333"
"1579022713","2109014781","2.25"
"2109014781","1579022713","2.25"
"1745716700","2109014781","1.45"
"2109014781","1745716700","1.45"
"124511123","1582705293","0.166667"
"1582705293","124511123","0.166667"
"124511123","2055529357","0.166667"
"2055529357","124511123","0.166667"
"124511123","2160838772","0.166667"
"2160838772","124511123","0.166667"
"1582705293","2050529434","6.58333"
"2050529434","1582705293","6.58333"
"1582705293","2055529357","0.5"
"2055529357","1582705293","0.5"
"1582705293","2109014781","0.833333"
"2109014781","1582705293","0.833333"
"1582705293","2134634947","0.166667"
"2134634947","1582705293","0.166667"
"1582705293","2160838772","0.166667"
"2160838772","1582705293","0.166667"
"2050529434","2055529357","4.88182"
"2055529357","2050529434","4.88182"
"2050529434","2160838772","0.166667"
"2160838772","2050529434","0.166667"
"2055529357","2109014781","11.3167"
"2109014781","2055529357","11.3167"
"2055529357","2134634947","0.366667"
"2134634947","2055529357","0.366667"
"2055529357","2160838772","1.16667"
"2160838772","2055529357","1.16667"
"2109014781","2160838772","0.166667"
"2160838772","2109014781","0.166667"
"2134634947","2160838772","0.166667"
"2160838772","2134634947","0.166667"
"124511123","2484187784","1"
"2484187784","124511123","1"
"1484880438","1514780971","0.424242"
"1514780971","1484880438","0.424242"
"1484880438","1810933997","0.333333"
"1810933997","1484880438","0.333333"
"1484880438","2950397418","0.424242"
"2950397418","1484880438","0.424242"
"1514780971","1810933997","0.833333"
"1810933997","1514780971","0.833333"
"1514780971","2950397418","1.42424"
"2950397418","1514780971","1.42424"
"1810933997","2950397418","1.83333"
"2950397418","1810933997","1.83333"
"1484880438","2001084165","1.09091"
"2001084165","1484880438","1.09091"
"1484880438","1488338708","0.0909091"
"1488338708","1484880438","0.0909091"
"1484880438","1496124759","0.0909091"
"1496124759","1484880438","0.0909091"
"1484880438","1534101489","0.0909091"
"1534101489","1484880438","0.0909091"
"1484880438","1534636449","0.0909091"
"1534636449","1484880438","0.0909091"
"1484880438","1577715605","0.0909091"
"1577715605","1484880438","0.0909091"
"1484880438","1598491617","0.0909091"
"1598491617","1484880438","0.0909091"
"1484880438","2122718825","0.0909091"
"2122718825","1484880438","0.0909091"
"1484880438","2155920694","0.0909091"
"2155920694","1484880438","0.0909091"
"1488338708","1496124759","2.57424"
"1496124759","1488338708","2.57424"
"1488338708","1514780971","0.0909091"
"1514780971","1488338708","0.0909091"
"1488338708","1534101489","0.0909091"
"1534101489","1488338708","0.0909091"
"1488338708","1534636449","31.5576"
"1534636449","1488338708","31.5576"
"1488338708","1598491617","3.39091"
"1598491617","1488338708","3.39091"
"1488338708","2122718825","1.19091"
"2122718825","1488338708","1.19091"
"1488338708","2155920694","0.0909091"
"2155920694","1488338708","0.0909091"
"1488338708","2950397418","0.0909091"
"2950397418","1488338708","0.0909091"
"1496124759","1514780971","0.0909091"
"1514780971","1496124759","0.0909091"
"1496124759","1534101489","0.0909091"
"1534101489","1496124759","0.0909091"
"1496124759","1534636449","7.40758"
"1534636449","1496124759","7.40758"
"1496124759","1577715605","11.4076"
"1577715605","1496124759","11.4076"
"1496124759","2155920694","0.0909091"
"2155920694","1496124759","0.0909091"
"1496124759","2950397418","0.590909"
"2950397418","1496124759","0.590909"
"1514780971","1534101489","0.0909091"
"1534101489","1514780971","0.0909091"
"1514780971","1534636449","0.0909091"
"1534636449","1514780971","0.0909091"
"1514780971","1577715605","0.0909091"
"1577715605","1514780971","0.0909091"
"1514780971","1598491617","0.0909091"
"1598491617","1514780971","0.0909091"
"1514780971","2001084165","3.09091"
"2001084165","1514780971","3.09091"
"1514780971","2122718825","0.0909091"
"2122718825","1514780971","0.0909091"
"1514780971","2155920694","0.0909091"
"2155920694","1514780971","0.0909091"
"1534101489","1534636449","0.0909091"
"1534636449","1534101489","0.0909091"
"1534101489","1577715605","0.0909091"
"1577715605","1534101489","0.0909091"
"1534101489","1598491617","1.09091"
"1598491617","1534101489","1.09091"
"1534101489","2001084165","0.0909091"
"2001084165","1534101489","0.0909091"
"1534101489","2122718825","1.42424"
"2122718825","1534101489","1.42424"
"1534101489","2155920694","0.0909091"
"2155920694","1534101489","0.0909091"
"1534101489","2950397418","0.0909091"
"2950397418","1534101489","0.0909091"
"1534636449","1577715605","9.30758"
"1577715605","1534636449","9.30758"
"1534636449","1598491617","1.72424"
"1598491617","1534636449","1.72424"
"1534636449","2001084165","40.9409"
"2001084165","1534636449","40.9409"
"1534636449","2122718825","0.690909"
"2122718825","1534636449","0.690909"
"1534636449","2155920694","0.0909091"
"2155920694","1534636449","0.0909091"
"1534636449","2950397418","0.0909091"
"2950397418","1534636449","0.0909091"
"1577715605","1598491617","2.22424"
"1598491617","1577715605","2.22424"
"1577715605","2001084165","7.44091"
"2001084165","1577715605","7.44091"
"1577715605","2122718825","0.690909"
"2122718825","1577715605","0.690909"
"1577715605","2155920694","0.0909091"
"2155920694","1577715605","0.0909091"
"1577715605","2950397418","0.0909091"
"2950397418","1577715605","0.0909091"
"1598491617","2155920694","4.59091"
"2155920694","1598491617","4.59091"
"1598491617","2950397418","0.0909091"
"2950397418","1598491617","0.0909091"
"2001084165","2155920694","2.09091"
"2155920694","2001084165","2.09091"
"2001084165","2950397418","1.09091"
"2950397418","2001084165","1.09091"
"2122718825","2155920694","0.0909091"
"2155920694","2122718825","0.0909091"
"2122718825","2950397418","0.0909091"
"2950397418","2122718825","0.0909091"
"2155920694","2950397418","0.0909091"
"2950397418","2155920694","0.0909091"
"1487677025","1518928998","0.333333"
"1518928998","1487677025","0.333333"
"1487677025","1539943797","0.333333"
"1539943797","1487677025","0.333333"
"1487677025","2050529434","0.333333"
"2050529434","1487677025","0.333333"
"1518928998","1539943797","0.333333"
"1539943797","1518928998","0.333333"
"1518928998","2050529434","0.715151"
"2050529434","1518928998","0.715151"
"1487677025","1514236929","1"
"1514236929","1487677025","1"
"1488216968","2405585720","1"
"2405585720","1488216968","1"
"1488216968","2165408663","1"
"2165408663","1488216968","1"
"1488338708","86758347","0.666667"
"86758347","1488338708","0.666667"
"2001084165","86758347","1.66667"
"86758347","2001084165","1.66667"
"1488338708","1810933997","1.58333"
"1810933997","1488338708","1.58333"
"1496124759","1810933997","0.333333"
"1810933997","1496124759","0.333333"
"1534636449","1810933997","0.583333"
"1810933997","1534636449","0.583333"
"1488338708","1543618890","0.25"
"1543618890","1488338708","0.25"
"1488338708","2003582931","0.25"
"2003582931","1488338708","0.25"
"1534636449","1543618890","0.25"
"1543618890","1534636449","0.25"
"1534636449","2003582931","0.25"
"2003582931","1534636449","0.25"
"1543618890","1810933997","0.75"
"1810933997","1543618890","0.75"
"1543618890","2003582931","0.25"
"2003582931","1543618890","0.25"
"1810933997","2003582931","11.95"
"2003582931","1810933997","11.95"
"1488338708","2155489620","1"
"2155489620","1488338708","1"
"1488338708","2063724771","2.16667"
"2063724771","1488338708","2.16667"
"1534636449","2063724771","7.16667"
"2063724771","1534636449","7.16667"
"2001084165","2063724771","16.1667"
"2063724771","2001084165","16.1667"
"1488338708","2577421826","1"
"2577421826","1488338708","1"
"1577715605","2063724771","1.33333"
"2063724771","1577715605","1.33333"
"1577715605","2577421826","0.833333"
"2577421826","1577715605","0.833333"
"2001084165","2577421826","2"
"2577421826","2001084165","2"
"2063724771","2577421826","2.83333"
"2577421826","2063724771","2.83333"
"1495134838","1782160362","3"
"1782160362","1495134838","3"
"1495134838","1963947298","0.5"
"1963947298","1495134838","0.5"
"1495134838","2033593513","0.5"
"2033593513","1495134838","0.5"
"1963947298","2033593513","20.9829"
"2033593513","1963947298","20.9829"
"1496124759","2086757616","0.5"
"2086757616","1496124759","0.5"
"2086757616","2950397418","1"
"2950397418","2086757616","1"
"1496124759","2063724771","2"
"2063724771","1496124759","2"
"1496124759","2567350717","0.5"
"2567350717","1496124759","0.5"
"2001084165","2567350717","0.5"
"2567350717","2001084165","0.5"
"1496450894","1810933997","5.25"
"1810933997","1496450894","5.25"
"1496450894","2003582931","2.75"
"2003582931","1496450894","2.75"
"1496450894","2080047241","0.833333"
"2080047241","1496450894","0.833333"
"1810933997","2080047241","4.7"
"2080047241","1810933997","4.7"
"2003582931","2080047241","3.86667"
"2080047241","2003582931","3.86667"
"1496450894","1513123347","0.25"
"1513123347","1496450894","0.25"
"1496450894","1571694309","0.25"
"1571694309","1496450894","0.25"
"1513123347","1571694309","1.25"
"1571694309","1513123347","1.25"
"1513123347","1810933997","0.583333"
"1810933997","1513123347","0.583333"
"1513123347","2003582931","0.583333"
"2003582931","1513123347","0.583333"
"1571694309","1810933997","1.75"
"1810933997","1571694309","1.75"
"1571694309","2003582931","0.75"
"2003582931","1571694309","0.75"
"1496450894","1992561015","0.666667"
"1992561015","1496450894","0.666667"
"1810933997","1992561015","4.95"
"1992561015","1810933997","4.95"
"1992561015","2003582931","2.11667"
"2003582931","1992561015","2.11667"
"1496450894","2150578163","1"
"2150578163","1496450894","1"
"1496993044","1507454156","2.5"
"1507454156","1496993044","2.5"
"1496993044","1546807084","1"
"1546807084","1496993044","1"
"1496993044","1967075899","0.5"
"1967075899","1496993044","0.5"
"1507454156","1967075899","0.5"
"1967075899","1507454156","0.5"
"1496993044","2134634947","0.5"
"2134634947","1496993044","0.5"
"1496993044","2149224094","0.5"
"2149224094","1496993044","0.5"
"2134634947","2149224094","1.5"
"2149224094","2134634947","1.5"
"1496993044","1514236929","0.25"
"1514236929","1496993044","0.25"
"1496993044","2055529357","0.25"
"2055529357","1496993044","0.25"
"1496993044","2109014781","0.25"
"2109014781","1496993044","0.25"
"1496993044","2125718596","0.25"
"2125718596","1496993044","0.25"
"1514236929","2055529357","1.78333"
"2055529357","1514236929","1.78333"
"1514236929","2125718596","0.25"
"2125718596","1514236929","0.25"
"2055529357","2125718596","3.41667"
"2125718596","2055529357","3.41667"
"2109014781","2125718596","1.58333"
"2125718596","2109014781","1.58333"
"1496993044","2484187784","1"
"2484187784","1496993044","1"
"1496993044","1535109606","2"
"1535109606","1496993044","2"
"1502415516","2099180072","5.5"
"2099180072","1502415516","5.5"
"1502415516","2160838772","1"
"2160838772","1502415516","1"
"2099180072","2160838772","2.5"
"2160838772","2099180072","2.5"
"1502415516","2045870587","10.5"
"2045870587","1502415516","10.5"
"2045870587","2099180072","1"
"2099180072","2045870587","1"
"2045870587","2160838772","0.5"
"2160838772","2045870587","0.5"
"1504392280","2133145607","1.03333"
"2133145607","1504392280","1.03333"
"2109014781","2133145607","0.333333"
"2133145607","2109014781","0.333333"
"2133145607","2786140861","0.533333"
"2786140861","2133145607","0.533333"
"1504392280","2484187784","0.7"
"2484187784","1504392280","0.7"
"2484187784","2786140861","0.7"
"2786140861","2484187784","0.7"
"1514236929","2133145607","0.7"
"2133145607","1514236929","0.7"
"1504392280","2799704026","0.833333"
"2799704026","1504392280","0.833333"
"2786140861","2799704026","0.533333"
"2799704026","2786140861","0.533333"
"1504392280","2114431000","0.2"
"2114431000","1504392280","0.2"
"1514236929","2114431000","0.2"
"2114431000","1514236929","0.2"
"1514236929","2484187784","0.366667"
"2484187784","1514236929","0.366667"
"2114431000","2133145607","0.2"
"2133145607","2114431000","0.2"
"2114431000","2484187784","0.2"
"2484187784","2114431000","0.2"
"2114431000","2786140861","0.2"
"2786140861","2114431000","0.2"
"2133145607","2484187784","0.2"
"2484187784","2133145607","0.2"
"1505136655","1515129964","1.5"
"1515129964","1505136655","1.5"
"1505136655","1553761567","0.142857"
"1553761567","1505136655","0.142857"
"1505136655","1587520058","0.142857"
"1587520058","1505136655","0.142857"
"1505136655","1881177504","0.142857"
"1881177504","1505136655","0.142857"
"1505136655","22810531","0.142857"
"22810531","1505136655","0.142857"
"1505136655","2800984756","0.142857"
"2800984756","1505136655","0.142857"
"1505136655","2946548940","0.142857"
"2946548940","1505136655","0.142857"
"1505136655","53603207","0.142857"
"53603207","1505136655","0.142857"
"1553761567","1587520058","0.92619"
"1587520058","1553761567","0.92619"
"1553761567","1881177504","3.50952"
"1881177504","1553761567","3.50952"
"1553761567","22810531","0.142857"
"22810531","1553761567","0.142857"
"1553761567","2800984756","0.592857"
"2800984756","1553761567","0.592857"
"1553761567","2946548940","0.892857"
"2946548940","1553761567","0.892857"
"1553761567","53603207","1.22619"
"53603207","1553761567","1.22619"
"1587520058","1881177504","0.92619"
"1881177504","1587520058","0.92619"
"1587520058","22810531","0.142857"
"22810531","1587520058","0.142857"
"1587520058","2800984756","1.34286"
"2800984756","1587520058","1.34286"
"1587520058","2946548940","0.142857"
"2946548940","1587520058","0.142857"
"1587520058","53603207","0.47619"
"53603207","1587520058","0.47619"
"1881177504","22810531","0.142857"
"22810531","1881177504","0.142857"
"1881177504","2800984756","0.592857"
"2800984756","1881177504","0.592857"
"1881177504","53603207","3.05952"
"53603207","1881177504","3.05952"
"22810531","2800984756","1.39286"
"2800984756","22810531","1.39286"
"22810531","2946548940","0.142857"
"2946548940","22810531","0.142857"
"22810531","53603207","0.142857"
"53603207","22810531","0.142857"
"2800984756","2946548940","0.392857"
"2946548940","2800984756","0.392857"
"2800984756","53603207","0.392857"
"53603207","2800984756","0.392857"
"2946548940","53603207","1.22619"
"53603207","2946548940","1.22619"
"1505136655","2800976754","0.5"
"2800976754","1505136655","0.5"
"1515129964","2800976754","0.5"
"2800976754","1515129964","0.5"
"1507454156","2114476616","0.333333"
"2114476616","1507454156","0.333333"
"1507454156","2153885989","0.333333"
"2153885989","1507454156","0.333333"
"1507454156","22810531","0.333333"
"22810531","1507454156","0.333333"
"2114476616","22810531","2.59848"
"22810531","2114476616","2.59848"
"1507454156","1535109606","1"
"1535109606","1507454156","1"
"1507454156","1553761567","1.28333"
"1553761567","1507454156","1.28333"
"1507454156","1582705293","0.783333"
"1582705293","1507454156","0.783333"
"1507454156","1587520058","1.95"
"1587520058","1507454156","1.95"
"1507454156","1881177504","2.28333"
"1881177504","1507454156","2.28333"
"1507454156","2800984756","0.2"
"2800984756","1507454156","0.2"
"1553761567","1582705293","1.28333"
"1582705293","1553761567","1.28333"
"1582705293","1587520058","0.45"
"1587520058","1582705293","0.45"
"1582705293","1881177504","1.28333"
"1881177504","1582705293","1.28333"
"1582705293","2800984756","0.2"
"2800984756","1582705293","0.2"
"1507454156","1546432095","0.5"
"1546432095","1507454156","0.5"
"1546432095","1587520058","3.5"
"1587520058","1546432095","3.5"
"1509778976","2133145607","1.5"
"2133145607","1509778976","1.5"
"1509778976","2405585720","0.5"
"2405585720","1509778976","0.5"
"2133145607","2405585720","0.5"
"2405585720","2133145607","0.5"
"1509778976","1996931407","1"
"1996931407","1509778976","1"
"1511232353","1514236929","0.166667"
"1514236929","1511232353","0.166667"
"1511232353","1534101489","0.833333"
"1534101489","1511232353","0.833333"
"1511232353","1540128709","0.666667"
"1540128709","1511232353","0.666667"
"1511232353","2021179554","3.25"
"2021179554","1511232353","3.25"
"1511232353","2055529357","0.833333"
"2055529357","1511232353","0.833333"
"1511232353","2484187784","0.166667"
"2484187784","1511232353","0.166667"
"1514236929","1534101489","0.166667"
"1534101489","1514236929","0.166667"
"1514236929","1540128709","0.166667"
"1540128709","1514236929","0.166667"
"1514236929","2021179554","0.166667"
"2021179554","1514236929","0.166667"
"1534101489","1540128709","0.583333"
"1540128709","1534101489","0.583333"
"1534101489","2021179554","0.916667"
"2021179554","1534101489","0.916667"
"1534101489","2055529357","1.59848"
"2055529357","1534101489","1.59848"
"1534101489","2484187784","0.166667"
"2484187784","1534101489","0.166667"
"1540128709","2021179554","1.08333"
"2021179554","1540128709","1.08333"
"1540128709","2055529357","1.08333"
"2055529357","1540128709","1.08333"
"1540128709","2484187784","0.166667"
"2484187784","1540128709","0.166667"
"2021179554","2055529357","1.08333"
"2055529357","2021179554","1.08333"
"2021179554","2484187784","0.166667"
"2484187784","2021179554","0.166667"
"2055529357","2484187784","0.166667"
"2484187784","2055529357","0.166667"
"1511232353","2103966159","1"
"2103966159","1511232353","1"
"1511232353","2050529434","0.75"
"2050529434","1511232353","0.75"
"2021179554","2050529434","2.25"
"2050529434","2021179554","2.25"
"1511232353","1966580423","2.33333"
"1966580423","1511232353","2.33333"
"1511232353","2051912576","1.25"
"2051912576","1511232353","1.25"
"1511232353","2109014781","0.5"
"2109014781","1511232353","0.5"
"2051912576","2055529357","0.333333"
"2055529357","2051912576","0.333333"
"2051912576","2109014781","0.5"
"2109014781","2051912576","0.5"
"1511232353","2039097543","0.166667"
"2039097543","1511232353","0.166667"
"1511232353","2165408663","0.166667"
"2165408663","1511232353","0.166667"
"1534101489","2039097543","0.166667"
"2039097543","1534101489","0.166667"
"1534101489","2051912576","1.5"
"2051912576","1534101489","1.5"
"1534101489","2109014781","0.166667"
"2109014781","1534101489","0.166667"
"1534101489","2165408663","0.166667"
"2165408663","1534101489","0.166667"
"1540128709","2039097543","0.166667"
"2039097543","1540128709","0.166667"
"1540128709","2051912576","0.166667"
"2051912576","1540128709","0.166667"
"1540128709","2109014781","0.5"
"2109014781","1540128709","0.5"
"1540128709","2165408663","0.166667"
"2165408663","1540128709","0.166667"
"2039097543","2051912576","0.166667"
"2051912576","2039097543","0.166667"
"2039097543","2109014781","0.166667"
"2109014781","2039097543","0.166667"
"2039097543","2165408663","0.166667"
"2165408663","2039097543","0.166667"
"2051912576","2165408663","0.75"
"2165408663","2051912576","0.75"
"2109014781","2165408663","0.166667"
"2165408663","2109014781","0.166667"
"2021179554","2051912576","0.75"
"2051912576","2021179554","0.75"
"1511232353","1658739283","0.333333"
"1658739283","1511232353","0.333333"
"1511232353","1989255032","0.333333"
"1989255032","1511232353","0.333333"
"1658739283","1966580423","0.333333"
"1966580423","1658739283","0.333333"
"1658739283","1989255032","7.525"
"1989255032","1658739283","7.525"
"1966580423","1989255032","0.333333"
"1989255032","1966580423","0.333333"
"1511232353","1582705293","0.25"
"1582705293","1511232353","0.25"
"1582705293","2021179554","0.25"
"2021179554","1582705293","0.25"
"1582705293","2051912576","0.25"
"2051912576","1582705293","0.25"
"2050529434","2051912576","0.25"
"2051912576","2050529434","0.25"
"1513123347","1674026484","0.666667"
"1674026484","1513123347","0.666667"
"1513123347","1823532151","0.666667"
"1823532151","1513123347","0.666667"
"1571694309","1674026484","0.866667"
"1674026484","1571694309","0.866667"
"1571694309","1823532151","2.03333"
"1823532151","1571694309","2.03333"
"1674026484","1823532151","0.866667"
"1823532151","1674026484","0.866667"
"1514236929","2799704026","2.33333"
"2799704026","1514236929","2.33333"
"1514236929","1582705293","2"
"1582705293","1514236929","2"
"1514236929","2153575752","0.5"
"2153575752","1514236929","0.5"
"2050529434","2153575752","1.5"
"2153575752","2050529434","1.5"
"1514236929","1745716700","0.533333"
"1745716700","1514236929","0.533333"
"2109014781","2799704026","1.78333"
"2799704026","2109014781","1.78333"
"1514236929","1586851617","0.2"
"1586851617","1514236929","0.2"
"1514236929","2019627667","0.2"
"2019627667","1514236929","0.2"
"1586851617","1745716700","0.381818"
"1745716700","1586851617","0.381818"
"1586851617","2019627667","0.2"
"2019627667","1586851617","0.2"
"1586851617","2055529357","0.715151"
"2055529357","1586851617","0.715151"
"1586851617","2109014781","0.2"
"2109014781","1586851617","0.2"
"1745716700","2019627667","1.53333"
"2019627667","1745716700","1.53333"
"1745716700","2055529357","0.381818"
"2055529357","1745716700","0.381818"
"2019627667","2055529357","0.2"
"2055529357","2019627667","0.2"
"2019627667","2109014781","0.533333"
"2109014781","2019627667","0.533333"
"2055529357","2799704026","1.03333"
"2799704026","2055529357","1.03333"
"1514236929","2149224094","0.5"
"2149224094","1514236929","0.5"
"1514780971","2086757616","0.5"
"2086757616","1514780971","0.5"
"1515129964","2146296318","1"
"2146296318","1515129964","1"
"1518928998","2051912576","1"
"2051912576","1518928998","1"
"1518928998","1967075899","0.7"
"1967075899","1518928998","0.7"
"1518928998","2786140861","0.2"
"2786140861","1518928998","0.2"
"1518928998","2799704026","2.7"
"2799704026","1518928998","2.7"
"1518928998","49166960","0.2"
"49166960","1518928998","0.2"
"1967075899","49166960","0.2"
"49166960","1967075899","0.2"
"2050529434","49166960","4.03333"
"49166960","2050529434","4.03333"
"2786140861","49166960","0.2"
"49166960","2786140861","0.2"
"2799704026","49166960","0.533333"
"49166960","2799704026","0.533333"
"1518928998","2055529357","0.681818"
"2055529357","1518928998","0.681818"
"1518928998","2125718596","0.5"
"2125718596","1518928998","0.5"
"1518928998","2165408663","0.25"
"2165408663","1518928998","0.25"
"2055529357","2165408663","0.25"
"2165408663","2055529357","0.25"
"2125718596","2165408663","0.25"
"2165408663","2125718596","0.25"
"2125718596","2799704026","0.5"
"2799704026","2125718596","0.5"
"2165408663","2799704026","0.5"
"2799704026","2165408663","0.5"
"1518928998","2114431000","0.25"
"2114431000","1518928998","0.25"
"2055529357","2114431000","0.25"
"2114431000","2055529357","0.25"
"2114431000","2125718596","0.25"
"2125718596","2114431000","0.25"
"2114431000","2799704026","0.25"
"2799704026","2114431000","0.25"
"1518928998","1989255032","0.833333"
"1989255032","1518928998","0.833333"
"1518928998","2153497135","0.833333"
"2153497135","1518928998","0.833333"
"1989255032","2153497135","14.025"
"2153497135","1989255032","14.025"
"1518928998","1534101489","0.181818"
"1534101489","1518928998","0.181818"
"1518928998","1586851617","0.681818"
"1586851617","1518928998","0.681818"
"1518928998","1745716700","0.181818"
"1745716700","1518928998","0.181818"
"1518928998","2024675214","0.181818"
"2024675214","1518928998","0.181818"
"1518928998","2046480630","0.181818"
"2046480630","1518928998","0.181818"
"1518928998","2114476616","0.181818"
"2114476616","1518928998","0.181818"
"1518928998","2133145607","0.181818"
"2133145607","1518928998","0.181818"
"1518928998","22810531","0.181818"
"22810531","1518928998","0.181818"
"1518928998","2395251829","0.181818"
"2395251829","1518928998","0.181818"
"1534101489","1586851617","0.181818"
"1586851617","1534101489","0.181818"
"1534101489","1745716700","0.181818"
"1745716700","1534101489","0.181818"
"1534101489","2024675214","0.181818"
"2024675214","1534101489","0.181818"
"1534101489","2046480630","0.181818"
"2046480630","1534101489","0.181818"
"1534101489","2050529434","0.181818"
"2050529434","1534101489","0.181818"
"1534101489","2114476616","0.181818"
"2114476616","1534101489","0.181818"
"1534101489","2133145607","0.181818"
"2133145607","1534101489","0.181818"
"1534101489","22810531","0.181818"
"22810531","1534101489","0.181818"
"1534101489","2395251829","0.181818"
"2395251829","1534101489","0.181818"
"1586851617","2024675214","0.181818"
"2024675214","1586851617","0.181818"
"1586851617","2046480630","0.181818"
"2046480630","1586851617","0.181818"
"1586851617","2050529434","0.515152"
"2050529434","1586851617","0.515152"
"1586851617","2114476616","0.181818"
"2114476616","1586851617","0.181818"
"1586851617","2133145607","0.181818"
"2133145607","1586851617","0.181818"
"1586851617","22810531","0.181818"
"22810531","1586851617","0.181818"
"1586851617","2395251829","0.181818"
"2395251829","1586851617","0.181818"
"1745716700","2024675214","0.324675"
"2024675214","1745716700","0.324675"
"1745716700","2046480630","0.181818"
"2046480630","1745716700","0.181818"
"1745716700","2114476616","0.181818"
"2114476616","1745716700","0.181818"
"1745716700","2133145607","0.181818"
"2133145607","1745716700","0.181818"
"1745716700","22810531","0.181818"
"22810531","1745716700","0.181818"
"1745716700","2395251829","0.181818"
"2395251829","1745716700","0.181818"
"2024675214","2050529434","2.82468"
"2050529434","2024675214","2.82468"
"2024675214","2055529357","0.181818"
"2055529357","2024675214","0.181818"
"2024675214","2114476616","0.181818"
"2114476616","2024675214","0.181818"
"2024675214","2133145607","0.181818"
"2133145607","2024675214","0.181818"
"2024675214","2395251829","0.181818"
"2395251829","2024675214","0.181818"
"2046480630","2050529434","0.381818"
"2050529434","2046480630","0.381818"
"2046480630","2055529357","0.181818"
"2055529357","2046480630","0.181818"
"2046480630","2114476616","1.26515"
"2114476616","2046480630","1.26515"
"2046480630","2133145607","0.181818"
"2133145607","2046480630","0.181818"
"2046480630","2395251829","1.18182"
"2395251829","2046480630","1.18182"
"2050529434","2114476616","0.431818"
"2114476616","2050529434","0.431818"
"2050529434","2133145607","1.68182"
"2133145607","2050529434","1.68182"
"2050529434","22810531","0.181818"
"22810531","2050529434","0.181818"
"2050529434","2395251829","0.181818"
"2395251829","2050529434","0.181818"
"2055529357","2114476616","0.181818"
"2114476616","2055529357","0.181818"
"2055529357","2133145607","0.181818"
"2133145607","2055529357","0.181818"
"2055529357","22810531","0.181818"
"22810531","2055529357","0.181818"
"2055529357","2395251829","0.181818"
"2395251829","2055529357","0.181818"
"2114476616","2133145607","0.431818"
"2133145607","2114476616","0.431818"
"2114476616","2395251829","0.181818"
"2395251829","2114476616","0.181818"
"2133145607","22810531","0.181818"
"22810531","2133145607","0.181818"
"2133145607","2395251829","0.181818"
"2395251829","2133145607","0.181818"
"22810531","2395251829","0.181818"
"2395251829","22810531","0.181818"
"1518928998","190551272","0.333333"
"190551272","1518928998","0.333333"
"190551272","1989255032","23.3917"
"1989255032","190551272","23.3917"
"190551272","2153497135","10.9417"
"2153497135","190551272","10.9417"
"1518928998","2134634947","1"
"2134634947","1518928998","1"
"1586851617","1967075899","0.5"
"1967075899","1586851617","0.5"
"1525757705","1696444595","4.5"
"1696444595","1525757705","4.5"
"1525757705","2104559655","6.5"
"2104559655","1525757705","6.5"
"1696444595","2104559655","3.5"
"2104559655","1696444595","3.5"
"1534101489","2103966159","1"
"2103966159","1534101489","1"
"1534101489","2153575752","1"
"2153575752","1534101489","1"
"1534101489","1821409700","0.333333"
"1821409700","1534101489","0.333333"
"1821409700","2051912576","0.333333"
"2051912576","1821409700","0.333333"
"2051912576","2122718825","0.333333"
"2122718825","2051912576","0.333333"
"1534101489","1989255032","0.25"
"1989255032","1534101489","0.25"
"1540128709","1989255032","1.25"
"1989255032","1540128709","1.25"
"1989255032","2021179554","0.25"
"2021179554","1989255032","0.25"
"1989255032","2055529357","0.25"
"2055529357","1989255032","0.25"
"1534636449","2065955975","1"
"2065955975","1534636449","1"
"1538332098","1605557845","11.6734"
"1605557845","1538332098","11.6734"
"1538332098","1631846088","18.3385"
"1631846088","1538332098","18.3385"
"1538332098","1996931407","18.5222"
"1996931407","1538332098","18.5222"
"1538332098","2397986719","6.49286"
"2397986719","1538332098","6.49286"
"1605557845","1631846088","8.81627"
"1631846088","1605557845","8.81627"
"1605557845","1996931407","7.75952"
"1996931407","1605557845","7.75952"
"1605557845","2397986719","2.49286"
"2397986719","1605557845","2.49286"
"1631846088","1996931407","25.6262"
"1996931407","1631846088","25.6262"
"1631846088","2397986719","10.8357"
"2397986719","1631846088","10.8357"
"1996931407","2397986719","11.3012"
"2397986719","1996931407","11.3012"
"1538332098","1963947298","27.5234"
"1963947298","1538332098","27.5234"
"1538332098","2004877887","2.55397"
"2004877887","1538332098","2.55397"
"1538332098","2033593513","9.19008"
"2033593513","1538332098","9.19008"
"1631846088","1963947298","30.3052"
"1963947298","1631846088","30.3052"
"1631846088","2004877887","2.59286"
"2004877887","1631846088","2.59286"
"1631846088","2033593513","7.82183"
"2033593513","1631846088","7.82183"
"1963947298","1996931407","48.6984"
"1996931407","1963947298","48.6984"
"1963947298","2004877887","9.87064"
"2004877887","1963947298","9.87064"
"1996931407","2004877887","6.38056"
"2004877887","1996931407","6.38056"
"1996931407","2033593513","8.46508"
"2033593513","1996931407","8.46508"
"2004877887","2033593513","4.5373"
"2033593513","2004877887","4.5373"
"1963947298","2397986719","8.79286"
"2397986719","1963947298","8.79286"
"2033593513","2397986719","2.46786"
"2397986719","2033593513","2.46786"
"1605557845","1963947298","25.1329"
"1963947298","1605557845","25.1329"
"1605557845","2033593513","16.7163"
"2033593513","1605557845","16.7163"
"1538332098","2022413220","9.38175"
"2022413220","1538332098","9.38175"
"1605557845","2004877887","7.45397"
"2004877887","1605557845","7.45397"
"1605557845","2022413220","8.83889"
"2022413220","1605557845","8.83889"
"1631846088","2022413220","4.40397"
"2022413220","1631846088","4.40397"
"1963947298","2022413220","8.67222"
"2022413220","1963947298","8.67222"
"2004877887","2022413220","2.51944"
