"113731474","1488890761","0.624242"
"1488890761","113731474","0.624242"
"113731474","2133448626","0.290909"
"2133448626","113731474","0.290909"
"113731474","2154564703","0.790909"
"2154564703","113731474","0.790909"
"113731474","2157828581","0.2"
"2157828581","113731474","0.2"
"113731474","2262688675","0.2"
"2262688675","113731474","0.2"
"1488890761","2133448626","3.43377"
"2133448626","1488890761","3.43377"
"1488890761","2154564703","15.2115"
"2154564703","1488890761","15.2115"
"1488890761","2157828581","1.03333"
"2157828581","1488890761","1.03333"
"1488890761","2262688675","0.342857"
"2262688675","1488890761","0.342857"
"2133448626","2154564703","1.45758"
"2154564703","2133448626","1.45758"
"2133448626","2157828581","0.366667"
"2157828581","2133448626","0.366667"
"2133448626","2262688675","0.342857"
"2262688675","2133448626","0.342857"
"2154564703","2157828581","3.89444"
"2157828581","2154564703","3.89444"
"2154564703","2262688675","0.2"
"2262688675","2154564703","0.2"
"2157828581","2262688675","0.2"
"2262688675","2157828581","0.2"
"113731474","2116807588","0.924242"
"2116807588","113731474","0.924242"
"113731474","2121988324","0.333333"
"2121988324","113731474","0.333333"
"1488890761","2116807588","0.424242"
"2116807588","1488890761","0.424242"
"1488890761","2121988324","1.16667"
"2121988324","1488890761","1.16667"
"2116807588","2121988324","0.833333"
"2121988324","2116807588","0.833333"
"113731474","1771153709","0.0909091"
"1771153709","113731474","0.0909091"
"113731474","2122049982","0.590909"
"2122049982","113731474","0.590909"
"113731474","2136025860","0.0909091"
"2136025860","113731474","0.0909091"
"113731474","2155317744","0.0909091"
"2155317744","113731474","0.0909091"
"113731474","2171690178","0.590909"
"2171690178","113731474","0.590909"
"113731474","2508356508","0.0909091"
"2508356508","113731474","0.0909091"
"113731474","2509702867","0.0909091"
"2509702867","113731474","0.0909091"
"1488890761","1771153709","0.876623"
"1771153709","1488890761","0.876623"
"1488890761","2122049982","26.6044"
"2122049982","1488890761","26.6044"
"1488890761","2136025860","3.65043"
"2136025860","1488890761","3.65043"
"1488890761","2155317744","0.233766"
"2155317744","1488890761","0.233766"
"1488890761","2171690178","0.0909091"
"2171690178","1488890761","0.0909091"
"1488890761","2508356508","0.344877"
"2508356508","1488890761","0.344877"
"1488890761","2509702867","0.0909091"
"2509702867","1488890761","0.0909091"
"1771153709","2116807588","0.457576"
"2116807588","1771153709","0.457576"
"1771153709","2122049982","1.1671"
"2122049982","1771153709","1.1671"
"1771153709","2133448626","0.400433"
"2133448626","1771153709","0.400433"
"1771153709","2136025860","0.0909091"
"2136025860","1771153709","0.0909091"
"1771153709","2154564703","1.63535"
"2154564703","1771153709","1.63535"
"1771153709","2155317744","0.711544"
"2155317744","1771153709","0.711544"
"1771153709","2171690178","0.290909"
"2171690178","1771153709","0.290909"
"1771153709","2508356508","1.44488"
"2508356508","1771153709","1.44488"
"1771153709","2509702867","0.0909091"
"2509702867","1771153709","0.0909091"
"2116807588","2122049982","12.16"
"2122049982","2116807588","12.16"
"2116807588","2133448626","1.40043"
"2133448626","2116807588","1.40043"
"2116807588","2136025860","0.233766"
"2136025860","2116807588","0.233766"
"2116807588","2154564703","3.29091"
"2154564703","2116807588","3.29091"
"2116807588","2155317744","0.290909"
"2155317744","2116807588","0.290909"
"2116807588","2171690178","38.9671"
"2171690178","2116807588","38.9671"
"2116807588","2508356508","0.0909091"
"2508356508","2116807588","0.0909091"
"2116807588","2509702867","0.757576"
"2509702867","2116807588","0.757576"
"2122049982","2133448626","5.40996"
"2133448626","2122049982","5.40996"
"2122049982","2136025860","11.8814"
"2136025860","2122049982","11.8814"
"2122049982","2154564703","77.7643"
"2154564703","2122049982","77.7643"
"2122049982","2155317744","3.6921"
"2155317744","2122049982","3.6921"
"2122049982","2171690178","8.85043"
"2171690178","2122049982","8.85043"
"2122049982","2508356508","1.13535"
"2508356508","2122049982","1.13535"
"2122049982","2509702867","0.0909091"
"2509702867","2122049982","0.0909091"
"2133448626","2136025860","1.59091"
"2136025860","2133448626","1.59091"
"2133448626","2155317744","1.09091"
"2155317744","2133448626","1.09091"
"2133448626","2171690178","1.23377"
"2171690178","2133448626","1.23377"
"2133448626","2508356508","0.0909091"
"2508356508","2133448626","0.0909091"
"2133448626","2509702867","0.0909091"
"2509702867","2133448626","0.0909091"
"2136025860","2154564703","13.6457"
"2154564703","2136025860","13.6457"
"2136025860","2155317744","0.340909"
"2155317744","2136025860","0.340909"
"2136025860","2171690178","0.340909"
"2171690178","2136025860","0.340909"
"2136025860","2508356508","0.0909091"
"2508356508","2136025860","0.0909091"
"2136025860","2509702867","0.0909091"
"2509702867","2136025860","0.0909091"
"2154564703","2155317744","1.21988"
"2155317744","2154564703","1.21988"
"2154564703","2171690178","1.62424"
"2171690178","2154564703","1.62424"
"2154564703","2508356508","0.746465"
"2508356508","2154564703","0.746465"
"2154564703","2509702867","0.757576"
"2509702867","2154564703","0.757576"
"2155317744","2171690178","0.540909"
"2171690178","2155317744","0.540909"
"2155317744","2508356508","1.01154"
"2508356508","2155317744","1.01154"
"2155317744","2509702867","0.0909091"
"2509702867","2155317744","0.0909091"
"2171690178","2508356508","0.0909091"
"2508356508","2171690178","0.0909091"
"2171690178","2509702867","0.0909091"
"2509702867","2171690178","0.0909091"
"2508356508","2509702867","0.0909091"
"2509702867","2508356508","0.0909091"
"113731474","1538511530","0.5"
"1538511530","113731474","0.5"
"1538511530","2154564703","1.61905"
"2154564703","1538511530","1.61905"
"113731474","2123858370","0.5"
"2123858370","113731474","0.5"
"2122049982","2123858370","60.9397"
"2123858370","2122049982","60.9397"
"1488890761","2123858370","0.753968"
"2123858370","1488890761","0.753968"
"2121988324","2123858370","1.08333"
"2123858370","2121988324","1.08333"
"1488890761","1589806443","1.58333"
"1589806443","1488890761","1.58333"
"1589806443","2136025860","2.68571"
"2136025860","1589806443","2.68571"
"1488890761","2171829095","2.75"
"2171829095","1488890761","2.75"
"2121988324","2122049982","28.9825"
"2122049982","2121988324","28.9825"
"2121988324","2154564703","8.72183"
"2154564703","2121988324","8.72183"
"1488890761","1819958245","2.72778"
"1819958245","1488890761","2.72778"
"1819958245","2122049982","51.7556"
"2122049982","1819958245","51.7556"
"1488890761","1510692643","1.25"
"1510692643","1488890761","1.25"
"1488890761","2148791173","2.33333"
"2148791173","1488890761","2.33333"
"1510692643","2136025860","0.95"
"2136025860","1510692643","0.95"
"1510692643","2148791173","0.583333"
"2148791173","1510692643","0.583333"
"1510692643","2154564703","8.76667"
"2154564703","1510692643","8.76667"
"2136025860","2148791173","0.516667"
"2148791173","2136025860","0.516667"
"2148791173","2154564703","1.68333"
"2154564703","2148791173","1.68333"
"1488890761","1497651746","1.41667"
"1497651746","1488890761","1.41667"
"1497651746","2122049982","17.823"
"2122049982","1497651746","17.823"
"1497651746","2148791173","0.5"
"2148791173","1497651746","0.5"
"2122049982","2148791173","9.76667"
"2148791173","2122049982","9.76667"
"1488890761","2088923183","2.48016"
"2088923183","1488890761","2.48016"
"1488890761","2110012131","1.41667"
"2110012131","1488890761","1.41667"
"2088923183","2110012131","2.1"
"2110012131","2088923183","2.1"
"1488890761","2106969392","1.83333"
"2106969392","1488890761","1.83333"
"2106969392","2157828581","1.16667"
"2157828581","2106969392","1.16667"
"1589806443","2122049982","14.2702"
"2122049982","1589806443","14.2702"
"1589806443","2154564703","6.84524"
"2154564703","1589806443","6.84524"
"1488890761","2159436061","0.559524"
"2159436061","1488890761","0.559524"
"2088923183","2148791173","0.916667"
"2148791173","2088923183","0.916667"
"2088923183","2154564703","11.5302"
"2154564703","2088923183","11.5302"
"2088923183","2159436061","0.892857"
"2159436061","2088923183","0.892857"
"2148791173","2159436061","1.68333"
"2159436061","2148791173","1.68333"
"2154564703","2159436061","0.770635"
"2159436061","2154564703","0.770635"
"1510692643","2122049982","15.85"
"2122049982","1510692643","15.85"
"1488890761","1522388518","0.166667"
"1522388518","1488890761","0.166667"
"1510692643","1522388518","0.166667"
"1522388518","1510692643","0.166667"
"1510692643","2088923183","0.666667"
"2088923183","1510692643","0.666667"
"1510692643","2159436061","0.166667"
"2159436061","1510692643","0.166667"
"1522388518","2088923183","0.166667"
"2088923183","1522388518","0.166667"
"1522388518","2122049982","0.416667"
"2122049982","1522388518","0.416667"
"1522388518","2148791173","15.4167"
"2148791173","1522388518","15.4167"
"1522388518","2159436061","0.166667"
"2159436061","1522388518","0.166667"
"2088923183","2122049982","26.3397"
"2122049982","2088923183","26.3397"
"2122049982","2159436061","6.85952"
"2159436061","2122049982","6.85952"
"1510692643","2133448626","0.166667"
"2133448626","1510692643","0.166667"
"2133448626","2148791173","0.166667"
"2148791173","2133448626","0.166667"
"1488890761","1497744324","0.366667"
"1497744324","1488890761","0.366667"
"1488890761","1534212008","0.985714"
"1534212008","1488890761","0.985714"
"1488890761","2295903522","1.76349"
"2295903522","1488890761","1.76349"
"1497744324","1534212008","2.97738"
"1534212008","1497744324","2.97738"
"1497744324","1819958245","4.23571"
"1819958245","1497744324","4.23571"
"1497744324","2122049982","10.9357"
"2122049982","1497744324","10.9357"
"1497744324","2295903522","2.93571"
"2295903522","1497744324","2.93571"
"1534212008","1819958245","6.99802"
"1819958245","1534212008","6.99802"
"1534212008","2122049982","23.6599"
"2122049982","1534212008","23.6599"
"1534212008","2295903522","9.45754"
"2295903522","1534212008","9.45754"
"1819958245","2295903522","12.4944"
"2295903522","1819958245","12.4944"
"2122049982","2295903522","39.6992"
"2295903522","2122049982","39.6992"
"2106969392","2295903522","4.12143"
"2295903522","2106969392","4.12143"
"2157828581","2295903522","0.861111"
"2295903522","2157828581","0.861111"
"1497651746","2088923183","3.55"
"2088923183","1497651746","3.55"
"1497651746","2171829095","0.25"
"2171829095","1497651746","0.25"
"2088923183","2171829095","0.25"
"2171829095","2088923183","0.25"
"2122049982","2171829095","4"
"2171829095","2122049982","4"
"1497651746","2154564703","7.26349"
"2154564703","1497651746","7.26349"
"2110012131","2148791173","1.33333"
"2148791173","2110012131","1.33333"
"2110012131","2154564703","38.9341"
"2154564703","2110012131","38.9341"
"1488890761","1957951093","0.47619"
"1957951093","1488890761","0.47619"
"1497744324","1957951093","0.666667"
"1957951093","1497744324","0.666667"
"1534212008","1957951093","2.68849"
"1957951093","1534212008","2.68849"
"1819958245","1957951093","10.4563"
"1957951093","1819958245","10.4563"
"1957951093","2122049982","24.3944"
"2122049982","1957951093","24.3944"
"1957951093","2295903522","11.8833"
"2295903522","1957951093","11.8833"
"1534212008","2148791173","0.916667"
"2148791173","1534212008","0.916667"
"1534212008","2154564703","6.11746"
"2154564703","1534212008","6.11746"
"2106969392","2122049982","18.0381"
"2122049982","2106969392","18.0381"
"1819958245","2088923183","2.35397"
"2088923183","1819958245","2.35397"
"1819958245","2154564703","8.42817"
"2154564703","1819958245","8.42817"
"1534212008","2088923183","0.885714"
"2088923183","1534212008","0.885714"
"1534212008","2123858370","2.03571"
"2123858370","1534212008","2.03571"
"1534212008","2136025860","1.2119"
"2136025860","1534212008","1.2119"
"1534212008","2159436061","0.253968"
"2159436061","1534212008","0.253968"
"2088923183","2123858370","3.50397"
"2123858370","2088923183","3.50397"
"2088923183","2136025860","0.309524"
"2136025860","2088923183","0.309524"
"2123858370","2136025860","1.68571"
"2136025860","2123858370","1.68571"
"2123858370","2154564703","4.07063"
"2154564703","2123858370","4.07063"
"2123858370","2159436061","0.142857"
"2159436061","2123858370","0.142857"
"2136025860","2159436061","0.242857"
"2159436061","2136025860","0.242857"
"1589806443","2110012131","4.74286"
"2110012131","1589806443","4.74286"
"2110012131","2122049982","24.4063"
"2122049982","2110012131","24.4063"
"1534212008","1771153709","0.520635"
"1771153709","1534212008","0.520635"
"1534212008","2133448626","0.309524"
"2133448626","1534212008","0.309524"
"1534212008","2262688675","0.142857"
"2262688675","1534212008","0.142857"
"1771153709","2088923183","0.609524"
"2088923183","1771153709","0.609524"
"1771153709","2262688675","0.142857"
"2262688675","1771153709","0.142857"
"1771153709","2295903522","1.03016"
"2295903522","1771153709","1.03016"
"2088923183","2133448626","1.47619"
"2133448626","2088923183","1.47619"
"2088923183","2262688675","0.142857"
"2262688675","2088923183","0.142857"
"2088923183","2295903522","1.28016"
"2295903522","2088923183","1.28016"
"2122049982","2262688675","0.142857"
"2262688675","2122049982","0.142857"
"2133448626","2295903522","0.452381"
"2295903522","2133448626","0.452381"
"2262688675","2295903522","0.142857"
"2295903522","2262688675","0.142857"
"1957951093","2088923183","2.14286"
"2088923183","1957951093","2.14286"
"1957951093","2136025860","1.27619"
"2136025860","1957951093","1.27619"
"1957951093","2154564703","7.27421"
"2154564703","1957951093","7.27421"
"2136025860","2295903522","2.33095"
"2295903522","2136025860","2.33095"
"2154564703","2295903522","17.5377"
"2295903522","2154564703","17.5377"
"2136025860","2171829095","0.5"
"2171829095","2136025860","0.5"
"1488890761","1582983062","0.611111"
"1582983062","1488890761","0.611111"
"1488890761","2766853406","0.253968"
"2766853406","1488890761","0.253968"
"1582983062","1819958245","1.97222"
"1819958245","1582983062","1.97222"
"1582983062","2088923183","0.811111"
"2088923183","1582983062","0.811111"
"1582983062","2122049982","31.4889"
"2122049982","1582983062","31.4889"
"1582983062","2123858370","0.444444"
"2123858370","1582983062","0.444444"
"1582983062","2154564703","7.98889"
"2154564703","1582983062","7.98889"
"1582983062","2295903522","4.89444"
"2295903522","1582983062","4.89444"
"1582983062","2508356508","0.111111"
"2508356508","1582983062","0.111111"
"1582983062","2766853406","0.111111"
"2766853406","1582983062","0.111111"
"1819958245","2123858370","4.17063"
"2123858370","1819958245","4.17063"
"1819958245","2508356508","0.211111"
"2508356508","1819958245","0.211111"
"1819958245","2766853406","0.611111"
"2766853406","1819958245","0.611111"
"2088923183","2508356508","0.377778"
"2508356508","2088923183","0.377778"
"2088923183","2766853406","0.611111"
"2766853406","2088923183","0.611111"
"2122049982","2766853406","0.777778"
"2766853406","2122049982","0.777778"
"2123858370","2295903522","3.04683"
"2295903522","2123858370","3.04683"
"2123858370","2508356508","0.111111"
"2508356508","2123858370","0.111111"
"2123858370","2766853406","1.77778"
"2766853406","2123858370","1.77778"
"2154564703","2766853406","0.722222"
"2766853406","2154564703","0.722222"
"2295903522","2508356508","0.631746"
"2508356508","2295903522","0.631746"
"2295903522","2766853406","0.865079"
"2766853406","2295903522","0.865079"
"2508356508","2766853406","0.865079"
"2766853406","2508356508","0.865079"
"1582983062","1771153709","0.5"
"1771153709","1582983062","0.5"
"1488890761","2896496024","0.642857"
"2896496024","1488890761","0.642857"
"1771153709","1957951093","0.142857"
"1957951093","1771153709","0.142857"
"1771153709","2766853406","0.253968"
"2766853406","1771153709","0.253968"
"1771153709","2896496024","0.142857"
"2896496024","1771153709","0.142857"
"1957951093","2155317744","0.660714"
"2155317744","1957951093","0.660714"
"1957951093","2508356508","0.142857"
"2508356508","1957951093","0.142857"
"1957951093","2766853406","0.642857"
"2766853406","1957951093","0.642857"
"1957951093","2896496024","0.142857"
"2896496024","1957951093","0.142857"
"2155317744","2295903522","2.97183"
"2295903522","2155317744","2.97183"
"2155317744","2766853406","0.753968"
"2766853406","2155317744","0.753968"
"2155317744","2896496024","0.142857"
"2896496024","2155317744","0.142857"
"2295903522","2896496024","0.142857"
"2896496024","2295903522","0.142857"
"2508356508","2896496024","0.142857"
"2896496024","2508356508","0.142857"
"2766853406","2896496024","1.30952"
"2896496024","2766853406","1.30952"
"1488890761","2228110606","0.5"
"2228110606","1488890761","0.5"
"2228110606","2896496024","0.5"
"2896496024","2228110606","0.5"
"1510692643","2110012131","8.7"
"2110012131","1510692643","8.7"
"1497651746","1957951093","5.18968"
"1957951093","1497651746","5.18968"
"1497651746","2295903522","3.75238"
"2295903522","1497651746","3.75238"
"1497651746","2121988324","3.58016"
"2121988324","1497651746","3.58016"
"1497651746","2123858370","4.15"
"2123858370","1497651746","4.15"
"1957951093","2121988324","7.48254"
"2121988324","1957951093","7.48254"
"1957951093","2123858370","1.67619"
"2123858370","1957951093","1.67619"
"1497651746","2110012131","3.39683"
"2110012131","1497651746","3.39683"
"1497651746","2810373184","2.25397"
"2810373184","1497651746","2.25397"
"1957951093","2110012131","3.46349"
"2110012131","1957951093","3.46349"
"1957951093","2810373184","1.25397"
"2810373184","1957951093","1.25397"
"2110012131","2121988324","3.9373"
"2121988324","2110012131","3.9373"
"2110012131","2295903522","8.96349"
"2295903522","2110012131","8.96349"
"2110012131","2810373184","0.670635"
"2810373184","2110012131","0.670635"
"2121988324","2295903522","9.50476"
"2295903522","2121988324","9.50476"
"2121988324","2810373184","0.920635"
"2810373184","2121988324","0.920635"
"2122049982","2810373184","1.75397"
"2810373184","2122049982","1.75397"
"2154564703","2810373184","1.0873"
"2810373184","2154564703","1.0873"
"2295903522","2810373184","0.142857"
"2810373184","2295903522","0.142857"
"1497651746","1510692643","1.91667"
"1510692643","1497651746","1.91667"
"1497651746","1534212008","0.687302"
"1534212008","1497651746","0.687302"
"1497651746","1582983062","1.47778"
"1582983062","1497651746","1.47778"
"1497651746","1819958245","1.04444"
"1819958245","1497651746","1.04444"
"1534212008","1582983062","1.77778"
"1582983062","1534212008","1.77778"
"1534212008","2110012131","2.34127"
"2110012131","1534212008","2.34127"
"1534212008","2121988324","2.7623"
"2121988324","1534212008","2.7623"
"1534212008","2810373184","0.277778"
"2810373184","1534212008","0.277778"
"1582983062","1957951093","1.02778"
"1957951093","1582983062","1.02778"
"1582983062","2110012131","0.611111"
"2110012131","1582983062","0.611111"
"1582983062","2121988324","3.02778"
"2121988324","1582983062","3.02778"
"1582983062","2810373184","0.111111"
"2810373184","1582983062","0.111111"
"1819958245","2110012131","2.27063"
"2110012131","1819958245","2.27063"
"1819958245","2121988324","15.3635"
"2121988324","1819958245","15.3635"
"1819958245","2810373184","0.277778"
"2810373184","1819958245","0.277778"
"1497651746","1538511530","2.53571"
"1538511530","1497651746","2.53571"
"1538511530","2121988324","0.809524"
"2121988324","1538511530","0.809524"
"1538511530","2295903522","0.702381"
"2295903522","1538511530","0.702381"
"1497651746","1589806443","1.10952"
"1589806443","1497651746","1.10952"
"1534212008","1538511530","0.142857"
"1538511530","1534212008","0.142857"
"1534212008","1589806443","1.51786"
"1589806443","1534212008","1.51786"
"1538511530","1589806443","0.142857"
"1589806443","1538511530","0.142857"
"1538511530","1957951093","1.09524"
"1957951093","1538511530","1.09524"
"1538511530","2110012131","0.559524"
"2110012131","1538511530","0.559524"
"1538511530","2122049982","4.5119"
"2122049982","1538511530","4.5119"
"1589806443","1957951093","1.08452"
"1957951093","1589806443","1.08452"
"1497651746","1497744324","0.25"
"1497744324","1497651746","0.25"
"1497744324","1538511530","0.25"
"1538511530","1497744324","0.25"
"1497744324","2110012131","1.17619"
"2110012131","1497744324","1.17619"
"2123858370","2810373184","0.25"
"2810373184","2123858370","0.25"
"1497651746","2116807588","0.333333"
"2116807588","1497651746","0.333333"
"1497651746","2159436061","0.166667"
"2159436061","1497651746","0.166667"
"1497651746","2171690178","0.166667"
"2171690178","1497651746","0.166667"
"1819958245","2116807588","1.39286"
"2116807588","1819958245","1.39286"
"1819958245","2148791173","1.26667"
"2148791173","1819958245","1.26667"
"1819958245","2159436061","3.38333"
"2159436061","1819958245","3.38333"
"1819958245","2171690178","0.5"
"2171690178","1819958245","0.5"
"2116807588","2148791173","0.666667"
"2148791173","2116807588","0.666667"
"2116807588","2159436061","0.166667"
"2159436061","2116807588","0.166667"
"2148791173","2171690178","0.166667"
"2171690178","2148791173","0.166667"
"2159436061","2171690178","0.166667"
"2171690178","2159436061","0.166667"
"1589806443","2123858370","1.6"
"2123858370","1589806443","1.6"
"1589806443","2295903522","5.17738"
"2295903522","1589806443","5.17738"
"2110012131","2123858370","2.53333"
"2123858370","2110012131","2.53333"
"1497651746","2130207003","0.142857"
"2130207003","1497651746","0.142857"
"1497651746","2136025860","0.342857"
"2136025860","1497651746","0.342857"
"1538511530","2130207003","0.392857"
"2130207003","1538511530","0.392857"
"1538511530","2136025860","0.142857"
"2136025860","1538511530","0.142857"
"1957951093","2130207003","2.2381"
"2130207003","1957951093","2.2381"
"2121988324","2130207003","4.42857"
"2130207003","2121988324","4.42857"
"2121988324","2136025860","0.609524"
"2136025860","2121988324","0.609524"
"2122049982","2130207003","8.67381"
"2130207003","2122049982","8.67381"
"2130207003","2136025860","1.39524"
"2136025860","2130207003","1.39524"
"2130207003","2295903522","4.10714"
"2295903522","2130207003","4.10714"
"1497651746","2106969392","0.166667"
"2106969392","1497651746","0.166667"
"1538511530","2106969392","0.166667"
"2106969392","1538511530","0.166667"
"1957951093","2106969392","1.05238"
"2106969392","1957951093","1.05238"
"2106969392","2110012131","0.5"
"2110012131","2106969392","0.5"
"2106969392","2121988324","0.752381"
"2121988324","2106969392","0.752381"
"1510692643","2295903522","3.1"
"2295903522","1510692643","3.1"
"1510692643","1957951093","0.666667"
"1957951093","1510692643","0.666667"
"1582983062","1589806443","1.53333"
"1589806443","1582983062","1.53333"
"1589806443","2088923183","0.2"
"2088923183","1589806443","0.2"
"1497651746","1771153709","0.1"
"1771153709","1497651746","0.1"
"1497651746","2508356508","0.1"
"2508356508","1497651746","0.1"
"1534212008","2508356508","0.211111"
"2508356508","1534212008","0.211111"
"1771153709","1819958245","0.1"
"1819958245","1771153709","0.1"
"1771153709","2110012131","0.377778"
"2110012131","1771153709","0.377778"
"1771153709","2121988324","0.1"
"2121988324","1771153709","0.1"
"2088923183","2121988324","0.683333"
"2121988324","2088923183","0.683333"
"2110012131","2508356508","0.211111"
"2508356508","2110012131","0.211111"
"2121988324","2508356508","0.1"
"2508356508","2121988324","0.1"
"1497651746","2766853406","0.166667"
"2766853406","1497651746","0.166667"
"1497651746","2896496024","0.166667"
"2896496024","1497651746","0.166667"
"1534212008","2116807588","1.22619"
"2116807588","1534212008","1.22619"
"1534212008","2766853406","0.277778"
"2766853406","1534212008","0.277778"
"1534212008","2896496024","0.166667"
"2896496024","1534212008","0.166667"
"2116807588","2123858370","10.4524"
"2123858370","2116807588","10.4524"
"2116807588","2766853406","0.666667"
"2766853406","2116807588","0.666667"
"2116807588","2896496024","1.16667"
"2896496024","2116807588","1.16667"
"2122049982","2896496024","3.16667"
"2896496024","2122049982","3.16667"
"2123858370","2896496024","0.166667"
"2896496024","2123858370","0.166667"
"1497744324","2121988324","2.08333"
"2121988324","1497744324","2.08333"
"1497744324","2130207003","1.11667"
"2130207003","1497744324","1.11667"
"1497744324","2154564703","2.43452"
"2154564703","1497744324","2.43452"
"1497744324","2155317744","0.125"
"2155317744","1497744324","0.125"
"1819958245","2130207003","4.85476"
"2130207003","1819958245","4.85476"
"1819958245","2155317744","0.60119"
"2155317744","1819958245","0.60119"
"2121988324","2155317744","0.125"
"2155317744","2121988324","0.125"
"2130207003","2154564703","7.15357"
"2154564703","2130207003","7.15357"
"2130207003","2155317744","0.125"
"2155317744","2130207003","0.125"
"1497744324","1510692643","0.333333"
"1510692643","1497744324","0.333333"
"1510692643","1534212008","0.5"
"1534212008","1510692643","0.5"
"1510692643","1819958245","1.36667"
"1819958245","1510692643","1.36667"
"1497744324","2123858370","1.47619"
"2123858370","1497744324","1.47619"
"1497744324","2088923183","0.333333"
"2088923183","1497744324","0.333333"
"1497744324","2136025860","0.535714"
"2136025860","1497744324","0.535714"
"1819958245","2136025860","1.2881"
"2136025860","1819958245","1.2881"
"2110012131","2136025860","0.592857"
"2136025860","2110012131","0.592857"
"1497744324","2159436061","1"
"2159436061","1497744324","1"
"2121988324","2159436061","1.6"
"2159436061","2121988324","1.6"
"2130207003","2159436061","11.2167"
"2159436061","2130207003","11.2167"
"1497744324","1582983062","0.583333"
"1582983062","1497744324","0.583333"
"1497744324","2148791173","0.25"
"2148791173","1497744324","0.25"
"2148791173","2295903522","0.683333"
"2295903522","2148791173","0.683333"
"1497744324","2133448626","0.333333"
"2133448626","1497744324","0.333333"
"1819958245","2133448626","0.533333"
"2133448626","1819958245","0.533333"
"2133448626","2159436061","0.533333"
"2159436061","2133448626","0.533333"
"1497744324","2171690178","0.333333"
"2171690178","1497744324","0.333333"
"2121988324","2171690178","0.333333"
"2171690178","2121988324","0.333333"
"1534212008","2130207003","0.467857"
"2130207003","1534212008","0.467857"
"2110012131","2130207003","0.7"
"2130207003","2110012131","0.7"
"1497744324","1589806443","0.125"
"1589806443","1497744324","0.125"
"1589806443","1819958245","0.660714"
"1819958245","1589806443","0.660714"
"1589806443","2121988324","0.125"
"2121988324","1589806443","0.125"
"1589806443","2130207003","0.410714"
"2130207003","1589806443","0.410714"
"1497744324","2116807588","0.142857"
"2116807588","1497744324","0.142857"
"2116807588","2295903522","1.73571"
"2295903522","2116807588","1.73571"
"1510692643","2171829095","5.5"
"2171829095","1510692643","5.5"
"2110012131","2171829095","0.5"
"2171829095","2110012131","0.5"
"1510692643","1582983062","0.4"
"1582983062","1510692643","0.4"
"1582983062","2136025860","0.2"
"2136025860","1582983062","0.2"
"1510692643","2121988324","3.36667"
"2121988324","1510692643","3.36667"
"1510692643","1589806443","3.2"
"1589806443","1510692643","3.2"
"1510692643","1580059626","0.333333"
"1580059626","1510692643","0.333333"
"1580059626","2110012131","0.333333"
"2110012131","1580059626","0.333333"
"1580059626","2154564703","0.333333"
"2154564703","1580059626","0.333333"
"1510692643","2116807588","0.45"
"2116807588","1510692643","0.45"
"1510692643","2171690178","0.45"
"2171690178","1510692643","0.45"
"1582983062","2116807588","0.95"
"2116807588","1582983062","0.95"
"1582983062","2171690178","0.2"
"2171690178","1582983062","0.2"
"1510692643","2155317744","0.25"
"2155317744","1510692643","0.25"
"1510692643","1527045966","0.2"
"1527045966","1510692643","0.2"
"1527045966","1589806443","0.2"
"1589806443","1527045966","0.2"
"1527045966","2110012131","0.2"
"2110012131","1527045966","0.2"
"1527045966","2154564703","0.2"
"2154564703","1527045966","0.2"
"1527045966","2295903522","0.2"
"2295903522","1527045966","0.2"
"1510692643","2130207003","0.45"
"2130207003","1510692643","0.45"
"1510692643","2123858370","0.25"
"2123858370","1510692643","0.25"
"2123858370","2171690178","7.89286"
"2171690178","2123858370","7.89286"
"1510692643","2896496024","1"
"2896496024","1510692643","1"
"1522388518","2130207003","0.25"
"2130207003","1522388518","0.25"
"1522388518","2154564703","0.25"
"2154564703","1522388518","0.25"
"2130207003","2148791173","0.35"
"2148791173","2130207003","0.35"
"1534212008","2106969392","0.592857"
"2106969392","1534212008","0.592857"
"1819958245","2106969392","3.12143"
"2106969392","1819958245","3.12143"
"2106969392","2130207003","0.671429"
"2130207003","2106969392","0.671429"
"1957951093","2116807588","0.392857"
"2116807588","1957951093","0.392857"
"1534212008","2157828581","0.777778"
"2157828581","1534212008","0.777778"
"1771153709","2157828581","0.277778"
"2157828581","1771153709","0.277778"
"2110012131","2116807588","0.416667"
"2116807588","2110012131","0.416667"
"2110012131","2133448626","0.166667"
"2133448626","2110012131","0.166667"
"2110012131","2157828581","1.52778"
"2157828581","2110012131","1.52778"
"2116807588","2157828581","0.166667"
"2157828581","2116807588","0.166667"
"1534212008","2155317744","0.111111"
"2155317744","1534212008","0.111111"
"1771153709","2159436061","0.277778"
"2159436061","1771153709","0.277778"
"2110012131","2155317744","0.111111"
"2155317744","2110012131","0.111111"
"2110012131","2159436061","0.444444"
"2159436061","2110012131","0.444444"
"2110012131","2766853406","0.111111"
"2766853406","2110012131","0.111111"
"2155317744","2157828581","0.111111"
"2157828581","2155317744","0.111111"
"2155317744","2159436061","0.277778"
"2159436061","2155317744","0.277778"
"2157828581","2159436061","0.111111"
"2159436061","2157828581","0.111111"
"2157828581","2508356508","0.111111"
"2508356508","2157828581","0.111111"
"2157828581","2766853406","0.111111"
"2766853406","2157828581","0.111111"
"2159436061","2295903522","0.877778"
"2295903522","2159436061","0.877778"
"2159436061","2508356508","0.277778"
"2508356508","2159436061","0.277778"
"2159436061","2766853406","0.111111"
"2766853406","2159436061","0.111111"
"1538511530","2123858370","1"
"2123858370","1538511530","1"
"1538511530","1819958245","0.142857"
"1819958245","1538511530","0.142857"
"1538511530","2088923183","0.142857"
"2088923183","1538511530","0.142857"
"1538511530","2155317744","0.142857"
"2155317744","1538511530","0.142857"
"2088923183","2155317744","0.509524"
"2155317744","2088923183","0.509524"
"1580059626","1589806443","0.5"
"1589806443","1580059626","0.5"
"1580059626","2122049982","0.5"
"2122049982","1580059626","0.5"
"1582983062","2133448626","0.5"
"2133448626","1582983062","0.5"
"1582983062","2140772060","0.666667"
"2140772060","1582983062","0.666667"
"2121988324","2140772060","0.666667"
"2140772060","2121988324","0.666667"
"2122049982","2140772060","1.16667"
"2140772060","2122049982","1.16667"
"1582983062","2171829095","0.5"
"2171829095","1582983062","0.5"
"1582983062","2155317744","2.5"
"2155317744","1582983062","2.5"
"1582983062","2186841663","2"
"2186841663","1582983062","2"
"1589806443","2106969392","0.285714"
"2106969392","1589806443","0.285714"
"2106969392","2136025860","0.385714"
"2136025860","2106969392","0.385714"
"2106969392","2154564703","0.528571"
"2154564703","2106969392","0.528571"
"1771153709","2752155394","0.166667"
"2752155394","1771153709","0.166667"
"2088923183","2752155394","0.166667"
"2752155394","2088923183","0.166667"
"2155317744","2752155394","0.166667"
"2752155394","2155317744","0.166667"
"2159436061","2752155394","0.166667"
"2752155394","2159436061","0.166667"
"2295903522","2752155394","0.166667"
"2752155394","2295903522","0.166667"
"2508356508","2752155394","0.166667"
"2752155394","2508356508","0.166667"
"2088923183","2116807588","0.45"
"2116807588","2088923183","0.45"
"2088923183","2171690178","0.45"
"2171690178","2088923183","0.45"
"2171690178","2295903522","0.342857"
"2295903522","2171690178","0.342857"
"1819958245","2157828581","0.166667"
"2157828581","1819958245","0.166667"
"1957951093","2157828581","0.166667"
"2157828581","1957951093","0.166667"
"2121988324","2157828581","0.416667"
"2157828581","2121988324","0.416667"
"2122049982","2157828581","5.08333"
"2157828581","2122049982","5.08333"
"2130207003","2157828581","0.166667"
"2157828581","2130207003","0.166667"
"2136025860","2157828581","1.25"
"2157828581","2136025860","1.25"
"1957951093","2148791173","0.1"
"2148791173","1957951093","0.1"
"1957951093","2159436061","0.633333"
"2159436061","1957951093","0.633333"
"2106969392","2148791173","0.6"
"2148791173","2106969392","0.6"
"2106969392","2159436061","0.1"
"2159436061","2106969392","0.1"
"2121988324","2148791173","0.1"
"2148791173","2121988324","0.1"
"2088923183","2130207003","0.166667"
"2130207003","2088923183","0.166667"
"1957951093","2133448626","0.342857"
"2133448626","1957951093","0.342857"
"2130207003","2133448626","0.342857"
"2133448626","2130207003","0.342857"
"1819958245","2228110606","1"
"2228110606","1819958245","1"
"1819958245","2186841663","0.25"
"2186841663","1819958245","0.25"
"2122049982","2186841663","0.25"
"2186841663","2122049982","0.25"
"2130207003","2186841663","0.75"
"2186841663","2130207003","0.75"
"2159436061","2186841663","0.75"
"2186841663","2159436061","0.75"
"1957951093","2171690178","0.142857"
"2171690178","1957951093","0.142857"
"2116807588","2130207003","0.642857"
"2130207003","2116807588","0.642857"
"2123858370","2130207003","0.642857"
"2130207003","2123858370","0.642857"
"2123858370","2133448626","0.47619"
"2133448626","2123858370","0.47619"
"2130207003","2171690178","0.142857"
"2171690178","2130207003","0.142857"
"2106969392","2123858370","6.91667"
"2123858370","2106969392","6.91667"
"2088923183","2157828581","0.5"
"2157828581","2088923183","0.5"
"2123858370","2157828581","0.833333"
"2157828581","2123858370","0.833333"
"2106969392","2116807588","1.5"
"2116807588","2106969392","1.5"
"2106969392","2171690178","0.5"
"2171690178","2106969392","0.5"
"2110012131","2171690178","0.25"
"2171690178","2110012131","0.25"
"2116807588","2171829095","0.25"
"2171829095","2116807588","0.25"
"2123858370","2171829095","0.25"
"2171829095","2123858370","0.25"
"2171690178","2171829095","0.25"
"2171829095","2171690178","0.25"
"2123858370","2509702867","0.666667"
"2509702867","2123858370","0.666667"
"2123858370","2140772060","1.5"
"2140772060","2123858370","1.5"
"2122049982","2228110606","1"
"2228110606","2122049982","1"
"2159436061","2228110606","1"
"2228110606","2159436061","1"
"2136025860","2182664258","0.25"
"2182664258","2136025860","0.25"
"2136025860","2186841663","0.25"
"2186841663","2136025860","0.25"
"2154564703","2182664258","0.25"
"2182664258","2154564703","0.25"
"2154564703","2186841663","0.25"
"2186841663","2154564703","0.25"
"2157828581","2182664258","0.25"
"2182664258","2157828581","0.25"
"2157828581","2186841663","0.25"
"2186841663","2157828581","0.25"
"2182664258","2186841663","0.25"
"2186841663","2182664258","0.25"
"2148791173","2984560659","3"
"2984560659","2148791173","3"
"2148791173","2170048817","4"
"2170048817","2148791173","4"
