"1008164772","258367858","4"
"258367858","1008164772","4"
"106095420","2096733704","2"
"2096733704","106095420","2"
"106095420","1601746932","3"
"1601746932","106095420","3"
"106095420","92291768","2"
"92291768","106095420","2"
"1601746932","92291768","8.45238"
"92291768","1601746932","8.45238"
"106095420","2113040431","2"
"2113040431","106095420","2"
"109492686","1488721365","3.33333"
"1488721365","109492686","3.33333"
"109492686","1564775601","6.83333"
"1564775601","109492686","6.83333"
"1488721365","1564775601","12.3333"
"1564775601","1488721365","12.3333"
"109492686","1978269823","0.833333"
"1978269823","109492686","0.833333"
"1564775601","1978269823","0.833333"
"1978269823","1564775601","0.833333"
"1488721365","1978269823","2.66667"
"1978269823","1488721365","2.66667"
"141094823","170611514","1.33333"
"170611514","141094823","1.33333"
"141094823","2119708968","9.19359"
"2119708968","141094823","9.19359"
"170611514","2119708968","5.91667"
"2119708968","170611514","5.91667"
"141094823","1585861293","0.783333"
"1585861293","141094823","0.783333"
"141094823","2152116576","0.860256"
"2152116576","141094823","0.860256"
"1585861293","2119708968","5.53571"
"2119708968","1585861293","5.53571"
"1585861293","2152116576","5.63571"
"2152116576","1585861293","5.63571"
"2119708968","2152116576","6.57375"
"2152116576","2119708968","6.57375"
"141094823","1502415516","1"
"1502415516","141094823","1"
"141094823","1578158220","0.0769231"
"1578158220","141094823","0.0769231"
"141094823","1599617995","0.0769231"
"1599617995","141094823","0.0769231"
"141094823","1605744481","0.0769231"
"1605744481","141094823","0.0769231"
"141094823","1610603564","0.276923"
"1610603564","141094823","0.276923"
"141094823","1965618985","0.0769231"
"1965618985","141094823","0.0769231"
"141094823","1982325601","0.410256"
"1982325601","141094823","0.410256"
"141094823","2009469418","0.0769231"
"2009469418","141094823","0.0769231"
"141094823","2067560675","0.0769231"
"2067560675","141094823","0.0769231"
"141094823","2112896529","0.0769231"
"2112896529","141094823","0.0769231"
"141094823","2150776565","0.276923"
"2150776565","141094823","0.276923"
"141094823","2160155646","0.0769231"
"2160155646","141094823","0.0769231"
"1578158220","1599617995","0.624145"
"1599617995","1578158220","0.624145"
"1578158220","1605744481","0.767002"
"1605744481","1578158220","0.767002"
"1578158220","1610603564","0.0769231"
"1610603564","1578158220","0.0769231"
"1578158220","1965618985","0.21978"
"1965618985","1578158220","0.21978"
"1578158220","1982325601","2.18367"
"1982325601","1578158220","2.18367"
"1578158220","2009469418","0.0769231"
"2009469418","1578158220","0.0769231"
"1578158220","2067560675","0.0769231"
"2067560675","1578158220","0.0769231"
"1578158220","2112896529","0.874145"
"2112896529","1578158220","0.874145"
"1578158220","2119708968","3.27256"
"2119708968","1578158220","3.27256"
"1578158220","2150776565","1.05311"
"2150776565","1578158220","1.05311"
"1578158220","2152116576","0.330891"
"2152116576","1578158220","0.330891"
"1578158220","2160155646","0.688034"
"2160155646","1578158220","0.688034"
"1599617995","1605744481","3.20748"
"1605744481","1599617995","3.20748"
"1599617995","1610603564","0.0769231"
"1610603564","1599617995","0.0769231"
"1599617995","1965618985","0.0769231"
"1965618985","1599617995","0.0769231"
"1599617995","1982325601","5.95748"
"1982325601","1599617995","5.95748"
"1599617995","2009469418","0.0769231"
"2009469418","1599617995","0.0769231"
"1599617995","2067560675","0.576923"
"2067560675","1599617995","0.576923"
"1599617995","2112896529","4.42415"
"2112896529","1599617995","4.42415"
"1599617995","2119708968","3.3797"
"2119708968","1599617995","3.3797"
"1599617995","2150776565","0.410256"
"2150776565","1599617995","0.410256"
"1599617995","2152116576","0.188034"
"2152116576","1599617995","0.188034"
"1599617995","2160155646","0.771368"
"2160155646","1599617995","0.771368"
"1605744481","1610603564","0.21978"
"1610603564","1605744481","0.21978"
"1605744481","1965618985","0.21978"
"1965618985","1605744481","0.21978"
"1605744481","1982325601","21.7099"
"1982325601","1605744481","21.7099"
"1605744481","2009469418","0.74359"
"2009469418","1605744481","0.74359"
"1605744481","2067560675","0.910256"
"2067560675","1605744481","0.910256"
"1605744481","2112896529","3.83367"
"2112896529","1605744481","3.83367"
"1605744481","2119708968","7.01542"
"2119708968","1605744481","7.01542"
"1605744481","2150776565","4.56264"
"2150776565","1605744481","4.56264"
"1605744481","2152116576","0.840415"
"2152116576","1605744481","0.840415"
"1605744481","2160155646","0.188034"
"2160155646","1605744481","0.188034"
"1610603564","1965618985","0.0769231"
"1965618985","1610603564","0.0769231"
"1610603564","1982325601","0.46978"
"1982325601","1610603564","0.46978"
"1610603564","2009469418","0.0769231"
"2009469418","1610603564","0.0769231"
"1610603564","2067560675","0.0769231"
"2067560675","1610603564","0.0769231"
"1610603564","2112896529","0.21978"
"2112896529","1610603564","0.21978"
"1610603564","2119708968","1.16978"
"2119708968","1610603564","1.16978"
"1610603564","2150776565","1.16978"
"2150776565","1610603564","1.16978"
"1610603564","2152116576","0.91978"
"2152116576","1610603564","0.91978"
"1610603564","2160155646","0.0769231"
"2160155646","1610603564","0.0769231"
"1965618985","1982325601","0.21978"
"1982325601","1965618985","0.21978"
"1965618985","2009469418","0.0769231"
"2009469418","1965618985","0.0769231"
"1965618985","2067560675","0.0769231"
"2067560675","1965618985","0.0769231"
"1965618985","2112896529","0.0769231"
"2112896529","1965618985","0.0769231"
"1965618985","2119708968","1.71978"
"2119708968","1965618985","1.71978"
"1965618985","2150776565","0.21978"
"2150776565","1965618985","0.21978"
"1965618985","2152116576","1.71978"
"2152116576","1965618985","1.71978"
"1965618985","2160155646","0.0769231"
"2160155646","1965618985","0.0769231"
"1982325601","2009469418","0.74359"
"2009469418","1982325601","0.74359"
"1982325601","2067560675","3.91026"
"2067560675","1982325601","3.91026"
"1982325601","2112896529","13.0337"
"2112896529","1982325601","13.0337"
"1982325601","2119708968","29.8821"
"2119708968","1982325601","29.8821"
"1982325601","2150776565","8.1793"
"2150776565","1982325601","8.1793"
"1982325601","2152116576","2.45708"
"2152116576","1982325601","2.45708"
"1982325601","2160155646","4.77137"
"2160155646","1982325601","4.77137"
"2009469418","2067560675","0.0769231"
"2067560675","2009469418","0.0769231"
"2009469418","2112896529","0.576923"
"2112896529","2009469418","0.576923"
"2009469418","2119708968","4.86859"
"2119708968","2009469418","4.86859"
"2009469418","2150776565","0.36859"
"2150776565","2009469418","0.36859"
"2009469418","2152116576","0.0769231"
"2152116576","2009469418","0.0769231"
"2009469418","2160155646","0.0769231"
"2160155646","2009469418","0.0769231"
"2067560675","2112896529","0.410256"
"2112896529","2067560675","0.410256"
"2067560675","2119708968","0.0769231"
"2119708968","2067560675","0.0769231"
"2067560675","2150776565","0.576923"
"2150776565","2067560675","0.576923"
"2067560675","2152116576","0.0769231"
"2152116576","2067560675","0.0769231"
"2067560675","2160155646","0.0769231"
"2160155646","2067560675","0.0769231"
"2112896529","2119708968","7.92256"
"2119708968","2112896529","7.92256"
"2112896529","2150776565","1.75311"
"2150776565","2112896529","1.75311"
"2112896529","2152116576","0.780891"
"2152116576","2112896529","0.780891"
"2112896529","2160155646","0.688034"
"2160155646","2112896529","0.688034"
"2119708968","2150776565","8.17097"
"2150776565","2119708968","8.17097"
"2119708968","2160155646","2.66026"
"2160155646","2119708968","2.66026"
"2150776565","2152116576","1.6293"
"2152116576","2150776565","1.6293"
"2150776565","2160155646","0.0769231"
"2160155646","2150776565","0.0769231"
"2152116576","2160155646","0.0769231"
"2160155646","2152116576","0.0769231"
"170611514","1982325601","1.08333"
"1982325601","170611514","1.08333"
"141094823","1978269823","0.25"
"1978269823","141094823","0.25"
"1585861293","1978269823","0.416667"
"1978269823","1585861293","0.416667"
"1978269823","2119708968","0.583333"
"2119708968","1978269823","0.583333"
"1978269823","2152116576","0.416667"
"2152116576","1978269823","0.416667"
"1585861293","1610603564","0.842857"
"1610603564","1585861293","0.842857"
"1585861293","2150776565","1.55238"
"2150776565","1585861293","1.55238"
"142858993","1578795731","0.333333"
"1578795731","142858993","0.333333"
"142858993","1583385494","2.83333"
"1583385494","142858993","2.83333"
"142858993","1971694152","5.83333"
"1971694152","142858993","5.83333"
"1578795731","1583385494","0.333333"
"1583385494","1578795731","0.333333"
"1578795731","1971694152","0.333333"
"1971694152","1578795731","0.333333"
"1583385494","1971694152","42.3333"
"1971694152","1583385494","42.3333"
"142858993","2150578163","1"
"2150578163","142858993","1"
"1971694152","2150578163","8.5"
"2150578163","1971694152","8.5"
"142858993","1598234123","2"
"1598234123","142858993","2"
"1598234123","1971694152","1"
"1971694152","1598234123","1"
"1484172663","1982325601","1.22222"
"1982325601","1484172663","1.22222"
"1484172663","2112896529","0.472222"
"2112896529","1484172663","0.472222"
"1484172663","2119708968","0.486111"
"2119708968","1484172663","0.486111"
"1484172663","2152116576","0.361111"
"2152116576","1484172663","0.361111"
"1484172663","1578158220","0.722222"
"1578158220","1484172663","0.722222"
"1484172663","1599617995","0.222222"
"1599617995","1484172663","0.222222"
"1484172663","160350621","0.111111"
"160350621","1484172663","0.111111"
"1484172663","1605744481","0.472222"
"1605744481","1484172663","0.472222"
"1484172663","2070653277","0.222222"
"2070653277","1484172663","0.222222"
"1578158220","160350621","0.111111"
"160350621","1578158220","0.111111"
"1578158220","2070653277","1.83056"
"2070653277","1578158220","1.83056"
"1599617995","160350621","0.111111"
"160350621","1599617995","0.111111"
"1599617995","2070653277","0.797222"
"2070653277","1599617995","0.797222"
"160350621","1605744481","0.111111"
"1605744481","160350621","0.111111"
"160350621","1982325601","0.111111"
"1982325601","160350621","0.111111"
"160350621","2070653277","0.111111"
"2070653277","160350621","0.111111"
"160350621","2112896529","0.111111"
"2112896529","160350621","0.111111"
"160350621","2119708968","0.111111"
"2119708968","160350621","0.111111"
"160350621","2152116576","0.111111"
"2152116576","160350621","0.111111"
"1605744481","2070653277","3.36389"
"2070653277","1605744481","3.36389"
"1982325601","2070653277","3.78056"
"2070653277","1982325601","3.78056"
"2070653277","2112896529","4.53056"
"2112896529","2070653277","4.53056"
"2070653277","2119708968","8.03611"
"2119708968","2070653277","8.03611"
"2070653277","2152116576","0.111111"
"2152116576","2070653277","0.111111"
"1484172663","1502415516","0.708333"
"1502415516","1484172663","0.708333"
"1484172663","2045870587","0.708333"
"2045870587","1484172663","0.708333"
"1502415516","1605744481","0.25"
"1605744481","1502415516","0.25"
"1502415516","1982325601","0.25"
"1982325601","1502415516","0.25"
"1502415516","2045870587","7.35119"
"2045870587","1502415516","7.35119"
"1605744481","2045870587","0.75"
"2045870587","1605744481","0.75"
"1982325601","2045870587","0.75"
"2045870587","1982325601","0.75"
"1484172663","2128435514","0.958333"
"2128435514","1484172663","0.958333"
"1982325601","2128435514","1.5"
"2128435514","1982325601","1.5"
"1484172663","1499912117","0.111111"
"1499912117","1484172663","0.111111"
"1484172663","1956945926","0.111111"
"1956945926","1484172663","0.111111"
"1484172663","2160155646","0.111111"
"2160155646","1484172663","0.111111"
"1499912117","1578158220","0.236111"
"1578158220","1499912117","0.236111"
"1499912117","1599617995","1.98611"
"1599617995","1499912117","1.98611"
"1499912117","1605744481","0.736111"
"1605744481","1499912117","0.736111"
"1499912117","1956945926","0.111111"
"1956945926","1499912117","0.111111"
"1499912117","1982325601","1.98611"
"1982325601","1499912117","1.98611"
"1499912117","2070653277","0.236111"
"2070653277","1499912117","0.236111"
"1499912117","2112896529","1.23611"
"2112896529","1499912117","1.23611"
"1499912117","2160155646","0.361111"
"2160155646","1499912117","0.361111"
"1578158220","1956945926","0.111111"
"1956945926","1578158220","0.111111"
"1599617995","1956945926","0.111111"
"1956945926","1599617995","0.111111"
"1605744481","1956945926","0.111111"
"1956945926","1605744481","0.111111"
"1956945926","1982325601","1.11111"
"1982325601","1956945926","1.11111"
"1956945926","2070653277","0.111111"
"2070653277","1956945926","0.111111"
"1956945926","2112896529","0.111111"
"2112896529","1956945926","0.111111"
"1956945926","2160155646","1.11111"
"2160155646","1956945926","1.11111"
"2070653277","2160155646","0.111111"
"2160155646","2070653277","0.111111"
"1484172663","1549094757","1"
"1549094757","1484172663","1"
"1484172663","1601746932","0.125"
"1601746932","1484172663","0.125"
"1484172663","2009469418","0.125"
"2009469418","1484172663","0.125"
"1484172663","2113040431","0.125"
"2113040431","1484172663","0.125"
"1484172663","2150776565","0.625"
"2150776565","1484172663","0.625"
"1502415516","1601746932","0.267857"
"1601746932","1502415516","0.267857"
"1502415516","2009469418","0.291667"
"2009469418","1502415516","0.291667"
"1502415516","2113040431","1.43452"
"2113040431","1502415516","1.43452"
"1502415516","2119708968","3.29167"
"2119708968","1502415516","3.29167"
"1502415516","2128435514","0.767857"
"2128435514","1502415516","0.767857"
"1502415516","2150776565","0.125"
"2150776565","1502415516","0.125"
"1601746932","2009469418","0.125"
"2009469418","1601746932","0.125"
"1601746932","2045870587","2.10119"
"2045870587","1601746932","2.10119"
"1601746932","2113040431","2.07738"
"2113040431","1601746932","2.07738"
"1601746932","2119708968","0.267857"
"2119708968","1601746932","0.267857"
"1601746932","2128435514","0.744048"
"2128435514","1601746932","0.744048"
"1601746932","2150776565","0.125"
"2150776565","1601746932","0.125"
"2009469418","2045870587","0.125"
"2045870587","2009469418","0.125"
"2009469418","2113040431","0.291667"
"2113040431","2009469418","0.291667"
"2009469418","2128435514","0.291667"
"2128435514","2009469418","0.291667"
"2045870587","2113040431","0.60119"
"2113040431","2045870587","0.60119"
"2045870587","2119708968","1.625"
"2119708968","2045870587","1.625"
"2045870587","2128435514","1.93452"
"2128435514","2045870587","1.93452"
"2045870587","2150776565","0.125"
"2150776565","2045870587","0.125"
"2113040431","2119708968","0.767857"
"2119708968","2113040431","0.767857"
"2113040431","2128435514","0.910714"
"2128435514","2113040431","0.910714"
"2113040431","2150776565","0.458333"
"2150776565","2113040431","0.458333"
"2119708968","2128435514","0.434524"
"2128435514","2119708968","0.434524"
"2128435514","2150776565","0.125"
"2150776565","2128435514","0.125"
"1488721365","1971694152","0.583333"
"1971694152","1488721365","0.583333"
"1488721365","1979363094","0.583333"
"1979363094","1488721365","0.583333"
"1488721365","2085007689","0.583333"
"2085007689","1488721365","0.583333"
"1488721365","2123684861","0.25"
"2123684861","1488721365","0.25"
"1971694152","1979363094","0.583333"
"1979363094","1971694152","0.583333"
"1971694152","2085007689","0.583333"
"2085007689","1971694152","0.583333"
"1971694152","2123684861","0.25"
"2123684861","1971694152","0.25"
"1979363094","2085007689","0.583333"
"2085007689","1979363094","0.583333"
"1979363094","2123684861","0.25"
"2123684861","1979363094","0.25"
"2085007689","2123684861","2.75"
"2123684861","2085007689","2.75"
"1488721365","1605744481","0.166667"
"1605744481","1488721365","0.166667"
"1488721365","1982325601","0.333333"
"1982325601","1488721365","0.333333"
"1488721365","2009469418","0.166667"
"2009469418","1488721365","0.166667"
"1488721365","2119708968","1.33333"
"2119708968","1488721365","1.33333"
"1488721365","2150776565","0.166667"
"2150776565","1488721365","0.166667"
"1605744481","1978269823","0.166667"
"1978269823","1605744481","0.166667"
"1978269823","1982325601","0.333333"
"1982325601","1978269823","0.333333"
"1978269823","2009469418","0.166667"
"2009469418","1978269823","0.166667"
"1978269823","2150776565","0.166667"
"2150776565","1978269823","0.166667"
"1488721365","1585861293","0.166667"
"1585861293","1488721365","0.166667"
"1488721365","2152116576","0.166667"
"2152116576","1488721365","0.166667"
"1488721365","2721203044","0.166667"
"2721203044","1488721365","0.166667"
"1585861293","1982325601","3.21905"
"1982325601","1585861293","3.21905"
"1585861293","2721203044","0.166667"
"2721203044","1585861293","0.166667"
"1978269823","2721203044","0.166667"
"2721203044","1978269823","0.166667"
"1982325601","2721203044","0.166667"
"2721203044","1982325601","0.166667"
"2119708968","2721203044","1.16667"
"2721203044","2119708968","1.16667"
"2152116576","2721203044","0.166667"
"2721203044","2152116576","0.166667"
"1488721365","1610603564","1"
"1610603564","1488721365","1"
"1496015212","1578795731","0.5"
"1578795731","1496015212","0.5"
"1496015212","2123684861","0.5"
"2123684861","1496015212","0.5"
"1578795731","2123684861","0.5"
"2123684861","1578795731","0.5"
"1499912117","2119708968","0.375"
"2119708968","1499912117","0.375"
"1499912117","2953298321","0.125"
"2953298321","1499912117","0.125"
"1578158220","2953298321","0.125"
"2953298321","1578158220","0.125"
"1599617995","2953298321","0.125"
"2953298321","1599617995","0.125"
"1605744481","2953298321","1.525"
"2953298321","1605744481","1.525"
"1982325601","2953298321","2.025"
"2953298321","1982325601","2.025"
"2070653277","2953298321","0.525"
"2953298321","2070653277","0.525"
"2112896529","2953298321","0.525"
"2953298321","2112896529","0.525"
"2119708968","2953298321","3.85833"
"2953298321","2119708968","3.85833"
"1499912117","2009469418","0.5"
"2009469418","1499912117","0.5"
"1502415516","2096733704","5.80952"
"2096733704","1502415516","5.80952"
"2096733704","2119708968","2.14286"
"2119708968","2096733704","2.14286"
"1502415516","1549094757","4.16667"
"1549094757","1502415516","4.16667"
"1549094757","2096733704","3.30952"
"2096733704","1549094757","3.30952"
"1549094757","2009469418","0.166667"
"2009469418","1549094757","0.166667"
"1549094757","2113040431","1.64286"
"2113040431","1549094757","1.64286"
"1549094757","2119708968","0.309524"
"2119708968","1549094757","0.309524"
"1549094757","2128435514","0.309524"
"2128435514","1549094757","0.309524"
"2009469418","2096733704","0.166667"
"2096733704","2009469418","0.166667"
"2096733704","2113040431","4.78571"
"2113040431","2096733704","4.78571"
"2096733704","2128435514","1.45238"
"2128435514","2096733704","1.45238"
"1502415516","1995006038","0.142857"
"1995006038","1502415516","0.142857"
"1502415516","92291768","0.142857"
"92291768","1502415516","0.142857"
"1601746932","1995006038","3.11905"
"1995006038","1601746932","3.11905"
"1601746932","2096733704","2.11905"
"2096733704","1601746932","2.11905"
"1995006038","2045870587","0.142857"
"2045870587","1995006038","0.142857"
"1995006038","2096733704","3.11905"
"2096733704","1995006038","3.11905"
"1995006038","2113040431","0.285714"
"2113040431","1995006038","0.285714"
"1995006038","2128435514","0.285714"
"2128435514","1995006038","0.285714"
"1995006038","92291768","0.619048"
"92291768","1995006038","0.619048"
"2045870587","2096733704","0.142857"
"2096733704","2045870587","0.142857"
"2045870587","92291768","0.642857"
"92291768","2045870587","0.642857"
"2096733704","92291768","0.619048"
"92291768","2096733704","0.619048"
"2113040431","92291768","0.619048"
"92291768","2113040431","0.619048"
"2128435514","92291768","0.285714"
"92291768","2128435514","0.285714"
"1512336051","2135600671","1"
"2135600671","1512336051","1"
"1543618890","2150578163","20"
"2150578163","1543618890","20"
"1543618890","1598234123","2.33333"
"1598234123","1543618890","2.33333"
"1543618890","2085007689","0.833333"
"2085007689","1543618890","0.833333"
"1543618890","2119708968","0.833333"
"2119708968","1543618890","0.833333"
"1598234123","2085007689","0.333333"
"2085007689","1598234123","0.333333"
"1598234123","2119708968","0.333333"
"2119708968","1598234123","0.333333"
"2085007689","2119708968","0.833333"
"2119708968","2085007689","0.833333"
"1543618890","1971694152","2"
"1971694152","1543618890","2"
"1549094757","2085007689","0.5"
"2085007689","1549094757","0.5"
"1549094757","2135600671","0.5"
"2135600671","1549094757","0.5"
"2085007689","2135600671","0.5"
"2135600671","2085007689","0.5"
"1549094757","1601746932","1.47619"
"1601746932","1549094757","1.47619"
"1549094757","1995006038","0.142857"
"1995006038","1549094757","0.142857"
"1549094757","92291768","0.47619"
"92291768","1549094757","0.47619"
"1995006038","2119708968","0.142857"
"2119708968","1995006038","0.142857"
"2119708968","92291768","0.142857"
"92291768","2119708968","0.142857"
"1549094757","2472807300","1"
"2472807300","1549094757","1"
"1564775601","2135600671","1"
"2135600671","1564775601","1"
"1564775601","2287961307","8.33333"
"2287961307","1564775601","8.33333"
"1564775601","1610603564","0.333333"
"1610603564","1564775601","0.333333"
"1564775601","2123684861","0.333333"
"2123684861","1564775601","0.333333"
"1610603564","2123684861","0.833333"
"2123684861","1610603564","0.833333"
"1610603564","2287961307","0.333333"
"2287961307","1610603564","0.333333"
"2123684861","2287961307","0.333333"
"2287961307","2123684861","0.333333"
"1578158220","1585861293","0.342857"
"1585861293","1578158220","0.342857"
"1578158220","2079705087","0.2"
"2079705087","1578158220","0.2"
"1585861293","1599617995","0.4"
"1599617995","1585861293","0.4"
"1585861293","2070653277","0.2"
"2070653277","1585861293","0.2"
"1585861293","2079705087","0.4"
"2079705087","1585861293","0.4"
"1599617995","2079705087","0.4"
"2079705087","1599617995","0.4"
"2070653277","2079705087","0.783333"
"2079705087","2070653277","0.783333"
"2079705087","2119708968","2.23333"
"2119708968","2079705087","2.23333"
"1585861293","1605744481","0.852381"
"1605744481","1585861293","0.852381"
"1585861293","1965618985","1.64286"
"1965618985","1585861293","1.64286"
"1578795731","1610603564","0.333333"
"1610603564","1578795731","0.333333"
"1578795731","1978269823","0.333333"
"1978269823","1578795731","0.333333"
"1578795731","2150578163","0.333333"
"2150578163","1578795731","0.333333"
"1610603564","1978269823","1.33333"
"1978269823","1610603564","1.33333"
"1610603564","2150578163","0.333333"
"2150578163","1610603564","0.333333"
"1978269823","2150578163","0.333333"
"2150578163","1978269823","0.333333"
"1583385494","2150578163","1.5"
"2150578163","1583385494","1.5"
"1585861293","2112896529","2.34286"
"2112896529","1585861293","2.34286"
"1585861293","170611514","0.166667"
"170611514","1585861293","0.166667"
"1605744481","170611514","0.416667"
"170611514","1605744481","0.416667"
"170611514","2150776565","0.75"
"2150776565","170611514","0.75"
"170611514","2152116576","0.166667"
"2152116576","170611514","0.166667"
"1585861293","2949867740","0.333333"
"2949867740","1585861293","0.333333"
"2119708968","2949867740","0.583333"
"2949867740","2119708968","0.583333"
"2152116576","2949867740","0.333333"
"2949867740","2152116576","0.333333"
"1605744481","2079705087","2.53333"
"2079705087","1605744481","2.53333"
"1982325601","2079705087","5.2"
"2079705087","1982325601","5.2"
"1596999748","1979363094","2"
"1979363094","1596999748","2"
"1596999748","170611514","2"
"170611514","1596999748","2"
"1596999748","2085007689","2"
"2085007689","1596999748","2"
"1596999748","2123684861","2"
"2123684861","1596999748","2"
"1598234123","2230335129","1"
"2230335129","1598234123","1"
"160350621","2135600671","1"
"2135600671","160350621","1"
"1605744481","2949867740","0.25"
"2949867740","1605744481","0.25"
"1982325601","2949867740","0.25"
"2949867740","1982325601","0.25"
"2070653277","2949867740","0.25"
"2949867740","2070653277","0.25"
"2079705087","2150776565","0.25"
"2150776565","2079705087","0.25"
"1610603564","2069447774","0.5"
"2069447774","1610603564","0.5"
"2069447774","2123684861","3"
"2123684861","2069447774","3"
"1610603564","2085007689","1"
"2085007689","1610603564","1"
"1610603564","2100331372","3.25"
"2100331372","1610603564","3.25"
"1982325601","2100331372","0.25"
"2100331372","1982325601","0.25"
"2100331372","2119708968","0.25"
"2119708968","2100331372","0.25"
"2100331372","2150776565","0.25"
"2150776565","2100331372","0.25"
"170611514","1978269823","1"
"1978269823","170611514","1"
"170611514","2009469418","0.333333"
"2009469418","170611514","0.333333"
"170611514","2953298321","0.333333"
"2953298321","170611514","0.333333"
"2009469418","2953298321","0.333333"
"2953298321","2009469418","0.333333"
"170611514","2952661664","0.5"
"2952661664","170611514","0.5"
"2119708968","2952661664","0.5"
"2952661664","2119708968","0.5"
"1721847811","2119708968","1"
"2119708968","1721847811","1"
"1721847811","1978269823","0.5"
"1978269823","1721847811","0.5"
"1721847811","2123684861","0.5"
"2123684861","1721847811","0.5"
"1978269823","2123684861","1.5"
"2123684861","1978269823","1.5"
"1932302600","2119708968","2.5"
"2119708968","1932302600","2.5"
"1932302600","1965618985","0.5"
"1965618985","1932302600","0.5"
"1932302600","1982325601","1"
"1982325601","1932302600","1"
"1979363094","2079705087","1"
"2079705087","1979363094","1"
"2150776565","2953298321","0.5"
"2953298321","2150776565","0.5"
"1982325601","2952077253","0.5"
"2952077253","1982325601","0.5"
"2119708968","2952077253","0.5"
"2952077253","2119708968","0.5"
"2009469418","2070653277","1"
"2070653277","2009469418","1"
"2067560675","2070653277","1"
"2070653277","2067560675","1"
"2069447774","2085007689","2.5"
"2085007689","2069447774","2.5"
"2085007689","2169605597","1"
"2169605597","2085007689","1"
"2096733704","2150776565","0.333333"
"2150776565","2096733704","0.333333"
"2119708968","2287961307","1"
"2287961307","2119708968","1"
"2123684861","2610291181","4"
"2610291181","2123684861","4"
"2135600671","92291768","1"
"92291768","2135600671","1"
