"103897157","1983581110","4.09286"
"1983581110","103897157","4.09286"
"103897157","2029827226","3.29286"
"2029827226","103897157","3.29286"
"103897157","2136136174","7.59286"
"2136136174","103897157","7.59286"
"1983581110","2029827226","23.7745"
"2029827226","1983581110","23.7745"
"1983581110","2136136174","51.9912"
"2136136174","1983581110","51.9912"
"2029827226","2136136174","25.2507"
"2136136174","2029827226","25.2507"
"103897157","2157597875","1.50952"
"2157597875","103897157","1.50952"
"1983581110","2157597875","14.2412"
"2157597875","1983581110","14.2412"
"2029827226","2157597875","10.7745"
"2157597875","2029827226","10.7745"
"2136136174","2157597875","29.6181"
"2157597875","2136136174","29.6181"
"103897157","2071869991","5.29286"
"2071869991","103897157","5.29286"
"103897157","1990188874","1.66667"
"1990188874","103897157","1.66667"
"1990188874","2029827226","8.36667"
"2029827226","1990188874","8.36667"
"103897157","1498728415","0.5"
"1498728415","103897157","0.5"
"1498728415","2071869991","1.91667"
"2071869991","1498728415","1.91667"
"1983581110","2071869991","18.8662"
"2071869991","1983581110","18.8662"
"2071869991","2136136174","34.4193"
"2136136174","2071869991","34.4193"
"1983581110","1990188874","6.58333"
"1990188874","1983581110","6.58333"
"1990188874","2136136174","10.1603"
"2136136174","1990188874","10.1603"
"103897157","1516691994","0.366667"
"1516691994","103897157","0.366667"
"1516691994","1983581110","0.7"
"1983581110","1516691994","0.7"
"1516691994","2029827226","0.866667"
"2029827226","1516691994","0.866667"
"1516691994","2071869991","0.7"
"2071869991","1516691994","0.7"
"1516691994","2157597875","0.366667"
"2157597875","1516691994","0.366667"
"2029827226","2071869991","15.3757"
"2071869991","2029827226","15.3757"
"2071869991","2157597875","17.1098"
"2157597875","2071869991","17.1098"
"103897157","1529733883","0.2"
"1529733883","103897157","0.2"
"103897157","2047074192","0.342857"
"2047074192","103897157","0.342857"
"1529733883","2029827226","7.64119"
"2029827226","1529733883","7.64119"
"1529733883","2047074192","1.36667"
"2047074192","1529733883","1.36667"
"1529733883","2071869991","3.19238"
"2071869991","1529733883","3.19238"
"1529733883","2136136174","3.65786"
"2136136174","1529733883","3.65786"
"2029827226","2047074192","20.9929"
"2047074192","2029827226","20.9929"
"2047074192","2071869991","6.56978"
"2071869991","2047074192","6.56978"
"2047074192","2136136174","17.7364"
"2136136174","2047074192","17.7364"
"103897157","2241857722","0.142857"
"2241857722","103897157","0.142857"
"1983581110","2047074192","12.3762"
"2047074192","1983581110","12.3762"
"1983581110","2241857722","0.142857"
"2241857722","1983581110","0.142857"
"2029827226","2241857722","0.142857"
"2241857722","2029827226","0.142857"
"2047074192","2157597875","8.53645"
"2157597875","2047074192","8.53645"
"2047074192","2241857722","0.142857"
"2241857722","2047074192","0.142857"
"2071869991","2241857722","0.142857"
"2241857722","2071869991","0.142857"
"2136136174","2241857722","0.142857"
"2241857722","2136136174","0.142857"
"2157597875","2241857722","0.142857"
"2241857722","2157597875","0.142857"
"1516691994","2136136174","0.5"
"2136136174","1516691994","0.5"
"143386018","2054626033","23.4599"
"2054626033","143386018","23.4599"
"143386018","2111397260","10.1131"
"2111397260","143386018","10.1131"
"2054626033","2111397260","20.8694"
"2111397260","2054626033","20.8694"
"143386018","1550000763","1.16071"
"1550000763","143386018","1.16071"
"143386018","2113266120","12.5909"
"2113266120","143386018","12.5909"
"143386018","2146270836","6.13651"
"2146270836","143386018","6.13651"
"1550000763","2054626033","0.882857"
"2054626033","1550000763","0.882857"
"1550000763","2113266120","1.79"
"2113266120","1550000763","1.79"
"1550000763","2146270836","0.599524"
"2146270836","1550000763","0.599524"
"2054626033","2113266120","27.0067"
"2113266120","2054626033","27.0067"
"2054626033","2146270836","7.05944"
"2146270836","2054626033","7.05944"
"2113266120","2146270836","6.43325"
"2146270836","2113266120","6.43325"
"143386018","1466389411","2.45397"
"1466389411","143386018","2.45397"
"143386018","1931604409","6.18373"
"1931604409","143386018","6.18373"
"1466389411","1931604409","0.820635"
"1931604409","1466389411","0.820635"
"1466389411","2054626033","2.3119"
"2054626033","1466389411","2.3119"
"1466389411","2111397260","2.57302"
"2111397260","1466389411","2.57302"
"1466389411","2146270836","2.80397"
"2146270836","1466389411","2.80397"
"1931604409","2054626033","6.0131"
"2054626033","1931604409","6.0131"
"1931604409","2111397260","4.45913"
"2111397260","1931604409","4.45913"
"1931604409","2146270836","3.02302"
"2146270836","1931604409","3.02302"
"2111397260","2146270836","5.13643"
"2146270836","2111397260","5.13643"
"143386018","1463944966","4.63532"
"1463944966","143386018","4.63532"
"143386018","2121386924","3.5496"
"2121386924","143386018","3.5496"
"1463944966","1931604409","2.31468"
"1931604409","1463944966","2.31468"
"1463944966","2054626033","14.3278"
"2054626033","1463944966","14.3278"
"1463944966","2111397260","4.55714"
"2111397260","1463944966","4.55714"
"1463944966","2113266120","4.11825"
"2113266120","1463944966","4.11825"
"1463944966","2121386924","3.43294"
"2121386924","1463944966","3.43294"
"1463944966","2146270836","3.12817"
"2146270836","1463944966","3.12817"
"1931604409","2113266120","1.9369"
"2113266120","1931604409","1.9369"
"1931604409","2121386924","2.43849"
"2121386924","1931604409","2.43849"
"2054626033","2121386924","10.3452"
"2121386924","2054626033","10.3452"
"2111397260","2113266120","7.52095"
"2113266120","2111397260","7.52095"
"2111397260","2121386924","4.8396"
"2121386924","2111397260","4.8396"
"2113266120","2121386924","14.7396"
"2121386924","2113266120","14.7396"
"2121386924","2146270836","2.78841"
"2146270836","2121386924","2.78841"
"143386018","1987516957","13.2202"
"1987516957","143386018","13.2202"
"143386018","2127171880","5.4996"
"2127171880","143386018","5.4996"
"1987516957","2054626033","21.7476"
"2054626033","1987516957","21.7476"
"1987516957","2111397260","8.59365"
"2111397260","1987516957","8.59365"
"1987516957","2113266120","34.5405"
"2113266120","1987516957","34.5405"
"1987516957","2127171880","13.3802"
"2127171880","1987516957","13.3802"
"2054626033","2127171880","8.73841"
"2127171880","2054626033","8.73841"
"2111397260","2127171880","2.91063"
"2127171880","2111397260","2.91063"
"2113266120","2127171880","13.6368"
"2127171880","2113266120","13.6368"
"1987516957","2121386924","19.179"
"2121386924","1987516957","19.179"
"143386018","2027670258","0.811111"
"2027670258","143386018","0.811111"
"2027670258","2054626033","1.06111"
"2054626033","2027670258","1.06111"
"2027670258","2113266120","4.31111"
"2113266120","2027670258","4.31111"
"2027670258","2127171880","1.75"
"2127171880","2027670258","1.75"
"2127171880","2146270836","6.16341"
"2146270836","2127171880","6.16341"
"143386018","2108554506","1.08333"
"2108554506","143386018","1.08333"
"143386018","2136136174","1.29167"
"2136136174","143386018","1.29167"
"143386018","2157597875","1.04167"
"2157597875","143386018","1.04167"
"2108554506","2136136174","3.70026"
"2136136174","2108554506","3.70026"
"2108554506","2157597875","1.20026"
"2157597875","2108554506","1.20026"
"143386018","1529733883","1.07738"
"1529733883","143386018","1.07738"
"143386018","2045020574","0.142857"
"2045020574","143386018","0.142857"
"143386018","2071869991","0.892857"
"2071869991","143386018","0.892857"
"143386018","2157337727","1.80357"
"2157337727","143386018","1.80357"
"1529733883","1550000763","18.9674"
"1550000763","1529733883","18.9674"
"1529733883","2045020574","1.59952"
"2045020574","1529733883","1.59952"
"1529733883","2054626033","0.51619"
"2054626033","1529733883","0.51619"
"1529733883","2146270836","0.349524"
"2146270836","1529733883","0.349524"
"1529733883","2157337727","3.33286"
"2157337727","1529733883","3.33286"
"1550000763","2045020574","3.18286"
"2045020574","1550000763","3.18286"
"1550000763","2071869991","3.17645"
"2071869991","1550000763","3.17645"
"1550000763","2157337727","13.3681"
"2157337727","1550000763","13.3681"
"2045020574","2054626033","0.182857"
"2054626033","2045020574","0.182857"
"2045020574","2071869991","0.182857"
"2071869991","2045020574","0.182857"
"2045020574","2146270836","0.182857"
"2146270836","2045020574","0.182857"
"2045020574","2157337727","1.18286"
"2157337727","2045020574","1.18286"
"2054626033","2071869991","0.182857"
"2071869991","2054626033","0.182857"
"2054626033","2157337727","0.182857"
"2157337727","2054626033","0.182857"
"2071869991","2146270836","0.349524"
"2146270836","2071869991","0.349524"
"2071869991","2157337727","1.54311"
"2157337727","2071869991","1.54311"
"2146270836","2157337727","0.182857"
"2157337727","2146270836","0.182857"
"1987516957","2146270836","6.0131"
"2146270836","1987516957","6.0131"
"2121386924","2127171880","6.2023"
"2127171880","2121386924","6.2023"
"143386018","189499990","0.3"
"189499990","143386018","0.3"
"189499990","1987516957","0.3"
"1987516957","189499990","0.3"
"189499990","2054626033","0.34"
"2054626033","189499990","0.34"
"189499990","2113266120","0.34"
"2113266120","189499990","0.34"
"189499990","2121386924","0.34"
"2121386924","189499990","0.34"
"143386018","2096982639","0.2"
"2096982639","143386018","0.2"
"1987516957","2096982639","0.2"
"2096982639","1987516957","0.2"
"2054626033","2096982639","1.2"
"2096982639","2054626033","1.2"
"2096982639","2113266120","0.7"
"2113266120","2096982639","0.7"
"2096982639","2127171880","0.2"
"2127171880","2096982639","0.2"
"1550000763","2136136174","5.44192"
"2136136174","1550000763","5.44192"
"2136136174","2157337727","2.19192"
"2157337727","2136136174","2.19192"
"1931604409","1987516957","2.93294"
"1987516957","1931604409","2.93294"
"143386018","1604970029","0.125"
"1604970029","143386018","0.125"
"143386018","1983581110","0.267857"
"1983581110","143386018","0.267857"
"143386018","2029827226","0.125"
"2029827226","143386018","0.125"
"1529733883","1604970029","4.34833"
"1604970029","1529733883","4.34833"
"1529733883","1983581110","2.53167"
"1983581110","1529733883","2.53167"
"1529733883","2157597875","1.28167"
"2157597875","1529733883","1.28167"
"1550000763","1604970029","5.765"
"1604970029","1550000763","5.765"
"1550000763","1983581110","2.165"
"1983581110","1550000763","2.165"
"1550000763","2029827226","10.4817"
"2029827226","1550000763","10.4817"
"1550000763","2157597875","1.07526"
"2157597875","1550000763","1.07526"
"1604970029","1983581110","0.165"
"1983581110","1604970029","0.165"
"1604970029","2029827226","1.565"
"2029827226","1604970029","1.565"
"1604970029","2136136174","0.365"
"2136136174","1604970029","0.365"
"1604970029","2157337727","2.73167"
"2157337727","1604970029","2.73167"
"1604970029","2157597875","0.165"
"2157597875","1604970029","0.165"
"1983581110","2157337727","0.89119"
"2157337727","1983581110","0.89119"
"2029827226","2157337727","0.365"
"2157337727","2029827226","0.365"
"2157337727","2157597875","0.241923"
"2157597875","2157337727","0.241923"
"143386018","2143977969","0.25"
"2143977969","143386018","0.25"
"1550000763","1987516957","0.25"
"1987516957","1550000763","0.25"
"1550000763","2121386924","0.956667"
"2121386924","1550000763","0.956667"
"1550000763","2143977969","0.583333"
"2143977969","1550000763","0.583333"
"1987516957","2143977969","0.25"
"2143977969","1987516957","0.25"
"2121386924","2143977969","0.583333"
"2143977969","2121386924","0.583333"
"143386018","2155873597","6.21111"
"2155873597","143386018","6.21111"
"2054626033","2155873597","3.54563"
"2155873597","2054626033","3.54563"
"2111397260","2155873597","1.29167"
"2155873597","2111397260","1.29167"
"2146270836","2155873597","2.29563"
"2155873597","2146270836","2.29563"
"1463944966","1987516957","2.87143"
"1987516957","1463944966","2.87143"
"1463944966","2127171880","1.61508"
"2127171880","1463944966","1.61508"
"143386018","2107906795","1"
"2107906795","143386018","1"
"143386018","2404167293","0.365079"
"2404167293","143386018","0.365079"
"1463944966","1466389411","2.80635"
"1466389411","1463944966","2.80635"
"1463944966","2404167293","1.43294"
"2404167293","1463944966","1.43294"
"1466389411","2121386924","1.21349"
"2121386924","1466389411","1.21349"
"1466389411","2404167293","1.44286"
"2404167293","1466389411","1.44286"
"1931604409","2404167293","0.253968"
"2404167293","1931604409","0.253968"
"2054626033","2404167293","2.5996"
"2404167293","2054626033","2.5996"
"2111397260","2404167293","0.923413"
"2404167293","2111397260","0.923413"
"2121386924","2404167293","0.420635"
"2404167293","2121386924","0.420635"
"1466389411","1987516957","5.09524"
"1987516957","1466389411","5.09524"
"1466389411","2113266120","3.92302"
"2113266120","1466389411","3.92302"
"1463944966","2155873597","1.74563"
"2155873597","1463944966","1.74563"
"1931604409","2155873597","1.37778"
"2155873597","1931604409","1.37778"
"143386018","2039986066","0.809524"
"2039986066","143386018","0.809524"
"143386018","2060343533","0.666667"
"2060343533","143386018","0.666667"
"1529733883","2039986066","7.43377"
"2039986066","1529733883","7.43377"
"1529733883","2060343533","0.666667"
"2060343533","1529733883","0.666667"
"2039986066","2060343533","0.666667"
"2060343533","2039986066","0.666667"
"143386018","2463456957","2.23333"
"2463456957","143386018","2.23333"
"1463944966","2463456957","9.39286"
"2463456957","1463944966","9.39286"
"1931604409","2463456957","1.26667"
"2463456957","1931604409","1.26667"
"1987516957","2463456957","4.0373"
"2463456957","1987516957","4.0373"
"1466389411","2127171880","1.67619"
"2127171880","1466389411","1.67619"
"1987516957","2404167293","0.680556"
"2404167293","1987516957","0.680556"
"2113266120","2404167293","1.25675"
"2404167293","2113266120","1.25675"
"2127171880","2404167293","0.836111"
"2404167293","2127171880","0.836111"
"2146270836","2404167293","1.92341"
"2404167293","2146270836","1.92341"
"1463944966","2027670258","0.644444"
"2027670258","1463944966","0.644444"
"1931604409","2027670258","1.31111"
"2027670258","1931604409","1.31111"
"1987516957","2027670258","0.311111"
"2027670258","1987516957","0.311111"
"1987516957","2155873597","1.075"
"2155873597","1987516957","1.075"
"2027670258","2111397260","1.1"
"2111397260","2027670258","1.1"
"2027670258","2121386924","0.533333"
"2121386924","2027670258","0.533333"
"2027670258","2146270836","0.811111"
"2146270836","2027670258","0.811111"
"2027670258","2155873597","1.35"
"2155873597","2027670258","1.35"
"2113266120","2155873597","1.11786"
"2155873597","2113266120","1.11786"
"2121386924","2155873597","1.16667"
"2155873597","2121386924","1.16667"
"143386018","1498728415","0.142857"
"1498728415","143386018","0.142857"
"143386018","1981568085","0.142857"
"1981568085","143386018","0.142857"
"143386018","2152065333","0.642857"
"2152065333","143386018","0.642857"
"143386018","2211757780","0.285714"
"2211757780","143386018","0.285714"
"1498728415","1931604409","0.309524"
"1931604409","1498728415","0.309524"
"1498728415","1981568085","0.142857"
"1981568085","1498728415","0.142857"
"1498728415","1983581110","3.17619"
"1983581110","1498728415","3.17619"
"1498728415","2152065333","0.142857"
"2152065333","1498728415","0.142857"
"1498728415","2157337727","0.142857"
"2157337727","1498728415","0.142857"
"1498728415","2211757780","0.142857"
"2211757780","1498728415","0.142857"
"1931604409","1981568085","0.142857"
"1981568085","1931604409","0.142857"
"1931604409","1983581110","0.142857"
"1983581110","1931604409","0.142857"
"1931604409","2152065333","0.142857"
"2152065333","1931604409","0.142857"
"1931604409","2157337727","0.142857"
"2157337727","1931604409","0.142857"
"1931604409","2211757780","0.142857"
"2211757780","1931604409","0.142857"
"1981568085","1983581110","0.142857"
"1983581110","1981568085","0.142857"
"1981568085","2152065333","0.67619"
"2152065333","1981568085","0.67619"
"1981568085","2157337727","1.64286"
"2157337727","1981568085","1.64286"
"1981568085","2211757780","3.25952"
"2211757780","1981568085","3.25952"
"1983581110","2152065333","0.182857"
"2152065333","1983581110","0.182857"
"1983581110","2211757780","0.142857"
"2211757780","1983581110","0.142857"
"2152065333","2157337727","0.682857"
"2157337727","2152065333","0.682857"
"2152065333","2211757780","0.97619"
"2211757780","2152065333","0.97619"
"2157337727","2211757780","1.36264"
"2211757780","2157337727","1.36264"
"143386018","2394619600","2.51111"
"2394619600","143386018","2.51111"
"1931604409","2394619600","2.89444"
"2394619600","1931604409","2.89444"
"2394619600","2463456957","2.14444"
"2463456957","2394619600","2.14444"
"1463944966","2394619600","2.30397"
"2394619600","1463944966","2.30397"
"1466389411","2394619600","5.37778"
"2394619600","1466389411","5.37778"
"1466389411","2463456957","2.4873"
"2463456957","1466389411","2.4873"
"2111397260","2394619600","3.06111"
"2394619600","2111397260","3.06111"
"2111397260","2463456957","3.00397"
"2463456957","2111397260","3.00397"
"2113266120","2394619600","2.72063"
"2394619600","2113266120","2.72063"
"2113266120","2463456957","2.89841"
"2463456957","2113266120","2.89841"
"2121386924","2394619600","0.661111"
"2394619600","2121386924","0.661111"
"2121386924","2463456957","0.877778"
"2463456957","2121386924","0.877778"
"2146270836","2394619600","1.3373"
"2394619600","2146270836","1.3373"
"2146270836","2463456957","1.83333"
"2463456957","2146270836","1.83333"
"143386018","2346878720","3.05952"
"2346878720","143386018","3.05952"
"2136136174","2346878720","0.333333"
"2346878720","2136136174","0.333333"
"2157597875","2346878720","0.333333"
"2346878720","2157597875","0.333333"
"143386018","1968987369","0.5"
"1968987369","143386018","0.5"
"1968987369","2071869991","0.54"
"2071869991","1968987369","0.54"
"2054626033","2463456957","7.53175"
"2463456957","2054626033","7.53175"
"1987516957","2346878720","3.01746"
"2346878720","1987516957","3.01746"
"2111397260","2346878720","3.45397"
"2346878720","2111397260","3.45397"
"2113266120","2346878720","3.47698"
"2346878720","2113266120","3.47698"
"1463944966","1529733883","0.333333"
"1529733883","1463944966","0.333333"
"1463944966","2039986066","0.333333"
"2039986066","1463944966","0.333333"
"1463944966","2060343533","0.333333"
"2060343533","1463944966","0.333333"
"1529733883","2155873597","0.333333"
"2155873597","1529733883","0.333333"
"2039986066","2054626033","0.333333"
"2054626033","2039986066","0.333333"
"2039986066","2155873597","0.333333"
"2155873597","2039986066","0.333333"
"2054626033","2060343533","0.333333"
"2060343533","2054626033","0.333333"
"2060343533","2155873597","0.333333"
"2155873597","2060343533","0.333333"
"1931604409","2127171880","1.48611"
"2127171880","1931604409","1.48611"
"143386018","2750634282","0.542857"
"2750634282","143386018","0.542857"
"1463944966","2346878720","2.46905"
"2346878720","1463944966","2.46905"
"1463944966","2750634282","0.4"
"2750634282","1463944966","0.4"
"1466389411","2346878720","1.85238"
"2346878720","1466389411","1.85238"
"1466389411","2750634282","0.342857"
"2750634282","1466389411","0.342857"
"2113266120","2750634282","0.685714"
"2750634282","2113266120","0.685714"
"2346878720","2750634282","0.485714"
"2750634282","2346878720","0.485714"
"2108554506","2394619600","0.25"
"2394619600","2108554506","0.25"
"2136136174","2394619600","0.25"
"2394619600","2136136174","0.25"
"2157597875","2394619600","0.25"
"2394619600","2157597875","0.25"
"143386018","2765667105","0.166667"
"2765667105","143386018","0.166667"
"1466389411","2765667105","1.14286"
"2765667105","1466389411","1.14286"
"1987516957","2765667105","2.80952"
"2765667105","1987516957","2.80952"
"2054626033","2765667105","0.809524"
"2765667105","2054626033","0.809524"
"2113266120","2765667105","0.72619"
"2765667105","2113266120","0.72619"
"2463456957","2765667105","3.55952"
"2765667105","2463456957","3.55952"
"1466389411","2155873597","0.5"
"2155873597","1466389411","0.5"
"1987516957","2394619600","1.96667"
"2394619600","1987516957","1.96667"
"2054626033","2346878720","5.9119"
"2346878720","2054626033","5.9119"
"2054626033","2394619600","2.85952"
"2394619600","2054626033","2.85952"
"2146270836","2346878720","3.1619"
"2346878720","2146270836","3.1619"
"2155873597","2346878720","1.20397"
"2346878720","2155873597","1.20397"
"2155873597","2394619600","1.29286"
"2394619600","2155873597","1.29286"
"2155873597","2463456957","1.37778"
"2463456957","2155873597","1.37778"
"2346878720","2394619600","2.94286"
"2394619600","2346878720","2.94286"
"2346878720","2463456957","1.85556"
"2463456957","2346878720","1.85556"
"143386018","2402136125","1"
"2402136125","143386018","1"
"1931604409","2346878720","0.57619"
"2346878720","1931604409","0.57619"
"2027670258","2346878720","0.211111"
"2346878720","2027670258","0.211111"
"2027670258","2463456957","0.544444"
"2463456957","2027670258","0.544444"
"2121386924","2346878720","0.342857"
"2346878720","2121386924","0.342857"
"2127171880","2394619600","3.33333"
"2394619600","2127171880","3.33333"
"143386018","2545457694","0.735714"
"2545457694","143386018","0.735714"
"1987516957","2545457694","0.45"
"2545457694","1987516957","0.45"
"2113266120","2545457694","0.45"
"2545457694","2113266120","0.45"
"2127171880","2545457694","0.842857"
"2545457694","2127171880","0.842857"
"2146270836","2545457694","0.2"
"2545457694","2146270836","0.2"
"1931604409","2750634282","0.47619"
"2750634282","1931604409","0.47619"
"1987516957","2750634282","0.485714"
"2750634282","1987516957","0.485714"
"2054626033","2750634282","0.542857"
"2750634282","2054626033","0.542857"
"2146270836","2750634282","0.342857"
"2750634282","2146270836","0.342857"
"2108554506","2155873597","0.5"
"2155873597","2108554506","0.5"
"2127171880","2750634282","0.542857"
"2750634282","2127171880","0.542857"
"143386018","2149556457","0.142857"
"2149556457","143386018","0.142857"
"143386018","2411354024","0.142857"
"2411354024","143386018","0.142857"
"143386018","2615349154","0.285714"
"2615349154","143386018","0.285714"
"1529733883","2127171880","0.182857"
"2127171880","1529733883","0.182857"
"1529733883","2149556457","1.30952"
"2149556457","1529733883","1.30952"
"1529733883","2411354024","0.285714"
"2411354024","1529733883","0.285714"
"1529733883","2545457694","0.142857"
"2545457694","1529733883","0.142857"
"1529733883","2615349154","0.392857"
"2615349154","1529733883","0.392857"
"1550000763","2127171880","0.182857"
"2127171880","1550000763","0.182857"
"1550000763","2149556457","1.30952"
"2149556457","1550000763","1.30952"
"1550000763","2411354024","0.642857"
"2411354024","1550000763","0.642857"
"1550000763","2545457694","1.21978"
"2545457694","1550000763","1.21978"
"1550000763","2615349154","0.142857"
"2615349154","1550000763","0.142857"
"2127171880","2149556457","0.142857"
"2149556457","2127171880","0.142857"
"2127171880","2411354024","0.142857"
"2411354024","2127171880","0.142857"
"2127171880","2615349154","0.142857"
"2615349154","2127171880","0.142857"
"2149556457","2411354024","1.64286"
"2411354024","2149556457","1.64286"
"2149556457","2545457694","0.142857"
"2545457694","2149556457","0.142857"
"2149556457","2615349154","0.142857"
"2615349154","2149556457","0.142857"
"2411354024","2545457694","0.142857"
"2545457694","2411354024","0.142857"
"2411354024","2615349154","0.142857"
"2615349154","2411354024","0.142857"
"2545457694","2615349154","1.28571"
"2615349154","2545457694","1.28571"
"143386018","2405832514","0.142857"
"2405832514","143386018","0.142857"
"143386018","2412350177","0.142857"
"2412350177","143386018","0.142857"
"2039986066","2157337727","6.96978"
"2157337727","2039986066","6.96978"
"2039986066","2211757780","0.553114"
"2211757780","2039986066","0.553114"
"2039986066","2405832514","1.31069"
"2405832514","2039986066","1.31069"
"2039986066","2412350177","0.142857"
"2412350177","2039986066","0.142857"
"2039986066","2545457694","0.553114"
"2545457694","2039986066","0.553114"
"2039986066","2615349154","1.14286"
"2615349154","2039986066","1.14286"
"2157337727","2405832514","0.54478"
"2405832514","2157337727","0.54478"
"2157337727","2412350177","0.142857"
"2412350177","2157337727","0.142857"
"2157337727","2545457694","1.21978"
"2545457694","2157337727","1.21978"
"2157337727","2615349154","0.642857"
"2615349154","2157337727","0.642857"
"2211757780","2405832514","4.80311"
"2405832514","2211757780","4.80311"
"2211757780","2412350177","2.30952"
"2412350177","2211757780","2.30952"
"2211757780","2545457694","5.55311"
"2545457694","2211757780","5.55311"
"2211757780","2615349154","2.30952"
"2615349154","2211757780","2.30952"
"2405832514","2412350177","1.14286"
"2412350177","2405832514","1.14286"
"2405832514","2545457694","1.21978"
"2545457694","2405832514","1.21978"
"2405832514","2615349154","1.22619"
"2615349154","2405832514","1.22619"
"2412350177","2545457694","1.14286"
"2545457694","2412350177","1.14286"
"2412350177","2615349154","1.30952"
"2615349154","2412350177","1.30952"
"2346878720","2404167293","0.687302"
"2404167293","2346878720","0.687302"
"143386018","2085955149","0.5"
"2085955149","143386018","0.5"
"2085955149","2152065333","21.4242"
"2152065333","2085955149","21.4242"
"143386018","2739510617","0.211111"
"2739510617","143386018","0.211111"
"1463944966","2739510617","0.211111"
"2739510617","1463944966","0.211111"
"1931604409","2739510617","0.444444"
"2739510617","1931604409","0.444444"
"2054626033","2739510617","0.211111"
"2739510617","2054626033","0.211111"
"2127171880","2155873597","1.10278"
"2155873597","2127171880","1.10278"
"2127171880","2346878720","0.603968"
"2346878720","2127171880","0.603968"
"2127171880","2463456957","3.16111"
"2463456957","2127171880","3.16111"
"2127171880","2739510617","0.253968"
"2739510617","2127171880","0.253968"
"2146270836","2739510617","0.711111"
"2739510617","2146270836","0.711111"
"2155873597","2739510617","0.211111"
"2739510617","2155873597","0.211111"
"2346878720","2739510617","0.520635"
"2739510617","2346878720","0.520635"
"2463456957","2739510617","0.111111"
"2739510617","2463456957","0.111111"
"2111397260","2739510617","0.433333"
"2739510617","2111397260","0.433333"
"2113266120","2739510617","1.24286"
"2739510617","2113266120","1.24286"
"2121386924","2739510617","0.57619"
"2739510617","2121386924","0.57619"
"2394619600","2739510617","1.26667"
"2739510617","2394619600","1.26667"
"2463456957","2545457694","0.25"
"2545457694","2463456957","0.25"
"189499990","1931604409","0.1"
"1931604409","189499990","0.1"
"189499990","2111397260","0.14"
"2111397260","189499990","0.14"
"189499990","2127171880","0.14"
"2127171880","189499990","0.14"
"189499990","2146270836","0.14"
"2146270836","189499990","0.14"
"189499990","2155873597","0.1"
"2155873597","189499990","0.1"
"2155873597","2404167293","1.13452"
"2404167293","2155873597","1.13452"
"2111397260","2750634282","0.533333"
"2750634282","2111397260","0.533333"
"2404167293","2463456957","0.6"
"2463456957","2404167293","0.6"
"2394619600","2404167293","0.742857"
"2404167293","2394619600","0.742857"
"1463944966","2765667105","0.392857"
"2765667105","1463944966","0.392857"
"2111397260","2765667105","1.14286"
"2765667105","2111397260","1.14286"
"2346878720","2765667105","0.25"
"2765667105","2346878720","0.25"
"2394619600","2765667105","0.833333"
"2765667105","2394619600","0.833333"
"1463944966","1550000763","0.2"
"1550000763","1463944966","0.2"
"1466389411","1550000763","0.2"
"1550000763","1466389411","0.2"
"1550000763","2155873597","0.2"
"2155873597","1550000763","0.2"
"1550000763","2404167293","0.2"
"2404167293","1550000763","0.2"
"1466389411","2411354024","0.166667"
"2411354024","1466389411","0.166667"
"1466389411","2756430570","0.166667"
"2756430570","1466389411","0.166667"
"2054626033","2411354024","0.166667"
"2411354024","2054626033","0.166667"
"2054626033","2756430570","0.166667"
"2756430570","2054626033","0.166667"
"2113266120","2411354024","0.166667"
"2411354024","2113266120","0.166667"
"2113266120","2756430570","0.166667"
"2756430570","2113266120","0.166667"
"2121386924","2411354024","0.166667"
"2411354024","2121386924","0.166667"
"2121386924","2756430570","0.166667"
"2756430570","2121386924","0.166667"
"2411354024","2463456957","0.166667"
"2463456957","2411354024","0.166667"
"2411354024","2756430570","1.05952"
"2756430570","2411354024","1.05952"
"2463456957","2756430570","0.166667"
"2756430570","2463456957","0.166667"
"1466389411","2136136174","0.333333"
"2136136174","1466389411","0.333333"
"1987516957","2136136174","0.833333"
"2136136174","1987516957","0.833333"
"2111397260","2136136174","0.373333"
"2136136174","2111397260","0.373333"
"1466389411","2739510617","0.309524"
"2739510617","1466389411","0.309524"
"1987516957","2739510617","0.809524"
"2739510617","1987516957","0.809524"
"2121386924","2750634282","0.142857"
"2750634282","2121386924","0.142857"
"2739510617","2750634282","0.47619"
"2750634282","2739510617","0.47619"
"1468986134","1550000763","6.27692"
"1550000763","1468986134","6.27692"
"1468986134","1604970029","1.03333"
"1604970029","1468986134","1.03333"
"1468986134","2157337727","6.93526"
"2157337727","1468986134","6.93526"
"1468986134","2039986066","1.0845"
"2039986066","1468986134","1.0845"
"1468986134","24446071","0.785256"
"24446071","1468986134","0.785256"
"1550000763","2039986066","13.6936"
"2039986066","1550000763","13.6936"
"1550000763","24446071","1.52692"
"24446071","1550000763","1.52692"
"2039986066","24446071","0.326923"
"24446071","2039986066","0.326923"
"2157337727","24446071","2.65192"
"24446071","2157337727","2.65192"
"1468986134","2107906795","1.09091"
"2107906795","1468986134","1.09091"
"2107906795","2157337727","0.54"
"2157337727","2107906795","0.54"
"1468986134","1529733883","0.832576"
"1529733883","1468986134","0.832576"
"1468986134","1968592516","1.21591"
"1968592516","1468986134","1.21591"
"1468986134","1975290931","0.382576"
"1975290931","1468986134","0.382576"
"1468986134","1993095244","0.325"
"1993095244","1468986134","0.325"
"1468986134","2110030226","0.125"
"2110030226","1468986134","0.125"
"1468986134","2405832514","0.492832"
"2405832514","1468986134","0.492832"
"1529733883","1968592516","1.00591"
"1968592516","1529733883","1.00591"
"1529733883","1975290931","0.215909"
"1975290931","1529733883","0.215909"
"1529733883","1993095244","0.125"
"1993095244","1529733883","0.125"
"1529733883","2110030226","0.125"
"2110030226","1529733883","0.125"
"1529733883","2405832514","0.549242"
"2405832514","1529733883","0.549242"
"1529733883","24446071","0.525"
"24446071","1529733883","0.525"
"1968592516","1975290931","1.38258"
"1975290931","1968592516","1.38258"
"1968592516","1993095244","0.125"
"1993095244","1968592516","0.125"
"1968592516","2110030226","0.125"
"2110030226","1968592516","0.125"
"1968592516","2157337727","2.165"
"2157337727","1968592516","2.165"
"1968592516","2405832514","1.46591"
"2405832514","1968592516","1.46591"
"1968592516","24446071","0.125"
"24446071","1968592516","0.125"
"1975290931","1993095244","1.79167"
"1993095244","1975290931","1.79167"
"1975290931","2110030226","0.125"
"2110030226","1975290931","0.125"
"1975290931","2157337727","0.541667"
"2157337727","1975290931","0.541667"
"1975290931","2405832514","2.54924"
"2405832514","1975290931","2.54924"
"1975290931","24446071","0.125"
"24446071","1975290931","0.125"
"1993095244","2110030226","0.125"
"2110030226","1993095244","0.125"
"1993095244","2157337727","0.825"
"2157337727","1993095244","0.825"
"1993095244","2405832514","4.35833"
"2405832514","1993095244","4.35833"
"1993095244","24446071","0.125"
"24446071","1993095244","0.125"
"2110030226","2157337727","0.125"
"2157337727","2110030226","0.125"
"2110030226","2405832514","0.125"
"2405832514","2110030226","0.125"
"2110030226","24446071","0.125"
"24446071","2110030226","0.125"
"2405832514","24446071","0.201923"
"24446071","2405832514","0.201923"
"1468986134","2149556457","0.166667"
"2149556457","1468986134","0.166667"
"1604970029","2039986066","4.03333"
"2039986066","1604970029","4.03333"
"1604970029","2149556457","0.166667"
"2149556457","1604970029","0.166667"
"2039986066","2149556457","0.166667"
"2149556457","2039986066","0.166667"
"2149556457","2157337727","0.5"
"2157337727","2149556457","0.5"
"1468986134","1983581110","0.583333"
"1983581110","1468986134","0.583333"
"1468986134","2211757780","1.57692"
"2211757780","1468986134","1.57692"
"1550000763","2211757780","1.07692"
"2211757780","1550000763","1.07692"
"1968592516","2107906795","18.1476"
"2107906795","1968592516","18.1476"
"1983581110","2039986066","2.16667"
"2039986066","1983581110","2.16667"
"1468986134","2152065333","0.257576"
"2152065333","1468986134","0.257576"
"1550000763","1968592516","1.54"
"1968592516","1550000763","1.54"
"1550000763","1975290931","0.416667"
"1975290931","1550000763","0.416667"
"1550000763","2152065333","1.37333"
"2152065333","1550000763","1.37333"
"1968592516","2152065333","3.49758"
"2152065333","1968592516","3.49758"
"1968592516","2211757780","3.56667"
"2211757780","1968592516","3.56667"
"1975290931","2152065333","11.5909"
"2152065333","1975290931","11.5909"
"1975290931","2211757780","0.5"
"2211757780","1975290931","0.5"
"1468986134","2071869991","0.276923"
"2071869991","1468986134","0.276923"
"1468986134","2108554506","0.276923"
"2108554506","1468986134","0.276923"
"1993095244","2071869991","0.2"
"2071869991","1993095244","0.2"
"1993095244","2108554506","7.01667"
"2108554506","1993095244","7.01667"
"2071869991","2108554506","2.31692"
"2108554506","2071869991","2.31692"
"2071869991","2405832514","0.526923"
"2405832514","2071869991","0.526923"
"2108554506","2157337727","0.816923"
"2157337727","2108554506","0.816923"
"2108554506","2405832514","5.89359"
"2405832514","2108554506","5.89359"
"1468986134","1987516957","0.166667"
"1987516957","1468986134","0.166667"
"1468986134","2113266120","0.166667"
"2113266120","1468986134","0.166667"
"1468986134","2136136174","0.576923"
"2136136174","1468986134","0.576923"
"1468986134","2765667105","0.166667"
"2765667105","1468986134","0.166667"
"1987516957","2039986066","0.166667"
"2039986066","1987516957","0.166667"
"1987516957","2157337727","0.166667"
"2157337727","1987516957","0.166667"
"2039986066","2113266120","0.166667"
"2113266120","2039986066","0.166667"
"2039986066","2136136174","2.55311"
"2136136174","2039986066","2.55311"
"2039986066","2765667105","0.166667"
"2765667105","2039986066","0.166667"
"2113266120","2136136174","0.79"
"2136136174","2113266120","0.79"
"2113266120","2157337727","0.456667"
"2157337727","2113266120","0.456667"
"2136136174","2765667105","0.166667"
"2765667105","2136136174","0.166667"
"2157337727","2765667105","0.166667"
"2765667105","2157337727","0.166667"
"1468986134","2411354024","0.333333"
"2411354024","1468986134","0.333333"
"2136136174","2411354024","0.47619"
"2411354024","2136136174","0.47619"
"2136136174","24446071","1.11026"
"24446071","2136136174","1.11026"
"2411354024","24446071","0.333333"
"24446071","2411354024","0.333333"
"1468986134","1990188874","0.0769231"
"1990188874","1468986134","0.0769231"
"1468986134","2047074192","0.0769231"
"2047074192","1468986134","0.0769231"
"1468986134","2157597875","0.0769231"
"2157597875","1468986134","0.0769231"
"1468986134","2545457694","0.0769231"
"2545457694","1468986134","0.0769231"
"1550000763","1990188874","2.07692"
"1990188874","1550000763","2.07692"
"1550000763","2047074192","1.91026"
"2047074192","1550000763","1.91026"
"1550000763","2108554506","1.11692"
"2108554506","1550000763","1.11692"
"1550000763","2405832514","0.0769231"
"2405832514","1550000763","0.0769231"
"1990188874","2039986066","0.410256"
"2039986066","1990188874","0.410256"
"1990188874","2047074192","3.66026"
"2047074192","1990188874","3.66026"
"1990188874","2071869991","6.91026"
"2071869991","1990188874","6.91026"
"1990188874","2108554506","0.0769231"
"2108554506","1990188874","0.0769231"
"1990188874","2157337727","0.0769231"
"2157337727","1990188874","0.0769231"
"1990188874","2157597875","4.11026"
"2157597875","1990188874","4.11026"
"1990188874","2211757780","0.0769231"
"2211757780","1990188874","0.0769231"
"1990188874","2405832514","0.0769231"
"2405832514","1990188874","0.0769231"
"1990188874","24446071","0.276923"
"24446071","1990188874","0.276923"
"1990188874","2545457694","1.07692"
"2545457694","1990188874","1.07692"
"2039986066","2047074192","1.07692"
"2047074192","2039986066","1.07692"
"2039986066","2071869991","1.55311"
"2071869991","2039986066","1.55311"
"2039986066","2108554506","1.07692"
"2108554506","2039986066","1.07692"
"2039986066","2157597875","0.0769231"
"2157597875","2039986066","0.0769231"
"2047074192","2108554506","0.0769231"
"2108554506","2047074192","0.0769231"
"2047074192","2157337727","0.0769231"
"2157337727","2047074192","0.0769231"
"2047074192","2211757780","0.0769231"
"2211757780","2047074192","0.0769231"
"2047074192","2405832514","0.0769231"
"2405832514","2047074192","0.0769231"
"2047074192","24446071","0.0769231"
"24446071","2047074192","0.0769231"
"2047074192","2545457694","0.0769231"
"2545457694","2047074192","0.0769231"
"2071869991","2211757780","0.0769231"
"2211757780","2071869991","0.0769231"
"2071869991","24446071","0.0769231"
"24446071","2071869991","0.0769231"
"2071869991","2545457694","0.326923"
"2545457694","2071869991","0.326923"
"2108554506","2211757780","9.86026"
"2211757780","2108554506","9.86026"
"2108554506","24446071","0.0769231"
"24446071","2108554506","0.0769231"
"2108554506","2545457694","0.826923"
"2545457694","2108554506","0.826923"
"2136136174","2211757780","0.0769231"
"2211757780","2136136174","0.0769231"
"2136136174","2405832514","0.0769231"
"2405832514","2136136174","0.0769231"
"2136136174","2545457694","0.0769231"
"2545457694","2136136174","0.0769231"
"2157597875","2211757780","0.0769231"
"2211757780","2157597875","0.0769231"
"2157597875","2405832514","0.0769231"
"2405832514","2157597875","0.0769231"
"2157597875","24446071","0.276923"
"24446071","2157597875","0.276923"
"2157597875","2545457694","0.0769231"
"2545457694","2157597875","0.0769231"
"2211757780","24446071","0.0769231"
"24446071","2211757780","0.0769231"
"24446071","2545457694","0.0769231"
"2545457694","24446071","0.0769231"
"1468986134","2029827226","0.2"
"2029827226","1468986134","0.2"
"1468986134","2061604051","0.0909091"
"2061604051","1468986134","0.0909091"
"1468986134","2085955149","0.0909091"
"2085955149","1468986134","0.0909091"
"1468986134","2143977969","0.0909091"
"2143977969","1468986134","0.0909091"
"1468986134","2474559148","0.0909091"
"2474559148","1468986134","0.0909091"
"1529733883","2061604051","1.59091"
"2061604051","1529733883","1.59091"
"1529733883","2085955149","0.257576"
"2085955149","1529733883","0.257576"
"1529733883","2107906795","0.464242"
"2107906795","1529733883","0.464242"
"1529733883","2143977969","1.09091"
"2143977969","1529733883","1.09091"
"1529733883","2152065333","0.297576"
"2152065333","1529733883","0.297576"
"1529733883","2474559148","0.0909091"
"2474559148","1529733883","0.0909091"
"1968592516","2039986066","0.0909091"
"2039986066","1968592516","0.0909091"
"1968592516","2061604051","2.04091"
"2061604051","1968592516","2.04091"
"1968592516","2085955149","1.29091"
"2085955149","1968592516","1.29091"
"1968592516","2143977969","0.0909091"
"2143977969","1968592516","0.0909091"
"1968592516","2474559148","0.0909091"
"2474559148","1968592516","0.0909091"
"1975290931","2039986066","0.0909091"
"2039986066","1975290931","0.0909091"
"1975290931","2061604051","0.0909091"
"2061604051","1975290931","0.0909091"
"1975290931","2085955149","3.59091"
"2085955149","1975290931","3.59091"
"1975290931","2107906795","0.0909091"
"2107906795","1975290931","0.0909091"
"1975290931","2143977969","0.0909091"
"2143977969","1975290931","0.0909091"
"1975290931","2474559148","0.0909091"
"2474559148","1975290931","0.0909091"
"2039986066","2061604051","0.424242"
"2061604051","2039986066","0.424242"
"2039986066","2085955149","0.590909"
"2085955149","2039986066","0.590909"
"2039986066","2107906795","1.59091"
"2107906795","2039986066","1.59091"
"2039986066","2143977969","0.0909091"
"2143977969","2039986066","0.0909091"
"2039986066","2152065333","4.09091"
"2152065333","2039986066","4.09091"
"2039986066","2474559148","0.0909091"
