"1500670950","2072273451","1.83333"
"2072273451","1500670950","1.83333"
"1500670950","1638038541","0.333333"
"1638038541","1500670950","0.333333"
"1500670950","1964960762","0.333333"
"1964960762","1500670950","0.333333"
"1500670950","2128377844","0.333333"
"2128377844","1500670950","0.333333"
"1638038541","1964960762","0.533333"
"1964960762","1638038541","0.533333"
"1638038541","2128377844","4.11667"
"2128377844","1638038541","4.11667"
"1964960762","2128377844","4.25119"
"2128377844","1964960762","4.25119"
"1500670950","2050132334","0.833333"
"2050132334","1500670950","0.833333"
"2050132334","2072273451","11.2179"
"2072273451","2050132334","11.2179"
"1500670950","2055990832","0.333333"
"2055990832","1500670950","0.333333"
"2050132334","2055990832","0.583333"
"2055990832","2050132334","0.583333"
"2055990832","2072273451","2.33333"
"2072273451","2055990832","2.33333"
"1515722984","1824983686","0.7"
"1824983686","1515722984","0.7"
"1515722984","2759430372","0.5"
"2759430372","1515722984","0.5"
"1824983686","2759430372","1"
"2759430372","1824983686","1"
"1515722984","1638038541","0.2"
"1638038541","1515722984","0.2"
"1515722984","2072273451","0.2"
"2072273451","1515722984","0.2"
"1515722984","2132462718","0.2"
"2132462718","1515722984","0.2"
"1515722984","2565961899","0.2"
"2565961899","1515722984","0.2"
"1638038541","1824983686","2.2"
"1824983686","1638038541","2.2"
"1638038541","2072273451","0.7"
"2072273451","1638038541","0.7"
"1638038541","2132462718","0.2"
"2132462718","1638038541","0.2"
"1638038541","2565961899","6.48333"
"2565961899","1638038541","6.48333"
"1824983686","2072273451","8.53333"
"2072273451","1824983686","8.53333"
"1824983686","2132462718","0.45"
"2132462718","1824983686","0.45"
"1824983686","2565961899","0.2"
"2565961899","1824983686","0.2"
"2072273451","2132462718","0.783333"
"2132462718","2072273451","0.783333"
"2072273451","2565961899","0.825"
"2565961899","2072273451","0.825"
"2132462718","2565961899","0.2"
"2565961899","2132462718","0.2"
"1529542060","2058983224","3.76667"
"2058983224","1529542060","3.76667"
"1529542060","2072273451","1.73333"
"2072273451","1529542060","1.73333"
"1529542060","2106852298","1.68333"
"2106852298","1529542060","1.68333"
"2058983224","2072273451","6.57619"
"2072273451","2058983224","6.57619"
"2058983224","2106852298","10.0262"
"2106852298","2058983224","10.0262"
"2072273451","2106852298","13.1595"
"2106852298","2072273451","13.1595"
"1529542060","1770095230","0.616667"
"1770095230","1529542060","0.616667"
"1529542060","1964960762","1.01667"
"1964960762","1529542060","1.01667"
"1529542060","2131338307","4.93333"
"2131338307","1529542060","4.93333"
"1770095230","1964960762","2.21786"
"1964960762","1770095230","2.21786"
"1770095230","2058983224","5.30119"
"2058983224","1770095230","5.30119"
"1770095230","2106852298","33.9679"
"2106852298","1770095230","33.9679"
"1770095230","2131338307","11.7179"
"2131338307","1770095230","11.7179"
"1964960762","2058983224","5.10952"
"2058983224","1964960762","5.10952"
"1964960762","2106852298","3.52619"
"2106852298","1964960762","3.52619"
"1964960762","2131338307","4.40952"
"2131338307","1964960762","4.40952"
"2058983224","2131338307","15.6595"
"2131338307","2058983224","15.6595"
"2106852298","2131338307","5.07619"
"2131338307","2106852298","5.07619"
"1529542060","2050132334","2.25"
"2050132334","1529542060","2.25"
"1770095230","2050132334","5.85119"
"2050132334","1770095230","5.85119"
"1964960762","2050132334","3.55119"
"2050132334","1964960762","3.55119"
"2050132334","2058983224","2.05119"
"2058983224","2050132334","2.05119"
"2050132334","2106852298","10.8012"
"2106852298","2050132334","10.8012"
"2050132334","2131338307","2.35119"
"2131338307","2050132334","2.35119"
"1529542060","2055990832","0.25"
"2055990832","1529542060","0.25"
"1964960762","2055990832","0.25"
"2055990832","1964960762","0.25"
"2055990832","2058983224","0.25"
"2058983224","2055990832","0.25"
"1964960762","2072273451","2.65952"
"2072273451","1964960762","2.65952"
"2072273451","2131338307","1.87619"
"2131338307","2072273451","1.87619"
"1529542060","2128377844","0.25"
"2128377844","1529542060","0.25"
"2050132334","2128377844","2.46786"
"2128377844","2050132334","2.46786"
"2058983224","2128377844","2.80119"
"2128377844","2058983224","2.80119"
"2106852298","2128377844","2.71786"
"2128377844","2106852298","2.71786"
"1529542060","1824983686","0.25"
"1824983686","1529542060","0.25"
"1529542060","273556584","0.25"
"273556584","1529542060","0.25"
"1770095230","1824983686","0.5"
"1824983686","1770095230","0.5"
"1770095230","273556584","0.833333"
"273556584","1770095230","0.833333"
"1824983686","2050132334","7.25"
"2050132334","1824983686","7.25"
"1824983686","273556584","0.416667"
"273556584","1824983686","0.416667"
"2050132334","273556584","0.5"
"273556584","2050132334","0.5"
"1638038541","2383245299","9.28333"
"2383245299","1638038541","9.28333"
"1638038541","2131338307","0.5"
"2131338307","1638038541","0.5"
"2131338307","2383245299","0.5"
"2383245299","2131338307","0.5"
"2128377844","2383245299","0.783333"
"2383245299","2128377844","0.783333"
"2128377844","2565961899","1.78333"
"2565961899","2128377844","1.78333"
"2383245299","2565961899","4.78333"
"2565961899","2383245299","4.78333"
"1638038541","2565029122","1.45"
"2565029122","1638038541","1.45"
"2128377844","2565029122","0.45"
"2565029122","2128377844","0.45"
"2383245299","2565029122","0.45"
"2565029122","2383245299","0.45"
"2565029122","2565961899","0.45"
"2565961899","2565029122","0.45"
"1964960762","2383245299","0.2"
"2383245299","1964960762","0.2"
"1964960762","2565029122","0.2"
"2565029122","1964960762","0.2"
"1964960762","2565961899","0.325"
"2565961899","1964960762","0.325"
"1638038541","2106852298","1"
"2106852298","1638038541","1"
"1770095230","2128377844","2.10119"
"2128377844","1770095230","2.10119"
"1964960762","273556584","0.25"
"273556584","1964960762","0.25"
"2128377844","2131338307","1.10119"
"2131338307","2128377844","1.10119"
"2128377844","273556584","0.25"
"273556584","2128377844","0.25"
"2131338307","273556584","0.25"
"273556584","2131338307","0.25"
"1770095230","2132462718","1.5"
"2132462718","1770095230","1.5"
"2106852298","2132462718","1.83333"
"2132462718","2106852298","1.83333"
"1770095230","2072273451","10.1012"
"2072273451","1770095230","10.1012"
"2072273451","2128377844","3.80119"
"2128377844","2072273451","3.80119"
"1770095230","2368383431","3.5"
"2368383431","1770095230","3.5"
"2058983224","2368383431","0.791667"
"2368383431","2058983224","0.791667"
"2058983224","273556584","0.5"
"273556584","2058983224","0.5"
"2368383431","273556584","0.5"
"273556584","2368383431","0.5"
"1770095230","2129105768","0.291667"
"2129105768","1770095230","0.291667"
"2058983224","2129105768","0.583333"
"2129105768","2058983224","0.583333"
"2072273451","2129105768","0.833333"
"2129105768","2072273451","0.833333"
"2072273451","2368383431","2.29167"
"2368383431","2072273451","2.29167"
"2128377844","2129105768","0.291667"
"2129105768","2128377844","0.291667"
"2128377844","2368383431","0.166667"
"2368383431","2128377844","0.166667"
"2129105768","2131338307","0.416667"
"2131338307","2129105768","0.416667"
"2129105768","2368383431","0.958333"
"2368383431","2129105768","0.958333"
"2131338307","2368383431","0.291667"
"2368383431","2131338307","0.291667"
"1964960762","2129105768","0.25"
"2129105768","1964960762","0.25"
"2050132334","2129105768","1.375"
"2129105768","2050132334","1.375"
"2106852298","2129105768","1.16667"
"2129105768","2106852298","1.16667"
"1824983686","2106852298","3.08333"
"2106852298","1824983686","3.08333"
"1770095230","2763783270","0.5"
"2763783270","1770095230","0.5"
"2106852298","2763783270","2.125"
"2763783270","2106852298","2.125"
"1824983686","1964960762","0.666667"
"1964960762","1824983686","0.666667"
"1824983686","2131338307","0.666667"
"2131338307","1824983686","0.666667"
"1824983686","2128377844","1.08333"
"2128377844","1824983686","1.08333"
"1824983686","2368383431","1"
"2368383431","1824983686","1"
"2050132334","2368383431","1.33333"
"2368383431","2050132334","1.33333"
"2050132334","2132462718","0.583333"
"2132462718","2050132334","0.583333"
"2128377844","2132462718","1.25"
"2132462718","2128377844","1.25"
"1824983686","2058983224","0.333333"
"2058983224","1824983686","0.333333"
"1824983686","2129105768","0.166667"
"2129105768","1824983686","0.166667"
"2072273451","273556584","1.41667"
"273556584","2072273451","1.41667"
"2106852298","2368383431","5.29167"
"2368383431","2106852298","5.29167"
"2106852298","273556584","2.41667"
"273556584","2106852298","2.41667"
"2129105768","273556584","0.416667"
"273556584","2129105768","0.416667"
"1824983686","2763783270","0.5"
"2763783270","1824983686","0.5"
"2759430372","2763783270","3"
"2763783270","2759430372","3"
"1964960762","2368383431","0.125"
"2368383431","1964960762","0.125"
"1964960762","2763783270","0.125"
"2763783270","1964960762","0.125"
"2058983224","2565961899","0.125"
"2565961899","2058983224","0.125"
"2058983224","2763783270","0.125"
"2763783270","2058983224","0.125"
"2072273451","2763783270","0.125"
"2763783270","2072273451","0.125"
"2106852298","2565961899","0.125"
"2565961899","2106852298","0.125"
"2129105768","2565961899","0.125"
"2565961899","2129105768","0.125"
"2129105768","2763783270","0.125"
"2763783270","2129105768","0.125"
"2131338307","2565961899","0.125"
"2565961899","2131338307","0.125"
"2131338307","2763783270","0.125"
"2763783270","2131338307","0.125"
"2368383431","2565961899","0.125"
"2565961899","2368383431","0.125"
"2368383431","2763783270","2.125"
"2763783270","2368383431","2.125"
"2565961899","2763783270","0.125"
"2763783270","2565961899","0.125"
"2050132334","2759430372","1"
"2759430372","2050132334","1"
"2122662649","2131338307","1"
"2131338307","2122662649","1"
"2368383431","2759430372","0.5"
"2759430372","2368383431","0.5"
