"1005647641","1490527255","1.20985"
"1490527255","1005647641","1.20985"
"1005647641","1606299898","0.744967"
"1606299898","1005647641","0.744967"
"1005647641","1625470351","2.84734"
"1625470351","1005647641","2.84734"
"1005647641","1632903676","0.323907"
"1632903676","1005647641","0.323907"
"1005647641","1661225639","2.43424"
"1661225639","1005647641","2.43424"
"1005647641","1662117473","0.28687"
"1662117473","1005647641","0.28687"
"1005647641","1761689865","1.20985"
"1761689865","1005647641","1.20985"
"1005647641","1798148814","1.28296"
"1798148814","1005647641","1.28296"
"1005647641","1816699020","0.230834"
"1816699020","1005647641","0.230834"
"1005647641","1821973331","1.8524"
"1821973331","1005647641","1.8524"
"1005647641","1892190203","3.05188"
"1892190203","1005647641","3.05188"
"1005647641","1900866225","1.46025"
"1900866225","1005647641","1.46025"
"1005647641","1909570134","1.20985"
"1909570134","1005647641","1.20985"
"1005647641","1918294184","1.20985"
"1918294184","1005647641","1.20985"
"1005647641","1932296827","0.323907"
"1932296827","1005647641","0.323907"
"1005647641","1948936057","2.97234"
"1948936057","1005647641","2.97234"
"1005647641","2098060344","0.323907"
"2098060344","1005647641","0.323907"
"1005647641","2103406421","1.39775"
"2103406421","1005647641","1.39775"
"1005647641","2112788210","1.29914"
"2112788210","1005647641","1.29914"
"1005647641","2115314519","3.09734"
"2115314519","1005647641","3.09734"
"1005647641","2131657891","0.28687"
"2131657891","1005647641","0.28687"
"1005647641","2134006990","1.20985"
"2134006990","1005647641","1.20985"
"1005647641","2147441052","1.55527"
"2147441052","1005647641","1.55527"
"1005647641","2152352243","1.61409"
"2152352243","1005647641","1.61409"
"1005647641","2160633857","1.39775"
"2160633857","1005647641","1.39775"
"1005647641","2167664085","1.34914"
"2167664085","1005647641","1.34914"
"1005647641","2168473279","1.30152"
"2168473279","1005647641","1.30152"
"1005647641","2170010740","1.18989"
"2170010740","1005647641","1.18989"
"1005647641","2598203034","2.99972"
"2598203034","1005647641","2.99972"
"1490527255","1606299898","1.60568"
"1606299898","1490527255","1.60568"
"1490527255","1625470351","1.47219"
"1625470351","1490527255","1.47219"
"1490527255","1632903676","0.188403"
"1632903676","1490527255","0.188403"
"1490527255","1661225639","1.38712"
"1661225639","1490527255","1.38712"
"1490527255","1662117473","0.0799373"
"1662117473","1490527255","0.0799373"
"1490527255","1761689865","1.82825"
"1761689865","1490527255","1.82825"
"1490527255","1798148814","1.02603"
"1798148814","1490527255","1.02603"
"1490527255","1816699020","0.0715198"
"1816699020","1490527255","0.0715198"
"1490527255","1821973331","1.09746"
"1821973331","1490527255","1.09746"
"1490527255","1892190203","1.1644"
"1892190203","1490527255","1.1644"
"1490527255","1900866225","2.63734"
"1900866225","1490527255","2.63734"
"1490527255","1909570134","1.82825"
"1909570134","1490527255","1.82825"
"1490527255","1918294184","1.82825"
"1918294184","1490527255","1.82825"
"1490527255","1932296827","0.116974"
"1932296827","1490527255","0.116974"
"1490527255","1948936057","1.20985"
"1948936057","1490527255","1.20985"
"1490527255","2098060344","0.116974"
"2098060344","1490527255","0.116974"
"1490527255","2103406421","1.76575"
"2103406421","1490527255","1.76575"
"1490527255","2112788210","3.41158"
"2112788210","1490527255","3.41158"
"1490527255","2115314519","1.28128"
"2115314519","1490527255","1.28128"
"1490527255","2131657891","0.0799373"
"2131657891","1490527255","0.0799373"
"1490527255","2134006990","3.41158"
"2134006990","1490527255","3.41158"
"1490527255","2147441052","0.787716"
"2147441052","1490527255","0.787716"
"1490527255","2152352243","0.787716"
"2152352243","1490527255","0.787716"
"1490527255","2160633857","1.76575"
"2160633857","1490527255","1.76575"
"1490527255","2167664085","1.5631"
"2167664085","1490527255","1.5631"
"1490527255","2168473279","4.41158"
"2168473279","1490527255","4.41158"
"1490527255","2170010740","0.980573"
"2170010740","1490527255","0.980573"
"1490527255","2598203034","1.45314"
"2598203034","1490527255","1.45314"
"1606299898","1625470351","0.744967"
"1625470351","1606299898","0.744967"
"1606299898","1632903676","0.160806"
"1632903676","1606299898","0.160806"
"1606299898","1661225639","0.744967"
"1661225639","1606299898","0.744967"
"1606299898","1662117473","0.290435"
"1662117473","1606299898","0.290435"
"1606299898","1761689865","0.605681"
"1761689865","1606299898","0.605681"
"1606299898","1798148814","0.744967"
"1798148814","1606299898","0.744967"
"1606299898","1816699020","0.279853"
"1816699020","1606299898","0.279853"
"1606299898","1821973331","3.74497"
"1821973331","1606299898","3.74497"
"1606299898","1892190203","0.911634"
"1892190203","1606299898","0.911634"
"1606299898","1900866225","0.744967"
"1900866225","1606299898","0.744967"
"1606299898","1909570134","0.605681"
"1909570134","1606299898","0.605681"
"1606299898","1918294184","0.605681"
"1918294184","1606299898","0.605681"
"1606299898","1932296827","0.160806"
"1932296827","1606299898","0.160806"
"1606299898","1948936057","1.91163"
"1948936057","1606299898","1.91163"
"1606299898","2098060344","0.160806"
"2098060344","1606299898","0.160806"
"1606299898","2103406421","0.744967"
"2103406421","1606299898","0.744967"
"1606299898","2112788210","0.694967"
"2112788210","1606299898","0.694967"
"1606299898","2115314519","0.911634"
"2115314519","1606299898","0.911634"
"1606299898","2131657891","0.123768"
"2131657891","1606299898","0.123768"
"1606299898","2134006990","0.605681"
"2134006990","1606299898","0.605681"
"1606299898","2147441052","0.60211"
"2147441052","1606299898","0.60211"
"1606299898","2152352243","0.60211"
"2152352243","1606299898","0.60211"
"1606299898","2160633857","0.744967"
"2160633857","1606299898","0.744967"
"1606299898","2167664085","0.744967"
"2167664085","1606299898","0.744967"
"1606299898","2168473279","0.697348"
"2168473279","1606299898","0.697348"
"1606299898","2170010740","0.864015"
"2170010740","1606299898","0.864015"
"1606299898","2598203034","0.744967"
"2598203034","1606299898","0.744967"
"1625470351","1632903676","0.895336"
"1632903676","1625470351","0.895336"
"1625470351","1661225639","2.52515"
"1661225639","1625470351","2.52515"
"1625470351","1662117473","0.397981"
"1662117473","1625470351","0.397981"
"1625470351","1761689865","1.47219"
"1761689865","1625470351","1.47219"
"1625470351","1798148814","1.39407"
"1798148814","1625470351","1.39407"
"1625470351","1816699020","0.341945"
"1816699020","1625470351","0.341945"
"1625470351","1821973331","2.42383"
"1821973331","1625470351","2.42383"
"1625470351","1892190203","2.913"
"1892190203","1625470351","2.913"
"1625470351","1900866225","1.53168"
"1900866225","1625470351","1.53168"
"1625470351","1909570134","1.47219"
"1909570134","1625470351","1.47219"
"1625470351","1918294184","1.47219"
"1918294184","1625470351","1.47219"
"1625470351","1932296827","0.435018"
"1932296827","1625470351","0.435018"
"1625470351","1948936057","2.83345"
"1948936057","1625470351","2.83345"
"1625470351","2098060344","0.323907"
"2098060344","1625470351","0.323907"
"1625470351","2103406421","1.66009"
"2103406421","1625470351","1.66009"
"1625470351","2112788210","1.56147"
"2112788210","1625470351","1.56147"
"1625470351","2115314519","3.02988"
"2115314519","1625470351","3.02988"
"1625470351","2131657891","0.397981"
"2131657891","1625470351","0.397981"
"1625470351","2134006990","1.47219"
"2134006990","1625470351","1.47219"
"1625470351","2147441052","1.55527"
"2147441052","1625470351","1.55527"
"1625470351","2152352243","2.61409"
"2152352243","1625470351","2.61409"
"1625470351","2160633857","1.66009"
"2160633857","1625470351","1.66009"
"1625470351","2167664085","1.61147"
"2167664085","1625470351","1.61147"
"1625470351","2168473279","1.56386"
"2168473279","1625470351","1.56386"
"1625470351","2170010740","1.301"
"2170010740","1625470351","1.301"
"1625470351","2598203034","3.74972"
"2598203034","1625470351","3.74972"
"1632903676","1661225639","0.160806"
"1661225639","1632903676","0.160806"
"1632903676","1662117473","0.28687"
"1662117473","1632903676","0.28687"
"1632903676","1761689865","0.188403"
"1761689865","1632903676","0.188403"
"1632903676","1798148814","0.323907"
"1798148814","1632903676","0.323907"
"1632903676","1816699020","0.230834"
"1816699020","1632903676","0.230834"
"1632903676","1821973331","8.39534"
"1821973331","1632903676","8.39534"
"1632903676","1892190203","0.278453"
"1892190203","1632903676","0.278453"
"1632903676","1900866225","0.277689"
"1900866225","1632903676","0.277689"
"1632903676","1909570134","0.188403"
"1909570134","1632903676","0.188403"
"1632903676","1918294184","0.188403"
"1918294184","1632903676","0.188403"
"1632903676","1932296827","0.323907"
"1932296827","1632903676","0.323907"
"1632903676","1948936057","0.323907"
"1948936057","1632903676","0.323907"
"1632903676","2098060344","9.32391"
"2098060344","1632903676","9.32391"
"1632903676","2103406421","0.277689"
"2103406421","1632903676","0.277689"
"1632903676","2112788210","0.277689"
"2112788210","1632903676","0.277689"
"1632903676","2115314519","1.062"
"2115314519","1632903676","1.062"
"1632903676","2131657891","0.28687"
"2131657891","1632903676","0.28687"
"1632903676","2134006990","0.188403"
"2134006990","1632903676","0.188403"
"1632903676","2147441052","0.219629"
"2147441052","1632903676","0.219629"
"1632903676","2152352243","0.278453"
"2152352243","1632903676","0.278453"
"1632903676","2160633857","0.277689"
"2160633857","1632903676","0.277689"
"1632903676","2167664085","0.277689"
"2167664085","1632903676","0.277689"
"1632903676","2168473279","0.23007"
"2168473279","1632903676","0.23007"
"1632903676","2170010740","2.23083"
"2170010740","1632903676","2.23083"
"1632903676","2598203034","6.82391"
"2598203034","1632903676","6.82391"
"1661225639","1662117473","1.12377"
"1662117473","1661225639","1.12377"
"1661225639","1761689865","1.38712"
"1761689865","1661225639","1.38712"
"1661225639","1798148814","1.06986"
"1798148814","1661225639","1.06986"
"1661225639","1816699020","0.113186"
"1816699020","1661225639","0.113186"
"1661225639","1821973331","1.6393"
"1821973331","1661225639","1.6393"
"1661225639","1892190203","2.43424"
"1892190203","1661225639","2.43424"
"1661225639","1900866225","2.54661"
"1900866225","1661225639","2.54661"
"1661225639","1909570134","1.38712"
"1909570134","1661225639","1.38712"
"1661225639","1918294184","1.38712"
"1918294184","1661225639","1.38712"
"1661225639","1932296827","0.342624"
"1932296827","1661225639","0.342624"
"1661225639","1948936057","2.49106"
"1948936057","1661225639","2.49106"
"1661225639","2098060344","0.160806"
"2098060344","1661225639","0.160806"
"1661225639","2103406421","1.75684"
"2103406421","1661225639","1.75684"
"1661225639","2112788210","1.47641"
"2112788210","1661225639","1.47641"
"1661225639","2115314519","2.43424"
"2115314519","1661225639","2.43424"
"1661225639","2131657891","0.123768"
"2131657891","1661225639","0.123768"
"1661225639","2134006990","1.38712"
"2134006990","1661225639","1.38712"
"1661225639","2147441052","1.44645"
"2147441052","1661225639","1.44645"
"1661225639","2152352243","1.44645"
"2152352243","1661225639","1.44645"
"1661225639","2160633857","1.75684"
"2160633857","1661225639","1.75684"
"1661225639","2167664085","1.52641"
"2167664085","1661225639","1.52641"
"1661225639","2168473279","1.66061"
"2168473279","1661225639","1.66061"
"1661225639","2170010740","1.02224"
"2170010740","1661225639","1.02224"
"1661225639","2598203034","2.88662"
"2598203034","1661225639","2.88662"
"1662117473","1761689865","0.0799373"
"1761689865","1662117473","0.0799373"
"1662117473","1798148814","0.397981"
"1798148814","1662117473","0.397981"
"1662117473","1816699020","0.971574"
"1816699020","1662117473","0.971574"
"1662117473","1821973331","0.28687"
"1821973331","1662117473","0.28687"
"1662117473","1892190203","0.519193"
"1892190203","1662117473","0.519193"
"1662117473","1900866225","0.169223"
"1900866225","1662117473","0.169223"
"1662117473","1909570134","0.0799373"
"1909570134","1662117473","0.0799373"
"1662117473","1918294184","0.0799373"
"1918294184","1662117473","0.0799373"
"1662117473","1932296827","0.397981"
"1932296827","1662117473","0.397981"
"1662117473","1948936057","0.564648"
"1948936057","1662117473","0.564648"
"1662117473","2098060344","0.28687"
"2098060344","1662117473","0.28687"
"1662117473","2103406421","0.169223"
"2103406421","1662117473","0.169223"
"1662117473","2112788210","0.169223"
"2112788210","1662117473","0.169223"
"1662117473","2115314519","0.564648"
"2115314519","1662117473","0.564648"
"1662117473","2131657891","0.397981"
"2131657891","1662117473","0.397981"
"1662117473","2134006990","0.0799373"
"2134006990","1662117473","0.0799373"
"1662117473","2147441052","0.182592"
"2147441052","1662117473","0.182592"
"1662117473","2152352243","0.241416"
"2152352243","1662117473","0.241416"
"1662117473","2160633857","0.169223"
"2160633857","1662117473","0.169223"
"1662117473","2167664085","0.169223"
"2167664085","1662117473","0.169223"
"1662117473","2168473279","0.121604"
"2168473279","1662117473","0.121604"
"1662117473","2170010740","0.971574"
"2170010740","1662117473","0.971574"
"1662117473","2598203034","0.28687"
"2598203034","1662117473","0.28687"
"1761689865","1798148814","1.02603"
"1798148814","1761689865","1.02603"
"1761689865","1816699020","0.0715198"
"1816699020","1761689865","0.0715198"
"1761689865","1821973331","1.09746"
"1821973331","1761689865","1.09746"
"1761689865","1892190203","1.1644"
"1892190203","1761689865","1.1644"
"1761689865","1900866225","1.63734"
"1900866225","1761689865","1.63734"
"1761689865","1909570134","1.82825"
"1909570134","1761689865","1.82825"
"1761689865","1918294184","1.82825"
"1918294184","1761689865","1.82825"
"1761689865","1932296827","0.116974"
"1932296827","1761689865","0.116974"
"1761689865","1948936057","1.20985"
"1948936057","1761689865","1.20985"
"1761689865","2098060344","0.116974"
"2098060344","1761689865","0.116974"
"1761689865","2103406421","1.76575"
"2103406421","1761689865","1.76575"
"1761689865","2112788210","1.82825"
"2112788210","1761689865","1.82825"
"1761689865","2115314519","1.28128"
"2115314519","1761689865","1.28128"
"1761689865","2131657891","0.0799373"
"2131657891","1761689865","0.0799373"
"1761689865","2134006990","1.82825"
"2134006990","1761689865","1.82825"
"1761689865","2147441052","0.787716"
"2147441052","1761689865","0.787716"
"1761689865","2152352243","0.787716"
"2152352243","1761689865","0.787716"
"1761689865","2160633857","2.76575"
"2160633857","1761689865","2.76575"
"1761689865","2167664085","1.5631"
"2167664085","1761689865","1.5631"
"1761689865","2168473279","1.82825"
"2168473279","1761689865","1.82825"
"1761689865","2170010740","0.980573"
"2170010740","1761689865","0.980573"
"1761689865","2598203034","1.20314"
"2598203034","1761689865","1.20314"
"1798148814","1816699020","0.341945"
"1816699020","1798148814","0.341945"
"1798148814","1821973331","1.28296"
"1821973331","1798148814","1.28296"
"1798148814","1892190203","1.34862"
"1892190203","1798148814","1.34862"
"1798148814","1900866225","1.16531"
"1900866225","1798148814","1.16531"
"1798148814","1909570134","1.02603"
"1909570134","1798148814","1.02603"
"1798148814","1918294184","1.02603"
"1918294184","1798148814","1.02603"
"1798148814","1932296827","0.435018"
"1932296827","1798148814","0.435018"
"1798148814","1948936057","1.39407"
"1948936057","1798148814","1.39407"
"1798148814","2098060344","0.323907"
"2098060344","1798148814","0.323907"
"1798148814","2103406421","1.16531"
"2103406421","1798148814","1.16531"
"1798148814","2112788210","1.11531"
"2112788210","1798148814","1.11531"
"1798148814","2115314519","1.39407"
"2115314519","1798148814","1.39407"
"1798148814","2131657891","0.397981"
"2131657891","1798148814","0.397981"
"1798148814","2134006990","1.02603"
"2134006990","1798148814","1.02603"
"1798148814","2147441052","0.985825"
"2147441052","1798148814","0.985825"
"1798148814","2152352243","1.04465"
"2152352243","1798148814","1.04465"
"1798148814","2160633857","1.16531"
"2160633857","1798148814","1.16531"
"1798148814","2167664085","1.16531"
"2167664085","1798148814","1.16531"
"1798148814","2168473279","1.11769"
"2168473279","1798148814","1.11769"
"1798148814","2170010740","1.301"
"2170010740","1798148814","1.301"
"1798148814","2598203034","1.18534"
"2598203034","1798148814","1.18534"
"1816699020","1821973331","1.23083"
"1821973331","1816699020","1.23083"
"1816699020","1892190203","0.508611"
"1892190203","1816699020","0.508611"
"1816699020","1900866225","0.113186"
"1900866225","1816699020","0.113186"
"1816699020","1909570134","0.0715198"
"1909570134","1816699020","0.0715198"
"1816699020","1918294184","0.0715198"
"1918294184","1816699020","0.0715198"
"1816699020","1932296827","0.341945"
"1932296827","1816699020","0.341945"
"1816699020","1948936057","0.508611"
"1948936057","1816699020","0.508611"
"1816699020","2098060344","0.230834"
"2098060344","1816699020","0.230834"
"1816699020","2103406421","0.113186"
"2103406421","1816699020","0.113186"
"1816699020","2112788210","0.113186"
"2112788210","1816699020","0.113186"
"1816699020","2115314519","0.508611"
"2115314519","1816699020","0.508611"
"1816699020","2131657891","0.304908"
"2131657891","1816699020","0.304908"
"1816699020","2134006990","0.0715198"
"2134006990","1816699020","0.0715198"
"1816699020","2147441052","0.17201"
"2147441052","1816699020","0.17201"
"1816699020","2152352243","0.230834"
"2152352243","1816699020","0.230834"
"1816699020","2160633857","0.113186"
"2160633857","1816699020","0.113186"
"1816699020","2167664085","0.113186"
"2167664085","1816699020","0.113186"
"1816699020","2168473279","0.113186"
"2168473279","1816699020","0.113186"
"1816699020","2170010740","1.00861"
"2170010740","1816699020","1.00861"
"1816699020","2598203034","0.230834"
"2598203034","1816699020","0.230834"
"1821973331","1892190203","1.80695"
"1892190203","1821973331","1.80695"
"1821973331","1900866225","2.23674"
"1900866225","1821973331","2.23674"
"1821973331","1909570134","1.09746"
"1909570134","1821973331","1.09746"
"1821973331","1918294184","1.09746"
"1918294184","1821973331","1.09746"
"1821973331","1932296827","3.95526"
"1932296827","1821973331","3.95526"
"1821973331","1948936057","2.7274"
"1948936057","1821973331","2.7274"
"1821973331","2098060344","19.6219"
"2098060344","1821973331","19.6219"
"1821973331","2103406421","1.23674"
"2103406421","1821973331","1.23674"
"1821973331","2112788210","1.18674"
"2112788210","1821973331","1.18674"
"1821973331","2115314519","6.55518"
"2115314519","1821973331","6.55518"
"1821973331","2131657891","0.28687"
"2131657891","1821973331","0.28687"
"1821973331","2134006990","1.09746"
"2134006990","1821973331","1.09746"
"1821973331","2147441052","15.22"
"2147441052","1821973331","15.22"
"1821973331","2152352243","11.2454"
"2152352243","1821973331","11.2454"
"1821973331","2160633857","1.23674"
"2160633857","1821973331","1.23674"
"1821973331","2167664085","1.73674"
"2167664085","1821973331","1.73674"
"1821973331","2168473279","1.18912"
"2168473279","1821973331","1.18912"
"1821973331","2170010740","4.82124"
"2170010740","1821973331","4.82124"
"1821973331","2598203034","27.2548"
"2598203034","1821973331","27.2548"
"1892190203","1900866225","1.41479"
"1900866225","1892190203","1.41479"
"1892190203","1909570134","1.1644"
"1909570134","1892190203","1.1644"
"1892190203","1918294184","1.1644"
"1918294184","1892190203","1.1644"
"1892190203","1932296827","0.389564"
"1932296827","1892190203","0.389564"
"1892190203","1948936057","3.70466"
"1948936057","1892190203","3.70466"
"1892190203","2098060344","0.278453"
"2098060344","1892190203","0.278453"
"1892190203","2103406421","1.85229"
"2103406421","1892190203","1.85229"
"1892190203","2112788210","1.25368"
"2112788210","1892190203","1.25368"
"1892190203","2115314519","5.82966"
"2115314519","1892190203","5.82966"
"1892190203","2131657891","0.852527"
"2131657891","1892190203","0.852527"
"1892190203","2134006990","1.1644"
"2134006990","1892190203","1.1644"
"1892190203","2147441052","1.55527"
"2147441052","1892190203","1.55527"
"1892190203","2152352243","1.61409"
"2152352243","1892190203","1.61409"
"1892190203","2160633857","1.35229"
"2160633857","1892190203","1.35229"
"1892190203","2167664085","1.30368"
"2167664085","1892190203","1.30368"
"1892190203","2168473279","1.25606"
"2168473279","1892190203","1.25606"
"1892190203","2170010740","1.46766"
"2170010740","1892190203","1.46766"
"1892190203","2598203034","2.95427"
"2598203034","1892190203","2.95427"
"1900866225","1909570134","1.63734"
"1909570134","1900866225","1.63734"
"1900866225","1918294184","1.63734"
"1918294184","1900866225","1.63734"
"1900866225","1932296827","0.20626"
"1932296827","1900866225","0.20626"
"1900866225","1948936057","1.46025"
"1948936057","1900866225","1.46025"
"1900866225","2098060344","0.20626"
"2098060344","1900866225","0.20626"
"1900866225","2103406421","1.93635"
"2103406421","1900866225","1.93635"
"1900866225","2112788210","1.72663"
"2112788210","1900866225","1.72663"
"1900866225","2115314519","1.53168"
"2115314519","1900866225","1.53168"
"1900866225","2131657891","0.169223"
"2131657891","1900866225","0.169223"
"1900866225","2134006990","1.63734"
"2134006990","1900866225","1.63734"
"1900866225","2147441052","0.927002"
"2147441052","1900866225","0.927002"
"1900866225","2152352243","0.927002"
"2152352243","1900866225","0.927002"
"1900866225","2160633857","1.93635"
"2160633857","1900866225","1.93635"
"1900866225","2167664085","4.62259"
"2167664085","1900866225","4.62259"
"1900866225","2168473279","6.84012"
"2168473279","1900866225","6.84012"
"1900866225","2170010740","1.18335"
"2170010740","1900866225","1.18335"
"1900866225","2598203034","1.45354"
"2598203034","1900866225","1.45354"
"1909570134","1918294184","2.07825"
"1918294184","1909570134","2.07825"
"1909570134","1932296827","0.116974"
"1932296827","1909570134","0.116974"
"1909570134","1948936057","1.20985"
"1948936057","1909570134","1.20985"
"1909570134","2098060344","0.116974"
"2098060344","1909570134","0.116974"
"1909570134","2103406421","1.76575"
"2103406421","1909570134","1.76575"
"1909570134","2112788210","3.07825"
"2112788210","1909570134","3.07825"
"1909570134","2115314519","1.28128"
"2115314519","1909570134","1.28128"
"1909570134","2131657891","0.0799373"
"2131657891","1909570134","0.0799373"
"1909570134","2134006990","2.07825"
"2134006990","1909570134","2.07825"
"1909570134","2147441052","0.787716"
"2147441052","1909570134","0.787716"
"1909570134","2152352243","0.787716"
"2152352243","1909570134","0.787716"
"1909570134","2160633857","1.76575"
"2160633857","1909570134","1.76575"
"1909570134","2167664085","1.5631"
"2167664085","1909570134","1.5631"
"1909570134","2168473279","2.07825"
"2168473279","1909570134","2.07825"
"1909570134","2170010740","0.980573"
"2170010740","1909570134","0.980573"
"1909570134","2598203034","1.20314"
"2598203034","1909570134","1.20314"
"1918294184","1932296827","0.116974"
"1932296827","1918294184","0.116974"
"1918294184","1948936057","1.20985"
"1948936057","1918294184","1.20985"
"1918294184","2098060344","0.116974"
"2098060344","1918294184","0.116974"
"1918294184","2103406421","1.76575"
"2103406421","1918294184","1.76575"
"1918294184","2112788210","2.07825"
"2112788210","1918294184","2.07825"
"1918294184","2115314519","1.28128"
"2115314519","1918294184","1.28128"
"1918294184","2131657891","0.0799373"
"2131657891","1918294184","0.0799373"
"1918294184","2134006990","2.07825"
"2134006990","1918294184","2.07825"
"1918294184","2147441052","0.787716"
"2147441052","1918294184","0.787716"
"1918294184","2152352243","0.787716"
"2152352243","1918294184","0.787716"
"1918294184","2160633857","1.76575"
"2160633857","1918294184","1.76575"
"1918294184","2167664085","1.5631"
"2167664085","1918294184","1.5631"
"1918294184","2168473279","2.07825"
"2168473279","1918294184","2.07825"
"1918294184","2170010740","0.980573"
"2170010740","1918294184","0.980573"
"1918294184","2598203034","1.20314"
"2598203034","1918294184","1.20314"
"1932296827","1948936057","0.616836"
"1948936057","1932296827","0.616836"
"1932296827","2098060344","4.88859"
"2098060344","1932296827","4.88859"
"1932296827","2103406421","2.05474"
"2103406421","1932296827","2.05474"
"1932296827","2112788210","0.20626"
"2112788210","1932296827","0.20626"
"1932296827","2115314519","10.6997"
"2115314519","1932296827","10.6997"
"1932296827","2131657891","0.397981"
"2131657891","1932296827","0.397981"
"1932296827","2134006990","0.116974"
"2134006990","1932296827","0.116974"
"1932296827","2147441052","2.51764"
"2147441052","1932296827","2.51764"
"1932296827","2152352243","5.04314"
"2152352243","1932296827","5.04314"
"1932296827","2160633857","2.05474"
"2160633857","1932296827","2.05474"
"1932296827","2167664085","0.388078"
"2167664085","1932296827","0.388078"
"1932296827","2168473279","0.340459"
"2168473279","1932296827","0.340459"
"1932296827","2170010740","10.6066"
"2170010740","1932296827","10.6066"
"1932296827","2598203034","0.323907"
"2598203034","1932296827","0.323907"
"1948936057","2098060344","1.32391"
"2098060344","1948936057","1.32391"
"1948936057","2103406421","1.57957"
"2103406421","1948936057","1.57957"
"1948936057","2112788210","1.29914"
"2112788210","1948936057","1.29914"
"1948936057","2115314519","3.75012"
"2115314519","1948936057","3.75012"
"1948936057","2131657891","0.397981"
"2131657891","1948936057","0.397981"
"1948936057","2134006990","1.20985"
"2134006990","1948936057","1.20985"
"1948936057","2147441052","1.43027"
"2147441052","1948936057","1.43027"
"1948936057","2152352243","1.48909"
"2152352243","1948936057","1.48909"
"1948936057","2160633857","1.57957"
"2160633857","1948936057","1.57957"
"1948936057","2167664085","1.53096"
"2167664085","1948936057","1.53096"
"1948936057","2168473279","1.48334"
"2168473279","1948936057","1.48334"
"1948936057","2170010740","1.46766"
"2170010740","1948936057","1.46766"
"1948936057","2598203034","6.37472"
"2598203034","1948936057","6.37472"
"2098060344","2103406421","0.70626"
"2103406421","2098060344","0.70626"
"2098060344","2112788210","0.20626"
"2112788210","2098060344","0.20626"
"2098060344","2115314519","5.22192"
"2115314519","2098060344","5.22192"
"2098060344","2131657891","0.28687"
"2131657891","2098060344","0.28687"
"2098060344","2134006990","1.11697"
"2134006990","2098060344","1.11697"
"2098060344","2147441052","2.65098"
"2147441052","2098060344","2.65098"
"2098060344","2152352243","8.67647"
"2152352243","2098060344","8.67647"
"2098060344","2160633857","0.20626"
"2160633857","2098060344","0.20626"
"2098060344","2167664085","0.20626"
"2167664085","2098060344","0.20626"
"2098060344","2168473279","0.158641"
"2168473279","2098060344","0.158641"
"2098060344","2170010740","4.79552"
"2170010740","2098060344","4.79552"
"2098060344","2598203034","1.82391"
"2598203034","2098060344","1.82391"
"2103406421","2112788210","1.85504"
"2112788210","2103406421","1.85504"
"2103406421","2115314519","1.46918"
"2115314519","2103406421","1.46918"
"2103406421","2131657891","0.669223"
"2131657891","2103406421","0.669223"
"2103406421","2134006990","1.76575"
"2134006990","2103406421","1.76575"
"2103406421","2147441052","0.927002"
"2147441052","2103406421","0.927002"
"2103406421","2152352243","1.427"
"2152352243","2103406421","1.427"
"2103406421","2160633857","3.91324"
"2160633857","2103406421","3.91324"
"2103406421","2167664085","2.93281"
"2167664085","2103406421","2.93281"
"2103406421","2168473279","2.15035"
"2168473279","2103406421","2.15035"
"2103406421","2170010740","1.18335"
"2170010740","2103406421","1.18335"
"2103406421","2598203034","1.39104"
"2598203034","2103406421","1.39104"
"2112788210","2115314519","1.37057"
"2115314519","2112788210","1.37057"
"2112788210","2131657891","0.169223"
"2131657891","2112788210","0.169223"
"2112788210","2134006990","3.66158"
"2134006990","2112788210","3.66158"
"2112788210","2147441052","0.877002"
"2147441052","2112788210","0.877002"
"2112788210","2152352243","0.877002"
"2152352243","2112788210","0.877002"
"2112788210","2160633857","1.85504"
"2160633857","2112788210","1.85504"
"2112788210","2167664085","1.65238"
"2167664085","2112788210","1.65238"
"2112788210","2168473279","3.70325"
"2168473279","2112788210","3.70325"
"2112788210","2170010740","1.02224"
"2170010740","2112788210","1.02224"
"2112788210","2598203034","1.54243"
"2598203034","2112788210","1.54243"
"2115314519","2131657891","0.397981"
"2131657891","2115314519","0.397981"
"2115314519","2134006990","1.28128"
"2134006990","2115314519","1.28128"
"2115314519","2147441052","4.18662"
"2147441052","2115314519","4.18662"
"2115314519","2152352243","6.37878"
"2152352243","2115314519","6.37878"
"2115314519","2160633857","1.46918"
"2160633857","2115314519","1.46918"
"2115314519","2167664085","1.42057"
"2167664085","2115314519","1.42057"
"2115314519","2168473279","1.37295"
"2168473279","2115314519","1.37295"
"2115314519","2170010740","11.7323"
"2170010740","2115314519","11.7323"
"2115314519","2598203034","5.66639"
"2598203034","2115314519","5.66639"
"2131657891","2134006990","0.0799373"
"2134006990","2131657891","0.0799373"
"2131657891","2147441052","0.182592"
"2147441052","2131657891","0.182592"
"2131657891","2152352243","0.241416"
"2152352243","2131657891","0.241416"
"2131657891","2160633857","0.169223"
"2160633857","2131657891","0.169223"
"2131657891","2167664085","0.169223"
"2167664085","2131657891","0.169223"
"2131657891","2168473279","0.121604"
"2168473279","2131657891","0.121604"
"2131657891","2170010740","0.304908"
"2170010740","2131657891","0.304908"
"2131657891","2598203034","0.28687"
"2598203034","2131657891","0.28687"
"2134006990","2147441052","0.787716"
"2147441052","2134006990","0.787716"
"2134006990","2152352243","0.787716"
"2152352243","2134006990","0.787716"
"2134006990","2160633857","1.76575"
"2160633857","2134006990","1.76575"
"2134006990","2167664085","1.5631"
"2167664085","2134006990","1.5631"
"2134006990","2168473279","3.66158"
"2168473279","2134006990","3.66158"
"2134006990","2170010740","0.980573"
"2170010740","2134006990","0.980573"
"2134006990","2598203034","1.45314"
"2598203034","2134006990","1.45314"
"2147441052","2152352243","17.1866"
"2152352243","2147441052","17.1866"
"2147441052","2160633857","0.927002"
"2160633857","2147441052","0.927002"
"2147441052","2167664085","0.927002"
"2167664085","2147441052","0.927002"
"2147441052","2168473279","0.879383"
"2168473279","2147441052","0.879383"
"2147441052","2170010740","3.23622"
"2170010740","2147441052","3.23622"
"2147441052","2598203034","3.79098"
"2598203034","2147441052","3.79098"
"2152352243","2160633857","0.927002"
"2160633857","2152352243","0.927002"
"2152352243","2167664085","0.927002"
"2167664085","2152352243","0.927002"
"2152352243","2168473279","0.879383"
"2168473279","2152352243","0.879383"
"2152352243","2170010740","5.76171"
"2170010740","2152352243","5.76171"
"2152352243","2598203034","8.18314"
"2598203034","2152352243","8.18314"
"2160633857","2167664085","1.93281"
"2167664085","2160633857","1.93281"
"2160633857","2168473279","2.15035"
"2168473279","2160633857","2.15035"
"2160633857","2170010740","1.18335"
"2170010740","2160633857","1.18335"
"2160633857","2598203034","1.39104"
"2598203034","2160633857","1.39104"
"2167664085","2168473279","1.94769"
"2168473279","2167664085","1.94769"
"2167664085","2170010740","1.18335"
"2170010740","2167664085","1.18335"
"2167664085","2598203034","1.84243"
"2598203034","2167664085","1.84243"
"2168473279","2170010740","1.18335"
"2170010740","2168473279","1.18335"
"2168473279","2598203034","1.54481"
"2598203034","2168473279","1.54481"
"2170010740","2598203034","2.09227"
"2598203034","2170010740","2.09227"
"1005647641","1038576038","0.0588235"
"1038576038","1005647641","0.0588235"
"1005647641","1959903672","0.117647"
"1959903672","1005647641","0.117647"
"1038576038","1625470351","0.0588235"
"1625470351","1038576038","0.0588235"
"1038576038","1632903676","0.392157"
"1632903676","1038576038","0.392157"
"1038576038","1662117473","0.0588235"
"1662117473","1038576038","0.0588235"
"1038576038","1798148814","0.0588235"
"1798148814","1038576038","0.0588235"
"1038576038","1816699020","0.0588235"
"1816699020","1038576038","0.0588235"
"1038576038","1821973331","0.892157"
"1821973331","1038576038","0.892157"
"1038576038","1892190203","0.0588235"
"1892190203","1038576038","0.0588235"
"1038576038","1932296827","0.0588235"
"1932296827","1038576038","0.0588235"
"1038576038","1948936057","0.558824"
"1948936057","1038576038","0.558824"
"1038576038","1959903672","0.0588235"
"1959903672","1038576038","0.0588235"
"1038576038","2098060344","0.558824"
"2098060344","1038576038","0.558824"
"1038576038","2115314519","0.0588235"
"2115314519","1038576038","0.0588235"
"1038576038","2131657891","0.0588235"
"2131657891","1038576038","0.0588235"
"1038576038","2152352243","0.0588235"
"2152352243","1038576038","0.0588235"
"1038576038","2170010740","0.0588235"
"2170010740","1038576038","0.0588235"
"1038576038","2598203034","1.89216"
"2598203034","1038576038","1.89216"
"1625470351","1959903672","0.117647"
"1959903672","1625470351","0.117647"
"1632903676","1959903672","0.117647"
"1959903672","1632903676","0.117647"
"1662117473","1959903672","0.117647"
"1959903672","1662117473","0.117647"
"1798148814","1959903672","0.117647"
"1959903672","1798148814","0.117647"
"1816699020","1959903672","0.117647"
"1959903672","1816699020","0.117647"
"1821973331","1959903672","0.972806"
"1959903672","1821973331","0.972806"
"1892190203","1959903672","0.117647"
"1959903672","1892190203","0.117647"
"1932296827","1959903672","0.806139"
"1959903672","1932296827","0.806139"
"1948936057","1959903672","0.117647"
"1959903672","1948936057","0.117647"
"1959903672","2098060344","1.13947"
"2098060344","1959903672","1.13947"
"1959903672","2115314519","4.80614"
"2115314519","1959903672","4.80614"
"1959903672","2131657891","0.117647"
"2131657891","1959903672","0.117647"
"1959903672","2152352243","1.13947"
"2152352243","1959903672","1.13947"
"1959903672","2170010740","0.806139"
"2170010740","1959903672","0.806139"
"1959903672","2598203034","0.117647"
"2598203034","1959903672","0.117647"
"1959903672","2147441052","0.580649"
"2147441052","1959903672","0.580649"
"1005647641","2116765758","0.05"
"2116765758","1005647641","0.05"
"1005647641","2133043391","0.05"
"2133043391","1005647641","0.05"
"1005647641","2164115077","0.05"
"2164115077","1005647641","0.05"
"1606299898","2116765758","0.05"
"2116765758","1606299898","0.05"
"1606299898","2133043391","0.05"
"2133043391","1606299898","0.05"
"1606299898","2164115077","0.05"
"2164115077","1606299898","0.05"
"1625470351","2116765758","0.05"
"2116765758","1625470351","0.05"
"1625470351","2133043391","0.05"
"2133043391","1625470351","0.05"
"1625470351","2164115077","0.05"
"2164115077","1625470351","0.05"
"1661225639","2116765758","0.231818"
"2116765758","1661225639","0.231818"
"1661225639","2133043391","0.231818"
"2133043391","1661225639","0.231818"
"1661225639","2164115077","0.231818"
"2164115077","1661225639","0.231818"
"1798148814","2116765758","0.05"
"2116765758","1798148814","0.05"
"1798148814","2133043391","0.05"
"2133043391","1798148814","0.05"
"1798148814","2164115077","0.05"
"2164115077","1798148814","0.05"
"1821973331","2116765758","1.59563"
"2116765758","1821973331","1.59563"
"1821973331","2133043391","0.05"
"2133043391","1821973331","0.05"
"1821973331","2164115077","0.383333"
"2164115077","1821973331","0.383333"
"1892190203","2116765758","0.05"
"2116765758","1892190203","0.05"
"1892190203","2133043391","0.05"
"2133043391","1892190203","0.05"
"1892190203","2164115077","0.05"
"2164115077","1892190203","0.05"
"1900866225","2116765758","0.161111"
"2116765758","1900866225","0.161111"
"1900866225","2133043391","0.161111"
"2133043391","1900866225","0.161111"
"1900866225","2164115077","0.161111"
"2164115077","1900866225","0.161111"
"1948936057","2116765758","0.231818"
"2116765758","1948936057","0.231818"
"1948936057","2133043391","0.231818"
"2133043391","1948936057","0.231818"
"1948936057","2164115077","0.231818"
"2164115077","1948936057","0.231818"
"2103406421","2116765758","0.342929"
"2116765758","2103406421","0.342929"
"2103406421","2133043391","0.342929"
"2133043391","2103406421","0.342929"
"2103406421","2164115077","2.34293"
"2164115077","2103406421","2.34293"
"2115314519","2116765758","1.29563"
"2116765758","2115314519","1.29563"
"2115314519","2133043391","0.05"
"2133043391","2115314519","0.05"
"2115314519","2164115077","0.05"
"2164115077","2115314519","0.05"
"2116765758","2133043391","0.342929"
"2133043391","2116765758","0.342929"
"2116765758","2147441052","1.12897"
"2147441052","2116765758","1.12897"
"2116765758","2152352243","1.29563"
"2152352243","2116765758","1.29563"
"2116765758","2160633857","0.342929"
"2160633857","2116765758","0.342929"
"2116765758","2164115077","0.676263"
"2164115077","2116765758","0.676263"
"2116765758","2167664085","0.342929"
"2167664085","2116765758","0.342929"
"2116765758","2168473279","0.342929"
"2168473279","2116765758","0.342929"
"2116765758","2170010740","1.40675"
"2170010740","2116765758","1.40675"
"2116765758","2598203034","0.383333"
"2598203034","2116765758","0.383333"
"2133043391","2147441052","0.05"
"2147441052","2133043391","0.05"
"2133043391","2152352243","0.05"
"2152352243","2133043391","0.05"
"2133043391","2160633857","0.342929"
"2160633857","2133043391","0.342929"
"2133043391","2164115077","0.342929"
"2164115077","2133043391","0.342929"
"2133043391","2167664085","4.0096"
"2167664085","2133043391","4.0096"
"2133043391","2168473279","0.342929"
"2168473279","2133043391","0.342929"
"2133043391","2170010740","0.161111"
"2170010740","2133043391","0.161111"
"2133043391","2598203034","0.05"
"2598203034","2133043391","0.05"
"2147441052","2164115077","0.05"
"2164115077","2147441052","0.05"
"2152352243","2164115077","0.05"
"2164115077","2152352243","0.05"
"2160633857","2164115077","0.342929"
"2164115077","2160633857","0.342929"
"2164115077","2167664085","0.342929"
"2167664085","2164115077","0.342929"
"2164115077","2168473279","0.342929"
"2168473279","2164115077","0.342929"
"2164115077","2170010740","0.161111"
"2170010740","2164115077","0.161111"
"2164115077","2598203034","0.383333"
"2598203034","2164115077","0.383333"
"1490527255","986313623","2.26515"
"986313623","1490527255","2.26515"
"1661225639","986313623","0.181818"
"986313623","1661225639","0.181818"
"1761689865","986313623","0.265152"
"986313623","1761689865","0.265152"
"1900866225","986313623","8.26515"
"986313623","1900866225","8.26515"
"1909570134","986313623","0.265152"
"986313623","1909570134","0.265152"
"1918294184","986313623","0.265152"
"986313623","1918294184","0.265152"
"2103406421","986313623","0.265152"
"986313623","2103406421","0.265152"
"2112788210","986313623","0.265152"
"986313623","2112788210","0.265152"
"2134006990","986313623","0.265152"
"986313623","2134006990","0.265152"
"2160633857","986313623","0.265152"
"986313623","2160633857","0.265152"
"2168473279","986313623","0.265152"
"986313623","2168473279","0.265152"
"1490527255","1602336106","0.0833333"
"1602336106","1490527255","0.0833333"
"1490527255","2160156499","0.0833333"
"2160156499","1490527255","0.0833333"
"1602336106","1761689865","0.0833333"
"1761689865","1602336106","0.0833333"
"1602336106","1900866225","0.0833333"
"1900866225","1602336106","0.0833333"
"1602336106","1909570134","0.0833333"
"1909570134","1602336106","0.0833333"
"1602336106","1918294184","0.0833333"
"1918294184","1602336106","0.0833333"
"1602336106","2103406421","1.75"
"2103406421","1602336106","1.75"
"1602336106","2112788210","0.0833333"
"2112788210","1602336106","0.0833333"
"1602336106","2134006990","0.0833333"
"2134006990","1602336106","0.0833333"
"1602336106","2160156499","3.75"
"2160156499","1602336106","3.75"
"1602336106","2160633857","1.75"
"2160633857","1602336106","1.75"
"1602336106","2168473279","0.0833333"
"2168473279","1602336106","0.0833333"
"1602336106","986313623","1.08333"
"986313623","1602336106","1.08333"
"1761689865","2160156499","0.0833333"
"2160156499","1761689865","0.0833333"
