"1454815643","2091540464","1.32692"
"2091540464","1454815643","1.32692"
"1454815643","2101799521","1.81026"
"2101799521","1454815643","1.81026"
"1454815643","79696261","2.82692"
"79696261","1454815643","2.82692"
"1454815643","81879861","1.66026"
"81879861","1454815643","1.66026"
"2091540464","2101799521","22.7698"
"2101799521","2091540464","22.7698"
"2091540464","79696261","6.36978"
"79696261","2091540464","6.36978"
"2091540464","81879861","15.7364"
"81879861","2091540464","15.7364"
"2101799521","79696261","45.2976"
"79696261","2101799521","45.2976"
"2101799521","81879861","192.381"
"81879861","2101799521","192.381"
"79696261","81879861","14.7642"
"81879861","79696261","14.7642"
"1454815643","1565125975","0.733333"
"1565125975","1454815643","0.733333"
"1454815643","1658739283","0.64359"
"1658739283","1454815643","0.64359"
"1454815643","1963971515","1.61026"
"1963971515","1454815643","1.61026"
"1454815643","2061445336","0.476923"
"2061445336","1454815643","0.476923"
"1565125975","1658739283","1.92778"
"1658739283","1565125975","1.92778"
"1565125975","1963971515","5.14444"
"1963971515","1565125975","5.14444"
"1565125975","2061445336","1.06667"
"2061445336","1565125975","1.06667"
"1565125975","2101799521","23.6111"
"2101799521","1565125975","23.6111"
"1658739283","1963971515","3.67137"
"1963971515","1658739283","3.67137"
"1658739283","2061445336","4.71859"
"2061445336","1658739283","4.71859"
"1658739283","2101799521","17.488"
"2101799521","1658739283","17.488"
"1963971515","2061445336","1.72692"
"2061445336","1963971515","1.72692"
"1963971515","2101799521","74.3214"
"2101799521","1963971515","74.3214"
"2061445336","2101799521","16.7519"
"2101799521","2061445336","16.7519"
"1454815643","1982773740","0.910256"
"1982773740","1454815643","0.910256"
"1454815643","2121221235","0.24359"
"2121221235","1454815643","0.24359"
"1454815643","2164539435","0.576923"
"2164539435","1454815643","0.576923"
"1658739283","1982773740","0.701923"
"1982773740","1658739283","0.701923"
"1658739283","2121221235","9.94359"
"2121221235","1658739283","9.94359"
"1658739283","2164539435","2.39637"
"2164539435","1658739283","2.39637"
"1658739283","79696261","2.4797"
"79696261","1658739283","2.4797"
"1982773740","2101799521","28.8781"
"2101799521","1982773740","28.8781"
"1982773740","2121221235","1.04478"
"2121221235","1982773740","1.04478"
"1982773740","2164539435","3.06859"
"2164539435","1982773740","3.06859"
"1982773740","79696261","7.21978"
"79696261","1982773740","7.21978"
"2101799521","2121221235","86.5114"
"2121221235","2101799521","86.5114"
"2101799521","2164539435","80.488"
"2164539435","2101799521","80.488"
"2121221235","2164539435","3.76026"
"2164539435","2121221235","3.76026"
"2121221235","79696261","4.83645"
"79696261","2121221235","4.83645"
"2164539435","79696261","13.0964"
"79696261","2164539435","13.0964"
"1454815643","2101834106","0.7"
"2101834106","1454815643","0.7"
"1565125975","2101834106","14.1944"
"2101834106","1565125975","14.1944"
"1658739283","2101834106","1.83611"
"2101834106","1658739283","1.83611"
"2061445336","2101834106","2.23333"
"2101834106","2061445336","2.23333"
"2101799521","2101834106","66.8778"
"2101834106","2101799521","66.8778"
"1454815643","2003276999","0.0769231"
"2003276999","1454815643","0.0769231"
"1454815643","201480968","0.0769231"
"201480968","1454815643","0.0769231"
"1454815643","2125099630","0.0769231"
"2125099630","1454815643","0.0769231"
"1658739283","2003276999","4.67137"
"2003276999","1658739283","4.67137"
"1658739283","201480968","0.521368"
"201480968","1658739283","0.521368"
"1658739283","2091540464","0.201923"
"2091540464","1658739283","0.201923"
"1658739283","2125099630","0.36859"
"2125099630","1658739283","0.36859"
"1658739283","81879861","3.1797"
"81879861","1658739283","3.1797"
"1963971515","1982773740","4.57692"
"1982773740","1963971515","4.57692"
"1963971515","2003276999","20.6214"
"2003276999","1963971515","20.6214"
"1963971515","201480968","1.18803"
"201480968","1963971515","1.18803"
"1963971515","2091540464","2.94359"
"2091540464","1963971515","2.94359"
"1963971515","2121221235","3.11026"
"2121221235","1963971515","3.11026"
"1963971515","2125099630","0.24359"
"2125099630","1963971515","0.24359"
"1963971515","2164539435","11.1047"
"2164539435","1963971515","11.1047"
"1963971515","79696261","6.58803"
"79696261","1963971515","6.58803"
"1963971515","81879861","12.138"
"81879861","1963971515","12.138"
"1982773740","2003276999","10.5686"
"2003276999","1982773740","10.5686"
"1982773740","201480968","0.21978"
"201480968","1982773740","0.21978"
"1982773740","2061445336","0.36859"
"2061445336","1982773740","0.36859"
"1982773740","2091540464","8.05311"
"2091540464","1982773740","8.05311"
"1982773740","2125099630","2.01145"
"2125099630","1982773740","2.01145"
"1982773740","81879861","8.41978"
"81879861","1982773740","8.41978"
"2003276999","201480968","6.0297"
"201480968","2003276999","6.0297"
"2003276999","2061445336","4.43526"
"2061445336","2003276999","4.43526"
"2003276999","2091540464","17.4603"
"2091540464","2003276999","17.4603"
"2003276999","2101799521","183.43"
"2101799521","2003276999","183.43"
"2003276999","2121221235","69.4019"
"2121221235","2003276999","69.4019"
"2003276999","2125099630","1.20192"
"2125099630","2003276999","1.20192"
"2003276999","2164539435","22.6547"
"2164539435","2003276999","22.6547"
"2003276999","79696261","15.238"
"79696261","2003276999","15.238"
"2003276999","81879861","88.3214"
"81879861","2003276999","88.3214"
"201480968","2061445336","0.276923"
"2061445336","201480968","0.276923"
"201480968","2091540464","0.928114"
"2091540464","201480968","0.928114"
"201480968","2101799521","21.0892"
"2101799521","201480968","21.0892"
"201480968","2121221235","4.61145"
"2121221235","201480968","4.61145"
"201480968","2125099630","0.21978"
"2125099630","201480968","0.21978"
"201480968","2164539435","1.4797"
"2164539435","201480968","1.4797"
"201480968","79696261","0.955891"
"79696261","201480968","0.955891"
"201480968","81879861","10.0059"
"81879861","201480968","10.0059"
"2061445336","2091540464","0.0769231"
"2091540464","2061445336","0.0769231"
"2061445336","2121221235","3.06859"
"2121221235","2061445336","3.06859"
"2061445336","2125099630","0.86859"
"2125099630","2061445336","0.86859"
"2061445336","2164539435","0.701923"
"2164539435","2061445336","0.701923"
"2061445336","79696261","0.576923"
"79696261","2061445336","0.576923"
"2061445336","81879861","1.77692"
"81879861","2061445336","1.77692"
"2091540464","2121221235","1.61978"
"2121221235","2091540464","1.61978"
"2091540464","2125099630","0.553114"
"2125099630","2091540464","0.553114"
"2091540464","2164539435","9.83526"
"2164539435","2091540464","9.83526"
"2101799521","2125099630","2.17811"
"2125099630","2101799521","2.17811"
"2121221235","2125099630","2.01145"
"2125099630","2121221235","2.01145"
"2121221235","81879861","32.2698"
"81879861","2121221235","32.2698"
"2125099630","2164539435","2.03526"
"2164539435","2125099630","2.03526"
"2125099630","79696261","2.38645"
"79696261","2125099630","2.38645"
"2125099630","81879861","0.386447"
"81879861","2125099630","0.386447"
"2164539435","81879861","21.1964"
"81879861","2164539435","21.1964"
"1454815643","2516747684","1.33333"
"2516747684","1454815643","1.33333"
"1565125975","79696261","2.47778"
"79696261","1565125975","2.47778"
"1454815643","2603707637","2.08333"
"2603707637","1454815643","2.08333"
"2101834106","2603707637","0.5"
"2603707637","2101834106","0.5"
"1454815643","2532435403","0.333333"
"2532435403","1454815643","0.333333"
"2516747684","2532435403","1.66667"
"2532435403","2516747684","1.66667"
"2516747684","2603707637","0.333333"
"2603707637","2516747684","0.333333"
"2532435403","2603707637","0.333333"
"2603707637","2532435403","0.333333"
"1454815643","2771587641","3.25"
"2771587641","1454815643","3.25"
"2603707637","2771587641","1.25"
"2771587641","2603707637","1.25"
"1454815643","2467908049","0.25"
"2467908049","1454815643","0.25"
"2101799521","2467908049","3.54167"
"2467908049","2101799521","3.54167"
"2101799521","2603707637","0.25"
"2603707637","2101799521","0.25"
"2101799521","2771587641","0.25"
"2771587641","2101799521","0.25"
"2467908049","2603707637","0.25"
"2603707637","2467908049","0.25"
"2467908049","2771587641","0.25"
"2771587641","2467908049","0.25"
"1565125975","2003276999","26.8278"
"2003276999","1565125975","26.8278"
"2003276999","2101834106","47.7444"
"2101834106","2003276999","47.7444"
"1565125975","81879861","13.4111"
"81879861","1565125975","13.4111"
"1565125975","2164539435","1.81111"
"2164539435","1565125975","1.81111"
"2101834106","2164539435","7.91944"
"2164539435","2101834106","7.91944"
"1565125975","2014199851","0.333333"
"2014199851","1565125975","0.333333"
"1565125975","2129281072","0.833333"
"2129281072","1565125975","0.833333"
"1565125975","2402690741","0.333333"
"2402690741","1565125975","0.333333"
"2014199851","2129281072","16.1667"
"2129281072","2014199851","16.1667"
"2014199851","2402690741","0.333333"
"2402690741","2014199851","0.333333"
"2129281072","2402690741","0.333333"
"2402690741","2129281072","0.333333"
"2101799521","2129281072","3.53333"
"2129281072","2101799521","3.53333"
"2101834106","81879861","56.8111"
"81879861","2101834106","56.8111"
"1565125975","1965339116","0.7"
"1965339116","1565125975","0.7"
"1965339116","2003276999","2.85833"
"2003276999","1965339116","2.85833"
"1965339116","2101799521","5.19167"
"2101799521","1965339116","5.19167"
"1965339116","2101834106","2.275"
"2101834106","1965339116","2.275"
"1965339116","81879861","5.60833"
"81879861","1965339116","5.60833"
"1565125975","201480968","0.644444"
"201480968","1565125975","0.644444"
"201480968","2101834106","5.08611"
"2101834106","201480968","5.08611"
"1963971515","2101834106","5.31111"
"2101834106","1963971515","5.31111"
"2101834106","79696261","2.22778"
"79696261","2101834106","2.22778"
"1565125975","2125099630","0.5"
"2125099630","1565125975","0.5"
"1565125975","2091540464","0.45"
"2091540464","1565125975","0.45"
"2091540464","2101834106","1.51667"
"2101834106","2091540464","1.51667"
"1565125975","1982773740","1"
"1982773740","1565125975","1"
"1596254026","2129281072","20.9"
"2129281072","1596254026","20.9"
"1596254026","1963971515","0.333333"
"1963971515","1596254026","0.333333"
"1596254026","81879861","0.533333"
"81879861","1596254026","0.533333"
"1963971515","2129281072","0.833333"
"2129281072","1963971515","0.833333"
"2129281072","81879861","3.03333"
"81879861","2129281072","3.03333"
"1596254026","2014199851","13.3667"
"2014199851","1596254026","13.3667"
"1596254026","2110695400","5.56667"
"2110695400","1596254026","5.56667"
"2014199851","2110695400","8.16667"
"2110695400","2014199851","8.16667"
"2110695400","2129281072","24.4"
"2129281072","2110695400","24.4"
"1596254026","2003276999","1.26667"
"2003276999","1596254026","1.26667"
"1596254026","2101834106","0.6"
"2101834106","1596254026","0.6"
"1596254026","2121221235","0.566667"
"2121221235","1596254026","0.566667"
"2003276999","2110695400","0.9"
"2110695400","2003276999","0.9"
"2003276999","2129281072","4.1"
"2129281072","2003276999","4.1"
"2101834106","2110695400","0.4"
"2110695400","2101834106","0.4"
"2101834106","2121221235","35.05"
"2121221235","2101834106","35.05"
"2101834106","2129281072","2.6"
"2129281072","2101834106","2.6"
"2110695400","2121221235","0.9"
"2121221235","2110695400","0.9"
"2121221235","2129281072","2.26667"
"2129281072","2121221235","2.26667"
"1596254026","2091540464","0.5"
"2091540464","1596254026","0.5"
"2091540464","2129281072","1.5"
"2129281072","2091540464","1.5"
"1596254026","2101799521","1.36667"
"2101799521","1596254026","1.36667"
"2003276999","2014199851","1.36667"
"2014199851","2003276999","1.36667"
"2014199851","2101799521","2.53333"
"2101799521","2014199851","2.53333"
"2014199851","2121221235","1.33333"
"2121221235","2014199851","1.33333"
"2101799521","2110695400","0.666667"
"2110695400","2101799521","0.666667"
"2014199851","2101834106","1.2"
"2101834106","2014199851","1.2"
"2014199851","81879861","0.2"
"81879861","2014199851","0.2"
"1599618085","1963971515","0.5"
"1963971515","1599618085","0.5"
"1599618085","81879861","1"
"81879861","1599618085","1"
"1599618085","2101799521","0.5"
"2101799521","1599618085","0.5"
"1658739283","2289012333","0.333333"
"2289012333","1658739283","0.333333"
"2101799521","2289012333","0.666667"
"2289012333","2101799521","0.666667"
"2121221235","2289012333","2.16667"
"2289012333","2121221235","2.16667"
"1658739283","1965339116","0.125"
"1965339116","1658739283","0.125"
"1965339116","2091540464","0.708333"
"2091540464","1965339116","0.708333"
"1965339116","2121221235","1.90833"
"2121221235","1965339116","1.90833"
"1965339116","79696261","0.458333"
"79696261","1965339116","0.458333"
"1658739283","2467908049","0.541667"
"2467908049","1658739283","0.541667"
"1982773740","2467908049","0.291667"
"2467908049","1982773740","0.291667"
"2003276999","2467908049","1.125"
"2467908049","2003276999","1.125"
"2061445336","2467908049","3.29167"
"2467908049","2061445336","3.29167"
"2121221235","2467908049","0.541667"
"2467908049","2121221235","0.541667"
"2125099630","2467908049","0.291667"
"2467908049","2125099630","0.291667"
"2164539435","2467908049","0.125"
"2467908049","2164539435","0.125"
"1658739283","2963894653","0.25"
"2963894653","1658739283","0.25"
"2061445336","2963894653","0.25"
"2963894653","2061445336","0.25"
"2467908049","2963894653","0.25"
"2963894653","2467908049","0.25"
"2467908049","81879861","0.5"
"81879861","2467908049","0.5"
"2963894653","81879861","0.25"
"81879861","2963894653","0.25"
"1963971515","2110695400","0.5"
"2110695400","1963971515","0.5"
"2101834106","2125099630","0.666667"
"2125099630","2101834106","0.666667"
"1963971515","2506226457","0.2"
"2506226457","1963971515","0.2"
"2003276999","2506226457","1.2"
"2506226457","2003276999","1.2"
"2091540464","2506226457","0.45"
"2506226457","2091540464","0.45"
"2101799521","2506226457","0.45"
"2506226457","2101799521","0.45"
"2506226457","79696261","0.2"
"79696261","2506226457","0.2"
"1963971515","2771587641","0.333333"
"2771587641","1963971515","0.333333"
"1982773740","2771587641","0.333333"
"2771587641","1982773740","0.333333"
"2003276999","2771587641","0.833333"
"2771587641","2003276999","0.833333"
"1964424075","2101799521","2"
"2101799521","1964424075","2"
"1965339116","201480968","0.166667"
"201480968","1965339116","0.166667"
"1982773740","2735107741","1"
"2735107741","1982773740","1"
"2101799521","2735107741","1.5"
"2735107741","2101799521","1.5"
"1982773740","2101834106","0.333333"
"2101834106","1982773740","0.333333"
"2735107741","79696261","0.5"
"79696261","2735107741","0.5"
"2003276999","2289012333","1.16667"
"2289012333","2003276999","1.16667"
"2289012333","81879861","0.833333"
"81879861","2289012333","0.833333"
"2014199851","2061445336","1"
"2061445336","2014199851","1"
"2101834106","2289012333","0.833333"
"2289012333","2101834106","0.833333"
"2003276999","2119218865","0.333333"
"2119218865","2003276999","0.333333"
"2101799521","2119218865","0.333333"
"2119218865","2101799521","0.333333"
"2119218865","2121221235","0.333333"
"2121221235","2119218865","0.333333"
"2003276999","2472030199","0.333333"
"2472030199","2003276999","0.333333"
"2101799521","2472030199","0.333333"
"2472030199","2101799521","0.333333"
"2472030199","81879861","0.333333"
"81879861","2472030199","0.333333"
"2003276999","2402690741","0.5"
"2402690741","2003276999","0.5"
"2402690741","81879861","0.5"
"81879861","2402690741","0.5"
"2121221235","2771587641","0.5"
"2771587641","2121221235","0.5"
"2003276999","2963894653","0.5"
"2963894653","2003276999","0.5"
"2101834106","2963894653","0.5"
"2963894653","2101834106","0.5"
"2003276999","2909571085","0.333333"
"2909571085","2003276999","0.333333"
"2061445336","2909571085","0.333333"
"2909571085","2061445336","0.333333"
"2101834106","2909571085","0.333333"
"2909571085","2101834106","0.333333"
"2003276999","2735107741","0.5"
"2735107741","2003276999","0.5"
"2164539435","2735107741","0.5"
"2735107741","2164539435","0.5"
"2012307997","2014199851","2"
"2014199851","2012307997","2"
"2012307997","2129281072","1"
"2129281072","2012307997","1"
"2012559808","2589255614","7"
"2589255614","2012559808","7"
"2014199851","2417072171","1"
"2417072171","2014199851","1"
"201480968","2417072171","0.5"
"2417072171","201480968","0.5"
"2101799521","2417072171","1.5"
"2417072171","2101799521","1.5"
"2101834106","2467908049","1.25"
"2467908049","2101834106","1.25"
"2068167206","2101834106","0.5"
"2101834106","2068167206","0.5"
"2068167206","2119218865","0.5"
"2119218865","2068167206","0.5"
"2101834106","2119218865","0.5"
"2119218865","2101834106","0.5"
"2087024873","79696261","2"
"79696261","2087024873","2"
"2164539435","2506226457","0.25"
"2506226457","2164539435","0.25"
"2506226457","81879861","0.25"
"81879861","2506226457","0.25"
"2101799521","2402690741","1"
"2402690741","2101799521","1"
"2402690741","2467908049","0.5"
"2467908049","2402690741","0.5"
"2402690741","79696261","0.5"
"79696261","2402690741","0.5"
"2101799521","2532435403","0.5"
"2532435403","2101799521","0.5"
"2164539435","2532435403","0.5"
"2532435403","2164539435","0.5"
"2101834106","2402690741","1"
"2402690741","2101834106","1"
"2101834106","2771587641","1"
"2771587641","2101834106","1"
"2110695400","81879861","0.5"
"81879861","2110695400","0.5"
"2129281072","2164539435","0.5"
"2164539435","2129281072","0.5"
"2151222380","81879861","1"
"81879861","2151222380","1"
"2516747684","2529912552","0.333333"
"2529912552","2516747684","0.333333"
"2516747684","2803537118","0.333333"
"2803537118","2516747684","0.333333"
"2529912552","2532435403","0.333333"
"2532435403","2529912552","0.333333"
"2529912552","2803537118","0.333333"
"2803537118","2529912552","0.333333"
"2532435403","2803537118","0.333333"
"2803537118","2532435403","0.333333"
"2945159175","2945274336","2"
"2945274336","2945159175","2"
