"109909280","165688198","4.97619"
"165688198","109909280","4.97619"
"109909280","2126734536","7.72619"
"2126734536","109909280","7.72619"
"109909280","2140807364","15.7024"
"2140807364","109909280","15.7024"
"165688198","2126734536","25.0095"
"2126734536","165688198","25.0095"
"165688198","2140807364","14.1762"
"2140807364","165688198","14.1762"
"2126734536","2140807364","51.3727"
"2140807364","2126734536","51.3727"
"109909280","2128389850","18.6429"
"2128389850","109909280","18.6429"
"109909280","170652726","3.80952"
"170652726","109909280","3.80952"
"170652726","2128389850","1.16667"
"2128389850","170652726","1.16667"
"2126734536","2128389850","20.0095"
"2128389850","2126734536","20.0095"
"2128389850","2140807364","16.7317"
"2140807364","2128389850","16.7317"
"109909280","2168760272","1.03571"
"2168760272","109909280","1.03571"
"2126734536","2168760272","0.985714"
"2168760272","2126734536","0.985714"
"109909280","1953670109","2.66667"
"1953670109","109909280","2.66667"
"170652726","1953670109","0.666667"
"1953670109","170652726","0.666667"
"1953670109","2128389850","1.16667"
"2128389850","1953670109","1.16667"
"109909280","1655456","0.533333"
"1655456","109909280","0.533333"
"109909280","191098608","2.86667"
"191098608","109909280","2.86667"
"109909280","2033368661","0.333333"
"2033368661","109909280","0.333333"
"1655456","191098608","29.4834"
"191098608","1655456","29.4834"
"1655456","2033368661","3.43697"
"2033368661","1655456","3.43697"
"191098608","2033368661","3.21991"
"2033368661","191098608","3.21991"
"109909280","1775772884","3.7"
"1775772884","109909280","3.7"
"109909280","155384935","0.25"
"155384935","109909280","0.25"
"109909280","1827212170","1.08333"
"1827212170","109909280","1.08333"
"109909280","2051498836","0.25"
"2051498836","109909280","0.25"
"155384935","1827212170","6.61475"
"1827212170","155384935","6.61475"
"155384935","2051498836","5.7123"
"2051498836","155384935","5.7123"
"155384935","2140807364","1.97785"
"2140807364","155384935","1.97785"
"1827212170","2051498836","4.75397"
"2051498836","1827212170","4.75397"
"1827212170","2140807364","9.77229"
"2140807364","1827212170","9.77229"
"2051498836","2140807364","2.60516"
"2140807364","2051498836","2.60516"
"109909280","2159265516","0.392857"
"2159265516","109909280","0.392857"
"2126734536","2159265516","0.92619"
"2159265516","2126734536","0.92619"
"2128389850","2159265516","0.527778"
"2159265516","2128389850","0.527778"
"2140807364","2159265516","38.7563"
"2159265516","2140807364","38.7563"
"109909280","2126220112","2"
"2126220112","109909280","2"
"2126220112","2128389850","4.33333"
"2128389850","2126220112","4.33333"
"170652726","2140807364","6.14286"
"2140807364","170652726","6.14286"
"165688198","2128389850","3.05952"
"2128389850","165688198","3.05952"
"109909280","1586871184","0.583333"
"1586871184","109909280","0.583333"
"109909280","1884606608","0.392857"
"1884606608","109909280","0.392857"
"109909280","1947347140","1.05952"
"1947347140","109909280","1.05952"
"109909280","2146211060","2.08333"
"2146211060","109909280","2.08333"
"1586871184","1884606608","0.75"
"1884606608","1586871184","0.75"
"1586871184","1947347140","0.833333"
"1947347140","1586871184","0.833333"
"1586871184","2146211060","1.26667"
"2146211060","1586871184","1.26667"
"1884606608","1947347140","5.64286"
"1947347140","1884606608","5.64286"
"1884606608","2146211060","3.75397"
"2146211060","1884606608","3.75397"
"1947347140","2146211060","3.03333"
"2146211060","1947347140","3.03333"
"109909280","2165357553","1"
"2165357553","109909280","1"
"109909280","1583098994","1.03333"
"1583098994","109909280","1.03333"
"1583098994","1827212170","22.5235"
"1827212170","1583098994","22.5235"
"1583098994","2140807364","4.48658"
"2140807364","1583098994","4.48658"
"1947347140","2126734536","2.47619"
"2126734536","1947347140","2.47619"
"1947347140","2140807364","1.14286"
"2140807364","1947347140","1.14286"
"109909280","2167332015","0.583333"
"2167332015","109909280","0.583333"
"165688198","2167332015","0.583333"
"2167332015","165688198","0.583333"
"2126734536","2167332015","1.08333"
"2167332015","2126734536","1.08333"
"109909280","2144006591","0.392857"
"2144006591","109909280","0.392857"
"109909280","2295390884","0.25"
"2295390884","109909280","0.25"
"2140807364","2144006591","54.673"
"2144006591","2140807364","54.673"
"2140807364","2168760272","34.9643"
"2168760272","2140807364","34.9643"
"2140807364","2295390884","2.36667"
"2295390884","2140807364","2.36667"
"2144006591","2168760272","59.9286"
"2168760272","2144006591","59.9286"
"2144006591","2295390884","1.83333"
"2295390884","2144006591","1.83333"
"2168760272","2295390884","2.36667"
"2295390884","2168760272","2.36667"
"165688198","1884606608","0.142857"
"1884606608","165688198","0.142857"
"165688198","1947347140","0.142857"
"1947347140","165688198","0.142857"
"165688198","2168760272","0.142857"
"2168760272","165688198","0.142857"
"1884606608","2126734536","0.142857"
"2126734536","1884606608","0.142857"
"1884606608","2128389850","0.142857"
"2128389850","1884606608","0.142857"
"1884606608","2140807364","1.25397"
"2140807364","1884606608","1.25397"
"1884606608","2168760272","0.142857"
"2168760272","1884606608","0.142857"
"1947347140","2128389850","0.142857"
"2128389850","1947347140","0.142857"
"1947347140","2168760272","0.142857"
"2168760272","1947347140","0.142857"
"2128389850","2168760272","2.30952"
"2168760272","2128389850","2.30952"
"2140807364","2167332015","2.84286"
"2167332015","2140807364","2.84286"
"109909280","2138580357","0.142857"
"2138580357","109909280","0.142857"
"109909280","57172993","0.142857"
"57172993","109909280","0.142857"
"170652726","2138580357","0.142857"
"2138580357","170652726","0.142857"
"170652726","2144006591","0.142857"
"2144006591","170652726","0.142857"
"170652726","2159265516","0.142857"
"2159265516","170652726","0.142857"
"170652726","2168760272","0.142857"
"2168760272","170652726","0.142857"
"170652726","57172993","0.142857"
"57172993","170652726","0.142857"
"2138580357","2140807364","30.4548"
"2140807364","2138580357","30.4548"
"2138580357","2144006591","31.1452"
"2144006591","2138580357","31.1452"
"2138580357","2159265516","32.8952"
"2159265516","2138580357","32.8952"
"2138580357","2168760272","16.1964"
"2168760272","2138580357","16.1964"
"2138580357","57172993","7.1369"
"57172993","2138580357","7.1369"
"2140807364","57172993","3.22857"
"57172993","2140807364","3.22857"
"2144006591","2159265516","71.3397"
"2159265516","2144006591","71.3397"
"2144006591","57172993","6.47857"
"57172993","2144006591","6.47857"
"2159265516","2168760272","18.3452"
"2168760272","2159265516","18.3452"
"2159265516","57172993","4.5619"
"57172993","2159265516","4.5619"
"2168760272","57172993","5.30357"
"57172993","2168760272","5.30357"
"109909280","2170214103","0.2"
"2170214103","109909280","0.2"
"1583098994","1655456","19.1834"
"1655456","1583098994","19.1834"
"1583098994","1775772884","190.741"
"1775772884","1583098994","190.741"
"1583098994","191098608","153.629"
"191098608","1583098994","153.629"
"1583098994","2170214103","9.2381"
"2170214103","1583098994","9.2381"
"1655456","1775772884","18.7453"
"1775772884","1655456","18.7453"
"1655456","2170214103","1.18571"
"2170214103","1655456","1.18571"
"1775772884","191098608","155.72"
"191098608","1775772884","155.72"
"1775772884","2170214103","31.3131"
"2170214103","1775772884","31.3131"
"191098608","2170214103","8.94643"
"2170214103","191098608","8.94643"
"109909280","2396066572","1"
"2396066572","109909280","1"
"109909280","2096847629","0.333333"
"2096847629","109909280","0.333333"
"109909280","2145959654","0.333333"
"2145959654","109909280","0.333333"
"191098608","2096847629","1.66667"
"2096847629","191098608","1.66667"
"191098608","2145959654","9.93095"
"2145959654","191098608","9.93095"
"2096847629","2145959654","0.333333"
"2145959654","2096847629","0.333333"
"109909280","1990225450","0.5"
"1990225450","109909280","0.5"
"1990225450","2146211060","0.5"
"2146211060","1990225450","0.5"
"109909280","2399978149","1"
"2399978149","109909280","1"
"109909280","2336746534","1"
"2336746534","109909280","1"
"135767600","1525062087","4.61667"
"1525062087","135767600","4.61667"
"135767600","2140807364","0.392857"
"2140807364","135767600","0.392857"
"135767600","2144006591","0.25"
"2144006591","135767600","0.25"
"135767600","2167332015","3.00952"
"2167332015","135767600","3.00952"
"1525062087","2140807364","0.25"
"2140807364","1525062087","0.25"
"1525062087","2144006591","0.25"
"2144006591","1525062087","0.25"
"1525062087","2167332015","4.11667"
"2167332015","1525062087","4.11667"
"2144006591","2167332015","0.45"
"2167332015","2144006591","0.45"
"135767600","2032247543","0.625"
"2032247543","135767600","0.625"
"1525062087","2032247543","1.5"
"2032247543","1525062087","1.5"
"135767600","1884606608","0.25"
"1884606608","135767600","0.25"
"135767600","1947347140","1.24167"
"1947347140","135767600","1.24167"
"135767600","2051498836","0.392857"
"2051498836","135767600","0.392857"
"1884606608","2051498836","0.45"
"2051498836","1884606608","0.45"
"1884606608","2167332015","23.25"
"2167332015","1884606608","23.25"
"1947347140","2051498836","0.25"
"2051498836","1947347140","0.25"
"1947347140","2167332015","56.95"
"2167332015","1947347140","56.95"
"2051498836","2167332015","0.392857"
"2167332015","2051498836","0.392857"
"135767600","1540548505","0.125"
"1540548505","135767600","0.125"
"135767600","1583098994","0.125"
"1583098994","135767600","0.125"
"135767600","1583975142","0.491667"
"1583975142","135767600","0.491667"
"135767600","2043314203","0.125"
"2043314203","135767600","0.125"
"135767600","2096847629","0.125"
"2096847629","135767600","0.125"
"135767600","2132029108","0.125"
"2132029108","135767600","0.125"
"1540548505","1583098994","2.94769"
"1583098994","1540548505","2.94769"
"1540548505","1583975142","1.625"
"1583975142","1540548505","1.625"
"1540548505","1947347140","0.125"
"1947347140","1540548505","0.125"
"1540548505","2032247543","0.60119"
"2032247543","1540548505","0.60119"
"1540548505","2043314203","0.125"
"2043314203","1540548505","0.125"
"1540548505","2096847629","2.125"
"2096847629","1540548505","2.125"
"1540548505","2132029108","0.125"
"2132029108","1540548505","0.125"
"1583098994","1583975142","1.29167"
"1583975142","1583098994","1.29167"
"1583098994","1947347140","0.541667"
"1947347140","1583098994","0.541667"
"1583098994","2032247543","1.27183"
"2032247543","1583098994","1.27183"
"1583098994","2043314203","0.375"
"2043314203","1583098994","0.375"
"1583098994","2096847629","0.625"
"2096847629","1583098994","0.625"
"1583098994","2132029108","0.125"
"2132029108","1583098994","0.125"
"1583975142","1947347140","6.60833"
"1947347140","1583975142","6.60833"
"1583975142","2032247543","1.625"
"2032247543","1583975142","1.625"
"1583975142","2043314203","2.975"
"2043314203","1583975142","2.975"
"1583975142","2096847629","43.775"
"2096847629","1583975142","43.775"
"1583975142","2132029108","0.525"
"2132029108","1583975142","0.525"
"1947347140","2032247543","1.04167"
"2032247543","1947347140","1.04167"
"1947347140","2043314203","0.458333"
"2043314203","1947347140","0.458333"
"1947347140","2096847629","1.45833"
"2096847629","1947347140","1.45833"
"1947347140","2132029108","0.125"
"2132029108","1947347140","0.125"
"2032247543","2043314203","0.267857"
"2043314203","2032247543","0.267857"
"2032247543","2096847629","2.625"
"2096847629","2032247543","2.625"
"2032247543","2132029108","0.125"
"2132029108","2032247543","0.125"
"2043314203","2096847629","4.825"
"2096847629","2043314203","4.825"
"2043314203","2132029108","6.025"
"2132029108","2043314203","6.025"
"2096847629","2132029108","7.79167"
"2132029108","2096847629","7.79167"
"135767600","2146211060","0.2"
"2146211060","135767600","0.2"
"1525062087","1583975142","0.866667"
"1583975142","1525062087","0.866667"
"1525062087","1947347140","0.866667"
"1947347140","1525062087","0.866667"
"1525062087","2146211060","0.2"
"2146211060","1525062087","0.2"
"1583975142","2146211060","1.45"
"2146211060","1583975142","1.45"
"1583975142","2167332015","25.2"
"2167332015","1583975142","25.2"
"2146211060","2167332015","3.95"
"2167332015","2146211060","3.95"
"135767600","191098608","0.309524"
"191098608","135767600","0.309524"
"135767600","2136561182","0.142857"
"2136561182","135767600","0.142857"
"135767600","2138580357","0.142857"
"2138580357","135767600","0.142857"
"135767600","2168760272","0.142857"
"2168760272","135767600","0.142857"
"191098608","2051498836","2.07897"
"2051498836","191098608","2.07897"
"191098608","2136561182","2.14286"
"2136561182","191098608","2.14286"
"191098608","2138580357","0.142857"
"2138580357","191098608","0.142857"
"191098608","2140807364","12.6072"
"2140807364","191098608","12.6072"
"191098608","2167332015","2.97619"
"2167332015","191098608","2.97619"
"191098608","2168760272","0.809524"
"2168760272","191098608","0.809524"
"2051498836","2136561182","0.142857"
"2136561182","2051498836","0.142857"
"2051498836","2138580357","0.142857"
"2138580357","2051498836","0.142857"
"2051498836","2168760272","0.142857"
"2168760272","2051498836","0.142857"
"2136561182","2138580357","0.142857"
"2138580357","2136561182","0.142857"
"2136561182","2140807364","0.142857"
"2140807364","2136561182","0.142857"
"2136561182","2167332015","1.39286"
"2167332015","2136561182","1.39286"
"2136561182","2168760272","0.142857"
"2168760272","2136561182","0.142857"
"2138580357","2167332015","1.34286"
"2167332015","2138580357","1.34286"
"2167332015","2168760272","0.342857"
"2168760272","2167332015","0.342857"
"135767600","1827212170","0.166667"
"1827212170","135767600","0.166667"
"1525062087","1827212170","0.166667"
"1827212170","1525062087","0.166667"
"1525062087","191098608","0.166667"
"191098608","1525062087","0.166667"
"1583975142","1827212170","1.25"
"1827212170","1583975142","1.25"
"1583975142","191098608","2.5"
"191098608","1583975142","2.5"
"1827212170","191098608","14.9401"
"191098608","1827212170","14.9401"
"1827212170","1947347140","0.416667"
"1947347140","1827212170","0.416667"
"1827212170","2167332015","1.25"
"2167332015","1827212170","1.25"
"191098608","1947347140","1.16667"
"1947347140","191098608","1.16667"
"137549637","1485364724","2.76667"
"1485364724","137549637","2.76667"
"137549637","1655456","0.766667"
"1655456","137549637","0.766667"
"1485364724","1655456","4.46667"
"1655456","1485364724","4.46667"
"137549637","1583098994","2.26667"
"1583098994","137549637","2.26667"
"137549637","1540548505","0.1"
"1540548505","137549637","0.1"
"137549637","1586871184","0.1"
"1586871184","137549637","0.1"
"137549637","1775772884","0.266667"
"1775772884","137549637","0.266667"
"137549637","191098608","0.266667"
"191098608","137549637","0.266667"
"137549637","2126734536","0.1"
"2126734536","137549637","0.1"
"137549637","2146211060","0.1"
"2146211060","137549637","0.1"
"137549637","2152955531","0.266667"
"2152955531","137549637","0.266667"
"1485364724","1540548505","0.1"
"1540548505","1485364724","0.1"
"1485364724","1583098994","2.3"
"1583098994","1485364724","2.3"
"1485364724","1586871184","0.1"
"1586871184","1485364724","0.1"
"1485364724","1775772884","3.13333"
"1775772884","1485364724","3.13333"
"1485364724","191098608","2.13333"
"191098608","1485364724","2.13333"
"1485364724","2126734536","0.1"
"2126734536","1485364724","0.1"
"1485364724","2146211060","1.1"
"2146211060","1485364724","1.1"
"1485364724","2152955531","3.96667"
"2152955531","1485364724","3.96667"
"1540548505","1586871184","10.6833"
"1586871184","1540548505","10.6833"
"1540548505","1655456","3.53936"
"1655456","1540548505","3.53936"
"1540548505","1775772884","1.75126"
"1775772884","1540548505","1.75126"
"1540548505","191098608","2.52269"
"191098608","1540548505","2.52269"
"1540548505","2126734536","1.25364"
"2126734536","1540548505","1.25364"
"1540548505","2146211060","4.21555"
"2146211060","1540548505","4.21555"
"1540548505","2152955531","0.885714"
"2152955531","1540548505","0.885714"
"1583098994","1586871184","0.1"
"1586871184","1583098994","0.1"
"1583098994","2126734536","2.12031"
"2126734536","1583098994","2.12031"
"1583098994","2146211060","3.08618"
"2146211060","1583098994","3.08618"
"1583098994","2152955531","30.0742"
"2152955531","1583098994","30.0742"
"1586871184","1655456","4.85"
"1655456","1586871184","4.85"
"1586871184","1775772884","0.1"
"1775772884","1586871184","0.1"
"1586871184","191098608","1.1"
"191098608","1586871184","1.1"
"1586871184","2126734536","0.1"
"2126734536","1586871184","0.1"
"1586871184","2152955531","0.1"
"2152955531","1586871184","0.1"
"1655456","2126734536","1.62031"
"2126734536","1655456","1.62031"
"1655456","2146211060","3.88221"
"2146211060","1655456","3.88221"
"1655456","2152955531","25.7369"
"2152955531","1655456","25.7369"
"1775772884","2126734536","2.59888"
"2126734536","1775772884","2.59888"
"1775772884","2146211060","5.59451"
"2146211060","1775772884","5.59451"
"1775772884","2152955531","31.4075"
"2152955531","1775772884","31.4075"
"191098608","2126734536","2.73697"
"2126734536","191098608","2.73697"
"191098608","2146211060","5.91118"
"2146211060","191098608","5.91118"
"191098608","2152955531","23.1575"
"2152955531","191098608","23.1575"
"2126734536","2146211060","2.99888"
"2146211060","2126734536","2.99888"
"2126734536","2152955531","1.13333"
"2152955531","2126734536","1.13333"
"2146211060","2152955531","1.41111"
"2152955531","2146211060","1.41111"
"1425914613","1953670109","6.66667"
"1953670109","1425914613","6.66667"
"1425914613","1988036170","1"
"1988036170","1425914613","1"
"1953670109","1988036170","9"
"1988036170","1953670109","9"
"1425914613","2012578421","0.166667"
"2012578421","1425914613","0.166667"
"1425914613","2017802026","0.166667"
"2017802026","1425914613","0.166667"
"1425914613","2138580357","0.166667"
"2138580357","1425914613","0.166667"
"1425914613","2168760272","0.166667"
"2168760272","1425914613","0.166667"
"1425914613","23405769","0.166667"
"23405769","1425914613","0.166667"
"1953670109","2012578421","0.166667"
"2012578421","1953670109","0.166667"
"1953670109","2017802026","1.16667"
"2017802026","1953670109","1.16667"
"1953670109","2138580357","0.166667"
"2138580357","1953670109","0.166667"
"1953670109","2168760272","1"
"2168760272","1953670109","1"
"1953670109","23405769","0.166667"
"23405769","1953670109","0.166667"
"2012578421","2017802026","0.166667"
"2017802026","2012578421","0.166667"
"2012578421","2138580357","0.5"
"2138580357","2012578421","0.5"
"2012578421","2168760272","0.7"
"2168760272","2012578421","0.7"
"2012578421","23405769","0.166667"
"23405769","2012578421","0.166667"
"2017802026","2138580357","0.333333"
"2138580357","2017802026","0.333333"
"2017802026","2168760272","0.333333"
"2168760272","2017802026","0.333333"
"2017802026","23405769","0.166667"
"23405769","2017802026","0.166667"
"2138580357","23405769","0.666667"
"23405769","2138580357","0.666667"
"2168760272","23405769","0.166667"
"23405769","2168760272","0.166667"
"1425914613","2075986968","1"
"2075986968","1425914613","1"
"1425914613","2700054830","0.5"
"2700054830","1425914613","0.5"
"1953670109","2700054830","0.5"
"2700054830","1953670109","0.5"
"1431078357","1997394198","4.2"
"1997394198","1431078357","4.2"
"1431078357","1992741024","1.7"
"1992741024","1431078357","1.7"
"1992741024","1997394198","0.9"
"1997394198","1992741024","0.9"
"1431078357","2574009340","0.2"
"2574009340","1431078357","0.2"
"1431078357","2575425722","0.7"
"2575425722","1431078357","0.7"
"1431078357","2752985907","0.2"
"2752985907","1431078357","0.2"
"1992741024","2574009340","12.3667"
"2574009340","1992741024","12.3667"
"1992741024","2575425722","2.06667"
"2575425722","1992741024","2.06667"
"1992741024","2752985907","2.2"
"2752985907","1992741024","2.2"
"1997394198","2574009340","0.2"
"2574009340","1997394198","0.2"
"1997394198","2575425722","1.4"
"2575425722","1997394198","1.4"
"1997394198","2752985907","0.2"
"2752985907","1997394198","0.2"
"2574009340","2575425722","3.36667"
"2575425722","2574009340","3.36667"
"2574009340","2752985907","0.2"
"2752985907","2574009340","0.2"
"2575425722","2752985907","2.53333"
"2752985907","2575425722","2.53333"
"1431078357","2538805569","0.5"
"2538805569","1431078357","0.5"
"2538805569","2575425722","3.83333"
"2575425722","2538805569","3.83333"
"1431078357","2741631240","1.5"
"2741631240","1431078357","1.5"
"1997394198","2741631240","0.5"
"2741631240","1997394198","0.5"
"1485364724","1593031142","0.5"
"1593031142","1485364724","0.5"
"1593031142","1775772884","4.16667"
"1775772884","1593031142","4.16667"
"1485364724","2082456656","0.333333"
"2082456656","1485364724","0.333333"
"1775772884","2082456656","6.42738"
"2082456656","1775772884","6.42738"
"191098608","2082456656","4.39405"
"2082456656","191098608","4.39405"
"149175888","1583975142","3.5"
"1583975142","149175888","3.5"
"149175888","1884606608","2.83333"
"1884606608","149175888","2.83333"
"149175888","2085305295","0.5"
"2085305295","149175888","0.5"
"149175888","2096847629","0.5"
"2096847629","149175888","0.5"
"1583975142","1884606608","155.383"
"1884606608","1583975142","155.383"
"1583975142","2085305295","67.4667"
"2085305295","1583975142","67.4667"
"1884606608","2085305295","85.8"
"2085305295","1884606608","85.8"
"1884606608","2096847629","28.9"
"2096847629","1884606608","28.9"
"2085305295","2096847629","26.3167"
"2096847629","2085305295","26.3167"
"149175888","1775772884","0.833333"
"1775772884","149175888","0.833333"
"149175888","191098608","1.5"
"191098608","149175888","1.5"
"149175888","1655456","0.333333"
"1655456","149175888","0.333333"
"1655456","1884606608","0.333333"
"1884606608","1655456","0.333333"
"1775772884","1884606608","5.14444"
"1884606608","1775772884","5.14444"
"1494575468","1543512222","0.2"
"1543512222","1494575468","0.2"
"1494575468","155384935","0.2"
"155384935","1494575468","0.2"
"1494575468","1581184532","1.2"
"1581184532","1494575468","1.2"
"1494575468","2097981871","6.2"
"2097981871","1494575468","6.2"
"1494575468","2167370920","3.2"
"2167370920","1494575468","3.2"
"1543512222","155384935","1.06786"
"155384935","1543512222","1.06786"
"1543512222","1581184532","1.725"
"1581184532","1543512222","1.725"
"1543512222","2097981871","2.55833"
"2097981871","1543512222","2.55833"
"1543512222","2167370920","1.93333"
"2167370920","1543512222","1.93333"
"155384935","1581184532","4.60721"
"1581184532","155384935","4.60721"
"155384935","2097981871","3.225"
"2097981871","155384935","3.225"
"155384935","2167370920","1.26667"
"2167370920","155384935","1.26667"
"1581184532","2097981871","6.725"
"2097981871","1581184532","6.725"
"1581184532","2167370920","2.1"
"2167370920","1581184532","2.1"
"2097981871","2167370920","15.4333"
"2167370920","2097981871","15.4333"
"1494575468","1561983441","0.5"
"1561983441","1494575468","0.5"
"1561983441","2097981871","3.075"
"2097981871","1561983441","3.075"
"1494575468","2167332015","0.5"
"2167332015","1494575468","0.5"
"2167332015","2167370920","0.5"
"2167370920","2167332015","0.5"
"1509130105","1583975142","0.75"
"1583975142","1509130105","0.75"
"1509130105","2126734536","0.5"
"2126734536","1509130105","0.5"
"1583975142","2126734536","2.25"
"2126734536","1583975142","2.25"
"1509130105","1827212170","0.5"
"1827212170","1509130105","0.5"
"1509130105","191098608","2.70952"
"191098608","1509130105","2.70952"
"1509130105","2032247543","8.05952"
"2032247543","1509130105","8.05952"
"1509130105","2146211060","13.7595"
"2146211060","1509130105","13.7595"
"2032247543","2146211060","26.0218"
"2146211060","2032247543","26.0218"
"1509130105","2132029108","0.5"
"2132029108","1509130105","0.5"
"2132029108","2146211060","0.5"
"2146211060","2132029108","0.5"
"1509130105","1540548505","10.4262"
"1540548505","1509130105","10.4262"
"1509130105","2043314203","1.14286"
"2043314203","1509130105","1.14286"
"1509130105","1583098994","0.509524"
"1583098994","1509130105","0.509524"
"1509130105","1655456","3.25952"
"1655456","1509130105","3.25952"
"1509130105","1775772884","0.509524"
"1775772884","1509130105","0.509524"
"1509130105","2152955531","0.509524"
"2152955531","1509130105","0.509524"
"1509130105","1947347140","1.66667"
"1947347140","1509130105","1.66667"
"1509130105","2033368661","7.67619"
"2033368661","1509130105","7.67619"
"1509130105","2167332015","2.33333"
"2167332015","1509130105","2.33333"
"2032247543","2033368661","10.0218"
"2033368661","2032247543","10.0218"
"2032247543","2167332015","5.58333"
"2167332015","2032247543","5.58333"
"2033368661","2167332015","4"
"2167332015","2033368661","4"
"1509130105","2096847629","2"
"2096847629","1509130105","2"
"2033368661","2146211060","18.2124"
"2146211060","2033368661","18.2124"
"1509130105","2085305295","4"
"2085305295","1509130105","4"
"2032247543","2085305295","2.25"
"2085305295","2032247543","2.25"
"2085305295","2146211060","2.75"
"2146211060","2085305295","2.75"
"1509130105","1586871184","2.5"
"1586871184","1509130105","2.5"
"1586871184","2033368661","1.33333"
"2033368661","1586871184","1.33333"
"1586871184","2085305295","1.25"
"2085305295","1586871184","1.25"
"1655456","2085305295","0.25"
"2085305295","1655456","0.25"
"2033368661","2085305295","0.861111"
"2085305295","2033368661","0.861111"
"1947347140","2033368661","1.33333"
"2033368661","1947347140","1.33333"
"1540548505","2033368661","3.27031"
"2033368661","1540548505","3.27031"
"1509130105","2086041922","0.2"
"2086041922","1509130105","0.2"
"1540548505","2086041922","0.2"
"2086041922","1540548505","0.2"
"191098608","2086041922","1.03333"
"2086041922","191098608","1.03333"
"2033368661","2086041922","0.2"
"2086041922","2033368661","0.2"
"2086041922","2146211060","0.2"
"2146211060","2086041922","0.2"
"1509130105","1884606608","0.392857"
"1884606608","1509130105","0.392857"
"1540548505","1884606608","0.25"
"1884606608","1540548505","0.25"
"1884606608","2033368661","0.503968"
"2033368661","1884606608","0.503968"
"1509130105","2145959654","0.309524"
"2145959654","1509130105","0.309524"
"1540548505","2145959654","0.285714"
"2145959654","1540548505","0.285714"
"1583098994","2145959654","11.681"
"2145959654","1583098994","11.681"
"1655456","2145959654","1.77143"
"2145959654","1655456","1.77143"
"1775772884","2145959654","11.181"
"2145959654","1775772884","11.181"
"2145959654","2152955531","2.3881"
"2152955531","2145959654","2.3881"
"1509130105","1581184532","0.5"
"1581184532","1509130105","0.5"
"1581184532","2146211060","1.33221"
"2146211060","1581184532","1.33221"
"1509130105","1585105376","0.142857"
"1585105376","1509130105","0.142857"
"1509130105","2036358294","0.142857"
"2036358294","1509130105","0.142857"
"1585105376","1884606608","1.14286"
"1884606608","1585105376","1.14286"
"1585105376","2032247543","0.142857"
"2032247543","1585105376","0.142857"
"1585105376","2033368661","0.142857"
"2033368661","1585105376","0.142857"
"1585105376","2036358294","33.1429"
"2036358294","1585105376","33.1429"
"1585105376","2043314203","0.642857"
"2043314203","1585105376","0.642857"
"1585105376","2146211060","0.142857"
"2146211060","1585105376","0.142857"
"1884606608","2032247543","0.503968"
"2032247543","1884606608","0.503968"
"1884606608","2036358294","14.8429"
"2036358294","1884606608","14.8429"
"1884606608","2043314203","3.32619"
"2043314203","1884606608","3.32619"
"2032247543","2036358294","0.142857"
"2036358294","2032247543","0.142857"
"2033368661","2036358294","0.142857"
"2036358294","2033368661","0.142857"
"2033368661","2043314203","1.14286"
"2043314203","2033368661","1.14286"
"2036358294","2043314203","1.84286"
"2043314203","2036358294","1.84286"
"2036358294","2146211060","0.142857"
"2146211060","2036358294","0.142857"
"2043314203","2146211060","0.642857"
"2146211060","2043314203","0.642857"
"1525062087","1583098994","1"
"1583098994","1525062087","1"
"1527992010","2085305295","5.81667"
"2085305295","1527992010","5.81667"
"1527992010","2136561182","3"
"2136561182","1527992010","3"
"1527992010","1608697108","0.5"
"1608697108","1527992010","0.5"
"1608697108","2085305295","3.5"
"2085305295","1608697108","3.5"
"1527992010","1775772884","1"
"1775772884","1527992010","1"
"1527992010","1827212170","4.5"
"1827212170","1527992010","4.5"
"1775772884","1827212170","52.5782"
"1827212170","1775772884","52.5782"
"1527992010","1884606608","13.15"
"1884606608","1527992010","13.15"
"1527992010","1651734357","2.5"
"1651734357","1527992010","2.5"
"1651734357","1827212170","10.6197"
"1827212170","1651734357","10.6197"
"1527992010","2036358294","1"
"2036358294","1527992010","1"
"1527992010","68163417","0.7"
"68163417","1527992010","0.7"
"2085305295","68163417","22.7"
"68163417","2085305295","22.7"
"1527992010","1583975142","11.65"
"1583975142","1527992010","11.65"
"1527992010","2096847629","2.45"
"2096847629","1527992010","2.45"
"1583975142","68163417","2.7"
"68163417","1583975142","2.7"
"1884606608","68163417","6.2"
"68163417","1884606608","6.2"
"2096847629","68163417","0.7"
"68163417","2096847629","0.7"
"1527992010","1947347140","0.333333"
"1947347140","1527992010","0.333333"
"1947347140","2085305295","2.33333"
"2085305295","1947347140","2.33333"
"1527992010","2043314203","0.2"
"2043314203","1527992010","0.2"
"1527992010","2132029108","0.2"
"2132029108","1527992010","0.2"
"1884606608","2132029108","1.23333"
"2132029108","1884606608","1.23333"
"2043314203","2085305295","7.68333"
"2085305295","2043314203","7.68333"
"2085305295","2132029108","3.73333"
"2132029108","2085305295","3.73333"
"1528365302","1543512222","4.15833"
"1543512222","1528365302","4.15833"
"1528365302","2097981871","2.95833"
"2097981871","1528365302","2.95833"
"1528365302","1581184532","4.95833"
"1581184532","1528365302","4.95833"
"1528365302","155384935","3.90833"
"155384935","1528365302","3.90833"
"1528365302","2401054255","2.90833"
"2401054255","1528365302","2.90833"
"155384935","2401054255","59.2409"
"2401054255","155384935","59.2409"
"1528365302","2101737524","1.45833"
"2101737524","1528365302","1.45833"
"2101737524","2401054255","9.95007"
"2401054255","2101737524","9.95007"
"1528365302","2167370920","2.33333"
"2167370920","1528365302","2.33333"
"155384935","2101737524","16.3715"
"2101737524","155384935","16.3715"
"1581184532","2101737524","3.37388"
"2101737524","1581184532","3.37388"
"1528365302","1561983441","0.658333"
"1561983441","1528365302","0.658333"
"1528365302","2099205108","0.625"
"2099205108","1528365302","0.625"
"1543512222","1561983441","0.525"
"1561983441","1543512222","0.525"
"1543512222","2099205108","0.125"
"2099205108","1543512222","0.125"
"1543512222","2101737524","0.325"
"2101737524","1543512222","0.325"
"1543512222","2401054255","0.467857"
"2401054255","1543512222","0.467857"
"155384935","1561983441","41.1858"
"1561983441","155384935","41.1858"
"155384935","2099205108","0.825"
"2099205108","155384935","0.825"
"1561983441","1581184532","3.06197"
"1581184532","1561983441","3.06197"
"1561983441","2099205108","0.325"
"2099205108","1561983441","0.325"
"1561983441","2101737524","7.51674"
"2101737524","1561983441","7.51674"
"1561983441","2401054255","34.9084"
"2401054255","1561983441","34.9084"
"1581184532","2099205108","0.625"
"2099205108","1581184532","0.625"
"1581184532","2401054255","2.12031"
"2401054255","1581184532","2.12031"
"2097981871","2099205108","0.125"
"2099205108","2097981871","0.125"
"2097981871","2101737524","0.575"
"2101737524","2097981871","0.575"
"2097981871","2401054255","1.625"
"2401054255","2097981871","1.625"
"2099205108","2101737524","1.325"
"2101737524","2099205108","1.325"
"2099205108","2401054255","0.325"
"2401054255","2099205108","0.325"
"1528365302","2025874281","0.142857"
"2025874281","1528365302","0.142857"
"1528365302","2062533261","0.142857"
"2062533261","1528365302","0.142857"
"1528365302","2075986968","0.342857"
"2075986968","1528365302","0.342857"
"1528365302","2128389850","0.142857"
"2128389850","1528365302","0.142857"
"1528365302","2288791011","0.47619"
"2288791011","1528365302","0.47619"
"1528365302","2399978149","0.142857"
"2399978149","1528365302","0.142857"
"1528365302","2400398005","0.142857"
"2400398005","1528365302","0.142857"
"2025874281","2062533261","0.47619"
"2062533261","2025874281","0.47619"
"2025874281","2075986968","0.142857"
"2075986968","2025874281","0.142857"
"2025874281","2128389850","0.142857"
"2128389850","2025874281","0.142857"
"2025874281","2288791011","0.142857"
"2288791011","2025874281","0.142857"
"2025874281","2399978149","0.142857"
"2399978149","2025874281","0.142857"
"2025874281","2400398005","0.142857"
"2400398005","2025874281","0.142857"
"2062533261","2075986968","1.64286"
"2075986968","2062533261","1.64286"
"2062533261","2128389850","0.142857"
"2128389850","2062533261","0.142857"
"2062533261","2288791011","0.642857"
"2288791011","2062533261","0.642857"
"2062533261","2399978149","0.142857"
"2399978149","2062533261","0.142857"
"2062533261","2400398005","1.14286"
"2400398005","2062533261","1.14286"
"2075986968","2128389850","0.142857"
"2128389850","2075986968","0.142857"
"2075986968","2288791011","1.00952"
"2288791011","2075986968","1.00952"
"2075986968","2399978149","0.285714"
"2399978149","2075986968","0.285714"
"2075986968","2400398005","0.142857"
"2400398005","2075986968","0.142857"
"2128389850","2288791011","0.142857"
"2288791011","2128389850","0.142857"
"2128389850","2399978149","0.142857"
"2399978149","2128389850","0.142857"
"2128389850","2400398005","0.142857"
"2400398005","2128389850","0.142857"
"2288791011","2399978149","0.642857"
"2399978149","2288791011","0.642857"
"2288791011","2400398005","0.142857"
"2400398005","2288791011","0.142857"
"2399978149","2400398005","0.142857"
"2400398005","2399978149","0.142857"
"1561983441","2288791011","1.65"
"2288791011","1561983441","1.65"
"2288791011","2401054255","0.95"
"2401054255","2288791011","0.95"
"1528365302","1775772884","0.25"
"1775772884","1528365302","0.25"
"1528365302","191098608","0.25"
"191098608","1528365302","0.25"
"155384935","1775772884","18.7505"
"1775772884","155384935","18.7505"
"155384935","191098608","10.8076"
"191098608","155384935","10.8076"
"1775772884","2401054255","10.3171"
"2401054255","1775772884","10.3171"
"191098608","2401054255","6.3957"
"2401054255","191098608","6.3957"
"1543512222","2075986968","0.342857"
"2075986968","1543512222","0.342857"
"155384935","2075986968","3.20952"
"2075986968","155384935","3.20952"
"1561983441","2075986968","4.06667"
"2075986968","1561983441","4.06667"
"2075986968","2401054255","1.17619"
"2401054255","2075986968","1.17619"
"1533814111","2140807364","1.2"
"2140807364","1533814111","1.2"
"1533814111","165688198","0.2"
"165688198","1533814111","0.2"
"1533814111","191098608","0.2"
"191098608","1533814111","0.2"
"1533814111","2126734536","0.2"
"2126734536","1533814111","0.2"
"1533814111","2165357553","0.2"
"2165357553","1533814111","0.2"
"165688198","191098608","1.7"
"191098608","165688198","1.7"
"165688198","2165357553","4.36667"
"2165357553","165688198","4.36667"
"191098608","2165357553","1.31111"
"2165357553","191098608","1.31111"
"2126734536","2165357553","12.4"
"2165357553","2126734536","12.4"
"2140807364","2165357553","5.96944"
"2165357553","2140807364","5.96944"
"1533814111","1988036170","1"
"1988036170","1533814111","1"
"1533814111","1593031142","2"
"1593031142","1533814111","2"
"1533814111","2144006591","1"
"2144006591","1533814111","1"
"1540548505","155384935","0.882213"
"155384935","1540548505","0.882213"
"1540548505","1561983441","0.820308"
"1561983441","1540548505","0.820308"
"1540548505","1581184532","0.903641"
"1581184532","1540548505","0.903641"
"1540548505","1651734357","0.619713"
"1651734357","1540548505","0.619713"
"1540548505","1697490417","0.68638"
"1697490417","1540548505","0.68638"
"1540548505","1827212170","0.903641"
"1827212170","1540548505","0.903641"
"1540548505","1863743301","0.903641"
"1863743301","1540548505","0.903641"
"1540548505","2101737524","0.965546"
"2101737524","1540548505","0.965546"
"1540548505","2140807364","3.10364"
"2140807364","1540548505","3.10364"
"1540548505","2401054255","0.628641"
"2401054255","1540548505","0.628641"
"155384935","1583098994","9.63975"
"1583098994","155384935","9.63975"
"155384935","1651734357","2.98162"
"1651734357","155384935","2.98162"
"155384935","1655456","2.15007"
"1655456","155384935","2.15007"
"155384935","1697490417","0.548284"
"1697490417","155384935","0.548284"
"155384935","1863743301","1.18221"
"1863743301","155384935","1.18221"
"155384935","2033368661","1.2834"
"2033368661","155384935","1.2834"
"155384935","2126734536","1.26555"
"2126734536","155384935","1.26555"
"155384935","2146211060","1.34055"
"2146211060","155384935","1.34055"
"1561983441","1583098994","14.4929"
"1583098994","1561983441","14.4929"
"1561983441","1651734357","0.619713"
"1651734357","1561983441","0.619713"
"1561983441","1655456","2.77864"
"1655456","1561983441","2.77864"
"1561983441","1697490417","6.18638"
"1697490417","1561983441","6.18638"
"1561983441","1775772884","24.5798"
"1775772884","1561983441","24.5798"
"1561983441","1827212170","8.0584"
"1827212170","1561983441","8.0584"
"1561983441","1863743301","1.82031"
"1863743301","1561983441","1.82031"
"1561983441","191098608","11.4679"
"191098608","1561983441","11.4679"
"1561983441","2033368661","1.64531"
"2033368661","1561983441","1.64531"
"1561983441","2126734536","0.820308"
"2126734536","1561983441","0.820308"
"1561983441","2140807364","2.0465"
"2140807364","1561983441","2.0465"
"1561983441","2146211060","0.87388"
"2146211060","1561983441","0.87388"
"1581184532","1583098994","1.30364"
"1583098994","1581184532","1.30364"
"1581184532","1651734357","0.619713"
"1651734357","1581184532","0.619713"
"1581184532","1655456","2.60364"
"1655456","1581184532","2.60364"
"1581184532","1697490417","0.68638"
"1697490417","1581184532","0.68638"
"1581184532","1775772884","1.03221"
"1775772884","1581184532","1.03221"
"1581184532","1827212170","1.40364"
"1827212170","1581184532","1.40364"
"1581184532","1863743301","0.903641"
"1863743301","1581184532","0.903641"
"1581184532","191098608","1.90364"
"191098608","1581184532","1.90364"
"1581184532","2033368661","1.10364"
"2033368661","1581184532","1.10364"
"1581184532","2126734536","0.903641"
"2126734536","1581184532","0.903641"
"1581184532","2140807364","0.903641"
"2140807364","1581184532","0.903641"
"1583098994","1651734357","1.36971"
"1651734357","1583098994","1.36971"
"1583098994","1697490417","2.38638"
"1697490417","1583098994","2.38638"
"1583098994","1863743301","7.35364"
"1863743301","1583098994","7.35364"
"1583098994","2033368661","3.09094"
"2033368661","1583098994","3.09094"
"1583098994","2101737524","12.9108"
"2101737524","1583098994","12.9108"
"1583098994","2401054255","7.52785"
"2401054255","1583098994","7.52785"
"1651734357","1655456","0.619713"
"1655456","1651734357","0.619713"
"1651734357","1697490417","5.14055"
"1697490417","1651734357","5.14055"
"1651734357","1775772884","1.38162"
"1775772884","1651734357","1.38162"
"1651734357","1863743301","5.36971"
"1863743301","1651734357","5.36971"
"1651734357","191098608","0.619713"
"191098608","1651734357","0.619713"
"1651734357","2033368661","0.619713"
"2033368661","1651734357","0.619713"
"1651734357","2101737524","0.953046"
"2101737524","1651734357","0.953046"
"1651734357","2126734536","0.619713"
"2126734536","1651734357","0.619713"
"1651734357","2140807364","1.61971"
"2140807364","1651734357","1.61971"
"1651734357","2146211060","0.548284"
"2146211060","1651734357","0.548284"
"1651734357","2401054255","0.428046"
"2401054255","1651734357","0.428046"
"1655456","1697490417","0.68638"
"1697490417","1655456","0.68638"
"1655456","1827212170","1.40364"
"1827212170","1655456","1.40364"
"1655456","1863743301","3.40364"
"1863743301","1655456","3.40364"
"1655456","2101737524","4.05126"
"2101737524","1655456","4.05126"
"1655456","2140807364","0.903641"
"2140807364","1655456","0.903641"
"1655456","2401054255","2.37864"
"2401054255","1655456","2.37864"
"1697490417","1775772884","2.39828"
"1775772884","1697490417","2.39828"
"1697490417","1827212170","0.68638"
"1827212170","1697490417","0.68638"
"1697490417","1863743301","14.1364"
"1863743301","1697490417","14.1364"
"1697490417","191098608","2.13638"
"191098608","1697490417","2.13638"
"1697490417","2033368661","0.68638"
