"111186759","2049350481","2.14286"
"2049350481","111186759","2.14286"
"111186759","1572811218","0.142857"
"1572811218","111186759","0.142857"
"111186759","1878305936","0.142857"
"1878305936","111186759","0.142857"
"111186759","2024376382","0.142857"
"2024376382","111186759","0.142857"
"111186759","2033979492","0.142857"
"2033979492","111186759","0.142857"
"111186759","2200464353","0.142857"
"2200464353","111186759","0.142857"
"111186759","2238558629","0.142857"
"2238558629","111186759","0.142857"
"1572811218","1878305936","0.994048"
"1878305936","1572811218","0.994048"
"1572811218","2024376382","0.32619"
"2024376382","1572811218","0.32619"
"1572811218","2033979492","0.142857"
"2033979492","1572811218","0.142857"
"1572811218","2049350481","0.142857"
"2049350481","1572811218","0.142857"
"1572811218","2200464353","0.242857"
"2200464353","1572811218","0.242857"
"1572811218","2238558629","0.358766"
"2238558629","1572811218","0.358766"
"1878305936","2024376382","0.285714"
"2024376382","1878305936","0.285714"
"1878305936","2033979492","0.142857"
"2033979492","1878305936","0.142857"
"1878305936","2049350481","0.142857"
"2049350481","1878305936","0.142857"
"1878305936","2200464353","0.285714"
"2200464353","1878305936","0.285714"
"1878305936","2238558629","1.22619"
"2238558629","1878305936","1.22619"
"2024376382","2033979492","0.142857"
"2033979492","2024376382","0.142857"
"2024376382","2049350481","0.142857"
"2049350481","2024376382","0.142857"
"2024376382","2200464353","0.719048"
"2200464353","2024376382","0.719048"
"2024376382","2238558629","0.309524"
"2238558629","2024376382","0.309524"
"2033979492","2049350481","0.342857"
"2049350481","2033979492","0.342857"
"2033979492","2200464353","0.142857"
"2200464353","2033979492","0.142857"
"2033979492","2238558629","0.142857"
"2238558629","2033979492","0.142857"
"2049350481","2200464353","0.142857"
"2200464353","2049350481","0.142857"
"2049350481","2238558629","0.142857"
"2238558629","2049350481","0.142857"
"2200464353","2238558629","0.309524"
"2238558629","2200464353","0.309524"
"13970602","1979332228","0.433824"
"1979332228","13970602","0.433824"
"13970602","2074675747","0.308824"
"2074675747","13970602","0.308824"
"13970602","2121175339","0.308824"
"2121175339","13970602","0.308824"
"13970602","2565404","0.308824"
"2565404","13970602","0.308824"
"1979332228","2074675747","0.508824"
"2074675747","1979332228","0.508824"
"1979332228","2121175339","0.708824"
"2121175339","1979332228","0.708824"
"1979332228","2565404","0.508824"
"2565404","1979332228","0.508824"
"2074675747","2121175339","0.508824"
"2121175339","2074675747","0.508824"
"2074675747","2565404","0.508824"
"2565404","2074675747","0.508824"
"2121175339","2565404","0.508824"
"2565404","2121175339","0.508824"
"13970602","1518843016","4.10009"
"1518843016","13970602","4.10009"
"13970602","1572811218","5.48862"
"1572811218","13970602","5.48862"
"13970602","1903862285","2.566"
"1903862285","13970602","2.566"
"13970602","1969286156","0.410714"
"1969286156","13970602","0.410714"
"13970602","2043612519","2.26035"
"2043612519","13970602","2.26035"
"13970602","2129594729","2.69418"
"2129594729","13970602","2.69418"
"13970602","2140135330","3.42055"
"2140135330","13970602","3.42055"
"13970602","2155657891","0.501623"
"2155657891","13970602","0.501623"
"1518843016","1572811218","2.56438"
"1572811218","1518843016","2.56438"
"1518843016","1903862285","2.41557"
"1903862285","1518843016","2.41557"
"1518843016","1969286156","0.410714"
"1969286156","1518843016","0.410714"
"1518843016","2043612519","1.58611"
"2043612519","1518843016","1.58611"
"1518843016","2129594729","2.10327"
"2129594729","1518843016","2.10327"
"1518843016","2140135330","2.98224"
"2140135330","1518843016","2.98224"
"1518843016","2155657891","0.660714"
"2155657891","1518843016","0.660714"
"1572811218","1903862285","3.28029"
"1903862285","1572811218","3.28029"
"1572811218","1969286156","0.410714"
"1969286156","1572811218","0.410714"
"1572811218","2043612519","2.1175"
"2043612519","1572811218","2.1175"
"1572811218","2129594729","4.86084"
"2129594729","1572811218","4.86084"
"1572811218","2140135330","2.63483"
"2140135330","1572811218","2.63483"
"1572811218","2155657891","0.358766"
"2155657891","1572811218","0.358766"
"1903862285","1969286156","0.410714"
"1969286156","1903862285","0.410714"
"1903862285","2043612519","1.92702"
"2043612519","1903862285","1.92702"
"1903862285","2129594729","2.81918"
"2129594729","1903862285","2.81918"
"1903862285","2140135330","3.67055"
"2140135330","1903862285","3.67055"
"1903862285","2155657891","0.501623"
"2155657891","1903862285","0.501623"
"1969286156","2043612519","0.267857"
"2043612519","1969286156","0.267857"
"1969286156","2129594729","0.267857"
"2129594729","1969286156","0.267857"
"1969286156","2140135330","0.410714"
"2140135330","1969286156","0.410714"
"1969286156","2155657891","6.42024"
"2155657891","1969286156","6.42024"
"2043612519","2129594729","2.03416"
"2129594729","2043612519","2.03416"
"2043612519","2140135330","2.7149"
"2140135330","2043612519","2.7149"
"2043612519","2155657891","0.358766"
"2155657891","2043612519","0.358766"
"2129594729","2140135330","3.77372"
"2140135330","2129594729","3.77372"
"2129594729","2155657891","0.358766"
"2155657891","2129594729","0.358766"
"2140135330","2155657891","0.456169"
"2155657891","2140135330","0.456169"
"13970602","142055954","0.149733"
"142055954","13970602","0.149733"
"13970602","1541032881","0.0588235"
"1541032881","13970602","0.0588235"
"13970602","1895934011","0.301681"
"1895934011","13970602","0.301681"
"13970602","1999489595","0.260844"
"1999489595","13970602","0.260844"
"13970602","2046274577","0.646558"
"2046274577","13970602","0.646558"
"13970602","2120962531","0.333066"
"2120962531","13970602","0.333066"
"13970602","2242434662","0.378268"
"2242434662","13970602","0.378268"
"13970602","634465965","0.267157"
"634465965","13970602","0.267157"
"142055954","1518843016","0.0588235"
"1518843016","142055954","0.0588235"
"142055954","1541032881","0.0588235"
"1541032881","142055954","0.0588235"
"142055954","1572811218","0.149733"
"1572811218","142055954","0.149733"
"142055954","1895934011","0.0588235"
"1895934011","142055954","0.0588235"
"142055954","1903862285","0.349733"
"1903862285","142055954","0.349733"
"142055954","1979332228","0.0588235"
"1979332228","142055954","0.0588235"
"142055954","1999489595","0.149733"
"1999489595","142055954","0.149733"
"142055954","2046274577","0.149733"
"2046274577","142055954","0.149733"
"142055954","2074675747","0.0588235"
"2074675747","142055954","0.0588235"
"142055954","2120962531","0.149733"
"2120962531","142055954","0.149733"
"142055954","2121175339","0.0588235"
"2121175339","142055954","0.0588235"
"142055954","2129594729","0.149733"
"2129594729","142055954","0.149733"
"142055954","2140135330","0.104278"
"2140135330","142055954","0.104278"
"142055954","2242434662","0.0588235"
"2242434662","142055954","0.0588235"
"142055954","2565404","0.0588235"
"2565404","142055954","0.0588235"
"142055954","634465965","0.0588235"
"634465965","142055954","0.0588235"
"1518843016","1541032881","0.0588235"
"1541032881","1518843016","0.0588235"
"1518843016","1895934011","0.158824"
"1895934011","1518843016","0.158824"
"1518843016","1979332228","0.183824"
"1979332228","1518843016","0.183824"
"1518843016","1999489595","0.169935"
"1999489595","1518843016","0.169935"
"1518843016","2046274577","0.555649"
"2046274577","1518843016","0.555649"
"1518843016","2074675747","0.0588235"
"2074675747","1518843016","0.0588235"
"1518843016","2120962531","0.242157"
"2120962531","1518843016","0.242157"
"1518843016","2121175339","0.0588235"
"2121175339","1518843016","0.0588235"
"1518843016","2242434662","0.378268"
"2242434662","1518843016","0.378268"
"1518843016","2565404","0.0588235"
"2565404","1518843016","0.0588235"
"1518843016","634465965","0.267157"
"634465965","1518843016","0.267157"
"1541032881","1572811218","0.0588235"
"1572811218","1541032881","0.0588235"
"1541032881","1895934011","0.0588235"
"1895934011","1541032881","0.0588235"
"1541032881","1903862285","0.0588235"
"1903862285","1541032881","0.0588235"
"1541032881","1979332228","0.0588235"
"1979332228","1541032881","0.0588235"
"1541032881","1999489595","0.0588235"
"1999489595","1541032881","0.0588235"
"1541032881","2046274577","0.0588235"
"2046274577","1541032881","0.0588235"
"1541032881","2074675747","0.0588235"
"2074675747","1541032881","0.0588235"
"1541032881","2120962531","0.0588235"
"2120962531","1541032881","0.0588235"
"1541032881","2121175339","0.401681"
"2121175339","1541032881","0.401681"
"1541032881","2129594729","0.0588235"
"2129594729","1541032881","0.0588235"
"1541032881","2140135330","0.0588235"
"2140135330","1541032881","0.0588235"
"1541032881","2242434662","0.0588235"
"2242434662","1541032881","0.0588235"
"1541032881","2565404","0.0588235"
"2565404","1541032881","0.0588235"
"1541032881","634465965","0.0588235"
"634465965","1541032881","0.0588235"
"1572811218","1895934011","0.158824"
"1895934011","1572811218","0.158824"
"1572811218","1979332228","0.383824"
"1979332228","1572811218","0.383824"
"1572811218","1999489595","0.92751"
"1999489595","1572811218","0.92751"
"1572811218","2046274577","0.985844"
"2046274577","1572811218","0.985844"
"1572811218","2074675747","0.258824"
"2074675747","1572811218","0.258824"
"1572811218","2120962531","0.475923"
"2120962531","1572811218","0.475923"
"1572811218","2121175339","0.592157"
"2121175339","1572811218","0.592157"
"1572811218","2242434662","0.503268"
"2242434662","1572811218","0.503268"
"1572811218","2565404","0.526681"
"2565404","1572811218","0.526681"
"1572811218","634465965","0.552871"
"634465965","1572811218","0.552871"
"1895934011","1903862285","0.301681"
"1903862285","1895934011","0.301681"
"1895934011","1979332228","0.0588235"
"1979332228","1895934011","0.0588235"
"1895934011","1999489595","0.392157"
"1999489595","1895934011","0.392157"
"1895934011","2046274577","0.158824"
"2046274577","1895934011","0.158824"
"1895934011","2074675747","0.0588235"
"2074675747","1895934011","0.0588235"
"1895934011","2120962531","0.0588235"
"2120962531","1895934011","0.0588235"
"1895934011","2121175339","0.0588235"
"2121175339","1895934011","0.0588235"
"1895934011","2129594729","0.158824"
"2129594729","1895934011","0.158824"
"1895934011","2140135330","0.301681"
"2140135330","1895934011","0.301681"
"1895934011","2242434662","0.0588235"
"2242434662","1895934011","0.0588235"
"1895934011","2565404","0.201681"
"2565404","1895934011","0.201681"
"1895934011","634465965","0.201681"
"634465965","1895934011","0.201681"
"1903862285","1979332228","0.0588235"
"1979332228","1903862285","0.0588235"
"1903862285","1999489595","1.42751"
"1999489595","1903862285","1.42751"
"1903862285","2046274577","0.503701"
"2046274577","1903862285","0.503701"
"1903862285","2074675747","0.0588235"
"2074675747","1903862285","0.0588235"
"1903862285","2120962531","2.33307"
"2120962531","1903862285","2.33307"
"1903862285","2121175339","0.0588235"
"2121175339","1903862285","0.0588235"
"1903862285","2242434662","0.253268"
"2242434662","1903862285","0.253268"
"1903862285","2565404","0.0588235"
"2565404","1903862285","0.0588235"
"1903862285","634465965","0.142157"
"634465965","1903862285","0.142157"
"1979332228","1999489595","0.0588235"
"1999489595","1979332228","0.0588235"
"1979332228","2046274577","0.0588235"
"2046274577","1979332228","0.0588235"
"1979332228","2120962531","0.0588235"
"2120962531","1979332228","0.0588235"
"1979332228","2129594729","0.183824"
"2129594729","1979332228","0.183824"
"1979332228","2140135330","0.0588235"
"2140135330","1979332228","0.0588235"
"1979332228","2242434662","0.183824"
"2242434662","1979332228","0.183824"
"1979332228","634465965","0.383824"
"634465965","1979332228","0.383824"
"1999489595","2046274577","0.29259"
"2046274577","1999489595","0.29259"
"1999489595","2074675747","0.0588235"
"2074675747","1999489595","0.0588235"
"1999489595","2120962531","0.149733"
"2120962531","1999489595","0.149733"
"1999489595","2121175339","0.0588235"
"2121175339","1999489595","0.0588235"
"1999489595","2129594729","0.42751"
"2129594729","1999489595","0.42751"
"1999489595","2140135330","0.215389"
"2140135330","1999489595","0.215389"
"1999489595","2242434662","0.0588235"
"2242434662","1999489595","0.0588235"
"1999489595","2565404","0.0588235"
"2565404","1999489595","0.0588235"
"1999489595","634465965","0.0588235"
"634465965","1999489595","0.0588235"
"2046274577","2074675747","0.0588235"
"2074675747","2046274577","0.0588235"
"2046274577","2120962531","0.149733"
"2120962531","2046274577","0.149733"
"2046274577","2121175339","0.0588235"
"2121175339","2046274577","0.0588235"
"2046274577","2129594729","0.583066"
"2129594729","2046274577","0.583066"
"2046274577","2140135330","0.79158"
"2140135330","2046274577","0.79158"
"2046274577","2242434662","1.41993"
"2242434662","2046274577","1.41993"
"2046274577","2565404","0.308824"
"2565404","2046274577","0.308824"
"2046274577","634465965","0.0588235"
"634465965","2046274577","0.0588235"
"2074675747","2120962531","0.0588235"
"2120962531","2074675747","0.0588235"
"2074675747","2129594729","0.0588235"
"2129594729","2074675747","0.0588235"
"2074675747","2140135330","0.0588235"
"2140135330","2074675747","0.0588235"
"2074675747","2242434662","0.0588235"
"2242434662","2074675747","0.0588235"
"2074675747","634465965","0.0588235"
"634465965","2074675747","0.0588235"
"2120962531","2121175339","0.0588235"
"2121175339","2120962531","0.0588235"
"2120962531","2129594729","0.233066"
"2129594729","2120962531","0.233066"
"2120962531","2140135330","0.104278"
"2140135330","2120962531","0.104278"
"2120962531","2242434662","0.142157"
"2242434662","2120962531","0.142157"
"2120962531","2565404","0.201681"
"2565404","2120962531","0.201681"
"2120962531","634465965","0.285014"
"634465965","2120962531","0.285014"
"2121175339","2129594729","0.0588235"
"2129594729","2121175339","0.0588235"
"2121175339","2140135330","0.0588235"
"2140135330","2121175339","0.0588235"
"2121175339","2242434662","0.0588235"
"2242434662","2121175339","0.0588235"
"2121175339","634465965","0.258824"
"634465965","2121175339","0.258824"
"2129594729","2242434662","0.267157"
"2242434662","2129594729","0.267157"
"2129594729","2565404","0.0588235"
"2565404","2129594729","0.0588235"
"2129594729","634465965","0.267157"
"634465965","2129594729","0.267157"
"2140135330","2242434662","0.169935"
"2242434662","2140135330","0.169935"
"2140135330","2565404","0.0588235"
"2565404","2140135330","0.0588235"
"2140135330","634465965","0.0588235"
"634465965","2140135330","0.0588235"
"2242434662","2565404","0.308824"
"2565404","2242434662","0.308824"
"2242434662","634465965","0.267157"
"634465965","2242434662","0.267157"
"2565404","634465965","3.84454"
"634465965","2565404","3.84454"
"13970602","155405054","0.308333"
"155405054","13970602","0.308333"
"13970602","2012927760","0.342857"
"2012927760","13970602","0.342857"
"13970602","2024376382","0.32619"
"2024376382","13970602","0.32619"
"13970602","2067698228","0.1"
"2067698228","13970602","0.1"
"13970602","2088403653","0.1"
"2088403653","13970602","0.1"
"13970602","2200464353","0.1"
"2200464353","13970602","0.1"
"1518843016","155405054","0.558333"
"155405054","1518843016","0.558333"
"1518843016","2012927760","0.45"
"2012927760","1518843016","0.45"
"1518843016","2024376382","0.32619"
"2024376382","1518843016","0.32619"
"1518843016","2067698228","0.1"
"2067698228","1518843016","0.1"
"1518843016","2088403653","0.1"
"2088403653","1518843016","0.1"
"1518843016","2200464353","0.1"
"2200464353","1518843016","0.1"
"155405054","1572811218","0.683333"
"1572811218","155405054","0.683333"
"155405054","1903862285","0.183333"
"1903862285","155405054","0.183333"
"155405054","2012927760","4.35"
"2012927760","155405054","4.35"
"155405054","2024376382","0.183333"
"2024376382","155405054","0.183333"
"155405054","2067698228","0.1"
"2067698228","155405054","0.1"
"155405054","2088403653","0.1"
"2088403653","155405054","0.1"
"155405054","2120962531","0.183333"
"2120962531","155405054","0.183333"
"155405054","2200464353","0.1"
"2200464353","155405054","0.1"
"1572811218","2012927760","0.45"
"2012927760","1572811218","0.45"
"1572811218","2067698228","0.1"
"2067698228","1572811218","0.1"
"1572811218","2088403653","0.1"
"2088403653","1572811218","0.1"
"1903862285","2012927760","0.342857"
"2012927760","1903862285","0.342857"
"1903862285","2024376382","0.55"
"2024376382","1903862285","0.55"
"1903862285","2067698228","0.1"
"2067698228","1903862285","0.1"
"1903862285","2088403653","0.1"
"2088403653","1903862285","0.1"
"1903862285","2200464353","0.266667"
"2200464353","1903862285","0.266667"
"2012927760","2024376382","0.242857"
"2024376382","2012927760","0.242857"
"2012927760","2067698228","0.1"
"2067698228","2012927760","0.1"
"2012927760","2088403653","0.1"
"2088403653","2012927760","0.1"
"2012927760","2120962531","0.1"
"2120962531","2012927760","0.1"
"2012927760","2200464353","0.242857"
"2200464353","2012927760","0.242857"
"2024376382","2067698228","0.266667"
"2067698228","2024376382","0.266667"
"2024376382","2088403653","0.1"
"2088403653","2024376382","0.1"
"2024376382","2120962531","0.183333"
"2120962531","2024376382","0.183333"
"2067698228","2088403653","0.1"
"2088403653","2067698228","0.1"
"2067698228","2120962531","0.1"
"2120962531","2067698228","0.1"
"2067698228","2200464353","1.26667"
"2200464353","2067698228","1.26667"
"2088403653","2120962531","0.1"
"2120962531","2088403653","0.1"
"2088403653","2200464353","0.1"
"2200464353","2088403653","0.1"
"2120962531","2200464353","0.1"
"2200464353","2120962531","0.1"
"13970602","1969420741","0.0833333"
"1969420741","13970602","0.0833333"
"13970602","2048527445","0.128788"
"2048527445","13970602","0.128788"
"13970602","72228273","0.0833333"
"72228273","13970602","0.0833333"
"1518843016","1969420741","0.0833333"
"1969420741","1518843016","0.0833333"
"1518843016","2048527445","0.0833333"
"2048527445","1518843016","0.0833333"
"1518843016","72228273","0.333333"
"72228273","1518843016","0.333333"
"155405054","1969420741","0.0833333"
"1969420741","155405054","0.0833333"
"155405054","2048527445","0.0833333"
"2048527445","155405054","0.0833333"
"155405054","2129594729","0.208333"
"2129594729","155405054","0.208333"
"155405054","2242434662","0.333333"
"2242434662","155405054","0.333333"
"155405054","634465965","0.208333"
"634465965","155405054","0.208333"
"155405054","72228273","2.20833"
"72228273","155405054","2.20833"
"1572811218","1969420741","0.0833333"
"1969420741","1572811218","0.0833333"
"1572811218","2048527445","0.271645"
"2048527445","1572811218","0.271645"
"1572811218","72228273","0.208333"
"72228273","1572811218","0.208333"
"1903862285","1969420741","0.0833333"
"1969420741","1903862285","0.0833333"
"1903862285","2048527445","0.128788"
"2048527445","1903862285","0.128788"
"1903862285","72228273","0.283333"
"72228273","1903862285","0.283333"
"1969420741","2024376382","0.0833333"
"2024376382","1969420741","0.0833333"
"1969420741","2048527445","0.0833333"
"2048527445","1969420741","0.0833333"
"1969420741","2120962531","0.0833333"
"2120962531","1969420741","0.0833333"
"1969420741","2129594729","0.0833333"
"2129594729","1969420741","0.0833333"
"1969420741","2242434662","0.0833333"
"2242434662","1969420741","0.0833333"
"1969420741","634465965","0.283333"
"634465965","1969420741","0.283333"
"1969420741","72228273","0.0833333"
"72228273","1969420741","0.0833333"
"2024376382","2048527445","0.25"
"2048527445","2024376382","0.25"
"2024376382","2129594729","0.0833333"
"2129594729","2024376382","0.0833333"
"2024376382","2242434662","0.0833333"
"2242434662","2024376382","0.0833333"
"2024376382","634465965","0.0833333"
"634465965","2024376382","0.0833333"
"2024376382","72228273","0.42619"
"72228273","2024376382","0.42619"
"2048527445","2120962531","0.271645"
"2120962531","2048527445","0.271645"
"2048527445","2129594729","0.128788"
"2129594729","2048527445","0.128788"
"2048527445","2242434662","0.208333"
"2242434662","2048527445","0.208333"
"2048527445","634465965","0.369048"
"634465965","2048527445","0.369048"
"2048527445","72228273","0.408333"
"72228273","2048527445","0.408333"
"2120962531","72228273","0.0833333"
"72228273","2120962531","0.0833333"
"2129594729","72228273","0.0833333"
"72228273","2129594729","0.0833333"
"2242434662","72228273","0.666667"
"72228273","2242434662","0.666667"
"634465965","72228273","0.0833333"
"72228273","634465965","0.0833333"
"13970602","162488502","1.40916"
"162488502","13970602","1.40916"
"13970602","1878305936","0.392857"
"1878305936","13970602","0.392857"
"1518843016","162488502","1.31825"
"162488502","1518843016","1.31825"
"1518843016","1878305936","0.5"
"1878305936","1518843016","0.5"
"1572811218","162488502","2.57583"
"162488502","1572811218","2.57583"
"162488502","1878305936","0.25"
"1878305936","162488502","0.25"
"162488502","1903862285","2.40916"
"1903862285","162488502","2.40916"
"162488502","2043612519","1.40916"
"2043612519","162488502","1.40916"
"162488502","2129594729","1.57583"
"2129594729","162488502","1.57583"
"162488502","2140135330","1.36371"
"2140135330","162488502","1.36371"
"1878305936","1903862285","0.392857"
"1903862285","1878305936","0.392857"
"1878305936","2043612519","0.25"
"2043612519","1878305936","0.25"
"1878305936","2129594729","0.25"
"2129594729","1878305936","0.25"
"1878305936","2140135330","0.392857"
"2140135330","1878305936","0.392857"
"13970602","1575432265","0.20202"
"1575432265","13970602","0.20202"
"13970602","1917642022","0.111111"
"1917642022","13970602","0.111111"
"13970602","2014856342","0.111111"
"2014856342","13970602","0.111111"
"1518843016","1575432265","0.444444"
"1575432265","1518843016","0.444444"
"1518843016","1917642022","0.111111"
"1917642022","1518843016","0.111111"
"1518843016","2014856342","0.111111"
"2014856342","1518843016","0.111111"
"1572811218","1575432265","0.20202"
"1575432265","1572811218","0.20202"
"1572811218","1917642022","0.111111"
"1917642022","1572811218","0.111111"
"1572811218","2014856342","0.111111"
"2014856342","1572811218","0.111111"
"1575432265","1903862285","1.73535"
"1903862285","1575432265","1.73535"
"1575432265","1917642022","0.111111"
"1917642022","1575432265","0.111111"
"1575432265","2014856342","0.111111"
"2014856342","1575432265","0.111111"
"1575432265","2046274577","0.20202"
"2046274577","1575432265","0.20202"
"1575432265","2140135330","0.489899"
"2140135330","1575432265","0.489899"
"1575432265","2242434662","0.111111"
"2242434662","1575432265","0.111111"
"1903862285","1917642022","0.111111"
"1917642022","1903862285","0.111111"
"1903862285","2014856342","0.111111"
"2014856342","1903862285","0.111111"
"1917642022","2014856342","0.444444"
"2014856342","1917642022","0.444444"
"1917642022","2046274577","0.111111"
"2046274577","1917642022","0.111111"
"1917642022","2140135330","0.111111"
"2140135330","1917642022","0.111111"
"1917642022","2242434662","0.111111"
"2242434662","1917642022","0.111111"
"2014856342","2046274577","0.277778"
"2046274577","2014856342","0.277778"
"2014856342","2140135330","0.111111"
"2140135330","2014856342","0.111111"
"2014856342","2242434662","0.111111"
"2242434662","2014856342","0.111111"
"13970602","140060437","0.125"
"140060437","13970602","0.125"
"140060437","1518843016","0.125"
"1518843016","140060437","0.125"
"140060437","155405054","0.125"
"155405054","140060437","0.125"
"140060437","1572811218","0.125"
"1572811218","140060437","0.125"
"140060437","1979332228","0.125"
"1979332228","140060437","0.125"
"140060437","2129594729","0.125"
"2129594729","140060437","0.125"
"140060437","2242434662","0.125"
"2242434662","140060437","0.125"
"140060437","634465965","0.125"
"634465965","140060437","0.125"
"155405054","1979332228","0.125"
"1979332228","155405054","0.125"
"13970602","2063889173","0.344877"
"2063889173","13970602","0.344877"
"1518843016","2063889173","0.111111"
"2063889173","1518843016","0.111111"
"1572811218","2063889173","0.868687"
"2063889173","1572811218","0.868687"
"162488502","1999489595","0.368687"
"1999489595","162488502","0.368687"
"162488502","2063889173","0.368687"
"2063889173","162488502","0.368687"
"1903862285","2063889173","0.511544"
"2063889173","1903862285","0.511544"
"1999489595","2043612519","0.20202"
"2043612519","1999489595","0.20202"
"1999489595","2063889173","13.2615"
"2063889173","1999489595","13.2615"
"2043612519","2063889173","0.20202"
"2063889173","2043612519","0.20202"
"2063889173","2129594729","0.368687"
"2129594729","2063889173","0.368687"
"2063889173","2140135330","0.299423"
"2140135330","2063889173","0.299423"
"162488502","1895934011","0.1"
"1895934011","162488502","0.1"
"162488502","2012927760","0.1"
"2012927760","162488502","0.1"
"162488502","2046274577","0.190909"
"2046274577","162488502","0.190909"
"1895934011","2012927760","0.492857"
"2012927760","1895934011","0.492857"
"1895934011","2043612519","0.1"
"2043612519","1895934011","0.1"
"2012927760","2043612519","0.1"
"2043612519","2012927760","0.1"
"2012927760","2046274577","2.90952"
"2046274577","2012927760","2.90952"
"2012927760","2129594729","0.433333"
"2129594729","2012927760","0.433333"
"2012927760","2140135330","0.57619"
"2140135330","2012927760","0.57619"
"2043612519","2046274577","0.333766"
"2046274577","2043612519","0.333766"
"13970602","1460341157","0.0909091"
"1460341157","13970602","0.0909091"
"13970602","1571548331","0.0909091"
"1571548331","13970602","0.0909091"
"13970602","1966924625","0.0909091"
"1966924625","13970602","0.0909091"
"13970602","2011208918","0.0909091"
"2011208918","13970602","0.0909091"
"13970602","2086119901","0.0909091"
"2086119901","13970602","0.0909091"
"13970602","2100788287","0.0909091"
"2100788287","13970602","0.0909091"
"13970602","2143123113","0.0454545"
"2143123113","13970602","0.0454545"
"13970602","2238558629","0.0909091"
"2238558629","13970602","0.0909091"
"13970602","7485291","0.0454545"
"7485291","13970602","0.0454545"
"142055954","1460341157","0.0909091"
"1460341157","142055954","0.0909091"
"142055954","1571548331","0.0909091"
"1571548331","142055954","0.0909091"
"142055954","1575432265","0.290909"
"1575432265","142055954","0.290909"
"142055954","162488502","0.0909091"
"162488502","142055954","0.0909091"
"142055954","1966924625","0.257576"
"1966924625","142055954","0.257576"
"142055954","2011208918","0.0909091"
"2011208918","142055954","0.0909091"
"142055954","2043612519","0.0909091"
"2043612519","142055954","0.0909091"
"142055954","2048527445","0.0454545"
"2048527445","142055954","0.0454545"
"142055954","2063889173","0.0909091"
"2063889173","142055954","0.0909091"
"142055954","2086119901","0.340909"
"2086119901","142055954","0.340909"
"142055954","2100788287","0.257576"
"2100788287","142055954","0.257576"
"142055954","2143123113","0.0454545"
"2143123113","142055954","0.0454545"
"142055954","2155657891","0.0909091"
"2155657891","142055954","0.0909091"
"142055954","2238558629","0.0909091"
"2238558629","142055954","0.0909091"
"142055954","7485291","0.245455"
"7485291","142055954","0.245455"
"1460341157","1571548331","0.0909091"
"1571548331","1460341157","0.0909091"
"1460341157","1572811218","0.590909"
"1572811218","1460341157","0.590909"
"1460341157","1575432265","0.0909091"
"1575432265","1460341157","0.0909091"
"1460341157","162488502","0.0909091"
"162488502","1460341157","0.0909091"
"1460341157","1903862285","0.0909091"
"1903862285","1460341157","0.0909091"
"1460341157","1966924625","0.0909091"
"1966924625","1460341157","0.0909091"
"1460341157","1999489595","0.233766"
"1999489595","1460341157","0.233766"
"1460341157","2011208918","0.0909091"
"2011208918","1460341157","0.0909091"
"1460341157","2043612519","0.340909"
"2043612519","1460341157","0.340909"
"1460341157","2046274577","9.04329"
"2046274577","1460341157","9.04329"
"1460341157","2048527445","0.0454545"
"2048527445","1460341157","0.0454545"
"1460341157","2063889173","0.233766"
"2063889173","1460341157","0.233766"
"1460341157","2086119901","1.5671"
"2086119901","1460341157","1.5671"
"1460341157","2100788287","0.5671"
"2100788287","1460341157","0.5671"
"1460341157","2120962531","0.0909091"
"2120962531","1460341157","0.0909091"
"1460341157","2129594729","0.0909091"
"2129594729","1460341157","0.0909091"
"1460341157","2143123113","0.0454545"
"2143123113","1460341157","0.0454545"
"1460341157","2155657891","0.0909091"
"2155657891","1460341157","0.0909091"
"1460341157","2238558629","1.42424"
"2238558629","1460341157","1.42424"
"1460341157","7485291","0.0454545"
"7485291","1460341157","0.0454545"
"1571548331","1572811218","0.0909091"
"1572811218","1571548331","0.0909091"
"1571548331","1575432265","0.0909091"
"1575432265","1571548331","0.0909091"
"1571548331","162488502","0.0909091"
"162488502","1571548331","0.0909091"
"1571548331","1903862285","0.0909091"
"1903862285","1571548331","0.0909091"
"1571548331","1966924625","0.0909091"
"1966924625","1571548331","0.0909091"
"1571548331","1999489595","0.0909091"
"1999489595","1571548331","0.0909091"
"1571548331","2011208918","0.0909091"
"2011208918","1571548331","0.0909091"
"1571548331","2043612519","0.0909091"
"2043612519","1571548331","0.0909091"
"1571548331","2046274577","0.0909091"
"2046274577","1571548331","0.0909091"
"1571548331","2048527445","0.0454545"
"2048527445","1571548331","0.0454545"
"1571548331","2063889173","0.0909091"
"2063889173","1571548331","0.0909091"
"1571548331","2086119901","0.0909091"
"2086119901","1571548331","0.0909091"
"1571548331","2100788287","0.0909091"
"2100788287","1571548331","0.0909091"
"1571548331","2120962531","0.0909091"
"2120962531","1571548331","0.0909091"
"1571548331","2129594729","0.0909091"
"2129594729","1571548331","0.0909091"
"1571548331","2143123113","0.0454545"
"2143123113","1571548331","0.0454545"
"1571548331","2155657891","0.0909091"
"2155657891","1571548331","0.0909091"
"1571548331","2238558629","0.0909091"
"2238558629","1571548331","0.0909091"
"1571548331","7485291","0.0454545"
"7485291","1571548331","0.0454545"
"1572811218","1966924625","0.0909091"
"1966924625","1572811218","0.0909091"
"1572811218","2011208918","0.0909091"
"2011208918","1572811218","0.0909091"
"1572811218","2086119901","0.0909091"
"2086119901","1572811218","0.0909091"
"1572811218","2100788287","0.0909091"
"2100788287","1572811218","0.0909091"
"1572811218","2143123113","0.295455"
"2143123113","1572811218","0.295455"
"1572811218","7485291","0.0454545"
"7485291","1572811218","0.0454545"
"1575432265","162488502","0.0909091"
"162488502","1575432265","0.0909091"
"1575432265","1966924625","0.0909091"
"1966924625","1575432265","0.0909091"
"1575432265","1999489595","0.0909091"
"1999489595","1575432265","0.0909091"
"1575432265","2011208918","0.0909091"
"2011208918","1575432265","0.0909091"
"1575432265","2043612519","0.0909091"
"2043612519","1575432265","0.0909091"
"1575432265","2048527445","0.0454545"
"2048527445","1575432265","0.0454545"
"1575432265","2063889173","0.0909091"
"2063889173","1575432265","0.0909091"
"1575432265","2086119901","0.0909091"
"2086119901","1575432265","0.0909091"
"1575432265","2100788287","0.0909091"
"2100788287","1575432265","0.0909091"
"1575432265","2120962531","0.0909091"
"2120962531","1575432265","0.0909091"
"1575432265","2129594729","0.0909091"
"2129594729","1575432265","0.0909091"
"1575432265","2143123113","0.0454545"
"2143123113","1575432265","0.0454545"
"1575432265","2155657891","0.0909091"
"2155657891","1575432265","0.0909091"
"1575432265","2238558629","0.0909091"
"2238558629","1575432265","0.0909091"
"1575432265","7485291","0.245455"
"7485291","1575432265","0.245455"
"162488502","1966924625","0.0909091"
"1966924625","162488502","0.0909091"
"162488502","2011208918","0.0909091"
"2011208918","162488502","0.0909091"
"162488502","2048527445","0.0454545"
"2048527445","162488502","0.0454545"
"162488502","2086119901","0.0909091"
"2086119901","162488502","0.0909091"
"162488502","2100788287","0.0909091"
"2100788287","162488502","0.0909091"
"162488502","2120962531","0.0909091"
"2120962531","162488502","0.0909091"
"162488502","2143123113","0.0454545"
"2143123113","162488502","0.0454545"
"162488502","2155657891","0.0909091"
"2155657891","162488502","0.0909091"
"162488502","2238558629","0.0909091"
"2238558629","162488502","0.0909091"
"162488502","7485291","0.0454545"
"7485291","162488502","0.0454545"
"1903862285","1966924625","0.0909091"
"1966924625","1903862285","0.0909091"
"1903862285","2011208918","0.0909091"
"2011208918","1903862285","0.0909091"
"1903862285","2086119901","0.0909091"
"2086119901","1903862285","0.0909091"
"1903862285","2100788287","0.0909091"
"2100788287","1903862285","0.0909091"
"1903862285","2143123113","0.0454545"
"2143123113","1903862285","0.0454545"
"1903862285","2238558629","0.257576"
"2238558629","1903862285","0.257576"
"1903862285","7485291","0.245455"
"7485291","1903862285","0.245455"
"1966924625","1999489595","0.174242"
"1999489595","1966924625","0.174242"
"1966924625","2011208918","0.0909091"
"2011208918","1966924625","0.0909091"
"1966924625","2043612519","0.0909091"
"2043612519","1966924625","0.0909091"
"1966924625","2046274577","0.0909091"
"2046274577","1966924625","0.0909091"
"1966924625","2048527445","0.0454545"
"2048527445","1966924625","0.0454545"
"1966924625","2063889173","0.174242"
"2063889173","1966924625","0.174242"
"1966924625","2086119901","0.0909091"
"2086119901","1966924625","0.0909091"
"1966924625","2100788287","0.257576"
"2100788287","1966924625","0.257576"
"1966924625","2120962531","0.0909091"
"2120962531","1966924625","0.0909091"
"1966924625","2129594729","0.0909091"
"2129594729","1966924625","0.0909091"
"1966924625","2143123113","0.128788"
"2143123113","1966924625","0.128788"
"1966924625","2155657891","0.174242"
"2155657891","1966924625","0.174242"
"1966924625","2238558629","0.0909091"
"2238558629","1966924625","0.0909091"
"1966924625","7485291","0.0454545"
"7485291","1966924625","0.0454545"
"1999489595","2011208918","0.0909091"
"2011208918","1999489595","0.0909091"
"1999489595","2048527445","0.0454545"
"2048527445","1999489595","0.0454545"
"1999489595","2086119901","0.483766"
"2086119901","1999489595","0.483766"
"1999489595","2100788287","0.483766"
"2100788287","1999489595","0.483766"
"1999489595","2143123113","0.128788"
"2143123113","1999489595","0.128788"
"1999489595","2155657891","0.174242"
"2155657891","1999489595","0.174242"
"1999489595","2238558629","0.257576"
"2238558629","1999489595","0.257576"
"1999489595","7485291","0.0454545"
"7485291","1999489595","0.0454545"
"2011208918","2043612519","0.0909091"
"2043612519","2011208918","0.0909091"
"2011208918","2046274577","0.0909091"
"2046274577","2011208918","0.0909091"
"2011208918","2048527445","0.0454545"
"2048527445","2011208918","0.0454545"
"2011208918","2063889173","0.0909091"
"2063889173","2011208918","0.0909091"
"2011208918","2086119901","0.0909091"
"2086119901","2011208918","0.0909091"
"2011208918","2100788287","0.0909091"
"2100788287","2011208918","0.0909091"
"2011208918","2120962531","0.0909091"
"2120962531","2011208918","0.0909091"
"2011208918","2129594729","0.0909091"
"2129594729","2011208918","0.0909091"
"2011208918","2143123113","0.0454545"
"2143123113","2011208918","0.0454545"
"2011208918","2155657891","0.0909091"
"2155657891","2011208918","0.0909091"
"2011208918","2238558629","0.0909091"
"2238558629","2011208918","0.0909091"
"2011208918","7485291","0.0454545"
"7485291","2011208918","0.0454545"
"2043612519","2048527445","0.0454545"
"2048527445","2043612519","0.0454545"
"2043612519","2086119901","0.0909091"
"2086119901","2043612519","0.0909091"
"2043612519","2100788287","0.0909091"
"2100788287","2043612519","0.0909091"
"2043612519","2120962531","0.0909091"
"2120962531","2043612519","0.0909091"
"2043612519","2143123113","0.0454545"
"2143123113","2043612519","0.0454545"
"2043612519","2238558629","0.0909091"
"2238558629","2043612519","0.0909091"
"2043612519","7485291","0.0454545"
"7485291","2043612519","0.0454545"
"2046274577","2048527445","0.370455"
"2048527445","2046274577","0.370455"
"2046274577","2063889173","0.233766"
"2063889173","2046274577","0.233766"
"2046274577","2086119901","1.0671"
"2086119901","2046274577","1.0671"
"2046274577","2100788287","0.5671"
"2100788287","2046274577","0.5671"
"2046274577","2143123113","0.0454545"
"2143123113","2046274577","0.0454545"
"2046274577","2155657891","0.400433"
"2155657891","2046274577","0.400433"
"2046274577","2238558629","0.674242"
"2238558629","2046274577","0.674242"
"2046274577","7485291","0.0454545"
"7485291","2046274577","0.0454545"
"2048527445","2063889173","0.0454545"
"2063889173","2048527445","0.0454545"
"2048527445","2086119901","0.0454545"
"2086119901","2048527445","0.0454545"
"2048527445","2100788287","0.0454545"
"2100788287","2048527445","0.0454545"
"2048527445","2143123113","0.0454545"
"2143123113","2048527445","0.0454545"
"2048527445","2155657891","0.188312"
"2155657891","2048527445","0.188312"
"2048527445","2238558629","0.170455"
"2238558629","2048527445","0.170455"
"2048527445","7485291","0.0454545"
"7485291","2048527445","0.0454545"
"2063889173","2086119901","0.483766"
"2086119901","2063889173","0.483766"
"2063889173","2100788287","0.483766"
"2100788287","2063889173","0.483766"
"2063889173","2120962531","0.0909091"
"2120962531","2063889173","0.0909091"
"2063889173","2143123113","0.128788"
"2143123113","2063889173","0.128788"
"2063889173","2155657891","0.174242"
"2155657891","2063889173","0.174242"
"2063889173","2238558629","0.257576"
"2238558629","2063889173","0.257576"
"2063889173","7485291","0.0454545"
"7485291","2063889173","0.0454545"
"2086119901","2100788287","1.90043"
"2100788287","2086119901","1.90043"
"2086119901","2120962531","0.0909091"
"2120962531","2086119901","0.0909091"
"2086119901","2129594729","0.0909091"
"2129594729","2086119901","0.0909091"
"2086119901","2143123113","0.0454545"
"2143123113","2086119901","0.0454545"
"2086119901","2155657891","0.0909091"
"2155657891","2086119901","0.0909091"
"2086119901","2238558629","0.0909091"
"2238558629","2086119901","0.0909091"
"2086119901","7485291","0.0454545"
"7485291","2086119901","0.0454545"
"2100788287","2120962531","0.0909091"
"2120962531","2100788287","0.0909091"
"2100788287","2129594729","0.0909091"
"2129594729","2100788287","0.0909091"
"2100788287","2143123113","0.0454545"
"2143123113","2100788287","0.0454545"
"2100788287","2155657891","0.0909091"
"2155657891","2100788287","0.0909091"
"2100788287","2238558629","0.0909091"
"2238558629","2100788287","0.0909091"
"2100788287","7485291","0.0454545"
"7485291","2100788287","0.0454545"
"2120962531","2143123113","0.0454545"
"2143123113","2120962531","0.0454545"
"2120962531","2155657891","0.0909091"
"2155657891","2120962531","0.0909091"
"2120962531","2238558629","0.0909091"
"2238558629","2120962531","0.0909091"
"2120962531","7485291","0.0454545"
"7485291","2120962531","0.0454545"
"2129594729","2143123113","0.0454545"
"2143123113","2129594729","0.0454545"
"2129594729","2238558629","0.0909091"
"2238558629","2129594729","0.0909091"
"2129594729","7485291","0.0454545"
"7485291","2129594729","0.0454545"
"2143123113","2155657891","2.37879"
"2155657891","2143123113","2.37879"
"2143123113","2238558629","0.0454545"
"2238558629","2143123113","0.0454545"
"2143123113","7485291","0.0454545"
"7485291","2143123113","0.0454545"
"2155657891","2238558629","0.0909091"
"2238558629","2155657891","0.0909091"
"2155657891","7485291","0.0454545"
"7485291","2155657891","0.0454545"
"2238558629","7485291","0.0454545"
"7485291","2238558629","0.0454545"
"1969286156","2046274577","0.595238"
"2046274577","1969286156","0.595238"
"13970602","2093302222","0.0454545"
"2093302222","13970602","0.0454545"
"13970602","59768873","0.0454545"
"59768873","13970602","0.0454545"
"142055954","2093302222","0.295455"
"2093302222","142055954","0.295455"
"142055954","59768873","0.0454545"
"59768873","142055954","0.0454545"
"1460341157","2093302222","0.0454545"
"2093302222","1460341157","0.0454545"
"1460341157","2140135330","0.0454545"
"2140135330","1460341157","0.0454545"
"1460341157","59768873","0.0454545"
"59768873","1460341157","0.0454545"
"1571548331","2093302222","0.0454545"
"2093302222","1571548331","0.0454545"
"1571548331","2140135330","0.0454545"
