"134490355","2102970979","1.97619"
"2102970979","134490355","1.97619"
"134490355","2119251836","6.30952"
"2119251836","134490355","6.30952"
"2102970979","2119251836","50.161"
"2119251836","2102970979","50.161"
"134490355","2151135920","3.72619"
"2151135920","134490355","3.72619"
"2102970979","2151135920","101.498"
"2151135920","2102970979","101.498"
"2119251836","2151135920","46.5182"
"2151135920","2119251836","46.5182"
"134490355","2057330156","0.583333"
"2057330156","134490355","0.583333"
"134490355","2156453323","0.25"
"2156453323","134490355","0.25"
"2057330156","2102970979","3.53526"
"2102970979","2057330156","3.53526"
"2057330156","2119251836","6.07692"
"2119251836","2057330156","6.07692"
"2057330156","2156453323","3.29478"
"2156453323","2057330156","3.29478"
"2102970979","2156453323","8.97414"
"2156453323","2102970979","8.97414"
"2119251836","2156453323","7.33248"
"2156453323","2119251836","7.33248"
"134490355","2165597437","0.642857"
"2165597437","134490355","0.642857"
"134490355","77946476","0.833333"
"77946476","134490355","0.833333"
"2165597437","77946476","1.83333"
"77946476","2165597437","1.83333"
"134490355","324032601","0.25"
"324032601","134490355","0.25"
"2102970979","324032601","3.38803"
"324032601","2102970979","3.38803"
"2119251836","324032601","6.52137"
"324032601","2119251836","6.52137"
"2151135920","324032601","3.47137"
"324032601","2151135920","3.47137"
"134490355","1578479379","0.333333"
"1578479379","134490355","0.333333"
"134490355","2131523719","1.33333"
"2131523719","134490355","1.33333"
"134490355","2187373861","0.333333"
"2187373861","134490355","0.333333"
"1578479379","2131523719","4.16667"
"2131523719","1578479379","4.16667"
"1578479379","2187373861","6.16667"
"2187373861","1578479379","6.16667"
"2131523719","2187373861","5.16667"
"2187373861","2131523719","5.16667"
"2057330156","77946476","0.991667"
"77946476","2057330156","0.991667"
"2119251836","77946476","4.31667"
"77946476","2119251836","4.31667"
"134490355","1809664600","0.142857"
"1809664600","134490355","0.142857"
"134490355","2014589236","0.142857"
"2014589236","134490355","0.142857"
"134490355","2100583963","0.142857"
"2100583963","134490355","0.142857"
"1809664600","2014589236","0.642857"
"2014589236","1809664600","0.642857"
"1809664600","2100583963","0.392857"
"2100583963","1809664600","0.392857"
"1809664600","2102970979","8.22619"
"2102970979","1809664600","8.22619"
"1809664600","2119251836","1.39286"
"2119251836","1809664600","1.39286"
"1809664600","2151135920","2.47619"
"2151135920","1809664600","2.47619"
"1809664600","2165597437","0.142857"
"2165597437","1809664600","0.142857"
"2014589236","2100583963","2.21587"
"2100583963","2014589236","2.21587"
"2014589236","2102970979","31.4675"
"2102970979","2014589236","31.4675"
"2014589236","2119251836","7.81349"
"2119251836","2014589236","7.81349"
"2014589236","2151135920","55.527"
"2151135920","2014589236","55.527"
"2014589236","2165597437","0.485714"
"2165597437","2014589236","0.485714"
"2100583963","2102970979","39.698"
"2102970979","2100583963","39.698"
"2100583963","2119251836","3.79994"
"2119251836","2100583963","3.79994"
"2100583963","2151135920","4.96343"
"2151135920","2100583963","4.96343"
"2100583963","2165597437","2.15708"
"2165597437","2100583963","2.15708"
"2102970979","2165597437","10.4904"
"2165597437","2102970979","10.4904"
"2119251836","2165597437","11.4309"
"2165597437","2119251836","11.4309"
"2151135920","2165597437","2.75708"
"2165597437","2151135920","2.75708"
"134490355","1412775481","1"
"1412775481","134490355","1"
"1412775481","2033029512","1.5"
"2033029512","1412775481","1.5"
"1412775481","2049867480","0.666667"
"2049867480","1412775481","0.666667"
"1412775481","2089560940","0.166667"
"2089560940","1412775481","0.166667"
"1412775481","2138517425","4.83333"
"2138517425","1412775481","4.83333"
"1412775481","2156453323","0.666667"
"2156453323","1412775481","0.666667"
"1412775481","324032601","4.5"
"324032601","1412775481","4.5"
"2033029512","2049867480","0.166667"
"2049867480","2033029512","0.166667"
"2033029512","2089560940","0.166667"
"2089560940","2033029512","0.166667"
"2033029512","2138517425","16.6667"
"2138517425","2033029512","16.6667"
"2033029512","2156453323","0.166667"
"2156453323","2033029512","0.166667"
"2033029512","324032601","0.666667"
"324032601","2033029512","0.666667"
"2049867480","2089560940","2.23486"
"2089560940","2049867480","2.23486"
"2049867480","2138517425","0.47619"
"2138517425","2049867480","0.47619"
"2049867480","2156453323","30.4337"
"2156453323","2049867480","30.4337"
"2049867480","324032601","6.03803"
"324032601","2049867480","6.03803"
"2089560940","2138517425","1.16667"
"2138517425","2089560940","1.16667"
"2089560940","2156453323","2.49915"
"2156453323","2089560940","2.49915"
"2089560940","324032601","0.688034"
"324032601","2089560940","0.688034"
"2138517425","2156453323","0.166667"
"2156453323","2138517425","0.166667"
"2138517425","324032601","2"
"324032601","2138517425","2"
"2156453323","324032601","7.62137"
"324032601","2156453323","7.62137"
"1412775481","2117798902","1"
"2117798902","1412775481","1"
"1412775481","2119251836","6.16667"
"2119251836","1412775481","6.16667"
"2119251836","2138517425","7.05952"
"2138517425","2119251836","7.05952"
"1412775481","2165597437","3.5"
"2165597437","1412775481","3.5"
"1412775481","2131523719","0.5"
"2131523719","1412775481","0.5"
"2119251836","2131523719","17.7"
"2131523719","2119251836","17.7"
"1412775481","1552056088","1"
"1552056088","1412775481","1"
"1412775481","2625220439","1"
"2625220439","1412775481","1"
"1412775481","2102970979","0.5"
"2102970979","1412775481","0.5"
"1412775481","2749008552","12.3333"
"2749008552","1412775481","12.3333"
"2165597437","2749008552","4.5"
"2749008552","2165597437","4.5"
"1412775481","2774423163","0.5"
"2774423163","1412775481","0.5"
"1412775481","2963431851","0.5"
"2963431851","1412775481","0.5"
"2774423163","2963431851","7.83333"
"2963431851","2774423163","7.83333"
"1412775481","2891621711","2.33333"
"2891621711","1412775481","2.33333"
"2033029512","2119251836","0.333333"
"2119251836","2033029512","0.333333"
"1412775481","2966252319","0.333333"
"2966252319","1412775481","0.333333"
"2749008552","2891621711","3.33333"
"2891621711","2749008552","3.33333"
"2749008552","2966252319","0.333333"
"2966252319","2749008552","0.333333"
"2891621711","2966252319","0.333333"
"2966252319","2891621711","0.333333"
"143177508","2094415856","3.73333"
"2094415856","143177508","3.73333"
"143177508","2094568767","1.4"
"2094568767","143177508","1.4"
"2094415856","2094568767","5.93333"
"2094568767","2094415856","5.93333"
"143177508","1543478129","5.73333"
"1543478129","143177508","5.73333"
"143177508","1693301795","1.4"
"1693301795","143177508","1.4"
"143177508","2169868363","2.73333"
"2169868363","143177508","2.73333"
"1543478129","1693301795","4.6"
"1693301795","1543478129","4.6"
"1543478129","2094415856","3.6"
"2094415856","1543478129","3.6"
"1543478129","2094568767","8.8"
"2094568767","1543478129","8.8"
"1543478129","2169868363","15.3"
"2169868363","1543478129","15.3"
"1693301795","2094415856","0.566667"
"2094415856","1693301795","0.566667"
"1693301795","2094568767","0.9"
"2094568767","1693301795","0.9"
"1693301795","2169868363","0.766667"
"2169868363","1693301795","0.766667"
"2094415856","2169868363","16.6"
"2169868363","2094415856","16.6"
"2094568767","2169868363","8.6"
"2169868363","2094568767","8.6"
"143177508","2405282478","1.33333"
"2405282478","143177508","1.33333"
"1543478129","2405282478","10.3167"
"2405282478","1543478129","10.3167"
"1693301795","2405282478","1.2"
"2405282478","1693301795","1.2"
"2094415856","2405282478","4.36667"
"2405282478","2094415856","4.36667"
"2094568767","2405282478","31.7"
"2405282478","2094568767","31.7"
"2169868363","2405282478","3.73333"
"2405282478","2169868363","3.73333"
"143177508","2114275288","1.33333"
"2114275288","143177508","1.33333"
"2094415856","2114275288","0.333333"
"2114275288","2094415856","0.333333"
"2114275288","2405282478","1"
"2405282478","2114275288","1"
"143177508","1976371754","3.83333"
"1976371754","143177508","3.83333"
"1543478129","1976371754","3.73333"
"1976371754","1543478129","3.73333"
"143177508","1809664600","0.333333"
"1809664600","143177508","0.333333"
"1693301795","1809664600","4.75"
"1809664600","1693301795","4.75"
"1693301795","1976371754","7.11667"
"1976371754","1693301795","7.11667"
"1809664600","1976371754","1.25"
"1976371754","1809664600","1.25"
"143177508","1515981325","0.166667"
"1515981325","143177508","0.166667"
"143177508","2110986027","0.333333"
"2110986027","143177508","0.333333"
"1515981325","1543478129","4.36667"
"1543478129","1515981325","4.36667"
"1515981325","2094568767","2.36667"
"2094568767","1515981325","2.36667"
"1515981325","2110986027","5.56667"
"2110986027","1515981325","5.56667"
"1515981325","2169868363","1.16667"
"2169868363","1515981325","1.16667"
"1515981325","2405282478","0.166667"
"2405282478","1515981325","0.166667"
"1543478129","2110986027","13.4"
"2110986027","1543478129","13.4"
"2094568767","2110986027","3.4"
"2110986027","2094568767","3.4"
"2110986027","2169868363","3.86667"
"2169868363","2110986027","3.86667"
"2110986027","2405282478","4.28333"
"2405282478","2110986027","4.28333"
"143177508","2102970979","0.166667"
"2102970979","143177508","0.166667"
"1543478129","2102970979","9.25"
"2102970979","1543478129","9.25"
"2094568767","2102970979","6.25"
"2102970979","2094568767","6.25"
"2102970979","2110986027","3.32692"
"2110986027","2102970979","3.32692"
"2102970979","2169868363","3.36667"
"2169868363","2102970979","3.36667"
"2102970979","2405282478","3.39286"
"2405282478","2102970979","3.39286"
"143177508","2131523719","0.5"
"2131523719","143177508","0.5"
"1543478129","2131523719","0.5"
"2131523719","1543478129","0.5"
"1470905967","1579427489","2"
"1579427489","1470905967","2"
"1470905967","2147929033","1"
"2147929033","1470905967","1"
"1515981325","1652603594","0.25"
"1652603594","1515981325","0.25"
"1515981325","1693301795","1.75"
"1693301795","1515981325","1.75"
"1515981325","1809664600","0.25"
"1809664600","1515981325","0.25"
"1515981325","1976371754","2.95"
"1976371754","1515981325","2.95"
"1652603594","1693301795","0.25"
"1693301795","1652603594","0.25"
"1652603594","1809664600","0.25"
"1809664600","1652603594","0.25"
"1652603594","1976371754","0.25"
"1976371754","1652603594","0.25"
"1515981325","2102970979","0.5"
"2102970979","1515981325","0.5"
"1976371754","2169868363","1.2"
"2169868363","1976371754","1.2"
"1515981325","2117798902","1"
"2117798902","1515981325","1"
"1515981325","1536898727","0.2"
"1536898727","1515981325","0.2"
"1515981325","2119251836","0.2"
"2119251836","1515981325","0.2"
"1515981325","2131523719","0.2"
"2131523719","1515981325","0.2"
"1515981325","2151135920","0.2"
"2151135920","1515981325","0.2"
"1536898727","2110986027","0.2"
"2110986027","1536898727","0.2"
"1536898727","2119251836","3.00952"
"2119251836","1536898727","3.00952"
"1536898727","2131523719","0.7"
"2131523719","1536898727","0.7"
"1536898727","2151135920","1.00952"
"2151135920","1536898727","1.00952"
"2110986027","2119251836","0.69359"
"2119251836","2110986027","0.69359"
"2110986027","2131523719","0.2"
"2131523719","2110986027","0.2"
"2110986027","2151135920","0.276923"
"2151135920","2110986027","0.276923"
"2131523719","2151135920","54.8929"
"2151135920","2131523719","54.8929"
"1515981325","2100583963","0.2"
"2100583963","1515981325","0.2"
"1543478129","2100583963","0.616667"
"2100583963","1543478129","0.616667"
"1976371754","2094568767","5.03333"
"2094568767","1976371754","5.03333"
"1976371754","2100583963","0.2"
"2100583963","1976371754","0.2"
"1976371754","2110986027","1.03333"
"2110986027","1976371754","1.03333"
"2094568767","2100583963","0.983333"
"2100583963","2094568767","0.983333"
"2100583963","2110986027","0.69359"
"2110986027","2100583963","0.69359"
"1515981325","2138517425","0.5"
"2138517425","1515981325","0.5"
"1693301795","2138517425","0.5"
"2138517425","1693301795","0.5"
"1530266714","2119251836","0.333333"
"2119251836","1530266714","0.333333"
"1530266714","2136262545","0.333333"
"2136262545","1530266714","0.333333"
"1530266714","2150228605","0.444444"
"2150228605","1530266714","0.444444"
"2119251836","2136262545","0.333333"
"2136262545","2119251836","0.333333"
"2119251836","2150228605","0.333333"
"2150228605","2119251836","0.333333"
"2136262545","2150228605","99.5833"
"2150228605","2136262545","99.5833"
"1530266714","2156453323","15.5333"
"2156453323","1530266714","15.5333"
"1530266714","1559961194","1.66667"
"1559961194","1530266714","1.66667"
"1559961194","2156453323","1"
"2156453323","1559961194","1"
"1530266714","324032601","1.53333"
"324032601","1530266714","1.53333"
"1530266714","2145802904","2.7"
"2145802904","1530266714","2.7"
"2145802904","2156453323","14.9333"
"2156453323","2145802904","14.9333"
"1530266714","2120215974","0.611111"
"2120215974","1530266714","0.611111"
"1530266714","2136245903","0.611111"
"2136245903","1530266714","0.611111"
"2120215974","2136245903","7.42063"
"2136245903","2120215974","7.42063"
"1530266714","1959318606","1"
"1959318606","1530266714","1"
"1530266714","2049867480","1.36667"
"2049867480","1530266714","1.36667"
"1530266714","2131875129","0.5"
"2131875129","1530266714","0.5"
"2049867480","2131875129","13.4071"
"2131875129","2049867480","13.4071"
"1530266714","2137786570","3.11111"
"2137786570","1530266714","3.11111"
"1530266714","1601184934","0.111111"
"1601184934","1530266714","0.111111"
"1530266714","2099817583","0.111111"
"2099817583","1530266714","0.111111"
"1530266714","2102970979","0.111111"
"2102970979","1530266714","0.111111"
"1530266714","2118878434","0.111111"
"2118878434","1530266714","0.111111"
"1530266714","2401617229","0.111111"
"2401617229","1530266714","0.111111"
"1601184934","2099817583","0.111111"
"2099817583","1601184934","0.111111"
"1601184934","2102970979","3.0873"
"2102970979","1601184934","3.0873"
"1601184934","2118878434","1.11111"
"2118878434","1601184934","1.11111"
"1601184934","2120215974","0.111111"
"2120215974","1601184934","0.111111"
"1601184934","2136245903","0.111111"
"2136245903","1601184934","0.111111"
"1601184934","2137786570","7.5873"
"2137786570","1601184934","7.5873"
"1601184934","2150228605","0.611111"
"2150228605","1601184934","0.611111"
"1601184934","2401617229","0.111111"
"2401617229","1601184934","0.111111"
"2099817583","2102970979","0.111111"
"2102970979","2099817583","0.111111"
"2099817583","2118878434","0.611111"
"2118878434","2099817583","0.611111"
"2099817583","2120215974","0.111111"
"2120215974","2099817583","0.111111"
"2099817583","2136245903","0.111111"
"2136245903","2099817583","0.111111"
"2099817583","2137786570","0.111111"
"2137786570","2099817583","0.111111"
"2099817583","2150228605","3.36111"
"2150228605","2099817583","3.36111"
"2099817583","2401617229","0.111111"
"2401617229","2099817583","0.111111"
"2102970979","2118878434","0.111111"
"2118878434","2102970979","0.111111"
"2102970979","2120215974","1.95397"
"2120215974","2102970979","1.95397"
"2102970979","2136245903","2.63248"
"2136245903","2102970979","2.63248"
"2102970979","2137786570","157.15"
"2137786570","2102970979","157.15"
"2102970979","2150228605","1.11111"
"2150228605","2102970979","1.11111"
"2102970979","2401617229","35.9579"
"2401617229","2102970979","35.9579"
"2118878434","2120215974","0.111111"
"2120215974","2118878434","0.111111"
"2118878434","2136245903","0.111111"
"2136245903","2118878434","0.111111"
"2118878434","2137786570","0.111111"
"2137786570","2118878434","0.111111"
"2118878434","2150228605","34.2778"
"2150228605","2118878434","34.2778"
"2118878434","2401617229","0.111111"
"2401617229","2118878434","0.111111"
"2120215974","2137786570","0.111111"
"2137786570","2120215974","0.111111"
"2120215974","2150228605","0.111111"
"2150228605","2120215974","0.111111"
"2120215974","2401617229","0.620635"
"2401617229","2120215974","0.620635"
"2136245903","2137786570","0.194444"
"2137786570","2136245903","0.194444"
"2136245903","2150228605","0.111111"
"2150228605","2136245903","0.111111"
"2136245903","2401617229","0.722222"
"2401617229","2136245903","0.722222"
"2137786570","2150228605","0.111111"
"2150228605","2137786570","0.111111"
"2137786570","2401617229","0.503968"
"2401617229","2137786570","0.503968"
"2150228605","2401617229","0.111111"
"2401617229","2150228605","0.111111"
"1530266714","77946476","0.2"
"77946476","1530266714","0.2"
"2049867480","2145802904","17.3167"
"2145802904","2049867480","17.3167"
"2049867480","77946476","5.975"
"77946476","2049867480","5.975"
"2145802904","324032601","1.2"
"324032601","2145802904","1.2"
"2145802904","77946476","7.85"
"77946476","2145802904","7.85"
"2156453323","77946476","2.34167"
"77946476","2156453323","2.34167"
"324032601","77946476","0.65"
"77946476","324032601","0.65"
"1530266714","2131523719","0.166667"
"2131523719","1530266714","0.166667"
"1530266714","2151135920","0.166667"
"2151135920","1530266714","0.166667"
"1530266714","2163764145","0.166667"
"2163764145","1530266714","0.166667"
"1559961194","2131523719","0.166667"
"2131523719","1559961194","0.166667"
"1559961194","2145802904","0.5"
"2145802904","1559961194","0.5"
"1559961194","2151135920","0.166667"
"2151135920","1559961194","0.166667"
"1559961194","2163764145","2.16667"
"2163764145","1559961194","2.16667"
"2131523719","2145802904","0.833333"
"2145802904","2131523719","0.833333"
"2131523719","2156453323","0.366667"
"2156453323","2131523719","0.366667"
"2131523719","2163764145","0.666667"
"2163764145","2131523719","0.666667"
"2145802904","2151135920","0.7"
"2151135920","2145802904","0.7"
"2145802904","2163764145","0.166667"
"2163764145","2145802904","0.166667"
"2151135920","2156453323","4.89915"
"2156453323","2151135920","4.89915"
"2151135920","2163764145","0.166667"
"2163764145","2151135920","0.166667"
"2156453323","2163764145","1.16667"
"2163764145","2156453323","1.16667"
"1536898727","2165597437","5.5"
"2165597437","1536898727","5.5"
"1536898727","2102970979","5.30952"
"2102970979","1536898727","5.30952"
"1536898727","2100583963","3.39286"
"2100583963","1536898727","3.39286"
"1536898727","1586807939","1.5"
"1586807939","1536898727","1.5"
"1536898727","2165952552","0.75"
"2165952552","1536898727","0.75"
"1586807939","2165952552","1"
"2165952552","1586807939","1"
"1536898727","2134073393","1.5"
"2134073393","1536898727","1.5"
"1536898727","2014589236","0.142857"
"2014589236","1536898727","0.142857"
"1536898727","2089560940","0.142857"
"2089560940","1536898727","0.142857"
"1536898727","2401617229","1.14286"
"2401617229","1536898727","1.14286"
"2014589236","2089560940","5.34683"
"2089560940","2014589236","5.34683"
"2014589236","2401617229","5.14683"
"2401617229","2014589236","5.14683"
"2089560940","2100583963","0.949939"
"2100583963","2089560940","0.949939"
"2089560940","2102970979","10.8682"
"2102970979","2089560940","10.8682"
"2089560940","2119251836","7.892"
"2119251836","2089560940","7.892"
"2089560940","2151135920","28.4611"
"2151135920","2089560940","28.4611"
"2089560940","2401617229","1.93016"
"2401617229","2089560940","1.93016"
"2100583963","2401617229","0.595238"
"2401617229","2100583963","0.595238"
"2119251836","2401617229","22.8468"
"2401617229","2119251836","22.8468"
"2151135920","2401617229","24.9302"
"2401617229","2151135920","24.9302"
"2100583963","2131523719","14.6595"
"2131523719","2100583963","14.6595"
"1536898727","1797591744","0.25"
"1797591744","1536898727","0.25"
"1536898727","2137786570","0.25"
"2137786570","1536898727","0.25"
"1797591744","2100583963","9.39167"
"2100583963","1797591744","9.39167"
"1797591744","2137786570","1.10833"
"2137786570","1797591744","1.10833"
"1797591744","2165952552","1.45"
"2165952552","1797591744","1.45"
"2100583963","2137786570","43.1313"
"2137786570","2100583963","43.1313"
"2100583963","2165952552","13.3682"
"2165952552","2100583963","13.3682"
"2137786570","2165952552","12.954"
"2165952552","2137786570","12.954"
"1536898727","1552056088","0.5"
"1552056088","1536898727","0.5"
"1552056088","2134073393","0.5"
"2134073393","1552056088","0.5"
"1536898727","2033029512","0.5"
"2033029512","1536898727","0.5"
"1536898727","324032601","0.5"
"324032601","1536898727","0.5"
"1536898727","2138517425","0.5"
"2138517425","1536898727","0.5"
"2138517425","2401617229","3.80952"
"2401617229","2138517425","3.80952"
"1540288238","2014589236","0.166667"
"2014589236","1540288238","0.166667"
"1540288238","2033029512","0.166667"
"2033029512","1540288238","0.166667"
"1540288238","2102970979","0.166667"
"2102970979","1540288238","0.166667"
"1540288238","2138517425","0.166667"
"2138517425","1540288238","0.166667"
"1540288238","2151135920","0.166667"
"2151135920","1540288238","0.166667"
"1540288238","2578771209","0.166667"
"2578771209","1540288238","0.166667"
"2014589236","2033029512","0.166667"
"2033029512","2014589236","0.166667"
"2014589236","2138517425","0.416667"
"2138517425","2014589236","0.416667"
"2014589236","2578771209","0.166667"
"2578771209","2014589236","0.166667"
"2033029512","2102970979","0.5"
"2102970979","2033029512","0.5"
"2033029512","2151135920","0.166667"
"2151135920","2033029512","0.166667"
"2033029512","2578771209","9"
"2578771209","2033029512","9"
"2102970979","2138517425","6.25952"
"2138517425","2102970979","6.25952"
"2102970979","2578771209","0.5"
"2578771209","2102970979","0.5"
"2138517425","2151135920","2.58333"
"2151135920","2138517425","2.58333"
"2138517425","2578771209","6.66667"
"2578771209","2138517425","6.66667"
"2151135920","2578771209","0.666667"
"2578771209","2151135920","0.666667"
"1542850339","2101094360","1"
"2101094360","1542850339","1"
"1542850339","2911408682","1"
"2911408682","1542850339","1"
"1543478129","1955645522","1"
"1955645522","1543478129","1"
"1955645522","2169868363","1"
"2169868363","1955645522","1"
"1543478129","2137786570","3.08333"
"2137786570","1543478129","3.08333"
"2094415856","2102970979","0.333333"
"2102970979","2094415856","0.333333"
"1543478129","2089560940","0.333333"
"2089560940","1543478129","0.333333"
"1543478129","2151135920","1.33333"
"2151135920","1543478129","1.33333"
"2094415856","2110986027","0.533333"
"2110986027","2094415856","0.533333"
"1543478129","1809664600","0.833333"
"1809664600","1543478129","0.833333"
"1543478129","2039244047","0.2"
"2039244047","1543478129","0.2"
"1693301795","2039244047","0.7"
"2039244047","1693301795","0.7"
"1976371754","2039244047","0.2"
"2039244047","1976371754","0.2"
"1976371754","2405282478","0.7"
"2405282478","1976371754","0.7"
"2039244047","2169868363","0.2"
"2169868363","2039244047","0.2"
"2039244047","2405282478","0.2"
"2405282478","2039244047","0.2"
"1543478129","2114275288","0.583333"
"2114275288","1543478129","0.583333"
"1543478129","2399597187","0.333333"
"2399597187","1543478129","0.333333"
"2102970979","2114275288","5"
"2114275288","2102970979","5"
"2102970979","2399597187","0.333333"
"2399597187","2102970979","0.333333"
"2114275288","2399597187","5.5"
"2399597187","2114275288","5.5"
"1543478129","2119251836","0.416667"
"2119251836","1543478129","0.416667"
"1543478129","2049867480","0.0833333"
"2049867480","1543478129","0.0833333"
"1543478129","2057330156","0.0833333"
"2057330156","1543478129","0.0833333"
"1543478129","2131875129","0.416667"
"2131875129","1543478129","0.416667"
"1543478129","2136245903","0.0833333"
"2136245903","1543478129","0.0833333"
"1543478129","2156453323","0.0833333"
"2156453323","1543478129","0.0833333"
"1543478129","2165597437","0.0833333"
"2165597437","1543478129","0.0833333"
"1543478129","324032601","0.0833333"
"324032601","1543478129","0.0833333"
"2049867480","2057330156","2.46145"
"2057330156","2049867480","2.46145"
"2049867480","2100583963","3.5678"
"2100583963","2049867480","3.5678"
"2049867480","2102970979","20.2694"
"2102970979","2049867480","20.2694"
"2049867480","2110986027","0.160256"
"2110986027","2049867480","0.160256"
"2049867480","2119251836","10.542"
"2119251836","2049867480","10.542"
"2049867480","2136245903","0.947558"
"2136245903","2049867480","0.947558"
"2049867480","2137786570","8.91071"
"2137786570","2049867480","8.91071"
"2049867480","2165597437","1.69042"
"2165597437","2049867480","1.69042"
"2057330156","2100583963","0.285256"
"2100583963","2057330156","0.285256"
"2057330156","2110986027","0.160256"
"2110986027","2057330156","0.160256"
"2057330156","2131875129","0.303114"
"2131875129","2057330156","0.303114"
"2057330156","2136245903","0.303114"
"2136245903","2057330156","0.303114"
"2057330156","2137786570","0.208333"
"2137786570","2057330156","0.208333"
"2057330156","2165597437","2.55311"
"2165597437","2057330156","2.55311"
"2057330156","324032601","3.86026"
"324032601","2057330156","3.86026"
"2100583963","2131875129","8.45867"
"2131875129","2100583963","8.45867"
"2100583963","2136245903","0.160256"
"2136245903","2100583963","0.160256"
"2100583963","2156453323","0.596368"
"2156453323","2100583963","0.596368"
"2100583963","324032601","1.66026"
"324032601","2100583963","1.66026"
"2102970979","2131875129","6.95867"
"2131875129","2102970979","6.95867"
"2110986027","2131875129","0.160256"
"2131875129","2110986027","0.160256"
"2110986027","2136245903","0.160256"
"2136245903","2110986027","0.160256"
"2110986027","2137786570","0.0833333"
"2137786570","2110986027","0.0833333"
"2110986027","2156453323","0.160256"
"2156453323","2110986027","0.160256"
"2110986027","2165597437","0.160256"
"2165597437","2110986027","0.160256"
"2110986027","324032601","0.160256"
"324032601","2110986027","0.160256"
"2119251836","2131875129","3.18803"
"2131875129","2119251836","3.18803"
"2119251836","2136245903","12.688"
"2136245903","2119251836","12.688"
"2119251836","2137786570","3.98333"
"2137786570","2119251836","3.98333"
"2131875129","2136245903","1.00311"
"2136245903","2131875129","1.00311"
"2131875129","2137786570","1.34444"
"2137786570","2131875129","1.34444"
"2131875129","2156453323","4.98089"
"2156453323","2131875129","4.98089"
"2131875129","2165597437","1.00708"
"2165597437","2131875129","1.00708"
"2131875129","324032601","0.910256"
"324032601","2131875129","0.910256"
"2136245903","2156453323","0.780891"
"2156453323","2136245903","0.780891"
"2136245903","2165597437","0.503114"
"2165597437","2136245903","0.503114"
"2136245903","324032601","1.27137"
"324032601","2136245903","1.27137"
"2137786570","2156453323","0.408333"
"2156453323","2137786570","0.408333"
"2137786570","2165597437","2.56667"
"2165597437","2137786570","2.56667"
"2137786570","324032601","1.33333"
"324032601","2137786570","1.33333"
"2156453323","2165597437","1.19756"
"2165597437","2156453323","1.19756"
"2165597437","324032601","1.91026"
"324032601","2165597437","1.91026"
"2094568767","2131875129","1.33333"
"2131875129","2094568767","1.33333"
"2131875129","2405282478","0.333333"
"2405282478","2131875129","0.333333"
"1543478129","2147929033","0.333333"
"2147929033","1543478129","0.333333"
"2110986027","2147929033","2.33333"
"2147929033","2110986027","2.33333"
"2147929033","2405282478","0.333333"
"2405282478","2147929033","0.333333"
"1543478129","1578479379","1.25"
"1578479379","1543478129","1.25"
"1578479379","2110986027","0.25"
"2110986027","1578479379","0.25"
"1578479379","2114275288","14.3333"
"2114275288","1578479379","14.3333"
"1578479379","2405282478","0.25"
"2405282478","1578479379","0.25"
"2110986027","2114275288","0.25"
"2114275288","2110986027","0.25"
"1543478129","2163764145","2"
"2163764145","1543478129","2"
"1543478129","2401617229","0.833333"
"2401617229","1543478129","0.833333"
"2094568767","2401617229","0.833333"
"2401617229","2094568767","0.833333"
"2110986027","2401617229","0.333333"
"2401617229","2110986027","0.333333"
"1543478129","2014589236","1.5"
"2014589236","1543478129","1.5"
"1543478129","2117798902","0.833333"
"2117798902","1543478129","0.833333"
"2117798902","2401617229","4.14286"
"2401617229","2117798902","4.14286"
"2094568767","2117798902","0.333333"
"2117798902","2094568767","0.333333"
"2110986027","2117798902","0.333333"
"2117798902","2110986027","0.333333"
"2014589236","2110986027","0.5"
"2110986027","2014589236","0.5"
"1543993937","2013940778","1.33333"
"2013940778","1543993937","1.33333"
"1543993937","2102881299","2"
"2102881299","1543993937","2"
"1543993937","2147929033","1"
"2147929033","1543993937","1"
"1543993937","1693301795","0.333333"
"1693301795","1543993937","0.333333"
"1543993937","1809664600","0.333333"
"1809664600","1543993937","0.333333"
"1543993937","2094568767","0.333333"
"2094568767","1543993937","0.333333"
"1809664600","2094568767","3.16667"
"2094568767","1809664600","3.16667"
"1543993937","2102970979","0.333333"
"2102970979","1543993937","0.333333"
"1543993937","2108409407","0.333333"
"2108409407","1543993937","0.333333"
"1543993937","26540491","0.333333"
"26540491","1543993937","0.333333"
"2102970979","2108409407","1.33333"
"2108409407","2102970979","1.33333"
"2102970979","26540491","0.333333"
"26540491","2102970979","0.333333"
"2108409407","26540491","1.33333"
"26540491","2108409407","1.33333"
"1543993937","2099817583","0.333333"
"2099817583","1543993937","0.333333"
"1543993937","2154448764","0.333333"
"2154448764","1543993937","0.333333"
"2013940778","2099817583","0.333333"
"2099817583","2013940778","0.333333"
"2013940778","2154448764","0.333333"
"2154448764","2013940778","0.333333"
"2099817583","2154448764","0.333333"
"2154448764","2099817583","0.333333"
"1552056088","2049867480","3.21667"
"2049867480","1552056088","3.21667"
"1552056088","2131523719","6.83333"
"2131523719","1552056088","6.83333"
"1552056088","2137786570","42.4873"
"2137786570","1552056088","42.4873"
"1552056088","2151135920","4.24444"
"2151135920","1552056088","4.24444"
"1552056088","2912192668","2.8"
"2912192668","1552056088","2.8"
"2049867480","2131523719","5.60952"
"2131523719","2049867480","5.60952"
"2049867480","2151135920","14.911"
"2151135920","2049867480","14.911"
"2049867480","2912192668","3.05"
"2912192668","2049867480","3.05"
"2131523719","2137786570","44.3762"
"2137786570","2131523719","44.3762"
"2131523719","2912192668","5.8"
"2912192668","2131523719","5.8"
"2137786570","2151135920","12.6968"
"2151135920","2137786570","12.6968"
"2137786570","2912192668","48.8"
"2912192668","2137786570","48.8"
"2151135920","2912192668","2.8"
"2912192668","2151135920","2.8"
"1552056088","2100583963","6.4373"
"2100583963","1552056088","6.4373"
"1552056088","2102970979","8.02063"
"2102970979","1552056088","8.02063"
"1552056088","2165952552","1.29444"
"2165952552","1552056088","1.29444"
"2102970979","2131523719","24.2667"
"2131523719","2102970979","24.2667"
"2102970979","2165952552","31.4515"
"2165952552","2102970979","31.4515"
"2131523719","2165952552","1.4"
"2165952552","2131523719","1.4"
"1552056088","1829301546","0.111111"
"1829301546","1552056088","0.111111"
"1552056088","2014589236","0.111111"
"2014589236","1552056088","0.111111"
"1552056088","2108767597","0.277778"
"2108767597","1552056088","0.277778"
"1552056088","2131875129","0.527778"
"2131875129","1552056088","0.527778"
"1829301546","2014589236","0.111111"
"2014589236","1829301546","0.111111"
"1829301546","2100583963","1.11111"
"2100583963","1829301546","1.11111"
"1829301546","2102970979","1.11111"
"2102970979","1829301546","1.11111"
"1829301546","2108767597","0.111111"
"2108767597","1829301546","0.111111"
"1829301546","2131875129","0.111111"
"2131875129","1829301546","0.111111"
"1829301546","2137786570","0.111111"
"2137786570","1829301546","0.111111"
"1829301546","2151135920","0.111111"
"2151135920","1829301546","0.111111"
"1829301546","2165952552","1.94444"
"2165952552","1829301546","1.94444"
"2014589236","2108767597","0.111111"
"2108767597","2014589236","0.111111"
"2014589236","2131875129","2.7373"
"2131875129","2014589236","2.7373"
"2014589236","2137786570","0.896825"
"2137786570","2014589236","0.896825"
"2014589236","2165952552","0.420635"
"2165952552","2014589236","0.420635"
"2100583963","2108767597","0.611111"
"2108767597","2100583963","0.611111"
"2102970979","2108767597","0.277778"
"2108767597","2102970979","0.277778"
"2108767597","2131875129","0.111111"
"2131875129","2108767597","0.111111"
"2108767597","2137786570","0.277778"
"2137786570","2108767597","0.277778"
"2108767597","2151135920","0.111111"
"2151135920","2108767597","0.111111"
"2108767597","2165952552","0.611111"
"2165952552","2108767597","0.611111"
"2131875129","2151135920","2.80867"
"2151135920","2131875129","2.80867"
"2131875129","2165952552","2.00867"
"2165952552","2131875129","2.00867"
"2151135920","2165952552","2.25153"
"2165952552","2151135920","2.25153"
"1552056088","1955645522","1"
"1955645522","1552056088","1"
"1552056088","2123365370","1.11667"
"2123365370","1552056088","1.11667"
"2100583963","2123365370","1.36667"
"2123365370","2100583963","1.36667"
"2102970979","2123365370","1.61667"
"2123365370","2102970979","1.61667"
"2108767597","2123365370","0.166667"
"2123365370","2108767597","0.166667"
"2123365370","2137786570","3.61667"
"2137786570","2123365370","3.61667"
"2123365370","2165952552","0.616667"
"2165952552","2123365370","0.616667"
"1552056088","2165597437","1.2"
"2165597437","1552056088","1.2"
"1552056088","1601184934","0.642857"
"1601184934","1552056088","0.642857"
"1552056088","2088846575","3.5"
"2088846575","1552056088","3.5"
"1552056088","2163764145","1.5"
"2163764145","1552056088","1.5"
"2137786570","2163764145","2.5"
"2163764145","2137786570","2.5"
"2088846575","2137786570","0.5"
"2137786570","2088846575","0.5"
"1552056088","1559961194","0.142857"
"1559961194","1552056088","0.142857"
"1552056088","1579427489","0.142857"
"1579427489","1552056088","0.142857"
"1552056088","43386570","0.142857"
"43386570","1552056088","0.142857"
"1559961194","1579427489","0.142857"
"1579427489","1559961194","0.142857"
"1559961194","1601184934","0.142857"
"1601184934","1559961194","0.142857"
"1559961194","2100583963","0.142857"
"2100583963","1559961194","0.142857"
"1559961194","2102970979","0.142857"
"2102970979","1559961194","0.142857"
"1559961194","2137786570","0.142857"
"2137786570","1559961194","0.142857"
"1559961194","43386570","0.142857"
"43386570","1559961194","0.142857"
"1579427489","1601184934","0.642857"
"1601184934","1579427489","0.642857"
"1579427489","2100583963","0.142857"
"2100583963","1579427489","0.142857"
"1579427489","2102970979","2.14286"
"2102970979","1579427489","2.14286"
"1579427489","2137786570","0.142857"
"2137786570","1579427489","0.142857"
"1579427489","43386570","0.142857"
"43386570","1579427489","0.142857"
"1601184934","2100583963","1.14286"
"2100583963","1601184934","1.14286"
"1601184934","43386570","0.142857"
"43386570","1601184934","0.142857"
"2100583963","43386570","0.142857"
"43386570","2100583963","0.142857"
"2102970979","43386570","0.142857"
"43386570","2102970979","0.142857"
"2137786570","43386570","0.142857"
"43386570","2137786570","0.142857"
"1552056088","2114275288","1"
"2114275288","1552056088","1"
"2165597437","2165952552","1.03089"
"2165952552","2165597437","1.03089"
"2049867480","2165952552","2.80708"
"2165952552","2049867480","2.80708"
"1552056088","1959318606","0.5"
"1959318606","1552056088","0.5"
"1552056088","2150228605","0.5"
"2150228605","1552056088","0.5"
"1959318606","2150228605","92.5"
"2150228605","1959318606","92.5"
"1552056088","2119251836","0.25"
"2119251836","1552056088","0.25"
"2119251836","2123365370","0.25"
"2123365370","2119251836","0.25"
"1552056088","2741933435","2"
"2741933435","1552056088","2"
"1552056088","2774423163","5.5"
"2774423163","1552056088","5.5"
"1552056088","2963431851","1.5"
"2963431851","1552056088","1.5"
"1552056088","2625220439","1"
"2625220439","1552056088","1"
"1552056088","2759471388","1"
"2759471388","1552056088","1"
"1559961194","1955645522","1"
"1955645522","1559961194","1"
"1559961194","2123365370","1"
"2123365370","1559961194","1"
"1559961194","2049867480","0.333333"
"2049867480","1559961194","0.333333"
"1575613352","2165597437","1"
"2165597437","1575613352","1"
"1578473972","2137786570","1"
"2137786570","1578473972","1"
"1578479156","2118878434","1"
"2118878434","1578479156","1"
"1578479156","2134073393","3"
"2134073393","1578479156","3"
"1578479379","2137786570","2.25"
"2137786570","1578479379","2.25"
"1578479379","2165597437","1"
"2165597437","1578479379","1"
"2131523719","2165597437","2"
"2165597437","2131523719","2"
"2114275288","2165597437","3"
"2165597437","2114275288","3"
"1578479379","2119251836","3.25"
"2119251836","1578479379","3.25"
"1578479379","2014589236","0.5"
"2014589236","1578479379","0.5"
"1578479379","2102970979","0.75"
"2102970979","1578479379","0.75"
"1578479379","179206494","0.5"
"179206494","1578479379","0.5"
"179206494","2114275288","0.5"
"2114275288","179206494","0.5"
"1578479379","2151135920","0.333333"
"2151135920","1578479379","0.333333"
"1578479379","2165952552","0.333333"
"2165952552","1578479379","0.333333"
"1578479379","2044117262","1"
"2044117262","1578479379","1"
"1578479379","2163764145","0.5"
"2163764145","1578479379","0.5"
"2114275288","2187373861","37.6667"
"2187373861","2114275288","37.6667"
"2114275288","2119251836","4.41667"
"2119251836","2114275288","4.41667"
"2114275288","2137786570","3.75"
"2137786570","2114275288","3.75"
"1578479379","2033029512","1.5"
"2033029512","1578479379","1.5"
"2033029512","2114275288","0.5"
"2114275288","2033029512","0.5"
"1578479379","2401617229","0.333333"
"2401617229","1578479379","0.333333"
"2114275288","2401617229","4.83333"
"2401617229","2114275288","4.83333"
"2187373861","2401617229","1.5"
"2401617229","2187373861","1.5"
"1578479379","2156453323","1"
"2156453323","1578479379","1"
"2114275288","2131523719","2.83333"
"2131523719","2114275288","2.83333"
"1578479379","77946476","1"
"77946476","1578479379","1"
"1578479379","2578771209","1"
"2578771209","1578479379","1"
"1579427489","1955645522","8"
"1955645522","1579427489","8"
"1579427489","2150228605","11.25"
"2150228605","1579427489","11.25"
"1579427489","2136262545","1.25"
"2136262545","1579427489","1.25"
"1579427489","2145802904","0.25"
"2145802904","1579427489","0.25"
"1579427489","2156453323","1.25"
"2156453323","1579427489","1.25"
"2136262545","2145802904","0.25"
"2145802904","2136262545","0.25"
"2136262545","2156453323","0.25"
"2156453323","2136262545","0.25"
"2145802904","2150228605","0.75"
"2150228605","2145802904","0.75"
"2150228605","2156453323","0.25"
"2156453323","2150228605","0.25"
"1579427489","2117984332","1"
"2117984332","1579427489","1"
"1579427489","2147929033","1"
"2147929033","1579427489","1"
"1579427489","1959318606","0.5"
"1959318606","1579427489","0.5"
"1586807939","2102970979","5.41667"
"2102970979","1586807939","5.41667"
"1586807939","2137569638","21.5833"
"2137569638","1586807939","21.5833"
"2102970979","2137569638","13.45"
"2137569638","2102970979","13.45"
"1586807939","2107135371","1.83333"
"2107135371","1586807939","1.83333"
"1586807939","2134073393","2.33333"
"2134073393","1586807939","2.33333"
"2107135371","2134073393","8.66667"
"2134073393","2107135371","8.66667"
"2107135371","2137569638","5.16667"
"2137569638","2107135371","5.16667"
"2134073393","2137569638","12"
"2137569638","2134073393","12"
"1586807939","2014589236","0.416667"
"2014589236","1586807939","0.416667"
"1586807939","2151135920","0.416667"
"2151135920","1586807939","0.416667"
"2014589236","2137569638","1"
"2137569638","2014589236","1"
"2137569638","2151135920","4.75"
"2151135920","2137569638","4.75"
"1586807939","2163764145","1"
"2163764145","1586807939","1"
"1586807939","2049867480","0.666667"
"2049867480","1586807939","0.666667"
"1586807939","2131523719","0.166667"
"2131523719","1586807939","0.166667"
"1586807939","2136245903","0.166667"
"2136245903","1586807939","0.166667"
"2014589236","2049867480","6.30635"
"2049867480","2014589236","6.30635"
"2014589236","2131523719","18.7262"
"2131523719","2014589236","18.7262"
"2014589236","2136245903","3.20397"
"2136245903","2014589236","3.20397"
"2131523719","2136245903","3.91667"
"2136245903","2131523719","3.91667"
"2136245903","2151135920","6.02137"
"2151135920","2136245903","6.02137"
"1586807939","2117798902","0.5"
"2117798902","1586807939","0.5"
"2117798902","2134073393","0.5"
"2134073393","2117798902","0.5"
"1601184934","2165952552","0.333333"
"2165952552","1601184934","0.333333"
