"102593041","2084149425","2.83333"
"2084149425","102593041","2.83333"
"102593041","1577936578","0.5"
"1577936578","102593041","0.5"
"102593041","1989488733","0.642857"
"1989488733","102593041","0.642857"
"1577936578","1989488733","1.07897"
"1989488733","1577936578","1.07897"
"102593041","1965387389","0.5"
"1965387389","102593041","0.5"
"1965387389","2084149425","0.5"
"2084149425","1965387389","0.5"
"102593041","1583398080","0.25"
"1583398080","102593041","0.25"
"102593041","2016471739","0.25"
"2016471739","102593041","0.25"
"102593041","2063929696","0.392857"
"2063929696","102593041","0.392857"
"102593041","2150012061","0.25"
"2150012061","102593041","0.25"
"1583398080","2016471739","0.25"
"2016471739","1583398080","0.25"
"1583398080","2063929696","0.25"
"2063929696","1583398080","0.25"
"1583398080","2150012061","0.25"
"2150012061","1583398080","0.25"
"2016471739","2063929696","0.25"
"2063929696","2016471739","0.25"
"2016471739","2150012061","0.25"
"2150012061","2016471739","0.25"
"2063929696","2150012061","0.25"
"2150012061","2063929696","0.25"
"102593041","170866839","0.142857"
"170866839","102593041","0.142857"
"102593041","2032547610","0.142857"
"2032547610","102593041","0.142857"
"102593041","2048194152","0.142857"
"2048194152","102593041","0.142857"
"102593041","2069276410","0.142857"
"2069276410","102593041","0.142857"
"102593041","2085861708","0.142857"
"2085861708","102593041","0.142857"
"170866839","1989488733","0.142857"
"1989488733","170866839","0.142857"
"170866839","2032547610","0.142857"
"2032547610","170866839","0.142857"
"170866839","2048194152","0.342857"
"2048194152","170866839","0.342857"
"170866839","2063929696","0.142857"
"2063929696","170866839","0.142857"
"170866839","2069276410","0.342857"
"2069276410","170866839","0.342857"
"170866839","2085861708","0.342857"
"2085861708","170866839","0.342857"
"1989488733","2032547610","0.521825"
"2032547610","1989488733","0.521825"
"1989488733","2048194152","0.998016"
"2048194152","1989488733","0.998016"
"1989488733","2063929696","0.632937"
"2063929696","1989488733","0.632937"
"1989488733","2069276410","0.998016"
"2069276410","1989488733","0.998016"
"1989488733","2085861708","1.66468"
"2085861708","1989488733","1.66468"
"2032547610","2048194152","1.52183"
"2048194152","2032547610","1.52183"
"2032547610","2063929696","0.878968"
"2063929696","2032547610","0.878968"
"2032547610","2069276410","0.521825"
"2069276410","2032547610","0.521825"
"2032547610","2085861708","1.02183"
"2085861708","2032547610","1.02183"
"2048194152","2063929696","2.02183"
"2063929696","2048194152","2.02183"
"2048194152","2069276410","5.84087"
"2069276410","2048194152","5.84087"
"2048194152","2085861708","4.50754"
"2085861708","2048194152","4.50754"
"2063929696","2069276410","0.521825"
"2069276410","2063929696","0.521825"
"2063929696","2085861708","0.521825"
"2085861708","2063929696","0.521825"
"2069276410","2085861708","2.84087"
"2085861708","2069276410","2.84087"
"102593041","1574162528","0.333333"
"1574162528","102593041","0.333333"
"102593041","2109902270","0.333333"
"2109902270","102593041","0.333333"
"1574162528","2084149425","1.33333"
"2084149425","1574162528","1.33333"
"1574162528","2109902270","1.83333"
"2109902270","1574162528","1.83333"
"2084149425","2109902270","0.333333"
"2109902270","2084149425","0.333333"
"143651745","1559222974","7.58333"
"1559222974","143651745","7.58333"
"143651745","1602290867","2.25"
"1602290867","143651745","2.25"
"143651745","2526022981","1.5"
"2526022981","143651745","1.5"
"1602290867","2526022981","5.75"
"2526022981","1602290867","5.75"
"143651745","1556602450","1.83333"
"1556602450","143651745","1.83333"
"143651745","2020499794","1"
"2020499794","143651745","1"
"143651745","1972479102","1"
"1972479102","143651745","1"
"143651745","1482005385","1.5"
"1482005385","143651745","1.5"
"1482005385","1602290867","1.61111"
"1602290867","1482005385","1.61111"
"143651745","1531217702","1.08333"
"1531217702","143651745","1.08333"
"1531217702","1556602450","1.16667"
"1556602450","1531217702","1.16667"
"1531217702","1559222974","8.58333"
"1559222974","1531217702","8.58333"
"1556602450","1559222974","0.333333"
"1559222974","1556602450","0.333333"
"143651745","2124406434","0.25"
"2124406434","143651745","0.25"
"1531217702","1602290867","0.583333"
"1602290867","1531217702","0.583333"
"1531217702","2124406434","1"
"2124406434","1531217702","1"
"1559222974","1602290867","0.25"
"1602290867","1559222974","0.25"
"1559222974","2124406434","1.25"
"2124406434","1559222974","1.25"
"1602290867","2124406434","0.25"
"2124406434","1602290867","0.25"
"1482005385","1581687089","1"
"1581687089","1482005385","1"
"1482005385","2135218192","1"
"2135218192","1482005385","1"
"1482005385","1573031235","1.11111"
"1573031235","1482005385","1.11111"
"1573031235","1602290867","3.86111"
"1602290867","1573031235","3.86111"
"1482005385","1549554234","0.111111"
"1549554234","1482005385","0.111111"
"1482005385","1559628144","0.111111"
"1559628144","1482005385","0.111111"
"1482005385","1689208167","0.111111"
"1689208167","1482005385","0.111111"
"1482005385","1989488733","0.111111"
"1989488733","1482005385","0.111111"
"1482005385","2063929696","0.111111"
"2063929696","1482005385","0.111111"
"1482005385","2069960115","0.111111"
"2069960115","1482005385","0.111111"
"1482005385","2167098219","0.111111"
"2167098219","1482005385","0.111111"
"1549554234","1559628144","1.55913"
"1559628144","1549554234","1.55913"
"1549554234","1573031235","5.23016"
"1573031235","1549554234","5.23016"
"1549554234","1602290867","0.111111"
"1602290867","1549554234","0.111111"
"1549554234","1689208167","0.111111"
"1689208167","1549554234","0.111111"
"1549554234","1989488733","1.91627"
"1989488733","1549554234","1.91627"
"1549554234","2063929696","1.24008"
"2063929696","1549554234","1.24008"
"1549554234","2069960115","0.111111"
"2069960115","1549554234","0.111111"
"1549554234","2167098219","0.444444"
"2167098219","1549554234","0.444444"
"1559628144","1573031235","1.48016"
"1573031235","1559628144","1.48016"
"1559628144","1602290867","0.111111"
"1602290867","1559628144","0.111111"
"1559628144","1689208167","0.111111"
"1689208167","1559628144","0.111111"
"1559628144","1989488733","0.832937"
"1989488733","1559628144","0.832937"
"1559628144","2063929696","0.740079"
"2063929696","1559628144","0.740079"
"1559628144","2069960115","0.611111"
"2069960115","1559628144","0.611111"
"1559628144","2167098219","0.111111"
"2167098219","1559628144","0.111111"
"1573031235","1689208167","0.611111"
"1689208167","1573031235","0.611111"
"1573031235","1989488733","1.50397"
"1989488733","1573031235","1.50397"
"1573031235","2063929696","1.00397"
"2063929696","1573031235","1.00397"
"1573031235","2069960115","0.111111"
"2069960115","1573031235","0.111111"
"1573031235","2167098219","0.111111"
"2167098219","1573031235","0.111111"
"1602290867","1689208167","0.611111"
"1689208167","1602290867","0.611111"
"1602290867","1989488733","0.111111"
"1989488733","1602290867","0.111111"
"1602290867","2063929696","0.111111"
"2063929696","1602290867","0.111111"
"1602290867","2069960115","0.111111"
"2069960115","1602290867","0.111111"
"1602290867","2167098219","0.111111"
"2167098219","1602290867","0.111111"
"1689208167","1989488733","3.11111"
"1989488733","1689208167","3.11111"
"1689208167","2063929696","0.111111"
"2063929696","1689208167","0.111111"
"1689208167","2069960115","0.111111"
"2069960115","1689208167","0.111111"
"1689208167","2167098219","0.111111"
"2167098219","1689208167","0.111111"
"1989488733","2069960115","0.111111"
"2069960115","1989488733","0.111111"
"1989488733","2167098219","0.444444"
"2167098219","1989488733","0.444444"
"2063929696","2069960115","0.111111"
"2069960115","2063929696","0.111111"
"2063929696","2167098219","0.111111"
"2167098219","2063929696","0.111111"
"2069960115","2167098219","0.111111"
"2167098219","2069960115","0.111111"
"1482005385","2098826135","1"
"2098826135","1482005385","1"
"1482356596","1552832232","0.25"
"1552832232","1482356596","0.25"
"1482356596","2013501977","0.25"
"2013501977","1482356596","0.25"
"1482356596","2055578544","0.25"
"2055578544","1482356596","0.25"
"1482356596","2089017636","0.25"
"2089017636","1482356596","0.25"
"1552832232","2013501977","0.375"
"2013501977","1552832232","0.375"
"1552832232","2055578544","1.08611"
"2055578544","1552832232","1.08611"
"1552832232","2089017636","3.11944"
"2089017636","1552832232","3.11944"
"2013501977","2055578544","0.375"
"2055578544","2013501977","0.375"
"2013501977","2089017636","1.375"
"2089017636","2013501977","1.375"
"2055578544","2089017636","1.22897"
"2089017636","2055578544","1.22897"
"1486779761","1493744513","0.5"
"1493744513","1486779761","0.5"
"1486779761","2027029674","0.5"
"2027029674","1486779761","0.5"
"1493744513","2027029674","0.5"
"2027029674","1493744513","0.5"
"1488058334","1496029610","0.375"
"1496029610","1488058334","0.375"
"1488058334","1552832232","2.875"
"1552832232","1488058334","2.875"
"1488058334","1575668825","0.875"
"1575668825","1488058334","0.875"
"1488058334","2162956214","0.5"
"2162956214","1488058334","0.5"
"1496029610","1552832232","1.13611"
"1552832232","1496029610","1.13611"
"1496029610","1575668825","1.15397"
"1575668825","1496029610","1.15397"
"1496029610","2162956214","1.04286"
"2162956214","1496029610","1.04286"
"1552832232","1575668825","12.3111"
"1575668825","1552832232","12.3111"
"1552832232","2162956214","3.53333"
"2162956214","1552832232","3.53333"
"1575668825","2162956214","4.38452"
"2162956214","1575668825","4.38452"
"1488058334","1527154380","0.5"
"1527154380","1488058334","0.5"
"1527154380","1552832232","2.39444"
"1552832232","1527154380","2.39444"
"1527154380","1575668825","4.06111"
"1575668825","1527154380","4.06111"
"1527154380","2162956214","1.36667"
"2162956214","1527154380","1.36667"
"1488058334","1526615740","0.25"
"1526615740","1488058334","0.25"
"1526615740","1527154380","0.25"
"1527154380","1526615740","0.25"
"1526615740","1552832232","0.25"
"1552832232","1526615740","0.25"
"1526615740","1575668825","0.25"
"1575668825","1526615740","0.25"
"1488058334","151929120","0.267857"
"151929120","1488058334","0.267857"
"1488058334","186148024","0.267857"
"186148024","1488058334","0.267857"
"1488058334","2013501977","0.125"
"2013501977","1488058334","0.125"
"1488058334","2055578544","0.267857"
"2055578544","1488058334","0.267857"
"1488058334","2089017636","0.267857"
"2089017636","1488058334","0.267857"
"1496029610","151929120","0.761111"
"151929120","1496029610","0.761111"
"1496029610","186148024","0.125"
"186148024","1496029610","0.125"
"1496029610","2013501977","0.125"
"2013501977","1496029610","0.125"
"1496029610","2055578544","0.486111"
"2055578544","1496029610","0.486111"
"1496029610","2089017636","0.686111"
"2089017636","1496029610","0.686111"
"151929120","1552832232","1.06111"
"1552832232","151929120","1.06111"
"151929120","1575668825","0.936111"
"1575668825","151929120","0.936111"
"151929120","186148024","0.467857"
"186148024","151929120","0.467857"
"151929120","2013501977","0.125"
"2013501977","151929120","0.125"
"151929120","2055578544","0.603968"
"2055578544","151929120","0.603968"
"151929120","2089017636","0.803968"
"2089017636","151929120","0.803968"
"1552832232","186148024","0.325"
"186148024","1552832232","0.325"
"1575668825","186148024","0.325"
"186148024","1575668825","0.325"
"1575668825","2013501977","0.125"
"2013501977","1575668825","0.125"
"1575668825","2055578544","0.711111"
"2055578544","1575668825","0.711111"
"1575668825","2089017636","3.74444"
"2089017636","1575668825","3.74444"
"186148024","2013501977","0.125"
"2013501977","186148024","0.125"
"186148024","2055578544","0.267857"
"2055578544","186148024","0.267857"
"186148024","2089017636","0.267857"
"2089017636","186148024","0.267857"
"1488058334","1563624434","0.142857"
"1563624434","1488058334","0.142857"
"1488058334","1979394411","0.142857"
"1979394411","1488058334","0.142857"
"1488058334","2064655547","0.142857"
"2064655547","1488058334","0.142857"
"151929120","1563624434","0.142857"
"1563624434","151929120","0.142857"
"151929120","1979394411","0.142857"
"1979394411","151929120","0.142857"
"151929120","2064655547","3.24286"
"2064655547","151929120","3.24286"
"1563624434","186148024","0.142857"
"186148024","1563624434","0.142857"
"1563624434","1979394411","0.142857"
"1979394411","1563624434","0.142857"
"1563624434","2055578544","0.142857"
"2055578544","1563624434","0.142857"
"1563624434","2064655547","0.142857"
"2064655547","1563624434","0.142857"
"1563624434","2089017636","0.142857"
"2089017636","1563624434","0.142857"
"186148024","1979394411","0.142857"
"1979394411","186148024","0.142857"
"186148024","2064655547","0.142857"
"2064655547","186148024","0.142857"
"1979394411","2055578544","0.142857"
"2055578544","1979394411","0.142857"
"1979394411","2064655547","0.142857"
"2064655547","1979394411","0.142857"
"1979394411","2089017636","0.142857"
"2089017636","1979394411","0.142857"
"2055578544","2064655547","0.367857"
"2064655547","2055578544","0.367857"
"2064655547","2089017636","0.367857"
"2089017636","2064655547","0.367857"
"1489475031","1539109640","0.25"
"1539109640","1489475031","0.25"
"1489475031","1572603698","0.25"
"1572603698","1489475031","0.25"
"1489475031","1581035783","3.75"
"1581035783","1489475031","3.75"
"1489475031","2158706160","0.25"
"2158706160","1489475031","0.25"
"1539109640","1572603698","5.11667"
"1572603698","1539109640","5.11667"
"1539109640","1581035783","0.25"
"1581035783","1539109640","0.25"
"1539109640","2158706160","0.25"
"2158706160","1539109640","0.25"
"1572603698","1581035783","0.25"
"1581035783","1572603698","0.25"
"1572603698","2158706160","0.25"
"2158706160","1572603698","0.25"
"1581035783","2158706160","0.25"
"2158706160","1581035783","0.25"
"1489475031","1492257397","0.5"
"1492257397","1489475031","0.5"
"1492257397","1581035783","0.5"
"1581035783","1492257397","0.5"
"1490244867","2051017044","1"
"2051017044","1490244867","1"
"1492022199","2008779390","17.65"
"2008779390","1492022199","17.65"
"1492022199","2141375261","11.4"
"2141375261","1492022199","11.4"
"2008779390","2141375261","23.35"
"2141375261","2008779390","23.35"
"1492022199","1574785216","10"
"1574785216","1492022199","10"
"1574785216","2008779390","27.4167"
"2008779390","1574785216","27.4167"
"1492022199","1603198476","0.2"
"1603198476","1492022199","0.2"
"1492022199","1959942577","8.35"
"1959942577","1492022199","8.35"
"1492022199","2127351027","1.03333"
"2127351027","1492022199","1.03333"
"1603198476","1959942577","0.258824"
"1959942577","1603198476","0.258824"
"1603198476","2008779390","0.2"
"2008779390","1603198476","0.2"
"1603198476","2127351027","0.258824"
"2127351027","1603198476","0.258824"
"1603198476","2141375261","0.2"
"2141375261","1603198476","0.2"
"1959942577","2008779390","14.9333"
"2008779390","1959942577","14.9333"
"1959942577","2127351027","5.57549"
"2127351027","1959942577","5.57549"
"1959942577","2141375261","45.2667"
"2141375261","1959942577","45.2667"
"2008779390","2127351027","1.92619"
"2127351027","2008779390","1.92619"
"2127351027","2141375261","4.85"
"2141375261","2127351027","4.85"
"1492022199","1549554234","0.25"
"1549554234","1492022199","0.25"
"1492022199","1573031235","0.25"
"1573031235","1492022199","0.25"
"1492022199","1577936578","0.25"
"1577936578","1492022199","0.25"
"1549554234","1577936578","1.17183"
"1577936578","1549554234","1.17183"
"1549554234","2008779390","0.25"
"2008779390","1549554234","0.25"
"1573031235","1577936578","0.392857"
"1577936578","1573031235","0.392857"
"1573031235","2008779390","0.25"
"2008779390","1573031235","0.25"
"1577936578","2008779390","0.25"
"2008779390","1577936578","0.25"
"1492022199","1547928704","1.33333"
"1547928704","1492022199","1.33333"
"1547928704","1959942577","2.87549"
"1959942577","1547928704","2.87549"
"1547928704","2141375261","7.55"
"2141375261","1547928704","7.55"
"1574785216","2141375261","18.7833"
"2141375261","1574785216","18.7833"
"1492022199","2027029674","1.36667"
"2027029674","1492022199","1.36667"
"1959942577","2027029674","15.55"
"2027029674","1959942577","15.55"
"2008779390","2027029674","1.41667"
"2027029674","2008779390","1.41667"
"2027029674","2141375261","6.76667"
"2141375261","2027029674","6.76667"
"1492022199","2013501977","0.733333"
"2013501977","1492022199","0.733333"
"1574785216","1959942577","4.75"
"1959942577","1574785216","4.75"
"1574785216","2013501977","0.333333"
"2013501977","1574785216","0.333333"
"1959942577","2013501977","2.21667"
"2013501977","1959942577","2.21667"
"1574785216","2127351027","3.41667"
"2127351027","1574785216","3.41667"
"1547928704","2008779390","2.86667"
"2008779390","1547928704","2.86667"
"1492022199","2145218911","0.2"
"2145218911","1492022199","0.2"
"1959942577","2145218911","0.983333"
"2145218911","1959942577","0.983333"
"2008779390","2013501977","1.67619"
"2013501977","2008779390","1.67619"
"2008779390","2145218911","0.45"
"2145218911","2008779390","0.45"
"2013501977","2141375261","1.43333"
"2141375261","2013501977","1.43333"
"2013501977","2145218911","0.2"
"2145218911","2013501977","0.2"
"2141375261","2145218911","2.56667"
"2145218911","2141375261","2.56667"
"1492022199","2408147222","0.583333"
"2408147222","1492022199","0.583333"
"1959942577","2408147222","0.916667"
"2408147222","1959942577","0.916667"
"2141375261","2408147222","1.66667"
"2408147222","2141375261","1.66667"
"2027029674","2408147222","1.08333"
"2408147222","2027029674","1.08333"
"1574785216","2027029674","2.83333"
"2027029674","1574785216","2.83333"
"1492022199","2283945092","1.45"
"2283945092","1492022199","1.45"
"1492022199","2914537709","0.95"
"2914537709","1492022199","0.95"
"1959942577","2283945092","4.58333"
"2283945092","1959942577","4.58333"
"1959942577","2914537709","3.38333"
"2914537709","1959942577","3.38333"
"2008779390","2283945092","3.36667"
"2283945092","2008779390","3.36667"
"2008779390","2914537709","2.11667"
"2914537709","2008779390","2.11667"
"2283945092","2914537709","19.4667"
"2914537709","2283945092","19.4667"
"2013501977","2027029674","0.85"
"2027029674","2013501977","0.85"
"2013501977","2283945092","1.1"
"2283945092","2013501977","1.1"
"2013501977","2914537709","0.65"
"2914537709","2013501977","0.65"
"2027029674","2283945092","3.8"
"2283945092","2027029674","3.8"
"2027029674","2914537709","1.76667"
"2914537709","2027029674","1.76667"
"1492257397","1922422098","1.5"
"1922422098","1492257397","1.5"
"1492257397","2084149425","2.5"
"2084149425","1492257397","2.5"
"1922422098","2084149425","0.5"
"2084149425","1922422098","0.5"
"1492257397","1572603698","1.5"
"1572603698","1492257397","1.5"
"1492257397","1539109640","2.5"
"1539109640","1492257397","2.5"
"1492257397","2114968665","2"
"2114968665","1492257397","2"
"1492257397","1526615740","0.583333"
"1526615740","1492257397","0.583333"
"1492257397","1531217702","0.25"
"1531217702","1492257397","0.25"
"1492257397","2104611964","0.25"
"2104611964","1492257397","0.25"
"1492257397","78375865","0.25"
"78375865","1492257397","0.25"
"1526615740","1531217702","0.25"
"1531217702","1526615740","0.25"
"1526615740","2104611964","1.54216"
"2104611964","1526615740","1.54216"
"1526615740","78375865","0.25"
"78375865","1526615740","0.25"
"1531217702","2104611964","0.25"
"2104611964","1531217702","0.25"
"1531217702","78375865","0.25"
"78375865","1531217702","0.25"
"2104611964","78375865","0.25"
"78375865","2104611964","0.25"
"1492257397","1987722341","1"
"1987722341","1492257397","1"
"1492257397","1959942577","1"
"1959942577","1492257397","1"
"1492257397","1697261200","3.33333"
"1697261200","1492257397","3.33333"
"1492257397","2020499794","0.333333"
"2020499794","1492257397","0.333333"
"1526615740","1697261200","0.333333"
"1697261200","1526615740","0.333333"
"1526615740","2020499794","1.23333"
"2020499794","1526615740","1.23333"
"1697261200","2020499794","0.333333"
"2020499794","1697261200","0.333333"
"1539109640","1697261200","0.7"
"1697261200","1539109640","0.7"
"1572603698","1697261200","0.7"
"1697261200","1572603698","0.7"
"1492257397","1547928704","1"
"1547928704","1492257397","1"
"1493316007","2142042466","1.14286"
"2142042466","1493316007","1.14286"
"1493316007","1978059051","0.142857"
"1978059051","1493316007","0.142857"
"1493316007","2099025562","0.142857"
"2099025562","1493316007","0.142857"
"1493316007","2108854759","0.142857"
"2108854759","1493316007","0.142857"
"1493316007","2123688058","0.142857"
"2123688058","1493316007","0.142857"
"1493316007","216052514","0.142857"
"216052514","1493316007","0.142857"
"1493316007","745782387","0.142857"
"745782387","1493316007","0.142857"
"1978059051","2099025562","0.47619"
"2099025562","1978059051","0.47619"
"1978059051","2108854759","0.142857"
"2108854759","1978059051","0.142857"
"1978059051","2123688058","0.142857"
"2123688058","1978059051","0.142857"
"1978059051","2142042466","0.142857"
"2142042466","1978059051","0.142857"
"1978059051","216052514","0.47619"
"216052514","1978059051","0.47619"
"1978059051","745782387","0.142857"
"745782387","1978059051","0.142857"
"2099025562","2108854759","0.142857"
"2108854759","2099025562","0.142857"
"2099025562","2123688058","0.142857"
"2123688058","2099025562","0.142857"
"2099025562","2142042466","0.642857"
"2142042466","2099025562","0.642857"
"2099025562","216052514","0.47619"
"216052514","2099025562","0.47619"
"2099025562","745782387","0.142857"
"745782387","2099025562","0.142857"
"2108854759","2123688058","0.142857"
"2123688058","2108854759","0.142857"
"2108854759","2142042466","0.642857"
"2142042466","2108854759","0.642857"
"2108854759","216052514","0.142857"
"216052514","2108854759","0.142857"
"2108854759","745782387","0.142857"
"745782387","2108854759","0.142857"
"2123688058","2142042466","0.142857"
"2142042466","2123688058","0.142857"
"2123688058","216052514","0.142857"
"216052514","2123688058","0.142857"
"2123688058","745782387","0.142857"
"745782387","2123688058","0.142857"
"2142042466","216052514","0.142857"
"216052514","2142042466","0.142857"
"2142042466","745782387","0.142857"
"745782387","2142042466","0.142857"
"216052514","745782387","0.142857"
"745782387","216052514","0.142857"
"1493744513","2056949817","15.9833"
"2056949817","1493744513","15.9833"
"1493744513","2087223825","32.9833"
"2087223825","1493744513","32.9833"
"2056949817","2087223825","7.61667"
"2087223825","2056949817","7.61667"
"1493744513","1516965625","16.8167"
"1516965625","1493744513","16.8167"
"1493744513","2014022156","14.0667"
"2014022156","1493744513","14.0667"
"1493744513","2028161339","49.7333"
"2028161339","1493744513","49.7333"
"2014022156","2028161339","11.7833"
"2028161339","2014022156","11.7833"
"1493744513","2616079580","7.66667"
"2616079580","1493744513","7.66667"
"1516965625","2028161339","6.7"
"2028161339","1516965625","6.7"
"1516965625","2056949817","4.36667"
"2056949817","1516965625","4.36667"
"2028161339","2056949817","10.2"
"2056949817","2028161339","10.2"
"1516965625","2087223825","4.78333"
"2087223825","1516965625","4.78333"
"2028161339","2087223825","11.7"
"2087223825","2028161339","11.7"
"1493744513","1976187021","0.833333"
"1976187021","1493744513","0.833333"
"1516965625","1976187021","0.166667"
"1976187021","1516965625","0.166667"
"1516965625","2014022156","4.53333"
"2014022156","1516965625","4.53333"
"1976187021","2014022156","0.5"
"2014022156","1976187021","0.5"
"1976187021","2028161339","0.833333"
"2028161339","1976187021","0.833333"
"1976187021","2056949817","0.166667"
"2056949817","1976187021","0.166667"
"1976187021","2087223825","0.5"
"2087223825","1976187021","0.5"
"2014022156","2056949817","6.2"
"2056949817","2014022156","6.2"
"2014022156","2087223825","6.78333"
"2087223825","2014022156","6.78333"
"1493744513","1569215146","0.95"
"1569215146","1493744513","0.95"
"1516965625","1569215146","0.2"
"1569215146","1516965625","0.2"
"1569215146","2028161339","0.2"
"2028161339","1569215146","0.2"
"1569215146","2056949817","1.45"
"2056949817","1569215146","1.45"
"1569215146","2087223825","0.45"
"2087223825","1569215146","0.45"
"2056949817","2616079580","1"
"2616079580","2056949817","1"
"2028161339","2616079580","1.16667"
"2616079580","2028161339","1.16667"
"2087223825","2616079580","1.5"
"2616079580","2087223825","1.5"
"1493744513","2071874999","0.333333"
"2071874999","1493744513","0.333333"
"2028161339","2071874999","0.333333"
"2071874999","2028161339","0.333333"
"2071874999","2087223825","0.333333"
"2087223825","2071874999","0.333333"
"1493744513","1961551075","2.95"
"1961551075","1493744513","2.95"
"1516965625","1961551075","0.2"
"1961551075","1516965625","0.2"
"1961551075","2014022156","2.7"
"2014022156","1961551075","2.7"
"1961551075","2056949817","1.36667"
"2056949817","1961551075","1.36667"
"1961551075","2087223825","1.45"
"2087223825","1961551075","1.45"
"1493744513","1965387389","0.5"
"1965387389","1493744513","0.5"
"1965387389","2087223825","0.5"
"2087223825","1965387389","0.5"
"1493744513","2055578544","0.25"
"2055578544","1493744513","0.25"
"2014022156","2055578544","0.25"
"2055578544","2014022156","0.25"
"2028161339","2055578544","0.25"
"2055578544","2028161339","0.25"
"2055578544","2056949817","0.25"
"2056949817","2055578544","0.25"
"1493744513","1518103323","0.366667"
"1518103323","1493744513","0.366667"
"1493744513","2113690491","0.166667"
"2113690491","1493744513","0.166667"
"1518103323","1961551075","0.166667"
"1961551075","1518103323","0.166667"
"1518103323","2014022156","0.366667"
"2014022156","1518103323","0.366667"
"1518103323","2028161339","0.366667"
"2028161339","1518103323","0.366667"
"1518103323","2056949817","0.366667"
"2056949817","1518103323","0.366667"
"1518103323","2113690491","0.166667"
"2113690491","1518103323","0.166667"
"1961551075","2028161339","1.5"
"2028161339","1961551075","1.5"
"1961551075","2113690491","0.166667"
"2113690491","1961551075","0.166667"
"2014022156","2113690491","0.166667"
"2113690491","2014022156","0.166667"
"2028161339","2113690491","0.166667"
"2113690491","2028161339","0.166667"
"2056949817","2113690491","0.166667"
"2113690491","2056949817","0.166667"
"1493744513","2000181148","0.916667"
"2000181148","1493744513","0.916667"
"2000181148","2014022156","2.66667"
"2014022156","2000181148","2.66667"
"2000181148","2028161339","1"
"2028161339","2000181148","1"
"1493744513","2135218192","1"
"2135218192","1493744513","1"
"1493744513","1574785216","0.333333"
"1574785216","1493744513","0.333333"
"1493744513","2408147222","0.333333"
"2408147222","1493744513","0.333333"
"1574785216","2028161339","0.333333"
"2028161339","1574785216","0.333333"
"1574785216","2408147222","0.333333"
"2408147222","1574785216","0.333333"
"2028161339","2408147222","0.333333"
"2408147222","2028161339","0.333333"
"1493744513","1524141280","0.533333"
"1524141280","1493744513","0.533333"
"1516965625","1524141280","0.533333"
"1524141280","1516965625","0.533333"
"1524141280","2014022156","0.533333"
"2014022156","1524141280","0.533333"
"1493744513","1582777245","1"
"1582777245","1493744513","1"
"1524141280","2028161339","0.2"
"2028161339","1524141280","0.2"
"1524141280","2087223825","0.2"
"2087223825","1524141280","0.2"
"1493744513","2008988195","0.75"
"2008988195","1493744513","0.75"
"1569215146","2008988195","1.58333"
"2008988195","1569215146","1.58333"
"2008988195","2056949817","0.75"
"2056949817","2008988195","0.75"
"2008988195","2087223825","0.25"
"2087223825","2008988195","0.25"
"1493744513","1752814146","0.25"
"1752814146","1493744513","0.25"
"1752814146","2014022156","0.75"
"2014022156","1752814146","0.75"
"1752814146","2056949817","0.25"
"2056949817","1752814146","0.25"
"1752814146","2087223825","0.25"
"2087223825","1752814146","0.25"
"1493744513","2141375261","0.666667"
"2141375261","1493744513","0.666667"
"2028161339","2141375261","0.666667"
"2141375261","2028161339","0.666667"
"2087223825","2141375261","0.333333"
"2141375261","2087223825","0.333333"
"1493744513","1998436947","1.08333"
"1998436947","1493744513","1.08333"
"1493744513","2034562114","0.25"
"2034562114","1493744513","0.25"
"1961551075","1998436947","0.25"
"1998436947","1961551075","0.25"
"1961551075","2034562114","0.25"
"2034562114","1961551075","0.25"
"1998436947","2034562114","6.75"
"2034562114","1998436947","6.75"
"1998436947","2056949817","0.583333"
"2056949817","1998436947","0.583333"
"2034562114","2056949817","1.25"
"2056949817","2034562114","1.25"
"2000181148","2056949817","0.25"
"2056949817","2000181148","0.25"
"2000181148","2087223825","0.583333"
"2087223825","2000181148","0.583333"
"1493744513","2087280674","0.25"
"2087280674","1493744513","0.25"
"2014022156","2087280674","0.25"
"2087280674","2014022156","0.25"
"2056949817","2087280674","0.25"
"2087280674","2056949817","0.25"
"2087223825","2087280674","0.25"
"2087280674","2087223825","0.25"
"1493744513","2008779390","0.5"
"2008779390","1493744513","0.5"
"2008779390","2028161339","0.5"
"2028161339","2008779390","0.5"
"1493744513","1559707925","0.75"
"1559707925","1493744513","0.75"
"1493744513","2346660823","0.25"
"2346660823","1493744513","0.25"
"1516965625","1559707925","0.25"
"1559707925","1516965625","0.25"
"1516965625","2346660823","0.25"
"2346660823","1516965625","0.25"
"1559707925","2087223825","0.25"
"2087223825","1559707925","0.25"
"1559707925","2346660823","1.89286"
"2346660823","1559707925","1.89286"
"2087223825","2346660823","0.25"
"2346660823","2087223825","0.25"
"2056949817","2141375261","0.666667"
"2141375261","2056949817","0.666667"
"1493744513","2545189819","0.333333"
"2545189819","1493744513","0.333333"
"1998436947","2545189819","0.333333"
"2545189819","1998436947","0.333333"
"2056949817","2545189819","0.333333"
"2545189819","2056949817","0.333333"
"1998436947","2087223825","0.5"
"2087223825","1998436947","0.5"
"1516965625","1518103323","0.2"
"1518103323","1516965625","0.2"
"2000181148","2616079580","0.333333"
"2616079580","2000181148","0.333333"
"1493744513","2032065483","0.5"
"2032065483","1493744513","0.5"
"1493744513","2293437809","0.5"
"2293437809","1493744513","0.5"
"2032065483","2293437809","1.5"
"2293437809","2032065483","1.5"
"1493744513","2769575004","1.2"
"2769575004","1493744513","1.2"
"2014022156","2769575004","0.7"
"2769575004","2014022156","0.7"
"2028161339","2769575004","0.7"
"2769575004","2028161339","0.7"
"2056949817","2769575004","0.7"
"2769575004","2056949817","0.7"
"2087223825","2769575004","0.2"
"2769575004","2087223825","0.2"
"1493744513","2761652747","0.25"
"2761652747","1493744513","0.25"
"1493744513","2908345802","0.5"
"2908345802","1493744513","0.5"
"2028161339","2761652747","0.25"
"2761652747","2028161339","0.25"
"2028161339","2908345802","2"
"2908345802","2028161339","2"
"2056949817","2761652747","0.25"
"2761652747","2056949817","0.25"
"2056949817","2908345802","0.25"
"2908345802","2056949817","0.25"
"2761652747","2908345802","0.25"
"2908345802","2761652747","0.25"
"1559707925","2008988195","0.5"
"2008988195","1559707925","0.5"
"1493744513","2975754231","0.25"
"2975754231","1493744513","0.25"
"2014022156","2908345802","1.25"
"2908345802","2014022156","1.25"
"2014022156","2975754231","0.25"
"2975754231","2014022156","0.25"
"2028161339","2975754231","0.25"
"2975754231","2028161339","0.25"
"2908345802","2975754231","0.25"
"2975754231","2908345802","0.25"
"1494513226","1578877315","1"
"1578877315","1494513226","1"
"1496029610","1553301576","0.361111"
"1553301576","1496029610","0.361111"
"1496029610","2064655547","0.125"
"2064655547","1496029610","0.125"
"1496029610","2103545844","0.378968"
"2103545844","1496029610","0.378968"
"1552832232","1553301576","2.46111"
"1553301576","1552832232","2.46111"
"1552832232","2064655547","0.225"
"2064655547","1552832232","0.225"
"1552832232","2103545844","1.08611"
"2103545844","1552832232","1.08611"
"1553301576","1575668825","1.66944"
"1575668825","1553301576","1.66944"
"1553301576","2055578544","0.711111"
"2055578544","1553301576","0.711111"
"1553301576","2064655547","0.225"
"2064655547","1553301576","0.225"
"1553301576","2089017636","0.961111"
"2089017636","1553301576","0.961111"
"1553301576","2103545844","1.08611"
"2103545844","1553301576","1.08611"
"1553301576","2162956214","0.35"
"2162956214","1553301576","0.35"
"1575668825","2064655547","0.225"
"2064655547","1575668825","0.225"
"1575668825","2103545844","1.5623"
"2103545844","1575668825","1.5623"
"2055578544","2103545844","0.586111"
"2103545844","2055578544","0.586111"
"2055578544","2162956214","0.6"
"2162956214","2055578544","0.6"
"2064655547","2103545844","0.225"
"2103545844","2064655547","0.225"
"2064655547","2162956214","0.558333"
"2162956214","2064655547","0.558333"
"2089017636","2103545844","1.08611"
"2103545844","2089017636","1.08611"
"2089017636","2162956214","2.63333"
"2162956214","2089017636","2.63333"
"2103545844","2162956214","0.95119"
"2162956214","2103545844","0.95119"
"1496029610","1527154380","0.311111"
"1527154380","1496029610","0.311111"
"1496029610","2003873056","0.111111"
"2003873056","1496029610","0.111111"
"151929120","1527154380","0.311111"
"1527154380","151929120","0.311111"
"151929120","1553301576","0.336111"
"1553301576","151929120","0.336111"
"151929120","2003873056","0.211111"
"2003873056","151929120","0.211111"
"151929120","2103545844","0.211111"
"2103545844","151929120","0.211111"
"1527154380","1553301576","0.444444"
"1553301576","1527154380","0.444444"
"1527154380","2003873056","0.111111"
"2003873056","1527154380","0.111111"
"1527154380","2055578544","0.111111"
"2055578544","1527154380","0.111111"
"1527154380","2089017636","0.361111"
"2089017636","1527154380","0.361111"
"1527154380","2103545844","0.444444"
"2103545844","1527154380","0.444444"
"1552832232","2003873056","0.211111"
"2003873056","1552832232","0.211111"
"1553301576","2003873056","0.211111"
"2003873056","1553301576","0.211111"
"1575668825","2003873056","0.211111"
"2003873056","1575668825","0.211111"
"2003873056","2055578544","0.211111"
"2055578544","2003873056","0.211111"
"2003873056","2089017636","0.211111"
"2089017636","2003873056","0.211111"
"2003873056","2103545844","0.211111"
"2103545844","2003873056","0.211111"
"151929120","2162956214","0.825"
"2162956214","151929120","0.825"
"1496029610","2108227459","0.125"
"2108227459","1496029610","0.125"
"1496029610","859101512","0.125"
"859101512","1496029610","0.125"
"151929120","2108227459","0.425"
"2108227459","151929120","0.425"
"151929120","859101512","0.125"
"859101512","151929120","0.125"
"1552832232","2108227459","0.425"
"2108227459","1552832232","0.425"
"1552832232","859101512","0.125"
"859101512","1552832232","0.125"
"1553301576","2108227459","0.558333"
"2108227459","1553301576","0.558333"
"1553301576","859101512","0.125"
"859101512","1553301576","0.125"
"2055578544","2108227459","0.225"
"2108227459","2055578544","0.225"
"2055578544","859101512","0.125"
"859101512","2055578544","0.125"
"2089017636","2108227459","0.225"
"2108227459","2089017636","0.225"
"2089017636","859101512","0.125"
"859101512","2089017636","0.125"
"2108227459","2162956214","2.25833"
"2162956214","2108227459","2.25833"
"2108227459","859101512","0.125"
"859101512","2108227459","0.125"
"2162956214","859101512","0.125"
"859101512","2162956214","0.125"
"1496029610","2004200482","0.142857"
"2004200482","1496029610","0.142857"
"1496029610","2019977970","0.142857"
"2019977970","1496029610","0.142857"
"1496029610","2035325143","0.142857"
"2035325143","1496029610","0.142857"
"1496029610","2064357893","0.142857"
"2064357893","1496029610","0.142857"
"1575668825","2004200482","0.142857"
"2004200482","1575668825","0.142857"
"1575668825","2019977970","0.142857"
"2019977970","1575668825","0.142857"
"1575668825","2035325143","0.142857"
"2035325143","1575668825","0.142857"
"1575668825","2064357893","0.142857"
"2064357893","1575668825","0.142857"
"2004200482","2019977970","0.142857"
"2019977970","2004200482","0.142857"
"2004200482","2035325143","0.142857"
"2035325143","2004200482","0.142857"
"2004200482","2064357893","0.142857"
"2064357893","2004200482","0.142857"
"2004200482","2103545844","0.142857"
"2103545844","2004200482","0.142857"
"2004200482","2162956214","0.142857"
"2162956214","2004200482","0.142857"
"2019977970","2035325143","0.142857"
"2035325143","2019977970","0.142857"
"2019977970","2064357893","0.142857"
"2064357893","2019977970","0.142857"
"2019977970","2103545844","0.142857"
"2103545844","2019977970","0.142857"
"2019977970","2162956214","0.142857"
"2162956214","2019977970","0.142857"
"2035325143","2064357893","0.142857"
"2064357893","2035325143","0.142857"
"2035325143","2103545844","0.142857"
"2103545844","2035325143","0.142857"
"2035325143","2162956214","0.142857"
"2162956214","2035325143","0.142857"
"2064357893","2103545844","0.142857"
"2103545844","2064357893","0.142857"
"2064357893","2162956214","0.142857"
"2162956214","2064357893","0.142857"
"1496309781","2006344711","1"
"2006344711","1496309781","1"
"1496309781","2617256801","6"
"2617256801","1496309781","6"
"1502240914","1526615740","2"
"1526615740","1502240914","2"
"1502240914","2130652385","1"
"2130652385","1502240914","1"
"1526615740","2130652385","2.25882"
"2130652385","1526615740","2.25882"
"1502240914","1534794553","0.5"
"1534794553","1502240914","0.5"
"1502240914","2104516987","0.5"
"2104516987","1502240914","0.5"
"1534794553","2104516987","8.83333"
"2104516987","1534794553","8.83333"
"1502766620","1512545293","5.5"
"1512545293","1502766620","5.5"
"1502766620","2050629718","0.5"
"2050629718","1502766620","0.5"
"1512545293","2050629718","1.5"
"2050629718","1512545293","1.5"
"1504279874","2027029674","0.25"
"2027029674","1504279874","0.25"
"1504279874","2141375261","0.25"
"2141375261","1504279874","0.25"
"1504279874","2145218911","0.25"
"2145218911","1504279874","0.25"
"1504279874","2283945092","0.25"
"2283945092","1504279874","0.25"
"2027029674","2145218911","1.11667"
"2145218911","2027029674","1.11667"
"2141375261","2283945092","7.13333"
"2283945092","2141375261","7.13333"
"2145218911","2283945092","1.03333"
"2283945092","2145218911","1.03333"
"1504279874","1575668825","0.142857"
"1575668825","1504279874","0.142857"
"1504279874","1603198476","0.142857"
"1603198476","1504279874","0.142857"
"1504279874","1774793701","0.142857"
"1774793701","1504279874","0.142857"
"1504279874","2024724761","0.142857"
"2024724761","1504279874","0.142857"
"1504279874","2132958763","0.142857"
"2132958763","1504279874","0.142857"
"1504279874","2148597600","0.142857"
"2148597600","1504279874","0.142857"
"1504279874","2585096447","0.142857"
"2585096447","1504279874","0.142857"
"1575668825","1603198476","0.142857"
"1603198476","1575668825","0.142857"
"1575668825","1774793701","0.142857"
"1774793701","1575668825","0.142857"
"1575668825","2024724761","0.47619"
"2024724761","1575668825","0.47619"
"1575668825","2132958763","0.142857"
"2132958763","1575668825","0.142857"
"1575668825","2148597600","0.142857"
"2148597600","1575668825","0.142857"
"1575668825","2585096447","0.47619"
"2585096447","1575668825","0.47619"
"1603198476","1774793701","0.642857"
"1774793701","1603198476","0.642857"
"1603198476","2024724761","1.73501"
"2024724761","1603198476","1.73501"
"1603198476","2132958763","0.142857"
"2132958763","1603198476","0.142857"
"1603198476","2148597600","0.142857"
"2148597600","1603198476","0.142857"
"1603198476","2585096447","0.401681"
"2585096447","1603198476","0.401681"
"1774793701","2024724761","1.14286"
"2024724761","1774793701","1.14286"
"1774793701","2132958763","0.142857"
"2132958763","1774793701","0.142857"
"1774793701","2148597600","0.142857"
"2148597600","1774793701","0.142857"
"1774793701","2585096447","0.142857"
"2585096447","1774793701","0.142857"
"2024724761","2132958763","0.142857"
"2132958763","2024724761","0.142857"
"2024724761","2148597600","0.142857"
"2148597600","2024724761","0.142857"
"2024724761","2585096447","2.80168"
"2585096447","2024724761","2.80168"
"2132958763","2148597600","0.142857"
"2148597600","2132958763","0.142857"
"2132958763","2585096447","0.142857"
"2585096447","2132958763","0.142857"
"2148597600","2585096447","0.142857"
"2585096447","2148597600","0.142857"
"1505330378","2039024443","8"
"2039024443","1505330378","8"
"1508379169","1862016770","1"
"1862016770","1508379169","1"
"1508379169","562303630","0.5"
"562303630","1508379169","0.5"
