"102091345","1532487366","0.333333"
"1532487366","102091345","0.333333"
"102091345","1546307877","0.75"
"1546307877","102091345","0.75"
"102091345","2018468667","1.25"
"2018468667","102091345","1.25"
"1532487366","1546307877","0.333333"
"1546307877","1532487366","0.333333"
"1532487366","2018468667","1.78333"
"2018468667","1532487366","1.78333"
"1546307877","2018468667","11.8881"
"2018468667","1546307877","11.8881"
"102091345","2112004167","2.5"
"2112004167","102091345","2.5"
"102091345","1503543699","0.416667"
"1503543699","102091345","0.416667"
"1503543699","1546307877","3.47183"
"1546307877","1503543699","3.47183"
"1503543699","2018468667","20.908"
"2018468667","1503543699","20.908"
"1503543699","2112004167","20.8362"
"2112004167","1503543699","20.8362"
"1546307877","2112004167","4.80238"
"2112004167","1546307877","4.80238"
"2018468667","2112004167","66.6457"
"2112004167","2018468667","66.6457"
"102091345","2092146789","0.166667"
"2092146789","102091345","0.166667"
"102091345","2114902045","0.166667"
"2114902045","102091345","0.166667"
"102091345","2123830234","0.166667"
"2123830234","102091345","0.166667"
"102091345","2140780110","0.166667"
"2140780110","102091345","0.166667"
"102091345","2159584786","0.666667"
"2159584786","102091345","0.666667"
"2092146789","2112004167","13.9072"
"2112004167","2092146789","13.9072"
"2092146789","2114902045","4.85009"
"2114902045","2092146789","4.85009"
"2092146789","2123830234","10.5949"
"2123830234","2092146789","10.5949"
"2092146789","2140780110","0.87549"
"2140780110","2092146789","0.87549"
"2092146789","2159584786","14.3584"
"2159584786","2092146789","14.3584"
"2112004167","2114902045","5.08065"
"2114902045","2112004167","5.08065"
"2112004167","2123830234","16.983"
"2123830234","2112004167","16.983"
"2112004167","2140780110","0.336601"
"2140780110","2112004167","0.336601"
"2112004167","2159584786","27.9715"
"2159584786","2112004167","27.9715"
"2114902045","2123830234","26.2771"
"2123830234","2114902045","26.2771"
"2114902045","2140780110","0.649733"
"2140780110","2114902045","0.649733"
"2114902045","2159584786","9.99775"
"2159584786","2114902045","9.99775"
"2123830234","2140780110","2.05251"
"2140780110","2123830234","2.05251"
"2123830234","2159584786","17.4835"
"2159584786","2123830234","17.4835"
"2140780110","2159584786","1.00251"
"2159584786","2140780110","1.00251"
"102091345","1833322956","0.25"
"1833322956","102091345","0.25"
"1833322956","2018468667","17.777"
"2018468667","1833322956","17.777"
"1833322956","2112004167","10.4508"
"2112004167","1833322956","10.4508"
"1833322956","2159584786","15.2584"
"2159584786","1833322956","15.2584"
"2018468667","2159584786","35.2624"
"2159584786","2018468667","35.2624"
"102091345","1772216139","0.833333"
"1772216139","102091345","0.833333"
"102091345","2121247918","1.08333"
"2121247918","102091345","1.08333"
"1772216139","2112004167","4.88382"
"2112004167","1772216139","4.88382"
"1772216139","2121247918","3.22549"
"2121247918","1772216139","3.22549"
"2112004167","2121247918","82.2783"
"2121247918","2112004167","82.2783"
"102091345","2153098630","1.66667"
"2153098630","102091345","1.66667"
"2112004167","2153098630","32.8279"
"2153098630","2112004167","32.8279"
"102091345","2118888923","0.166667"
"2118888923","102091345","0.166667"
"102091345","2137469879","0.166667"
"2137469879","102091345","0.166667"
"1503543699","2118888923","1.50952"
"2118888923","1503543699","1.50952"
"1503543699","2137469879","8.33898"
"2137469879","1503543699","8.33898"
"1503543699","2153098630","9.56993"
"2153098630","1503543699","9.56993"
"1546307877","2118888923","0.47619"
"2118888923","1546307877","0.47619"
"1546307877","2137469879","7.98294"
"2137469879","1546307877","7.98294"
"1546307877","2153098630","3.57698"
"2153098630","1546307877","3.57698"
"2018468667","2118888923","9.57619"
"2118888923","2018468667","9.57619"
"2018468667","2137469879","84.9584"
"2137469879","2018468667","84.9584"
"2018468667","2153098630","54.2049"
"2153098630","2018468667","54.2049"
"2118888923","2137469879","15.4929"
"2137469879","2118888923","15.4929"
"2118888923","2153098630","1.59286"
"2153098630","2118888923","1.59286"
"2137469879","2153098630","19.7854"
"2153098630","2137469879","19.7854"
"102091345","2126111017","0.25"
"2126111017","102091345","0.25"
"2018468667","2121247918","128.903"
"2121247918","2018468667","128.903"
"2018468667","2126111017","9.94057"
"2126111017","2018468667","9.94057"
"2121247918","2126111017","12.2565"
"2126111017","2121247918","12.2565"
"2121247918","2159584786","42.6858"
"2159584786","2121247918","42.6858"
"2126111017","2159584786","7.96759"
"2159584786","2126111017","7.96759"
"129351637","1526112345","0.777778"
"1526112345","129351637","0.777778"
"129351637","2120911939","0.777778"
"2120911939","129351637","0.777778"
"129351637","8114543","0.444444"
"8114543","129351637","0.444444"
"1526112345","2120911939","15.0075"
"2120911939","1526112345","15.0075"
"1526112345","8114543","5.44444"
"8114543","1526112345","5.44444"
"2120911939","8114543","7.94444"
"8114543","2120911939","7.94444"
"129351637","1565026843","0.444444"
"1565026843","129351637","0.444444"
"129351637","1808668261","0.111111"
"1808668261","129351637","0.111111"
"129351637","1890412134","0.111111"
"1890412134","129351637","0.111111"
"129351637","2060871119","0.111111"
"2060871119","129351637","0.111111"
"129351637","2126729912","0.111111"
"2126729912","129351637","0.111111"
"129351637","2151553800","0.111111"
"2151553800","129351637","0.111111"
"1526112345","1565026843","3.93254"
"1565026843","1526112345","3.93254"
"1526112345","1808668261","2.19921"
"1808668261","1526112345","2.19921"
"1526112345","1890412134","1.72421"
"1890412134","1526112345","1.72421"
"1526112345","2060871119","5.31587"
"2060871119","1526112345","5.31587"
"1526112345","2126729912","4.23254"
"2126729912","1526112345","4.23254"
"1526112345","2151553800","0.361111"
"2151553800","1526112345","0.361111"
"1565026843","1808668261","1.36587"
"1808668261","1565026843","1.36587"
"1565026843","1890412134","4.27421"
"1890412134","1565026843","4.27421"
"1565026843","2060871119","16.2409"
"2060871119","1565026843","16.2409"
"1565026843","2120911939","28.8075"
"2120911939","1565026843","28.8075"
"1565026843","2126729912","7.35754"
"2126729912","1565026843","7.35754"
"1565026843","2151553800","1.02778"
"2151553800","1565026843","1.02778"
"1565026843","8114543","0.111111"
"8114543","1565026843","0.111111"
"1808668261","1890412134","3.48254"
"1890412134","1808668261","3.48254"
"1808668261","2060871119","2.44921"
"2060871119","1808668261","2.44921"
"1808668261","2120911939","6.3754"
"2120911939","1808668261","6.3754"
"1808668261","2126729912","4.4254"
"2126729912","1808668261","4.4254"
"1808668261","2151553800","0.111111"
"2151553800","1808668261","0.111111"
"1808668261","8114543","0.111111"
"8114543","1808668261","0.111111"
"1890412134","2060871119","8.95754"
"2060871119","1890412134","8.95754"
"1890412134","2120911939","10.1825"
"2120911939","1890412134","10.1825"
"1890412134","2126729912","3.49087"
"2126729912","1890412134","3.49087"
"1890412134","2151553800","0.611111"
"2151553800","1890412134","0.611111"
"1890412134","8114543","0.111111"
"8114543","1890412134","0.111111"
"2060871119","2120911939","68.7853"
"2120911939","2060871119","68.7853"
"2060871119","2126729912","8.55754"
"2126729912","2060871119","8.55754"
"2060871119","2151553800","9.19444"
"2151553800","2060871119","9.19444"
"2060871119","8114543","1.36111"
"8114543","2060871119","1.36111"
"2120911939","2126729912","13.9504"
"2126729912","2120911939","13.9504"
"2120911939","2151553800","7.44444"
"2151553800","2120911939","7.44444"
"2126729912","2151553800","0.611111"
"2151553800","2126729912","0.611111"
"2126729912","8114543","0.111111"
"8114543","2126729912","0.111111"
"2151553800","8114543","0.111111"
"8114543","2151553800","0.111111"
"1503543699","1532487366","0.533333"
"1532487366","1503543699","0.533333"
"1503543699","2069124975","7.23501"
"2069124975","1503543699","7.23501"
"1503543699","2159584786","14.4803"
"2159584786","1503543699","14.4803"
"1532487366","2069124975","0.2"
"2069124975","1532487366","0.2"
"1532487366","2112004167","1.03333"
"2112004167","1532487366","1.03333"
"1532487366","2159584786","1.2"
"2159584786","1532487366","1.2"
"2018468667","2069124975","10.6636"
"2069124975","2018468667","10.6636"
"2069124975","2112004167","7.56795"
"2112004167","2069124975","7.56795"
"2069124975","2159584786","38.2874"
"2159584786","2069124975","38.2874"
"1503543699","2121247918","17.3584"
"2121247918","1503543699","17.3584"
"1503543699","1833322956","4.23571"
"1833322956","1503543699","4.23571"
"1503543699","2092146789","10.3037"
"2092146789","1503543699","10.3037"
"1503543699","2101938365","2.73025"
"2101938365","1503543699","2.73025"
"1546307877","1833322956","4.20913"
"1833322956","1546307877","4.20913"
"1546307877","2092146789","2.34643"
"2092146789","1546307877","2.34643"
"1546307877","2101938365","0.71627"
"2101938365","1546307877","0.71627"
"1833322956","2092146789","9.27857"
"2092146789","1833322956","9.27857"
"1833322956","2101938365","1.9246"
"2101938365","1833322956","1.9246"
"1833322956","2153098630","17.7869"
"2153098630","1833322956","17.7869"
"2018468667","2092146789","20.4457"
"2092146789","2018468667","20.4457"
"2018468667","2101938365","2.76676"
"2101938365","2018468667","2.76676"
"2092146789","2101938365","2.78025"
"2101938365","2092146789","2.78025"
"2092146789","2153098630","16.0676"
"2153098630","2092146789","16.0676"
"2101938365","2112004167","1.79057"
"2112004167","2101938365","1.79057"
"2101938365","2153098630","6.37866"
"2153098630","2101938365","6.37866"
"2118888923","2121247918","12.3262"
"2121247918","2118888923","12.3262"
"2121247918","2137469879","115.498"
"2137469879","2121247918","115.498"
"2112004167","2118888923","5"
"2118888923","2112004167","5"
"2112004167","2137469879","54.591"
"2137469879","2112004167","54.591"
"1503543699","1520962408","1.0623"
"1520962408","1503543699","1.0623"
"1503543699","1772216139","2.17113"
"1772216139","1503543699","2.17113"
"1503543699","2029133984","0.737792"
"2029133984","1503543699","0.737792"
"1503543699","2114902045","3.65724"
"2114902045","1503543699","3.65724"
"1520962408","1772216139","0.236111"
"1772216139","1520962408","0.236111"
"1520962408","2029133984","0.236111"
"2029133984","1520962408","0.236111"
"1520962408","2069124975","1.07897"
"2069124975","1520962408","1.07897"
"1520962408","2092146789","0.702778"
"2092146789","1520962408","0.702778"
"1520962408","2112004167","1.20278"
"2112004167","1520962408","1.20278"
"1520962408","2114902045","1.57897"
"2114902045","1520962408","1.57897"
"1520962408","2159584786","1.74683"
"2159584786","1520962408","1.74683"
"1772216139","2029133984","0.294935"
"2029133984","1772216139","0.294935"
"1772216139","2069124975","1.13382"
"2069124975","1772216139","1.13382"
"1772216139","2092146789","2.72113"
"2092146789","1772216139","2.72113"
"1772216139","2114902045","0.35049"
"2114902045","1772216139","0.35049"
"1772216139","2159584786","3.47668"
"2159584786","1772216139","3.47668"
"2029133984","2069124975","1.2616"
"2069124975","2029133984","1.2616"
"2029133984","2092146789","0.437792"
"2092146789","2029133984","0.437792"
"2029133984","2112004167","0.687792"
"2112004167","2029133984","0.687792"
"2029133984","2114902045","1.47827"
"2114902045","2029133984","1.47827"
"2029133984","2159584786","2.2616"
"2159584786","2029133984","2.2616"
"2069124975","2092146789","3.88581"
"2092146789","2069124975","3.88581"
"2069124975","2114902045","7.16203"
"2114902045","2069124975","7.16203"
"2121247918","2153098630","71.641"
"2153098630","2121247918","71.641"
"1546307877","2121247918","15.2202"
"2121247918","1546307877","15.2202"
"2092146789","2121247918","16.9699"
"2121247918","2092146789","16.9699"
"1503543699","2104108474","3.29335"
"2104108474","1503543699","3.29335"
"1503543699","2117496982","0.468347"
"2117496982","1503543699","0.468347"
"1520962408","2018468667","1.77857"
"2018468667","1520962408","1.77857"
"1520962408","2104108474","0.535714"
"2104108474","1520962408","0.535714"
"1520962408","2117496982","2.28571"
"2117496982","1520962408","2.28571"
"1520962408","2137469879","1.17738"
"2137469879","1520962408","1.17738"
"1520962408","2153098630","1.82024"
"2153098630","1520962408","1.82024"
"2018468667","2104108474","2.48343"
"2104108474","2018468667","2.48343"
"2018468667","2117496982","5.17787"
"2117496982","2018468667","5.17787"
"2104108474","2117496982","0.444538"
"2117496982","2104108474","0.444538"
"2104108474","2137469879","1.68981"
"2137469879","2104108474","1.68981"
"2104108474","2153098630","2.80053"
"2153098630","2104108474","2.80053"
"2104108474","2159584786","1.48267"
"2159584786","2104108474","1.48267"
"2117496982","2137469879","2.83501"
"2137469879","2117496982","2.83501"
"2117496982","2153098630","1.09454"
"2153098630","2117496982","1.09454"
"2117496982","2159584786","0.668347"
"2159584786","2117496982","0.668347"
"2137469879","2159584786","20.8771"
"2159584786","2137469879","20.8771"
"2153098630","2159584786","19.8462"
"2159584786","2153098630","19.8462"
"1503543699","1587968027","0.0666667"
"1587968027","1503543699","0.0666667"
"1503543699","2056015695","0.0666667"
"2056015695","1503543699","0.0666667"
"1503543699","2060871119","0.0666667"
"2060871119","1503543699","0.0666667"
"1503543699","2120911939","0.0666667"
"2120911939","1503543699","0.0666667"
"1503543699","2123830234","8.98105"
"2123830234","1503543699","8.98105"
"1503543699","2126111017","3.37946"
"2126111017","1503543699","3.37946"
"1503543699","2158074827","0.0666667"
"2158074827","1503543699","0.0666667"
"1546307877","1587968027","0.0666667"
"1587968027","1546307877","0.0666667"
"1546307877","2056015695","0.0666667"
"2056015695","1546307877","0.0666667"
"1546307877","2060871119","0.0666667"
"2060871119","1546307877","0.0666667"
"1546307877","2069124975","1.38333"
"2069124975","1546307877","1.38333"
"1546307877","2120911939","0.0666667"
"2120911939","1546307877","0.0666667"
"1546307877","2123830234","4.44405"
"2123830234","1546307877","4.44405"
"1546307877","2126111017","5.44722"
"2126111017","1546307877","5.44722"
"1546307877","2158074827","0.331746"
"2158074827","1546307877","0.331746"
"1546307877","2159584786","2.34405"
"2159584786","1546307877","2.34405"
"1587968027","1833322956","2.775"
"1833322956","1587968027","2.775"
"1587968027","2056015695","0.0666667"
"2056015695","1587968027","0.0666667"
"1587968027","2060871119","0.677778"
"2060871119","1587968027","0.677778"
"1587968027","2069124975","0.0666667"
"2069124975","1587968027","0.0666667"
"1587968027","2112004167","0.0666667"
"2112004167","1587968027","0.0666667"
"1587968027","2120911939","1.05278"
"2120911939","1587968027","1.05278"
"1587968027","2121247918","0.0666667"
"2121247918","1587968027","0.0666667"
"1587968027","2123830234","0.0666667"
"2123830234","1587968027","0.0666667"
"1587968027","2126111017","0.0666667"
"2126111017","1587968027","0.0666667"
"1587968027","2137469879","0.0666667"
"2137469879","1587968027","0.0666667"
"1587968027","2153098630","0.0666667"
"2153098630","1587968027","0.0666667"
"1587968027","2158074827","2.42778"
"2158074827","1587968027","2.42778"
"1587968027","2159584786","0.0666667"
"2159584786","1587968027","0.0666667"
"1833322956","2056015695","1.46667"
"2056015695","1833322956","1.46667"
"1833322956","2060871119","5.41667"
"2060871119","1833322956","5.41667"
"1833322956","2069124975","3.21432"
"2069124975","1833322956","3.21432"
"1833322956","2120911939","9.93452"
"2120911939","1833322956","9.93452"
"1833322956","2121247918","42.9596"
"2121247918","1833322956","42.9596"
"1833322956","2123830234","5.83099"
"2123830234","1833322956","5.83099"
"1833322956","2126111017","3.99646"
"2126111017","1833322956","3.99646"
"1833322956","2137469879","15.2084"
"2137469879","1833322956","15.2084"
"1833322956","2158074827","9.45794"
"2158074827","1833322956","9.45794"
"2056015695","2060871119","2.23333"
"2060871119","2056015695","2.23333"
"2056015695","2069124975","0.566667"
"2069124975","2056015695","0.566667"
"2056015695","2112004167","0.0666667"
"2112004167","2056015695","0.0666667"
"2056015695","2120911939","2.9"
"2120911939","2056015695","2.9"
"2056015695","2121247918","1.26667"
"2121247918","2056015695","1.26667"
"2056015695","2123830234","0.0666667"
"2123830234","2056015695","0.0666667"
"2056015695","2126111017","0.566667"
"2126111017","2056015695","0.566667"
"2056015695","2137469879","0.0666667"
"2137469879","2056015695","0.0666667"
"2056015695","2153098630","0.266667"
"2153098630","2056015695","0.266667"
"2056015695","2158074827","3.6"
"2158074827","2056015695","3.6"
"2056015695","2159584786","0.266667"
"2159584786","2056015695","0.266667"
"2060871119","2069124975","0.0666667"
"2069124975","2060871119","0.0666667"
"2060871119","2112004167","0.0666667"
"2112004167","2060871119","0.0666667"
"2060871119","2121247918","0.0666667"
"2121247918","2060871119","0.0666667"
"2060871119","2123830234","0.0666667"
"2123830234","2060871119","0.0666667"
"2060871119","2126111017","0.0666667"
"2126111017","2060871119","0.0666667"
"2060871119","2137469879","0.0666667"
"2137469879","2060871119","0.0666667"
"2060871119","2153098630","0.263095"
"2153098630","2060871119","0.263095"
"2060871119","2158074827","9.70754"
"2158074827","2060871119","9.70754"
"2060871119","2159584786","0.0666667"
"2159584786","2060871119","0.0666667"
"2069124975","2120911939","0.266667"
"2120911939","2069124975","0.266667"
"2069124975","2121247918","15.9811"
"2121247918","2069124975","15.9811"
"2069124975","2123830234","11.4823"
"2123830234","2069124975","11.4823"
"2069124975","2126111017","4.23426"
"2126111017","2069124975","4.23426"
"2069124975","2137469879","7.20569"
"2137469879","2069124975","7.20569"
"2069124975","2153098630","11.8474"
"2153098630","2069124975","11.8474"
"2069124975","2158074827","0.688889"
"2158074827","2069124975","0.688889"
"2112004167","2120911939","0.733333"
"2120911939","2112004167","0.733333"
"2112004167","2126111017","3.95168"
"2126111017","2112004167","3.95168"
"2112004167","2158074827","0.331746"
"2158074827","2112004167","0.331746"
"2120911939","2121247918","0.766667"
"2121247918","2120911939","0.766667"
"2120911939","2123830234","0.0666667"
"2123830234","2120911939","0.0666667"
"2120911939","2126111017","0.0666667"
"2126111017","2120911939","0.0666667"
"2120911939","2137469879","0.766667"
"2137469879","2120911939","0.766667"
"2120911939","2153098630","2.0131"
"2153098630","2120911939","2.0131"
"2120911939","2158074827","2.71706"
"2158074827","2120911939","2.71706"
"2120911939","2159584786","0.266667"
"2159584786","2120911939","0.266667"
"2121247918","2123830234","41.9045"
"2123830234","2121247918","41.9045"
"2121247918","2158074827","4.74841"
"2158074827","2121247918","4.74841"
"2123830234","2126111017","16.4759"
"2126111017","2123830234","16.4759"
"2123830234","2137469879","19.3069"
"2137469879","2123830234","19.3069"
"2123830234","2153098630","15.5985"
"2153098630","2123830234","15.5985"
"2123830234","2158074827","0.188889"
"2158074827","2123830234","0.188889"
"2126111017","2137469879","4.64973"
"2137469879","2126111017","4.64973"
"2126111017","2153098630","4.86878"
"2153098630","2126111017","4.86878"
"2126111017","2158074827","0.455556"
"2158074827","2126111017","0.455556"
"2137469879","2158074827","2.77222"
"2158074827","2137469879","2.77222"
"2153098630","2158074827","0.894841"
"2158074827","2153098630","0.894841"
"2158074827","2159584786","0.188889"
"2159584786","2158074827","0.188889"
"2018468667","2123830234","28.0743"
"2123830234","2018468667","28.0743"
"2092146789","2104108474","1.66001"
"2104108474","2092146789","1.66001"
"2092146789","2126111017","6.32232"
"2126111017","2092146789","6.32232"
"2101938365","2104108474","1.08224"
"2104108474","2101938365","1.08224"
"2101938365","2123830234","1.8239"
"2123830234","2101938365","1.8239"
"2101938365","2126111017","1.1239"
"2126111017","2101938365","1.1239"
"2101938365","2159584786","5.37747"
"2159584786","2101938365","5.37747"
"2104108474","2123830234","6.891"
"2123830234","2104108474","6.891"
"2104108474","2126111017","2.03981"
"2126111017","2104108474","2.03981"
"1503543699","2058722498","0.342857"
"2058722498","1503543699","0.342857"
"2058722498","2112004167","0.7"
"2112004167","2058722498","0.7"
"2058722498","2123830234","0.2"
"2123830234","2058722498","0.2"
"2058722498","2126111017","0.2"
"2126111017","2058722498","0.2"
"2058722498","2137469879","0.533333"
"2137469879","2058722498","0.533333"
"1503543699","2045537608","0.392857"
"2045537608","1503543699","0.392857"
"2045537608","2104108474","0.372222"
"2104108474","2045537608","0.372222"
"2045537608","2114902045","0.305556"
"2114902045","2045537608","0.305556"
"2045537608","2121247918","2.70556"
"2121247918","2045537608","2.70556"
"2104108474","2114902045","4.78981"
"2114902045","2104108474","4.78981"
"2104108474","2121247918","4.12195"
"2121247918","2104108474","4.12195"
"2114902045","2121247918","26.9712"
"2121247918","2114902045","26.9712"
"2101938365","2114902045","1.28224"
"2114902045","2101938365","1.28224"
"2114902045","2153098630","9.17235"
"2153098630","2114902045","9.17235"
"2018468667","2114902045","14.543"
"2114902045","2018468667","14.543"
"2092146789","2137469879","8.7616"
"2137469879","2092146789","8.7616"
"2114902045","2137469879","6.05449"
"2137469879","2114902045","6.05449"
"2069124975","2101938365","2.50843"
"2101938365","2069124975","2.50843"
"2101938365","2121247918","1.38224"
"2121247918","2101938365","1.38224"
"1503543699","2051748007","0.62619"
"2051748007","1503543699","0.62619"
"2051748007","2104108474","0.2"
"2104108474","2051748007","0.2"
"2051748007","2114902045","0.283333"
"2114902045","2051748007","0.283333"
"2051748007","2123830234","0.283333"
"2123830234","2051748007","0.283333"
"2051748007","2126111017","0.283333"
"2126111017","2051748007","0.283333"
"2114902045","2126111017","1.15807"
"2126111017","2114902045","1.15807"
"1503543699","2140780110","0.836601"
"2140780110","1503543699","0.836601"
"1532487366","2140780110","1.86667"
"2140780110","1532487366","1.86667"
"2018468667","2140780110","2.2366"
"2140780110","2018468667","2.2366"
"1503543699","2097760683","0.1"
"2097760683","1503543699","0.1"
"2018468667","2029133984","1.88501"
"2029133984","2018468667","1.88501"
"2018468667","2097760683","1.41667"
"2097760683","2018468667","1.41667"
"2029133984","2097760683","0.1"
"2097760683","2029133984","0.1"
"2029133984","2104108474","0.158824"
"2104108474","2029133984","0.158824"
"2029133984","2117496982","0.408824"
"2117496982","2029133984","0.408824"
"2029133984","2123830234","0.158824"
"2123830234","2029133984","0.158824"
"2029133984","2137469879","0.158824"
"2137469879","2029133984","0.158824"
"2069124975","2097760683","0.466667"
"2097760683","2069124975","0.466667"
"2069124975","2104108474","0.839812"
"2104108474","2069124975","0.839812"
"2069124975","2117496982","0.52549"
"2117496982","2069124975","0.52549"
"2097760683","2104108474","0.1"
"2104108474","2097760683","0.1"
"2097760683","2114902045","0.1"
"2114902045","2097760683","0.1"
"2097760683","2117496982","33.8333"
"2117496982","2097760683","33.8333"
"2097760683","2123830234","0.266667"
"2123830234","2097760683","0.266667"
"2097760683","2137469879","0.55"
"2137469879","2097760683","0.55"
"2097760683","2159584786","0.466667"
"2159584786","2097760683","0.466667"
"2114902045","2117496982","3.21835"
"2117496982","2114902045","3.21835"
"2117496982","2123830234","0.885014"
"2123830234","2117496982","0.885014"
"1772216139","2123830234","0.447712"
"2123830234","1772216139","0.447712"
"1772216139","2126111017","0.647712"
"2126111017","1772216139","0.647712"
"2029133984","2051748007","0.2"
"2051748007","2029133984","0.2"
"2029133984","2101938365","0.508824"
"2101938365","2029133984","0.508824"
"2051748007","2069124975","0.283333"
"2069124975","2051748007","0.283333"
"2051748007","2101938365","0.42619"
"2101938365","2051748007","0.42619"
"2051748007","2159584786","0.42619"
"2159584786","2051748007","0.42619"
"1503543699","2039437606","0.2"
"2039437606","1503543699","0.2"
"2018468667","2039437606","0.967857"
"2039437606","2018468667","0.967857"
"2039437606","2092146789","0.467857"
"2092146789","2039437606","0.467857"
"2039437606","2112004167","0.967857"
"2112004167","2039437606","0.967857"
"2039437606","2121247918","5.96786"
"2121247918","2039437606","5.96786"
"1833322956","2118888923","1.25"
"2118888923","1833322956","1.25"
"2118888923","2123830234","4.44286"
"2123830234","2118888923","4.44286"
"2118888923","2126111017","0.3"
"2126111017","2118888923","0.3"
"1546307877","2104108474","0.513889"
"2104108474","1546307877","0.513889"
"1546307877","2114902045","0.673413"
"2114902045","1546307877","0.673413"
"1833322956","2104108474","0.438131"
"2104108474","1833322956","0.438131"
"1833322956","2114902045","3.69885"
"2114902045","1833322956","3.69885"
"2104108474","2112004167","2.44771"
"2112004167","2104108474","2.44771"
"1503543699","2080948243","0.920635"
"2080948243","1503543699","0.920635"
"2080948243","2112004167","10.2111"
"2112004167","2080948243","10.2111"
"2029133984","2121247918","2.39613"
"2121247918","2029133984","2.39613"
"2029133984","2126111017","0.201681"
"2126111017","2029133984","0.201681"
"2029133984","2153098630","2.36835"
"2153098630","2029133984","2.36835"
"1546307877","1772216139","0.198413"
"1772216139","1546307877","0.198413"
"1772216139","2018468667","4.70724"
"2018468667","1772216139","4.70724"
"1772216139","2101938365","0.623903"
"2101938365","1772216139","0.623903"
"1772216139","2153098630","1.35724"
"2153098630","1772216139","1.35724"
"1503543699","2081965851","0.333333"
"2081965851","1503543699","0.333333"
"2018468667","2081965851","3.41667"
"2081965851","2018468667","3.41667"
"2081965851","2137469879","6.5"
"2137469879","2081965851","6.5"
"1503543699","2097751911","0.0833333"
"2097751911","1503543699","0.0833333"
"1546307877","2051748007","0.0833333"
"2051748007","1546307877","0.0833333"
"1546307877","2097751911","0.208333"
"2097751911","1546307877","0.208333"
"2051748007","2092146789","0.22619"
"2092146789","2051748007","0.22619"
"2051748007","2097751911","0.254762"
"2097751911","2051748007","0.254762"
"2051748007","2137469879","0.0833333"
"2137469879","2051748007","0.0833333"
"2051748007","2153098630","0.297619"
"2153098630","2051748007","0.297619"
"2069124975","2097751911","0.0833333"
"2097751911","2069124975","0.0833333"
"2092146789","2097751911","0.333333"
"2097751911","2092146789","0.333333"
"2097751911","2101938365","0.333333"
"2101938365","2097751911","0.333333"
"2097751911","2114902045","0.0833333"
"2114902045","2097751911","0.0833333"
"2097751911","2123830234","0.0833333"
"2123830234","2097751911","0.0833333"
"2097751911","2126111017","0.0833333"
"2126111017","2097751911","0.0833333"
"2097751911","2137469879","0.208333"
"2137469879","2097751911","0.208333"
"2097751911","2153098630","1.39643"
"2153098630","2097751911","1.39643"
"2097751911","2159584786","0.958333"
"2159584786","2097751911","0.958333"
"2101938365","2137469879","1.09057"
"2137469879","2101938365","1.09057"
"1772216139","2104108474","0.481046"
"2104108474","1772216139","0.481046"
"1772216139","2117496982","0.0588235"
"2117496982","1772216139","0.0588235"
"1772216139","2137469879","3.61438"
"2137469879","1772216139","3.61438"
"1772216139","2140780110","0.0588235"
"2140780110","1772216139","0.0588235"
"2029133984","2140780110","0.0588235"
"2140780110","2029133984","0.0588235"
"2069124975","2140780110","0.385844"
"2140780110","2069124975","0.385844"
"2092146789","2117496982","0.392157"
"2117496982","2092146789","0.392157"
"2101938365","2117496982","0.0588235"
"2117496982","2101938365","0.0588235"
"2101938365","2140780110","0.0588235"
"2140780110","2101938365","0.0588235"
"2104108474","2140780110","3.05807"
"2140780110","2104108474","3.05807"
"2112004167","2117496982","3.22549"
"2117496982","2112004167","3.22549"
"2117496982","2121247918","5.64216"
"2121247918","2117496982","5.64216"
"2117496982","2126111017","0.47549"
"2126111017","2117496982","0.47549"
"2117496982","2140780110","0.0588235"
"2140780110","2117496982","0.0588235"
"2121247918","2140780110","1.96084"
"2140780110","2121247918","1.96084"
"2126111017","2140780110","1.09973"
"2140780110","2126111017","1.09973"
"2137469879","2140780110","1.97473"
"2140780110","2137469879","1.97473"
"2140780110","2153098630","0.891399"
"2153098630","2140780110","0.891399"
"1833322956","2045537608","0.265079"
"2045537608","1833322956","0.265079"
"1833322956","2051748007","0.309524"
"2051748007","1833322956","0.309524"
"2045537608","2051748007","0.142857"
"2051748007","2045537608","0.142857"
"2045537608","2092146789","0.142857"
"2092146789","2045537608","0.142857"
"2045537608","2101938365","0.198413"
"2101938365","2045537608","0.198413"
"2045537608","2153098630","0.265079"
"2153098630","2045537608","0.265079"
"2045537608","2159584786","0.598413"
"2159584786","2045537608","0.598413"
"1520962408","1546307877","0.225"
"1546307877","1520962408","0.225"
"1520962408","1833322956","0.734524"
"1833322956","1520962408","0.734524"
"1520962408","2121247918","1.47897"
"2121247918","1520962408","1.47897"
"1503543699","2015306478","0.309524"
"2015306478","1503543699","0.309524"
"1833322956","2015306478","0.366667"
"2015306478","1833322956","0.366667"
"2015306478","2018468667","3.00952"
"2018468667","2015306478","3.00952"
"2015306478","2121247918","0.759524"
"2121247918","2015306478","0.759524"
"2015306478","2123830234","0.759524"
"2123830234","2015306478","0.759524"
"2015306478","2137469879","0.959524"
"2137469879","2015306478","0.959524"
"1503543699","2069519268","0.142857"
"2069519268","1503543699","0.142857"
"2015306478","2058722498","1.64286"
"2058722498","2015306478","1.64286"
"2015306478","2069519268","12.8929"
"2069519268","2015306478","12.8929"
"2015306478","2080948243","0.142857"
"2080948243","2015306478","0.142857"
"2015306478","2092146789","0.485714"
"2092146789","2015306478","0.485714"
"2015306478","2118888923","2.14286"
"2118888923","2015306478","2.14286"
"2015306478","2153098630","0.285714"
"2153098630","2015306478","0.285714"
"2058722498","2069519268","36.9262"
"2069519268","2058722498","36.9262"
"2058722498","2080948243","0.142857"
"2080948243","2058722498","0.142857"
"2058722498","2092146789","0.142857"
"2092146789","2058722498","0.142857"
"2058722498","2118888923","0.142857"
"2118888923","2058722498","0.142857"
"2058722498","2153098630","0.142857"
"2153098630","2058722498","0.142857"
"2069519268","2080948243","0.142857"
"2080948243","2069519268","0.142857"
"2069519268","2092146789","0.309524"
"2092146789","2069519268","0.309524"
"2069519268","2118888923","0.642857"
"2118888923","2069519268","0.642857"
"2069519268","2153098630","0.285714"
"2153098630","2069519268","0.285714"
"2080948243","2092146789","1.70952"
"2092146789","2080948243","1.70952"
"2080948243","2118888923","0.142857"
"2118888923","2080948243","0.142857"
"2080948243","2153098630","2.57619"
"2153098630","2080948243","2.57619"
"2092146789","2118888923","1.11905"
"2118888923","2092146789","1.11905"
"1520962408","2123830234","1.39286"
"2123830234","1520962408","1.39286"
"2069124975","2080948243","2.17778"
"2080948243","2069124975","2.17778"
"2080948243","2121247918","4.37778"
"2121247918","2080948243","4.37778"
"2080948243","2137469879","2.93333"
"2137469879","2080948243","2.93333"
"2080948243","2159584786","4.01111"
"2159584786","2080948243","4.01111"
"1520962408","2140780110","0.7"
"2140780110","1520962408","0.7"
"1546307877","2080948243","2.11111"
"2080948243","1546307877","2.11111"
"1546307877","2140780110","0.111111"
"2140780110","1546307877","0.111111"
"2018468667","2080948243","4.01111"
"2080948243","2018468667","4.01111"
"2080948243","2123830234","1.11111"
"2123830234","2080948243","1.11111"
"2080948243","2140780110","0.111111"
"2140780110","2080948243","0.111111"
"1503543699","1914411570","0.366667"
"1914411570","1503543699","0.366667"
"1772216139","1914411570","0.2"
"1914411570","1772216139","0.2"
"1914411570","2092146789","0.366667"
"2092146789","1914411570","0.366667"
"1914411570","2153098630","1.53333"
"2153098630","1914411570","1.53333"
"1914411570","2159584786","2.86667"
"2159584786","1914411570","2.86667"
"1503543699","1890412134","0.333333"
"1890412134","1503543699","0.333333"
"1833322956","1890412134","29.6817"
"1890412134","1833322956","29.6817"
"1890412134","2159584786","1.33056"
"2159584786","1890412134","1.33056"
"1914411570","2101938365","1.16667"
"2101938365","1914411570","1.16667"
"1914411570","2123830234","0.166667"
"2123830234","1914411570","0.166667"
"2069124975","2118888923","1.7"
"2118888923","2069124975","1.7"
"2114902045","2118888923","1.8"
"2118888923","2114902045","1.8"
"2118888923","2159584786","2.80952"
"2159584786","2118888923","2.80952"
"1519156323","2162930105","5.95"
"2162930105","1519156323","5.95"
"1519156323","1714926069","0.45"
"1714926069","1519156323","0.45"
"1519156323","2002458933","3.95"
"2002458933","1519156323","3.95"
"1519156323","2024622963","0.2"
"2024622963","1519156323","0.2"
"1519156323","2056556714","2.45"
"2056556714","1519156323","2.45"
"1714926069","2002458933","4.95"
"2002458933","1714926069","4.95"
"1714926069","2024622963","0.65"
"2024622963","1714926069","0.65"
"1714926069","2056556714","3.4"
"2056556714","1714926069","3.4"
"1714926069","2162930105","1.9"
"2162930105","1714926069","1.9"
"2002458933","2024622963","1.53333"
"2024622963","2002458933","1.53333"
"2002458933","2056556714","1.28333"
"2056556714","2002458933","1.28333"
"2002458933","2162930105","8.45"
"2162930105","2002458933","8.45"
"2024622963","2056556714","0.983333"
"2056556714","2024622963","0.983333"
"2024622963","2162930105","0.65"
"2162930105","2024622963","0.65"
"2056556714","2162930105","2.9"
"2162930105","2056556714","2.9"
"1520962408","1532487366","78.95"
"1532487366","1520962408","78.95"
"1520962408","2058722498","0.833333"
"2058722498","1520962408","0.833333"
"1520962408","2069519268","1.14286"
"2069519268","1520962408","1.14286"
"2058722498","2117496982","42.1167"
"2117496982","2058722498","42.1167"
"2069519268","2117496982","123.26"
"2117496982","2069519268","123.26"
"1520962408","1890412134","0.991667"
"1890412134","1520962408","0.991667"
"1520962408","2158074827","0.2"
"2158074827","1520962408","0.2"
"1532487366","1833322956","0.7"
"1833322956","1532487366","0.7"
"1532487366","1890412134","0.366667"
"1890412134","1532487366","0.366667"
"1532487366","2158074827","1.95"
"2158074827","1532487366","1.95"
"1833322956","2140780110","1.16591"
"2140780110","1833322956","1.16591"
"1890412134","2140780110","0.366667"
"2140780110","1890412134","0.366667"
"1890412134","2158074827","5.76151"
"2158074827","1890412134","5.76151"
"2140780110","2158074827","2.2"
"2158074827","2140780110","2.2"
"1520962408","1981207378","10.5833"
"1981207378","1520962408","10.5833"
"1532487366","1981207378","5.41667"
"1981207378","1532487366","5.41667"
"1520962408","2015306478","5.25"
"2015306478","1520962408","5.25"
"1520962408","1593830537","3.58333"
"1593830537","1520962408","3.58333"
"1593830537","2153098630","0.5"
"2153098630","1593830537","0.5"
"1532487366","2058722498","0.5"
"2058722498","1532487366","0.5"
"1532487366","2069519268","3.5"
"2069519268","1532487366","3.5"
"1532487366","2117496982","2"
"2117496982","1532487366","2"
"1532487366","1593830537","1.91667"
"1593830537","1532487366","1.91667"
"1593830537","1981207378","79.1667"
"1981207378","1593830537","79.1667"
"1981207378","2015306478","10.0833"
"2015306478","1981207378","10.0833"
"1532487366","2121247918","1.58333"
"2121247918","1532487366","1.58333"
"2018468667","2069519268","3.42619"
"2069519268","2018468667","3.42619"
"2069519268","2112004167","0.916667"
"2112004167","2069519268","0.916667"
"2069519268","2137469879","2.66667"
"2137469879","2069519268","2.66667"
"1532487366","2015306478","0.583333"
"2015306478","1532487366","0.583333"
"1593830537","2015306478","1.08333"
"2015306478","1593830537","1.08333"
"2069519268","2104108474","0.142857"
"2104108474","2069519268","0.142857"
"2069519268","2114902045","1.14286"
"2114902045","2069519268","1.14286"
"2069519268","2123830234","0.642857"
"2123830234","2069519268","0.642857"
"1520962408","1674899842","0.166667"
"1674899842","1520962408","0.166667"
"1532487366","1674899842","0.166667"
"1674899842","1532487366","0.166667"
"1532487366","2153098630","0.166667"
"2153098630","1532487366","0.166667"
"1674899842","1833322956","0.666667"
"1833322956","1674899842","0.666667"
"1674899842","1890412134","0.866667"
"1890412134","1674899842","0.866667"
"1674899842","2140780110","0.166667"
"2140780110","1674899842","0.166667"
"1674899842","2153098630","1.03333"
"2153098630","1674899842","1.03333"
"1890412134","2153098630","3.28651"
"2153098630","1890412134","3.28651"
"1520962408","2039437606","1"
"2039437606","1520962408","1"
"1520962408","2118888923","0.2"
"2118888923","1520962408","0.2"
"1520962408","2067064328","1"
"2067064328","1520962408","1"
"1520962408","2097751911","0.625"
"2097751911","1520962408","0.625"
"1546307877","1890412134","0.640079"
"1890412134","1546307877","0.640079"
"1833322956","2097751911","1.33333"
"2097751911","1833322956","1.33333"
"1890412134","2097751911","2.75476"
"2097751911","1890412134","2.75476"
"1890412134","2121247918","4.64008"
"2121247918","1890412134","4.64008"
"1890412134","2137469879","0.997222"
"2137469879","1890412134","0.997222"
"2097751911","2121247918","0.125"
"2121247918","2097751911","0.125"
"1520962408","2097760683","1"
"2097760683","1520962408","1"
"1520962408","2101938365","0.5"
"2101938365","1520962408","0.5"
"1526112345","1949740631","1.25"
"1949740631","1526112345","1.25"
"1526112345","2051748007","0.504762"
"2051748007","1526112345","0.504762"
"1526112345","2067064328","0.471429"
"2067064328","1526112345","0.471429"
"1526112345","2097751911","3.02976"
"2097751911","1526112345","3.02976"
"1526112345","2127869845","0.0714286"
"2127869845","1526112345","0.0714286"
"1526112345","2153098630","0.0714286"
"2153098630","1526112345","0.0714286"
"1526112345","2158074827","0.0714286"
"2158074827","1526112345","0.0714286"
"1526112345","2160563103","0.338095"
"2160563103","1526112345","0.338095"
"1526112345","2249915525","0.196429"
"2249915525","1526112345","0.196429"
"1565026843","2051748007","0.504762"
"2051748007","1565026843","0.504762"
"1565026843","2067064328","1.3381"
"2067064328","1565026843","1.3381"
"1565026843","2097751911","2.22143"
"2097751911","1565026843","2.22143"
"1565026843","2127869845","0.0714286"
"2127869845","1565026843","0.0714286"
"1565026843","2153098630","0.529762"
"2153098630","1565026843","0.529762"
"1565026843","2158074827","0.196429"
"2158074827","1565026843","0.196429"
"1565026843","2160563103","0.296429"
"2160563103","1565026843","0.296429"
"1565026843","2249915525","0.571429"
"2249915525","1565026843","0.571429"
"1808668261","2051748007","1.00476"
"2051748007","1808668261","1.00476"
"1808668261","2067064328","0.0714286"
"2067064328","1808668261","0.0714286"
"1808668261","2097751911","4.45476"
"2097751911","1808668261","4.45476"
"1808668261","2127869845","0.0714286"
"2127869845","1808668261","0.0714286"
"1808668261","2153098630","1.07143"
"2153098630","1808668261","1.07143"
"1808668261","2158074827","1.49762"
"2158074827","1808668261","1.49762"
"1808668261","2160563103","0.338095"
"2160563103","1808668261","0.338095"
"1808668261","2249915525","0.0714286"
"2249915525","1808668261","0.0714286"
"1890412134","2051748007","0.588095"
"2051748007","1890412134","0.588095"
"1890412134","2067064328","0.671429"
"2067064328","1890412134","0.671429"
"1890412134","2127869845","0.0714286"
"2127869845","1890412134","0.0714286"
"1890412134","2160563103","0.463095"
"2160563103","1890412134","0.463095"
"1890412134","2249915525","1.02976"
"2249915525","1890412134","1.02976"
"2051748007","2060871119","0.949206"
"2060871119","2051748007","0.949206"
"2051748007","2067064328","0.821429"
"2067064328","2051748007","0.821429"
"2051748007","2120911939","3.86587"
"2120911939","2051748007","3.86587"
"2051748007","2126729912","1.42143"
"2126729912","2051748007","1.42143"
