"1490527255","1661225639","2.48182"
"1661225639","1490527255","2.48182"
"1490527255","1761689865","3.07626"
"1761689865","1490527255","3.07626"
"1490527255","1900866225","3.86515"
"1900866225","1490527255","3.86515"
"1490527255","1909570134","3.07626"
"1909570134","1490527255","3.07626"
"1490527255","1918294184","3.07626"
"1918294184","1490527255","3.07626"
"1490527255","2103406421","2.97626"
"2103406421","1490527255","2.97626"
"1490527255","2112788210","4.74293"
"2112788210","1490527255","4.74293"
"1490527255","2134006990","4.74293"
"2134006990","1490527255","4.74293"
"1490527255","2160633857","2.97626"
"2160633857","1490527255","2.97626"
"1490527255","2167664085","2.81111"
"2167664085","1490527255","2.81111"
"1490527255","2168473279","5.74293"
"2168473279","1490527255","5.74293"
"1661225639","1761689865","2.48182"
"1761689865","1661225639","2.48182"
"1661225639","1900866225","4.20682"
"1900866225","1661225639","4.20682"
"1661225639","1909570134","2.48182"
"1909570134","1661225639","2.48182"
"1661225639","1918294184","2.48182"
"1918294184","1661225639","2.48182"
"1661225639","2103406421","3.45682"
"2103406421","1661225639","3.45682"
"1661225639","2112788210","2.84848"
"2112788210","1661225639","2.84848"
"1661225639","2134006990","2.48182"
"2134006990","1661225639","2.48182"
"1661225639","2160633857","3.45682"
"2160633857","1661225639","3.45682"
"1661225639","2167664085","3.04167"
"2167664085","1661225639","3.04167"
"1661225639","2168473279","3.02348"
"2168473279","1661225639","3.02348"
"1761689865","1900866225","2.86515"
"1900866225","1761689865","2.86515"
"1761689865","1909570134","3.07626"
"1909570134","1761689865","3.07626"
"1761689865","1918294184","3.07626"
"1918294184","1761689865","3.07626"
"1761689865","2103406421","2.97626"
"2103406421","1761689865","2.97626"
"1761689865","2112788210","3.07626"
"2112788210","1761689865","3.07626"
"1761689865","2134006990","3.07626"
"2134006990","1761689865","3.07626"
"1761689865","2160633857","3.97626"
"2160633857","1761689865","3.97626"
"1761689865","2167664085","2.81111"
"2167664085","1761689865","2.81111"
"1761689865","2168473279","3.07626"
"2168473279","1761689865","3.07626"
"1900866225","1909570134","2.86515"
"1909570134","1900866225","2.86515"
"1900866225","1918294184","2.86515"
"1918294184","1900866225","2.86515"
"1900866225","2103406421","3.71515"
"2103406421","1900866225","3.71515"
"1900866225","2112788210","3.23182"
"2112788210","1900866225","3.23182"
"1900866225","2134006990","2.86515"
"2134006990","1900866225","2.86515"
"1900866225","2160633857","3.71515"
"2160633857","1900866225","3.71515"
"1900866225","2167664085","6.21667"
"2167664085","1900866225","6.21667"
"1900866225","2168473279","8.28182"
"2168473279","1900866225","8.28182"
"1909570134","1918294184","3.32626"
"1918294184","1909570134","3.32626"
"1909570134","2103406421","2.97626"
"2103406421","1909570134","2.97626"
"1909570134","2112788210","4.32626"
"2112788210","1909570134","4.32626"
"1909570134","2134006990","3.32626"
"2134006990","1909570134","3.32626"
"1909570134","2160633857","2.97626"
"2160633857","1909570134","2.97626"
"1909570134","2167664085","2.81111"
"2167664085","1909570134","2.81111"
"1909570134","2168473279","3.32626"
"2168473279","1909570134","3.32626"
"1918294184","2103406421","2.97626"
"2103406421","1918294184","2.97626"
"1918294184","2112788210","3.32626"
"2112788210","1918294184","3.32626"
"1918294184","2134006990","3.32626"
"2134006990","1918294184","3.32626"
"1918294184","2160633857","2.97626"
"2160633857","1918294184","2.97626"
"1918294184","2167664085","2.81111"
"2167664085","1918294184","2.81111"
"1918294184","2168473279","3.32626"
"2168473279","1918294184","3.32626"
"2103406421","2112788210","3.34293"
"2112788210","2103406421","3.34293"
"2103406421","2134006990","2.97626"
"2134006990","2103406421","2.97626"
"2103406421","2160633857","6.57626"
"2160633857","2103406421","6.57626"
"2103406421","2167664085","4.57778"
"2167664085","2103406421","4.57778"
"2103406421","2168473279","3.64293"
"2168473279","2103406421","3.64293"
"2112788210","2134006990","4.99293"
"2134006990","2112788210","4.99293"
"2112788210","2160633857","3.34293"
"2160633857","2112788210","3.34293"
"2112788210","2167664085","3.17778"
"2167664085","2112788210","3.17778"
"2112788210","2168473279","5.1596"
"2168473279","2112788210","5.1596"
"2134006990","2160633857","2.97626"
"2160633857","2134006990","2.97626"
"2134006990","2167664085","2.81111"
"2167664085","2134006990","2.81111"
"2134006990","2168473279","4.99293"
"2168473279","2134006990","4.99293"
"2160633857","2167664085","3.57778"
"2167664085","2160633857","3.57778"
"2160633857","2168473279","3.64293"
"2168473279","2160633857","3.64293"
"2167664085","2168473279","3.47778"
"2168473279","2167664085","3.47778"
"1490527255","986313623","2.26515"
"986313623","1490527255","2.26515"
"1661225639","986313623","0.181818"
"986313623","1661225639","0.181818"
"1761689865","986313623","0.265152"
"986313623","1761689865","0.265152"
"1900866225","986313623","8.26515"
"986313623","1900866225","8.26515"
"1909570134","986313623","0.265152"
"986313623","1909570134","0.265152"
"1918294184","986313623","0.265152"
"986313623","1918294184","0.265152"
"2103406421","986313623","0.265152"
"986313623","2103406421","0.265152"
"2112788210","986313623","0.265152"
"986313623","2112788210","0.265152"
"2134006990","986313623","0.265152"
"986313623","2134006990","0.265152"
"2160633857","986313623","0.265152"
"986313623","2160633857","0.265152"
"2168473279","986313623","0.265152"
"986313623","2168473279","0.265152"
"1490527255","1602336106","0.0833333"
"1602336106","1490527255","0.0833333"
"1490527255","2160156499","0.0833333"
"2160156499","1490527255","0.0833333"
"1602336106","1761689865","0.0833333"
"1761689865","1602336106","0.0833333"
"1602336106","1900866225","0.0833333"
"1900866225","1602336106","0.0833333"
"1602336106","1909570134","0.0833333"
"1909570134","1602336106","0.0833333"
"1602336106","1918294184","0.0833333"
"1918294184","1602336106","0.0833333"
"1602336106","2103406421","2.58333"
"2103406421","1602336106","2.58333"
"1602336106","2112788210","0.0833333"
"2112788210","1602336106","0.0833333"
"1602336106","2134006990","0.0833333"
"2134006990","1602336106","0.0833333"
"1602336106","2160156499","3.75"
"2160156499","1602336106","3.75"
"1602336106","2160633857","2.58333"
"2160633857","1602336106","2.58333"
"1602336106","2168473279","0.0833333"
"2168473279","1602336106","0.0833333"
"1602336106","986313623","1.08333"
"986313623","1602336106","1.08333"
"1761689865","2160156499","0.0833333"
"2160156499","1761689865","0.0833333"
"1900866225","2160156499","1.20833"
"2160156499","1900866225","1.20833"
"1909570134","2160156499","0.0833333"
"2160156499","1909570134","0.0833333"
"1918294184","2160156499","0.0833333"
"2160156499","1918294184","0.0833333"
"2103406421","2160156499","1.45833"
"2160156499","2103406421","1.45833"
"2112788210","2160156499","0.0833333"
"2160156499","2112788210","0.0833333"
"2134006990","2160156499","0.0833333"
"2160156499","2134006990","0.0833333"
"2160156499","2160633857","0.458333"
"2160633857","2160156499","0.458333"
"2160156499","2168473279","0.458333"
"2168473279","2160156499","0.458333"
"2160156499","986313623","0.0833333"
"986313623","2160156499","0.0833333"
"1602336106","1661225639","1"
"1661225639","1602336106","1"
"1602336106","2133043391","3.66667"
"2133043391","1602336106","3.66667"
"1602336106","2167664085","3.66667"
"2167664085","1602336106","3.66667"
"2133043391","2160156499","4.04167"
"2160156499","2133043391","4.04167"
"2133043391","2167664085","4.16667"
"2167664085","2133043391","4.16667"
"2160156499","2167664085","4.04167"
"2167664085","2160156499","4.04167"
"1661225639","2160156499","1.25"
"2160156499","1661225639","1.25"
"1661225639","2116765758","0.375"
"2116765758","1661225639","0.375"
"1661225639","2133043391","0.375"
"2133043391","1661225639","0.375"
"1661225639","2164115077","0.375"
"2164115077","1661225639","0.375"
"1900866225","2116765758","0.25"
"2116765758","1900866225","0.25"
"1900866225","2133043391","0.25"
"2133043391","1900866225","0.25"
"1900866225","2164115077","0.25"
"2164115077","1900866225","0.25"
"2103406421","2116765758","0.5"
"2116765758","2103406421","0.5"
"2103406421","2133043391","0.5"
"2133043391","2103406421","0.5"
"2103406421","2164115077","2.5"
"2164115077","2103406421","2.5"
"2116765758","2133043391","0.5"
"2133043391","2116765758","0.5"
"2116765758","2160633857","0.5"
"2160633857","2116765758","0.5"
"2116765758","2164115077","1.5"
"2164115077","2116765758","1.5"
"2116765758","2167664085","0.5"
"2167664085","2116765758","0.5"
"2116765758","2168473279","0.5"
"2168473279","2116765758","0.5"
"2133043391","2160633857","0.5"
"2160633857","2133043391","0.5"
"2133043391","2164115077","0.5"
"2164115077","2133043391","0.5"
"2133043391","2168473279","0.5"
"2168473279","2133043391","0.5"
"2160633857","2164115077","0.5"
"2164115077","2160633857","0.5"
"2164115077","2167664085","0.5"
"2167664085","2164115077","0.5"
"2164115077","2168473279","0.5"
"2168473279","2164115077","0.5"
"2116765758","2160156499","4.375"
"2160156499","2116765758","4.375"
"2160156499","2164115077","0.375"
"2164115077","2160156499","0.375"
"2116765758","986313623","2"
"986313623","2116765758","2"
"2116765758","2134006990","1"
"2134006990","2116765758","1"
"2134006990","2164115077","1"
"2164115077","2134006990","1"
