"117446262","2148618548","1"
"2148618548","117446262","1"
"1546307877","2092146789","11.6762"
"2092146789","1546307877","11.6762"
"1546307877","1772216139","0.533333"
"1772216139","1546307877","0.533333"
"1546307877","2069124975","4.07619"
"2069124975","1546307877","4.07619"
"1546307877","2104313381","0.409524"
"2104313381","1546307877","0.409524"
"1546307877","2107542607","0.863492"
"2107542607","1546307877","0.863492"
"1546307877","2159584786","3.70635"
"2159584786","1546307877","3.70635"
"1772216139","2069124975","2.4"
"2069124975","1772216139","2.4"
"1772216139","2104313381","0.2"
"2104313381","1772216139","0.2"
"1772216139","2107542607","0.2"
"2107542607","1772216139","0.2"
"1772216139","2159584786","6.43333"
"2159584786","1772216139","6.43333"
"2069124975","2104313381","2.6671"
"2104313381","2069124975","2.6671"
"2069124975","2107542607","5.67662"
"2107542607","2069124975","5.67662"
"2069124975","2159584786","59.1044"
"2159584786","2069124975","59.1044"
"2104313381","2107542607","0.750433"
"2107542607","2104313381","0.750433"
"2104313381","2159584786","7.00043"
"2159584786","2104313381","7.00043"
"2107542607","2159584786","9.00281"
"2159584786","2107542607","9.00281"
"1546307877","1969035815","1.9"
"1969035815","1546307877","1.9"
"1546307877","2045183324","0.2"
"2045183324","1546307877","0.2"
"1546307877","2062617361","0.342857"
"2062617361","1546307877","0.342857"
"1546307877","2114781044","2.55635"
"2114781044","1546307877","2.55635"
"1546307877","2129437228","0.266667"
"2129437228","1546307877","0.266667"
"1969035815","2045183324","0.2"
"2045183324","1969035815","0.2"
"1969035815","2062617361","0.2"
"2062617361","1969035815","0.2"
"1969035815","2114781044","23.0944"
"2114781044","1969035815","23.0944"
"1969035815","2129437228","8.65952"
"2129437228","1969035815","8.65952"
"2045183324","2062617361","3.57424"
"2062617361","2045183324","3.57424"
"2045183324","2114781044","0.4"
"2114781044","2045183324","0.4"
"2045183324","2129437228","0.2"
"2129437228","2045183324","0.2"
"2062617361","2114781044","1.11978"
"2114781044","2062617361","1.11978"
"2062617361","2129437228","0.2"
"2129437228","2062617361","0.2"
"2114781044","2129437228","8.21667"
"2129437228","2114781044","8.21667"
"1546307877","2107673099","0.9"
"2107673099","1546307877","0.9"
"2107673099","2114781044","4.85"
"2114781044","2107673099","4.85"
"1546307877","1597149849","3.10397"
"1597149849","1546307877","3.10397"
"1546307877","1977469993","0.0666667"
"1977469993","1546307877","0.0666667"
"1546307877","1985675795","0.520635"
"1985675795","1546307877","0.520635"
"1546307877","1991020079","0.0666667"
"1991020079","1546307877","0.0666667"
"1546307877","2006481680","0.570635"
"2006481680","1546307877","0.570635"
"1546307877","2108437872","0.770635"
"2108437872","1546307877","0.770635"
"1546307877","2151222976","0.320635"
"2151222976","1546307877","0.320635"
"1546307877","2161829622","2.06667"
"2161829622","1546307877","2.06667"
"1597149849","1977469993","0.0666667"
"1977469993","1597149849","0.0666667"
"1597149849","1985675795","1.74286"
"1985675795","1597149849","1.74286"
"1597149849","1991020079","0.0666667"
"1991020079","1597149849","0.0666667"
"1597149849","2006481680","0.427778"
"2006481680","1597149849","0.427778"
"1597149849","2069124975","1.48333"
"2069124975","1597149849","1.48333"
"1597149849","2104313381","0.266667"
"2104313381","1597149849","0.266667"
"1597149849","2107542607","0.653968"
"2107542607","1597149849","0.653968"
"1597149849","2107673099","0.316667"
"2107673099","1597149849","0.316667"
"1597149849","2108437872","1.27063"
"2108437872","1597149849","1.27063"
"1597149849","2114781044","6.9373"
"2114781044","1597149849","6.9373"
"1597149849","2129437228","1.4"
"2129437228","1597149849","1.4"
"1597149849","2151222976","1.15397"
"2151222976","1597149849","1.15397"
"1597149849","2159584786","2.90952"
"2159584786","1597149849","2.90952"
"1597149849","2161829622","3.56667"
"2161829622","1597149849","3.56667"
"1977469993","1985675795","0.0666667"
"1985675795","1977469993","0.0666667"
"1977469993","1991020079","0.0666667"
"1991020079","1977469993","0.0666667"
"1977469993","2006481680","0.754701"
"2006481680","1977469993","0.754701"
"1977469993","2069124975","0.335354"
"2069124975","1977469993","0.335354"
"1977469993","2104313381","0.157576"
"2104313381","1977469993","0.157576"
"1977469993","2107542607","0.157576"
"2107542607","1977469993","0.157576"
"1977469993","2107673099","0.157576"
"2107673099","1977469993","0.157576"
"1977469993","2108437872","0.0666667"
"2108437872","1977469993","0.0666667"
"1977469993","2114781044","0.254701"
"2114781044","1977469993","0.254701"
"1977469993","2129437228","0.0666667"
"2129437228","1977469993","0.0666667"
"1977469993","2151222976","0.0666667"
"2151222976","1977469993","0.0666667"
"1977469993","2159584786","0.912277"
"2159584786","1977469993","0.912277"
"1977469993","2161829622","0.234499"
"2161829622","1977469993","0.234499"
"1985675795","1991020079","0.0666667"
"1991020079","1985675795","0.0666667"
"1985675795","2006481680","0.511111"
"2006481680","1985675795","0.511111"
"1985675795","2069124975","0.4"
"2069124975","1985675795","0.4"
"1985675795","2104313381","0.0666667"
"2104313381","1985675795","0.0666667"
"1985675795","2107542607","1.70952"
"2107542607","1985675795","1.70952"
"1985675795","2107673099","0.566667"
"2107673099","1985675795","0.566667"
"1985675795","2108437872","2.52063"
"2108437872","1985675795","2.52063"
"1985675795","2114781044","1.37619"
"2114781044","1985675795","1.37619"
"1985675795","2129437228","1.62222"
"2129437228","1985675795","1.62222"
"1985675795","2151222976","1.32063"
"2151222976","1985675795","1.32063"
"1985675795","2159584786","3.07619"
"2159584786","1985675795","3.07619"
"1985675795","2161829622","0.0666667"
"2161829622","1985675795","0.0666667"
"1991020079","2006481680","0.0666667"
"2006481680","1991020079","0.0666667"
"1991020079","2069124975","0.0666667"
"2069124975","1991020079","0.0666667"
"1991020079","2104313381","0.0666667"
"2104313381","1991020079","0.0666667"
"1991020079","2107542607","0.0666667"
"2107542607","1991020079","0.0666667"
"1991020079","2107673099","0.0666667"
"2107673099","1991020079","0.0666667"
"1991020079","2108437872","0.0666667"
"2108437872","1991020079","0.0666667"
"1991020079","2114781044","3.06667"
"2114781044","1991020079","3.06667"
"1991020079","2129437228","0.0666667"
"2129437228","1991020079","0.0666667"
"1991020079","2151222976","0.0666667"
"2151222976","1991020079","0.0666667"
"1991020079","2159584786","0.0666667"
"2159584786","1991020079","0.0666667"
"1991020079","2161829622","0.0666667"
"2161829622","1991020079","0.0666667"
"2006481680","2069124975","2.24683"
"2069124975","2006481680","2.24683"
"2006481680","2104313381","2.45952"
"2104313381","2006481680","2.45952"
"2006481680","2107542607","4.59683"
"2107542607","2006481680","4.59683"
"2006481680","2107673099","0.566667"
"2107673099","2006481680","0.566667"
"2006481680","2108437872","0.427778"
"2108437872","2006481680","0.427778"
"2006481680","2114781044","3.45867"
"2114781044","2006481680","3.45867"
"2006481680","2129437228","0.409524"
"2129437228","2006481680","0.409524"
"2006481680","2151222976","1.56111"
"2151222976","2006481680","1.56111"
"2006481680","2159584786","9.51819"
"2159584786","2006481680","9.51819"
"2006481680","2161829622","0.14359"
"2161829622","2006481680","0.14359"
"2069124975","2107673099","1.07424"
"2107673099","2069124975","1.07424"
"2069124975","2108437872","0.0666667"
"2108437872","2069124975","0.0666667"
"2069124975","2114781044","3.10397"
"2114781044","2069124975","3.10397"
"2069124975","2129437228","0.209524"
"2129437228","2069124975","0.209524"
"2069124975","2151222976","0.9"
"2151222976","2069124975","0.9"
"2069124975","2161829622","1.10758"
"2161829622","2069124975","1.10758"
"2104313381","2107673099","0.157576"
"2107673099","2104313381","0.157576"
"2104313381","2108437872","0.0666667"
"2108437872","2104313381","0.0666667"
"2104313381","2114781044","1.15952"
"2114781044","2104313381","1.15952"
"2104313381","2129437228","0.0666667"
"2129437228","2104313381","0.0666667"
"2104313381","2151222976","0.0666667"
"2151222976","2104313381","0.0666667"
"2104313381","2161829622","0.407576"
"2161829622","2104313381","0.407576"
"2107542607","2107673099","0.157576"
"2107673099","2107542607","0.157576"
"2107542607","2108437872","0.320635"
"2108437872","2107542607","0.320635"
"2107542607","2114781044","3.79683"
"2114781044","2107542607","3.79683"
"2107542607","2129437228","1.15952"
"2129437228","2107542607","1.15952"
"2107542607","2151222976","0.420635"
"2151222976","2107542607","0.420635"
"2107542607","2161829622","2.15758"
"2161829622","2107542607","2.15758"
"2107673099","2108437872","0.0666667"
"2108437872","2107673099","0.0666667"
"2107673099","2129437228","0.266667"
"2129437228","2107673099","0.266667"
"2107673099","2151222976","0.0666667"
"2151222976","2107673099","0.0666667"
"2107673099","2159584786","0.940909"
"2159584786","2107673099","0.940909"
"2107673099","2161829622","0.157576"
"2161829622","2107673099","0.157576"
"2108437872","2114781044","1.07063"
"2114781044","2108437872","1.07063"
"2108437872","2129437228","0.0666667"
"2129437228","2108437872","0.0666667"
"2108437872","2151222976","0.320635"
"2151222976","2108437872","0.320635"
"2108437872","2159584786","0.520635"
"2159584786","2108437872","0.520635"
"2108437872","2161829622","0.0666667"
"2161829622","2108437872","0.0666667"
"2114781044","2151222976","2.57063"
"2151222976","2114781044","2.57063"
"2114781044","2159584786","11.1666"
"2159584786","2114781044","11.1666"
"2114781044","2161829622","2.84359"
"2161829622","2114781044","2.84359"
"2129437228","2151222976","0.233333"
"2151222976","2129437228","0.233333"
"2129437228","2159584786","2.88175"
"2159584786","2129437228","2.88175"
"2129437228","2161829622","0.0666667"
"2161829622","2129437228","0.0666667"
"2151222976","2159584786","11.204"
"2159584786","2151222976","11.204"
"2151222976","2161829622","0.0666667"
"2161829622","2151222976","0.0666667"
"2159584786","2161829622","13.9845"
"2161829622","2159584786","13.9845"
"1597149849","2092146789","0.788889"
"2092146789","1597149849","0.788889"
"1985675795","2092146789","0.422222"
"2092146789","1985675795","0.422222"
"2092146789","2108437872","0.2"
"2108437872","2092146789","0.2"
"2092146789","2159584786","31.7087"
"2159584786","2092146789","31.7087"
"1772216139","2092146789","4.4"
"2092146789","1772216139","4.4"
"2006481680","2092146789","4.00311"
"2092146789","2006481680","4.00311"
"2069124975","2092146789","9.17619"
"2092146789","2069124975","9.17619"
"2092146789","2104313381","2.00952"
"2104313381","2092146789","2.00952"
"2092146789","2107542607","3.21508"
"2107542607","2092146789","3.21508"
"2092146789","2114781044","5.62534"
"2114781044","2092146789","5.62534"
"1546307877","1606305862","0.111111"
"1606305862","1546307877","0.111111"
"1597149849","1606305862","0.222222"
"1606305862","1597149849","0.222222"
"1606305862","1985675795","0.111111"
"1985675795","1606305862","0.111111"
"1606305862","2006481680","0.111111"
"2006481680","1606305862","0.111111"
"1606305862","2107542607","0.222222"
"2107542607","1606305862","0.222222"
"1606305862","2108437872","0.111111"
"2108437872","1606305862","0.111111"
"1606305862","2114781044","0.722222"
"2114781044","1606305862","0.722222"
"1606305862","2151222976","0.111111"
"2151222976","1606305862","0.111111"
"1606305862","2159584786","1.26111"
"2159584786","1606305862","1.26111"
"1546307877","1976816524","0.2"
"1976816524","1546307877","0.2"
"1546307877","29410364","0.2"
"29410364","1546307877","0.2"
"1969035815","1976816524","2.34286"
"1976816524","1969035815","2.34286"
"1969035815","2107542607","4.39286"
"2107542607","1969035815","4.39286"
"1969035815","2159584786","5.29286"
"2159584786","1969035815","5.29286"
"1969035815","29410364","0.2"
"29410364","1969035815","0.2"
"1976816524","2107542607","2.59286"
"2107542607","1976816524","2.59286"
"1976816524","2159584786","2.02619"
"2159584786","1976816524","2.02619"
"1976816524","29410364","0.2"
"29410364","1976816524","0.2"
"2107542607","29410364","0.2"
"29410364","2107542607","0.2"
"2159584786","29410364","0.2"
"29410364","2159584786","0.2"
"1546307877","2058861109","0.142857"
"2058861109","1546307877","0.142857"
"1546307877","2103982743","0.142857"
"2103982743","1546307877","0.142857"
"1546307877","2109127225","0.142857"
"2109127225","1546307877","0.142857"
"1546307877","2123487719","0.142857"
"2123487719","1546307877","0.142857"
"2058861109","2062617361","0.392857"
"2062617361","2058861109","0.392857"
"2058861109","2103982743","0.309524"
"2103982743","2058861109","0.309524"
"2058861109","2109127225","0.309524"
"2109127225","2058861109","0.309524"
"2058861109","2114781044","2.14286"
"2114781044","2058861109","2.14286"
"2058861109","2123487719","0.142857"
"2123487719","2058861109","0.142857"
"2058861109","2159584786","0.392857"
"2159584786","2058861109","0.392857"
"2062617361","2103982743","0.142857"
"2103982743","2062617361","0.142857"
"2062617361","2109127225","0.21978"
"2109127225","2062617361","0.21978"
"2062617361","2123487719","0.142857"
"2123487719","2062617361","0.142857"
"2062617361","2159584786","0.810689"
"2159584786","2062617361","0.810689"
"2103982743","2109127225","0.309524"
"2109127225","2103982743","0.309524"
"2103982743","2114781044","0.253968"
"2114781044","2103982743","0.253968"
"2103982743","2123487719","0.142857"
"2123487719","2103982743","0.142857"
"2103982743","2159584786","0.142857"
"2159584786","2103982743","0.142857"
"2109127225","2114781044","0.553114"
"2114781044","2109127225","0.553114"
"2109127225","2123487719","2.90952"
"2123487719","2109127225","2.90952"
"2109127225","2159584786","0.953114"
"2159584786","2109127225","0.953114"
"2114781044","2123487719","0.587302"
"2123487719","2114781044","0.587302"
"2123487719","2159584786","2.7373"
"2159584786","2123487719","2.7373"
"1597149849","69120032","1"
"69120032","1597149849","1"
"1597149849","1969035815","4.83333"
"1969035815","1597149849","4.83333"
"1597149849","2135774428","0.972222"
"2135774428","1597149849","0.972222"
"2114781044","2135774428","2.21581"
"2135774428","2114781044","2.21581"
"2135774428","2151222976","0.5"
"2151222976","2135774428","0.5"
"1969035815","2135774428","0.972222"
"2135774428","1969035815","0.972222"
"2135774428","2159584786","5.88248"
"2159584786","2135774428","5.88248"
"1969035815","2092146789","1.63889"
"2092146789","1969035815","1.63889"
"1969035815","2151222976","4.93333"
"2151222976","1969035815","4.93333"
"2092146789","2129437228","0.755556"
"2129437228","2092146789","0.755556"
"2092146789","2135774428","0.465812"
"2135774428","2092146789","0.465812"
"2092146789","2151222976","4.71667"
"2151222976","2092146789","4.71667"
"2129437228","2135774428","0.722222"
"2135774428","2129437228","0.722222"
"1597149849","1997829132","0.583333"
"1997829132","1597149849","0.583333"
"1969035815","1985675795","0.555556"
"1985675795","1969035815","0.555556"
"1969035815","1997829132","1.83333"
"1997829132","1969035815","1.83333"
"1985675795","1997829132","0.222222"
"1997829132","1985675795","0.222222"
"1985675795","2135774428","0.222222"
"2135774428","1985675795","0.222222"
"1997829132","2092146789","0.222222"
"2092146789","1997829132","0.222222"
"1997829132","2107542607","0.333333"
"2107542607","1997829132","0.333333"
"1997829132","2114781044","0.583333"
"2114781044","1997829132","0.583333"
"1997829132","2129437228","0.583333"
"2129437228","1997829132","0.583333"
"1997829132","2135774428","0.222222"
"2135774428","1997829132","0.222222"
"1997829132","2159584786","0.472222"
"2159584786","1997829132","0.472222"
"2107542607","2135774428","0.222222"
"2135774428","2107542607","0.222222"
"1597149849","1955972986","0.25"
"1955972986","1597149849","0.25"
"1597149849","2774723386","0.25"
"2774723386","1597149849","0.25"
"1955972986","1969035815","0.75"
"1969035815","1955972986","0.75"
"1955972986","1997829132","0.25"
"1997829132","1955972986","0.25"
"1955972986","2774723386","0.25"
"2774723386","1955972986","0.25"
"1969035815","2774723386","0.25"
"2774723386","1969035815","0.25"
"1997829132","2774723386","0.25"
"2774723386","1997829132","0.25"
"1597149849","1995397862","0.111111"
"1995397862","1597149849","0.111111"
"1597149849","2103982743","0.111111"
"2103982743","1597149849","0.111111"
"1597149849","597208000","0.111111"
"597208000","1597149849","0.111111"
"1606305862","1969035815","0.177778"
"1969035815","1606305862","0.177778"
"1606305862","1995397862","0.111111"
"1995397862","1606305862","0.111111"
"1606305862","1997829132","0.111111"
"1997829132","1606305862","0.111111"
"1606305862","2103982743","0.111111"
"2103982743","1606305862","0.111111"
"1606305862","2129437228","0.111111"
"2129437228","1606305862","0.111111"
"1606305862","597208000","0.111111"
"597208000","1606305862","0.111111"
"1969035815","1995397862","0.611111"
"1995397862","1969035815","0.611111"
"1969035815","2103982743","0.111111"
"2103982743","1969035815","0.111111"
"1969035815","597208000","0.211111"
"597208000","1969035815","0.211111"
"1995397862","1997829132","0.111111"
"1997829132","1995397862","0.111111"
"1995397862","2103982743","0.611111"
"2103982743","1995397862","0.611111"
"1995397862","2107542607","0.111111"
"2107542607","1995397862","0.111111"
"1995397862","2114781044","1.11111"
"2114781044","1995397862","1.11111"
"1995397862","2129437228","0.611111"
"2129437228","1995397862","0.611111"
"1995397862","597208000","1.61111"
"597208000","1995397862","1.61111"
"1997829132","2103982743","0.111111"
"2103982743","1997829132","0.111111"
"1997829132","597208000","0.111111"
"597208000","1997829132","0.111111"
"2103982743","2107542607","0.111111"
"2107542607","2103982743","0.111111"
"2103982743","2129437228","0.111111"
"2129437228","2103982743","0.111111"
"2103982743","597208000","2.61111"
"597208000","2103982743","2.61111"
"2107542607","597208000","0.211111"
"597208000","2107542607","0.211111"
"2114781044","597208000","0.111111"
"597208000","2114781044","0.111111"
"2129437228","597208000","0.111111"
"597208000","2129437228","0.111111"
"1597149849","2045183324","0.2"
"2045183324","1597149849","0.2"
"1597149849","2062617361","0.2"
"2062617361","1597149849","0.2"
"2045183324","2092146789","0.2"
"2092146789","2045183324","0.2"
"2045183324","2104313381","3.04091"
"2104313381","2045183324","3.04091"
"2062617361","2092146789","0.526923"
"2092146789","2062617361","0.526923"
"2062617361","2104313381","4.29091"
"2104313381","2062617361","4.29091"
"1606305862","2069124975","1.15"
"2069124975","1606305862","1.15"
"1606305862","2123487719","0.316667"
"2123487719","1606305862","0.316667"
"1606305862","2167873099","1.25"
"2167873099","1606305862","1.25"
"2069124975","2123487719","0.627778"
"2123487719","2069124975","0.627778"
"2069124975","2167873099","0.25"
"2167873099","2069124975","0.25"
"2123487719","2167873099","0.25"
"2167873099","2123487719","0.25"
"2159584786","2167873099","0.25"
"2167873099","2159584786","0.25"
"1606305862","2082177295","0.566667"
"2082177295","1606305862","0.566667"
"2082177295","2114781044","0.576923"
"2114781044","2082177295","0.576923"
"1606305862","2104313381","0.333333"
"2104313381","1606305862","0.333333"
"1606305862","1963914923","0.0666667"
"1963914923","1606305862","0.0666667"
"1606305862","1974497079","0.0666667"
"1974497079","1606305862","0.0666667"
"1606305862","1977469993","0.0666667"
"1977469993","1606305862","0.0666667"
"1606305862","1989610356","0.0666667"
"1989610356","1606305862","0.0666667"
"1606305862","2051824430","0.0666667"
"2051824430","1606305862","0.0666667"
"1606305862","2060854766","0.0666667"
"2060854766","1606305862","0.0666667"
"1606305862","2079085665","0.0666667"
"2079085665","1606305862","0.0666667"
"1606305862","2109127225","0.0666667"
"2109127225","1606305862","0.0666667"
"1606305862","2114535835","0.0666667"
"2114535835","1606305862","0.0666667"
"1606305862","2144880325","0.0666667"
"2144880325","1606305862","0.0666667"
"1963914923","1969035815","1.26667"
"1969035815","1963914923","1.26667"
"1963914923","1974497079","1.06667"
"1974497079","1963914923","1.06667"
"1963914923","1977469993","0.157576"
"1977469993","1963914923","0.157576"
"1963914923","1989610356","0.0666667"
"1989610356","1963914923","0.0666667"
"1963914923","2051824430","0.0666667"
"2051824430","1963914923","0.0666667"
"1963914923","2060854766","0.0666667"
"2060854766","1963914923","0.0666667"
"1963914923","2069124975","0.157576"
"2069124975","1963914923","0.157576"
"1963914923","2079085665","0.0666667"
"2079085665","1963914923","0.0666667"
"1963914923","2082177295","0.0666667"
"2082177295","1963914923","0.0666667"
"1963914923","2109127225","0.4"
"2109127225","1963914923","0.4"
"1963914923","2114535835","0.0666667"
"2114535835","1963914923","0.0666667"
"1963914923","2123487719","0.4"
"2123487719","1963914923","0.4"
"1963914923","2144880325","0.0666667"
"2144880325","1963914923","0.0666667"
"1963914923","2159584786","1.15758"
"2159584786","1963914923","1.15758"
"1969035815","1974497079","1.06667"
"1974497079","1969035815","1.06667"
"1969035815","1977469993","0.177778"
"1977469993","1969035815","0.177778"
"1969035815","1989610356","0.0666667"
"1989610356","1969035815","0.0666667"
"1969035815","2051824430","0.0666667"
"2051824430","1969035815","0.0666667"
"1969035815","2060854766","0.0666667"
"2060854766","1969035815","0.0666667"
"1969035815","2069124975","4.65397"
"2069124975","1969035815","4.65397"
"1969035815","2079085665","0.177778"
"2079085665","1969035815","0.177778"
"1969035815","2082177295","0.0666667"
"2082177295","1969035815","0.0666667"
"1969035815","2109127225","0.9"
"2109127225","1969035815","0.9"
"1969035815","2114535835","0.4"
"2114535835","1969035815","0.4"
"1969035815","2123487719","0.677778"
"2123487719","1969035815","0.677778"
"1969035815","2144880325","0.0666667"
"2144880325","1969035815","0.0666667"
"1974497079","1977469993","0.566667"
"1977469993","1974497079","0.566667"
"1974497079","1989610356","0.0666667"
"1989610356","1974497079","0.0666667"
"1974497079","2051824430","0.266667"
"2051824430","1974497079","0.266667"
"1974497079","2060854766","0.0666667"
"2060854766","1974497079","0.0666667"
"1974497079","2069124975","1.26667"
"2069124975","1974497079","1.26667"
"1974497079","2079085665","1.23333"
"2079085665","1974497079","1.23333"
"1974497079","2082177295","0.0666667"
"2082177295","1974497079","0.0666667"
"1974497079","2109127225","1.1"
"2109127225","1974497079","1.1"
"1974497079","2114535835","0.566667"
"2114535835","1974497079","0.566667"
"1974497079","2123487719","0.933333"
"2123487719","1974497079","0.933333"
"1974497079","2144880325","0.0666667"
"2144880325","1974497079","0.0666667"
"1974497079","2159584786","0.733333"
"2159584786","1974497079","0.733333"
"1977469993","1989610356","0.0666667"
"1989610356","1977469993","0.0666667"
"1977469993","2051824430","0.566667"
"2051824430","1977469993","0.566667"
"1977469993","2060854766","0.14359"
"2060854766","1977469993","0.14359"
"1977469993","2079085665","0.177778"
"2079085665","1977469993","0.177778"
"1977469993","2082177295","0.14359"
"2082177295","1977469993","0.14359"
"1977469993","2109127225","0.14359"
"2109127225","1977469993","0.14359"
"1977469993","2114535835","0.566667"
"2114535835","1977469993","0.566667"
"1977469993","2123487719","0.677778"
"2123487719","1977469993","0.677778"
"1977469993","2144880325","0.0666667"
"2144880325","1977469993","0.0666667"
"1989610356","2051824430","0.0666667"
"2051824430","1989610356","0.0666667"
"1989610356","2060854766","0.0666667"
"2060854766","1989610356","0.0666667"
"1989610356","2069124975","1.4"
"2069124975","1989610356","1.4"
"1989610356","2079085665","0.0666667"
"2079085665","1989610356","0.0666667"
"1989610356","2082177295","0.0666667"
"2082177295","1989610356","0.0666667"
"1989610356","2109127225","0.0666667"
"2109127225","1989610356","0.0666667"
"1989610356","2114535835","0.0666667"
"2114535835","1989610356","0.0666667"
"1989610356","2123487719","0.0666667"
"2123487719","1989610356","0.0666667"
"1989610356","2144880325","0.0666667"
"2144880325","1989610356","0.0666667"
"1989610356","2159584786","1.4"
"2159584786","1989610356","1.4"
"2051824430","2060854766","0.0666667"
"2060854766","2051824430","0.0666667"
"2051824430","2069124975","0.266667"
"2069124975","2051824430","0.266667"
"2051824430","2079085665","0.0666667"
"2079085665","2051824430","0.0666667"
"2051824430","2082177295","0.0666667"
"2082177295","2051824430","0.0666667"
"2051824430","2109127225","0.266667"
"2109127225","2051824430","0.266667"
"2051824430","2114535835","0.0666667"
"2114535835","2051824430","0.0666667"
"2051824430","2123487719","6.1"
"2123487719","2051824430","6.1"
"2051824430","2144880325","0.0666667"
"2144880325","2051824430","0.0666667"
"2051824430","2159584786","1.56667"
"2159584786","2051824430","1.56667"
"2060854766","2069124975","0.0666667"
"2069124975","2060854766","0.0666667"
"2060854766","2079085665","0.0666667"
"2079085665","2060854766","0.0666667"
"2060854766","2082177295","0.14359"
"2082177295","2060854766","0.14359"
"2060854766","2109127225","0.14359"
"2109127225","2060854766","0.14359"
"2060854766","2114535835","0.0666667"
"2114535835","2060854766","0.0666667"
"2060854766","2123487719","0.0666667"
"2123487719","2060854766","0.0666667"
"2060854766","2144880325","0.0666667"
"2144880325","2060854766","0.0666667"
"2060854766","2159584786","0.14359"
"2159584786","2060854766","0.14359"
"2069124975","2079085665","1.37778"
"2079085665","2069124975","1.37778"
"2069124975","2082177295","0.0666667"
"2082177295","2069124975","0.0666667"
"2069124975","2109127225","0.266667"
"2109127225","2069124975","0.266667"
"2069124975","2114535835","0.0666667"
"2114535835","2069124975","0.0666667"
"2069124975","2144880325","0.0666667"
"2144880325","2069124975","0.0666667"
"2079085665","2082177295","0.0666667"
"2082177295","2079085665","0.0666667"
"2079085665","2109127225","0.233333"
"2109127225","2079085665","0.233333"
"2079085665","2114535835","0.0666667"
"2114535835","2079085665","0.0666667"
"2079085665","2123487719","0.177778"
"2123487719","2079085665","0.177778"
"2079085665","2144880325","0.0666667"
"2144880325","2079085665","0.0666667"
"2079085665","2159584786","2.17778"
"2159584786","2079085665","2.17778"
"2082177295","2109127225","0.14359"
"2109127225","2082177295","0.14359"
"2082177295","2114535835","0.0666667"
"2114535835","2082177295","0.0666667"
"2082177295","2123487719","0.0666667"
"2123487719","2082177295","0.0666667"
"2082177295","2144880325","0.0666667"
"2144880325","2082177295","0.0666667"
"2082177295","2159584786","0.14359"
"2159584786","2082177295","0.14359"
"2109127225","2114535835","0.4"
"2114535835","2109127225","0.4"
"2109127225","2144880325","0.0666667"
"2144880325","2109127225","0.0666667"
"2114535835","2123487719","0.0666667"
"2123487719","2114535835","0.0666667"
"2114535835","2144880325","0.0666667"
"2144880325","2114535835","0.0666667"
"2114535835","2159584786","0.0666667"
"2159584786","2114535835","0.0666667"
"2123487719","2144880325","0.0666667"
"2144880325","2123487719","0.0666667"
"2144880325","2159584786","0.0666667"
"2159584786","2144880325","0.0666667"
"1606305862","2913196999","1"
"2913196999","1606305862","1"
"1715591636","1974497079","0.5"
"1974497079","1715591636","0.5"
"1715591636","2084537586","0.5"
"2084537586","1715591636","0.5"
"1974497079","2084537586","0.5"
"2084537586","1974497079","0.5"
"1715591636","1864020532","0.25"
"1864020532","1715591636","0.25"
"1715591636","2069124975","0.25"
"2069124975","1715591636","0.25"
"1715591636","2092146789","0.25"
"2092146789","1715591636","0.25"
"1715591636","2159584786","0.25"
"2159584786","1715591636","0.25"
"1864020532","2069124975","0.5"
"2069124975","1864020532","0.5"
"1864020532","2092146789","1.55"
"2092146789","1864020532","1.55"
"1864020532","2159584786","1.18333"
"2159584786","1864020532","1.18333"
"1772216139","2084537586","0.25"
"2084537586","1772216139","0.25"
"2069124975","2084537586","0.583333"
"2084537586","2069124975","0.583333"
"2084537586","2092146789","0.583333"
"2092146789","2084537586","0.583333"
"2084537586","2159584786","1.08333"
"2159584786","2084537586","1.08333"
"1772216139","2164518010","0.25"
"2164518010","1772216139","0.25"
"2069124975","2164518010","0.340909"
"2164518010","2069124975","0.340909"
"2092146789","2164518010","0.25"
"2164518010","2092146789","0.25"
"2159584786","2164518010","0.840909"
"2164518010","2159584786","0.840909"
"1772216139","1976816524","0.4"
"1976816524","1772216139","0.4"
"1772216139","2006481680","0.733333"
"2006481680","1772216139","0.733333"
"1772216139","2114781044","0.2"
"2114781044","1772216139","0.2"
"1976816524","2006481680","2.82619"
"2006481680","1976816524","2.82619"
"1976816524","2092146789","1.68333"
"2092146789","1976816524","1.68333"
"1976816524","2114781044","0.45"
"2114781044","1976816524","0.45"
"1976816524","2069124975","1.34286"
"2069124975","1976816524","1.34286"
"1772216139","1969035815","1"
"1969035815","1772216139","1"
"1864020532","2114781044","1.58333"
"2114781044","1864020532","1.58333"
"1864020532","2135774428","0.333333"
"2135774428","1864020532","0.333333"
"1864020532","1969035815","3.33333"
"1969035815","1864020532","3.33333"
"1864020532","2021911310","0.333333"
"2021911310","1864020532","0.333333"
"1864020532","2151222976","0.433333"
"2151222976","1864020532","0.433333"
"1969035815","2021911310","0.333333"
"2021911310","1969035815","0.333333"
"2021911310","2151222976","0.333333"
"2151222976","2021911310","0.333333"
"1864020532","2006481680","0.3"
"2006481680","1864020532","0.3"
"1864020532","2025932284","0.3"
"2025932284","1864020532","0.3"
"1864020532","2107542607","1.55"
"2107542607","1864020532","1.55"
"1864020532","2295241756","0.55"
"2295241756","1864020532","0.55"
"1864020532","2545176003","0.1"
"2545176003","1864020532","0.1"
"1864020532","597208000","0.1"
"597208000","1864020532","0.1"
"1969035815","2006481680","3.1373"
"2006481680","1969035815","3.1373"
"1969035815","2025932284","0.3"
"2025932284","1969035815","0.3"
"1969035815","2295241756","0.609524"
"2295241756","1969035815","0.609524"
"1969035815","2545176003","2.3"
"2545176003","1969035815","2.3"
"2006481680","2025932284","0.1"
"2025932284","2006481680","0.1"
"2006481680","2295241756","0.692857"
"2295241756","2006481680","0.692857"
"2006481680","2545176003","0.1"
"2545176003","2006481680","0.1"
"2006481680","597208000","0.1"
"597208000","2006481680","0.1"
"2025932284","2092146789","0.3"
"2092146789","2025932284","0.3"
"2025932284","2107542607","0.1"
"2107542607","2025932284","0.1"
"2025932284","2151222976","0.1"
"2151222976","2025932284","0.1"
"2025932284","2159584786","0.1"
"2159584786","2025932284","0.1"
"2025932284","2295241756","0.3"
"2295241756","2025932284","0.3"
"2025932284","2545176003","0.1"
"2545176003","2025932284","0.1"
"2025932284","597208000","0.1"
"597208000","2025932284","0.1"
"2092146789","2295241756","0.666667"
"2295241756","2092146789","0.666667"
"2092146789","2545176003","0.1"
"2545176003","2092146789","0.1"
"2092146789","597208000","0.1"
"597208000","2092146789","0.1"
"2107542607","2295241756","0.659524"
"2295241756","2107542607","0.659524"
"2107542607","2545176003","0.1"
"2545176003","2107542607","0.1"
"2151222976","2295241756","0.3"
"2295241756","2151222976","0.3"
"2151222976","2545176003","1.1"
"2545176003","2151222976","1.1"
"2151222976","597208000","0.1"
"597208000","2151222976","0.1"
"2159584786","2295241756","0.609524"
"2295241756","2159584786","0.609524"
"2159584786","2545176003","0.1"
"2545176003","2159584786","0.1"
"2159584786","597208000","0.1"
"597208000","2159584786","0.1"
"2295241756","2545176003","0.1"
"2545176003","2295241756","0.1"
"2295241756","597208000","0.1"
"597208000","2295241756","0.1"
"2545176003","597208000","0.1"
"597208000","2545176003","0.1"
"1864020532","2609793437","0.9"
"2609793437","1864020532","0.9"
"1969035815","2609793437","0.4"
"2609793437","1969035815","0.4"
"2025932284","2609793437","0.2"
"2609793437","2025932284","0.2"
"2092146789","2609793437","0.2"
"2609793437","2092146789","0.2"
"2295241756","2609793437","0.45"
"2609793437","2295241756","0.45"
"1864020532","2129437228","0.45"
"2129437228","1864020532","0.45"
"2006481680","2609793437","0.2"
"2609793437","2006481680","0.2"
"2107542607","2609793437","0.45"
"2609793437","2107542607","0.45"
"2129437228","2609793437","0.45"
"2609793437","2129437228","0.45"
"1864020532","2243595307","1"
"2243595307","1864020532","1"
"2069124975","2295241756","0.392857"
"2295241756","2069124975","0.392857"
"2069124975","2609793437","0.25"
"2609793437","2069124975","0.25"
"2114781044","2295241756","0.416667"
"2295241756","2114781044","0.416667"
"2114781044","2609793437","0.25"
"2609793437","2114781044","0.25"
"1864020532","1976816524","0.25"
"1976816524","1864020532","0.25"
"1976816524","2129437228","1.39286"
"2129437228","1976816524","1.39286"
"1976816524","2609793437","0.25"
"2609793437","1976816524","0.25"
"1955972986","2159584786","0.5"
"2159584786","1955972986","0.5"
"1955972986","2062617361","0.25"
"2062617361","1955972986","0.25"
"1955972986","2104313381","0.25"
"2104313381","1955972986","0.25"
"1955972986","2114781044","0.25"
"2114781044","1955972986","0.25"
"1955972986","242906523","0.25"
"242906523","1955972986","0.25"
"2062617361","242906523","0.25"
"242906523","2062617361","0.25"
"2104313381","242906523","0.25"
"242906523","2104313381","0.25"
"2114781044","242906523","0.25"
"242906523","2114781044","0.25"
"1963914923","2164518010","1.12424"
"2164518010","1963914923","1.12424"
"2109127225","2164518010","0.333333"
"2164518010","2109127225","0.333333"
"2123487719","2164518010","0.333333"
"2164518010","2123487719","0.333333"
"1963914923","2045183324","0.0909091"
"2045183324","1963914923","0.0909091"
"1963914923","2062617361","0.0909091"
"2062617361","1963914923","0.0909091"
"1963914923","2073137959","2.12424"
"2073137959","1963914923","2.12424"
"1963914923","2104313381","0.0909091"
"2104313381","1963914923","0.0909091"
"1963914923","2107542607","0.0909091"
"2107542607","1963914923","0.0909091"
"1963914923","2107673099","0.0909091"
"2107673099","1963914923","0.0909091"
"1963914923","2161829622","0.0909091"
"2161829622","1963914923","0.0909091"
"1977469993","2045183324","0.424242"
"2045183324","1977469993","0.424242"
"1977469993","2062617361","1.50117"
"2062617361","1977469993","1.50117"
"1977469993","2073137959","0.20202"
"2073137959","1977469993","0.20202"
"1977469993","2164518010","1.09091"
"2164518010","1977469993","1.09091"
"2045183324","2069124975","0.0909091"
"2069124975","2045183324","0.0909091"
"2045183324","2073137959","0.0909091"
"2073137959","2045183324","0.0909091"
"2045183324","2107542607","0.0909091"
"2107542607","2045183324","0.0909091"
"2045183324","2107673099","0.0909091"
"2107673099","2045183324","0.0909091"
"2045183324","2159584786","0.340909"
"2159584786","2045183324","0.340909"
"2045183324","2161829622","0.0909091"
"2161829622","2045183324","0.0909091"
"2045183324","2164518010","0.0909091"
"2164518010","2045183324","0.0909091"
"2062617361","2069124975","0.0909091"
"2069124975","2062617361","0.0909091"
"2062617361","2073137959","0.0909091"
"2073137959","2062617361","0.0909091"
"2062617361","2107542607","0.0909091"
"2107542607","2062617361","0.0909091"
"2062617361","2107673099","0.0909091"
"2107673099","2062617361","0.0909091"
"2062617361","2161829622","0.167832"
"2161829622","2062617361","0.167832"
"2062617361","2164518010","0.0909091"
"2164518010","2062617361","0.0909091"
"2069124975","2073137959","1.73535"
"2073137959","2069124975","1.73535"
"2073137959","2104313381","0.0909091"
"2104313381","2073137959","0.0909091"
"2073137959","2107542607","0.0909091"
"2107542607","2073137959","0.0909091"
"2073137959","2107673099","0.0909091"
"2107673099","2073137959","0.0909091"
"2073137959","2159584786","2.70202"
"2159584786","2073137959","2.70202"
"2073137959","2161829622","4.45758"
"2161829622","2073137959","4.45758"
"2073137959","2164518010","3.12424"
"2164518010","2073137959","3.12424"
"2104313381","2164518010","0.0909091"
"2164518010","2104313381","0.0909091"
"2107542607","2164518010","0.0909091"
"2164518010","2107542607","0.0909091"
"2107673099","2164518010","0.0909091"
"2164518010","2107673099","0.0909091"
"2161829622","2164518010","0.424242"
"2164518010","2161829622","0.424242"
"1963914923","2100462182","0.7"
"2100462182","1963914923","0.7"
"1963914923","2248544492","0.25"
"2248544492","1963914923","0.25"
"2073137959","2100462182","0.7"
"2100462182","2073137959","0.7"
"2073137959","2248544492","0.25"
"2248544492","2073137959","0.25"
"2100462182","2164518010","0.7"
"2164518010","2100462182","0.7"
"2100462182","2248544492","0.25"
"2248544492","2100462182","0.25"
"2164518010","2248544492","0.25"
"2248544492","2164518010","0.25"
"1963914923","2243595307","0.5"
"2243595307","1963914923","0.5"
"2073137959","2243595307","0.5"
"2243595307","2073137959","0.5"
"1963914923","2545176003","2.78333"
"2545176003","1963914923","2.78333"
"1963914923","2951181522","0.833333"
"2951181522","1963914923","0.833333"
"2073137959","2545176003","4.65"
"2545176003","2073137959","4.65"
"2073137959","2951181522","0.833333"
"2951181522","2073137959","0.833333"
"2545176003","2951181522","0.333333"
"2951181522","2545176003","0.333333"
"2100462182","2545176003","0.45"
"2545176003","2100462182","0.45"
"2164518010","2545176003","1.78333"
"2545176003","2164518010","1.78333"
"1969035815","2073137959","0.644444"
"2073137959","1969035815","0.644444"
"1969035815","2100462182","0.2"
"2100462182","1969035815","0.2"
"1969035815","2164518010","0.2"
"2164518010","1969035815","0.2"
"1967600503","2161829622","1.5"
"2161829622","1967600503","1.5"
"1967600503","69120032","2.5"
"69120032","1967600503","2.5"
"2161829622","69120032","7"
"69120032","2161829622","7"
"1976816524","2295241756","0.592857"
"2295241756","1976816524","0.592857"
"2129437228","2295241756","0.309524"
"2295241756","2129437228","0.309524"
"1969035815","2107673099","2.7"
"2107673099","1969035815","2.7"
"2092146789","2107673099","1.2"
"2107673099","2092146789","1.2"
"1969035815","69120032","0.333333"
"69120032","1969035815","0.333333"
"2069124975","69120032","0.333333"
"69120032","2069124975","0.333333"
"2073137959","69120032","1.33333"
"69120032","2073137959","1.33333"
"1969035815","2066420624","0.111111"
"2066420624","1969035815","0.111111"
"1977469993","2066420624","0.111111"
"2066420624","1977469993","0.111111"
"2006481680","2066420624","0.111111"
"2066420624","2006481680","0.111111"
"2006481680","2073137959","0.111111"
"2073137959","2006481680","0.111111"
"2006481680","2079085665","0.111111"
"2079085665","2006481680","0.111111"
"2006481680","2123487719","0.111111"
"2123487719","2006481680","0.111111"
"2066420624","2069124975","0.111111"
"2069124975","2066420624","0.111111"
"2066420624","2073137959","0.111111"
"2073137959","2066420624","0.111111"
"2066420624","2079085665","0.111111"
"2079085665","2066420624","0.111111"
"2066420624","2114781044","0.111111"
"2114781044","2066420624","0.111111"
"2066420624","2123487719","0.111111"
"2123487719","2066420624","0.111111"
"2066420624","2159584786","0.111111"
"2159584786","2066420624","0.111111"
"2073137959","2079085665","1.31111"
"2079085665","2073137959","1.31111"
"2073137959","2114781044","0.311111"
"2114781044","2073137959","0.311111"
"2073137959","2123487719","0.611111"
"2123487719","2073137959","0.611111"
"2079085665","2114781044","0.311111"
"2114781044","2079085665","0.311111"
"1969035815","1990295011","0.25"
"1990295011","1969035815","0.25"
"1969035815","2167873099","0.25"
"2167873099","1969035815","0.25"
"1969035815","2249841686","0.25"
"2249841686","1969035815","0.25"
"1990295011","2006481680","0.326923"
"2006481680","1990295011","0.326923"
"1990295011","2167873099","0.25"
"2167873099","1990295011","0.25"
"1990295011","2249841686","0.25"
"2249841686","1990295011","0.25"
"2006481680","2167873099","0.583333"
"2167873099","2006481680","0.583333"
"2006481680","2249841686","0.25"
"2249841686","2006481680","0.25"
"2167873099","2249841686","0.25"
"2249841686","2167873099","0.25"
"1969035815","1991020079","1"
"1991020079","1969035815","1"
