"1224296734","1236479421","0.358766"
"1236479421","1224296734","0.358766"
"1224296734","1995290095","2.97305"
"1995290095","1224296734","2.97305"
"1224296734","2008332764","1.85639"
"2008332764","1224296734","1.85639"
"1224296734","2027146564","1.3921"
"2027146564","1224296734","1.3921"
"1224296734","2081377878","0.358766"
"2081377878","1224296734","0.358766"
"1224296734","2101678831","0.906385"
"2101678831","1224296734","0.906385"
"1224296734","219436511","4.72305"
"219436511","1224296734","4.72305"
"1224296734","2526161582","0.215909"
"2526161582","1224296734","0.215909"
"1236479421","1995290095","2.25162"
"1995290095","1236479421","2.25162"
"1236479421","2008332764","3.25162"
"2008332764","1236479421","3.25162"
"1236479421","2027146564","1.25162"
"2027146564","1236479421","1.25162"
"1236479421","2081377878","0.483766"
"2081377878","1236479421","0.483766"
"1236479421","2101678831","1.02543"
"2101678831","1236479421","1.02543"
"1236479421","219436511","0.358766"
"219436511","1236479421","0.358766"
"1236479421","2526161582","0.215909"
"2526161582","1236479421","0.215909"
"1995290095","2008332764","34.3588"
"2008332764","1995290095","34.3588"
"1995290095","2027146564","9.52781"
"2027146564","1995290095","9.52781"
"1995290095","2081377878","5.00043"
"2081377878","1995290095","5.00043"
"1995290095","2101678831","9.61591"
"2101678831","1995290095","9.61591"
"1995290095","219436511","2.22305"
"219436511","1995290095","2.22305"
"1995290095","2526161582","0.215909"
"2526161582","1995290095","0.215909"
"2008332764","2027146564","16.1611"
"2027146564","2008332764","16.1611"
"2008332764","2081377878","8.83377"
"2081377878","2008332764","8.83377"
"2008332764","2101678831","8.53258"
"2101678831","2008332764","8.53258"
"2008332764","219436511","0.856385"
"219436511","2008332764","0.856385"
"2008332764","2526161582","0.215909"
"2526161582","2008332764","0.215909"
"2027146564","2081377878","3.08377"
"2081377878","2027146564","3.08377"
"2027146564","2101678831","3.15162"
"2101678831","2027146564","3.15162"
"2027146564","219436511","0.8921"
"219436511","2027146564","0.8921"
"2027146564","2526161582","0.215909"
"2526161582","2027146564","0.215909"
"2081377878","2101678831","1.30043"
"2101678831","2081377878","1.30043"
"2081377878","219436511","0.358766"
"219436511","2081377878","0.358766"
"2081377878","2526161582","0.215909"
"2526161582","2081377878","0.215909"
"2101678831","219436511","0.656385"
"219436511","2101678831","0.656385"
"2101678831","2526161582","0.215909"
"2526161582","2101678831","0.215909"
"219436511","2526161582","0.215909"
"2526161582","219436511","0.215909"
"1224296734","1491243518","5.92619"
"1491243518","1224296734","5.92619"
"1224296734","204642155","0.654762"
"204642155","1224296734","0.654762"
"1491243518","204642155","0.5"
"204642155","1491243518","0.5"
"1491243518","1995290095","1.67619"
"1995290095","1491243518","1.67619"
"1491243518","219436511","1.67619"
"219436511","1491243518","1.67619"
"1224296734","27867186","0.571429"
"27867186","1224296734","0.571429"
"219436511","27867186","0.571429"
"27867186","219436511","0.571429"
"1491243518","2008332764","0.892857"
"2008332764","1491243518","0.892857"
"1224296734","14075757","1.13377"
"14075757","1224296734","1.13377"
"1224296734","2527119372","2.94567"
"2527119372","1224296734","2.94567"
"14075757","1995290095","1.13377"
"1995290095","14075757","1.13377"
"14075757","2008332764","0.433766"
"2008332764","14075757","0.433766"
"14075757","219436511","0.633766"
"219436511","14075757","0.633766"
"14075757","2527119372","0.290909"
"2527119372","14075757","0.290909"
"1995290095","2527119372","0.445671"
"2527119372","1995290095","0.445671"
"2008332764","2527119372","0.445671"
"2527119372","2008332764","0.445671"
"219436511","2527119372","1.44567"
"2527119372","219436511","1.44567"
"1224296734","141003461","0.0714286"
"141003461","1224296734","0.0714286"
"1224296734","1546563748","0.154762"
"1546563748","1224296734","0.154762"
"1224296734","1591370639","0.154762"
"1591370639","1224296734","0.154762"
"1224296734","167216241","0.0714286"
"167216241","1224296734","0.0714286"
"1224296734","2045726900","0.0714286"
"2045726900","1224296734","0.0714286"
"1224296734","2077204203","0.154762"
"2077204203","1224296734","0.154762"
"1224296734","2083785453","3.04762"
"2083785453","1224296734","3.04762"
"141003461","1546563748","0.0714286"
"1546563748","141003461","0.0714286"
"141003461","1591370639","0.0714286"
"1591370639","141003461","0.0714286"
"141003461","167216241","0.0714286"
"167216241","141003461","0.0714286"
"141003461","1995290095","0.0714286"
"1995290095","141003461","0.0714286"
"141003461","2008332764","0.404762"
"2008332764","141003461","0.404762"
"141003461","2045726900","0.0714286"
"2045726900","141003461","0.0714286"
"141003461","204642155","0.0714286"
"204642155","141003461","0.0714286"
"141003461","2077204203","0.0714286"
"2077204203","141003461","0.0714286"
"141003461","2083785453","0.0714286"
"2083785453","141003461","0.0714286"
"141003461","2101678831","0.404762"
"2101678831","141003461","0.404762"
"141003461","219436511","0.0714286"
"219436511","141003461","0.0714286"
"141003461","2527119372","0.0714286"
"2527119372","141003461","0.0714286"
"141003461","27867186","0.0714286"
"27867186","141003461","0.0714286"
"1546563748","1591370639","0.154762"
"1591370639","1546563748","0.154762"
"1546563748","167216241","0.0714286"
"167216241","1546563748","0.0714286"
"1546563748","1995290095","0.154762"
"1995290095","1546563748","0.154762"
"1546563748","2008332764","0.154762"
"2008332764","1546563748","0.154762"
"1546563748","2045726900","0.0714286"
"2045726900","1546563748","0.0714286"
"1546563748","204642155","0.154762"
"204642155","1546563748","0.154762"
"1546563748","2077204203","0.154762"
"2077204203","1546563748","0.154762"
"1546563748","2083785453","0.154762"
"2083785453","1546563748","0.154762"
"1546563748","2101678831","4.65476"
"2101678831","1546563748","4.65476"
"1546563748","219436511","0.154762"
"219436511","1546563748","0.154762"
"1546563748","2527119372","0.154762"
"2527119372","1546563748","0.154762"
"1546563748","27867186","0.0714286"
"27867186","1546563748","0.0714286"
"1591370639","167216241","1.07143"
"167216241","1591370639","1.07143"
"1591370639","1995290095","0.154762"
"1995290095","1591370639","0.154762"
"1591370639","2008332764","0.154762"
"2008332764","1591370639","0.154762"
"1591370639","2045726900","0.0714286"
"2045726900","1591370639","0.0714286"
"1591370639","204642155","0.154762"
"204642155","1591370639","0.154762"
"1591370639","2077204203","0.154762"
"2077204203","1591370639","0.154762"
"1591370639","2083785453","0.154762"
"2083785453","1591370639","0.154762"
"1591370639","2101678831","0.154762"
"2101678831","1591370639","0.154762"
"1591370639","219436511","0.154762"
"219436511","1591370639","0.154762"
"1591370639","2527119372","0.154762"
"2527119372","1591370639","0.154762"
"1591370639","27867186","0.0714286"
"27867186","1591370639","0.0714286"
"167216241","1995290095","0.0714286"
"1995290095","167216241","0.0714286"
"167216241","2008332764","0.0714286"
"2008332764","167216241","0.0714286"
"167216241","2045726900","0.0714286"
"2045726900","167216241","0.0714286"
"167216241","204642155","0.0714286"
"204642155","167216241","0.0714286"
"167216241","2077204203","0.0714286"
"2077204203","167216241","0.0714286"
"167216241","2083785453","0.0714286"
"2083785453","167216241","0.0714286"
"167216241","2101678831","0.0714286"
"2101678831","167216241","0.0714286"
"167216241","219436511","0.0714286"
"219436511","167216241","0.0714286"
"167216241","2527119372","0.0714286"
"2527119372","167216241","0.0714286"
"167216241","27867186","0.0714286"
"27867186","167216241","0.0714286"
"1995290095","2045726900","2.83929"
"2045726900","1995290095","2.83929"
"1995290095","204642155","0.321429"
"204642155","1995290095","0.321429"
"1995290095","2077204203","0.154762"
"2077204203","1995290095","0.154762"
"1995290095","2083785453","4.88095"
"2083785453","1995290095","4.88095"
"1995290095","27867186","0.0714286"
"27867186","1995290095","0.0714286"
"2008332764","2045726900","0.339286"
"2045726900","2008332764","0.339286"
"2008332764","204642155","0.321429"
"204642155","2008332764","0.321429"
"2008332764","2077204203","0.154762"
"2077204203","2008332764","0.154762"
"2008332764","2083785453","3.13095"
"2083785453","2008332764","3.13095"
"2008332764","27867186","0.0714286"
"27867186","2008332764","0.0714286"
"2045726900","204642155","0.404762"
"204642155","2045726900","0.404762"
"2045726900","2077204203","0.521429"
"2077204203","2045726900","0.521429"
"2045726900","2083785453","0.196429"
"2083785453","2045726900","0.196429"
"2045726900","2101678831","7.62262"
"2101678831","2045726900","7.62262"
"2045726900","219436511","0.571429"
"219436511","2045726900","0.571429"
"2045726900","2527119372","0.0714286"
"2527119372","2045726900","0.0714286"
"2045726900","27867186","0.0714286"
"27867186","2045726900","0.0714286"
"204642155","2077204203","0.154762"
"2077204203","204642155","0.154762"
"204642155","2083785453","0.321429"
"2083785453","204642155","0.321429"
"204642155","2101678831","0.654762"
"2101678831","204642155","0.654762"
"204642155","219436511","0.154762"
"219436511","204642155","0.154762"
"204642155","2527119372","0.154762"
"2527119372","204642155","0.154762"
"204642155","27867186","0.0714286"
"27867186","204642155","0.0714286"
"2077204203","2083785453","0.654762"
"2083785453","2077204203","0.654762"
"2077204203","2101678831","1.60476"
"2101678831","2077204203","1.60476"
"2077204203","219436511","0.154762"
"219436511","2077204203","0.154762"
"2077204203","2527119372","0.154762"
"2527119372","2077204203","0.154762"
"2077204203","27867186","2.57143"
"27867186","2077204203","2.57143"
"2083785453","2101678831","9.54762"
"2101678831","2083785453","9.54762"
"2083785453","219436511","0.297619"
"219436511","2083785453","0.297619"
"2083785453","2527119372","0.654762"
"2527119372","2083785453","0.654762"
"2083785453","27867186","0.0714286"
"27867186","2083785453","0.0714286"
"2101678831","2527119372","0.245671"
"2527119372","2101678831","0.245671"
"2101678831","27867186","0.0714286"
"27867186","2101678831","0.0714286"
"2527119372","27867186","0.0714286"
"27867186","2527119372","0.0714286"
"1224296734","2039999720","1.08333"
"2039999720","1224296734","1.08333"
"14075757","1491243518","0.342857"
"1491243518","14075757","0.342857"
"14075757","2027146564","0.290909"
"2027146564","14075757","0.290909"
"1491243518","2027146564","0.45"
"2027146564","1491243518","0.45"
"1224296734","2126709396","0.0833333"
"2126709396","1224296734","0.0833333"
"1546563748","2039999720","0.0833333"
"2039999720","1546563748","0.0833333"
"1546563748","2126709396","0.0833333"
"2126709396","1546563748","0.0833333"
"1591370639","2039999720","0.0833333"
"2039999720","1591370639","0.0833333"
"1591370639","2126709396","0.0833333"
"2126709396","1591370639","0.0833333"
"1995290095","2039999720","3.79286"
"2039999720","1995290095","3.79286"
"1995290095","2126709396","0.208333"
"2126709396","1995290095","0.208333"
"2008332764","2039999720","3.79286"
"2039999720","2008332764","3.79286"
"2008332764","2126709396","0.208333"
"2126709396","2008332764","0.208333"
"2039999720","204642155","0.0833333"
"204642155","2039999720","0.0833333"
"2039999720","2077204203","1.78333"
"2077204203","2039999720","1.78333"
"2039999720","2083785453","14.4167"
"2083785453","2039999720","14.4167"
"2039999720","2101678831","10.4929"
"2101678831","2039999720","10.4929"
"2039999720","2126709396","0.408333"
"2126709396","2039999720","0.408333"
"2039999720","219436511","0.0833333"
"219436511","2039999720","0.0833333"
"2039999720","2527119372","0.0833333"
"2527119372","2039999720","0.0833333"
"204642155","2126709396","0.0833333"
"2126709396","204642155","0.0833333"
"2077204203","2126709396","0.283333"
"2126709396","2077204203","0.283333"
"2083785453","2126709396","0.208333"
"2126709396","2083785453","0.208333"
"2101678831","2126709396","1.40833"
"2126709396","2101678831","1.40833"
"2126709396","219436511","0.0833333"
"219436511","2126709396","0.0833333"
"2126709396","2527119372","0.0833333"
"2527119372","2126709396","0.0833333"
"14075757","2083785453","0.142857"
"2083785453","14075757","0.142857"
"14075757","2101678831","0.233766"
"2101678831","14075757","0.233766"
"1491243518","2083785453","0.392857"
"2083785453","1491243518","0.392857"
"1491243518","2101678831","0.142857"
"2101678831","1491243518","0.142857"
"2027146564","2083785453","0.833333"
"2083785453","2027146564","0.833333"
"1224296734","2523797613","0.0909091"
"2523797613","1224296734","0.0909091"
"1236479421","14075757","0.0909091"
"14075757","1236479421","0.0909091"
"1236479421","2523797613","0.233766"
"2523797613","1236479421","0.233766"
"1236479421","2527119372","0.0909091"
"2527119372","1236479421","0.0909091"
"14075757","2081377878","0.0909091"
"2081377878","14075757","0.0909091"
"14075757","2523797613","0.0909091"
"2523797613","14075757","0.0909091"
"14075757","2526161582","0.0909091"
"2526161582","14075757","0.0909091"
"1995290095","2523797613","0.733766"
"2523797613","1995290095","0.733766"
"2008332764","2523797613","1.5671"
"2523797613","2008332764","1.5671"
"2027146564","2523797613","1.0671"
"2523797613","2027146564","1.0671"
"2027146564","2527119372","0.0909091"
"2527119372","2027146564","0.0909091"
"2081377878","2523797613","0.0909091"
"2523797613","2081377878","0.0909091"
"2081377878","2527119372","0.0909091"
"2527119372","2081377878","0.0909091"
"2101678831","2523797613","0.424242"
"2523797613","2101678831","0.424242"
"219436511","2523797613","0.0909091"
"2523797613","219436511","0.0909091"
"2523797613","2526161582","0.0909091"
"2526161582","2523797613","0.0909091"
"2523797613","2527119372","0.0909091"
"2527119372","2523797613","0.0909091"
"2526161582","2527119372","0.0909091"
"2527119372","2526161582","0.0909091"
"1236479421","1970170564","1.375"
"1970170564","1236479421","1.375"
"1236479421","2039999720","0.666667"
"2039999720","1236479421","0.666667"
"1236479421","2083785453","0.666667"
"2083785453","1236479421","0.666667"
"1236479421","2126709396","0.125"
"2126709396","1236479421","0.125"
"1970170564","1995290095","0.125"
"1995290095","1970170564","0.125"
"1970170564","2008332764","0.125"
"2008332764","1970170564","0.125"
"1970170564","2027146564","0.125"
"2027146564","1970170564","0.125"
"1970170564","2039999720","1.375"
"2039999720","1970170564","1.375"
"1970170564","2083785453","0.375"
"2083785453","1970170564","0.375"
"1970170564","2101678831","0.375"
"2101678831","1970170564","0.375"
"1970170564","2126709396","0.125"
"2126709396","1970170564","0.125"
"2027146564","2039999720","1.20952"
"2039999720","2027146564","1.20952"
"2027146564","2126709396","0.125"
"2126709396","2027146564","0.125"
"1236479421","2079758435","0.142857"
"2079758435","1236479421","0.142857"
"1236479421","2171811679","0.142857"
"2171811679","1236479421","0.142857"
"1236479421","7544043","0.142857"
"7544043","1236479421","0.142857"
"1995290095","2079758435","0.142857"
"2079758435","1995290095","0.142857"
"1995290095","2171811679","0.142857"
"2171811679","1995290095","0.142857"
"1995290095","7544043","0.642857"
"7544043","1995290095","0.642857"
"2008332764","2079758435","1.14286"
"2079758435","2008332764","1.14286"
"2008332764","2171811679","0.142857"
"2171811679","2008332764","0.142857"
"2008332764","7544043","0.642857"
"7544043","2008332764","0.642857"
"2027146564","2079758435","0.142857"
"2079758435","2027146564","0.142857"
"2027146564","2171811679","0.142857"
"2171811679","2027146564","0.142857"
"2027146564","7544043","0.309524"
"7544043","2027146564","0.309524"
"2079758435","2171811679","0.142857"
"2171811679","2079758435","0.142857"
"2079758435","2523797613","0.142857"
"2523797613","2079758435","0.142857"
"2079758435","7544043","0.142857"
"7544043","2079758435","0.142857"
"2171811679","2523797613","0.142857"
"2523797613","2171811679","0.142857"
"2171811679","7544043","0.142857"
"7544043","2171811679","0.142857"
"2523797613","7544043","0.142857"
"7544043","2523797613","0.142857"
"1236479421","2045726900","0.125"
"2045726900","1236479421","0.125"
"2027146564","2045726900","0.267857"
"2045726900","2027146564","0.267857"
"2039999720","2045726900","0.467857"
"2045726900","2039999720","0.467857"
"2039999720","2081377878","0.775"
"2081377878","2039999720","0.775"
"2045726900","2081377878","0.125"
"2081377878","2045726900","0.125"
"2081377878","2083785453","0.375"
"2083785453","2081377878","0.375"
"1275185964","151342795","3"
"151342795","1275185964","3"
"141003461","2112022457","0.333333"
"2112022457","141003461","0.333333"
"2008332764","2112022457","1.03333"
"2112022457","2008332764","1.03333"
"2101678831","2112022457","0.333333"
"2112022457","2101678831","0.333333"
"1439967542","2095489381","1.08333"
"2095489381","1439967542","1.08333"
"1439967542","2101678831","1.5"
"2101678831","1439967542","1.5"
"2095489381","2101678831","1.16667"
"2101678831","2095489381","1.16667"
"1439967542","1969467786","2.33333"
"1969467786","1439967542","2.33333"
"1439967542","2045726900","1"
"2045726900","1439967542","1"
"1439967542","2489490928","1.58333"
"2489490928","1439967542","1.58333"
"1969467786","2095489381","3.16667"
"2095489381","1969467786","3.16667"
"1969467786","2489490928","1.66667"
"2489490928","1969467786","1.66667"
"2095489381","2489490928","2.7"
"2489490928","2095489381","2.7"
"1439967542","2767098552","1.25"
"2767098552","1439967542","1.25"
"1439967542","2892310063","0.25"
"2892310063","1439967542","0.25"
"2095489381","2767098552","6.7"
"2767098552","2095489381","6.7"
"2095489381","2892310063","0.25"
"2892310063","2095489381","0.25"
"2489490928","2767098552","3.2"
"2767098552","2489490928","3.2"
"2489490928","2892310063","0.25"
"2892310063","2489490928","0.25"
"2767098552","2892310063","2.08333"
"2892310063","2767098552","2.08333"
"1446232092","198928148","0.783333"
"198928148","1446232092","0.783333"
"1446232092","1993767827","0.333333"
"1993767827","1446232092","0.333333"
"1446232092","2077469457","0.166667"
"2077469457","1446232092","0.166667"
"1446232092","2112022457","0.333333"
"2112022457","1446232092","0.333333"
"1446232092","2276799569","0.616667"
"2276799569","1446232092","0.616667"
"1446232092","2296595486","0.783333"
"2296595486","1446232092","0.783333"
"198928148","1993767827","18.525"
"1993767827","198928148","18.525"
"198928148","2077469457","1.125"
"2077469457","198928148","1.125"
"198928148","2112022457","1.11667"
"2112022457","198928148","1.11667"
"198928148","2276799569","5.09286"
"2276799569","198928148","5.09286"
"198928148","2296595486","1.28333"
"2296595486","198928148","1.28333"
"1993767827","2077469457","2.125"
"2077469457","1993767827","2.125"
"1993767827","2112022457","1.45"
"2112022457","1993767827","1.45"
"1993767827","2276799569","1.5"
"2276799569","1993767827","1.5"
"1993767827","2296595486","0.333333"
"2296595486","1993767827","0.333333"
"2077469457","2112022457","0.166667"
"2112022457","2077469457","0.166667"
"2077469457","2276799569","0.166667"
"2276799569","2077469457","0.166667"
"2077469457","2296595486","0.166667"
"2296595486","2077469457","0.166667"
"2112022457","2276799569","0.333333"
"2276799569","2112022457","0.333333"
"2112022457","2296595486","0.333333"
"2296595486","2112022457","0.333333"
"2276799569","2296595486","1.11667"
"2296595486","2276799569","1.11667"
"1446232092","2498405448","0.25"
"2498405448","1446232092","0.25"
"198928148","2498405448","1.03333"
"2498405448","198928148","1.03333"
"2276799569","2498405448","0.25"
"2498405448","2276799569","0.25"
"2296595486","2498405448","0.25"
"2498405448","2296595486","0.25"
"1446232092","2008332764","0.166667"
"2008332764","1446232092","0.166667"
"1446232092","2023959340","0.166667"
"2023959340","1446232092","0.166667"
"198928148","2008332764","0.166667"
"2008332764","198928148","0.166667"
"198928148","2023959340","2.2"
"2023959340","198928148","2.2"
"1993767827","2008332764","0.5"
"2008332764","1993767827","0.5"
"1993767827","2023959340","2.53333"
"2023959340","1993767827","2.53333"
"2008332764","2023959340","3.09286"
"2023959340","2008332764","3.09286"
"2008332764","2296595486","0.166667"
"2296595486","2008332764","0.166667"
"2023959340","2112022457","3.65"
"2112022457","2023959340","3.65"
"2023959340","2296595486","0.166667"
"2296595486","2023959340","0.166667"
"1446232092","2739746516","0.2"
"2739746516","1446232092","0.2"
"1446232092","2753991289","0.2"
"2753991289","1446232092","0.2"
"198928148","2739746516","3.67619"
"2739746516","198928148","3.67619"
"198928148","2753991289","0.342857"
"2753991289","198928148","0.342857"
"2276799569","2739746516","0.342857"
"2739746516","2276799569","0.342857"
"2276799569","2753991289","0.342857"
"2753991289","2276799569","0.342857"
"2296595486","2739746516","0.2"
"2739746516","2296595486","0.2"
"2296595486","2753991289","0.2"
"2753991289","2296595486","0.2"
"2739746516","2753991289","0.342857"
"2753991289","2739746516","0.342857"
"1481945445","167216241","0.125"
"167216241","1481945445","0.125"
"1481945445","1748464847","0.125"
"1748464847","1481945445","0.125"
"1481945445","1982778414","0.125"
"1982778414","1481945445","0.125"
"1481945445","198928148","0.125"
"198928148","1481945445","0.125"
"1481945445","1993767827","0.125"
"1993767827","1481945445","0.125"
"1481945445","2077469457","0.125"
"2077469457","1481945445","0.125"
"1481945445","2128637495","0.125"
"2128637495","1481945445","0.125"
"1481945445","68159281","0.125"
"68159281","1481945445","0.125"
"167216241","1748464847","0.125"
"1748464847","167216241","0.125"
"167216241","1982778414","4.125"
"1982778414","167216241","4.125"
"167216241","198928148","0.458333"
"198928148","167216241","0.458333"
"167216241","1993767827","0.458333"
"1993767827","167216241","0.458333"
"167216241","2077469457","0.125"
"2077469457","167216241","0.125"
"167216241","2128637495","0.125"
"2128637495","167216241","0.125"
"167216241","68159281","0.125"
"68159281","167216241","0.125"
"1748464847","1982778414","3.20833"
"1982778414","1748464847","3.20833"
"1748464847","198928148","0.125"
"198928148","1748464847","0.125"
"1748464847","1993767827","0.125"
"1993767827","1748464847","0.125"
"1748464847","2077469457","0.125"
"2077469457","1748464847","0.125"
"1748464847","2128637495","0.875"
"2128637495","1748464847","0.875"
"1748464847","68159281","0.125"
"68159281","1748464847","0.125"
"1982778414","198928148","2.49167"
"198928148","1982778414","2.49167"
"1982778414","1993767827","1.49167"
"1993767827","1982778414","1.49167"
"1982778414","2077469457","0.125"
"2077469457","1982778414","0.125"
"1982778414","2128637495","5.85833"
"2128637495","1982778414","5.85833"
"1982778414","68159281","0.491667"
"68159281","1982778414","0.491667"
"198928148","2128637495","0.741667"
"2128637495","198928148","0.741667"
"198928148","68159281","1.65833"
"68159281","198928148","1.65833"
"1993767827","2128637495","0.741667"
"2128637495","1993767827","0.741667"
"1993767827","68159281","1.65833"
"68159281","1993767827","1.65833"
"2077469457","2128637495","0.125"
"2128637495","2077469457","0.125"
"2077469457","68159281","0.958333"
"68159281","2077469457","0.958333"
"2128637495","68159281","0.325"
"68159281","2128637495","0.325"
"1490169100","151342795","3"
"151342795","1490169100","3"
"1490169100","2121448599","2"
"2121448599","1490169100","2"
"1491243518","2077204203","0.5"
"2077204203","1491243518","0.5"
"1491243518","27867186","0.5"
"27867186","1491243518","0.5"
"151342795","1995290095","0.2"
"1995290095","151342795","0.2"
"151342795","2008332764","0.2"
"2008332764","151342795","0.2"
"151342795","2023959340","0.2"
"2023959340","151342795","0.2"
"151342795","2112022457","0.2"
"2112022457","151342795","0.2"
"151342795","2139740492","0.2"
"2139740492","151342795","0.2"
"1995290095","2023959340","1.34286"
"2023959340","1995290095","1.34286"
"1995290095","2112022457","0.2"
"2112022457","1995290095","0.2"
"1995290095","2139740492","0.2"
"2139740492","1995290095","0.2"
"2008332764","2139740492","0.2"
"2139740492","2008332764","0.2"
"2023959340","2139740492","0.2"
"2139740492","2023959340","0.2"
"2112022457","2139740492","0.2"
"2139740492","2112022457","0.2"
"151342795","2121448599","1"
"2121448599","151342795","1"
"1546563748","57130263","13.5"
"57130263","1546563748","13.5"
"2101678831","57130263","3.5"
"57130263","2101678831","3.5"
"1559907613","1567290631","0.25"
"1567290631","1559907613","0.25"
"1559907613","1585397865","2.25"
"1585397865","1559907613","2.25"
"1559907613","2108006974","0.25"
"2108006974","1559907613","0.25"
"1559907613","2148905988","0.25"
"2148905988","1559907613","0.25"
"1567290631","1585397865","0.25"
"1585397865","1567290631","0.25"
"1567290631","2108006974","0.25"
"2108006974","1567290631","0.25"
"1567290631","2148905988","0.25"
"2148905988","1567290631","0.25"
"1585397865","2108006974","0.25"
"2108006974","1585397865","0.25"
"1585397865","2148905988","0.25"
"2148905988","1585397865","0.25"
"2108006974","2148905988","0.25"
"2148905988","2108006974","0.25"
"1585590911","23208396","3.16667"
"23208396","1585590911","3.16667"
"1585590911","1993767827","0.333333"
"1993767827","1585590911","0.333333"
"1585590911","2138049695","0.666667"
"2138049695","1585590911","0.666667"
"1993767827","2138049695","0.333333"
"2138049695","1993767827","0.333333"
"1993767827","23208396","0.783333"
"23208396","1993767827","0.783333"
"2138049695","23208396","7.75"
"23208396","2138049695","7.75"
"1585590911","2171811679","0.833333"
"2171811679","1585590911","0.833333"
"2138049695","2171811679","5.33333"
"2171811679","2138049695","5.33333"
"2171811679","23208396","3.83333"
"23208396","2171811679","3.83333"
"1591370639","2128637495","1.5"
"2128637495","1591370639","1.5"
"1591370639","2138049695","1.5"
"2138049695","1591370639","1.5"
"2128637495","2138049695","4.2"
"2138049695","2128637495","4.2"
"1591370639","1982778414","1"
"1982778414","1591370639","1"
"167216241","2276799569","0.333333"
"2276799569","167216241","0.333333"
"1748464847","2023959340","0.583333"
"2023959340","1748464847","0.583333"
"1748464847","2138049695","0.75"
"2138049695","1748464847","0.75"
"1982778414","2023959340","4.83333"
"2023959340","1982778414","4.83333"
"1982778414","2138049695","2.86667"
"2138049695","1982778414","2.86667"
"2023959340","2128637495","2.72619"
"2128637495","2023959340","2.72619"
"2023959340","2138049695","0.583333"
"2138049695","2023959340","0.583333"
"1748464847","2112022457","0.333333"
"2112022457","1748464847","0.333333"
"1982778414","2112022457","4.28333"
"2112022457","1982778414","4.28333"
"1748464847","2141021963","0.5"
"2141021963","1748464847","0.5"
"2138049695","2141021963","0.5"
"2141021963","2138049695","0.5"
"1966175380","2045726900","91.7833"
"2045726900","1966175380","91.7833"
"1966175380","2039999720","1.53333"
"2039999720","1966175380","1.53333"
"1966175380","2083785453","0.333333"
"2083785453","1966175380","0.333333"
"1966175380","2101678831","5.61667"
"2101678831","1966175380","5.61667"
"1966175380","2067488563","2"
"2067488563","1966175380","2"
"2045726900","2067488563","5"
"2067488563","2045726900","5"
"1966175380","204642155","0.333333"
"204642155","1966175380","0.333333"
"1966175380","219436511","0.5"
"219436511","1966175380","0.5"
"1966175380","2077204203","0.45"
"2077204203","1966175380","0.45"
"1966175380","2126709396","0.7"
"2126709396","1966175380","0.7"
"2045726900","2126709396","0.7"
"2126709396","2045726900","0.7"
"1966175380","1995290095","2.5"
"1995290095","1966175380","2.5"
"1966175380","1993767827","0.5"
"1993767827","1966175380","0.5"
"1966175380","2276799569","0.5"
"2276799569","1966175380","0.5"
"1966175380","2071005228","0.25"
"2071005228","1966175380","0.25"
"2045726900","2071005228","0.25"
"2071005228","2045726900","0.25"
"2071005228","2077204203","0.25"
"2077204203","2071005228","0.25"
"2071005228","2101678831","0.25"
"2101678831","2071005228","0.25"
"1966175380","2497845670","1"
"2497845670","1966175380","1"
"2045726900","2497845670","1"
"2497845670","2045726900","1"
"1966175380","2394784643","1"
"2394784643","1966175380","1"
"1969467786","2101678831","0.666667"
"2101678831","1969467786","0.666667"
"1969467786","2081377878","0.166667"
"2081377878","1969467786","0.166667"
"1969467786","2394784643","0.166667"
"2394784643","1969467786","0.166667"
"1969467786","2497845670","0.166667"
"2497845670","1969467786","0.166667"
"2081377878","2095489381","0.166667"
"2095489381","2081377878","0.166667"
"2081377878","2394784643","0.166667"
"2394784643","2081377878","0.166667"
"2081377878","2489490928","0.166667"
"2489490928","2081377878","0.166667"
"2081377878","2497845670","0.166667"
"2497845670","2081377878","0.166667"
"2095489381","2394784643","0.166667"
"2394784643","2095489381","0.166667"
"2095489381","2497845670","0.416667"
"2497845670","2095489381","0.416667"
"2101678831","2394784643","0.166667"
"2394784643","2101678831","0.166667"
"2101678831","2489490928","0.166667"
"2489490928","2101678831","0.166667"
"2101678831","2497845670","0.166667"
"2497845670","2101678831","0.166667"
"2394784643","2489490928","0.166667"
"2489490928","2394784643","0.166667"
"2394784643","2497845670","0.166667"
"2497845670","2394784643","0.166667"
"2489490928","2497845670","0.416667"
"2497845670","2489490928","0.416667"
"1969467786","2767098552","3"
"2767098552","1969467786","3"
"1969467786","2603244601","0.333333"
"2603244601","1969467786","0.333333"
"1969467786","2892310063","0.333333"
"2892310063","1969467786","0.333333"
"2603244601","2767098552","1.28333"
"2767098552","2603244601","1.28333"
"2603244601","2892310063","0.333333"
"2892310063","2603244601","0.333333"
"1970156423","2010543040","3"
"2010543040","1970156423","3"
"1970170564","2052912360","5.16667"
"2052912360","1970170564","5.16667"
"1970170564","1982778414","0.166667"
"1982778414","1970170564","0.166667"
"1970170564","2122177035","0.166667"
"2122177035","1970170564","0.166667"
"1970170564","2128637495","0.166667"
"2128637495","1970170564","0.166667"
"1970170564","2138049695","0.166667"
"2138049695","1970170564","0.166667"
"1970170564","23208396","0.166667"
"23208396","1970170564","0.166667"
"1982778414","2052912360","0.166667"
"2052912360","1982778414","0.166667"
"1982778414","2122177035","1.03333"
"2122177035","1982778414","1.03333"
"1982778414","23208396","6.61667"
"23208396","1982778414","6.61667"
"2052912360","2122177035","0.166667"
"2122177035","2052912360","0.166667"
"2052912360","2128637495","0.166667"
"2128637495","2052912360","0.166667"
"2052912360","2138049695","0.166667"
"2138049695","2052912360","0.166667"
"2052912360","23208396","0.166667"
"23208396","2052912360","0.166667"
"2122177035","2128637495","0.7"
"2128637495","2122177035","0.7"
"2122177035","2138049695","0.7"
"2138049695","2122177035","0.7"
"2122177035","23208396","0.833333"
"23208396","2122177035","0.833333"
"2128637495","23208396","2.95"
"23208396","2128637495","2.95"
"1977527011","2012351515","1"
"2012351515","1977527011","1"
"1977527011","2077204203","1"
"2077204203","1977527011","1"
"2023959340","23208396","0.25"
"23208396","2023959340","0.25"
"2112022457","2128637495","1.2"
"2128637495","2112022457","1.2"
"2112022457","23208396","1.83333"
"23208396","2112022457","1.83333"
"2112022457","2138049695","0.783333"
"2138049695","2112022457","0.783333"
"1982778414","2010367507","0.2"
"2010367507","1982778414","0.2"
"2010367507","2112022457","0.2"
"2112022457","2010367507","0.2"
"2010367507","2122177035","0.2"
"2122177035","2010367507","0.2"
"2010367507","2128637495","0.2"
"2128637495","2010367507","0.2"
"2010367507","2138049695","0.2"
"2138049695","2010367507","0.2"
"2112022457","2122177035","0.2"
"2122177035","2112022457","0.2"
"1982778414","2276799569","0.166667"
"2276799569","1982778414","0.166667"
"2023959340","2276799569","0.166667"
"2276799569","2023959340","0.166667"
"2023959340","68159281","0.166667"
"68159281","2023959340","0.166667"
"2112022457","68159281","0.166667"
"68159281","2112022457","0.166667"
"2276799569","68159281","0.5"
"68159281","2276799569","0.5"
"198928148","23208396","0.45"
"23208396","198928148","0.45"
"23208396","68159281","0.2"
"68159281","23208396","0.2"
"1982778414","2042494357","0.75"
"2042494357","1982778414","0.75"
"198928148","2042494357","2.03333"
"2042494357","198928148","2.03333"
"1993767827","2042494357","4.95"
"2042494357","1993767827","4.95"
"2023959340","2042494357","0.366667"
"2042494357","2023959340","0.366667"
"2042494357","2112022457","0.616667"
"2112022457","2042494357","0.616667"
"2042494357","2128637495","0.166667"
"2128637495","2042494357","0.166667"
"1982778414","2008332764","1"
"2008332764","1982778414","1"
"1982778414","2726246108","0.5"
"2726246108","1982778414","0.5"
"1982778414","2888798936","0.5"
"2888798936","1982778414","0.5"
"2726246108","2888798936","11.1429"
"2888798936","2726246108","11.1429"
"2042494357","2077469457","0.5"
"2077469457","2042494357","0.5"
"2042494357","68159281","0.5"
"68159281","2042494357","0.5"
"198928148","2345657725","2.5"
"2345657725","198928148","2.5"
"1993767827","2498405448","1.03333"
"2498405448","1993767827","1.03333"
"2023959340","2498405448","0.2"
"2498405448","2023959340","0.2"
"2042494357","2498405448","8.78333"
"2498405448","2042494357","8.78333"
"2112022457","2498405448","0.2"
"2498405448","2112022457","0.2"
"2042494357","2739746516","0.333333"
"2739746516","2042494357","0.333333"
"2498405448","2739746516","0.333333"
"2739746516","2498405448","0.333333"
"198928148","2726246108","1.64286"
"2726246108","198928148","1.64286"
"198928148","2774158776","1.14286"
"2774158776","198928148","1.14286"
"198928148","2778215685","0.142857"
"2778215685","198928148","0.142857"
"198928148","2888798936","1.64286"
"2888798936","198928148","1.64286"
"2276799569","2726246108","1.14286"
"2726246108","2276799569","1.14286"
"2276799569","2774158776","0.142857"
"2774158776","2276799569","0.142857"
"2276799569","2778215685","0.142857"
"2778215685","2276799569","0.142857"
"2276799569","2888798936","0.142857"
"2888798936","2276799569","0.142857"
"2726246108","2739746516","0.142857"
"2739746516","2726246108","0.142857"
"2726246108","2753991289","0.392857"
"2753991289","2726246108","0.392857"
"2726246108","2774158776","0.142857"
"2774158776","2726246108","0.142857"
"2726246108","2778215685","1.89286"
"2778215685","2726246108","1.89286"
"2739746516","2774158776","1.14286"
"2774158776","2739746516","1.14286"
"2739746516","2778215685","0.142857"
"2778215685","2739746516","0.142857"
"2739746516","2888798936","1.64286"
"2888798936","2739746516","1.64286"
"2753991289","2774158776","0.142857"
"2774158776","2753991289","0.142857"
"2753991289","2778215685","0.142857"
"2778215685","2753991289","0.142857"
"2753991289","2888798936","0.392857"
"2888798936","2753991289","0.392857"
"2774158776","2778215685","0.142857"
"2778215685","2774158776","0.142857"
"2774158776","2888798936","0.142857"
"2888798936","2774158776","0.142857"
"2778215685","2888798936","1.89286"
"2888798936","2778215685","1.89286"
"198928148","2566786129","0.5"
"2566786129","198928148","0.5"
"1993767827","2566786129","0.5"
"2566786129","1993767827","0.5"
"2345657725","2739746516","0.5"
"2739746516","2345657725","0.5"
"2042494357","2726246108","0.25"
"2726246108","2042494357","0.25"
"2042494357","2888798936","1.75"
"2888798936","2042494357","1.75"
"2498405448","2726246108","3.58333"
"2726246108","2498405448","3.58333"
"2498405448","2888798936","10.5833"
"2888798936","2498405448","10.5833"
"198928148","2982827547","0.5"
"2982827547","198928148","0.5"
"2739746516","2982827547","0.5"
"2982827547","2739746516","0.5"
"198928148","2890914193","0.25"
"2890914193","198928148","0.25"
"198928148","3007520401","0.25"
"3007520401","198928148","0.25"
"2726246108","2890914193","1.75"
"2890914193","2726246108","1.75"
"2726246108","3007520401","0.25"
"3007520401","2726246108","0.25"
"2888798936","2890914193","4.25"
"2890914193","2888798936","4.25"
"2888798936","3007520401","0.25"
"3007520401","2888798936","0.25"
"2890914193","3007520401","0.25"
"3007520401","2890914193","0.25"
"1993767827","2563516355","0.333333"
"2563516355","1993767827","0.333333"
"1993767827","2726246108","0.333333"
"2726246108","1993767827","0.333333"
"2498405448","2563516355","0.333333"
"2563516355","2498405448","0.333333"
"2563516355","2726246108","1.33333"
"2726246108","2563516355","1.33333"
"1995290095","2128637495","0.142857"
"2128637495","1995290095","0.142857"
"2008332764","2128637495","0.392857"
"2128637495","2008332764","0.392857"
"2023959340","2027146564","0.392857"
"2027146564","2023959340","0.392857"
"2023959340","2039999720","0.142857"
"2039999720","2023959340","0.142857"
"2023959340","2045726900","0.142857"
"2045726900","2023959340","0.142857"
"2023959340","2101678831","0.392857"
"2101678831","2023959340","0.392857"
"2027146564","2128637495","0.392857"
"2128637495","2027146564","0.392857"
"2039999720","2128637495","0.142857"
"2128637495","2039999720","0.142857"
"2045726900","2128637495","0.142857"
"2128637495","2045726900","0.142857"
"2101678831","2128637495","0.392857"
"2128637495","2101678831","0.392857"
"2083785453","7544043","0.5"
"7544043","2083785453","0.5"
"2027146564","204642155","0.166667"
"204642155","2027146564","0.166667"
"204642155","7544043","0.166667"
"7544043","204642155","0.166667"
"2101678831","7544043","0.166667"
"7544043","2101678831","0.166667"
"1995290095","2155781848","1.25"
"2155781848","1995290095","1.25"
"2008332764","2155781848","3.58333"
"2155781848","2008332764","3.58333"
"2027146564","2155781848","0.583333"
"2155781848","2027146564","0.583333"
"2081377878","2155781848","1.58333"
"2155781848","2081377878","1.58333"
"1995290095","2518790240","0.533333"
"2518790240","1995290095","0.533333"
"1995290095","2794811688","0.7"
"2794811688","1995290095","0.7"
"2008332764","2518790240","2.53333"
"2518790240","2008332764","2.53333"
"2008332764","2794811688","0.7"
"2794811688","2008332764","0.7"
"2027146564","2518790240","0.533333"
"2518790240","2027146564","0.533333"
"2027146564","2794811688","0.2"
"2794811688","2027146564","0.2"
"2081377878","2518790240","0.2"
"2518790240","2081377878","0.2"
"2081377878","2794811688","0.2"
"2794811688","2081377878","0.2"
"2518790240","2794811688","0.2"
"2794811688","2518790240","0.2"
"1999579337","2101678831","2"
"2101678831","1999579337","2"
"1999579337","2039999720","1"
"2039999720","1999579337","1"
"2008332764","2141021963","1"
"2141021963","2008332764","1"
"2023959340","2126709396","0.5"
"2126709396","2023959340","0.5"
"2112022457","2126709396","0.5"
"2126709396","2112022457","0.5"
"2023959340","2083785453","1"
"2083785453","2023959340","1"
"2039999720","2943785747","0.5"
"2943785747","2039999720","0.5"
"2083785453","2943785747","0.5"
"2943785747","2083785453","0.5"
"2045726900","2394784643","1"
"2394784643","2045726900","1"
"2095489381","2603244601","0.45"
"2603244601","2095489381","0.45"
"2489490928","2603244601","0.95"
"2603244601","2489490928","0.95"
"2497845670","2603244601","0.25"
"2603244601","2497845670","0.25"
"2497845670","2767098552","0.25"
"2767098552","2497845670","0.25"
"2095489381","2810261900","0.533333"
"2810261900","2095489381","0.533333"
"2095489381","2889520921","0.2"
"2889520921","2095489381","0.2"
"2489490928","2810261900","1.53333"
"2810261900","2489490928","1.53333"
"2489490928","2889520921","0.2"
"2889520921","2489490928","0.2"
"2603244601","2810261900","0.2"
"2810261900","2603244601","0.2"
"2603244601","2889520921","0.2"
"2889520921","2603244601","0.2"
"2767098552","2810261900","0.533333"
"2810261900","2767098552","0.533333"
"2767098552","2889520921","0.2"
"2889520921","2767098552","0.2"
"2810261900","2889520921","0.2"
"2889520921","2810261900","0.2"
"2100852994","2128637495","0.5"
"2128637495","2100852994","0.5"
"2100852994","2138049695","0.5"
"2138049695","2100852994","0.5"
"2128637495","2524444197","1"
"2524444197","2128637495","1"
"2171811679","2524444197","1"
"2524444197","2171811679","1"
"2394784643","2767098552","1"
"2767098552","2394784643","1"
"2498405448","2778215685","0.5"
"2778215685","2498405448","0.5"
"2498405448","2948017961","0.333333"
"2948017961","2498405448","0.333333"
"2498405448","2964590009","0.333333"
"2964590009","2498405448","0.333333"
