"113480497","1805249784","1.85"
"1805249784","113480497","1.85"
"113480497","2138719936","2.43333"
"2138719936","113480497","2.43333"
"113480497","233279079","0.5"
"233279079","113480497","0.5"
"1805249784","2138719936","8.18393"
"2138719936","1805249784","8.18393"
"1805249784","233279079","1.3125"
"233279079","1805249784","1.3125"
"2138719936","233279079","1.94266"
"233279079","2138719936","1.94266"
"113480497","1655958391","6.01667"
"1655958391","113480497","6.01667"
"113480497","2112178441","1.76667"
"2112178441","113480497","1.76667"
"113480497","2123735079","0.25"
"2123735079","113480497","0.25"
"1655958391","2112178441","132.441"
"2112178441","1655958391","132.441"
"1655958391","2123735079","104.586"
"2123735079","1655958391","104.586"
"1655958391","2138719936","77.6569"
"2138719936","1655958391","77.6569"
"2112178441","2123735079","9.0006"
"2123735079","2112178441","9.0006"
"2112178441","2138719936","16.3462"
"2138719936","2112178441","16.3462"
"2123735079","2138719936","20.803"
"2138719936","2123735079","20.803"
"113480497","1508725737","0.266667"
"1508725737","113480497","0.266667"
"113480497","1509835774","0.1"
"1509835774","113480497","0.1"
"113480497","1533222780","0.35"
"1533222780","113480497","0.35"
"113480497","2109579436","0.266667"
"2109579436","113480497","0.266667"
"113480497","2120564054","0.1"
"2120564054","113480497","0.1"
"113480497","2128735745","0.35"
"2128735745","113480497","0.35"
"1508725737","1509835774","0.2875"
"1509835774","1508725737","0.2875"
"1508725737","1533222780","0.1"
"1533222780","1508725737","0.1"
"1508725737","1655958391","1.95417"
"1655958391","1508725737","1.95417"
"1508725737","1805249784","1.45417"
"1805249784","1508725737","1.45417"
"1508725737","2109579436","0.1625"
"2109579436","1508725737","0.1625"
"1508725737","2112178441","0.329167"
"2112178441","1508725737","0.329167"
"1508725737","2120564054","0.1625"
"2120564054","1508725737","0.1625"
"1508725737","2128735745","1.6625"
"2128735745","1508725737","1.6625"
"1508725737","2138719936","0.454167"
"2138719936","1508725737","0.454167"
"1509835774","1533222780","0.5"
"1533222780","1509835774","0.5"
"1509835774","1655958391","12.2177"
"1655958391","1509835774","12.2177"
"1509835774","1805249784","1.9125"
"1805249784","1509835774","1.9125"
"1509835774","2109579436","0.473611"
"2109579436","1509835774","0.473611"
"1509835774","2112178441","2.37361"
"2112178441","1509835774","2.37361"
"1509835774","2120564054","0.2875"
"2120564054","1509835774","0.2875"
"1509835774","2128735745","2.54266"
"2128735745","1509835774","2.54266"
"1509835774","2138719936","4.28433"
"2138719936","1509835774","4.28433"
"1533222780","1655958391","28.5504"
"1655958391","1533222780","28.5504"
"1533222780","1805249784","0.171429"
"1805249784","1533222780","0.171429"
"1533222780","2109579436","0.1"
"2109579436","1533222780","0.1"
"1533222780","2112178441","6.38254"
"2112178441","1533222780","6.38254"
"1533222780","2120564054","1.17143"
"2120564054","1533222780","1.17143"
"1533222780","2128735745","0.1"
"2128735745","1533222780","0.1"
"1533222780","2138719936","5.40476"
"2138719936","1533222780","5.40476"
"1655958391","1805249784","30.3089"
"1805249784","1655958391","30.3089"
"1655958391","2109579436","9.30694"
"2109579436","1655958391","9.30694"
"1655958391","2120564054","8.16845"
"2120564054","1655958391","8.16845"
"1655958391","2128735745","25.8593"
"2128735745","1655958391","25.8593"
"1805249784","2109579436","1.1625"
"2109579436","1805249784","1.1625"
"1805249784","2112178441","3.9256"
"2112178441","1805249784","3.9256"
"1805249784","2120564054","1.4006"
"2120564054","1805249784","1.4006"
"1805249784","2128735745","6.1625"
"2128735745","1805249784","6.1625"
"2109579436","2112178441","0.440278"
"2112178441","2109579436","0.440278"
"2109579436","2120564054","0.1625"
"2120564054","2109579436","0.1625"
"2109579436","2128735745","2.17361"
"2128735745","2109579436","2.17361"
"2109579436","2138719936","2.14028"
"2138719936","2109579436","2.14028"
"2112178441","2120564054","2.37679"
"2120564054","2112178441","2.37679"
"2112178441","2128735745","5.30694"
"2128735745","2112178441","5.30694"
"2120564054","2128735745","1.07917"
"2128735745","2120564054","1.07917"
"2120564054","2138719936","0.876786"
"2138719936","2120564054","0.876786"
"2128735745","2138719936","8.65933"
"2138719936","2128735745","8.65933"
"113480497","1562199962","1.91667"
"1562199962","113480497","1.91667"
"1533222780","1562199962","3.41786"
"1562199962","1533222780","3.41786"
"1562199962","1655958391","84.2429"
"1655958391","1562199962","84.2429"
"1562199962","2112178441","3.375"
"2112178441","1562199962","3.375"
"113480497","1518119787","0.916667"
"1518119787","113480497","0.916667"
"1518119787","1655958391","16.5355"
"1655958391","1518119787","16.5355"
"1518119787","1805249784","9.47917"
"1805249784","1518119787","9.47917"
"1518119787","2138719936","7.73552"
"2138719936","1518119787","7.73552"
"1508725737","1518119787","0.229167"
"1518119787","1508725737","0.229167"
"1518119787","2112178441","2.13313"
"2112178441","1518119787","2.13313"
"113480497","1604432502","0.166667"
"1604432502","113480497","0.166667"
"1562199962","1604432502","1.33452"
"1604432502","1562199962","1.33452"
"1562199962","2109579436","0.166667"
"2109579436","1562199962","0.166667"
"1562199962","233279079","6.66667"
"233279079","1562199962","6.66667"
"1604432502","1655958391","16.5929"
"1655958391","1604432502","16.5929"
"1604432502","2109579436","0.166667"
"2109579436","1604432502","0.166667"
"1604432502","2112178441","3.31667"
"2112178441","1604432502","3.31667"
"1604432502","233279079","0.366667"
"233279079","1604432502","0.366667"
"1655958391","233279079","24.6427"
"233279079","1655958391","24.6427"
"2109579436","233279079","0.540278"
"233279079","2109579436","0.540278"
"2112178441","233279079","0.740278"
"233279079","2112178441","0.740278"
"113480497","1481492327","0.25"
"1481492327","113480497","0.25"
"113480497","2076282258","0.25"
"2076282258","113480497","0.25"
"113480497","2181796330","0.25"
"2181796330","113480497","0.25"
"1481492327","1518119787","1.75"
"1518119787","1481492327","1.75"
"1481492327","1655958391","8.25"
"1655958391","1481492327","8.25"
"1481492327","2076282258","0.25"
"2076282258","1481492327","0.25"
"1481492327","2112178441","0.25"
"2112178441","1481492327","0.25"
"1481492327","2128735745","0.25"
"2128735745","1481492327","0.25"
"1481492327","2138719936","0.25"
"2138719936","1481492327","0.25"
"1481492327","2181796330","0.25"
"2181796330","1481492327","0.25"
"1518119787","2076282258","1.45536"
"2076282258","1518119787","1.45536"
"1518119787","2128735745","2.57599"
"2128735745","1518119787","2.57599"
"1518119787","2181796330","0.559524"
"2181796330","1518119787","0.559524"
"1655958391","2076282258","36.2379"
"2076282258","1655958391","36.2379"
"1655958391","2181796330","10.6226"
"2181796330","1655958391","10.6226"
"2076282258","2112178441","9.60456"
"2112178441","2076282258","9.60456"
"2076282258","2128735745","0.479167"
"2128735745","2076282258","0.479167"
"2076282258","2138719936","7.97679"
"2138719936","2076282258","7.97679"
"2076282258","2181796330","0.630952"
"2181796330","2076282258","0.630952"
"2112178441","2181796330","0.630952"
"2181796330","2112178441","0.630952"
"2128735745","2181796330","0.783333"
"2181796330","2128735745","0.783333"
"2138719936","2181796330","1.25595"
"2181796330","2138719936","1.25595"
"113480497","2031925412","1"
"2031925412","113480497","1"
"1481492327","2043386911","6"
"2043386911","1481492327","6"
"1481492327","2120564054","0.666667"
"2120564054","1481492327","0.666667"
"1655958391","2043386911","6.5"
"2043386911","1655958391","6.5"
"2043386911","2120564054","0.666667"
"2120564054","2043386911","0.666667"
"1481492327","2123735079","4.66667"
"2123735079","1481492327","4.66667"
"1481492327","1941810624","0.5"
"1941810624","1481492327","0.5"
"1941810624","2043386911","0.5"
"2043386911","1941810624","0.5"
"1481492327","1805249784","0.5"
"1805249784","1481492327","0.5"
"1481492327","1486640683","0.833333"
"1486640683","1481492327","0.833333"
"1481492327","1544787586","1.5"
"1544787586","1481492327","1.5"
"1486640683","1544787586","0.5"
"1544787586","1486640683","0.5"
"1486640683","2043386911","1.33333"
"2043386911","1486640683","1.33333"
"1544787586","2043386911","1.83333"
"2043386911","1544787586","1.83333"
"1481492327","2109453700","0.666667"
"2109453700","1481492327","0.666667"
"2109453700","2123735079","18.9214"
"2123735079","2109453700","18.9214"
"1481492327","1533222780","0.333333"
"1533222780","1481492327","0.333333"
"1533222780","2123735079","2.60476"
"2123735079","1533222780","2.60476"
"1481492327","1562199962","1.33333"
"1562199962","1481492327","1.33333"
"1544787586","1562199962","2.5"
"1562199962","1544787586","2.5"
"1481492327","2471061660","0.333333"
"2471061660","1481492327","0.333333"
"1562199962","2123735079","27.1167"
"2123735079","1562199962","27.1167"
"1562199962","2471061660","3.53333"
"2471061660","1562199962","3.53333"
"2123735079","2471061660","1.53333"
"2471061660","2123735079","1.53333"
"2043386911","2123735079","1"
"2123735079","2043386911","1"
"1486640683","1562199962","1.5"
"1562199962","1486640683","1.5"
"1486640683","2123735079","1.28571"
"2123735079","1486640683","1.28571"
"1481492327","1603141861","0.166667"
"1603141861","1481492327","0.166667"
"1486640683","1603141861","0.166667"
"1603141861","1486640683","0.166667"
"1486640683","2109453700","0.916667"
"2109453700","1486640683","0.916667"
"1544787586","1603141861","0.166667"
"1603141861","1544787586","0.166667"
"1544787586","2109453700","3.36667"
"2109453700","1544787586","3.36667"
"1544787586","2123735079","21.4292"
"2123735079","1544787586","21.4292"
"1562199962","1603141861","0.166667"
"1603141861","1562199962","0.166667"
"1562199962","2109453700","14.7"
"2109453700","1562199962","14.7"
"1603141861","2109453700","0.166667"
"2109453700","1603141861","0.166667"
"1603141861","2123735079","1.16667"
"2123735079","1603141861","1.16667"
"1486640683","233279079","2.28571"
"233279079","1486640683","2.28571"
"1486640683","1509835774","0.285714"
"1509835774","1486640683","0.285714"
"1486640683","1518119787","0.285714"
"1518119787","1486640683","0.285714"
"1486640683","1655958391","1.03571"
"1655958391","1486640683","1.03571"
"1486640683","2128735745","0.285714"
"2128735745","1486640683","0.285714"
"1486640683","2138719936","1.28571"
"2138719936","1486640683","1.28571"
"1509835774","1518119787","3.02599"
"1518119787","1509835774","3.02599"
"1509835774","2123735079","2.41488"
"2123735079","1509835774","2.41488"
"1509835774","233279079","2.85933"
"233279079","1509835774","2.85933"
"1518119787","2123735079","5.21488"
"2123735079","1518119787","5.21488"
"1518119787","233279079","0.659325"
"233279079","1518119787","0.659325"
"2123735079","2128735745","3.91488"
"2128735745","2123735079","3.91488"
"2123735079","233279079","2.04821"
"233279079","2123735079","2.04821"
"2128735745","233279079","1.74266"
"233279079","2128735745","1.74266"
"1486640683","2109579436","0.5"
"2109579436","1486640683","0.5"
"1486640683","1526540390","0.25"
"1526540390","1486640683","0.25"
"1486640683","2112178441","0.25"
"2112178441","1486640683","0.25"
"1526540390","1655958391","4.11786"
"1655958391","1526540390","4.11786"
"1526540390","2109453700","1.03333"
"2109453700","1526540390","1.03333"
"1526540390","2112178441","3.4"
"2112178441","1526540390","3.4"
"1655958391","2109453700","10.6298"
"2109453700","1655958391","10.6298"
"2109453700","2112178441","2.47976"
"2112178441","2109453700","2.47976"
"1486928190","1655958391","7.44345"
"1655958391","1486928190","7.44345"
"1486928190","2006289240","1"
"2006289240","1486928190","1"
"1655958391","2006289240","8.66667"
"2006289240","1655958391","8.66667"
"1486928190","2109453700","0.238095"
"2109453700","1486928190","0.238095"
"1486928190","2109579436","0.229167"
"2109579436","1486928190","0.229167"
"1486928190","2123735079","0.300595"
"2123735079","1486928190","0.300595"
"1486928190","2138719936","0.976786"
"2138719936","1486928190","0.976786"
"1486928190","97737074","0.166667"
"97737074","1486928190","0.166667"
"1655958391","97737074","3"
"97737074","1655958391","3"
"2109453700","2109579436","0.166667"
"2109579436","2109453700","0.166667"
"2109453700","2138719936","2.37976"
"2138719936","2109453700","2.37976"
"2109453700","97737074","0.166667"
"97737074","2109453700","0.166667"
"2109579436","2123735079","4.67917"
"2123735079","2109579436","4.67917"
"2109579436","97737074","0.616667"
"97737074","2109579436","0.616667"
"2123735079","97737074","6"
"97737074","2123735079","6"
"2138719936","97737074","1.78333"
"97737074","2138719936","1.78333"
"1486928190","1805249784","1.16726"
"1805249784","1486928190","1.16726"
"1486928190","1841583684","0.366667"
"1841583684","1486928190","0.366667"
"1486928190","1996009477","0.2625"
"1996009477","1486928190","0.2625"
"1486928190","2112178441","1.31012"
"2112178441","1486928190","1.31012"
"1805249784","1841583684","0.491667"
"1841583684","1805249784","0.491667"
"1805249784","1996009477","0.5125"
"1996009477","1805249784","0.5125"
"1841583684","1996009477","0.2"
"1996009477","1841583684","0.2"
"1841583684","2112178441","2.21944"
"2112178441","1841583684","2.21944"
"1841583684","2138719936","0.858333"
"2138719936","1841583684","0.858333"
"1996009477","2112178441","1.0125"
"2112178441","1996009477","1.0125"
"1996009477","2138719936","1.12917"
"2138719936","1996009477","1.12917"
"1486928190","2460119894","0.75"
"2460119894","1486928190","0.75"
"1655958391","2460119894","19.0667"
"2460119894","1655958391","19.0667"
"1486928190","2042301701","0.583333"
"2042301701","1486928190","0.583333"
"1655958391","1841583684","14.0444"
"1841583684","1655958391","14.0444"
"1655958391","2042301701","11.2"
"2042301701","1655958391","11.2"
"1805249784","2042301701","0.166667"
"2042301701","1805249784","0.166667"
"1841583684","2042301701","0.166667"
"2042301701","1841583684","0.166667"
"2042301701","2112178441","1.23333"
"2112178441","2042301701","1.23333"
"2042301701","2138719936","0.95"
"2138719936","2042301701","0.95"
"1486928190","2031925412","1.58333"
"2031925412","1486928190","1.58333"
"1486928190","1532957738","0.583333"
"1532957738","1486928190","0.583333"
"1532957738","1655958391","6.13611"
"1655958391","1532957738","6.13611"
"1532957738","1805249784","1.20833"
"1805249784","1532957738","1.20833"
"1486928190","2128735745","0.5625"
"2128735745","1486928190","0.5625"
"1486928190","1533222780","0.0714286"
"1533222780","1486928190","0.0714286"
"1486928190","1593719721","0.0714286"
"1593719721","1486928190","0.0714286"
"1486928190","1848243523","0.133929"
"1848243523","1486928190","0.133929"
"1486928190","2076282258","1.44345"
"2076282258","1486928190","1.44345"
"1486928190","2120564054","0.276786"
"2120564054","1486928190","0.276786"
"1486928190","2164414844","0.738095"
"2164414844","1486928190","0.738095"
"1486928190","2181796330","0.214286"
"2181796330","1486928190","0.214286"
"1486928190","2417084584","0.571429"
"2417084584","1486928190","0.571429"
"1533222780","1593719721","0.349206"
"1593719721","1533222780","0.349206"
"1533222780","1848243523","0.0714286"
"1848243523","1533222780","0.0714286"
"1533222780","2076282258","0.68254"
"2076282258","1533222780","0.68254"
"1533222780","2109453700","0.604762"
"2109453700","1533222780","0.604762"
"1533222780","2164414844","0.0714286"
"2164414844","1533222780","0.0714286"
"1533222780","2181796330","0.0714286"
"2181796330","1533222780","0.0714286"
"1533222780","2417084584","0.0714286"
"2417084584","1533222780","0.0714286"
"1593719721","1655958391","6.69921"
"1655958391","1593719721","6.69921"
"1593719721","1805249784","0.271429"
"1805249784","1593719721","0.271429"
"1593719721","1848243523","0.0714286"
"1848243523","1593719721","0.0714286"
"1593719721","2076282258","1.58254"
"2076282258","1593719721","1.58254"
"1593719721","2109453700","0.0714286"
"2109453700","1593719721","0.0714286"
"1593719721","2112178441","2.16587"
"2112178441","1593719721","2.16587"
"1593719721","2120564054","0.0714286"
"2120564054","1593719721","0.0714286"
"1593719721","2123735079","0.0714286"
"2123735079","1593719721","0.0714286"
"1593719721","2138719936","1.27143"
"2138719936","1593719721","1.27143"
"1593719721","2164414844","0.0714286"
"2164414844","1593719721","0.0714286"
"1593719721","2181796330","0.404762"
"2181796330","1593719721","0.404762"
"1593719721","2417084584","0.0714286"
"2417084584","1593719721","0.0714286"
"1655958391","1848243523","12.3006"
"1848243523","1655958391","12.3006"
"1655958391","2164414844","10.5631"
"2164414844","1655958391","10.5631"
"1655958391","2417084584","0.571429"
"2417084584","1655958391","0.571429"
"1805249784","1848243523","0.258929"
"1848243523","1805249784","0.258929"
"1805249784","2076282258","1.08393"
"2076282258","1805249784","1.08393"
"1805249784","2109453700","0.0714286"
"2109453700","1805249784","0.0714286"
"1805249784","2123735079","2.21726"
"2123735079","1805249784","2.21726"
"1805249784","2164414844","0.0714286"
"2164414844","1805249784","0.0714286"
"1805249784","2181796330","0.196429"
"2181796330","1805249784","0.196429"
"1805249784","2417084584","0.0714286"
"2417084584","1805249784","0.0714286"
"1848243523","2076282258","2.00893"
"2076282258","1848243523","2.00893"
"1848243523","2109453700","0.0714286"
"2109453700","1848243523","0.0714286"
"1848243523","2112178441","4.13393"
"2112178441","1848243523","4.13393"
"1848243523","2120564054","0.258929"
"2120564054","1848243523","0.258929"
"1848243523","2123735079","1.8006"
"2123735079","1848243523","1.8006"
"1848243523","2138719936","3.88393"
"2138719936","1848243523","3.88393"
"1848243523","2164414844","0.779762"
"2164414844","1848243523","0.779762"
"1848243523","2181796330","0.404762"
"2181796330","1848243523","0.404762"
"1848243523","2417084584","0.0714286"
"2417084584","1848243523","0.0714286"
"2076282258","2109453700","0.446429"
"2109453700","2076282258","0.446429"
"2076282258","2120564054","1.23512"
"2120564054","2076282258","1.23512"
"2076282258","2123735079","2.71726"
"2123735079","2076282258","2.71726"
"2076282258","2164414844","4.3131"
"2164414844","2076282258","4.3131"
"2076282258","2417084584","0.571429"
"2417084584","2076282258","0.571429"
"2109453700","2120564054","0.196429"
"2120564054","2109453700","0.196429"
"2109453700","2164414844","0.0714286"
"2164414844","2109453700","0.0714286"
"2109453700","2181796330","0.438095"
"2181796330","2109453700","0.438095"
"2109453700","2417084584","0.0714286"
"2417084584","2109453700","0.0714286"
"2112178441","2164414844","2.59643"
"2164414844","2112178441","2.59643"
"2112178441","2417084584","0.571429"
"2417084584","2112178441","0.571429"
"2120564054","2123735079","0.383929"
"2123735079","2120564054","0.383929"
"2120564054","2164414844","0.0714286"
"2164414844","2120564054","0.0714286"
"2120564054","2181796330","0.214286"
"2181796330","2120564054","0.214286"
"2120564054","2417084584","0.0714286"
"2417084584","2120564054","0.0714286"
"2123735079","2164414844","2.10476"
"2164414844","2123735079","2.10476"
"2123735079","2181796330","0.238095"
"2181796330","2123735079","0.238095"
"2123735079","2417084584","0.0714286"
"2417084584","2123735079","0.0714286"
"2138719936","2164414844","3.14643"
"2164414844","2138719936","3.14643"
"2138719936","2417084584","0.0714286"
"2417084584","2138719936","0.0714286"
"2164414844","2181796330","0.0714286"
"2181796330","2164414844","0.0714286"
"2164414844","2417084584","0.0714286"
"2417084584","2164414844","0.0714286"
"2181796330","2417084584","0.0714286"
"2417084584","2181796330","0.0714286"
"2042301701","2076282258","0.616667"
"2076282258","2042301701","0.616667"
"2042301701","2164414844","0.866667"
"2164414844","2042301701","0.866667"
"1486928190","1604432502","0.25"
"1604432502","1486928190","0.25"
"1604432502","2042301701","2.65"
"2042301701","1604432502","2.65"
"1604432502","2460119894","0.375"
"2460119894","1604432502","0.375"
"2042301701","2460119894","0.25"
"2460119894","2042301701","0.25"
"1486928190","1518119787","0.205357"
"1518119787","1486928190","0.205357"
"1518119787","2120564054","0.455357"
"2120564054","1518119787","0.455357"
"1486928190","1508725737","0.0625"
"1508725737","1486928190","0.0625"
"1486928190","1509835774","0.0625"
"1509835774","1486928190","0.0625"
"1486928190","1544787586","0.0625"
"1544787586","1486928190","0.0625"
"1486928190","233279079","0.0625"
"233279079","1486928190","0.0625"
"1508725737","1544787586","0.1875"
"1544787586","1508725737","0.1875"
"1508725737","1848243523","0.0625"
"1848243523","1508725737","0.0625"
"1508725737","1996009477","0.0625"
"1996009477","1508725737","0.0625"
"1508725737","2076282258","0.0625"
"2076282258","1508725737","0.0625"
"1508725737","2123735079","0.0625"
"2123735079","1508725737","0.0625"
"1508725737","233279079","0.0625"
"233279079","1508725737","0.0625"
"1509835774","1544787586","0.720833"
"1544787586","1509835774","0.720833"
"1509835774","1848243523","0.3125"
"1848243523","1509835774","0.3125"
"1509835774","1996009477","0.0625"
"1996009477","1509835774","0.0625"
"1509835774","2076282258","0.1875"
"2076282258","1509835774","0.1875"
"1518119787","1544787586","0.395833"
"1544787586","1518119787","0.395833"
"1518119787","1848243523","0.5625"
"1848243523","1518119787","0.5625"
"1518119787","1996009477","0.229167"
"1996009477","1518119787","0.229167"
"1518119787","2109579436","0.623611"
"2109579436","1518119787","0.623611"
"1544787586","1655958391","6.0375"
"1655958391","1544787586","6.0375"
"1544787586","1805249784","0.1875"
"1805249784","1544787586","0.1875"
"1544787586","1848243523","0.0625"
"1848243523","1544787586","0.0625"
"1544787586","1996009477","0.0625"
"1996009477","1544787586","0.0625"
"1544787586","2076282258","0.0625"
"2076282258","1544787586","0.0625"
"1544787586","2109579436","0.2625"
"2109579436","1544787586","0.2625"
"1544787586","2112178441","1.5125"
"2112178441","1544787586","1.5125"
"1544787586","2120564054","0.0625"
"2120564054","1544787586","0.0625"
"1544787586","2128735745","0.4625"
"2128735745","1544787586","0.4625"
"1544787586","2138719936","4.6375"
"2138719936","1544787586","4.6375"
"1544787586","233279079","0.0625"
"233279079","1544787586","0.0625"
"1655958391","1996009477","5.18036"
"1996009477","1655958391","5.18036"
"1848243523","1996009477","0.395833"
"1996009477","1848243523","0.395833"
"1848243523","2109579436","0.0625"
"2109579436","1848243523","0.0625"
"1848243523","2128735745","1.0625"
"2128735745","1848243523","1.0625"
"1848243523","233279079","0.0625"
"233279079","1848243523","0.0625"
"1996009477","2076282258","0.0625"
"2076282258","1996009477","0.0625"
"1996009477","2109579436","2.0625"
"2109579436","1996009477","2.0625"
"1996009477","2120564054","0.0625"
"2120564054","1996009477","0.0625"
"1996009477","2123735079","5.92917"
"2123735079","1996009477","5.92917"
"1996009477","2128735745","0.3125"
"2128735745","1996009477","0.3125"
"1996009477","233279079","0.0625"
"233279079","1996009477","0.0625"
"2076282258","2109579436","0.0625"
"2109579436","2076282258","0.0625"
"2076282258","233279079","0.0625"
"233279079","2076282258","0.0625"
"2120564054","233279079","0.0625"
"233279079","2120564054","0.0625"
"1655958391","2031925412","46.4667"
"2031925412","1655958391","46.4667"
"1805249784","2031925412","0.908333"
"2031925412","1805249784","0.908333"
"1486928190","2157573989","0.25"
"2157573989","1486928190","0.25"
"1532957738","2031925412","2.375"
"2031925412","1532957738","2.375"
"1532957738","2157573989","1.92778"
"2157573989","1532957738","1.92778"
"1655958391","2157573989","4.67778"
"2157573989","1655958391","4.67778"
"2031925412","2157573989","3.58333"
"2157573989","2031925412","3.58333"
"1491994446","1596447773","0.333333"
"1596447773","1491994446","0.333333"
"1491994446","1635800776","0.333333"
"1635800776","1491994446","0.333333"
"1491994446","2117767383","0.333333"
"2117767383","1491994446","0.333333"
"1596447773","1635800776","0.875"
"1635800776","1596447773","0.875"
"1596447773","2117767383","44.8333"
"2117767383","1596447773","44.8333"
"1635800776","2117767383","0.333333"
"2117767383","1635800776","0.333333"
"1496211266","1655958391","1"
"1655958391","1496211266","1"
"1508725737","2460119894","1.125"
"2460119894","1508725737","1.125"
"1508725737","1604432502","0.125"
"1604432502","1508725737","0.125"
"1508725737","2181796330","0.125"
"2181796330","1508725737","0.125"
"1509835774","1604432502","0.125"
"1604432502","1509835774","0.125"
"1509835774","2181796330","0.125"
"2181796330","1509835774","0.125"
"1509835774","2460119894","3.48333"
"2460119894","1509835774","3.48333"
"1544787586","1604432502","4.775"
"1604432502","1544787586","4.775"
"1544787586","2181796330","0.325"
"2181796330","1544787586","0.325"
"1544787586","2460119894","0.125"
"2460119894","1544787586","0.125"
"1604432502","1805249784","0.125"
"1805249784","1604432502","0.125"
"1604432502","2138719936","1.725"
"2138719936","1604432502","1.725"
"1604432502","2181796330","0.325"
"2181796330","1604432502","0.325"
"1805249784","2460119894","2.41667"
"2460119894","1805249784","2.41667"
"2138719936","2460119894","6.56667"
"2460119894","2138719936","6.56667"
"2181796330","2460119894","0.125"
"2460119894","2181796330","0.125"
"1509835774","2024839355","0.125"
"2024839355","1509835774","0.125"
"1655958391","2024839355","0.125"
"2024839355","1655958391","0.125"
"1805249784","2024839355","0.125"
"2024839355","1805249784","0.125"
"1848243523","2024839355","0.125"
"2024839355","1848243523","0.125"
"1848243523","2460119894","0.458333"
"2460119894","1848243523","0.458333"
"2024839355","2112178441","0.125"
"2112178441","2024839355","0.125"
"2024839355","2120564054","0.125"
"2120564054","2024839355","0.125"
"2024839355","2138719936","0.125"
"2138719936","2024839355","0.125"
"2024839355","2460119894","0.125"
"2460119894","2024839355","0.125"
"2112178441","2460119894","2.60833"
"2460119894","2112178441","2.60833"
"2120564054","2460119894","0.125"
"2460119894","2120564054","0.125"
"1509835774","1573715923","0.111111"
"1573715923","1509835774","0.111111"
"1509835774","2515865143","0.361111"
"2515865143","1509835774","0.361111"
"1518119787","1573715923","0.111111"
"1573715923","1518119787","0.111111"
"1518119787","2515865143","0.361111"
"2515865143","1518119787","0.361111"
"1573715923","1655958391","1.2123"
"1655958391","1573715923","1.2123"
"1573715923","2109579436","0.111111"
"2109579436","1573715923","0.111111"
"1573715923","2112178441","0.111111"
"2112178441","1573715923","0.111111"
"1573715923","2128735745","0.111111"
"2128735745","1573715923","0.111111"
"1573715923","2138719936","1.44444"
"2138719936","1573715923","1.44444"
"1573715923","233279079","0.111111"
"233279079","1573715923","0.111111"
"1573715923","2515865143","0.111111"
"2515865143","1573715923","0.111111"
"1655958391","2515865143","2.69444"
"2515865143","1655958391","2.69444"
"2109579436","2515865143","0.111111"
"2515865143","2109579436","0.111111"
"2112178441","2515865143","2.11111"
"2515865143","2112178441","2.11111"
"2128735745","2515865143","0.444444"
"2515865143","2128735745","0.444444"
"2138719936","2515865143","0.694444"
"2515865143","2138719936","0.694444"
"233279079","2515865143","0.111111"
"2515865143","233279079","0.111111"
"1518119787","2460119894","5.36667"
"2460119894","1518119787","5.36667"
"1509835774","2165224965","0.2"
"2165224965","1509835774","0.2"
"1518119787","2165224965","0.366667"
"2165224965","1518119787","0.366667"
"1655958391","2165224965","4.2"
"2165224965","1655958391","4.2"
"2112178441","2165224965","0.2"
"2165224965","2112178441","0.2"
"2138719936","2165224965","0.366667"
"2165224965","2138719936","0.366667"
"1509835774","1562199962","1.325"
"1562199962","1509835774","1.325"
"1518119787","1562199962","3.78333"
"1562199962","1518119787","3.78333"
"1562199962","2460119894","3.36667"
"2460119894","1562199962","3.36667"
"1509835774","2179712430","0.666667"
"2179712430","1509835774","0.666667"
"1655958391","2179712430","7.96786"
"2179712430","1655958391","7.96786"
"2112178441","2179712430","3.36667"
"2179712430","2112178441","3.36667"
"1509835774","1526540390","0.25"
"1526540390","1509835774","0.25"
"1518119787","1526540390","0.5"
"1526540390","1518119787","0.5"
"1526540390","2138719936","0.45"
"2138719936","1526540390","0.45"
"1562199962","2138719936","15.4917"
"2138719936","1562199962","15.4917"
"1509835774","97737074","0.833333"
"97737074","1509835774","0.833333"
"1562199962","97737074","1.08333"
"97737074","1562199962","1.08333"
"2460119894","97737074","1.5"
"97737074","2460119894","1.5"
"2128735745","97737074","3.11667"
"97737074","2128735745","3.11667"
"1518119787","2179712430","1.5"
"2179712430","1518119787","1.5"
"1544787586","2179712430","1.58333"
"2179712430","1544787586","1.58333"
"1509835774","2109453700","0.2"
"2109453700","1509835774","0.2"
"2109453700","2128735745","1.15"
"2128735745","2109453700","1.15"
"1509835774","2031925412","0.533333"
"2031925412","1509835774","0.533333"
"1533222780","2031925412","0.533333"
"2031925412","1533222780","0.533333"
"1533222780","233279079","0.4"
"233279079","1533222780","0.4"
"2031925412","2112178441","9.125"
"2112178441","2031925412","9.125"
"2031925412","233279079","0.2"
"233279079","2031925412","0.2"
"1509835774","2164414844","0.125"
"2164414844","1509835774","0.125"
"1509835774","2174268794","0.125"
"2174268794","1509835774","0.125"
"1562199962","1848243523","0.291667"
"1848243523","1562199962","0.291667"
"1562199962","2076282258","0.625"
"2076282258","1562199962","0.625"
"1562199962","2164414844","0.625"
"2164414844","1562199962","0.625"
"1562199962","2174268794","0.125"
"2174268794","1562199962","0.125"
"1655958391","2174268794","1.01111"
"2174268794","1655958391","1.01111"
"1848243523","2174268794","0.125"
"2174268794","1848243523","0.125"
"2076282258","2174268794","0.236111"
"2174268794","2076282258","0.236111"
"2112178441","2174268794","1.43611"
"2174268794","2112178441","1.43611"
"2138719936","2174268794","0.325"
"2174268794","2138719936","0.325"
"2164414844","2174268794","0.125"
"2174268794","2164414844","0.125"
"1533222780","2460119894","0.4"
"2460119894","1533222780","0.4"
"233279079","2460119894","0.533333"
"2460119894","233279079","0.533333"
"2031925412","2123735079","3.33333"
"2123735079","2031925412","3.33333"
"1509835774","2526917861","0.5"
"2526917861","1509835774","0.5"
"1655958391","2526917861","1"
"2526917861","1655958391","1"
"2123735079","2179712430","2.78333"
"2179712430","2123735079","2.78333"
"1518119787","1533222780","0.5"
"1533222780","1518119787","0.5"
"1518119787","2471061660","0.666667"
"2471061660","1518119787","0.666667"
"1805249784","2471061660","0.666667"
"2471061660","1805249784","0.666667"
"2138719936","2471061660","0.666667"
"2471061660","2138719936","0.666667"
"1518119787","2164414844","0.616667"
"2164414844","1518119787","0.616667"
"1518119787","1706677428","1"
"1706677428","1518119787","1"
"1706677428","2460119894","0.5"
"2460119894","1706677428","0.5"
"1805249784","2179712430","0.666667"
"2179712430","1805249784","0.666667"
"2128735745","2179712430","2"
"2179712430","2128735745","2"
"1518119787","2371186109","0.333333"
"2371186109","1518119787","0.333333"
"1655958391","2371186109","6.33333"
"2371186109","1655958391","6.33333"
"1848243523","2371186109","0.333333"
"2371186109","1848243523","0.333333"
"1518119787","1941810624","0.5"
"1941810624","1518119787","0.5"
"1706677428","1941810624","0.5"
"1941810624","1706677428","0.5"
"1518119787","1593719721","1.25"
"1593719721","1518119787","1.25"
"1996009477","2164414844","0.166667"
"2164414844","1996009477","0.166667"
"1996009477","2165224965","0.166667"
"2165224965","1996009477","0.166667"
"2123735079","2165224965","0.5"
"2165224965","2123735079","0.5"
"2164414844","2165224965","0.166667"
"2165224965","2164414844","0.166667"
"1562199962","2128735745","1.75"
"2128735745","1562199962","1.75"
"1526540390","2123735079","0.5"
"2123735079","1526540390","0.5"
"1593719721","2128735745","0.583333"
"2128735745","1593719721","0.583333"
"1518119787","2031925412","0.666667"
"2031925412","1518119787","0.666667"
"1518119787","1532957738","0.25"
"1532957738","1518119787","0.25"
"1518119787","2174268794","0.25"
"2174268794","1518119787","0.25"
"1532957738","2174268794","1.68611"
"2174268794","1532957738","1.68611"
"1805249784","2174268794","1.875"
"2174268794","1805249784","1.875"
"1848243523","2031925412","1.33333"
"2031925412","1848243523","1.33333"
"2031925412","2076282258","12.475"
"2076282258","2031925412","12.475"
"2031925412","2128735745","0.616667"
"2128735745","2031925412","0.616667"
"2031925412","2181796330","0.333333"
"2181796330","2031925412","0.333333"
"1518119787","2042301701","0.5"
"2042301701","1518119787","0.5"
"2123735079","2460119894","6.25"
"2460119894","2123735079","6.25"
"1518119787","2072774156","0.25"
"2072774156","1518119787","0.25"
"1655958391","2072774156","2.75"
"2072774156","1655958391","2.75"
"2072774156","2109579436","0.25"
"2109579436","2072774156","0.25"
"2072774156","2138719936","0.75"
"2138719936","2072774156","0.75"
"1518119787","2169216703","1"
"2169216703","1518119787","1"
"1518119787","97737074","0.2"
"97737074","1518119787","0.2"
"233279079","97737074","0.2"
"97737074","233279079","0.2"
"1522971697","233279079","28"
"233279079","1522971697","28"
"1522971697","1655958391","2.5"
"1655958391","1522971697","2.5"
"1522971697","2123735079","0.5"
"2123735079","1522971697","0.5"
"1526540390","1533222780","1.53452"
"1533222780","1526540390","1.53452"
"1526540390","1562199962","0.667857"
"1562199962","1526540390","0.667857"
"1526540390","1573715923","0.267857"
"1573715923","1526540390","0.267857"
"1526540390","1604432502","0.667857"
"1604432502","1526540390","0.667857"
"1526540390","1996009477","0.667857"
"1996009477","1526540390","0.667857"
"1526540390","2157029213","0.125"
"2157029213","1526540390","0.125"
"1526540390","2179712430","0.467857"
"2179712430","1526540390","0.467857"
"1533222780","1573715923","0.934524"
"1573715923","1533222780","0.934524"
"1533222780","1604432502","1.45119"
"1604432502","1533222780","1.45119"
"1533222780","1996009477","0.867857"
"1996009477","1533222780","0.867857"
"1533222780","2157029213","0.125"
"2157029213","1533222780","0.125"
"1533222780","2179712430","0.934524"
"2179712430","1533222780","0.934524"
"1562199962","1573715923","2.96786"
"1573715923","1562199962","2.96786"
"1562199962","1996009477","0.667857"
"1996009477","1562199962","0.667857"
"1562199962","2157029213","0.125"
"2157029213","1562199962","0.125"
"1562199962","2179712430","1.96786"
"2179712430","1562199962","1.96786"
"1573715923","1604432502","0.267857"
"1604432502","1573715923","0.267857"
"1573715923","1996009477","0.267857"
"1996009477","1573715923","0.267857"
"1573715923","2157029213","2.125"
"2157029213","1573715923","2.125"
"1573715923","2179712430","0.467857"
"2179712430","1573715923","0.467857"
"1604432502","1996009477","0.867857"
"1996009477","1604432502","0.867857"
"1604432502","2157029213","0.125"
"2157029213","1604432502","0.125"
"1604432502","2179712430","0.517857"
"2179712430","1604432502","0.517857"
"1655958391","2157029213","0.125"
"2157029213","1655958391","0.125"
"1996009477","2157029213","0.125"
"2157029213","1996009477","0.125"
"1996009477","2179712430","0.267857"
"2179712430","1996009477","0.267857"
"2157029213","2179712430","0.125"
"2179712430","2157029213","0.125"
"1526540390","2128735745","0.5"
"2128735745","1526540390","0.5"
"1526540390","2031925412","0.2"
"2031925412","1526540390","0.2"
"1526540390","2076282258","0.2"
"2076282258","1526540390","0.2"
"2031925412","2179712430","2.03333"
"2179712430","2031925412","2.03333"
"2076282258","2179712430","0.616667"
"2179712430","2076282258","0.616667"
"1526540390","2460119894","0.2"
"2460119894","1526540390","0.2"
"2109453700","2460119894","0.2"
"2460119894","2109453700","0.2"
"1532957738","2123735079","0.25"
"2123735079","1532957738","0.25"
"2123735079","2157573989","0.25"
"2157573989","2123735079","0.25"
"1532957738","2101046930","0.833333"
"2101046930","1532957738","0.833333"
"2101046930","2174268794","1.5"
"2174268794","2101046930","1.5"
"1532957738","1841583684","2.05278"
"1841583684","1532957738","2.05278"
"1841583684","2031925412","3"
"2031925412","1841583684","3"
"1841583684","2157573989","2.59444"
"2157573989","1841583684","2.59444"
"1532957738","2120564054","0.375"
"2120564054","1532957738","0.375"
"1841583684","2120564054","0.5"
"2120564054","1841583684","0.5"
"2031925412","2120564054","0.833333"
"2120564054","2031925412","0.833333"
"1532957738","1848243523","0.333333"
"1848243523","1532957738","0.333333"
"1848243523","2101046930","0.333333"
"2101046930","1848243523","0.333333"
"2031925412","2101046930","0.833333"
"2101046930","2031925412","0.833333"
"1532957738","2112178441","0.361111"
"2112178441","1532957738","0.361111"
"1532957738","1533222780","0.111111"
"1533222780","1532957738","0.111111"
"1532957738","1593719721","0.311111"
"1593719721","1532957738","0.311111"
"1532957738","2076282258","0.111111"
"2076282258","1532957738","0.111111"
"1532957738","2404312546","0.111111"
"2404312546","1532957738","0.111111"
"1533222780","1841583684","0.277778"
"1841583684","1533222780","0.277778"
"1533222780","2157573989","0.111111"
"2157573989","1533222780","0.111111"
"1533222780","2174268794","0.111111"
"2174268794","1533222780","0.111111"
"1533222780","2404312546","0.111111"
"2404312546","1533222780","0.111111"
"1593719721","1841583684","0.677778"
"1841583684","1593719721","0.677778"
"1593719721","2157573989","0.311111"
"2157573989","1593719721","0.311111"
"1593719721","2174268794","0.311111"
"2174268794","1593719721","0.311111"
"1593719721","2404312546","0.111111"
"2404312546","1593719721","0.111111"
"1655958391","2404312546","0.111111"
"2404312546","1655958391","0.111111"
"1841583684","2076282258","0.602778"
"2076282258","1841583684","0.602778"
"1841583684","2174268794","0.436111"
"2174268794","1841583684","0.436111"
"1841583684","2404312546","0.111111"
"2404312546","1841583684","0.111111"
"2076282258","2157573989","2.36111"
"2157573989","2076282258","2.36111"
"2076282258","2404312546","0.111111"
"2404312546","2076282258","0.111111"
"2112178441","2157573989","1.52778"
"2157573989","2112178441","1.52778"
"2112178441","2404312546","0.111111"
"2404312546","2112178441","0.111111"
"2157573989","2174268794","0.311111"
"2174268794","2157573989","0.311111"
"2157573989","2404312546","0.111111"
"2404312546","2157573989","0.111111"
"2174268794","2404312546","0.111111"
"2404312546","2174268794","0.111111"
"1532957738","2043386911","1"
"2043386911","1532957738","1"
"1532957738","2604796301","0.658333"
"2604796301","1532957738","0.658333"
"1532957738","2963795355","0.325"
"2963795355","1532957738","0.325"
"1655958391","2604796301","1.74167"
"2604796301","1655958391","1.74167"
"1655958391","2963795355","1.03333"
"2963795355","1655958391","1.03333"
"1841583684","2604796301","0.325"
"2604796301","1841583684","0.325"
"1841583684","2963795355","0.45"
"2963795355","1841583684","0.45"
"2157573989","2604796301","0.533333"
"2604796301","2157573989","0.533333"
"2157573989","2963795355","1.03333"
"2963795355","2157573989","1.03333"
"2604796301","2963795355","0.325"
"2963795355","2604796301","0.325"
"1805249784","2604796301","0.125"
"2604796301","1805249784","0.125"
"1805249784","2963795355","0.125"
"2963795355","1805249784","0.125"
"2031925412","2174268794","0.325"
"2174268794","2031925412","0.325"
"2031925412","2604796301","1.70833"
"2604796301","2031925412","1.70833"
"2031925412","2963795355","0.833333"
"2963795355","2031925412","0.833333"
"2120564054","2174268794","0.125"
"2174268794","2120564054","0.125"
"2120564054","2604796301","0.125"
"2604796301","2120564054","0.125"
"2120564054","2963795355","0.75"
"2963795355","2120564054","0.75"
"2174268794","2604796301","0.125"
"2604796301","2174268794","0.125"
"2174268794","2963795355","0.125"
"2963795355","2174268794","0.125"
"1533222780","2515865143","1"
"2515865143","1533222780","1"
"1533222780","1544787586","0.25"
"1544787586","1533222780","0.25"
"1604432502","2123735079","0.4"
"2123735079","1604432502","0.4"
"1533222780","2471061660","0.5"
"2471061660","1533222780","0.5"
