"126016810","2021986315","0.333333"
"2021986315","126016810","0.333333"
"126016810","2471207260","0.833333"
"2471207260","126016810","0.833333"
"126016810","560070107","0.833333"
"560070107","126016810","0.833333"
"2021986315","2471207260","0.619048"
"2471207260","2021986315","0.619048"
"2021986315","560070107","0.619048"
"560070107","2021986315","0.619048"
"2471207260","560070107","13.8786"
"560070107","2471207260","13.8786"
"1482155479","1567557053","1"
"1567557053","1482155479","1"
"1482155479","2035024861","2"
"2035024861","1482155479","2"
"1482155479","1670563787","1"
"1670563787","1482155479","1"
"1482155479","2134603997","1"
"2134603997","1482155479","1"
"1670563787","2134603997","3.95"
"2134603997","1670563787","3.95"
"1495408127","1603690896","0.142857"
"1603690896","1495408127","0.142857"
"1495408127","1902423","0.142857"
"1902423","1495408127","0.142857"
"1495408127","1998868013","0.142857"
"1998868013","1495408127","0.142857"
"1495408127","2021986315","0.285714"
"2021986315","1495408127","0.285714"
"1495408127","2073077348","0.142857"
"2073077348","1495408127","0.142857"
"1495408127","2471207260","1.03571"
"2471207260","1495408127","1.03571"
"1495408127","560070107","0.535714"
"560070107","1495408127","0.535714"
"1603690896","1902423","0.142857"
"1902423","1603690896","0.142857"
"1603690896","1998868013","0.392857"
"1998868013","1603690896","0.392857"
"1603690896","2021986315","0.142857"
"2021986315","1603690896","0.142857"
"1603690896","2073077348","0.142857"
"2073077348","1603690896","0.142857"
"1603690896","2471207260","0.452381"
"2471207260","1603690896","0.452381"
"1603690896","560070107","0.452381"
"560070107","1603690896","0.452381"
"1902423","1998868013","0.142857"
"1998868013","1902423","0.142857"
"1902423","2021986315","0.142857"
"2021986315","1902423","0.142857"
"1902423","2073077348","0.142857"
"2073077348","1902423","0.142857"
"1902423","2471207260","0.392857"
"2471207260","1902423","0.392857"
"1902423","560070107","0.392857"
"560070107","1902423","0.392857"
"1998868013","2021986315","0.142857"
"2021986315","1998868013","0.142857"
"1998868013","2073077348","0.142857"
"2073077348","1998868013","0.142857"
"1998868013","2471207260","0.142857"
"2471207260","1998868013","0.142857"
"1998868013","560070107","0.142857"
"560070107","1998868013","0.142857"
"2021986315","2073077348","0.142857"
"2073077348","2021986315","0.142857"
"2073077348","2471207260","0.142857"
"2471207260","2073077348","0.142857"
"2073077348","560070107","0.142857"
"560070107","2073077348","0.142857"
"1495408127","1969334942","0.542857"
"1969334942","1495408127","0.542857"
"1495408127","1988811748","1.04286"
"1988811748","1495408127","1.04286"
"1495408127","2046143708","3.54286"
"2046143708","1495408127","3.54286"
"1495408127","2148976755","0.142857"
"2148976755","1495408127","0.142857"
"1969334942","1988811748","0.542857"
"1988811748","1969334942","0.542857"
"1969334942","2021986315","0.142857"
"2021986315","1969334942","0.142857"
"1969334942","2046143708","0.542857"
"2046143708","1969334942","0.542857"
"1969334942","2148976755","0.142857"
"2148976755","1969334942","0.142857"
"1969334942","2471207260","0.142857"
"2471207260","1969334942","0.142857"
"1969334942","560070107","0.142857"
"560070107","1969334942","0.142857"
"1988811748","2021986315","0.142857"
"2021986315","1988811748","0.142857"
"1988811748","2046143708","0.542857"
"2046143708","1988811748","0.542857"
"1988811748","2148976755","0.142857"
"2148976755","1988811748","0.142857"
"1988811748","2471207260","0.142857"
"2471207260","1988811748","0.142857"
"1988811748","560070107","0.142857"
"560070107","1988811748","0.142857"
"2021986315","2046143708","0.142857"
"2046143708","2021986315","0.142857"
"2021986315","2148976755","0.142857"
"2148976755","2021986315","0.142857"
"2046143708","2148976755","0.142857"
"2148976755","2046143708","0.142857"
"2046143708","2471207260","0.642857"
"2471207260","2046143708","0.642857"
"2046143708","560070107","0.142857"
"560070107","2046143708","0.142857"
"2148976755","2471207260","0.142857"
"2471207260","2148976755","0.142857"
"2148976755","560070107","0.142857"
"560070107","2148976755","0.142857"
"1495408127","1562501381","0.25"
"1562501381","1495408127","0.25"
"1495408127","2046147156","0.75"
"2046147156","1495408127","0.75"
"1562501381","2046147156","2.05952"
"2046147156","1562501381","2.05952"
"1562501381","2471207260","1.42619"
"2471207260","1562501381","1.42619"
"1562501381","560070107","1.42619"
"560070107","1562501381","1.42619"
"2046147156","2471207260","1.89286"
"2471207260","2046147156","1.89286"
"2046147156","560070107","1.55952"
"560070107","2046147156","1.55952"
"1495408127","2040879056","0.4"
"2040879056","1495408127","0.4"
"1495408127","2241717028","0.4"
"2241717028","1495408127","0.4"
"1969334942","2040879056","1.9"
"2040879056","1969334942","1.9"
"1969334942","2241717028","1.9"
"2241717028","1969334942","1.9"
"1988811748","2040879056","0.4"
"2040879056","1988811748","0.4"
"1988811748","2241717028","0.4"
"2241717028","1988811748","0.4"
"2040879056","2046143708","0.4"
"2046143708","2040879056","0.4"
"2040879056","2241717028","1.9"
"2241717028","2040879056","1.9"
"2046143708","2241717028","0.4"
"2241717028","2046143708","0.4"
"1495408127","1944403676","1.5"
"1944403676","1495408127","1.5"
"1944403676","2046143708","0.5"
"2046143708","1944403676","0.5"
"1988811748","2046147156","1.5"
"2046147156","1988811748","1.5"
"1503369962","1562501381","0.366667"
"1562501381","1503369962","0.366667"
"1503369962","160169779","0.2"
"160169779","1503369962","0.2"
"1503369962","2105811574","0.2"
"2105811574","1503369962","0.2"
"1503369962","2471207260","0.366667"
"2471207260","1503369962","0.366667"
"1503369962","560070107","0.366667"
"560070107","1503369962","0.366667"
"1562501381","160169779","0.2"
"160169779","1562501381","0.2"
"1562501381","2105811574","0.2"
"2105811574","1562501381","0.2"
"160169779","2105811574","0.533333"
"2105811574","160169779","0.533333"
"160169779","2471207260","0.533333"
"2471207260","160169779","0.533333"
"160169779","560070107","1.53333"
"560070107","160169779","1.53333"
"2105811574","2471207260","0.533333"
"2471207260","2105811574","0.533333"
"2105811574","560070107","0.533333"
"560070107","2105811574","0.533333"
"1503369962","2035024861","0.166667"
"2035024861","1503369962","0.166667"
"1503369962","2046147156","0.166667"
"2046147156","1503369962","0.166667"
"1503369962","2106043158","0.166667"
"2106043158","1503369962","0.166667"
"1562501381","2035024861","0.333333"
"2035024861","1562501381","0.333333"
"1562501381","2106043158","0.47619"
"2106043158","1562501381","0.47619"
"2035024861","2046147156","0.666667"
"2046147156","2035024861","0.666667"
"2035024861","2106043158","0.5"
"2106043158","2035024861","0.5"
"2035024861","2471207260","1.5"
"2471207260","2035024861","1.5"
"2035024861","560070107","0.5"
"560070107","2035024861","0.5"
"2046147156","2106043158","0.309524"
"2106043158","2046147156","0.309524"
"2106043158","2471207260","1.30952"
"2471207260","2106043158","1.30952"
"2106043158","560070107","1.30952"
"560070107","2106043158","1.30952"
"1555726933","2003117201","0.333333"
"2003117201","1555726933","0.333333"
"1555726933","2105811574","2.58333"
"2105811574","1555726933","2.58333"
"1555726933","2160277500","1.33333"
"2160277500","1555726933","1.33333"
"2003117201","2105811574","0.333333"
"2105811574","2003117201","0.333333"
"2003117201","2160277500","0.333333"
"2160277500","2003117201","0.333333"
"2105811574","2160277500","1.83333"
"2160277500","2105811574","1.83333"
"1555726933","1567557053","0.25"
"1567557053","1555726933","0.25"
"1555726933","1670563787","0.25"
"1670563787","1555726933","0.25"
"1555726933","2144879960","0.25"
"2144879960","1555726933","0.25"
"1567557053","1670563787","20.5833"
"1670563787","1567557053","20.5833"
"1567557053","2105811574","0.25"
"2105811574","1567557053","0.25"
"1567557053","2144879960","0.25"
"2144879960","1567557053","0.25"
"1670563787","2105811574","0.75"
"2105811574","1670563787","0.75"
"1670563787","2144879960","4.45"
"2144879960","1670563787","4.45"
"2105811574","2144879960","0.75"
"2144879960","2105811574","0.75"
"1562501381","1578585637","1.5"
"1578585637","1562501381","1.5"
"1562501381","2155185983","1.5"
"2155185983","1562501381","1.5"
"1578585637","2046147156","1.5"
"2046147156","1578585637","1.5"
"1578585637","2155185983","4"
"2155185983","1578585637","4"
"2046147156","2155185983","2.5"
"2155185983","2046147156","2.5"
"1562501381","1670563787","0.309524"
"1670563787","1562501381","0.309524"
"1562501381","1993870807","0.309524"
"1993870807","1562501381","0.309524"
"1562501381","22391469","0.166667"
"22391469","1562501381","0.166667"
"1670563787","1993870807","3.39286"
"1993870807","1670563787","3.39286"
"1670563787","2046147156","0.309524"
"2046147156","1670563787","0.309524"
"1670563787","22391469","0.166667"
"22391469","1670563787","0.166667"
"1670563787","2471207260","3.22619"
"2471207260","1670563787","3.22619"
"1670563787","560070107","1.22619"
"560070107","1670563787","1.22619"
"1993870807","2046147156","0.642857"
"2046147156","1993870807","0.642857"
"1993870807","22391469","0.5"
"22391469","1993870807","0.5"
"1993870807","2471207260","0.642857"
"2471207260","1993870807","0.642857"
"1993870807","560070107","0.309524"
"560070107","1993870807","0.309524"
"2046147156","22391469","0.5"
"22391469","2046147156","0.5"
"22391469","2471207260","1.5"
"2471207260","22391469","1.5"
"22391469","560070107","0.166667"
"560070107","22391469","0.166667"
"1562501381","2085624797","0.166667"
"2085624797","1562501381","0.166667"
"1562501381","2109219646","0.166667"
"2109219646","1562501381","0.166667"
"2035024861","2085624797","0.166667"
"2085624797","2035024861","0.166667"
"2035024861","2109219646","1.16667"
"2109219646","2035024861","1.16667"
"2085624797","2106043158","0.166667"
"2106043158","2085624797","0.166667"
"2085624797","2109219646","0.166667"
"2109219646","2085624797","0.166667"
"2085624797","2471207260","0.166667"
"2471207260","2085624797","0.166667"
"2085624797","560070107","0.166667"
"560070107","2085624797","0.166667"
"2106043158","2109219646","0.166667"
"2109219646","2106043158","0.166667"
"2109219646","2471207260","0.166667"
"2471207260","2109219646","0.166667"
"2109219646","560070107","0.166667"
"560070107","2109219646","0.166667"
"1562501381","1603690896","0.142857"
"1603690896","1562501381","0.142857"
"1603690896","1670563787","2.14286"
"1670563787","1603690896","2.14286"
"1603690896","1993870807","1.97619"
"1993870807","1603690896","1.97619"
"1603690896","2046147156","0.642857"
"2046147156","1603690896","0.642857"
"1603690896","2106043158","0.309524"
"2106043158","1603690896","0.309524"
"1670563787","2106043158","0.47619"
"2106043158","1670563787","0.47619"
"1993870807","2106043158","0.142857"
"2106043158","1993870807","0.142857"
"1567557053","2471207260","0.583333"
"2471207260","1567557053","0.583333"
"1567557053","560070107","1.58333"
"560070107","1567557053","1.58333"
"1567557053","1840967680","0.75"
"1840967680","1567557053","0.75"
"1670563787","1840967680","2.83333"
"1840967680","1670563787","2.83333"
"1840967680","2471207260","0.25"
"2471207260","1840967680","0.25"
"1840967680","560070107","0.25"
"560070107","1840967680","0.25"
"1567557053","2100767381","0.25"
"2100767381","1567557053","0.25"
"1567557053","2134603997","0.25"
"2134603997","1567557053","0.25"
"1567557053","2150442785","1.25"
"2150442785","1567557053","1.25"
"1670563787","2100767381","0.25"
"2100767381","1670563787","0.25"
"1670563787","2150442785","0.25"
"2150442785","1670563787","0.25"
"2100767381","2134603997","0.25"
"2134603997","2100767381","0.25"
"2100767381","2150442785","0.25"
"2150442785","2100767381","0.25"
"2134603997","2150442785","0.25"
"2150442785","2134603997","0.25"
"1578585637","1670563787","0.5"
"1670563787","1578585637","0.5"
"1578585637","2105811574","0.5"
"2105811574","1578585637","0.5"
"1578585637","2144879960","0.5"
"2144879960","1578585637","0.5"
"1578585637","2160277500","1.83333"
"2160277500","1578585637","1.83333"
"1670563787","2160277500","0.666667"
"2160277500","1670563787","0.666667"
"2144879960","2160277500","0.5"
"2160277500","2144879960","0.5"
"1578585637","2471207260","0.333333"
"2471207260","1578585637","0.333333"
"1578585637","560070107","0.333333"
"560070107","1578585637","0.333333"
"2160277500","2471207260","1"
"2471207260","2160277500","1"
"2160277500","560070107","1"
"560070107","2160277500","1"
"1580189129","1670563787","4"
"1670563787","1580189129","4"
"1598275972","1993870807","1"
"1993870807","1598275972","1"
"160169779","1670563787","0.333333"
"1670563787","160169779","0.333333"
"160169779","1840967680","0.333333"
"1840967680","160169779","0.333333"
"160169779","1998868013","0.333333"
"1998868013","160169779","0.333333"
"1670563787","1998868013","2.03333"
"1998868013","1670563787","2.03333"
"1840967680","1998868013","0.333333"
"1998868013","1840967680","0.333333"
"1603690896","1840967680","0.75"
"1840967680","1603690896","0.75"
"1603690896","2786723280","1.25"
"2786723280","1603690896","1.25"
"1670563787","2786723280","0.7"
"2786723280","1670563787","0.7"
"1840967680","1993870807","1.25"
"1993870807","1840967680","1.25"
"1840967680","2786723280","1.25"
"2786723280","1840967680","1.25"
"1993870807","2786723280","1"
"2786723280","1993870807","1"
"1603690896","2144879960","3.25"
"2144879960","1603690896","3.25"
"2144879960","2786723280","0.95"
"2786723280","2144879960","0.95"
"1993870807","2144879960","9.66667"
"2144879960","1993870807","9.66667"
"1603690896","2042766435","0.166667"
"2042766435","1603690896","0.166667"
"1670563787","2042766435","0.333333"
"2042766435","1670563787","0.333333"
"2042766435","2106043158","0.333333"
"2106043158","2042766435","0.333333"
"2042766435","2144879960","0.166667"
"2144879960","2042766435","0.166667"
"2042766435","2471207260","0.333333"
"2471207260","2042766435","0.333333"
"2042766435","560070107","0.333333"
"560070107","2042766435","0.333333"
"2106043158","2144879960","0.166667"
"2144879960","2106043158","0.166667"
"2144879960","2471207260","0.166667"
"2471207260","2144879960","0.166667"
"2144879960","560070107","0.166667"
"560070107","2144879960","0.166667"
"1993870807","1998868013","2.33333"
"1998868013","1993870807","2.33333"
"1998868013","2144879960","4.03333"
"2144879960","1998868013","4.03333"
"1603690896","2035024861","0.5"
"2035024861","1603690896","0.5"
"1670563787","2505819725","1.5"
"2505819725","1670563787","1.5"
"2134603997","2505819725","0.5"
"2505819725","2134603997","0.5"
"1670563787","2035024861","2.36667"
"2035024861","1670563787","2.36667"
"2035024861","2042766435","0.166667"
"2042766435","2035024861","0.166667"
"2035024861","2160277500","0.166667"
"2160277500","2035024861","0.166667"
"2042766435","2160277500","0.166667"
"2160277500","2042766435","0.166667"
"2106043158","2160277500","0.166667"
"2160277500","2106043158","0.166667"
"1998868013","2786723280","0.45"
"2786723280","1998868013","0.45"
"1998868013","2035024861","3.2"
"2035024861","1998868013","3.2"
"1998868013","2134603997","0.2"
"2134603997","1998868013","0.2"
"2035024861","2134603997","0.2"
"2134603997","2035024861","0.2"
"2035024861","2144879960","8.2"
"2144879960","2035024861","8.2"
"2035024861","2786723280","0.2"
"2786723280","2035024861","0.2"
"2134603997","2144879960","0.2"
"2144879960","2134603997","0.2"
"2134603997","2786723280","0.7"
"2786723280","2134603997","0.7"
"1840967680","2155185983","1"
"2155185983","1840967680","1"
"1902423","2056621374","0.25"
"2056621374","1902423","0.25"
"1902423","2786723280","0.25"
"2786723280","1902423","0.25"
"2056621374","2471207260","1.25"
"2471207260","2056621374","1.25"
"2056621374","2786723280","0.25"
"2786723280","2056621374","0.25"
"2056621374","560070107","1.25"
"560070107","2056621374","1.25"
"2471207260","2786723280","0.25"
"2786723280","2471207260","0.25"
"2786723280","560070107","0.25"
"560070107","2786723280","0.25"
"1993870807","940051","1.83333"
"940051","1993870807","1.83333"
"1998868013","940051","0.833333"
"940051","1998868013","0.833333"
"2144879960","940051","0.333333"
"940051","2144879960","0.333333"
"1993870807","2035024861","4"
"2035024861","1993870807","4"
"1998868013","2106043158","1"
"2106043158","1998868013","1"
"2003117201","2134515924","1"
"2134515924","2003117201","1"
"2106043158","2786723280","1"
"2786723280","2106043158","1"
"2106043158","2561507506","1"
"2561507506","2106043158","1"
"2131728033","2134603997","0.5"
"2134603997","2131728033","0.5"
"2131728033","2786723280","1.5"
"2786723280","2131728033","1.5"
