"120174269","1845700112","0.2"
"1845700112","120174269","0.2"
"120174269","2095423793","0.283333"
"2095423793","120174269","0.283333"
"120174269","2139386481","0.2"
"2139386481","120174269","0.2"
"120174269","2146526603","0.283333"
"2146526603","120174269","0.283333"
"120174269","95485512","0.2"
"95485512","120174269","0.2"
"1845700112","2095423793","0.725"
"2095423793","1845700112","0.725"
"1845700112","2139386481","0.633333"
"2139386481","1845700112","0.633333"
"1845700112","2146526603","1.84643"
"2146526603","1845700112","1.84643"
"1845700112","95485512","0.988095"
"95485512","1845700112","0.988095"
"2095423793","2139386481","1.80833"
"2139386481","2095423793","1.80833"
"2095423793","2146526603","4.64167"
"2146526603","2095423793","4.64167"
"2095423793","95485512","0.2"
"95485512","2095423793","0.2"
"2139386481","2146526603","10.6667"
"2146526603","2139386481","10.6667"
"2139386481","95485512","1.8"
"95485512","2139386481","1.8"
"2146526603","95485512","2.07143"
"95485512","2146526603","2.07143"
"120174269","1932825448","0.25"
"1932825448","120174269","0.25"
"120174269","2049091002","0.25"
"2049091002","120174269","0.25"
"120174269","2096596045","0.25"
"2096596045","120174269","0.25"
"120174269","212895015","0.25"
"212895015","120174269","0.25"
"120174269","2150771876","0.25"
"2150771876","120174269","0.25"
"120174269","2952739398","0.25"
"2952739398","120174269","0.25"
"1932825448","2049091002","18.3595"
"2049091002","1932825448","18.3595"
"1932825448","2096596045","4.22619"
"2096596045","1932825448","4.22619"
"1932825448","212895015","0.25"
"212895015","1932825448","0.25"
"1932825448","2150771876","3.40833"
"2150771876","1932825448","3.40833"
"1932825448","2952739398","0.25"
"2952739398","1932825448","0.25"
"2049091002","2096596045","6.59286"
"2096596045","2049091002","6.59286"
"2049091002","212895015","0.25"
"212895015","2049091002","0.25"
"2049091002","2150771876","7.925"
"2150771876","2049091002","7.925"
"2049091002","2952739398","0.75"
"2952739398","2049091002","0.75"
"2096596045","212895015","0.25"
"212895015","2096596045","0.25"
"2096596045","2150771876","0.583333"
"2150771876","2096596045","0.583333"
"2096596045","2952739398","0.25"
"2952739398","2096596045","0.25"
"212895015","2150771876","0.25"
"2150771876","212895015","0.25"
"212895015","2952739398","0.25"
"2952739398","212895015","0.25"
"2150771876","2952739398","0.25"
"2952739398","2150771876","0.25"
"120174269","1570235795","0.0833333"
"1570235795","120174269","0.0833333"
"120174269","1981893091","0.0833333"
"1981893091","120174269","0.0833333"
"120174269","2078382869","0.0833333"
"2078382869","120174269","0.0833333"
"120174269","2337001838","0.0833333"
"2337001838","120174269","0.0833333"
"1570235795","1932825448","0.0833333"
"1932825448","1570235795","0.0833333"
"1570235795","1981893091","0.0833333"
"1981893091","1570235795","0.0833333"
"1570235795","2049091002","0.25"
"2049091002","1570235795","0.25"
"1570235795","2078382869","0.25"
"2078382869","1570235795","0.25"
"1570235795","2095423793","0.416667"
"2095423793","1570235795","0.416667"
"1570235795","2096596045","0.0833333"
"2096596045","1570235795","0.0833333"
"1570235795","212895015","0.0833333"
"212895015","1570235795","0.0833333"
"1570235795","2146526603","0.25"
"2146526603","1570235795","0.25"
"1570235795","2150771876","0.0833333"
"2150771876","1570235795","0.0833333"
"1570235795","2337001838","0.0833333"
"2337001838","1570235795","0.0833333"
"1570235795","2952739398","0.0833333"
"2952739398","1570235795","0.0833333"
"1932825448","1981893091","4.78333"
"1981893091","1932825448","4.78333"
"1932825448","2078382869","1.40833"
"2078382869","1932825448","1.40833"
"1932825448","2095423793","4.98333"
"2095423793","1932825448","4.98333"
"1932825448","2146526603","4.30833"
"2146526603","1932825448","4.30833"
"1932825448","2337001838","0.0833333"
"2337001838","1932825448","0.0833333"
"1981893091","2049091002","4.31667"
"2049091002","1981893091","4.31667"
"1981893091","2078382869","0.208333"
"2078382869","1981893091","0.208333"
"1981893091","2095423793","1.98333"
"2095423793","1981893091","1.98333"
"1981893091","2096596045","1.08333"
"2096596045","1981893091","1.08333"
"1981893091","212895015","0.0833333"
"212895015","1981893091","0.0833333"
"1981893091","2146526603","0.625"
"2146526603","1981893091","0.625"
"1981893091","2150771876","1.625"
"2150771876","1981893091","1.625"
"1981893091","2337001838","0.0833333"
"2337001838","1981893091","0.0833333"
"1981893091","2952739398","0.0833333"
"2952739398","1981893091","0.0833333"
"2049091002","2078382869","1.15833"
"2078382869","2049091002","1.15833"
"2049091002","2095423793","6.55"
"2095423793","2049091002","6.55"
"2049091002","2146526603","3.89167"
"2146526603","2049091002","3.89167"
"2049091002","2337001838","0.0833333"
"2337001838","2049091002","0.0833333"
"2078382869","2095423793","0.208333"
"2095423793","2078382869","0.208333"
"2078382869","2096596045","0.333333"
"2096596045","2078382869","0.333333"
"2078382869","212895015","0.0833333"
"212895015","2078382869","0.0833333"
"2078382869","2146526603","1.15833"
"2146526603","2078382869","1.15833"
"2078382869","2150771876","0.0833333"
"2150771876","2078382869","0.0833333"
"2078382869","2337001838","0.0833333"
"2337001838","2078382869","0.0833333"
"2078382869","2952739398","0.0833333"
"2952739398","2078382869","0.0833333"
"2095423793","2096596045","1.61667"
"2096596045","2095423793","1.61667"
"2095423793","212895015","0.0833333"
"212895015","2095423793","0.0833333"
"2095423793","2150771876","0.375"
"2150771876","2095423793","0.375"
"2095423793","2337001838","0.0833333"
"2337001838","2095423793","0.0833333"
"2095423793","2952739398","0.0833333"
"2952739398","2095423793","0.0833333"
"2096596045","2146526603","9.56667"
"2146526603","2096596045","9.56667"
"2096596045","2337001838","0.0833333"
"2337001838","2096596045","0.0833333"
"212895015","2146526603","1.08333"
"2146526603","212895015","1.08333"
"212895015","2337001838","0.0833333"
"2337001838","212895015","0.0833333"
"2146526603","2150771876","3.20476"
"2150771876","2146526603","3.20476"
"2146526603","2337001838","0.0833333"
"2337001838","2146526603","0.0833333"
"2146526603","2952739398","0.0833333"
"2952739398","2146526603","0.0833333"
"2150771876","2337001838","0.0833333"
"2337001838","2150771876","0.0833333"
"2337001838","2952739398","0.0833333"
"2952739398","2337001838","0.0833333"
"1425510529","1932825448","1"
"1932825448","1425510529","1"
"1425510529","2138736223","0.5"
"2138736223","1425510529","0.5"
"1425510529","2589685939","0.5"
"2589685939","1425510529","0.5"
"2138736223","2589685939","0.5"
"2589685939","2138736223","0.5"
"1425510529","2096596045","0.333333"
"2096596045","1425510529","0.333333"
"1425510529","2742048611","0.333333"
"2742048611","1425510529","0.333333"
"1425510529","95485512","0.333333"
"95485512","1425510529","0.333333"
"2096596045","2742048611","0.333333"
"2742048611","2096596045","0.333333"
"2096596045","95485512","0.75"
"95485512","2096596045","0.75"
"2742048611","95485512","0.333333"
"95485512","2742048611","0.333333"
"1568780857","2131043268","0.333333"
"2131043268","1568780857","0.333333"
"1568780857","2139386481","0.333333"
"2139386481","1568780857","0.333333"
"1568780857","95485512","0.333333"
"95485512","1568780857","0.333333"
"2131043268","2139386481","0.5"
"2139386481","2131043268","0.5"
"2131043268","95485512","1"
"95485512","2131043268","1"
"1570235795","1621111468","2.33333"
"1621111468","1570235795","2.33333"
"1570235795","2998794639","0.333333"
"2998794639","1570235795","0.333333"
"1621111468","2095423793","0.333333"
"2095423793","1621111468","0.333333"
"1621111468","2998794639","1.11667"
"2998794639","1621111468","1.11667"
"2095423793","2998794639","0.458333"
"2998794639","2095423793","0.458333"
"1570235795","2128117926","0.166667"
"2128117926","1570235795","0.166667"
"1570235795","2139386481","1.16667"
"2139386481","1570235795","1.16667"
"1570235795","95485512","0.166667"
"95485512","1570235795","0.166667"
"2049091002","2128117926","2.41786"
"2128117926","2049091002","2.41786"
"2049091002","2139386481","9.01786"
"2139386481","2049091002","9.01786"
"2049091002","95485512","0.883333"
"95485512","2049091002","0.883333"
"2078382869","2128117926","0.75"
"2128117926","2078382869","0.75"
"2078382869","2139386481","0.666667"
"2139386481","2078382869","0.666667"
"2078382869","95485512","0.866667"
"95485512","2078382869","0.866667"
"2128117926","2139386481","3.58452"
"2139386481","2128117926","3.58452"
"2128117926","2146526603","0.821429"
"2146526603","2128117926","0.821429"
"2128117926","95485512","0.238095"
"95485512","2128117926","0.238095"
"1588668163","2159094087","0.5"
"2159094087","1588668163","0.5"
"1588668163","95485512","0.5"
"95485512","1588668163","0.5"
"2159094087","95485512","1.76667"
"95485512","2159094087","1.76667"
"1588668163","1988211498","2.5"
"1988211498","1588668163","2.5"
"1588668163","202232150","3.5"
"202232150","1588668163","3.5"
"1988211498","202232150","3.83333"
"202232150","1988211498","3.83333"
"1588668163","1968164101","1.5"
"1968164101","1588668163","1.5"
"1588668163","2480943391","0.5"
"2480943391","1588668163","0.5"
"1968164101","2480943391","0.5"
"2480943391","1968164101","0.5"
"1588668163","2078671172","10"
"2078671172","1588668163","10"
"1588668163","1845700112","0.125"
"1845700112","1588668163","0.125"
"1588668163","1932825448","0.125"
"1932825448","1588668163","0.125"
"1588668163","1981893091","0.125"
"1981893091","1588668163","0.125"
"1588668163","2049091002","0.125"
"2049091002","1588668163","0.125"
"1588668163","2078382869","0.125"
"2078382869","1588668163","0.125"
"1588668163","2095423793","0.125"
"2095423793","1588668163","0.125"
"1588668163","2146526603","0.125"
"2146526603","1588668163","0.125"
"1588668163","2601622051","0.125"
"2601622051","1588668163","0.125"
"1845700112","1932825448","0.775"
"1932825448","1845700112","0.775"
"1845700112","1981893091","0.541667"
"1981893091","1845700112","0.541667"
"1845700112","2049091002","1.075"
"2049091002","1845700112","1.075"
"1845700112","2078382869","0.325"
"2078382869","1845700112","0.325"
"1845700112","2601622051","0.125"
"2601622051","1845700112","0.125"
"1932825448","2601622051","2.20833"
"2601622051","1932825448","2.20833"
"1981893091","2601622051","0.541667"
"2601622051","1981893091","0.541667"
"2049091002","2601622051","3.375"
"2601622051","2049091002","3.375"
"2078382869","2601622051","0.125"
"2601622051","2078382869","0.125"
"2095423793","2601622051","0.291667"
"2601622051","2095423793","0.291667"
"2146526603","2601622051","0.125"
"2601622051","2146526603","0.125"
"1588668163","2112617468","1"
"2112617468","1588668163","1"
"1588668163","2492562285","1"
"2492562285","1588668163","1"
"1588668163","2241717028","1"
"2241717028","1588668163","1"
"1988211498","2241717028","2.33333"
"2241717028","1988211498","2.33333"
"202232150","2241717028","2.33333"
"2241717028","202232150","2.33333"
"1600755987","2243636408","1.33333"
"2243636408","1600755987","1.33333"
"1600755987","212895015","0.333333"
"212895015","1600755987","0.333333"
"1600755987","2589685939","0.333333"
"2589685939","1600755987","0.333333"
"212895015","2243636408","0.333333"
"2243636408","212895015","0.333333"
"212895015","2589685939","0.333333"
"2589685939","212895015","0.333333"
"2243636408","2589685939","0.333333"
"2589685939","2243636408","0.333333"
"1601536052","2049091002","0.25"
"2049091002","1601536052","0.25"
"1601536052","2150771876","0.25"
"2150771876","1601536052","0.25"
"1601536052","2589685939","0.25"
"2589685939","1601536052","0.25"
"1601536052","2998794639","0.25"
"2998794639","1601536052","0.25"
"2049091002","2589685939","0.45"
"2589685939","2049091002","0.45"
"2049091002","2998794639","3.15119"
"2998794639","2049091002","3.15119"
"2150771876","2589685939","0.25"
"2589685939","2150771876","0.25"
"2150771876","2998794639","2.99643"
"2998794639","2150771876","2.99643"
"2589685939","2998794639","1.08333"
"2998794639","2589685939","1.08333"
"1609380856","2404831132","1"
"2404831132","1609380856","1"
"1621111468","1932825448","1.83333"
"1932825448","1621111468","1.83333"
"1621111468","2138736223","0.45"
"2138736223","1621111468","0.45"
"1621111468","2139386481","0.783333"
"2139386481","1621111468","0.783333"
"1932825448","2138736223","0.809524"
"2138736223","1932825448","0.809524"
"1932825448","2139386481","24.6345"
"2139386481","1932825448","24.6345"
"1932825448","2998794639","3.88452"
"2998794639","1932825448","3.88452"
"2138736223","2139386481","2.17619"
"2139386481","2138736223","2.17619"
"2138736223","2998794639","5.08095"
"2998794639","2138736223","5.08095"
"2139386481","2998794639","5.06786"
"2998794639","2139386481","5.06786"
"1621111468","1981893091","0.25"
"1981893091","1621111468","0.25"
"1621111468","2096596045","1.58333"
"2096596045","1621111468","1.58333"
"1621111468","95485512","0.25"
"95485512","1621111468","0.25"
"1932825448","95485512","2.7"
"95485512","1932825448","2.7"
"1981893091","95485512","0.583333"
"95485512","1981893091","0.583333"
"1621111468","2111799480","1.53333"
"2111799480","1621111468","1.53333"
"1932825448","2111799480","0.333333"
"2111799480","1932825448","0.333333"
"2111799480","2139386481","1.73333"
"2139386481","2111799480","1.73333"
"1621111468","2146526603","1"
"2146526603","1621111468","1"
"1621111468","352528267","0.533333"
"352528267","1621111468","0.533333"
"2096596045","2998794639","1.47619"
"2998794639","2096596045","1.47619"
"2096596045","352528267","0.866667"
"352528267","2096596045","0.866667"
"2998794639","352528267","1.40476"
"352528267","2998794639","1.40476"
"2111799480","2138736223","1.27143"
"2138736223","2111799480","1.27143"
"2111799480","2998794639","2.1881"
"2998794639","2111799480","2.1881"
"2111799480","352528267","0.471429"
"352528267","2111799480","0.471429"
"2138736223","352528267","0.438095"
"352528267","2138736223","0.438095"
"2139386481","352528267","1.33333"
"352528267","2139386481","1.33333"
"1621111468","1976900880","1"
"1976900880","1621111468","1"
"1673036516","2112617468","5"
"2112617468","1673036516","5"
"1673036516","57672269","1"
"57672269","1673036516","1"
"2112617468","57672269","2"
"57672269","2112617468","2"
"1673036516","2626481705","1"
"2626481705","1673036516","1"
"1770021116","2131043268","1.66667"
"2131043268","1770021116","1.66667"
"1770021116","2139386481","0.5"
"2139386481","1770021116","0.5"
"1770021116","2146526603","0.833333"
"2146526603","1770021116","0.833333"
"1770021116","2151134354","0.333333"
"2151134354","1770021116","0.333333"
"2131043268","2146526603","0.833333"
"2146526603","2131043268","0.833333"
"2131043268","2151134354","0.333333"
"2151134354","2131043268","0.333333"
"2146526603","2151134354","1.16667"
"2151134354","2146526603","1.16667"
"1770021116","2096596045","0.333333"
"2096596045","1770021116","0.333333"
"1770021116","2492562285","0.666667"
"2492562285","1770021116","0.666667"
"2096596045","2131043268","1.16667"
"2131043268","2096596045","1.16667"
"2096596045","2492562285","1.16667"
"2492562285","2096596045","1.16667"
"2131043268","2492562285","2.33333"
"2492562285","2131043268","2.33333"
"1770021116","2589685939","0.833333"
"2589685939","1770021116","0.833333"
"1770021116","2998794639","0.333333"
"2998794639","1770021116","0.333333"
"2492562285","2589685939","0.533333"
"2589685939","2492562285","0.533333"
"2492562285","2998794639","1.25476"
"2998794639","2492562285","1.25476"
"1770021116","1932825448","0.5"
"1932825448","1770021116","0.5"
"1932825448","2589685939","0.5"
"2589685939","1932825448","0.5"
"1845700112","2159094087","0.716667"
"2159094087","1845700112","0.716667"
"1845700112","2162158240","0.166667"
"2162158240","1845700112","0.166667"
"1845700112","2401489716","0.166667"
"2401489716","1845700112","0.166667"
"1981893091","2159094087","0.166667"
"2159094087","1981893091","0.166667"
"1981893091","2162158240","0.333333"
"2162158240","1981893091","0.333333"
"1981893091","2401489716","0.166667"
"2401489716","1981893091","0.166667"
"2146526603","2159094087","3.8"
"2159094087","2146526603","3.8"
"2146526603","2162158240","0.166667"
"2162158240","2146526603","0.166667"
"2146526603","2401489716","0.166667"
"2401489716","2146526603","0.166667"
"2159094087","2162158240","0.166667"
"2162158240","2159094087","0.166667"
"2159094087","2401489716","0.166667"
"2401489716","2159094087","0.166667"
"2162158240","2401489716","0.166667"
"2401489716","2162158240","0.166667"
"2162158240","95485512","0.166667"
"95485512","2162158240","0.166667"
"2401489716","95485512","0.166667"
"95485512","2401489716","0.166667"
"1845700112","2150771876","0.171429"
"2150771876","1845700112","0.171429"
"1845700112","2492562285","0.838095"
"2492562285","1845700112","0.838095"
"1845700112","2998794639","0.421429"
"2998794639","1845700112","0.421429"
"1845700112","352528267","0.504762"
"352528267","1845700112","0.504762"
"1845700112","79644167","0.3"
"79644167","1845700112","0.3"
"2049091002","2159094087","1.05"
"2159094087","2049091002","1.05"
"2049091002","2492562285","10.0833"
"2492562285","2049091002","10.0833"
"2049091002","352528267","0.966667"
"352528267","2049091002","0.966667"
"2049091002","79644167","1.23452"
"79644167","2049091002","1.23452"
"2139386481","2150771876","0.225"
"2150771876","2139386481","0.225"
"2139386481","2159094087","0.1"
"2159094087","2139386481","0.1"
"2139386481","2492562285","10.9667"
"2492562285","2139386481","10.9667"
"2139386481","79644167","0.534524"
"79644167","2139386481","0.534524"
"2146526603","2492562285","4.0381"
"2492562285","2146526603","4.0381"
"2146526603","2998794639","4.12143"
"2998794639","2146526603","4.12143"
"2146526603","352528267","0.738095"
"352528267","2146526603","0.738095"
"2146526603","79644167","0.466667"
"79644167","2146526603","0.466667"
"2150771876","2159094087","0.1"
"2159094087","2150771876","0.1"
"2150771876","2492562285","4.5881"
"2492562285","2150771876","4.5881"
"2150771876","352528267","0.371429"
"352528267","2150771876","0.371429"
"2150771876","79644167","0.225"
"79644167","2150771876","0.225"
"2150771876","95485512","0.171429"
"95485512","2150771876","0.171429"
"2159094087","2492562285","0.85"
"2492562285","2159094087","0.85"
"2159094087","2998794639","0.35"
"2998794639","2159094087","0.35"
"2159094087","352528267","0.1"
"352528267","2159094087","0.1"
"2159094087","79644167","0.1"
"79644167","2159094087","0.1"
"2492562285","352528267","0.504762"
"352528267","2492562285","0.504762"
"2492562285","79644167","0.1"
"79644167","2492562285","0.1"
"2492562285","95485512","0.338095"
"95485512","2492562285","0.338095"
"2998794639","79644167","0.534524"
"79644167","2998794639","0.534524"
"2998794639","95485512","0.921429"
"95485512","2998794639","0.921429"
"352528267","79644167","0.266667"
"79644167","352528267","0.266667"
"352528267","95485512","0.171429"
"95485512","352528267","0.171429"
"79644167","95485512","0.266667"
"95485512","79644167","0.266667"
"1845700112","2096596045","0.783333"
"2096596045","1845700112","0.783333"
"2095423793","79644167","1.325"
"79644167","2095423793","1.325"
"2096596045","79644167","0.342857"
"79644167","2096596045","0.342857"
"1845700112","1976900880","0.0714286"
"1976900880","1845700112","0.0714286"
"1845700112","2111799480","0.0714286"
"2111799480","1845700112","0.0714286"
"1845700112","2128117926","0.0714286"
"2128117926","1845700112","0.0714286"
"1845700112","2138736223","0.0714286"
"2138736223","1845700112","0.0714286"
"1845700112","2231850640","0.0714286"
"2231850640","1845700112","0.0714286"
"1845700112","2404831132","0.0714286"
"2404831132","1845700112","0.0714286"
"1845700112","2951992369","0.0714286"
"2951992369","1845700112","0.0714286"
"1845700112","3000147384","0.0714286"
"3000147384","1845700112","0.0714286"
"1976900880","2111799480","0.0714286"
"2111799480","1976900880","0.0714286"
"1976900880","2128117926","0.0714286"
"2128117926","1976900880","0.0714286"
"1976900880","2138736223","0.0714286"
"2138736223","1976900880","0.0714286"
"1976900880","2146526603","4.77143"
"2146526603","1976900880","4.77143"
"1976900880","2150771876","0.0714286"
"2150771876","1976900880","0.0714286"
"1976900880","2231850640","0.0714286"
"2231850640","1976900880","0.0714286"
"1976900880","2404831132","0.0714286"
"2404831132","1976900880","0.0714286"
"1976900880","2492562285","0.938095"
"2492562285","1976900880","0.938095"
"1976900880","2951992369","0.0714286"
"2951992369","1976900880","0.0714286"
"1976900880","2998794639","1.32143"
"2998794639","1976900880","1.32143"
"1976900880","3000147384","0.0714286"
"3000147384","1976900880","0.0714286"
"1976900880","352528267","0.0714286"
"352528267","1976900880","0.0714286"
"1976900880","95485512","0.0714286"
"95485512","1976900880","0.0714286"
"2111799480","2128117926","0.0714286"
"2128117926","2111799480","0.0714286"
"2111799480","2146526603","3.6881"
"2146526603","2111799480","3.6881"
"2111799480","2150771876","0.321429"
"2150771876","2111799480","0.321429"
"2111799480","2231850640","0.0714286"
"2231850640","2111799480","0.0714286"
"2111799480","2404831132","0.0714286"
"2404831132","2111799480","0.0714286"
"2111799480","2492562285","0.488095"
"2492562285","2111799480","0.488095"
"2111799480","2951992369","0.571429"
"2951992369","2111799480","0.571429"
"2111799480","3000147384","0.0714286"
"3000147384","2111799480","0.0714286"
"2111799480","95485512","0.238095"
"95485512","2111799480","0.238095"
"2128117926","2138736223","0.214286"
"2138736223","2128117926","0.214286"
"2128117926","2150771876","0.446429"
"2150771876","2128117926","0.446429"
"2128117926","2231850640","0.0714286"
"2231850640","2128117926","0.0714286"
"2128117926","2404831132","0.0714286"
"2404831132","2128117926","0.0714286"
"2128117926","2492562285","0.771429"
"2492562285","2128117926","0.771429"
"2128117926","2951992369","0.0714286"
"2951992369","2128117926","0.0714286"
"2128117926","2998794639","0.589286"
"2998794639","2128117926","0.589286"
"2128117926","3000147384","0.0714286"
"3000147384","2128117926","0.0714286"
"2128117926","352528267","0.0714286"
"352528267","2128117926","0.0714286"
"2138736223","2146526603","0.988095"
"2146526603","2138736223","0.988095"
"2138736223","2150771876","0.0714286"
"2150771876","2138736223","0.0714286"
"2138736223","2231850640","0.0714286"
"2231850640","2138736223","0.0714286"
"2138736223","2404831132","0.0714286"
"2404831132","2138736223","0.0714286"
"2138736223","2492562285","0.404762"
"2492562285","2138736223","0.404762"
"2138736223","2951992369","0.0714286"
"2951992369","2138736223","0.0714286"
"2138736223","3000147384","0.0714286"
"3000147384","2138736223","0.0714286"
"2138736223","95485512","0.0714286"
"95485512","2138736223","0.0714286"
"2146526603","2231850640","0.404762"
"2231850640","2146526603","0.404762"
"2146526603","2404831132","0.571429"
"2404831132","2146526603","0.571429"
"2146526603","2951992369","0.404762"
"2951992369","2146526603","0.404762"
"2146526603","3000147384","0.0714286"
"3000147384","2146526603","0.0714286"
"2150771876","2231850640","0.0714286"
"2231850640","2150771876","0.0714286"
"2150771876","2404831132","0.0714286"
"2404831132","2150771876","0.0714286"
"2150771876","2951992369","0.0714286"
"2951992369","2150771876","0.0714286"
"2150771876","3000147384","0.0714286"
"3000147384","2150771876","0.0714286"
"2231850640","2404831132","0.0714286"
"2404831132","2231850640","0.0714286"
"2231850640","2492562285","0.0714286"
"2492562285","2231850640","0.0714286"
"2231850640","2951992369","0.404762"
"2951992369","2231850640","0.404762"
"2231850640","2998794639","0.0714286"
"2998794639","2231850640","0.0714286"
"2231850640","3000147384","0.0714286"
"3000147384","2231850640","0.0714286"
"2231850640","352528267","0.0714286"
"352528267","2231850640","0.0714286"
"2231850640","95485512","1.2381"
"95485512","2231850640","1.2381"
"2404831132","2492562285","3.2381"
"2492562285","2404831132","3.2381"
"2404831132","2951992369","0.0714286"
"2951992369","2404831132","0.0714286"
"2404831132","2998794639","0.571429"
"2998794639","2404831132","0.571429"
"2404831132","3000147384","0.0714286"
"3000147384","2404831132","0.0714286"
"2404831132","352528267","0.0714286"
"352528267","2404831132","0.0714286"
"2404831132","95485512","0.0714286"
"95485512","2404831132","0.0714286"
"2492562285","2951992369","0.0714286"
"2951992369","2492562285","0.0714286"
"2492562285","3000147384","0.0714286"
"3000147384","2492562285","0.0714286"
"2951992369","2998794639","0.0714286"
"2998794639","2951992369","0.0714286"
"2951992369","3000147384","0.0714286"
"3000147384","2951992369","0.0714286"
"2951992369","352528267","0.0714286"
"352528267","2951992369","0.0714286"
"2951992369","95485512","0.0714286"
"95485512","2951992369","0.0714286"
"2998794639","3000147384","0.0714286"
"3000147384","2998794639","0.0714286"
"3000147384","352528267","0.0714286"
"352528267","3000147384","0.0714286"
"3000147384","95485512","0.0714286"
"95485512","3000147384","0.0714286"
"1932825448","2159094087","0.7"
"2159094087","1932825448","0.7"
"2095423793","2159094087","0.45"
"2159094087","2095423793","0.45"
"1932825448","2404831132","3.5"
"2404831132","1932825448","3.5"
"1932825448","2128117926","0.967857"
"2128117926","1932825448","0.967857"
"1932825448","79644167","0.60119"
"79644167","1932825448","0.60119"
"2049091002","2138736223","0.809524"
"2138736223","2049091002","0.809524"
"2096596045","2128117926","0.392857"
"2128117926","2096596045","0.392857"
"2096596045","2138736223","0.142857"
"2138736223","2096596045","0.142857"
"2096596045","2139386481","6.84286"
"2139386481","2096596045","6.84286"
"2128117926","79644167","0.267857"
"79644167","2128117926","0.267857"
"2138736223","79644167","0.309524"
"79644167","2138736223","0.309524"
"1932825448","2126585575","1"
"2126585575","1932825448","1"
"2049091002","2126585575","0.5"
"2126585575","2049091002","0.5"
"2095423793","2126585575","0.833333"
"2126585575","2095423793","0.833333"
"2126585575","2139386481","1.5"
"2139386481","2126585575","1.5"
"1932825448","2162158240","0.5"
"2162158240","1932825448","0.5"
"2049091002","2162158240","0.833333"
"2162158240","2049091002","0.833333"
"2139386481","2162158240","0.333333"
"2162158240","2139386481","0.333333"
"2139386481","2404831132","1.16667"
"2404831132","2139386481","1.16667"
"2150771876","2601622051","1.41667"
"2601622051","2150771876","1.41667"
"2126585575","2150771876","0.5"
"2150771876","2126585575","0.5"
"1981893091","2128117926","1.275"
"2128117926","1981893091","1.275"
"1981893091","2139386481","3.85833"
"2139386481","1981893091","3.85833"
"2095423793","2128117926","0.525"
"2128117926","2095423793","0.525"
"1932825448","352528267","1.7"
"352528267","1932825448","1.7"
"2095423793","2162158240","0.166667"
"2162158240","2095423793","0.166667"
"2150771876","2162158240","0.166667"
"2162158240","2150771876","0.166667"
"2162158240","2601622051","0.5"
"2601622051","2162158240","0.5"
"2049091002","2404831132","1.33333"
"2404831132","2049091002","1.33333"
"1932825448","2078671172","1"
"2078671172","1932825448","1"
"2095423793","2404831132","0.5"
"2404831132","2095423793","0.5"
"1981893091","2998794639","0.625"
"2998794639","1981893091","0.625"
"1981893091","79644167","0.791667"
"79644167","1981893091","0.791667"
"1932825448","2131043268","1.66667"
"2131043268","1932825448","1.66667"
"1932825448","2231850640","0.166667"
"2231850640","1932825448","0.166667"
"1981893091","2131043268","0.166667"
"2131043268","1981893091","0.166667"
"1981893091","2231850640","0.166667"
"2231850640","1981893091","0.166667"
"2131043268","2231850640","0.166667"
"2231850640","2131043268","0.166667"
"2131043268","79644167","0.166667"
"79644167","2131043268","0.166667"
"2139386481","2231850640","0.166667"
"2231850640","2139386481","0.166667"
"2231850640","79644167","0.166667"
"79644167","2231850640","0.166667"
"1932825448","575941238","0.5"
"575941238","1932825448","0.5"
"2146526603","575941238","0.5"
"575941238","2146526603","0.5"
"1968164101","2078671172","1"
"2078671172","1968164101","1"
"1968164101","2121739482","1"
"2121739482","1968164101","1"
"1976900880","2139386481","3.83333"
"2139386481","1976900880","3.83333"
"1976900880","2245364116","10.75"
"2245364116","1976900880","10.75"
"1976900880","2131043268","1.33333"
"2131043268","1976900880","1.33333"
"2139386481","2245364116","1.33333"
"2245364116","2139386481","1.33333"
"2245364116","2492562285","0.666667"
"2492562285","2245364116","0.666667"
"1976900880","2095423793","0.833333"
"2095423793","1976900880","0.833333"
"2095423793","2245364116","0.833333"
"2245364116","2095423793","0.833333"
"2095423793","2492562285","1.28333"
"2492562285","2095423793","1.28333"
"1976900880","2096596045","0.333333"
"2096596045","1976900880","0.333333"
"2096596045","2245364116","0.333333"
"2245364116","2096596045","0.333333"
"2131043268","2245364116","0.333333"
"2245364116","2131043268","0.333333"
"1976900880","2049091002","0.45"
"2049091002","1976900880","0.45"
"1976900880","2589685939","0.2"
"2589685939","1976900880","0.2"
"1976900880","2616376613","0.2"
"2616376613","1976900880","0.2"
"2049091002","2616376613","0.2"
"2616376613","2049091002","0.2"
"2146526603","2589685939","3.4"
"2589685939","2146526603","3.4"
"2146526603","2616376613","0.2"
"2616376613","2146526603","0.2"
"2492562285","2616376613","0.2"
"2616376613","2492562285","0.2"
"2589685939","2616376613","1.7"
"2616376613","2589685939","1.7"
"1976900880","575941238","0.25"
"575941238","1976900880","0.25"
"2049091002","2245364116","0.25"
"2245364116","2049091002","0.25"
"2049091002","575941238","0.25"
"575941238","2049091002","0.25"
"2245364116","2998794639","0.25"
"2998794639","2245364116","0.25"
"2245364116","575941238","0.25"
"575941238","2245364116","0.25"
"2998794639","575941238","0.25"
"575941238","2998794639","0.25"
"1981893091","2492562285","5.2"
"2492562285","1981893091","5.2"
"1981893091","2138736223","0.833333"
"2138736223","1981893091","0.833333"
"1981893091","2126585575","1"
"2126585575","1981893091","1"
"1981893091","2404831132","0.833333"
"2404831132","1981893091","0.833333"
"1981893091","2589685939","1.5"
"2589685939","1981893091","1.5"
"2139386481","2589685939","0.7"
"2589685939","2139386481","0.7"
"1988211498","2132801987","1.33333"
"2132801987","1988211498","1.33333"
"202232150","2132801987","0.333333"
"2132801987","202232150","0.333333"
"2132801987","2241717028","0.333333"
"2241717028","2132801987","0.333333"
"2162158240","2492562285","0.333333"
"2492562285","2162158240","0.333333"
"2492562285","2601622051","1.16667"
"2601622051","2492562285","1.16667"
"2492562285","2952739398","0.5"
"2952739398","2492562285","0.5"
"2049091002","2111799480","0.666667"
"2111799480","2049091002","0.666667"
"2096596045","2111799480","0.866667"
"2111799480","2096596045","0.866667"
"2049091002","2952794175","0.25"
"2952794175","2049091002","0.25"
"2111799480","2952794175","0.25"
"2952794175","2111799480","0.25"
"2150771876","2952794175","0.25"
"2952794175","2150771876","0.25"
"2952794175","2998794639","0.75"
"2998794639","2952794175","0.75"
"2111799480","2159094087","0.75"
"2159094087","2111799480","0.75"
"2069391950","2146526603","1"
"2146526603","2069391950","1"
"2069391950","2096596045","1"
"2096596045","2069391950","1"
"2078671172","2492562285","1"
"2492562285","2078671172","1"
"2078671172","2146526603","1"
"2146526603","2078671172","1"
"2096596045","2126585575","0.333333"
"2126585575","2096596045","0.333333"
"2126585575","2146526603","1.33333"
"2146526603","2126585575","1.33333"
"2095423793","2589685939","2"
"2589685939","2095423793","2"
"2096596045","2404831132","0.5"
"2404831132","2096596045","0.5"
"2096596045","2589685939","1.2"
"2589685939","2096596045","1.2"
"2111799480","2589685939","1.7"
"2589685939","2111799480","1.7"
"2589685939","352528267","0.2"
"352528267","2589685939","0.2"
"2111799480","2280873559","0.5"
"2280873559","2111799480","0.5"
"2280873559","2951992369","0.5"
"2951992369","2280873559","0.5"
"2111799480","2245364116","1.5"
"2245364116","2111799480","1.5"
"2111799480","2616376613","0.5"
"2616376613","2111799480","0.5"
"2111799480","2131043268","1"
"2131043268","2111799480","1"
"2159094087","2245364116","0.5"
"2245364116","2159094087","0.5"
"2112617468","2139386481","0.5"
"2139386481","2112617468","0.5"
"2112617468","2492562285","0.5"
"2492562285","2112617468","0.5"
"2126585575","2404831132","1"
"2404831132","2126585575","1"
"2126585575","2492562285","1"
"2492562285","2126585575","1"
"2128117926","2541612339","0.5"
"2541612339","2128117926","0.5"
"2139386481","2541612339","1"
"2541612339","2139386481","1"
"2128117926","2952739398","0.5"
"2952739398","2128117926","0.5"
"2139386481","2952739398","0.5"
"2952739398","2139386481","0.5"
"2128117926","2131043268","0.5"
"2131043268","2128117926","0.5"
"2128117926","2589685939","0.5"
"2589685939","2128117926","0.5"
"2131043268","2589685939","1.5"
"2589685939","2131043268","1.5"
"2131043268","2998794639","1"
"2998794639","2131043268","1"
"2131043268","2159094087","1"
"2159094087","2131043268","1"
"2138736223","2541612339","0.5"
"2541612339","2138736223","0.5"
"2138736223","2742048611","1"
"2742048611","2138736223","1"
"2139386481","2151134354","0.833333"
"2151134354","2139386481","0.833333"
"2151134354","2492562285","0.333333"
"2492562285","2151134354","0.333333"
"2146526603","2568928425","1"
"2568928425","2146526603","1"
"2159094087","2231850640","0.333333"
"2231850640","2159094087","0.333333"
"2159094087","2951992369","0.333333"
"2951992369","2159094087","0.333333"
"2146526603","2541612339","0.5"
"2541612339","2146526603","0.5"
"2492562285","2541612339","0.5"
"2541612339","2492562285","0.5"
"2146526603","2742048611","1"
"2742048611","2146526603","1"
"2146526603","2964004845","2"
"2964004845","2146526603","2"
"2742048611","2964004845","3"
"2964004845","2742048611","3"
"2589685939","2952794175","0.5"
"2952794175","2589685939","0.5"
"2806162789","2898120973","0.5"
"2898120973","2806162789","0.5"
"2806162789","2899098847","0.5"
"2899098847","2806162789","0.5"
"2898120973","2899098847","0.5"
"2899098847","2898120973","0.5"
