"1538332098","1605557845","11.8671"
"1605557845","1538332098","11.8671"
"1538332098","1631846088","18.3798"
"1631846088","1538332098","18.3798"
"1538332098","1996931407","18.602"
"1996931407","1538332098","18.602"
"1538332098","2397986719","6.59286"
"2397986719","1538332098","6.59286"
"1605557845","1631846088","9.02976"
"1631846088","1605557845","9.02976"
"1605557845","1996931407","7.99484"
"1996931407","1605557845","7.99484"
"1605557845","2397986719","2.49286"
"2397986719","1605557845","2.49286"
"1631846088","1996931407","26.5925"
"1996931407","1631846088","26.5925"
"1631846088","2397986719","11.069"
"2397986719","1631846088","11.069"
"1996931407","2397986719","11.5679"
"2397986719","1996931407","11.5679"
"1538332098","1963947298","28.3671"
"1963947298","1538332098","28.3671"
"1538332098","2004877887","2.57897"
"2004877887","1538332098","2.57897"
"1538332098","2033593513","9.03254"
"2033593513","1538332098","9.03254"
"1631846088","1963947298","31.1464"
"1963947298","1631846088","31.1464"
"1631846088","2004877887","2.61786"
"2004877887","1631846088","2.61786"
"1631846088","2033593513","7.67857"
"2033593513","1631846088","7.67857"
"1963947298","1996931407","48.9448"
"1996931407","1963947298","48.9448"
"1963947298","2004877887","10.2956"
"2004877887","1963947298","10.2956"
"1963947298","2033593513","22.0421"
"2033593513","1963947298","22.0421"
"1996931407","2004877887","6.40556"
"2004877887","1996931407","6.40556"
"1996931407","2033593513","7.96032"
"2033593513","1996931407","7.96032"
"2004877887","2033593513","4.72897"
"2033593513","2004877887","4.72897"
"1963947298","2397986719","9.05952"
"2397986719","1963947298","9.05952"
"2033593513","2397986719","2.46786"
"2397986719","2033593513","2.46786"
"1605557845","1963947298","25.7099"
"1963947298","1605557845","25.7099"
"1605557845","2033593513","17.0254"
"2033593513","1605557845","17.0254"
"1538332098","2022413220","9.51468"
"2022413220","1538332098","9.51468"
"1605557845","2004877887","8.0623"
"2004877887","1605557845","8.0623"
"1605557845","2022413220","9.47183"
"2022413220","1605557845","9.47183"
"1631846088","2022413220","4.4869"
"2022413220","1631846088","4.4869"
"1963947298","2022413220","8.80516"
"2022413220","1963947298","8.80516"
"2004877887","2022413220","2.51944"
"2022413220","2004877887","2.51944"
"2022413220","2033593513","6.02064"
"2033593513","2022413220","6.02064"
"1538332098","2784933428","1.01667"
"2784933428","1538332098","1.01667"
"1605557845","2784933428","0.85"
"2784933428","1605557845","0.85"
"1963947298","2784933428","3.85"
"2784933428","1963947298","3.85"
"1996931407","2784933428","1.125"
"2784933428","1996931407","1.125"
"2004877887","2784933428","0.391667"
"2784933428","2004877887","0.391667"
"2033593513","2784933428","0.85"
"2784933428","2033593513","0.85"
"1538332098","2001978806","7.16468"
"2001978806","1538332098","7.16468"
"1605557845","2001978806","2.07183"
"2001978806","1605557845","2.07183"
"1963947298","2001978806","5.27183"
"2001978806","1963947298","5.27183"
"2001978806","2004877887","0.978968"
"2004877887","2001978806","0.978968"
"2001978806","2022413220","3.12897"
"2022413220","2001978806","3.12897"
"2001978806","2033593513","3.07183"
"2033593513","2001978806","3.07183"
"1538332098","2128171167","5.62619"
"2128171167","1538332098","5.62619"
"1605557845","2128171167","0.866667"
"2128171167","1605557845","0.866667"
"1631846088","2128171167","11.6595"
"2128171167","1631846088","11.6595"
"1631846088","2784933428","0.683333"
"2784933428","1631846088","0.683333"
"1963947298","2128171167","5.65"
"2128171167","1963947298","5.65"
"1996931407","2128171167","4.15"
"2128171167","1996931407","4.15"
"2004877887","2128171167","0.65"
"2128171167","2004877887","0.65"
"2033593513","2128171167","0.416667"
"2128171167","2033593513","0.416667"
"2128171167","2784933428","0.291667"
"2784933428","2128171167","0.291667"
"1538332098","1982829328","5.4369"
"1982829328","1538332098","5.4369"
"1631846088","1982829328","10.8179"
"1982829328","1631846088","10.8179"
"1963947298","1982829328","15.0702"
"1982829328","1963947298","15.0702"
"1982829328","1996931407","64.694"
"1996931407","1982829328","64.694"
"1605557845","1982829328","3.1869"
"1982829328","1605557845","3.1869"
"1631846088","2001978806","8.82738"
"2001978806","1631846088","8.82738"
"1982829328","2001978806","1.75238"
"2001978806","1982829328","1.75238"
"1982829328","2004877887","3.77619"
"2004877887","1982829328","3.77619"
"1982829328","2033593513","1.7619"
"2033593513","1982829328","1.7619"
"1538332098","2406423978","1.41667"
"2406423978","1538332098","1.41667"
"1631846088","2406423978","1.33333"
"2406423978","1631846088","1.33333"
"1996931407","2001978806","6.56508"
"2001978806","1996931407","6.56508"
"1996931407","2406423978","1.25"
"2406423978","1996931407","1.25"
"2001978806","2128171167","3.47619"
"2128171167","2001978806","3.47619"
"2001978806","2397986719","2.25119"
"2397986719","2001978806","2.25119"
"2001978806","2406423978","2.66667"
"2406423978","2001978806","2.66667"
"2128171167","2397986719","2.42619"
"2397986719","2128171167","2.42619"
"2128171167","2406423978","1.75"
"2406423978","2128171167","1.75"
"2397986719","2406423978","0.833333"
"2406423978","2397986719","0.833333"
"1982829328","2022413220","0.841667"
"2022413220","1982829328","0.841667"
"1982829328","2397986719","6.925"
"2397986719","1982829328","6.925"
"2022413220","2397986719","1.29286"
"2397986719","2022413220","1.29286"
"1538332098","2076895302","1.14286"
"2076895302","1538332098","1.14286"
"1538332098","88849960","0.25"
"88849960","1538332098","0.25"
"1631846088","2076895302","0.642857"
"2076895302","1631846088","0.642857"
"1631846088","88849960","1.22619"
"88849960","1631846088","1.22619"
"2033593513","2076895302","0.25"
"2076895302","2033593513","0.25"
"2033593513","88849960","0.392857"
"88849960","2033593513","0.392857"
"2076895302","88849960","0.25"
"88849960","2076895302","0.25"
"2004877887","2397986719","1.125"
"2397986719","2004877887","1.125"
"1538332098","2301356482","2.23016"
"2301356482","1538332098","2.23016"
"1605557845","2301356482","8.69683"
"2301356482","1605557845","8.69683"
"1631846088","2301356482","3.01905"
"2301356482","1631846088","3.01905"
"1963947298","2301356482","7.61349"
"2301356482","1963947298","7.61349"
"1982829328","2301356482","0.891667"
"2301356482","1982829328","0.891667"
"1996931407","2022413220","4.33294"
"2022413220","1996931407","4.33294"
"1996931407","2301356482","2.2996"
"2301356482","1996931407","2.2996"
"2022413220","2301356482","3.63016"
"2301356482","2022413220","3.63016"
"2301356482","2397986719","0.491667"
"2397986719","2301356482","0.491667"
"2001978806","2301356482","1.07778"
"2301356482","2001978806","1.07778"
"2004877887","2301356482","1.91111"
"2301356482","2004877887","1.91111"
"2033593513","2301356482","5.69563"
"2301356482","2033593513","5.69563"
"2022413220","2128171167","0.642857"
"2128171167","2022413220","0.642857"
"1538332098","2409015667","3.25"
"2409015667","1538332098","3.25"
"1631846088","2409015667","1"
"2409015667","1631846088","1"
"1982829328","2128171167","3.15"
"2128171167","1982829328","3.15"
"2022413220","2409015667","1.75"
"2409015667","2022413220","1.75"
"1538332098","2612403404","3.25913"
"2612403404","1538332098","3.25913"
"1605557845","2612403404","4.06865"
"2612403404","1605557845","4.06865"
"1631846088","2612403404","0.771825"
"2612403404","1631846088","0.771825"
"1963947298","2612403404","3.40198"
"2612403404","1963947298","3.40198"
"2001978806","2612403404","0.948413"
"2612403404","2001978806","0.948413"
"2004877887","2612403404","0.388889"
"2612403404","2004877887","0.388889"
"2022413220","2612403404","1.52341"
"2612403404","2022413220","1.52341"
"2033593513","2612403404","2.14246"
"2612403404","2033593513","2.14246"
"2301356482","2612403404","1.52341"
"2612403404","2301356482","1.52341"
"1963947298","2406423978","0.916667"
"2406423978","1963947298","0.916667"
"1538332098","2752493903","1.64286"
"2752493903","1538332098","1.64286"
"1631846088","2752493903","0.559524"
"2752493903","1631846088","0.559524"
"2001978806","2076895302","0.142857"
"2076895302","2001978806","0.142857"
"2001978806","2752493903","0.142857"
"2752493903","2001978806","0.142857"
"2022413220","2076895302","0.892857"
"2076895302","2022413220","0.892857"
"2022413220","2752493903","0.142857"
"2752493903","2022413220","0.142857"
"2076895302","2128171167","0.142857"
"2128171167","2076895302","0.142857"
"2076895302","2397986719","0.392857"
"2397986719","2076895302","0.392857"
"2076895302","2752493903","0.142857"
"2752493903","2076895302","0.142857"
"2128171167","2752493903","1.14286"
"2752493903","2128171167","1.14286"
"2397986719","2752493903","2.14286"
"2752493903","2397986719","2.14286"
"2022413220","2784933428","0.225"
"2784933428","2022413220","0.225"
"2301356482","2784933428","0.391667"
"2784933428","2301356482","0.391667"
"2612403404","2784933428","0.291667"
"2784933428","2612403404","0.291667"
"1605557845","2076895302","0.25"
"2076895302","1605557845","0.25"
"1605557845","2409015667","0.5"
"2409015667","1605557845","0.5"
"2076895302","2409015667","0.25"
"2409015667","2076895302","0.25"
"1982829328","2784933428","0.6"
"2784933428","1982829328","0.6"
"2001978806","2784933428","0.1"
"2784933428","2001978806","0.1"
"1538332098","2774731144","0.111111"
"2774731144","1538332098","0.111111"
"1605557845","2774731144","0.277778"
"2774731144","1605557845","0.277778"
"1963947298","2774731144","0.277778"
"2774731144","1963947298","0.277778"
"2001978806","2774731144","0.111111"
"2774731144","2001978806","0.111111"
"2004877887","2774731144","0.111111"
"2774731144","2004877887","0.111111"
"2022413220","2774731144","0.277778"
"2774731144","2022413220","0.277778"
"2033593513","2774731144","0.277778"
"2774731144","2033593513","0.277778"
"2301356482","2774731144","0.277778"
"2774731144","2301356482","0.277778"
"2612403404","2774731144","0.277778"
"2774731144","2612403404","0.277778"
"1996931407","2752493903","2.75"
"2752493903","1996931407","2.75"
"1963947298","2409015667","0.25"
"2409015667","1963947298","0.25"
"1538332098","1844720873","0.5"
"1844720873","1538332098","0.5"
"1844720873","1996931407","1"
"1996931407","1844720873","1"
"1996931407","2612403404","1.85476"
"2612403404","1996931407","1.85476"
"1538332098","2889224812","0.833333"
"2889224812","1538332098","0.833333"
"1963947298","2889224812","1.08333"
"2889224812","1963947298","1.08333"
"1996931407","2889224812","0.333333"
"2889224812","1996931407","0.333333"
"2001978806","2889224812","0.333333"
"2889224812","2001978806","0.333333"
"2128171167","2612403404","0.75"
"2612403404","2128171167","0.75"
"2128171167","2889224812","0.333333"
"2889224812","2128171167","0.333333"
"2612403404","2889224812","0.333333"
"2889224812","2612403404","0.333333"
"1982829328","2612403404","0.785714"
"2612403404","1982829328","0.785714"
"1538332098","2751092112","0.333333"
"2751092112","1538332098","0.333333"
"1605557845","2751092112","0.333333"
"2751092112","1605557845","0.333333"
"2397986719","2751092112","0.333333"
"2751092112","2397986719","0.333333"
"1982829328","2409015667","0.25"
"2409015667","1982829328","0.25"
"2001978806","2409015667","0.25"
"2409015667","2001978806","0.25"
"1538332098","2792181598","1.14286"
"2792181598","1538332098","1.14286"
"1605557845","2792181598","0.142857"
"2792181598","1605557845","0.142857"
"1963947298","2792181598","0.142857"
"2792181598","1963947298","0.142857"
"1982829328","2792181598","0.142857"
"2792181598","1982829328","0.142857"
"1996931407","2792181598","0.142857"
"2792181598","1996931407","0.142857"
"2033593513","2792181598","0.142857"
"2792181598","2033593513","0.142857"
"2612403404","2792181598","0.142857"
"2792181598","2612403404","0.142857"
"1538332098","2686866989","0.583333"
"2686866989","1538332098","0.583333"
"1631846088","2686866989","0.5"
"2686866989","1631846088","0.5"
"2033593513","2686866989","0.75"
"2686866989","2033593513","0.75"
"1538332098","2612397603","0.125"
"2612397603","1538332098","0.125"
"1605557845","2612397603","1.375"
"2612397603","1605557845","1.375"
"1631846088","2612397603","0.458333"
"2612397603","1631846088","0.458333"
"1963947298","2612397603","1.375"
"2612397603","1963947298","1.375"
"1996931407","2612397603","2.45833"
"2612397603","1996931407","2.45833"
"2004877887","2612397603","0.125"
"2612397603","2004877887","0.125"
"2033593513","2612397603","0.125"
"2612397603","2033593513","0.125"
"2128171167","2612397603","0.375"
"2612397603","2128171167","0.375"
"1963947298","2686866989","0.416667"
"2686866989","1963947298","0.416667"
"1996931407","2686866989","0.75"
"2686866989","1996931407","0.75"
"1605557845","2559093667","1"
"2559093667","1605557845","1"
"1605557845","88849960","0.142857"
"88849960","1605557845","0.142857"
"1963947298","88849960","0.809524"
"88849960","1963947298","0.809524"
"1996931407","88849960","1.30952"
"88849960","1996931407","1.30952"
"2397986719","2612403404","0.142857"
"2612403404","2397986719","0.142857"
"2397986719","88849960","0.142857"
"88849960","2397986719","0.142857"
"2612403404","88849960","0.142857"
"88849960","2612403404","0.142857"
"2128171167","2301356482","0.166667"
"2301356482","2128171167","0.166667"
"1605557845","2752493903","0.416667"
"2752493903","1605557845","0.416667"
"2301356482","2752493903","1.41667"
"2752493903","2301356482","1.41667"
"2612397603","2612403404","0.25"
"2612403404","2612397603","0.25"
"1605557845","2686866989","0.166667"
"2686866989","1605557845","0.166667"
"1963947298","2752493903","2.66667"
"2752493903","1963947298","2.66667"
"2033593513","2752493903","0.666667"
"2752493903","2033593513","0.666667"
"2301356482","2686866989","0.166667"
"2686866989","2301356482","0.166667"
"2686866989","2752493903","3.16667"
"2752493903","2686866989","3.16667"
"1631846088","2399034518","0.333333"
"2399034518","1631846088","0.333333"
"1631846088","2784849271","0.333333"
"2784849271","1631846088","0.333333"
"2397986719","2399034518","5"
"2399034518","2397986719","5"
"2397986719","2784849271","0.833333"
"2784849271","2397986719","0.833333"
"2399034518","2784849271","47.8667"
"2784849271","2399034518","47.8667"
"1631846088","2153497135","0.333333"
"2153497135","1631846088","0.333333"
"1963947298","2153497135","1.33333"
"2153497135","1963947298","1.33333"
"1996931407","2153497135","3.16667"
"2153497135","1996931407","3.16667"
"1982829328","2076895302","0.25"
"2076895302","1982829328","0.25"
"1996931407","2076895302","1.25"
"2076895302","1996931407","1.25"
"2001978806","2612397603","0.333333"
"2612397603","2001978806","0.333333"
"2001978806","88849960","0.5"
"88849960","2001978806","0.5"
"1631846088","2400364905","0.5"
"2400364905","1631846088","0.5"
"2022413220","2400364905","0.5"
"2400364905","2022413220","0.5"
"1844720873","2001978806","0.833333"
"2001978806","1844720873","0.833333"
"1844720873","2406423978","0.833333"
"2406423978","1844720873","0.833333"
"1844720873","2033593513","0.5"
"2033593513","1844720873","0.5"
"1844720873","2128171167","0.333333"
"2128171167","1844720873","0.333333"
"1982829328","88849960","2.83333"
"88849960","1982829328","2.83333"
"1963947298","1989734217","0.5"
"1989734217","1963947298","0.5"
"1989734217","2397986719","5.75"
"2397986719","1989734217","5.75"
"2397986719","2784933428","0.333333"
"2784933428","2397986719","0.333333"
"1963947298","2399034518","0.5"
"2399034518","1963947298","0.5"
"2301356482","2399034518","0.5"
"2399034518","2301356482","0.5"
"1963947298","2897417741","0.25"
"2897417741","1963947298","0.25"
"1963947298","2898907321","0.25"
"2898907321","1963947298","0.25"
"2004877887","2889224812","0.25"
"2889224812","2004877887","0.25"
"2004877887","2897417741","0.25"
"2897417741","2004877887","0.25"
"2004877887","2898907321","0.25"
"2898907321","2004877887","0.25"
"2889224812","2897417741","0.25"
"2897417741","2889224812","0.25"
"2889224812","2898907321","0.25"
"2898907321","2889224812","0.25"
"2897417741","2898907321","2.25"
"2898907321","2897417741","2.25"
"1976883562","2153497135","1"
"2153497135","1976883562","1"
"1976883562","2401503174","1"
"2401503174","1976883562","1"
"1982829328","2153497135","1.83333"
"2153497135","1982829328","1.83333"
"2004877887","2153497135","0.583333"
"2153497135","2004877887","0.583333"
"1982829328","1989255032","0.25"
"1989255032","1982829328","0.25"
"1982829328","2784849271","0.75"
"2784849271","1982829328","0.75"
"1989255032","1996931407","0.25"
"1996931407","1989255032","0.25"
"1989255032","2153497135","18.1167"
"2153497135","1989255032","18.1167"
"1989255032","2784849271","20.45"
"2784849271","1989255032","20.45"
"1996931407","2784849271","0.75"
"2784849271","1996931407","0.75"
"2153497135","2784849271","59.45"
"2784849271","2153497135","59.45"
"2153497135","2397986719","1.08333"
"2397986719","2153497135","1.08333"
"1982829328","2686866989","1"
"2686866989","1982829328","1"
"1989255032","2399034518","30.5333"
"2399034518","1989255032","30.5333"
"2153497135","2399034518","75.5333"
"2399034518","2153497135","75.5333"
"1989255032","2014100320","0.333333"
"2014100320","1989255032","0.333333"
"2014100320","2399034518","0.333333"
"2399034518","2014100320","0.333333"
"2014100320","2784849271","0.833333"
"2784849271","2014100320","0.833333"
"1989255032","2397986719","1.33333"
"2397986719","1989255032","1.33333"
"1989255032","1989734217","0.533333"
"1989734217","1989255032","0.533333"
"1989734217","2399034518","1.86667"
"2399034518","1989734217","1.86667"
"1989255032","2067673420","1"
"2067673420","1989255032","1"
"1989255032","2048714945","0.2"
"2048714945","1989255032","0.2"
"1989734217","2048714945","1.28333"
"2048714945","1989734217","1.28333"
"1989734217","2153497135","2.53333"
"2153497135","1989734217","2.53333"
"1989734217","2784849271","0.2"
"2784849271","1989734217","0.2"
"2048714945","2153497135","0.2"
"2153497135","2048714945","0.2"
"2048714945","2399034518","0.2"
"2399034518","2048714945","0.2"
"2048714945","2784849271","0.2"
"2784849271","2048714945","0.2"
"1989734217","1996931407","0.5"
"1996931407","1989734217","0.5"
"2048714945","2397986719","2.08333"
"2397986719","2048714945","2.08333"
"1989734217","2903816962","1"
"2903816962","1989734217","1"
"1989734217","2516747684","0.583333"
"2516747684","1989734217","0.583333"
"2048714945","2516747684","0.583333"
"2516747684","2048714945","0.583333"
"2397986719","2516747684","0.583333"
"2516747684","2397986719","0.583333"
"1989734217","2532435403","0.25"
"2532435403","1989734217","0.25"
"2048714945","2532435403","0.25"
"2532435403","2048714945","0.25"
"2397986719","2532435403","0.25"
"2532435403","2397986719","0.25"
"2516747684","2532435403","2.25"
"2532435403","2516747684","2.25"
"1996931407","2020926403","1"
"2020926403","1996931407","1"
"2397986719","2686866989","1.5"
"2686866989","2397986719","1.5"
"1996931407","2559093667","0.5"
"2559093667","1996931407","0.5"
"1996931407","2751092112","0.5"
"2751092112","1996931407","0.5"
"2559093667","2751092112","4.5"
"2751092112","2559093667","4.5"
"2014100320","2153497135","1.5"
"2153497135","2014100320","1.5"
"2020926403","2397986719","1"
"2397986719","2020926403","1"
"2397986719","2409015667","0.5"
"2409015667","2397986719","0.5"
"2067673420","2784849271","1.33333"
"2784849271","2067673420","1.33333"
"2067673420","2153497135","0.333333"
"2153497135","2067673420","0.333333"
"2067673420","2399034518","0.333333"
"2399034518","2067673420","0.333333"
"2128171167","2400364905","1"
"2400364905","2128171167","1"
"2153497135","2330650066","1"
"2330650066","2153497135","1"
"2330650066","2397986719","1"
"2397986719","2330650066","1"
"2401503174","2752493903","2"
"2752493903","2401503174","2"
"2401503174","2901926589","2"
"2901926589","2401503174","2"
"2406423978","2752493903","1"
"2752493903","2406423978","1"
"2752493903","2901926589","1"
"2901926589","2752493903","1"
