"113555067","121432690","0.24359"
"121432690","113555067","0.24359"
"113555067","2076004957","0.576923"
"2076004957","113555067","0.576923"
"113555067","2077097238","0.24359"
"2077097238","113555067","0.24359"
"113555067","2089542785","0.75"
"2089542785","113555067","0.75"
"113555067","2119067110","4.41783"
"2119067110","113555067","4.41783"
"113555067","2162810870","0.24359"
"2162810870","113555067","0.24359"
"121432690","2076004957","1.41367"
"2076004957","121432690","1.41367"
"121432690","2077097238","1.14283"
"2077097238","121432690","1.14283"
"121432690","2089542785","0.166667"
"2089542785","121432690","0.166667"
"121432690","2119067110","0.24359"
"2119067110","121432690","0.24359"
"121432690","2162810870","0.580332"
"2162810870","121432690","0.580332"
"2076004957","2077097238","8.58013"
"2077097238","2076004957","8.58013"
"2076004957","2089542785","5.15952"
"2089542785","2076004957","5.15952"
"2076004957","2119067110","21.8809"
"2119067110","2076004957","21.8809"
"2076004957","2162810870","9.66049"
"2162810870","2076004957","9.66049"
"2077097238","2089542785","1.05"
"2089542785","2077097238","1.05"
"2077097238","2119067110","4.41303"
"2119067110","2077097238","4.41303"
"2077097238","2162810870","4.17061"
"2162810870","2077097238","4.17061"
"2089542785","2119067110","3.75952"
"2119067110","2089542785","3.75952"
"2089542785","2162810870","1.99286"
"2162810870","2089542785","1.99286"
"2119067110","2162810870","2.70589"
"2162810870","2119067110","2.70589"
"113555067","1536017417","0.0769231"
"1536017417","113555067","0.0769231"
"113555067","2035871140","0.0769231"
"2035871140","113555067","0.0769231"
"113555067","2054356884","0.167832"
"2054356884","113555067","0.167832"
"113555067","2070339221","0.0769231"
"2070339221","113555067","0.0769231"
"113555067","2086863233","0.0769231"
"2086863233","113555067","0.0769231"
"113555067","2112966950","0.0769231"
"2112966950","113555067","0.0769231"
"113555067","2116095821","0.167832"
"2116095821","113555067","0.167832"
"113555067","2120237250","0.0769231"
"2120237250","113555067","0.0769231"
"121432690","1536017417","0.0769231"
"1536017417","121432690","0.0769231"
"121432690","2035871140","0.239423"
"2035871140","121432690","0.239423"
"121432690","2054356884","2.09776"
"2054356884","121432690","2.09776"
"121432690","2070339221","0.0769231"
"2070339221","121432690","0.0769231"
"121432690","2086863233","0.0769231"
"2086863233","121432690","0.0769231"
"121432690","2112966950","0.160256"
"2112966950","121432690","0.160256"
"121432690","2116095821","1.66367"
"2116095821","121432690","1.66367"
"121432690","2120237250","0.0769231"
"2120237250","121432690","0.0769231"
"1536017417","2035871140","2.07692"
"2035871140","1536017417","2.07692"
"1536017417","2054356884","0.0769231"
"2054356884","1536017417","0.0769231"
"1536017417","2070339221","1.07692"
"2070339221","1536017417","1.07692"
"1536017417","2076004957","0.0769231"
"2076004957","1536017417","0.0769231"
"1536017417","2077097238","0.0769231"
"2077097238","1536017417","0.0769231"
"1536017417","2086863233","14.8603"
"2086863233","1536017417","14.8603"
"1536017417","2112966950","0.0769231"
"2112966950","1536017417","0.0769231"
"1536017417","2116095821","0.0769231"
"2116095821","1536017417","0.0769231"
"1536017417","2119067110","23.6019"
"2119067110","1536017417","23.6019"
"1536017417","2120237250","0.410256"
"2120237250","1536017417","0.410256"
"1536017417","2162810870","0.0769231"
"2162810870","1536017417","0.0769231"
"2035871140","2054356884","7.54458"
"2054356884","2035871140","7.54458"
"2035871140","2070339221","0.0769231"
"2070339221","2035871140","0.0769231"
"2035871140","2076004957","15.8208"
"2076004957","2035871140","15.8208"
"2035871140","2077097238","25.1892"
"2077097238","2035871140","25.1892"
"2035871140","2086863233","0.0769231"
"2086863233","2035871140","0.0769231"
"2035871140","2112966950","0.210256"
"2112966950","2035871140","0.210256"
"2035871140","2116095821","2.34061"
"2116095821","2035871140","2.34061"
"2035871140","2119067110","12.0726"
"2119067110","2035871140","12.0726"
"2035871140","2120237250","0.14359"
"2120237250","2035871140","0.14359"
"2035871140","2162810870","5.92792"
"2162810870","2035871140","5.92792"
"2054356884","2070339221","0.0769231"
"2070339221","2054356884","0.0769231"
"2054356884","2076004957","6.74458"
"2076004957","2054356884","6.74458"
"2054356884","2077097238","4.49042"
"2077097238","2054356884","4.49042"
"2054356884","2086863233","0.0769231"
"2086863233","2054356884","0.0769231"
"2054356884","2112966950","0.210256"
"2112966950","2054356884","0.210256"
"2054356884","2116095821","4.60533"
"2116095821","2054356884","4.60533"
"2054356884","2119067110","1.33013"
"2119067110","2054356884","1.33013"
"2054356884","2120237250","0.14359"
"2120237250","2054356884","0.14359"
"2054356884","2162810870","3.35172"
"2162810870","2054356884","3.35172"
"2070339221","2076004957","0.0769231"
"2076004957","2070339221","0.0769231"
"2070339221","2077097238","0.0769231"
"2077097238","2070339221","0.0769231"
"2070339221","2086863233","0.0769231"
"2086863233","2070339221","0.0769231"
"2070339221","2112966950","0.0769231"
"2112966950","2070339221","0.0769231"
"2070339221","2116095821","0.0769231"
"2116095821","2070339221","0.0769231"
"2070339221","2119067110","2.07692"
"2119067110","2070339221","2.07692"
"2070339221","2120237250","0.0769231"
"2120237250","2070339221","0.0769231"
"2070339221","2162810870","0.0769231"
"2162810870","2070339221","0.0769231"
"2076004957","2086863233","0.326923"
"2086863233","2076004957","0.326923"
"2076004957","2112966950","0.29359"
"2112966950","2076004957","0.29359"
"2076004957","2116095821","2.06486"
"2116095821","2076004957","2.06486"
"2076004957","2120237250","0.0769231"
"2120237250","2076004957","0.0769231"
"2077097238","2086863233","0.0769231"
"2086863233","2077097238","0.0769231"
"2077097238","2112966950","0.29359"
"2112966950","2077097238","0.29359"
"2077097238","2116095821","1.17617"
"2116095821","2077097238","1.17617"
"2077097238","2120237250","0.0769231"
"2120237250","2077097238","0.0769231"
"2086863233","2112966950","3.07692"
"2112966950","2086863233","3.07692"
"2086863233","2116095821","0.0769231"
"2116095821","2086863233","0.0769231"
"2086863233","2119067110","4.14359"
"2119067110","2086863233","4.14359"
"2086863233","2120237250","2.66026"
"2120237250","2086863233","2.66026"
"2086863233","2162810870","0.0769231"
"2162810870","2086863233","0.0769231"
"2112966950","2116095821","0.0769231"
"2116095821","2112966950","0.0769231"
"2112966950","2119067110","0.576923"
"2119067110","2112966950","0.576923"
"2112966950","2120237250","0.0769231"
"2120237250","2112966950","0.0769231"
"2112966950","2162810870","0.160256"
"2162810870","2112966950","0.160256"
"2116095821","2119067110","0.667832"
"2119067110","2116095821","0.667832"
"2116095821","2120237250","0.0769231"
"2120237250","2116095821","0.0769231"
"2116095821","2162810870","1.23986"
"2162810870","2116095821","1.23986"
"2119067110","2120237250","0.39359"
"2120237250","2119067110","0.39359"
"2120237250","2162810870","0.14359"
"2162810870","2120237250","0.14359"
"113555067","1522227573","0.0909091"
"1522227573","113555067","0.0909091"
"113555067","184620699","0.0909091"
"184620699","113555067","0.0909091"
"113555067","2089507241","0.0909091"
"2089507241","113555067","0.0909091"
"113555067","2105819273","0.0909091"
"2105819273","113555067","0.0909091"
"113555067","2144591754","0.0909091"
"2144591754","113555067","0.0909091"
"113555067","2148575440","0.0909091"
"2148575440","113555067","0.0909091"
"113555067","2159541603","0.340909"
"2159541603","113555067","0.340909"
"113555067","2738444131","0.0909091"
"2738444131","113555067","0.0909091"
"1522227573","184620699","0.0909091"
"184620699","1522227573","0.0909091"
"1522227573","2054356884","0.153409"
"2054356884","1522227573","0.153409"
"1522227573","2089507241","1.34091"
"2089507241","1522227573","1.34091"
"1522227573","2105819273","0.0909091"
"2105819273","1522227573","0.0909091"
"1522227573","2116095821","0.153409"
"2116095821","1522227573","0.153409"
"1522227573","2119067110","0.662338"
"2119067110","1522227573","0.662338"
"1522227573","2144591754","0.153409"
"2144591754","1522227573","0.153409"
"1522227573","2148575440","0.590909"
"2148575440","1522227573","0.590909"
"1522227573","2159541603","0.162338"
"2159541603","1522227573","0.162338"
"1522227573","2738444131","3.16234"
"2738444131","1522227573","3.16234"
"184620699","2054356884","1.09091"
"2054356884","184620699","1.09091"
"184620699","2089507241","8.74091"
"2089507241","184620699","8.74091"
"184620699","2105819273","0.0909091"
"2105819273","184620699","0.0909091"
"184620699","2116095821","0.0909091"
"2116095821","184620699","0.0909091"
"184620699","2119067110","0.0909091"
"2119067110","184620699","0.0909091"
"184620699","2144591754","0.0909091"
"2144591754","184620699","0.0909091"
"184620699","2148575440","0.0909091"
"2148575440","184620699","0.0909091"
"184620699","2159541603","0.0909091"
"2159541603","184620699","0.0909091"
"184620699","2738444131","1.04091"
"2738444131","184620699","1.04091"
"2054356884","2089507241","0.0909091"
"2089507241","2054356884","0.0909091"
"2054356884","2105819273","5.24924"
"2105819273","2054356884","5.24924"
"2054356884","2144591754","0.961742"
"2144591754","2054356884","0.961742"
"2054356884","2148575440","0.0909091"
"2148575440","2054356884","0.0909091"
"2054356884","2159541603","0.190909"
"2159541603","2054356884","0.190909"
"2054356884","2738444131","1.84091"
"2738444131","2054356884","1.84091"
"2089507241","2105819273","0.0909091"
"2105819273","2089507241","0.0909091"
"2089507241","2116095821","0.0909091"
"2116095821","2089507241","0.0909091"
"2089507241","2119067110","1.73377"
"2119067110","2089507241","1.73377"
"2089507241","2144591754","0.0909091"
"2144591754","2089507241","0.0909091"
"2089507241","2148575440","1.42424"
"2148575440","2089507241","1.42424"
"2089507241","2159541603","0.0909091"
"2159541603","2089507241","0.0909091"
"2089507241","2738444131","7.3421"
"2738444131","2089507241","7.3421"
"2105819273","2116095821","1.09091"
"2116095821","2105819273","1.09091"
"2105819273","2119067110","0.0909091"
"2119067110","2105819273","0.0909091"
"2105819273","2144591754","1.00877"
"2144591754","2105819273","1.00877"
"2105819273","2148575440","0.0909091"
"2148575440","2105819273","0.0909091"
"2105819273","2159541603","0.0909091"
"2159541603","2105819273","0.0909091"
"2105819273","2738444131","0.0909091"
"2738444131","2105819273","0.0909091"
"2116095821","2144591754","0.678409"
"2144591754","2116095821","0.678409"
"2116095821","2148575440","0.0909091"
"2148575440","2116095821","0.0909091"
"2116095821","2159541603","0.190909"
"2159541603","2116095821","0.190909"
"2116095821","2738444131","0.0909091"
"2738444131","2116095821","0.0909091"
"2119067110","2144591754","0.0909091"
"2144591754","2119067110","0.0909091"
"2119067110","2148575440","5.78258"
"2148575440","2119067110","5.78258"
"2119067110","2159541603","9.579"
"2159541603","2119067110","9.579"
"2119067110","2738444131","1.63853"
"2738444131","2119067110","1.63853"
"2144591754","2148575440","0.0909091"
"2148575440","2144591754","0.0909091"
"2144591754","2159541603","0.190909"
"2159541603","2144591754","0.190909"
"2144591754","2738444131","0.0909091"
"2738444131","2144591754","0.0909091"
"2148575440","2159541603","0.0909091"
"2159541603","2148575440","0.0909091"
"2148575440","2738444131","2.34091"
"2738444131","2148575440","2.34091"
"2159541603","2738444131","0.162338"
"2738444131","2159541603","0.162338"
"113555067","56293434","0.5"
"56293434","113555067","0.5"
"2119067110","56293434","281.75"
"56293434","2119067110","281.75"
"113555067","2337090398","0.25"
"2337090398","113555067","0.25"
"2089542785","2159541603","0.683333"
"2159541603","2089542785","0.683333"
"2089542785","2337090398","0.25"
"2337090398","2089542785","0.25"
"2119067110","2337090398","0.25"
"2337090398","2119067110","0.25"
"2159541603","2337090398","0.25"
"2337090398","2159541603","0.25"
"116246279","2076004957","4.16667"
"2076004957","116246279","4.16667"
"116246279","2089542785","2.58333"
"2089542785","116246279","2.58333"
"116246279","2162810870","3.16667"
"2162810870","116246279","3.16667"
"116246279","1553146597","1.33333"
"1553146597","116246279","1.33333"
"1553146597","2076004957","10.8598"
"2076004957","1553146597","10.8598"
"1553146597","2162810870","7.15857"
"2162810870","1553146597","7.15857"
"1553146597","2089542785","2.90952"
"2089542785","1553146597","2.90952"
"116246279","2496278397","1"
"2496278397","116246279","1"
"116246279","2161414947","1"
"2161414947","116246279","1"
"116246279","2054356884","0.5"
"2054356884","116246279","0.5"
"116246279","2119067110","0.25"
"2119067110","116246279","0.25"
"1553146597","2119067110","2.6623"
"2119067110","1553146597","2.6623"
"121432690","1553146597","0.836742"
"1553146597","121432690","0.836742"
"121432690","2071940270","0.461742"
"2071940270","121432690","0.461742"
"121432690","2144591754","0.370833"
"2144591754","121432690","0.370833"
"121432690","2241809770","0.433333"
"2241809770","121432690","0.433333"
"121432690","2493596742","0.1"
"2493596742","121432690","0.1"
"1553146597","2035871140","10.8772"
"2035871140","1553146597","10.8772"
"1553146597","2071940270","2.03238"
"2071940270","1553146597","2.03238"
"1553146597","2077097238","3.05321"
"2077097238","1553146597","3.05321"
"1553146597","2116095821","0.8296"
"2116095821","1553146597","0.8296"
"1553146597","2144591754","0.479167"
"2144591754","1553146597","0.479167"
"1553146597","2241809770","0.1"
"2241809770","1553146597","0.1"
"1553146597","2493596742","0.37619"
"2493596742","1553146597","0.37619"
"2035871140","2071940270","5.1248"
"2071940270","2035871140","5.1248"
"2035871140","2144591754","0.645833"
"2144591754","2035871140","0.645833"
"2035871140","2241809770","0.3"
"2241809770","2035871140","0.3"
"2035871140","2493596742","1.37619"
"2493596742","2035871140","1.37619"
"2071940270","2076004957","5.78238"
"2076004957","2071940270","5.78238"
"2071940270","2077097238","3.74488"
"2077097238","2071940270","3.74488"
"2071940270","2116095821","1.22841"
"2116095821","2071940270","1.22841"
"2071940270","2144591754","4.06369"
"2144591754","2071940270","4.06369"
"2071940270","2162810870","1.03952"
"2162810870","2071940270","1.03952"
"2071940270","2241809770","0.1"
"2241809770","2071940270","0.1"
"2071940270","2493596742","0.233333"
"2493596742","2071940270","0.233333"
"2076004957","2144591754","0.604167"
"2144591754","2076004957","0.604167"
"2076004957","2241809770","0.633333"
"2241809770","2076004957","0.633333"
"2076004957","2493596742","0.37619"
"2493596742","2076004957","0.37619"
"2077097238","2144591754","0.891667"
"2144591754","2077097238","0.891667"
"2077097238","2241809770","0.1"
"2241809770","2077097238","0.1"
"2077097238","2493596742","0.233333"
"2493596742","2077097238","0.233333"
"2116095821","2241809770","0.5"
"2241809770","2116095821","0.5"
"2116095821","2493596742","0.242857"
"2493596742","2116095821","0.242857"
"2144591754","2162810870","0.345833"
"2162810870","2144591754","0.345833"
"2144591754","2241809770","0.3"
"2241809770","2144591754","0.3"
"2144591754","2493596742","0.233333"
"2493596742","2144591754","0.233333"
"2162810870","2241809770","0.1"
"2241809770","2162810870","0.1"
"2162810870","2493596742","0.242857"
"2493596742","2162810870","0.242857"
"2241809770","2493596742","0.1"
"2493596742","2241809770","0.1"
"121432690","1547131737","0.174242"
"1547131737","121432690","0.174242"
"121432690","2105819273","0.541667"
"2105819273","121432690","0.541667"
"121432690","2162566589","0.0833333"
"2162566589","121432690","0.0833333"
"121432690","2345173537","0.270833"
"2345173537","121432690","0.270833"
"121432690","2951309617","0.570076"
"2951309617","121432690","0.570076"
"1547131737","1553146597","1.07702"
"1553146597","1547131737","1.07702"
"1547131737","2071940270","13.9365"
"2071940270","1547131737","13.9365"
"1547131737","2076004957","2.00202"
"2076004957","1547131737","2.00202"
"1547131737","2077097238","10.2865"
"2077097238","1547131737","10.2865"
"1547131737","2105819273","1.87619"
"2105819273","1547131737","1.87619"
"1547131737","2112966950","0.0833333"
"2112966950","1547131737","0.0833333"
"1547131737","2144591754","4.87619"
"2144591754","1547131737","4.87619"
"1547131737","2162566589","0.4"
"2162566589","1547131737","0.4"
"1547131737","2162810870","1.96035"
"2162810870","1547131737","1.96035"
"1547131737","2345173537","0.0833333"
"2345173537","1547131737","0.0833333"
"1547131737","2951309617","0.5171"
"2951309617","1547131737","0.5171"
"1553146597","2105819273","0.583333"
"2105819273","1553146597","0.583333"
"1553146597","2112966950","0.216667"
"2112966950","1553146597","0.216667"
"1553146597","2162566589","0.283333"
"2162566589","1553146597","0.283333"
"1553146597","2345173537","0.245833"
"2345173537","1553146597","0.245833"
"1553146597","2951309617","0.3796"
"2951309617","1553146597","0.3796"
"2071940270","2105819273","3.70119"
"2105819273","2071940270","3.70119"
"2071940270","2112966950","0.216667"
"2112966950","2071940270","0.216667"
"2071940270","2162566589","0.858333"
"2162566589","2071940270","0.858333"
"2071940270","2345173537","0.495833"
"2345173537","2071940270","0.495833"
"2071940270","2951309617","0.996266"
"2951309617","2071940270","0.996266"
"2076004957","2105819273","0.0833333"
"2105819273","2076004957","0.0833333"
"2076004957","2162566589","0.616667"
"2162566589","2076004957","0.616667"
"2076004957","2345173537","1.24583"
"2345173537","2076004957","1.24583"
"2076004957","2951309617","0.712933"
"2951309617","2076004957","0.712933"
"2077097238","2105819273","0.408333"
"2105819273","2077097238","0.408333"
"2077097238","2162566589","0.991667"
"2162566589","2077097238","0.991667"
"2077097238","2345173537","1.78333"
"2345173537","2077097238","1.78333"
"2077097238","2951309617","0.174242"
"2951309617","2077097238","0.174242"
"2105819273","2112966950","0.0833333"
"2112966950","2105819273","0.0833333"
"2105819273","2162566589","0.0833333"
"2162566589","2105819273","0.0833333"
"2105819273","2162810870","0.75"
"2162810870","2105819273","0.75"
"2105819273","2345173537","0.208333"
"2345173537","2105819273","0.208333"
"2105819273","2951309617","0.392857"
"2951309617","2105819273","0.392857"
"2112966950","2144591754","0.216667"
"2144591754","2112966950","0.216667"
"2112966950","2162566589","0.216667"
"2162566589","2112966950","0.216667"
"2112966950","2345173537","0.0833333"
"2345173537","2112966950","0.0833333"
"2112966950","2951309617","0.0833333"
"2951309617","2112966950","0.0833333"
"2144591754","2162566589","0.341667"
"2162566589","2144591754","0.341667"
"2144591754","2345173537","0.495833"
"2345173537","2144591754","0.495833"
"2144591754","2951309617","0.455357"
"2951309617","2144591754","0.455357"
"2162566589","2162810870","0.15"
"2162810870","2162566589","0.15"
"2162566589","2345173537","0.575"
"2345173537","2162566589","0.575"
"2162566589","2951309617","0.0833333"
"2951309617","2162566589","0.0833333"
"2162810870","2345173537","0.245833"
"2345173537","2162810870","0.245833"
"2162810870","2951309617","0.3796"
"2951309617","2162810870","0.3796"
"2345173537","2951309617","0.145833"
"2951309617","2345173537","0.145833"
"121432690","208017778","0.125"
"208017778","121432690","0.125"
"121432690","2161414947","0.125"
"2161414947","121432690","0.125"
"2054356884","2071940270","12.5665"
"2071940270","2054356884","12.5665"
"2054356884","208017778","0.534524"
"208017778","2054356884","0.534524"
"2054356884","2161414947","1"
"2161414947","2054356884","1"
"2054356884","2345173537","1.4125"
"2345173537","2054356884","1.4125"
"2071940270","208017778","1.45119"
"208017778","2071940270","1.45119"
"2071940270","2161414947","2.2"
"2161414947","2071940270","2.2"
"2077097238","208017778","0.267857"
"208017778","2077097238","0.267857"
"2077097238","2161414947","0.633333"
"2161414947","2077097238","0.633333"
"208017778","2105819273","0.325"
"2105819273","208017778","0.325"
"208017778","2144591754","1.875"
"2144591754","208017778","1.875"
"208017778","2161414947","0.491667"
"2161414947","208017778","0.491667"
"208017778","2345173537","0.125"
"2345173537","208017778","0.125"
"2105819273","2161414947","0.325"
"2161414947","2105819273","0.325"
"2144591754","2161414947","0.383333"
"2161414947","2144591754","0.383333"
"2161414947","2345173537","0.25"
"2345173537","2161414947","0.25"
"121432690","1522227573","0.0625"
"1522227573","121432690","0.0625"
"121432690","1581578065","0.0625"
"1581578065","121432690","0.0625"
"121432690","2095742218","0.0625"
"2095742218","121432690","0.0625"
"121432690","2129944822","0.0625"
"2129944822","121432690","0.0625"
"121432690","2130971042","0.0625"
"2130971042","121432690","0.0625"
"121432690","2149540210","0.0625"
"2149540210","121432690","0.0625"
"1522227573","1553146597","0.0625"
"1553146597","1522227573","0.0625"
"1522227573","1581578065","0.258929"
"1581578065","1522227573","0.258929"
"1522227573","2035871140","0.2625"
"2035871140","1522227573","0.2625"
"1522227573","2071940270","0.1875"
"2071940270","1522227573","0.1875"
"1522227573","2076004957","0.0625"
"2076004957","1522227573","0.0625"
"1522227573","2095742218","1.77083"
"2095742218","1522227573","1.77083"
"1522227573","2129944822","0.0625"
"2129944822","1522227573","0.0625"
"1522227573","2130971042","0.0625"
"2130971042","1522227573","0.0625"
"1522227573","2149540210","0.0625"
"2149540210","1522227573","0.0625"
"1522227573","2162810870","0.0625"
"2162810870","1522227573","0.0625"
"1522227573","2345173537","0.0625"
"2345173537","1522227573","0.0625"
"1522227573","2951309617","0.0625"
"2951309617","1522227573","0.0625"
"1553146597","1581578065","0.0625"
"1581578065","1553146597","0.0625"
"1553146597","2054356884","6.80099"
"2054356884","1553146597","6.80099"
"1553146597","2095742218","0.0625"
"2095742218","1553146597","0.0625"
"1553146597","2129944822","0.1625"
"2129944822","1553146597","0.1625"
"1553146597","2130971042","0.1875"
"2130971042","1553146597","0.1875"
"1553146597","2149540210","0.0625"
"2149540210","1553146597","0.0625"
"1581578065","2035871140","0.0625"
"2035871140","1581578065","0.0625"
"1581578065","2054356884","0.0625"
"2054356884","1581578065","0.0625"
"1581578065","2071940270","0.1875"
"2071940270","1581578065","0.1875"
"1581578065","2076004957","0.0625"
"2076004957","1581578065","0.0625"
"1581578065","2095742218","0.1875"
"2095742218","1581578065","0.1875"
"1581578065","2116095821","0.0625"
"2116095821","1581578065","0.0625"
"1581578065","2129944822","0.0625"
"2129944822","1581578065","0.0625"
"1581578065","2130971042","0.0625"
"2130971042","1581578065","0.0625"
"1581578065","2144591754","0.0625"
"2144591754","1581578065","0.0625"
"1581578065","2149540210","0.0625"
"2149540210","1581578065","0.0625"
"1581578065","2162810870","0.0625"
"2162810870","1581578065","0.0625"
"1581578065","2345173537","0.0625"
"2345173537","1581578065","0.0625"
"1581578065","2951309617","0.0625"
"2951309617","1581578065","0.0625"
"2035871140","2095742218","0.0625"
"2095742218","2035871140","0.0625"
"2035871140","2129944822","2.07083"
"2129944822","2035871140","2.07083"
"2035871140","2130971042","1.00417"
"2130971042","2035871140","1.00417"
"2035871140","2149540210","0.3125"
"2149540210","2035871140","0.3125"
"2035871140","2345173537","0.7375"
"2345173537","2035871140","0.7375"
"2035871140","2951309617","0.455357"
"2951309617","2035871140","0.455357"
"2054356884","2095742218","0.0625"
"2095742218","2054356884","0.0625"
"2054356884","2129944822","0.505357"
"2129944822","2054356884","0.505357"
"2054356884","2130971042","0.6875"
"2130971042","2054356884","0.6875"
"2054356884","2149540210","1.5625"
"2149540210","2054356884","1.5625"
"2054356884","2951309617","0.0625"
"2951309617","2054356884","0.0625"
"2071940270","2095742218","0.1875"
"2095742218","2071940270","0.1875"
"2071940270","2129944822","2.1625"
"2129944822","2071940270","2.1625"
"2071940270","2130971042","2.1875"
"2130971042","2071940270","2.1875"
"2071940270","2149540210","0.3125"
"2149540210","2071940270","0.3125"
"2076004957","2095742218","0.0625"
"2095742218","2076004957","0.0625"
"2076004957","2129944822","0.1625"
"2129944822","2076004957","0.1625"
"2076004957","2130971042","0.0625"
"2130971042","2076004957","0.0625"
"2076004957","2149540210","0.0625"
"2149540210","2076004957","0.0625"
"2095742218","2116095821","0.0625"
"2116095821","2095742218","0.0625"
"2095742218","2129944822","0.0625"
"2129944822","2095742218","0.0625"
"2095742218","2130971042","0.0625"
"2130971042","2095742218","0.0625"
"2095742218","2144591754","0.0625"
"2144591754","2095742218","0.0625"
"2095742218","2149540210","0.0625"
"2149540210","2095742218","0.0625"
"2095742218","2162810870","0.0625"
"2162810870","2095742218","0.0625"
"2095742218","2345173537","0.0625"
"2345173537","2095742218","0.0625"
"2095742218","2951309617","0.0625"
"2951309617","2095742218","0.0625"
"2116095821","2129944822","0.0625"
"2129944822","2116095821","0.0625"
"2116095821","2130971042","0.2625"
"2130971042","2116095821","0.2625"
"2116095821","2149540210","0.8125"
"2149540210","2116095821","0.8125"
"2116095821","2345173537","0.779167"
"2345173537","2116095821","0.779167"
"2116095821","2951309617","0.8796"
"2951309617","2116095821","0.8796"
"2129944822","2130971042","2.59583"
"2130971042","2129944822","2.59583"
"2129944822","2144591754","0.0625"
"2144591754","2129944822","0.0625"
"2129944822","2149540210","0.0625"
"2149540210","2129944822","0.0625"
"2129944822","2162810870","0.8625"
"2162810870","2129944822","0.8625"
"2129944822","2345173537","0.0625"
"2345173537","2129944822","0.0625"
"2129944822","2951309617","0.0625"
"2951309617","2129944822","0.0625"
"2130971042","2144591754","0.3125"
"2144591754","2130971042","0.3125"
"2130971042","2149540210","0.0625"
"2149540210","2130971042","0.0625"
"2130971042","2162810870","1.0875"
"2162810870","2130971042","1.0875"
"2130971042","2345173537","0.2625"
"2345173537","2130971042","0.2625"
"2130971042","2951309617","0.0625"
"2951309617","2130971042","0.0625"
"2144591754","2149540210","0.0625"
"2149540210","2144591754","0.0625"
"2149540210","2162810870","0.0625"
"2162810870","2149540210","0.0625"
"2149540210","2345173537","0.0625"
"2345173537","2149540210","0.0625"
"2149540210","2951309617","0.3125"
"2951309617","2149540210","0.3125"
"121432690","1997575000","0.0909091"
"1997575000","121432690","0.0909091"
"121432690","2132177172","0.0909091"
"2132177172","121432690","0.0909091"
"121432690","2257050132","0.0909091"
"2257050132","121432690","0.0909091"
"1547131737","1997575000","0.633766"
"1997575000","1547131737","0.633766"
"1547131737","2116095821","0.0909091"
"2116095821","1547131737","0.0909091"
"1547131737","2132177172","0.30202"
"2132177172","1547131737","0.30202"
"1547131737","2257050132","0.0909091"
"2257050132","1547131737","0.0909091"
"1553146597","1997575000","0.0909091"
"1997575000","1553146597","0.0909091"
"1553146597","2132177172","7.33773"
"2132177172","1553146597","7.33773"
"1553146597","2257050132","0.0909091"
"2257050132","1553146597","0.0909091"
"1997575000","2071940270","1.25877"
"2071940270","1997575000","1.25877"
"1997575000","2076004957","0.715909"
"2076004957","1997575000","0.715909"
"1997575000","2077097238","1.21591"
"2077097238","1997575000","1.21591"
"1997575000","2116095821","0.965909"
"2116095821","1997575000","0.965909"
"1997575000","2132177172","0.0909091"
"2132177172","1997575000","0.0909091"
"1997575000","2162810870","0.0909091"
"2162810870","1997575000","0.0909091"
"1997575000","2257050132","0.0909091"
"2257050132","1997575000","0.0909091"
"1997575000","2951309617","0.433766"
"2951309617","1997575000","0.433766"
"2071940270","2132177172","0.444877"
"2132177172","2071940270","0.444877"
"2071940270","2257050132","0.0909091"
"2257050132","2071940270","0.0909091"
"2076004957","2132177172","4.33773"
"2132177172","2076004957","4.33773"
"2076004957","2257050132","0.0909091"
"2257050132","2076004957","0.0909091"
"2077097238","2132177172","0.861544"
"2132177172","2077097238","0.861544"
"2077097238","2257050132","0.0909091"
"2257050132","2077097238","0.0909091"
"2116095821","2132177172","0.424242"
"2132177172","2116095821","0.424242"
"2116095821","2257050132","0.0909091"
"2257050132","2116095821","0.0909091"
"2132177172","2162810870","3.44488"
"2162810870","2132177172","3.44488"
"2132177172","2257050132","0.0909091"
"2257050132","2132177172","0.0909091"
"2132177172","2951309617","0.0909091"
"2951309617","2132177172","0.0909091"
"2162810870","2257050132","0.0909091"
"2257050132","2162810870","0.0909091"
"2257050132","2951309617","0.0909091"
"2951309617","2257050132","0.0909091"
"2241809770","2951309617","0.333333"
"2951309617","2241809770","0.333333"
"121432690","2739451714","1"
"2739451714","121432690","1"
"1479811321","184620699","0.5"
"184620699","1479811321","0.5"
"1479811321","2089507241","0.5"
"2089507241","1479811321","0.5"
"1492709031","1994181344","4.58333"
"1994181344","1492709031","4.58333"
"1492709031","2131028512","1.58333"
"2131028512","1492709031","1.58333"
"1994181344","2131028512","30.25"
"2131028512","1994181344","30.25"
"1492709031","2164514161","0.583333"
"2164514161","1492709031","0.583333"
"1994181344","2164514161","8.25"
"2164514161","1994181344","8.25"
"2131028512","2164514161","10.8333"
"2164514161","2131028512","10.8333"
"1492709031","2116911448","0.25"
"2116911448","1492709031","0.25"
"1994181344","2116911448","1.58333"
"2116911448","1994181344","1.58333"
"2116911448","2131028512","2.83333"
"2131028512","2116911448","2.83333"
"2116911448","2164514161","3.33333"
"2164514161","2116911448","3.33333"
"1503435072","1559739109","1.16667"
"1559739109","1503435072","1.16667"
"1503435072","2012419258","0.166667"
"2012419258","1503435072","0.166667"
"1503435072","2035871140","0.166667"
"2035871140","1503435072","0.166667"
"1503435072","2129944822","0.166667"
"2129944822","1503435072","0.166667"
"1503435072","2148575440","0.166667"
"2148575440","1503435072","0.166667"
"1503435072","2460107606","0.166667"
"2460107606","1503435072","0.166667"
"1559739109","2012419258","0.7"
"2012419258","1559739109","0.7"
"1559739109","2035871140","0.366667"
"2035871140","1559739109","0.366667"
"1559739109","2129944822","0.166667"
"2129944822","1559739109","0.166667"
"1559739109","2148575440","2.61667"
"2148575440","1559739109","2.61667"
"1559739109","2460107606","0.166667"
"2460107606","1559739109","0.166667"
"2012419258","2035871140","0.791667"
"2035871140","2012419258","0.791667"
"2012419258","2129944822","0.434524"
"2129944822","2012419258","0.434524"
"2012419258","2148575440","1.525"
"2148575440","2012419258","1.525"
"2012419258","2460107606","0.291667"
"2460107606","2012419258","0.291667"
"2035871140","2148575440","0.166667"
"2148575440","2035871140","0.166667"
"2035871140","2460107606","0.166667"
"2460107606","2035871140","0.166667"
"2129944822","2148575440","0.166667"
"2148575440","2129944822","0.166667"
"2129944822","2460107606","0.166667"
"2460107606","2129944822","0.166667"
"2148575440","2460107606","0.291667"
"2460107606","2148575440","0.291667"
"1507178229","2129944822","1"
"2129944822","1507178229","1"
"1514350756","1536017417","0.2"
"1536017417","1514350756","0.2"
"1514350756","2086863233","2.45"
"2086863233","1514350756","2.45"
"1514350756","2119067110","1.95"
"2119067110","1514350756","1.95"
"1514350756","2624768580","0.2"
"2624768580","1514350756","0.2"
"1514350756","30860918","0.45"
"30860918","1514350756","0.45"
"1536017417","2624768580","0.7"
"2624768580","1536017417","0.7"
"1536017417","30860918","0.533333"
"30860918","1536017417","0.533333"
"2086863233","2624768580","1.2"
"2624768580","2086863233","1.2"
"2086863233","30860918","0.45"
"30860918","2086863233","0.45"
"2119067110","2624768580","0.2"
"2624768580","2119067110","0.2"
"2119067110","30860918","1.78333"
"30860918","2119067110","1.78333"
"2624768580","30860918","0.2"
"30860918","2624768580","0.2"
"1514350756","159201490","1.5"
"159201490","1514350756","1.5"
"1514350756","1892202916","0.5"
"1892202916","1514350756","0.5"
"159201490","1892202916","0.833333"
"1892202916","159201490","0.833333"
"1514350756","2112966950","0.5"
"2112966950","1514350756","0.5"
"1514350756","2120237250","0.25"
"2120237250","1514350756","0.25"
"2120237250","30860918","0.25"
"30860918","2120237250","0.25"
"1519991165","1559739109","0.2"
"1559739109","1519991165","0.2"
"1519991165","2098662896","3.06667"
"2098662896","1519991165","3.06667"
"1519991165","2127837371","1.2"
"2127837371","1519991165","1.2"
"1519991165","2146140675","0.4"
"2146140675","1519991165","0.4"
"1519991165","2148575440","1.2"
"2148575440","1519991165","1.2"
"1559739109","2098662896","2.35"
"2098662896","1559739109","2.35"
"1559739109","2127837371","2.45"
"2127837371","1559739109","2.45"
"1559739109","2146140675","1.53333"
"2146140675","1559739109","1.53333"
"2098662896","2127837371","2.825"
"2127837371","2098662896","2.825"
"2098662896","2146140675","6.1"
"2146140675","2098662896","6.1"
"2098662896","2148575440","3.05833"
"2148575440","2098662896","3.05833"
"2127837371","2146140675","0.2"
"2146140675","2127837371","0.2"
"2127837371","2148575440","0.575"
"2148575440","2127837371","0.575"
"2146140675","2148575440","1.4"
"2148575440","2146140675","1.4"
"1519991165","1577341447","0.45"
"1577341447","1519991165","0.45"
"1519991165","2012419258","3.23333"
"2012419258","1519991165","3.23333"
"1519991165","2053562606","0.783333"
"2053562606","1519991165","0.783333"
"1519991165","2057345152","0.983333"
"2057345152","1519991165","0.983333"
"1519991165","2485318698","0.2"
"2485318698","1519991165","0.2"
"1577341447","2012419258","0.783333"
"2012419258","1577341447","0.783333"
"1577341447","2053562606","0.783333"
"2053562606","1577341447","0.783333"
"1577341447","2057345152","1.25952"
"2057345152","1577341447","1.25952"
"1577341447","2485318698","0.533333"
"2485318698","1577341447","0.533333"
"2012419258","2053562606","13.4262"
"2053562606","2012419258","13.4262"
"2012419258","2057345152","48.4706"
"2057345152","2012419258","48.4706"
"2012419258","2485318698","1.28333"
"2485318698","2012419258","1.28333"
"2053562606","2057345152","10.0929"
"2057345152","2053562606","10.0929"
"2053562606","2485318698","0.2"
"2485318698","2053562606","0.2"
"2057345152","2485318698","2.03333"
"2485318698","2057345152","2.03333"
"1519991165","1653371073","0.95"
"1653371073","1519991165","0.95"
"1519991165","2089507241","1.08333"
"2089507241","1519991165","1.08333"
"1519991165","2114917462","0.75"
"2114917462","1519991165","0.75"
"1653371073","2012419258","1.25278"
"2012419258","1653371073","1.25278"
"1653371073","2089507241","2.88611"
"2089507241","1653371073","2.88611"
"1653371073","2114917462","0.927778"
"2114917462","1653371073","0.927778"
"2012419258","2089507241","21.7444"
"2089507241","2012419258","21.7444"
"2012419258","2114917462","4.29444"
"2114917462","2012419258","4.29444"
"2089507241","2114917462","2.84444"
"2114917462","2089507241","2.84444"
"1653371073","2057345152","0.602778"
"2057345152","1653371073","0.602778"
"1653371073","2098662896","0.366667"
"2098662896","1653371073","0.366667"
"1653371073","2146140675","0.7"
"2146140675","1653371073","0.7"
"2012419258","2098662896","12.7083"
"2098662896","2012419258","12.7083"
"2012419258","2146140675","2.15"
"2146140675","2012419258","2.15"
"2057345152","2098662896","4.925"
"2098662896","2057345152","4.925"
"2057345152","2146140675","0.866667"
"2146140675","2057345152","0.866667"
"1519991165","2014351813","0.333333"
"2014351813","1519991165","0.333333"
"1519991165","2738444131","0.666667"
"2738444131","1519991165","0.666667"
"2014351813","2098662896","0.658333"
"2098662896","2014351813","0.658333"
"2014351813","2738444131","0.458333"
"2738444131","2014351813","0.458333"
"2098662896","2738444131","11.6381"
"2738444131","2098662896","11.6381"
"1519991165","2615164812","1"
"2615164812","1519991165","1"
"1519991165","1528222021","1"
"1528222021","1519991165","1"
"2053562606","2098662896","0.5"
"2098662896","2053562606","0.5"
"2012419258","2738444131","27.4595"
"2738444131","2012419258","27.4595"
"1519991165","2145643698","0.5"
"2145643698","1519991165","0.5"
"1653371073","2145643698","0.5"
"2145643698","1653371073","0.5"
"1522227573","1528222021","0.333333"
"1528222021","1522227573","0.333333"
"1522227573","2167896190","2.33333"
"2167896190","1522227573","2.33333"
"1528222021","2089507241","82.4179"
"2089507241","1528222021","82.4179"
"1528222021","2167896190","0.333333"
"2167896190","1528222021","0.333333"
"2089507241","2167896190","2.58333"
"2167896190","2089507241","2.58333"
"1522227573","2012419258","8"
"2012419258","1522227573","8"
"1522227573","2615164812","1.5"
"2615164812","1522227573","1.5"
"2012419258","2615164812","16.2095"
"2615164812","2012419258","16.2095"
"1522227573","1911605197","2"
"1911605197","1522227573","2"
"1522227573","2057345152","0.7"
"2057345152","1522227573","0.7"
"1522227573","2114917462","2.33333"
"2114917462","1522227573","2.33333"
"1522227573","2145643698","0.5"
"2145643698","1522227573","0.5"
"2114917462","2145643698","1.75"
"2145643698","2114917462","1.75"
"1522227573","2144794336","0.5"
"2144794336","1522227573","0.5"
"2012419258","2144794336","32.1456"
"2144794336","2012419258","32.1456"
"1522227573","2012819114","0.5"
"2012819114","1522227573","0.5"
"1522227573","2084621663","1"
"2084621663","1522227573","1"
"2012819114","2084621663","2.2"
"2084621663","2012819114","2.2"
"1522227573","1559739109","0.2"
"1559739109","1522227573","0.2"
"1522227573","2098662896","0.813095"
"2098662896","1522227573","0.813095"
"1522227573","2155927683","0.2"
"2155927683","1522227573","0.2"
"1559739109","2057345152","0.2"
"2057345152","1559739109","0.2"
"1559739109","2155927683","0.2"
"2155927683","1559739109","0.2"
"2035871140","2057345152","0.325"
"2057345152","2035871140","0.325"
"2035871140","2098662896","0.525"
"2098662896","2035871140","0.525"
"2035871140","2155927683","0.2"
"2155927683","2035871140","0.2"
"2057345152","2155927683","0.2"
"2155927683","2057345152","0.2"
"2098662896","2155927683","5.53333"
"2155927683","2098662896","5.53333"
"1522227573","2040735523","1"
"2040735523","1522227573","1"
"2012419258","2040735523","5.58333"
"2040735523","2012419258","5.58333"
"2114917462","2148575440","1.33333"
"2148575440","2114917462","1.33333"
"1522227573","1997199359","1.5"
"1997199359","1522227573","1.5"
"1997199359","2738444131","41.8429"
"2738444131","1997199359","41.8429"
"1997199359","2012419258","19.3623"
"2012419258","1997199359","19.3623"
"1997199359","2089507241","11.9694"
"2089507241","1997199359","11.9694"
"1997199359","2095742218","4.66667"
"2095742218","1997199359","4.66667"
"1997199359","2098662896","4.78333"
"2098662896","1997199359","4.78333"
"2095742218","2098662896","7.54167"
"2098662896","2095742218","7.54167"
"2095742218","2738444131","1.75"
"2738444131","2095742218","1.75"
"1522227573","1968556863","0.166667"
"1968556863","1522227573","0.166667"
"1522227573","2053562606","0.5"
"2053562606","1522227573","0.5"
"1968556863","2012419258","4.75"
"2012419258","1968556863","4.75"
"1968556863","2053562606","2.78333"
"2053562606","1968556863","2.78333"
"1968556863","2084621663","2.36667"
"2084621663","1968556863","2.36667"
"1968556863","2095742218","2.66667"
"2095742218","1968556863","2.66667"
"1968556863","2098662896","9.5"
"2098662896","1968556863","9.5"
"2012419258","2084621663","18.2956"
"2084621663","2012419258","18.2956"
"2012419258","2095742218","1.16667"
"2095742218","2012419258","1.16667"
"2053562606","2084621663","8.75952"
"2084621663","2053562606","8.75952"
"2053562606","2095742218","0.166667"
"2095742218","2053562606","0.166667"
"2084621663","2095742218","0.166667"
"2095742218","2084621663","0.166667"
"2084621663","2098662896","3.78333"
"2098662896","2084621663","3.78333"
"1522227573","56293434","0.5"
"56293434","1522227573","0.5"
"1522227573","2040830570","0.333333"
"2040830570","1522227573","0.333333"
"2040830570","2053562606","3.08333"
"2053562606","2040830570","3.08333"
"2040830570","2084621663","14.1833"
"2084621663","2040830570","14.1833"
"1522227573","1892202916","0.166667"
"1892202916","1522227573","0.166667"
