"1503164904","1971990316","0.125"
"1971990316","1503164904","0.125"
"1503164904","1995405963","0.125"
"1995405963","1503164904","0.125"
"1503164904","2006908712","0.125"
"2006908712","1503164904","0.125"
"1503164904","2007008940","0.125"
"2007008940","1503164904","0.125"
"1503164904","2012427422","0.125"
"2012427422","1503164904","0.125"
"1503164904","2030593476","0.125"
"2030593476","1503164904","0.125"
"1503164904","2036329970","0.125"
"2036329970","1503164904","0.125"
"1503164904","2049221237","0.125"
"2049221237","1503164904","0.125"
"1503164904","2070231354","0.125"
"2070231354","1503164904","0.125"
"1503164904","2073227755","0.125"
"2073227755","1503164904","0.125"
"1503164904","2107377751","0.125"
"2107377751","1503164904","0.125"
"1503164904","2120659641","0.125"
"2120659641","1503164904","0.125"
"1503164904","2154807550","0.125"
"2154807550","1503164904","0.125"
"1503164904","2159494053","0.125"
"2159494053","1503164904","0.125"
"1503164904","2162462435","0.125"
"2162462435","1503164904","0.125"
"1503164904","2541537624","0.125"
"2541537624","1503164904","0.125"
"1971990316","1995405963","2.50946"
"1995405963","1971990316","2.50946"
"1971990316","2006908712","1.2178"
"2006908712","1971990316","1.2178"
"1971990316","2007008940","0.273352"
"2007008940","1971990316","0.273352"
"1971990316","2012427422","0.125"
"2012427422","1971990316","0.125"
"1971990316","2030593476","1.00946"
"2030593476","1971990316","1.00946"
"1971990316","2036329970","0.125"
"2036329970","1971990316","0.125"
"1971990316","2049221237","0.125"
"2049221237","1971990316","0.125"
"1971990316","2070231354","0.125"
"2070231354","1971990316","0.125"
"1971990316","2073227755","0.125"
"2073227755","1971990316","0.125"
"1971990316","2107377751","0.125"
"2107377751","1971990316","0.125"
"1971990316","2120659641","0.625"
"2120659641","1971990316","0.625"
"1971990316","2154807550","0.125"
"2154807550","1971990316","0.125"
"1971990316","2159494053","0.509463"
"2159494053","1971990316","0.509463"
"1971990316","2162462435","0.125"
"2162462435","1971990316","0.125"
"1971990316","2541537624","0.125"
"2541537624","1971990316","0.125"
"1995405963","2006908712","7.0678"
"2006908712","1995405963","7.0678"
"1995405963","2007008940","2.90668"
"2007008940","1995405963","2.90668"
"1995405963","2012427422","2.375"
"2012427422","1995405963","2.375"
"1995405963","2030593476","3.9928"
"2030593476","1995405963","3.9928"
"1995405963","2036329970","2.05833"
"2036329970","1995405963","2.05833"
"1995405963","2049221237","0.225"
"2049221237","1995405963","0.225"
"1995405963","2070231354","0.125"
"2070231354","1995405963","0.125"
"1995405963","2073227755","2.20833"
"2073227755","1995405963","2.20833"
"1995405963","2107377751","9.29167"
"2107377751","1995405963","9.29167"
"1995405963","2120659641","2.625"
"2120659641","1995405963","2.625"
"1995405963","2154807550","1.925"
"2154807550","1995405963","1.925"
"1995405963","2159494053","7.07613"
"2159494053","1995405963","7.07613"
"1995405963","2162462435","4.05833"
"2162462435","1995405963","4.05833"
"1995405963","2541537624","0.225"
"2541537624","1995405963","0.225"
"2006908712","2007008940","7.82335"
"2007008940","2006908712","7.82335"
"2006908712","2012427422","2.95833"
"2012427422","2006908712","2.95833"
"2006908712","2030593476","2.88446"
"2030593476","2006908712","2.88446"
"2006908712","2036329970","1.225"
"2036329970","2006908712","1.225"
"2006908712","2049221237","0.225"
"2049221237","2006908712","0.225"
"2006908712","2070231354","0.125"
"2070231354","2006908712","0.125"
"2006908712","2073227755","1.375"
"2073227755","2006908712","1.375"
"2006908712","2107377751","1.225"
"2107377751","2006908712","1.225"
"2006908712","2120659641","14.7917"
"2120659641","2006908712","14.7917"
"2006908712","2154807550","0.225"
"2154807550","2006908712","0.225"
"2006908712","2159494053","16.2845"
"2159494053","2006908712","16.2845"
"2006908712","2162462435","1.725"
"2162462435","2006908712","1.725"
"2006908712","2541537624","0.225"
"2541537624","2006908712","0.225"
"2007008940","2012427422","1.65833"
"2012427422","2007008940","1.65833"
"2007008940","2030593476","2.77335"
"2030593476","2007008940","2.77335"
"2007008940","2036329970","0.558333"
"2036329970","2007008940","0.558333"
"2007008940","2049221237","0.225"
"2049221237","2007008940","0.225"
"2007008940","2070231354","0.125"
"2070231354","2007008940","0.125"
"2007008940","2073227755","0.125"
"2073227755","2007008940","0.125"
"2007008940","2107377751","0.225"
"2107377751","2007008940","0.225"
"2007008940","2120659641","0.125"
"2120659641","2007008940","0.125"
"2007008940","2154807550","0.225"
"2154807550","2007008940","0.225"
"2007008940","2159494053","4.20669"
"2159494053","2007008940","4.20669"
"2007008940","2162462435","2.30833"
"2162462435","2007008940","2.30833"
"2007008940","2541537624","0.225"
"2541537624","2007008940","0.225"
"2012427422","2030593476","0.125"
"2030593476","2012427422","0.125"
"2012427422","2036329970","0.125"
"2036329970","2012427422","0.125"
"2012427422","2049221237","0.125"
"2049221237","2012427422","0.125"
"2012427422","2070231354","0.125"
"2070231354","2012427422","0.125"
"2012427422","2073227755","0.125"
"2073227755","2012427422","0.125"
"2012427422","2107377751","0.125"
"2107377751","2012427422","0.125"
"2012427422","2120659641","0.875"
"2120659641","2012427422","0.875"
"2012427422","2154807550","0.125"
"2154807550","2012427422","0.125"
"2012427422","2159494053","2.09167"
"2159494053","2012427422","2.09167"
"2012427422","2162462435","0.125"
"2162462435","2012427422","0.125"
"2012427422","2541537624","0.125"
"2541537624","2012427422","0.125"
"2030593476","2036329970","0.125"
"2036329970","2030593476","0.125"
"2030593476","2049221237","0.125"
"2049221237","2030593476","0.125"
"2030593476","2070231354","0.125"
"2070231354","2030593476","0.125"
"2030593476","2073227755","2.125"
"2073227755","2030593476","2.125"
"2030593476","2107377751","0.525"
"2107377751","2030593476","0.525"
"2030593476","2120659641","0.458333"
"2120659641","2030593476","0.458333"
"2030593476","2154807550","0.325"
"2154807550","2030593476","0.325"
"2030593476","2159494053","2.15232"
"2159494053","2030593476","2.15232"
"2030593476","2162462435","1.875"
"2162462435","2030593476","1.875"
"2030593476","2541537624","0.125"
"2541537624","2030593476","0.125"
"2036329970","2049221237","0.225"
"2049221237","2036329970","0.225"
"2036329970","2070231354","0.125"
"2070231354","2036329970","0.125"
"2036329970","2073227755","0.125"
"2073227755","2036329970","0.125"
"2036329970","2107377751","0.367857"
"2107377751","2036329970","0.367857"
"2036329970","2120659641","0.125"
"2120659641","2036329970","0.125"
"2036329970","2154807550","0.367857"
"2154807550","2036329970","0.367857"
"2036329970","2159494053","0.70119"
"2159494053","2036329970","0.70119"
"2036329970","2162462435","9.39167"
"2162462435","2036329970","9.39167"
"2036329970","2541537624","0.225"
"2541537624","2036329970","0.225"
"2049221237","2070231354","0.125"
"2070231354","2049221237","0.125"
"2049221237","2073227755","0.125"
"2073227755","2049221237","0.125"
"2049221237","2107377751","0.225"
"2107377751","2049221237","0.225"
"2049221237","2120659641","0.125"
"2120659641","2049221237","0.125"
"2049221237","2154807550","0.225"
"2154807550","2049221237","0.225"
"2049221237","2159494053","1.225"
"2159494053","2049221237","1.225"
"2049221237","2162462435","0.225"
"2162462435","2049221237","0.225"
"2049221237","2541537624","0.225"
"2541537624","2049221237","0.225"
"2070231354","2073227755","0.125"
"2073227755","2070231354","0.125"
"2070231354","2107377751","0.125"
"2107377751","2070231354","0.125"
"2070231354","2120659641","0.125"
"2120659641","2070231354","0.125"
"2070231354","2154807550","0.125"
"2154807550","2070231354","0.125"
"2070231354","2159494053","0.125"
"2159494053","2070231354","0.125"
"2070231354","2162462435","0.125"
"2162462435","2070231354","0.125"
"2070231354","2541537624","0.125"
"2541537624","2070231354","0.125"
"2073227755","2107377751","0.458333"
"2107377751","2073227755","0.458333"
"2073227755","2120659641","1.375"
"2120659641","2073227755","1.375"
"2073227755","2154807550","1.45833"
"2154807550","2073227755","1.45833"
"2073227755","2159494053","0.375"
"2159494053","2073227755","0.375"
"2073227755","2162462435","0.125"
"2162462435","2073227755","0.125"
"2073227755","2541537624","0.125"
"2541537624","2073227755","0.125"
"2107377751","2120659641","1.375"
"2120659641","2107377751","1.375"
"2107377751","2154807550","2.06786"
"2154807550","2107377751","2.06786"
"2107377751","2159494053","1.11786"
"2159494053","2107377751","1.11786"
"2107377751","2162462435","0.475"
"2162462435","2107377751","0.475"
"2107377751","2541537624","0.225"
"2541537624","2107377751","0.225"
"2120659641","2154807550","0.541667"
"2154807550","2120659641","0.541667"
"2120659641","2159494053","7.375"
"2159494053","2120659641","7.375"
"2120659641","2162462435","0.125"
"2162462435","2120659641","0.125"
"2120659641","2541537624","0.125"
"2541537624","2120659641","0.125"
"2154807550","2159494053","0.784524"
"2159494053","2154807550","0.784524"
"2154807550","2162462435","0.475"
"2162462435","2154807550","0.475"
"2154807550","2541537624","0.225"
"2541537624","2154807550","0.225"
"2159494053","2162462435","1.30833"
"2162462435","2159494053","1.30833"
"2159494053","2541537624","0.225"
"2541537624","2159494053","0.225"
"2162462435","2541537624","0.225"
"2541537624","2162462435","0.225"
"1593962000","1995405963","0.4"
"1995405963","1593962000","0.4"
"1593962000","2030593476","0.4"
"2030593476","1593962000","0.4"
"1593962000","2107377751","0.4"
"2107377751","1593962000","0.4"
"1593962000","2119603638","0.4"
"2119603638","1593962000","0.4"
"1593962000","2154807550","0.2"
"2154807550","1593962000","0.2"
"1995405963","2119603638","0.969444"
"2119603638","1995405963","0.969444"
"2030593476","2119603638","1.80278"
"2119603638","2030593476","1.80278"
"2107377751","2119603638","0.4"
"2119603638","2107377751","0.4"
"2119603638","2154807550","0.2"
"2154807550","2119603638","0.2"
"1593962000","1987936832","0.2"
"1987936832","1593962000","0.2"
"1987936832","1995405963","4.2"
"1995405963","1987936832","4.2"
"1987936832","2030593476","0.2"
"2030593476","1987936832","0.2"
"1987936832","2107377751","4.53333"
"2107377751","1987936832","4.53333"
"1987936832","2119603638","0.2"
"2119603638","1987936832","0.2"
"172819943","1995405963","0.5"
"1995405963","172819943","0.5"
"172819943","2295497434","0.5"
"2295497434","172819943","0.5"
"1995405963","2295497434","1.11111"
"2295497434","1995405963","1.11111"
"1874038193","2120659641","3.91667"
"2120659641","1874038193","3.91667"
"1874038193","2006908712","0.833333"
"2006908712","1874038193","0.833333"
"1874038193","2012427422","1.58333"
"2012427422","1874038193","1.58333"
"1874038193","2156143506","0.333333"
"2156143506","1874038193","0.333333"
"2006908712","2156143506","1.7"
"2156143506","2006908712","1.7"
"2012427422","2156143506","1.03333"
"2156143506","2012427422","1.03333"
"1874038193","1995405963","0.75"
"1995405963","1874038193","0.75"
"1874038193","2050037040","0.416667"
"2050037040","1874038193","0.416667"
"1995405963","2050037040","3.7381"
"2050037040","1995405963","3.7381"
"2012427422","2050037040","0.416667"
"2050037040","2012427422","0.416667"
"2050037040","2120659641","0.416667"
"2120659641","2050037040","0.416667"
"1874038193","1963988347","0.166667"
"1963988347","1874038193","0.166667"
"1874038193","2013542590","0.166667"
"2013542590","1874038193","0.166667"
"1963988347","1995405963","1.37778"
"1995405963","1963988347","1.37778"
"1963988347","2012427422","1.66667"
"2012427422","1963988347","1.66667"
"1963988347","2013542590","1.14286"
"2013542590","1963988347","1.14286"
"1963988347","2050037040","0.309524"
"2050037040","1963988347","0.309524"
"1963988347","2120659641","0.166667"
"2120659641","1963988347","0.166667"
"1995405963","2013542590","2"
"2013542590","1995405963","2"
"2012427422","2013542590","0.833333"
"2013542590","2012427422","0.833333"
"2013542590","2050037040","0.309524"
"2050037040","2013542590","0.309524"
"2013542590","2120659641","0.416667"
"2120659641","2013542590","0.416667"
"1874038193","2007008940","0.333333"
"2007008940","1874038193","0.333333"
"1874038193","2107377751","0.5"
"2107377751","1874038193","0.5"
"1963988347","2006908712","1.54444"
"2006908712","1963988347","1.54444"
"1963988347","2007008940","0.633333"
"2007008940","1963988347","0.633333"
"1963988347","2156143506","0.533333"
"2156143506","1963988347","0.533333"
"1995405963","2156143506","0.366667"
"2156143506","1995405963","0.366667"
"2007008940","2156143506","0.866667"
"2156143506","2007008940","0.866667"
"1963988347","2091579352","0.333333"
"2091579352","1963988347","0.333333"
"1963988347","2159494053","1.4873"
"2159494053","1963988347","1.4873"
"2013542590","2091579352","0.666667"
"2091579352","2013542590","0.666667"
"2013542590","2159494053","1.97619"
"2159494053","2013542590","1.97619"
"2091579352","2159494053","0.666667"
"2159494053","2091579352","0.666667"
"1963988347","1971990316","0.111111"
"1971990316","1963988347","0.111111"
"1963988347","2030593476","0.611111"
"2030593476","1963988347","0.611111"
"1963988347","2111656300","0.253968"
"2111656300","1963988347","0.253968"
"1963988347","2119603638","0.611111"
"2119603638","1963988347","0.611111"
"1963988347","2295497434","0.111111"
"2295497434","1963988347","0.111111"
"1963988347","2309899186","0.111111"
"2309899186","1963988347","0.111111"
"1971990316","2111656300","0.426129"
"2111656300","1971990316","0.426129"
"1971990316","2119603638","0.236111"
"2119603638","1971990316","0.236111"
"1971990316","2295497434","0.111111"
"2295497434","1971990316","0.111111"
"1971990316","2309899186","0.236111"
"2309899186","1971990316","0.236111"
"1995405963","2111656300","4.00946"
"2111656300","1995405963","4.00946"
"1995405963","2309899186","0.736111"
"2309899186","1995405963","0.736111"
"2006908712","2111656300","1.8428"
"2111656300","2006908712","1.8428"
"2006908712","2119603638","0.111111"
"2119603638","2006908712","0.111111"
"2006908712","2295497434","0.111111"
"2295497434","2006908712","0.111111"
"2006908712","2309899186","0.111111"
"2309899186","2006908712","0.111111"
"2030593476","2111656300","0.818987"
"2111656300","2030593476","0.818987"
"2030593476","2295497434","0.420635"
"2295497434","2030593476","0.420635"
"2030593476","2309899186","0.236111"
"2309899186","2030593476","0.236111"
"2111656300","2119603638","0.111111"
"2119603638","2111656300","0.111111"
"2111656300","2159494053","1.21184"
"2159494053","2111656300","1.21184"
"2111656300","2295497434","0.420635"
"2295497434","2111656300","0.420635"
"2111656300","2309899186","0.111111"
"2309899186","2111656300","0.111111"
"2119603638","2159494053","0.236111"
"2159494053","2119603638","0.236111"
"2119603638","2295497434","0.111111"
"2295497434","2119603638","0.111111"
"2119603638","2309899186","0.236111"
"2309899186","2119603638","0.236111"
"2159494053","2295497434","0.420635"
"2295497434","2159494053","0.420635"
"2159494053","2309899186","0.236111"
"2309899186","2159494053","0.236111"
"2295497434","2309899186","0.111111"
"2309899186","2295497434","0.111111"
"1963988347","2164693138","0.6"
"2164693138","1963988347","0.6"
"1995405963","2164693138","3.58169"
"2164693138","1995405963","3.58169"
"2006908712","2164693138","1.91502"
"2164693138","2006908712","1.91502"
"2012427422","2164693138","0.766667"
"2164693138","2012427422","0.766667"
"2159494053","2164693138","1.64121"
"2164693138","2159494053","1.64121"
"1963988347","2036329970","0.242857"
"2036329970","1963988347","0.242857"
"1963988347","2107377751","0.242857"
"2107377751","1963988347","0.242857"
"1963988347","2154807550","0.242857"
"2154807550","1963988347","0.242857"
"2013542590","2036329970","0.142857"
"2036329970","2013542590","0.142857"
"2013542590","2107377751","0.142857"
"2107377751","2013542590","0.142857"
"2013542590","2111656300","0.47619"
"2111656300","2013542590","0.47619"
"2013542590","2154807550","0.142857"
"2154807550","2013542590","0.142857"
"2036329970","2050037040","0.142857"
"2050037040","2036329970","0.142857"
"2036329970","2111656300","0.142857"
"2111656300","2036329970","0.142857"
"2050037040","2107377751","0.72619"
"2107377751","2050037040","0.72619"
"2050037040","2111656300","0.214286"
"2111656300","2050037040","0.214286"
"2050037040","2154807550","0.392857"
"2154807550","2050037040","0.392857"
"2050037040","2159494053","1.04762"
"2159494053","2050037040","1.04762"
"2107377751","2111656300","0.309524"
"2111656300","2107377751","0.309524"
"2111656300","2154807550","0.309524"
"2154807550","2111656300","0.309524"
"1963988347","2049221237","0.1"
"2049221237","1963988347","0.1"
"1963988347","2162462435","0.1"
"2162462435","1963988347","0.1"
"1963988347","2541537624","0.1"
"2541537624","1963988347","0.1"
"1963988347","2950539479","0.2"
"2950539479","1963988347","0.2"
"1995405963","2950539479","0.2"
"2950539479","1995405963","0.2"
"2006908712","2950539479","0.2"
"2950539479","2006908712","0.2"
"2012427422","2950539479","0.2"
"2950539479","2012427422","0.2"
"2159494053","2950539479","0.2"
"2950539479","2159494053","0.2"
"1971990316","2164693138","4.14835"
"2164693138","1971990316","4.14835"
"1971990316","1987936832","0.166667"
"1987936832","1971990316","0.166667"
"1971990316","2026310363","0.940018"
"2026310363","1971990316","0.940018"
"1971990316","2990879431","0.166667"
"2990879431","1971990316","0.166667"
"1987936832","2026310363","0.166667"
"2026310363","1987936832","0.166667"
"1987936832","2111656300","0.666667"
"2111656300","1987936832","0.666667"
"1987936832","2120659641","0.166667"
"2120659641","1987936832","0.166667"
"1987936832","2990879431","0.166667"
"2990879431","1987936832","0.166667"
"1995405963","2026310363","0.940018"
"2026310363","1995405963","0.940018"
"1995405963","2990879431","0.166667"
"2990879431","1995405963","0.166667"
"2026310363","2111656300","0.315018"
"2111656300","2026310363","0.315018"
"2026310363","2120659641","0.166667"
"2120659641","2026310363","0.166667"
"2026310363","2990879431","0.166667"
"2990879431","2026310363","0.166667"
"2111656300","2120659641","0.333333"
"2120659641","2111656300","0.333333"
"2111656300","2990879431","0.333333"
"2990879431","2111656300","0.333333"
"2120659641","2990879431","0.166667"
"2990879431","2120659641","0.166667"
"2030593476","2164693138","1.20788"
"2164693138","2030593476","1.20788"
"2026310363","2164693138","0.648352"
"2164693138","2026310363","0.648352"
"1971990316","2100640305","0.148352"
"2100640305","1971990316","0.148352"
"1971990316","2714201208","0.148352"
"2714201208","1971990316","0.148352"
"1971990316","2883082709","0.273352"
"2883082709","1971990316","0.273352"
"1971990316","2884015218","0.273352"
"2884015218","1971990316","0.273352"
"1971990316","2901337819","0.148352"
"2901337819","1971990316","0.148352"
"1995405963","2100640305","0.148352"
"2100640305","1995405963","0.148352"
"1995405963","2714201208","0.148352"
"2714201208","1995405963","0.148352"
"1995405963","2883082709","0.273352"
"2883082709","1995405963","0.273352"
"1995405963","2884015218","0.273352"
"2884015218","1995405963","0.273352"
"1995405963","2901337819","0.148352"
"2901337819","1995405963","0.148352"
"2006908712","2026310363","0.148352"
"2026310363","2006908712","0.148352"
"2006908712","2100640305","0.148352"
"2100640305","2006908712","0.148352"
"2006908712","2714201208","0.148352"
"2714201208","2006908712","0.148352"
"2006908712","2883082709","0.148352"
"2883082709","2006908712","0.148352"
"2006908712","2884015218","0.148352"
"2884015218","2006908712","0.148352"
"2006908712","2901337819","0.148352"
"2901337819","2006908712","0.148352"
"2007008940","2026310363","0.148352"
"2026310363","2007008940","0.148352"
"2007008940","2100640305","0.148352"
"2100640305","2007008940","0.148352"
"2007008940","2111656300","1.31502"
"2111656300","2007008940","1.31502"
"2007008940","2164693138","0.148352"
"2164693138","2007008940","0.148352"
"2007008940","2714201208","0.148352"
"2714201208","2007008940","0.148352"
"2007008940","2883082709","0.148352"
"2883082709","2007008940","0.148352"
"2007008940","2884015218","0.481685"
"2884015218","2007008940","0.481685"
"2007008940","2901337819","0.148352"
"2901337819","2007008940","0.148352"
"2026310363","2030593476","0.273352"
"2030593476","2026310363","0.273352"
"2026310363","2100640305","0.148352"
"2100640305","2026310363","0.148352"
"2026310363","2159494053","0.273352"
"2159494053","2026310363","0.273352"
"2026310363","2714201208","0.148352"
"2714201208","2026310363","0.148352"
"2026310363","2883082709","0.273352"
"2883082709","2026310363","0.273352"
"2026310363","2884015218","0.273352"
"2884015218","2026310363","0.273352"
"2026310363","2901337819","0.148352"
"2901337819","2026310363","0.148352"
"2030593476","2100640305","0.291209"
"2100640305","2030593476","0.291209"
"2030593476","2714201208","0.457875"
"2714201208","2030593476","0.457875"
"2030593476","2883082709","0.606685"
"2883082709","2030593476","0.606685"
"2030593476","2884015218","0.416209"
"2884015218","2030593476","0.416209"
"2030593476","2901337819","0.815018"
"2901337819","2030593476","0.815018"
"2100640305","2111656300","0.291209"
"2111656300","2100640305","0.291209"
"2100640305","2159494053","0.291209"
"2159494053","2100640305","0.291209"
"2100640305","2164693138","0.291209"
"2164693138","2100640305","0.291209"
"2100640305","2714201208","0.291209"
"2714201208","2100640305","0.291209"
"2100640305","2883082709","0.148352"
"2883082709","2100640305","0.148352"
"2100640305","2884015218","0.291209"
"2884015218","2100640305","0.291209"
"2100640305","2901337819","0.148352"
"2901337819","2100640305","0.148352"
"2111656300","2164693138","4.54121"
"2164693138","2111656300","4.54121"
"2111656300","2714201208","0.457875"
"2714201208","2111656300","0.457875"
"2111656300","2883082709","0.148352"
"2883082709","2111656300","0.148352"
"2111656300","2884015218","0.291209"
"2884015218","2111656300","0.291209"
"2111656300","2901337819","0.148352"
"2901337819","2111656300","0.148352"
"2159494053","2714201208","0.457875"
"2714201208","2159494053","0.457875"
"2159494053","2883082709","0.273352"
"2883082709","2159494053","0.273352"
"2159494053","2884015218","0.416209"
"2884015218","2159494053","0.416209"
"2159494053","2901337819","0.481685"
"2901337819","2159494053","0.481685"
"2164693138","2714201208","0.457875"
"2714201208","2164693138","0.457875"
"2164693138","2883082709","0.148352"
"2883082709","2164693138","0.148352"
"2164693138","2884015218","0.291209"
"2884015218","2164693138","0.291209"
"2164693138","2901337819","0.148352"
"2901337819","2164693138","0.148352"
"2714201208","2883082709","0.148352"
"2883082709","2714201208","0.148352"
"2714201208","2884015218","0.291209"
"2884015218","2714201208","0.291209"
"2714201208","2901337819","0.148352"
"2901337819","2714201208","0.148352"
"2883082709","2884015218","0.273352"
"2884015218","2883082709","0.273352"
"2883082709","2901337819","0.481685"
"2901337819","2883082709","0.481685"
"2884015218","2901337819","0.148352"
"2901337819","2884015218","0.148352"
"1971990316","2050037040","0.0714286"
"2050037040","1971990316","0.0714286"
"2006908712","2050037040","0.904762"
"2050037040","2006908712","0.904762"
"2007008940","2050037040","0.404762"
"2050037040","2007008940","0.404762"
"2026310363","2050037040","0.0714286"
"2050037040","2026310363","0.0714286"
"2030593476","2050037040","1.07143"
"2050037040","2030593476","1.07143"
"2050037040","2100640305","0.0714286"
"2100640305","2050037040","0.0714286"
"2050037040","2164693138","0.0714286"
"2164693138","2050037040","0.0714286"
"2050037040","2714201208","0.0714286"
"2714201208","2050037040","0.0714286"
"2050037040","2883082709","0.404762"
"2883082709","2050037040","0.404762"
"2050037040","2884015218","0.0714286"
"2884015218","2050037040","0.0714286"
"2050037040","2901337819","0.738095"
"2901337819","2050037040","0.738095"
"2026310363","2119603638","0.125"
"2119603638","2026310363","0.125"
"2026310363","2309899186","0.125"
"2309899186","2026310363","0.125"
"2119603638","2883082709","0.125"
"2883082709","2119603638","0.125"
"2119603638","2884015218","0.125"
"2884015218","2119603638","0.125"
"2309899186","2883082709","0.125"
"2883082709","2309899186","0.125"
"2309899186","2884015218","0.125"
"2884015218","2309899186","0.125"
"1987936832","2050037040","0.333333"
"2050037040","1987936832","0.333333"
"2050037040","2162462435","1.75"
"2162462435","2050037040","1.75"
"2006908712","2013542590","2"
"2013542590","2006908712","2"
"2012427422","2111656300","0.166667"
"2111656300","2012427422","0.166667"
"2013542590","2164693138","0.416667"
"2164693138","2013542590","0.416667"
"2050037040","2073227755","0.5"
"2073227755","2050037040","0.5"
"2107377751","2164693138","0.166667"
"2164693138","2107377751","0.166667"
"2120659641","2164693138","0.166667"
"2164693138","2120659641","0.166667"
"2154807550","2164693138","0.166667"
"2164693138","2154807550","0.166667"
"2050037040","2119603638","0.333333"
"2119603638","2050037040","0.333333"
"2026310363","2295497434","0.5"
"2295497434","2026310363","0.5"
"2107377751","2309899186","0.5"
"2309899186","2107377751","0.5"
"1995405963","2091579352","0.166667"
"2091579352","1995405963","0.166667"
"2006908712","2091579352","0.333333"
"2091579352","2006908712","0.333333"
"2007008940","2013542590","0.833333"
"2013542590","2007008940","0.833333"
"2007008940","2091579352","0.333333"
"2091579352","2007008940","0.333333"
"2013542590","2156143506","0.333333"
"2156143506","2013542590","0.333333"
"2091579352","2156143506","0.333333"
"2156143506","2091579352","0.333333"
"2156143506","2159494053","0.833333"
"2159494053","2156143506","0.833333"
"2120659641","2156143506","0.833333"
"2156143506","2120659641","0.833333"
"2091579352","2111656300","0.166667"
"2111656300","2091579352","0.166667"
"2111656300","2156143506","0.166667"
"2156143506","2111656300","0.166667"
"2007008940","2119603638","1"
"2119603638","2007008940","1"
"2036329970","2884015218","0.333333"
"2884015218","2036329970","0.333333"
"2162462435","2884015218","0.333333"
"2884015218","2162462435","0.333333"
"2030593476","2156143506","0.333333"
"2156143506","2030593476","0.333333"
"2119603638","2120659641","0.333333"
"2120659641","2119603638","0.333333"
"2119603638","2156143506","0.333333"
"2156143506","2119603638","0.333333"
"2100640305","2295497434","0.142857"
"2295497434","2100640305","0.142857"
"2164693138","2295497434","0.309524"
"2295497434","2164693138","0.309524"
"2295497434","2714201208","0.309524"
"2714201208","2295497434","0.309524"
"2295497434","2884015218","0.142857"
"2884015218","2295497434","0.142857"
"2030593476","2990879431","0.166667"
"2990879431","2030593476","0.166667"
"2159494053","2990879431","0.166667"
"2990879431","2159494053","0.166667"
"2164693138","2990879431","0.166667"
"2990879431","2164693138","0.166667"
"2295497434","2990879431","0.166667"
"2990879431","2295497434","0.166667"
"2714201208","2990879431","0.166667"
"2990879431","2714201208","0.166667"
"2162462435","2908219578","1"
"2908219578","2162462435","1"
"2162462435","2901337819","1"
"2901337819","2162462435","1"
