"1017057896","1564743226","0.542857"
"1564743226","1017057896","0.542857"
"1017057896","1590456070","0.542857"
"1590456070","1017057896","0.542857"
"1017057896","2088454850","0.542857"
"2088454850","1017057896","0.542857"
"1017057896","2118671571","0.2"
"2118671571","1017057896","0.2"
"1017057896","9657784","6.54286"
"9657784","1017057896","6.54286"
"1564743226","1590456070","1.16786"
"1590456070","1564743226","1.16786"
"1564743226","2088454850","1.66786"
"2088454850","1564743226","1.66786"
"1564743226","2118671571","1.2"
"2118671571","1564743226","1.2"
"1564743226","9657784","14.6679"
"9657784","1564743226","14.6679"
"1590456070","2088454850","5.91786"
"2088454850","1590456070","5.91786"
"1590456070","2118671571","1.45"
"2118671571","1590456070","1.45"
"1590456070","9657784","6.41786"
"9657784","1590456070","6.41786"
"2088454850","2118671571","1.95"
"2118671571","2088454850","1.95"
"2088454850","9657784","8.58452"
"9657784","2088454850","8.58452"
"2118671571","9657784","2.45"
"9657784","2118671571","2.45"
"1017057896","2018061979","0.342857"
"2018061979","1017057896","0.342857"
"1564743226","2018061979","0.80119"
"2018061979","1564743226","0.80119"
"1590456070","2018061979","1.38452"
"2018061979","1590456070","1.38452"
"2018061979","2088454850","2.55119"
"2088454850","2018061979","2.55119"
"2018061979","9657784","32.2179"
"9657784","2018061979","32.2179"
"1017057896","1608718905","0.142857"
"1608718905","1017057896","0.142857"
"1017057896","2396652156","0.142857"
"2396652156","1017057896","0.142857"
"1564743226","1608718905","2.30952"
"1608718905","1564743226","2.30952"
"1564743226","2396652156","0.142857"
"2396652156","1564743226","0.142857"
"1590456070","1608718905","2.14286"
"1608718905","1590456070","2.14286"
"1590456070","2396652156","0.142857"
"2396652156","1590456070","0.142857"
"1608718905","2018061979","1.80952"
"2018061979","1608718905","1.80952"
"1608718905","2088454850","1.14286"
"2088454850","1608718905","1.14286"
"1608718905","2396652156","0.142857"
"2396652156","1608718905","0.142857"
"1608718905","9657784","6.30952"
"9657784","1608718905","6.30952"
"2018061979","2396652156","0.142857"
"2396652156","2018061979","0.142857"
"2088454850","2396652156","0.142857"
"2396652156","2088454850","0.142857"
"2396652156","9657784","0.142857"
"9657784","2396652156","0.142857"
"1564743226","2105037940","2.33333"
"2105037940","1564743226","2.33333"
"2105037940","9657784","12.0833"
"9657784","2105037940","12.0833"
"2088454850","2105037940","0.666667"
"2105037940","2088454850","0.666667"
"1564743226","2962763344","1.29167"
"2962763344","1564743226","1.29167"
"1564743226","2963792772","0.666667"
"2963792772","1564743226","0.666667"
"1608718905","2105037940","0.166667"
"2105037940","1608718905","0.166667"
"1608718905","2962763344","0.666667"
"2962763344","1608718905","0.666667"
"1608718905","2963792772","0.166667"
"2963792772","1608718905","0.166667"
"2018061979","2105037940","3.33333"
"2105037940","2018061979","3.33333"
"2018061979","2962763344","0.291667"
"2962763344","2018061979","0.291667"
"2018061979","2963792772","0.166667"
"2963792772","2018061979","0.166667"
"2105037940","2962763344","0.916667"
"2962763344","2105037940","0.916667"
"2105037940","2963792772","0.166667"
"2963792772","2105037940","0.166667"
"2962763344","2963792772","0.166667"
"2963792772","2962763344","0.166667"
"2962763344","9657784","13.0417"
"9657784","2962763344","13.0417"
"2963792772","9657784","0.666667"
"9657784","2963792772","0.666667"
"1564743226","2417524550","0.166667"
"2417524550","1564743226","0.166667"
"1590456070","2105037940","0.666667"
"2105037940","1590456070","0.666667"
"1590456070","2417524550","0.166667"
"2417524550","1590456070","0.166667"
"2018061979","2417524550","0.166667"
"2417524550","2018061979","0.166667"
"2088454850","2417524550","0.166667"
"2417524550","2088454850","0.166667"
"2105037940","2417524550","0.166667"
"2417524550","2105037940","0.166667"
"2417524550","9657784","0.166667"
"9657784","2417524550","0.166667"
"1564743226","2565822507","0.25"
"2565822507","1564743226","0.25"
"1564743226","2789987041","0.25"
"2789987041","1564743226","0.25"
"1564743226","2794878842","0.25"
"2794878842","1564743226","0.25"
"2565822507","2789987041","0.25"
"2789987041","2565822507","0.25"
"2565822507","2794878842","0.25"
"2794878842","2565822507","0.25"
"2565822507","9657784","0.25"
"9657784","2565822507","0.25"
"2789987041","2794878842","0.25"
"2794878842","2789987041","0.25"
"2789987041","9657784","4.75"
"9657784","2789987041","4.75"
"2794878842","9657784","1.25"
"9657784","2794878842","1.25"
"1564743226","2963165251","1.20833"
"2963165251","1564743226","1.20833"
"1564743226","2963579187","0.125"
"2963579187","1564743226","0.125"
"1564743226","2963896559","0.125"
"2963896559","1564743226","0.125"
"1590456070","2962763344","0.625"
"2962763344","1590456070","0.625"
"1590456070","2963165251","0.125"
"2963165251","1590456070","0.125"
"1590456070","2963579187","0.125"
"2963579187","1590456070","0.125"
"1590456070","2963896559","0.125"
"2963896559","1590456070","0.125"
"2018061979","2963165251","0.125"
"2963165251","2018061979","0.125"
"2018061979","2963579187","0.125"
"2963579187","2018061979","0.125"
"2018061979","2963896559","0.125"
"2963896559","2018061979","0.125"
"2088454850","2962763344","2.625"
"2962763344","2088454850","2.625"
"2088454850","2963165251","0.125"
"2963165251","2088454850","0.125"
"2088454850","2963579187","0.125"
"2963579187","2088454850","0.125"
"2088454850","2963896559","0.125"
"2963896559","2088454850","0.125"
"2962763344","2963165251","0.375"
"2963165251","2962763344","0.375"
"2962763344","2963579187","0.125"
"2963579187","2962763344","0.125"
"2962763344","2963896559","0.125"
"2963896559","2962763344","0.125"
"2963165251","2963579187","1.125"
"2963579187","2963165251","1.125"
"2963165251","2963896559","0.125"
"2963896559","2963165251","0.125"
"2963165251","9657784","6.95833"
"9657784","2963165251","6.95833"
"2963579187","2963896559","0.125"
"2963896559","2963579187","0.125"
"2963579187","9657784","1.125"
"9657784","2963579187","1.125"
"2963896559","9657784","0.625"
"9657784","2963896559","0.625"
"1564743226","2963359529","0.333333"
"2963359529","1564743226","0.333333"
"2963165251","2963359529","0.333333"
"2963359529","2963165251","0.333333"
"2963359529","9657784","2.33333"
"9657784","2963359529","2.33333"
"2105037940","2963165251","0.75"
"2963165251","2105037940","0.75"
"1564743226","2765325603","0.25"
"2765325603","1564743226","0.25"
"1564743226","2971760890","0.25"
"2971760890","1564743226","0.25"
"2765325603","2963165251","0.75"
"2963165251","2765325603","0.75"
"2765325603","2971760890","0.25"
"2971760890","2765325603","0.25"
"2765325603","9657784","2.75"
"9657784","2765325603","2.75"
"2963165251","2971760890","0.25"
"2971760890","2963165251","0.25"
"2971760890","9657784","0.75"
"9657784","2971760890","0.75"
"2018061979","2118671571","0.25"
"2118671571","2018061979","0.25"
"1590456070","1966917412","0.5"
"1966917412","1590456070","0.5"
"1966917412","2118671571","5"
"2118671571","1966917412","5"
"1590456070","2611170103","0.5"
"2611170103","1590456070","0.5"
"2611170103","9657784","0.5"
"9657784","2611170103","0.5"
"1608718905","1966917412","0.5"
"1966917412","1608718905","0.5"
"1608718905","2118671571","0.5"
"2118671571","1608718905","0.5"
"1966917412","2113804820","4"
"2113804820","1966917412","4"
"2113804820","2118671571","2"
"2118671571","2113804820","2"
"2018061979","2113804820","0.5"
"2113804820","2018061979","0.5"
"2113804820","9657784","1.5"
"9657784","2113804820","1.5"
"2018061979","2565822507","1"
"2565822507","2018061979","1"
"2018061979","2967540978","0.666667"
"2967540978","2018061979","0.666667"
"2088454850","2967540978","0.666667"
"2967540978","2088454850","0.666667"
"2967540978","9657784","9.41667"
"9657784","2967540978","9.41667"
"2105037940","2765325603","0.5"
"2765325603","2105037940","0.5"
"2105037940","2967540978","0.25"
"2967540978","2105037940","0.25"
"2962763344","2967540978","0.75"
"2967540978","2962763344","0.75"
"2963165251","2967540978","0.75"
"2967540978","2963165251","0.75"
"2534646665","9657784","1"
"9657784","2534646665","1"
"2765325603","2899100205","0.5"
"2899100205","2765325603","0.5"
"2899100205","2963165251","2"
"2963165251","2899100205","2"
"2789987041","2963896559","1.5"
"2963896559","2789987041","1.5"
"2794878842","2967540978","1"
"2967540978","2794878842","1"
"2899100205","9657784","1.5"
"9657784","2899100205","1.5"
"2963579187","3013037563","1"
"3013037563","2963579187","1"
"2967540978","2971760890","0.5"
"2971760890","2967540978","0.5"
