"1047306120","1747872978","3.5246"
"1747872978","1047306120","3.5246"
"1047306120","1709429893","0.694444"
"1709429893","1047306120","0.694444"
"1047306120","1753839311","0.444444"
"1753839311","1047306120","0.444444"
"1047306120","1918088543","0.361111"
"1918088543","1047306120","0.361111"
"1047306120","1934124120","0.472222"
"1934124120","1047306120","0.472222"
"1047306120","1946756238","0.111111"
"1946756238","1047306120","0.111111"
"1047306120","1985997828","0.111111"
"1985997828","1047306120","0.111111"
"1047306120","2019883396","1.42063"
"2019883396","1047306120","1.42063"
"1047306120","2066571890","4.80952"
"2066571890","1047306120","4.80952"
"1047306120","2150836545","0.111111"
"2150836545","1047306120","0.111111"
"1709429893","1753839311","1.99841"
"1753839311","1709429893","1.99841"
"1709429893","1918088543","0.477778"
"1918088543","1709429893","0.477778"
"1709429893","1934124120","3.47778"
"1934124120","1709429893","3.47778"
"1709429893","1946756238","0.815079"
"1946756238","1709429893","0.815079"
"1709429893","1985997828","2.89841"
"1985997828","1709429893","2.89841"
"1709429893","2019883396","0.694444"
"2019883396","1709429893","0.694444"
"1709429893","2066571890","0.894444"
"2066571890","1709429893","0.894444"
"1709429893","2150836545","0.253968"
"2150836545","1709429893","0.253968"
"1753839311","1918088543","2.10278"
"1918088543","1753839311","2.10278"
"1753839311","1934124120","1.61111"
"1934124120","1753839311","1.61111"
"1753839311","1946756238","1.06508"
"1946756238","1753839311","1.06508"
"1753839311","1985997828","1.56508"
"1985997828","1753839311","1.56508"
"1753839311","2019883396","0.597222"
"2019883396","1753839311","0.597222"
"1753839311","2066571890","0.311111"
"2066571890","1753839311","0.311111"
"1753839311","2150836545","0.253968"
"2150836545","1753839311","0.253968"
"1918088543","1934124120","4.84369"
"1934124120","1918088543","4.84369"
"1918088543","1946756238","0.427778"
"1946756238","1918088543","0.427778"
"1918088543","1985997828","1.57702"
"1985997828","1918088543","1.57702"
"1918088543","2019883396","1.41154"
"2019883396","1918088543","1.41154"
"1918088543","2066571890","0.361111"
"2066571890","1918088543","0.361111"
"1918088543","2150836545","0.111111"
"2150836545","1918088543","0.111111"
"1934124120","1946756238","0.302778"
"1946756238","1934124120","0.302778"
"1934124120","1985997828","5.27702"
"1985997828","1934124120","5.27702"
"1934124120","2019883396","0.504798"
"2019883396","1934124120","0.504798"
"1934124120","2066571890","1.36111"
"2066571890","1934124120","1.36111"
"1934124120","2150836545","0.111111"
"2150836545","1934124120","0.111111"
"1946756238","1985997828","1.06508"
"1985997828","1946756238","1.06508"
"1946756238","2019883396","0.469444"
"2019883396","1946756238","0.469444"
"1946756238","2066571890","0.503968"
"2066571890","1946756238","0.503968"
"1946756238","2150836545","0.253968"
"2150836545","1946756238","0.253968"
"1985997828","2019883396","1.48099"
"2019883396","1985997828","1.48099"
"1985997828","2066571890","0.311111"
"2066571890","1985997828","0.311111"
"1985997828","2150836545","0.253968"
"2150836545","1985997828","0.253968"
"2019883396","2066571890","1.74286"
"2066571890","2019883396","1.74286"
"2019883396","2150836545","0.111111"
"2150836545","2019883396","0.111111"
"2066571890","2150836545","0.111111"
"2150836545","2066571890","0.111111"
"1047306120","1537454073","0.561111"
"1537454073","1047306120","0.561111"
"1047306120","2002733966","0.72619"
"2002733966","1047306120","0.72619"
"1047306120","2262139624","0.970635"
"2262139624","1047306120","0.970635"
"1537454073","1747872978","0.472222"
"1747872978","1537454073","0.472222"
"1537454073","2002733966","0.472222"
"2002733966","1537454073","0.472222"
"1537454073","2262139624","0.25"
"2262139624","1537454073","0.25"
"1747872978","2002733966","2.35119"
"2002733966","1747872978","2.35119"
"1747872978","2262139624","2.47897"
"2262139624","1747872978","2.47897"
"2002733966","2262139624","0.628968"
"2262139624","2002733966","0.628968"
"1047306120","1498974414","0.365079"
"1498974414","1047306120","0.365079"
"1047306120","2288353948","0.222222"
"2288353948","1047306120","0.222222"
"1047306120","2291360251","2.24683"
"2291360251","1047306120","2.24683"
"1047306120","2478859674","0.731746"
"2478859674","1047306120","0.731746"
"1498974414","1537454073","0.111111"
"1537454073","1498974414","0.111111"
"1498974414","1747872978","1.28175"
"1747872978","1498974414","1.28175"
"1498974414","1934124120","0.777778"
"1934124120","1498974414","0.777778"
"1498974414","2002733966","0.865079"
"2002733966","1498974414","0.865079"
"1498974414","2019883396","0.365079"
"2019883396","1498974414","0.365079"
"1498974414","2288353948","0.111111"
"2288353948","1498974414","0.111111"
"1498974414","2291360251","0.253968"
"2291360251","1498974414","0.253968"
"1498974414","2478859674","0.365079"
"2478859674","1498974414","0.365079"
"1537454073","1934124120","6.79444"
"1934124120","1537454073","6.79444"
"1537454073","2019883396","1.09008"
"2019883396","1537454073","1.09008"
"1537454073","2288353948","0.402778"
"2288353948","1537454073","0.402778"
"1537454073","2291360251","0.253968"
"2291360251","1537454073","0.253968"
"1537454073","2478859674","4.06111"
"2478859674","1537454073","4.06111"
"1747872978","1934124120","0.311111"
"1934124120","1747872978","0.311111"
"1747872978","2019883396","0.809524"
"2019883396","1747872978","0.809524"
"1747872978","2288353948","0.277778"
"2288353948","1747872978","0.277778"
"1747872978","2291360251","1.45516"
"2291360251","1747872978","1.45516"
"1747872978","2478859674","1.15675"
"2478859674","1747872978","1.15675"
"1934124120","2002733966","1.20202"
"2002733966","1934124120","1.20202"
"1934124120","2288353948","1.48611"
"2288353948","1934124120","1.48611"
"1934124120","2291360251","0.111111"
"2291360251","1934124120","0.111111"
"1934124120","2478859674","0.444444"
"2478859674","1934124120","0.444444"
"2002733966","2019883396","2.41154"
"2019883396","2002733966","2.41154"
"2002733966","2288353948","1.19841"
"2288353948","2002733966","1.19841"
"2002733966","2291360251","0.378968"
"2291360251","2002733966","0.378968"
"2002733966","2478859674","0.490079"
"2478859674","2002733966","0.490079"
"2019883396","2288353948","0.388889"
"2288353948","2019883396","0.388889"
"2019883396","2291360251","4.14683"
"2291360251","2019883396","4.14683"
"2019883396","2478859674","0.365079"
"2478859674","2019883396","0.365079"
"2288353948","2291360251","0.361111"
"2291360251","2288353948","0.361111"
"2288353948","2478859674","0.111111"
"2478859674","2288353948","0.111111"
"2291360251","2478859674","0.878968"
"2478859674","2291360251","0.878968"
"1498974414","2262139624","0.253968"
"2262139624","1498974414","0.253968"
"2019883396","2262139624","0.337302"
"2262139624","2019883396","0.337302"
"2262139624","2291360251","0.45119"
"2291360251","2262139624","0.45119"
"2262139624","2478859674","1.37897"
"2478859674","2262139624","1.37897"
"1047306120","2008237377","0.392857"
"2008237377","1047306120","0.392857"
"1047306120","2034933471","0.309524"
"2034933471","1047306120","0.309524"
"1047306120","2053991602","0.142857"
"2053991602","1047306120","0.142857"
"1047306120","2278607788","0.142857"
"2278607788","1047306120","0.142857"
"1747872978","2008237377","0.420635"
"2008237377","1747872978","0.420635"
"1747872978","2034933471","0.253968"
"2034933471","1747872978","0.253968"
"1747872978","2053991602","0.142857"
"2053991602","1747872978","0.142857"
"1747872978","2066571890","1.60397"
"2066571890","1747872978","1.60397"
"1747872978","2278607788","0.142857"
"2278607788","1747872978","0.142857"
"2008237377","2034933471","15.0718"
"2034933471","2008237377","15.0718"
"2008237377","2053991602","3.66905"
"2053991602","2008237377","3.66905"
"2008237377","2066571890","1.39286"
"2066571890","2008237377","1.39286"
"2008237377","2278607788","0.760714"
"2278607788","2008237377","0.760714"
"2008237377","2291360251","0.142857"
"2291360251","2008237377","0.142857"
"2034933471","2053991602","2.74286"
"2053991602","2034933471","2.74286"
"2034933471","2066571890","0.142857"
"2066571890","2034933471","0.142857"
"2034933471","2278607788","0.510714"
"2278607788","2034933471","0.510714"
"2034933471","2291360251","0.142857"
"2291360251","2034933471","0.142857"
"2053991602","2066571890","0.47619"
"2066571890","2053991602","0.47619"
"2053991602","2278607788","0.367857"
"2278607788","2053991602","0.367857"
"2053991602","2291360251","0.142857"
"2291360251","2053991602","0.142857"
"2066571890","2278607788","0.142857"
"2278607788","2066571890","0.142857"
"2066571890","2291360251","2.63571"
"2291360251","2066571890","2.63571"
"2278607788","2291360251","0.142857"
"2291360251","2278607788","0.142857"
"1047306120","1929823724","1.94444"
"1929823724","1047306120","1.94444"
"1929823724","2066571890","1.19444"
"2066571890","1929823724","1.19444"
"1047306120","2346551912","1.11111"
"2346551912","1047306120","1.11111"
"1047306120","2523144375","0.2"
"2523144375","1047306120","0.2"
"1047306120","2538582170","0.366667"
"2538582170","1047306120","0.366667"
"2066571890","2262139624","0.827778"
"2262139624","2066571890","0.827778"
"2066571890","2346551912","4.57063"
"2346551912","2066571890","4.57063"
"2066571890","2523144375","0.342857"
"2523144375","2066571890","0.342857"
"2066571890","2538582170","1.04286"
"2538582170","2066571890","1.04286"
"2262139624","2346551912","1.16111"
"2346551912","2262139624","1.16111"
"2262139624","2523144375","0.2"
"2523144375","2262139624","0.2"
"2262139624","2538582170","0.283333"
"2538582170","2262139624","0.283333"
"2346551912","2523144375","0.575"
"2523144375","2346551912","0.575"
"2346551912","2538582170","3.77183"
"2538582170","2346551912","3.77183"
"2523144375","2538582170","1.69286"
"2538582170","2523144375","1.69286"
"1047306120","1931880689","0.5"
"1931880689","1047306120","0.5"
"1709429893","1931880689","1.8123"
"1931880689","1709429893","1.8123"
"1753839311","1931880689","2.4373"
"1931880689","1753839311","2.4373"
"1047306120","2561624330","0.911111"
"2561624330","1047306120","0.911111"
"1498974414","2066571890","0.361111"
"2066571890","1498974414","0.361111"
"1498974414","2346551912","0.527778"
"2346551912","1498974414","0.527778"
"1498974414","2561624330","0.111111"
"2561624330","1498974414","0.111111"
"1747872978","2346551912","0.988889"
"2346551912","1747872978","0.988889"
"1747872978","2561624330","2.07222"
"2561624330","1747872978","2.07222"
"2002733966","2066571890","0.555556"
"2066571890","2002733966","0.555556"
"2002733966","2346551912","0.713131"
"2346551912","2002733966","0.713131"
"2002733966","2561624330","2.54722"
"2561624330","2002733966","2.54722"
"2019883396","2346551912","5.05281"
"2346551912","2019883396","5.05281"
"2019883396","2561624330","1.83175"
"2561624330","2019883396","1.83175"
"2066571890","2478859674","0.777778"
"2478859674","2066571890","0.777778"
"2066571890","2561624330","0.611111"
"2561624330","2066571890","0.611111"
"2262139624","2561624330","3.45278"
"2561624330","2262139624","3.45278"
"2346551912","2478859674","0.644444"
"2478859674","2346551912","0.644444"
"2346551912","2561624330","2.23175"
"2561624330","2346551912","2.23175"
"2478859674","2561624330","0.236111"
"2561624330","2478859674","0.236111"
"1047306120","2484968195","0.2"
"2484968195","1047306120","0.2"
"1047306120","2608549194","0.7"
"2608549194","1047306120","0.7"
"1047306120","2734706783","0.55"
"2734706783","1047306120","0.55"
"2066571890","2484968195","0.2"
"2484968195","2066571890","0.2"
"2066571890","2608549194","0.342857"
"2608549194","2066571890","0.342857"
"2066571890","2734706783","0.883333"
"2734706783","2066571890","0.883333"
"2484968195","2561624330","0.4"
"2561624330","2484968195","0.4"
"2484968195","2608549194","0.2"
"2608549194","2484968195","0.2"
"2484968195","2734706783","0.45"
"2734706783","2484968195","0.45"
"2561624330","2608549194","1.53333"
"2608549194","2561624330","1.53333"
"2561624330","2734706783","1.00833"
"2734706783","2561624330","1.00833"
"2608549194","2734706783","0.2"
"2734706783","2608549194","0.2"
"1047306120","2038897166","0.5"
"2038897166","1047306120","0.5"
"2038897166","2561624330","0.97619"
"2561624330","2038897166","0.97619"
"1047306120","2769200374","0.25"
"2769200374","1047306120","0.25"
"1747872978","2769200374","1.25"
"2769200374","1747872978","1.25"
"2066571890","2769200374","0.833333"
"2769200374","2066571890","0.833333"
"2291360251","2769200374","0.458333"
"2769200374","2291360251","0.458333"
"1047306120","2753121224","2.05"
"2753121224","1047306120","2.05"
"1747872978","2734706783","1.59167"
"2734706783","1747872978","1.59167"
"1747872978","2753121224","0.6"
"2753121224","1747872978","0.6"
"2066571890","2753121224","2.26667"
"2753121224","2066571890","2.26667"
"2734706783","2753121224","0.85"
"2753121224","2734706783","0.85"
"1918088543","2008237377","1"
"2008237377","1918088543","1"
"1934124120","2008237377","2.04167"
"2008237377","1934124120","2.04167"
"1047306120","2596876870","0.877778"
"2596876870","1047306120","0.877778"
"2596876870","2608549194","3"
"2608549194","2596876870","3"
"1047306120","2530702875","0.333333"
"2530702875","1047306120","0.333333"
"1047306120","2531820273","0.533333"
"2531820273","1047306120","0.533333"
"1931880689","2034933471","1.81667"
"2034933471","1931880689","1.81667"
"1931880689","2530702875","0.166667"
"2530702875","1931880689","0.166667"
"1931880689","2531820273","0.166667"
"2531820273","1931880689","0.166667"
"1931880689","2596876870","0.166667"
"2596876870","1931880689","0.166667"
"1931880689","2753121224","0.166667"
"2753121224","1931880689","0.166667"
"2034933471","2530702875","0.892857"
"2530702875","2034933471","0.892857"
"2034933471","2531820273","0.166667"
"2531820273","2034933471","0.166667"
"2034933471","2596876870","0.166667"
"2596876870","2034933471","0.166667"
"2034933471","2753121224","0.5"
"2753121224","2034933471","0.5"
"2530702875","2531820273","0.333333"
"2531820273","2530702875","0.333333"
"2530702875","2596876870","0.366667"
"2596876870","2530702875","0.366667"
"2530702875","2753121224","0.333333"
"2753121224","2530702875","0.333333"
"2531820273","2596876870","1.16667"
"2596876870","2531820273","1.16667"
"2531820273","2753121224","0.533333"
"2753121224","2531820273","0.533333"
"2596876870","2753121224","1.68333"
"2753121224","2596876870","1.68333"
"1929823724","2753121224","0.916667"
"2753121224","1929823724","0.916667"
"1047306120","2890635977","0.444444"
"2890635977","1047306120","0.444444"
"2066571890","2890635977","0.444444"
"2890635977","2066571890","0.444444"
"2753121224","2890635977","0.333333"
"2890635977","2753121224","0.333333"
"1047306120","2590925727","0.583333"
"2590925727","1047306120","0.583333"
"2019883396","2590925727","0.333333"
"2590925727","2019883396","0.333333"
"2346551912","2590925727","0.333333"
"2590925727","2346551912","0.333333"
"1047306120","2480447786","0.377778"
"2480447786","1047306120","0.377778"
"1747872978","2480447786","0.725"
"2480447786","1747872978","0.725"
"2066571890","2480447786","0.720635"
"2480447786","2066571890","0.720635"
"2262139624","2480447786","0.725"
"2480447786","2262139624","0.725"
"2346551912","2480447786","1.02619"
"2480447786","2346551912","1.02619"
"2478859674","2480447786","0.291667"
"2480447786","2478859674","0.291667"
"1047306120","2009694952","0.166667"
"2009694952","1047306120","0.166667"
"1047306120","2203549485","0.166667"
"2203549485","1047306120","0.166667"
"2009694952","2203549485","0.166667"
"2203549485","2009694952","0.166667"
"2009694952","2530702875","0.166667"
"2530702875","2009694952","0.166667"
"2009694952","2531820273","0.166667"
"2531820273","2009694952","0.166667"
"2009694952","2538582170","0.866667"
"2538582170","2009694952","0.866667"
"2009694952","2753121224","0.166667"
"2753121224","2009694952","0.166667"
"2203549485","2530702875","0.434524"
"2530702875","2203549485","0.434524"
"2203549485","2531820273","0.166667"
"2531820273","2203549485","0.166667"
"2203549485","2538582170","1.29167"
"2538582170","2203549485","1.29167"
"2203549485","2753121224","0.166667"
"2753121224","2203549485","0.166667"
"2530702875","2538582170","0.291667"
"2538582170","2530702875","0.291667"
"2531820273","2538582170","0.166667"
"2538582170","2531820273","0.166667"
"2538582170","2753121224","0.777778"
"2753121224","2538582170","0.777778"
"1047306120","2605225720","0.25"
"2605225720","1047306120","0.25"
"1709429893","2590925727","0.25"
"2590925727","1709429893","0.25"
"1709429893","2605225720","0.25"
"2605225720","1709429893","0.25"
"2066571890","2590925727","0.25"
"2590925727","2066571890","0.25"
"2066571890","2605225720","0.25"
"2605225720","2066571890","0.25"
"2590925727","2605225720","0.75"
"2605225720","2590925727","0.75"
"1747872978","2596876870","0.641667"
"2596876870","1747872978","0.641667"
"2066571890","2596876870","0.461111"
"2596876870","2066571890","0.461111"
"2262139624","2596876870","0.808333"
"2596876870","2262139624","0.808333"
"2262139624","2734706783","0.1"
"2734706783","2262139624","0.1"
"2262139624","2753121224","0.933333"
"2753121224","2262139624","0.933333"
"2291360251","2346551912","0.32619"
"2346551912","2291360251","0.32619"
"2291360251","2480447786","0.45119"
"2480447786","2291360251","0.45119"
"2291360251","2561624330","1.14167"
"2561624330","2291360251","1.14167"
"2291360251","2596876870","0.225"
"2596876870","2291360251","0.225"
"2291360251","2734706783","0.1"
"2734706783","2291360251","0.1"
"2291360251","2753121224","1.43333"
"2753121224","2291360251","1.43333"
"2346551912","2596876870","1.93333"
"2596876870","2346551912","1.93333"
"2346551912","2734706783","0.933333"
"2734706783","2346551912","0.933333"
"2346551912","2753121224","0.577778"
"2753121224","2346551912","0.577778"
"2480447786","2561624330","0.841667"
"2561624330","2480447786","0.841667"
"2480447786","2596876870","0.502778"
"2596876870","2480447786","0.502778"
"2480447786","2734706783","0.1"
"2734706783","2480447786","0.1"
"2480447786","2753121224","0.516667"
"2753121224","2480447786","0.516667"
"2561624330","2596876870","1.725"
"2596876870","2561624330","1.725"
"2561624330","2753121224","2.01667"
"2753121224","2561624330","2.01667"
"2596876870","2734706783","1.26667"
"2734706783","2596876870","1.26667"
"1047306120","2607221070","0.111111"
"2607221070","1047306120","0.111111"
"1929823724","2002733966","0.611111"
"2002733966","1929823724","0.611111"
"1929823724","2019883396","0.111111"
"2019883396","1929823724","0.111111"
"1929823724","2288353948","0.253968"
"2288353948","1929823724","0.253968"
"1929823724","2480447786","0.111111"
"2480447786","1929823724","0.111111"
"1929823724","2596876870","0.111111"
"2596876870","1929823724","0.111111"
"1929823724","2607221070","0.111111"
"2607221070","1929823724","0.111111"
"1929823724","2890635977","0.111111"
"2890635977","1929823724","0.111111"
"2002733966","2480447786","0.236111"
"2480447786","2002733966","0.236111"
"2002733966","2596876870","1.23611"
"2596876870","2002733966","1.23611"
"2002733966","2607221070","0.111111"
"2607221070","2002733966","0.111111"
"2002733966","2890635977","1.31111"
"2890635977","2002733966","1.31111"
"2019883396","2480447786","1.20397"
"2480447786","2019883396","1.20397"
"2019883396","2596876870","0.277778"
"2596876870","2019883396","0.277778"
"2019883396","2607221070","0.261111"
"2607221070","2019883396","0.261111"
"2019883396","2890635977","0.111111"
"2890635977","2019883396","0.111111"
"2066571890","2288353948","0.111111"
"2288353948","2066571890","0.111111"
"2066571890","2607221070","0.111111"
"2607221070","2066571890","0.111111"
"2288353948","2480447786","0.111111"
"2480447786","2288353948","0.111111"
"2288353948","2596876870","0.111111"
"2596876870","2288353948","0.111111"
"2288353948","2607221070","0.111111"
"2607221070","2288353948","0.111111"
"2288353948","2890635977","0.111111"
"2890635977","2288353948","0.111111"
"2480447786","2607221070","0.444444"
"2607221070","2480447786","0.444444"
"2480447786","2890635977","0.111111"
"2890635977","2480447786","0.111111"
"2596876870","2607221070","0.111111"
"2607221070","2596876870","0.111111"
"2596876870","2890635977","0.611111"
"2890635977","2596876870","0.611111"
"2607221070","2890635977","0.111111"
"2890635977","2607221070","0.111111"
"1537454073","2346551912","1.3623"
"2346551912","1537454073","1.3623"
"1537454073","2531820273","0.2"
"2531820273","1537454073","0.2"
"1537454073","2753121224","0.95"
"2753121224","1537454073","0.95"
"2346551912","2531820273","1.2"
"2531820273","2346551912","1.2"
"2478859674","2531820273","0.866667"
"2531820273","2478859674","0.866667"
"2478859674","2753121224","1.78333"
"2753121224","2478859674","1.78333"
"1481832011","1931880689","3.35397"
"1931880689","1481832011","3.35397"
"1481832011","1753839311","4.9623"
"1753839311","1481832011","4.9623"
"1481832011","2002733966","1.04924"
"2002733966","1481832011","1.04924"
"1481832011","2403615952","2.11944"
"2403615952","1481832011","2.11944"
"1753839311","2002733966","0.694444"
"2002733966","1753839311","0.694444"
"1753839311","2403615952","0.758333"
"2403615952","1753839311","0.758333"
"2002733966","2403615952","0.333333"
"2403615952","2002733966","0.333333"
"1481832011","1946756238","2.82897"
"1946756238","1481832011","2.82897"
"1481832011","1985997828","5.03218"
"1985997828","1481832011","5.03218"
"1481832011","2008237377","1.91786"
"2008237377","1481832011","1.91786"
"1481832011","2034933471","1.23333"
"2034933471","1481832011","1.23333"
"1481832011","2053991602","1.16111"
"2053991602","1481832011","1.16111"
"1481832011","2278607788","0.225"
"2278607788","1481832011","0.225"
"1753839311","2008237377","1.4873"
"2008237377","1753839311","1.4873"
"1753839311","2034933471","1.21944"
"2034933471","1753839311","1.21944"
"1753839311","2053991602","1.16111"
"2053991602","1753839311","1.16111"
"1753839311","2278607788","0.225"
"2278607788","1753839311","0.225"
"1931880689","1946756238","0.703968"
"1946756238","1931880689","0.703968"
"1931880689","1985997828","1.95397"
"1985997828","1931880689","1.95397"
"1931880689","2008237377","1.79286"
"2008237377","1931880689","1.79286"
"1931880689","2053991602","3.21111"
"2053991602","1931880689","3.21111"
"1931880689","2278607788","0.225"
"2278607788","1931880689","0.225"
"1946756238","2008237377","0.842857"
"2008237377","1946756238","0.842857"
"1946756238","2034933471","0.641667"
"2034933471","1946756238","0.641667"
"1946756238","2053991602","0.461111"
"2053991602","1946756238","0.461111"
"1946756238","2278607788","0.225"
"2278607788","1946756238","0.225"
"1985997828","2008237377","1.20952"
"2008237377","1985997828","1.20952"
"1985997828","2034933471","0.775"
"2034933471","1985997828","0.775"
"1985997828","2053991602","0.461111"
"2053991602","1985997828","0.461111"
"1985997828","2278607788","0.225"
"2278607788","1985997828","0.225"
"1481832011","1709429893","3.22063"
"1709429893","1481832011","3.22063"
"1481832011","2074516024","3.43889"
"2074516024","1481832011","3.43889"
"1481832011","1537454073","0.666667"
"1537454073","1481832011","0.666667"
"1481832011","1934124120","1.79091"
"1934124120","1481832011","1.79091"
"1481832011","2067248616","2.46111"
"2067248616","1481832011","2.46111"
"2067248616","2074516024","1.72778"
"2074516024","2067248616","1.72778"
"2067248616","2403615952","5.72778"
"2403615952","2067248616","5.72778"
"2074516024","2403615952","2.08611"
"2403615952","2074516024","2.08611"
"1481832011","2002210495","3.68056"
"2002210495","1481832011","3.68056"
"1709429893","2002210495","0.786111"
"2002210495","1709429893","0.786111"
"1709429893","2067248616","1.01667"
"2067248616","1709429893","1.01667"
"1709429893","2403615952","0.591667"
"2403615952","1709429893","0.591667"
"1753839311","2002210495","0.736111"
"2002210495","1753839311","0.736111"
"1753839311","2067248616","1.1"
"2067248616","1753839311","1.1"
"2002210495","2067248616","0.561111"
"2067248616","2002210495","0.561111"
"2002210495","2403615952","0.869444"
"2403615952","2002210495","0.869444"
"1481832011","2235408626","0.833333"
"2235408626","1481832011","0.833333"
"2002210495","2074516024","2.11389"
"2074516024","2002210495","2.11389"
"2002210495","2235408626","0.333333"
"2235408626","2002210495","0.333333"
"2074516024","2235408626","0.833333"
"2235408626","2074516024","0.833333"
"1481832011","2237634701","0.25"
"2237634701","1481832011","0.25"
"2067248616","2237634701","0.25"
"2237634701","2067248616","0.25"
"2074516024","2237634701","0.25"
"2237634701","2074516024","0.25"
"2237634701","2403615952","0.25"
"2403615952","2237634701","0.25"
"1481832011","2061211733","0.611111"
"2061211733","1481832011","0.611111"
"1709429893","2061211733","0.666667"
"2061211733","1709429893","0.666667"
"1709429893","2008237377","1.04286"
"2008237377","1709429893","1.04286"
"1709429893","2074516024","0.536111"
"2074516024","1709429893","0.536111"
"1753839311","2074516024","0.536111"
"2074516024","1753839311","0.536111"
"1946756238","2002210495","0.336111"
"2002210495","1946756238","0.336111"
"1946756238","2074516024","0.336111"
"2074516024","1946756238","0.336111"
"1946756238","2403615952","0.225"
"2403615952","1946756238","0.225"
"1985997828","2002210495","0.586111"
"2002210495","1985997828","0.586111"
"1985997828","2074516024","0.911111"
"2074516024","1985997828","0.911111"
"1985997828","2403615952","0.891667"
"2403615952","1985997828","0.891667"
"2002210495","2008237377","6.06786"
"2008237377","2002210495","6.06786"
"2008237377","2074516024","0.425"
"2074516024","2008237377","0.425"
"2008237377","2403615952","0.225"
"2403615952","2008237377","0.225"
"1481832011","150647967","0.111111"
"150647967","1481832011","0.111111"
"1481832011","1994878392","1.11111"
"1994878392","1481832011","1.11111"
"1481832011","2082718203","0.111111"
"2082718203","1481832011","0.111111"
"1481832011","2566915793","0.111111"
"2566915793","1481832011","0.111111"
"150647967","1994878392","0.111111"
"1994878392","150647967","0.111111"
"150647967","2002210495","0.111111"
"2002210495","150647967","0.111111"
"150647967","2061211733","0.111111"
"2061211733","150647967","0.111111"
"150647967","2067248616","1.44444"
"2067248616","150647967","1.44444"
"150647967","2074516024","0.111111"
"2074516024","150647967","0.111111"
"150647967","2082718203","0.611111"
"2082718203","150647967","0.611111"
"150647967","2403615952","0.944444"
"2403615952","150647967","0.944444"
"150647967","2566915793","0.444444"
"2566915793","150647967","0.444444"
"1994878392","2002210495","0.111111"
"2002210495","1994878392","0.111111"
"1994878392","2061211733","0.111111"
"2061211733","1994878392","0.111111"
"1994878392","2067248616","1.11111"
"2067248616","1994878392","1.11111"
"1994878392","2074516024","0.111111"
"2074516024","1994878392","0.111111"
"1994878392","2082718203","0.111111"
"2082718203","1994878392","0.111111"
"1994878392","2403615952","0.111111"
"2403615952","1994878392","0.111111"
"1994878392","2566915793","0.111111"
"2566915793","1994878392","0.111111"
"2002210495","2061211733","0.111111"
"2061211733","2002210495","0.111111"
"2002210495","2082718203","0.111111"
"2082718203","2002210495","0.111111"
"2002210495","2566915793","0.111111"
"2566915793","2002210495","0.111111"
"2061211733","2067248616","0.444444"
"2067248616","2061211733","0.444444"
"2061211733","2074516024","0.444444"
"2074516024","2061211733","0.444444"
"2061211733","2082718203","0.111111"
"2082718203","2061211733","0.111111"
"2061211733","2403615952","0.444444"
"2403615952","2061211733","0.444444"
"2061211733","2566915793","0.111111"
"2566915793","2061211733","0.111111"
"2067248616","2082718203","0.611111"
"2082718203","2067248616","0.611111"
"2067248616","2566915793","0.444444"
"2566915793","2067248616","0.444444"
"2074516024","2082718203","0.311111"
"2082718203","2074516024","0.311111"
"2074516024","2566915793","0.111111"
"2566915793","2074516024","0.111111"
"2082718203","2403615952","0.111111"
"2403615952","2082718203","0.111111"
"2082718203","2566915793","0.111111"
"2566915793","2082718203","0.111111"
"2403615952","2566915793","0.444444"
"2566915793","2403615952","0.444444"
"1481832011","2009694952","0.611111"
"2009694952","1481832011","0.611111"
"1709429893","2009694952","0.111111"
"2009694952","1709429893","0.111111"
"1709429893","2053991602","0.736111"
"2053991602","1709429893","0.736111"
"1753839311","2009694952","0.236111"
"2009694952","1753839311","0.236111"
"1931880689","2002210495","3.41111"
"2002210495","1931880689","3.41111"
"1931880689","2009694952","0.111111"
"2009694952","1931880689","0.111111"
"1931880689","2074516024","0.211111"
"2074516024","1931880689","0.211111"
"1946756238","2009694952","0.236111"
"2009694952","1946756238","0.236111"
"1985997828","2009694952","0.436111"
"2009694952","1985997828","0.436111"
"2002210495","2009694952","0.944444"
"2009694952","2002210495","0.944444"
"2002210495","2053991602","8.50397"
"2053991602","2002210495","8.50397"
"2009694952","2053991602","0.444444"
"2053991602","2009694952","0.444444"
"2009694952","2074516024","1.81111"
"2074516024","2009694952","1.81111"
"2053991602","2074516024","0.311111"
"2074516024","2053991602","0.311111"
"2053991602","2067248616","0.7"
"2067248616","2053991602","0.7"
"1709429893","2034933471","0.575"
"2034933471","1709429893","0.575"
"1481832011","2150836545","0.392857"
"2150836545","1481832011","0.392857"
"1931880689","2150836545","0.142857"
"2150836545","1931880689","0.142857"
"2008237377","2150836545","0.452381"
"2150836545","2008237377","0.452381"
"1481832011","2066571890","0.45"
"2066571890","1481832011","0.45"
"1931880689","2066571890","0.2"
"2066571890","1931880689","0.2"
"1931880689","2067248616","0.45"
"2067248616","1931880689","0.45"
"2066571890","2067248616","0.2"
"2067248616","2066571890","0.2"
"1481832011","1498974414","1.25"
"1498974414","1481832011","1.25"
"1498974414","1985997828","0.833333"
"1985997828","1498974414","0.833333"
"1481832011","2038897166","0.666667"
"2038897166","1481832011","0.666667"
"1931880689","2038897166","0.5"
"2038897166","1931880689","0.5"
"1481832011","2288353948","0.1"
"2288353948","1481832011","0.1"
"1709429893","2278607788","0.1"
"2278607788","1709429893","0.1"
"1709429893","2288353948","0.3"
"2288353948","1709429893","0.3"
"1753839311","2288353948","0.225"
"2288353948","1753839311","0.225"
"1931880689","2288353948","1.1"
"2288353948","1931880689","1.1"
"1946756238","2288353948","0.266667"
"2288353948","1946756238","0.266667"
"1985997828","2288353948","0.242857"
"2288353948","1985997828","0.242857"
"2008237377","2288353948","2.83571"
"2288353948","2008237377","2.83571"
"2034933471","2288353948","1.57619"
"2288353948","2034933471","1.57619"
"2053991602","2288353948","0.442857"
"2288353948","2053991602","0.442857"
"2278607788","2288353948","0.492857"
"2288353948","2278607788","0.492857"
"1481832011","2130706776","1.25"
"2130706776","1481832011","1.25"
"1498974414","1709429893","0.166667"
"1709429893","1498974414","0.166667"
"1498974414","2038897166","0.416667"
"2038897166","1498974414","0.416667"
"1498974414","2067248616","0.166667"
"2067248616","1498974414","0.166667"
"1498974414","2403615952","0.166667"
"2403615952","1498974414","0.166667"
"1709429893","2038897166","0.416667"
"2038897166","1709429893","0.416667"
"1985997828","2038897166","0.97619"
"2038897166","1985997828","0.97619"
"1985997828","2067248616","0.416667"
"2067248616","1985997828","0.416667"
"2038897166","2067248616","0.166667"
"2067248616","2038897166","0.166667"
"2038897166","2403615952","0.166667"
"2403615952","2038897166","0.166667"
"1481832011","1918088543","0.715909"
"1918088543","1481832011","0.715909"
"1918088543","2002733966","3.21591"
"2002733966","1918088543","3.21591"
"1985997828","2002733966","2.55877"
"2002733966","1985997828","2.55877"
"1481832011","2019883396","0.678211"
"2019883396","1481832011","0.678211"
"1481832011","2050655789","0.166667"
"2050655789","1481832011","0.166667"
"1481832011","2346551912","1.34488"
"2346551912","1481832011","1.34488"
"1537454073","1985997828","0.541667"
"1985997828","1537454073","0.541667"
"1537454073","2008237377","1.56944"
"2008237377","1537454073","1.56944"
"1537454073","2050655789","0.233333"
"2050655789","1537454073","0.233333"
"1985997828","2050655789","0.166667"
"2050655789","1985997828","0.166667"
"1985997828","2346551912","1.74488"
"2346551912","1985997828","1.74488"
"2008237377","2019883396","0.402778"
"2019883396","2008237377","0.402778"
"2008237377","2050655789","0.166667"
"2050655789","2008237377","0.166667"
"2008237377","2346551912","0.277778"
"2346551912","2008237377","0.277778"
"2019883396","2050655789","0.4"
"2050655789","2019883396","0.4"
"2050655789","2346551912","0.416667"
"2346551912","2050655789","0.416667"
"2002210495","2034933471","2.55"
"2034933471","2002210495","2.55"
"1481832011","2478859674","0.2"
"2478859674","1481832011","0.2"
"1481832011","2509426339","0.2"
"2509426339","1481832011","0.2"
"1481832011","2517088709","0.2"
"2517088709","1481832011","0.2"
"1481832011","2518202231","0.2"
"2518202231","1481832011","0.2"
"1985997828","2478859674","0.7"
"2478859674","1985997828","0.7"
"1985997828","2509426339","0.783333"
"2509426339","1985997828","0.783333"
"1985997828","2517088709","0.2"
"2517088709","1985997828","0.2"
"1985997828","2518202231","0.2"
"2518202231","1985997828","0.2"
"2478859674","2509426339","1.7"
"2509426339","2478859674","1.7"
"2478859674","2517088709","1.03333"
"2517088709","2478859674","1.03333"
"2478859674","2518202231","1.23333"
"2518202231","2478859674","1.23333"
"2509426339","2517088709","1.54286"
"2517088709","2509426339","1.54286"
"2509426339","2518202231","0.2"
"2518202231","2509426339","0.2"
"2517088709","2518202231","1.03333"
"2518202231","2517088709","1.03333"
"1481832011","1948061183","0.0909091"
"1948061183","1481832011","0.0909091"
"1481832011","2170686833","0.0909091"
"2170686833","1481832011","0.0909091"
"1481832011","2337399354","0.0909091"
"2337399354","1481832011","0.0909091"
"1481832011","2530702875","0.465909"
"2530702875","1481832011","0.465909"
"1481832011","2568909328","0.0909091"
"2568909328","1481832011","0.0909091"
"1918088543","1948061183","1.09091"
"1948061183","1918088543","1.09091"
"1918088543","2170686833","1.92424"
"2170686833","1918088543","1.92424"
"1918088543","2337399354","0.0909091"
"2337399354","1918088543","0.0909091"
"1918088543","2346551912","0.975433"
"2346551912","1918088543","0.975433"
"1918088543","2530702875","0.215909"
"2530702875","1918088543","0.215909"
"1918088543","2568909328","0.0909091"
"2568909328","1918088543","0.0909091"
"1934124120","1948061183","0.0909091"
"1948061183","1934124120","0.0909091"
"1934124120","2170686833","0.424242"
"2170686833","1934124120","0.424242"
"1934124120","2337399354","0.215909"
"2337399354","1934124120","0.215909"
"1934124120","2346551912","0.757576"
"2346551912","1934124120","0.757576"
"1934124120","2530702875","1.21591"
"2530702875","1934124120","1.21591"
"1934124120","2568909328","0.215909"
"2568909328","1934124120","0.215909"
"1948061183","1985997828","0.0909091"
"1985997828","1948061183","0.0909091"
"1948061183","2002733966","0.0909091"
"2002733966","1948061183","0.0909091"
"1948061183","2019883396","0.0909091"
"2019883396","1948061183","0.0909091"
"1948061183","2170686833","0.0909091"
"2170686833","1948061183","0.0909091"
"1948061183","2337399354","0.0909091"
"2337399354","1948061183","0.0909091"
"1948061183","2346551912","0.0909091"
"2346551912","1948061183","0.0909091"
"1948061183","2530702875","0.0909091"
"2530702875","1948061183","0.0909091"
"1948061183","2568909328","0.0909091"
"2568909328","1948061183","0.0909091"
"1985997828","2170686833","0.0909091"
"2170686833","1985997828","0.0909091"
"1985997828","2337399354","0.233766"
"2337399354","1985997828","0.233766"
"1985997828","2530702875","0.358766"
"2530702875","1985997828","0.358766"
"1985997828","2568909328","0.233766"
"2568909328","1985997828","0.233766"
"2002733966","2170686833","0.0909091"
"2170686833","2002733966","0.0909091"
"2002733966","2337399354","0.733766"
"2337399354","2002733966","0.733766"
"2002733966","2530702875","0.608766"
"2530702875","2002733966","0.608766"
"2002733966","2568909328","0.733766"
"2568909328","2002733966","0.733766"
"2019883396","2170686833","0.340909"
"2170686833","2019883396","0.340909"
"2019883396","2337399354","0.0909091"
"2337399354","2019883396","0.0909091"
"2019883396","2530702875","0.0909091"
"2530702875","2019883396","0.0909091"
"2019883396","2568909328","0.0909091"
"2568909328","2019883396","0.0909091"
"2170686833","2337399354","0.0909091"
"2337399354","2170686833","0.0909091"
"2170686833","2346551912","0.0909091"
"2346551912","2170686833","0.0909091"
"2170686833","2530702875","0.0909091"
"2530702875","2170686833","0.0909091"
"2170686833","2568909328","0.0909091"
"2568909328","2170686833","0.0909091"
"2337399354","2346551912","0.215909"
"2346551912","2337399354","0.215909"
"2337399354","2530702875","0.358766"
"2530702875","2337399354","0.358766"
"2337399354","2568909328","0.6921"
"2568909328","2337399354","0.6921"
"2346551912","2530702875","0.215909"
"2530702875","2346551912","0.215909"
"2346551912","2568909328","0.715909"
"2568909328","2346551912","0.715909"
"2530702875","2568909328","1.55877"
"2568909328","2530702875","1.55877"
"1481832011","1747872978","0.866667"
"1747872978","1481832011","0.866667"
"1481832011","2596876870","0.75"
"2596876870","1481832011","0.75"
"1481832011","2611404743","1.16667"
"2611404743","1481832011","1.16667"
"1498974414","1753839311","0.416667"
"1753839311","1498974414","0.416667"
"1498974414","2596876870","0.166667"
"2596876870","1498974414","0.166667"
"1498974414","2611404743","0.166667"
"2611404743","1498974414","0.166667"
"1747872978","1753839311","0.527778"
"1753839311","1747872978","0.527778"
"1747872978","2611404743","0.166667"
"2611404743","1747872978","0.166667"
"1753839311","2346551912","0.852778"
"2346551912","1753839311","0.852778"
"1753839311","2596876870","0.666667"
"2596876870","1753839311","0.666667"
"1753839311","2611404743","0.366667"
"2611404743","1753839311","0.366667"
"2346551912","2611404743","0.366667"
"2611404743","2346551912","0.366667"
"2596876870","2611404743","0.166667"
"2611404743","2596876870","0.166667"
"1481832011","2587113696","0.125"
"2587113696","1481832011","0.125"
"1481832011","2625958646","0.125"
"2625958646","1481832011","0.125"
"1481832011","2737466942","0.125"
"2737466942","1481832011","0.125"
"1918088543","2074516024","0.375"
"2074516024","1918088543","0.375"
"1918088543","2587113696","0.125"
"2587113696","1918088543","0.125"
"1918088543","2625958646","0.125"
"2625958646","1918088543","0.125"
"1918088543","2737466942","0.458333"
"2737466942","1918088543","0.458333"
"1985997828","2587113696","0.125"
"2587113696","1985997828","0.125"
"1985997828","2625958646","0.125"
"2625958646","1985997828","0.125"
"1985997828","2737466942","0.125"
"2737466942","1985997828","0.125"
"2002733966","2074516024","4.95833"
"2074516024","2002733966","4.95833"
"2002733966","2587113696","0.125"
"2587113696","2002733966","0.125"
"2002733966","2625958646","0.125"
"2625958646","2002733966","0.125"
"2002733966","2737466942","0.125"
"2737466942","2002733966","0.125"
"2074516024","2530702875","0.375"
"2530702875","2074516024","0.375"
"2074516024","2587113696","0.125"
"2587113696","2074516024","0.125"
"2074516024","2625958646","0.125"
"2625958646","2074516024","0.125"
"2074516024","2737466942","0.125"
"2737466942","2074516024","0.125"
"2530702875","2587113696","0.125"
"2587113696","2530702875","0.125"
"2530702875","2625958646","0.125"
"2625958646","2530702875","0.125"
"2530702875","2737466942","0.25"
"2737466942","2530702875","0.25"
"2587113696","2625958646","0.125"
"2625958646","2587113696","0.125"
"2587113696","2737466942","0.125"
"2737466942","2587113696","0.125"
"2625958646","2737466942","0.125"
"2737466942","2625958646","0.125"
"1934124120","2596876870","0.333333"
"2596876870","1934124120","0.333333"
"1985997828","2596876870","0.333333"
"2596876870","1985997828","0.333333"
"1481832011","2526869428","0.25"
"2526869428","1481832011","0.25"
"2008237377","2130706776","0.25"
"2130706776","2008237377","0.25"
"2008237377","2526869428","0.392857"
"2526869428","2008237377","0.392857"
