"103946897","2065339563","3.53333"
"2065339563","103946897","3.53333"
"103946897","2117030266","1.76111"
"2117030266","103946897","1.76111"
"103946897","2132874238","1.84444"
"2132874238","103946897","1.84444"
"103946897","2151135920","0.727778"
"2151135920","103946897","0.727778"
"103946897","2160637255","1.2"
"2160637255","103946897","1.2"
"2065339563","2117030266","7.89167"
"2117030266","2065339563","7.89167"
"2065339563","2132874238","10.8917"
"2132874238","2065339563","10.8917"
"2065339563","2151135920","5.4"
"2151135920","2065339563","5.4"
"2065339563","2160637255","1.98333"
"2160637255","2065339563","1.98333"
"2117030266","2132874238","36.8579"
"2132874238","2117030266","36.8579"
"2117030266","2151135920","44.2456"
"2151135920","2117030266","44.2456"
"2117030266","2160637255","14.6762"
"2160637255","2117030266","14.6762"
"2132874238","2151135920","19.5123"
"2151135920","2132874238","19.5123"
"2132874238","2160637255","8.37619"
"2160637255","2132874238","8.37619"
"2151135920","2160637255","4.02619"
"2160637255","2151135920","4.02619"
"103946897","1903577715","0.2"
"1903577715","103946897","0.2"
"103946897","1956767865","1.31111"
"1956767865","103946897","1.31111"
"103946897","2150795982","1.03333"
"2150795982","103946897","1.03333"
"1903577715","1956767865","5.69286"
"1956767865","1903577715","5.69286"
"1903577715","2117030266","4.8"
"2117030266","1903577715","4.8"
"1903577715","2132874238","3.71667"
"2132874238","1903577715","3.71667"
"1903577715","2150795982","0.8"
"2150795982","1903577715","0.8"
"1956767865","2117030266","15.9706"
"2117030266","1956767865","15.9706"
"1956767865","2132874238","22.2873"
"2132874238","1956767865","22.2873"
"1956767865","2150795982","4.48333"
"2150795982","1956767865","4.48333"
"2117030266","2150795982","20.4595"
"2150795982","2117030266","20.4595"
"2132874238","2150795982","21.6429"
"2150795982","2132874238","21.6429"
"2065339563","2150795982","8.325"
"2150795982","2065339563","8.325"
"103946897","1580559113","0.25"
"1580559113","103946897","0.25"
"103946897","78162143","0.25"
"78162143","103946897","0.25"
"1580559113","2117030266","2.30952"
"2117030266","1580559113","2.30952"
"1580559113","2151135920","7.61905"
"2151135920","1580559113","7.61905"
"1580559113","78162143","4.1"
"78162143","1580559113","4.1"
"2117030266","78162143","14.4206"
"78162143","2117030266","14.4206"
"2151135920","78162143","12.3583"
"78162143","2151135920","12.3583"
"103946897","2014589236","0.611111"
"2014589236","103946897","0.611111"
"2014589236","2065339563","1.86667"
"2065339563","2014589236","1.86667"
"103946897","2100765095","1"
"2100765095","103946897","1"
"2100765095","2160637255","1.25"
"2160637255","2100765095","1.25"
"103946897","1552906779","0.111111"
"1552906779","103946897","0.111111"
"103946897","1916198581","0.111111"
"1916198581","103946897","0.111111"
"103946897","2085925880","0.111111"
"2085925880","103946897","0.111111"
"103946897","2162316255","0.111111"
"2162316255","103946897","0.111111"
"1552906779","1916198581","2.34722"
"1916198581","1552906779","2.34722"
"1552906779","1956767865","9.15675"
"1956767865","1552906779","9.15675"
"1552906779","2014589236","17.9194"
"2014589236","1552906779","17.9194"
"1552906779","2085925880","0.111111"
"2085925880","1552906779","0.111111"
"1552906779","2117030266","16.6306"
"2117030266","1552906779","16.6306"
"1552906779","2132874238","13.5806"
"2132874238","1552906779","13.5806"
"1552906779","2151135920","24.7623"
"2151135920","1552906779","24.7623"
"1552906779","2162316255","0.611111"
"2162316255","1552906779","0.611111"
"1916198581","1956767865","5.41389"
"1956767865","1916198581","5.41389"
"1916198581","2014589236","0.527778"
"2014589236","1916198581","0.527778"
"1916198581","2085925880","0.361111"
"2085925880","1916198581","0.361111"
"1916198581","2117030266","1.52778"
"2117030266","1916198581","1.52778"
"1916198581","2132874238","1.19444"
"2132874238","1916198581","1.19444"
"1916198581","2151135920","4.76111"
"2151135920","1916198581","4.76111"
"1916198581","2162316255","0.111111"
"2162316255","1916198581","0.111111"
"1956767865","2014589236","2.42778"
"2014589236","1956767865","2.42778"
"1956767865","2085925880","0.111111"
"2085925880","1956767865","0.111111"
"1956767865","2151135920","25.4968"
"2151135920","1956767865","25.4968"
"1956767865","2162316255","0.111111"
"2162316255","1956767865","0.111111"
"2014589236","2085925880","0.111111"
"2085925880","2014589236","0.111111"
"2014589236","2117030266","22.629"
"2117030266","2014589236","22.629"
"2014589236","2132874238","11.0123"
"2132874238","2014589236","11.0123"
"2014589236","2151135920","68.7694"
"2151135920","2014589236","68.7694"
"2014589236","2162316255","0.111111"
"2162316255","2014589236","0.111111"
"2085925880","2117030266","1.36111"
"2117030266","2085925880","1.36111"
"2085925880","2132874238","1.11111"
"2132874238","2085925880","1.11111"
"2085925880","2151135920","2.86111"
"2151135920","2085925880","2.86111"
"2085925880","2162316255","41.4413"
"2162316255","2085925880","41.4413"
"2117030266","2162316255","1.44444"
"2162316255","2117030266","1.44444"
"2132874238","2162316255","0.111111"
"2162316255","2132874238","0.111111"
"2151135920","2162316255","0.111111"
"2162316255","2151135920","0.111111"
"103946897","2066220442","0.166667"
"2066220442","103946897","0.166667"
"103946897","2125743503","0.166667"
"2125743503","103946897","0.166667"
"103946897","2137365926","0.166667"
"2137365926","103946897","0.166667"
"103946897","2518060702","0.166667"
"2518060702","103946897","0.166667"
"103946897","2764249719","0.166667"
"2764249719","103946897","0.166667"
"2066220442","2125743503","4.50119"
"2125743503","2066220442","4.50119"
"2066220442","2137365926","8.59286"
"2137365926","2066220442","8.59286"
"2066220442","2151135920","16.6095"
"2151135920","2066220442","16.6095"
"2066220442","2518060702","0.277778"
"2518060702","2066220442","0.277778"
"2066220442","2764249719","0.166667"
"2764249719","2066220442","0.166667"
"2125743503","2137365926","9.95952"
"2137365926","2125743503","9.95952"
"2125743503","2151135920","8.79286"
"2151135920","2125743503","8.79286"
"2125743503","2518060702","0.166667"
"2518060702","2125743503","0.166667"
"2125743503","2764249719","0.166667"
"2764249719","2125743503","0.166667"
"2137365926","2151135920","3.97619"
"2151135920","2137365926","3.97619"
"2137365926","2518060702","0.166667"
"2518060702","2137365926","0.166667"
"2137365926","2764249719","0.166667"
"2764249719","2137365926","0.166667"
"2151135920","2518060702","0.166667"
"2518060702","2151135920","0.166667"
"2151135920","2764249719","0.166667"
"2764249719","2151135920","0.166667"
"2518060702","2764249719","0.166667"
"2764249719","2518060702","0.166667"
"1222699389","2162316255","57.1635"
"2162316255","1222699389","57.1635"
"1222699389","2085925880","42.9468"
"2085925880","1222699389","42.9468"
"1222699389","2111487235","23.3611"
"2111487235","1222699389","23.3611"
"2085925880","2111487235","92.2444"
"2111487235","2085925880","92.2444"
"1222699389","1956767865","1.66667"
"1956767865","1222699389","1.66667"
"1222699389","2102457045","11.4706"
"2102457045","1222699389","11.4706"
"1222699389","2143445293","1.80952"
"2143445293","1222699389","1.80952"
"2102457045","2143445293","0.666667"
"2143445293","2102457045","0.666667"
"2102457045","2162316255","14.5706"
"2162316255","2102457045","14.5706"
"2143445293","2162316255","1.80952"
"2162316255","2143445293","1.80952"
"1222699389","2014589236","14.1179"
"2014589236","1222699389","14.1179"
"1222699389","2066220442","1.34286"
"2066220442","1222699389","1.34286"
"1222699389","2117030266","6.45119"
"2117030266","1222699389","6.45119"
"1222699389","2151135920","21.275"
"2151135920","1222699389","21.275"
"1222699389","78162143","1.00119"
"78162143","1222699389","1.00119"
"2014589236","2066220442","3.14286"
"2066220442","2014589236","3.14286"
"2014589236","78162143","4.48452"
"78162143","2014589236","4.48452"
"2066220442","2117030266","13.3123"
"2117030266","2066220442","13.3123"
"2066220442","78162143","10.3623"
"78162143","2066220442","10.3623"
"1222699389","2158326123","2.50952"
"2158326123","1222699389","2.50952"
"2111487235","2158326123","7.28333"
"2158326123","2111487235","7.28333"
"2111487235","2162316255","23.7111"
"2162316255","2111487235","23.7111"
"2158326123","2162316255","3.34286"
"2162316255","2158326123","3.34286"
"1222699389","1948712562","1"
"1948712562","1222699389","1"
"1948712562","2085925880","4.5"
"2085925880","1948712562","4.5"
"1948712562","2111487235","3.66667"
"2111487235","1948712562","3.66667"
"1948712562","2162316255","2"
"2162316255","1948712562","2"
"1222699389","2132874238","1.05119"
"2132874238","1222699389","1.05119"
"1222699389","2119085032","14.0373"
"2119085032","1222699389","14.0373"
"2085925880","2119085032","11.4206"
"2119085032","2085925880","11.4206"
"2111487235","2119085032","3.36111"
"2119085032","2111487235","3.36111"
"2119085032","2162316255","26.3373"
"2162316255","2119085032","26.3373"
"1222699389","2115675703","1.47619"
"2115675703","1222699389","1.47619"
"2014589236","2115675703","2.07619"
"2115675703","2014589236","2.07619"
"2115675703","2151135920","2.93333"
"2151135920","2115675703","2.93333"
"1222699389","2132791332","4.9373"
"2132791332","1222699389","4.9373"
"2085925880","2102457045","4.52064"
"2102457045","2085925880","4.52064"
"2085925880","2132791332","34.604"
"2132791332","2085925880","34.604"
"2102457045","2111487235","3.04444"
"2111487235","2102457045","3.04444"
"2102457045","2132791332","3.57063"
"2132791332","2102457045","3.57063"
"2111487235","2132791332","9.71111"
"2132791332","2111487235","9.71111"
"1222699389","2083940415","5.05952"
"2083940415","1222699389","5.05952"
"2083940415","2119085032","1.64286"
"2119085032","2083940415","1.64286"
"2083940415","2162316255","2.72619"
"2162316255","2083940415","2.72619"
"2132791332","2162316255","12.0706"
"2162316255","2132791332","12.0706"
"1222699389","1552906779","3.45833"
"1552906779","1222699389","3.45833"
"1222699389","1903577715","0.5"
"1903577715","1222699389","0.5"
"1903577715","2085925880","2.5"
"2085925880","1903577715","2.5"
"1222699389","1593211785","0.533333"
"1593211785","1222699389","0.533333"
"1222699389","1761672165","2.83333"
"1761672165","1222699389","2.83333"
"1593211785","1761672165","0.333333"
"1761672165","1593211785","0.333333"
"1593211785","2162316255","0.333333"
"2162316255","1593211785","0.333333"
"1761672165","2162316255","2.83333"
"2162316255","1761672165","2.83333"
"1222699389","2150795982","1.00119"
"2150795982","1222699389","1.00119"
"2014589236","2150795982","4.20119"
"2150795982","2014589236","4.20119"
"2132874238","78162143","14.9873"
"78162143","2132874238","14.9873"
"2150795982","78162143","1.24286"
"78162143","2150795982","1.24286"
"1222699389","1527892","1"
"1527892","1222699389","1"
"1222699389","2082300114","0.5"
"2082300114","1222699389","0.5"
"1527892","2082300114","0.5"
"2082300114","1527892","0.5"
"1222699389","2143170946","5.12064"
"2143170946","1222699389","5.12064"
"1761672165","2132791332","0.333333"
"2132791332","1761672165","0.333333"
"1761672165","2143170946","2.33333"
"2143170946","1761672165","2.33333"
"2132791332","2143170946","0.587302"
"2143170946","2132791332","0.587302"
"1222699389","2114488082","4"
"2114488082","1222699389","4"
"1222699389","2095851690","0.953968"
"2095851690","1222699389","0.953968"
"2085925880","2095851690","3.7873"
"2095851690","2085925880","3.7873"
"2085925880","2143170946","1.70397"
"2143170946","2085925880","1.70397"
"2085925880","2158326123","7.59286"
"2158326123","2085925880","7.59286"
"2095851690","2102457045","1.45397"
"2102457045","2095851690","1.45397"
"2095851690","2132791332","0.953968"
"2132791332","2095851690","0.953968"
"2095851690","2143170946","1.25397"
"2143170946","2095851690","1.25397"
"2095851690","2158326123","0.47619"
"2158326123","2095851690","0.47619"
"2095851690","2162316255","2.0873"
"2162316255","2095851690","2.0873"
"2102457045","2143170946","9.5373"
"2143170946","2102457045","9.5373"
"2102457045","2158326123","1.14286"
"2158326123","2102457045","1.14286"
"2132791332","2158326123","13.7595"
"2158326123","2132791332","13.7595"
"2143170946","2158326123","0.142857"
"2158326123","2143170946","0.142857"
"2143170946","2162316255","4.20397"
"2162316255","2143170946","4.20397"
"2095851690","2111487235","2.31111"
"2111487235","2095851690","2.31111"
"2095851690","2119085032","0.277778"
"2119085032","2095851690","0.277778"
"2119085032","2158326123","0.75"
"2158326123","2119085032","0.75"
"1222699389","1580559113","2"
"1580559113","1222699389","2"
"1222699389","2164195897","0.375"
"2164195897","1222699389","0.375"
"1552906779","2150795982","2.875"
"2150795982","1552906779","2.875"
"1552906779","2164195897","0.875"
"2164195897","1552906779","0.875"
"1552906779","78162143","1.60278"
"78162143","1552906779","1.60278"
"2014589236","2164195897","0.458333"
"2164195897","2014589236","0.458333"
"2117030266","2164195897","0.208333"
"2164195897","2117030266","0.208333"
"2132874238","2164195897","1.20833"
"2164195897","2132874238","1.20833"
"2150795982","2151135920","10.7917"
"2151135920","2150795982","10.7917"
"2150795982","2164195897","0.708333"
"2164195897","2150795982","0.708333"
"2151135920","2164195897","0.375"
"2164195897","2151135920","0.375"
"2164195897","78162143","0.625"
"78162143","2164195897","0.625"
"1761672165","2083940415","1.5"
"2083940415","1761672165","1.5"
"1761672165","2085925880","2.83333"
"2085925880","1761672165","2.83333"
"2083940415","2085925880","2.22619"
"2085925880","2083940415","2.22619"
"1222699389","2163049969","2.77778"
"2163049969","1222699389","2.77778"
"2085925880","2164195897","1.75"
"2164195897","2085925880","1.75"
"2111487235","2164195897","0.75"
"2164195897","2111487235","0.75"
"2132791332","2164195897","0.25"
"2164195897","2132791332","0.25"
"2085925880","2150795982","0.333333"
"2150795982","2085925880","0.333333"
"1948712562","2095851690","0.666667"
"2095851690","1948712562","0.666667"
"1948712562","2163049969","1.66667"
"2163049969","1948712562","1.66667"
"2085925880","2163049969","4.11111"
"2163049969","2085925880","4.11111"
"2095851690","2163049969","1.11111"
"2163049969","2095851690","1.11111"
"2111487235","2163049969","0.611111"
"2163049969","2111487235","0.611111"
"2162316255","2163049969","0.611111"
"2163049969","2162316255","0.611111"
"2119085032","2132791332","3.61111"
"2132791332","2119085032","3.61111"
"2083940415","2111487235","0.416667"
"2111487235","2083940415","0.416667"
"1527892","1761672165","0.5"
"1761672165","1527892","0.5"
"2014589236","2111487235","0.7"
"2111487235","2014589236","0.7"
"2111487235","2117030266","1.45"
"2117030266","2111487235","1.45"
"2111487235","2150795982","0.2"
"2150795982","2111487235","0.2"
"2111487235","2151135920","4.61667"
"2151135920","2111487235","4.61667"
"2066220442","2115675703","2.64286"
"2115675703","2066220442","2.64286"
"2066220442","2132874238","61.6456"
"2132874238","2066220442","61.6456"
"2066220442","2150795982","18.0679"
"2150795982","2066220442","18.0679"
"2115675703","2117030266","3.12619"
"2117030266","2115675703","3.12619"
"2115675703","2132874238","0.142857"
"2132874238","2115675703","0.142857"
"2115675703","2150795982","2.14286"
"2150795982","2115675703","2.14286"
"2115675703","78162143","1.34286"
"78162143","2115675703","1.34286"
"1222699389","2122750868","0.392857"
"2122750868","1222699389","0.392857"
"1222699389","2156262402","0.642857"
"2156262402","1222699389","0.642857"
"2083940415","2122750868","0.309524"
"2122750868","2083940415","0.309524"
"2083940415","2143445293","1.14286"
"2143445293","2083940415","1.14286"
"2083940415","2156262402","0.309524"
"2156262402","2083940415","0.309524"
"2085925880","2122750868","0.559524"
"2122750868","2085925880","0.559524"
"2085925880","2143445293","0.142857"
"2143445293","2085925880","0.142857"
"2085925880","2156262402","0.309524"
"2156262402","2085925880","0.309524"
"2119085032","2122750868","0.142857"
"2122750868","2119085032","0.142857"
"2119085032","2143445293","0.142857"
"2143445293","2119085032","0.142857"
"2119085032","2156262402","0.142857"
"2156262402","2119085032","0.142857"
"2122750868","2143445293","21.4762"
"2143445293","2122750868","21.4762"
"2122750868","2156262402","0.509524"
"2156262402","2122750868","0.509524"
"2122750868","2162316255","0.559524"
"2162316255","2122750868","0.559524"
"2143445293","2156262402","0.142857"
"2156262402","2143445293","0.142857"
"2156262402","2162316255","0.809524"
"2162316255","2156262402","0.809524"
"2083940415","2132791332","0.333333"
"2132791332","2083940415","0.333333"
"2083940415","2158326123","0.166667"
"2158326123","2083940415","0.166667"
"1222699389","1500920619","0.166667"
"1500920619","1222699389","0.166667"
"1222699389","1916198581","0.166667"
"1916198581","1222699389","0.166667"
"1222699389","2100765095","0.166667"
"2100765095","1222699389","0.166667"
"1222699389","2120111750","0.5"
"2120111750","1222699389","0.5"
"1500920619","1916198581","0.166667"
"1916198581","1500920619","0.166667"
"1500920619","1956767865","0.166667"
"1956767865","1500920619","0.166667"
"1500920619","2100765095","0.166667"
"2100765095","1500920619","0.166667"
"1500920619","2120111750","1.5"
"2120111750","1500920619","1.5"
"1500920619","2151135920","0.166667"
"2151135920","1500920619","0.166667"
"1916198581","2100765095","4.48611"
"2100765095","1916198581","4.48611"
"1916198581","2120111750","0.166667"
"2120111750","1916198581","0.166667"
"1956767865","2100765095","0.736111"
"2100765095","1956767865","0.736111"
"1956767865","2120111750","0.166667"
"2120111750","1956767865","0.166667"
"2100765095","2120111750","0.166667"
"2120111750","2100765095","0.166667"
"2100765095","2151135920","0.166667"
"2151135920","2100765095","0.166667"
"2120111750","2151135920","1.66667"
"2151135920","2120111750","1.66667"
"2102457045","2119085032","2.47778"
"2119085032","2102457045","2.47778"
"2111487235","2143170946","4.06111"
"2143170946","2111487235","4.06111"
"1222699389","1922737625","0.333333"
"1922737625","1222699389","0.333333"
"1761672165","1922737625","0.333333"
"1922737625","1761672165","0.333333"
"1761672165","2120111750","0.833333"
"2120111750","1761672165","0.833333"
"1922737625","2120111750","28.0333"
"2120111750","1922737625","28.0333"
"1222699389","2210686847","3.16667"
"2210686847","1222699389","3.16667"
"2102457045","2210686847","0.666667"
"2210686847","2102457045","0.666667"
"2102457045","2163049969","0.444444"
"2163049969","2102457045","0.444444"
"2119085032","2143170946","1.94444"
"2143170946","2119085032","1.94444"
"2119085032","2163049969","0.111111"
"2163049969","2119085032","0.111111"
"2132791332","2163049969","0.611111"
"2163049969","2132791332","0.611111"
"2143170946","2163049969","0.111111"
"2163049969","2143170946","0.111111"
"2163049969","2210686847","0.5"
"2210686847","2163049969","0.5"
"1222699389","2059201166","0.2"
"2059201166","1222699389","0.2"
"1222699389","2117285489","0.2"
"2117285489","1222699389","0.2"
"1593211785","2059201166","12.7"
"2059201166","1593211785","12.7"
"1593211785","2102457045","0.2"
"2102457045","1593211785","0.2"
"1593211785","2117285489","9.78333"
"2117285489","1593211785","9.78333"
"1593211785","2119085032","0.2"
"2119085032","1593211785","0.2"
"2059201166","2102457045","0.2"
"2102457045","2059201166","0.2"
"2059201166","2117285489","10.7833"
"2117285489","2059201166","10.7833"
"2059201166","2119085032","0.2"
"2119085032","2059201166","0.2"
"2102457045","2117285489","0.2"
"2117285489","2102457045","0.2"
"2117285489","2119085032","3.2"
"2119085032","2117285489","3.2"
"1761672165","2102457045","0.333333"
"2102457045","1761672165","0.333333"
"2111487235","2122750868","0.25"
"2122750868","2111487235","0.25"
"2085925880","2210686847","0.166667"
"2210686847","2085925880","0.166667"
"2111487235","2210686847","1.16667"
"2210686847","2111487235","1.16667"
"2132791332","2210686847","0.166667"
"2210686847","2132791332","0.166667"
"2162316255","2210686847","0.166667"
"2210686847","2162316255","0.166667"
"1222699389","2771281827","1"
"2771281827","1222699389","1"
"1222699389","1990089904","0.166667"
"1990089904","1222699389","0.166667"
"1222699389","2114996745","0.166667"
"2114996745","1222699389","0.166667"
"1990089904","2085925880","0.166667"
"2085925880","1990089904","0.166667"
"1990089904","2095851690","0.166667"
"2095851690","1990089904","0.166667"
"1990089904","2111487235","0.166667"
"2111487235","1990089904","0.166667"
"1990089904","2114996745","11.3333"
"2114996745","1990089904","11.3333"
"1990089904","2158326123","0.166667"
"2158326123","1990089904","0.166667"
"2085925880","2114996745","0.166667"
"2114996745","2085925880","0.166667"
"2095851690","2114996745","0.166667"
"2114996745","2095851690","0.166667"
"2111487235","2114996745","0.166667"
"2114996745","2111487235","0.166667"
"2114996745","2158326123","0.166667"
"2158326123","2114996745","0.166667"
"1222699389","2082550445","1"
"2082550445","1222699389","1"
"143193064","2294242399","1"
"2294242399","143193064","1"
"143193064","2122750868","0.5"
"2122750868","143193064","0.5"
"143193064","2143445293","0.5"
"2143445293","143193064","0.5"
"1433255219","2082300114","0.5"
"2082300114","1433255219","0.5"
"1433255219","2116669623","0.5"
"2116669623","1433255219","0.5"
"2082300114","2116669623","0.5"
"2116669623","2082300114","0.5"
"1433255219","2115675703","1"
"2115675703","1433255219","1"
"1500920619","2132791332","1"
"2132791332","1500920619","1"
"1500920619","1922737625","0.333333"
"1922737625","1500920619","0.333333"
"1500920619","2156262402","0.333333"
"2156262402","1500920619","0.333333"
"1922737625","2156262402","0.533333"
"2156262402","1922737625","0.533333"
"2120111750","2156262402","3.53333"
"2156262402","2120111750","3.53333"
"1500920619","2117030266","1"
"2117030266","1500920619","1"
"1527892","1552906779","3.5"
"1552906779","1527892","3.5"
"1527892","2051590127","2.5"
"2051590127","1527892","2.5"
"1552906779","2051590127","0.5"
"2051590127","1552906779","0.5"
"1537370817","2631389871","1"
"2631389871","1537370817","1"
"1552906779","1580559113","3.62619"
"1580559113","1552906779","3.62619"
"1552906779","2125743503","4.24564"
"2125743503","1552906779","4.24564"
"1552906779","2137365926","3.17619"
"2137365926","1552906779","3.17619"
"1956767865","2125743503","20.079"
"2125743503","1956767865","20.079"
"1956767865","2137365926","10.6262"
"2137365926","1956767865","10.6262"
"1552906779","2160106378","1.11111"
"2160106378","1552906779","1.11111"
"1552906779","1903577715","3.49286"
"1903577715","1552906779","3.49286"
"1903577715","2125743503","2.74286"
"2125743503","1903577715","2.74286"
"2117030266","2125743503","6.925"
"2125743503","2117030266","6.925"
"1552906779","2115392339","0.747222"
"2115392339","1552906779","0.747222"
"2115392339","2117030266","1.58611"
"2117030266","2115392339","1.58611"
"2115392339","2132874238","7.13611"
"2132874238","2115392339","7.13611"
"2115392339","2150795982","3.69167"
"2150795982","2115392339","3.69167"
"2115392339","2151135920","0.933333"
"2151135920","2115392339","0.933333"
"1552906779","2120111750","0.5"
"2120111750","1552906779","0.5"
"1580559113","1903577715","5.17619"
"1903577715","1580559113","5.17619"
"1580559113","2014589236","1.45"
"2014589236","1580559113","1.45"
"1580559113","2132874238","7.84286"
"2132874238","1580559113","7.84286"
"1903577715","2014589236","1.63333"
"2014589236","1903577715","1.63333"
"1903577715","2151135920","2.34286"
"2151135920","1903577715","2.34286"
"1903577715","78162143","0.533333"
"78162143","1903577715","0.533333"
"1552906779","2146871983","1"
"2146871983","1552906779","1"
"1552906779","1968061803","1.03611"
"1968061803","1552906779","1.03611"
"1552906779","2160637255","0.883333"
"2160637255","1552906779","0.883333"
"1956767865","1968061803","6.0623"
"1968061803","1956767865","6.0623"
"1956767865","2160637255","4.10952"
"2160637255","1956767865","4.10952"
"1968061803","2117030266","7.29286"
"2117030266","1968061803","7.29286"
"1968061803","2125743503","1.83611"
"2125743503","1968061803","1.83611"
"1968061803","2151135920","6.40952"
"2151135920","1968061803","6.40952"
"1968061803","2160637255","3.04286"
"2160637255","1968061803","3.04286"
"2125743503","2160637255","3.35"
"2160637255","2125743503","3.35"
"1552906779","2102457045","1"
"2102457045","1552906779","1"
"1552906779","2065339563","4.50278"
"2065339563","1552906779","4.50278"
"1956767865","2065339563","5.46944"
"2065339563","1956767865","5.46944"
"2014589236","2125743503","1.95"
"2125743503","2014589236","1.95"
"2125743503","2132874238","10.2083"
"2132874238","2125743503","10.2083"
"1552906779","2121468041","1"
"2121468041","1552906779","1"
"1552906779","1761672165","2"
"1761672165","1552906779","2"
"1761672165","1956767865","2.91667"
"1956767865","1761672165","2.91667"
"1761672165","2125743503","1.25"
"2125743503","1761672165","1.25"
"1761672165","2151135920","1.5"
"2151135920","1761672165","1.5"
"1552906779","2162765234","0.611111"
"2162765234","1552906779","0.611111"
"1968061803","2132874238","3.39286"
"2132874238","1968061803","3.39286"
"1968061803","2162765234","0.642857"
"2162765234","1968061803","0.642857"
"2117030266","2162765234","6.25397"
"2162765234","2117030266","6.25397"
"2132874238","2162765234","5.4873"
"2162765234","2132874238","5.4873"
"2151135920","2162765234","5.97619"
"2162765234","2151135920","5.97619"
"1580559113","1956767865","10.2524"
"1956767865","1580559113","10.2524"
"1580559113","1968061803","0.47619"
"1968061803","1580559113","0.47619"
"1552906779","2100765095","0.236111"
"2100765095","1552906779","0.236111"
"1552906779","2115675703","0.236111"
"2115675703","1552906779","0.236111"
"1916198581","1968061803","0.819444"
"1968061803","1916198581","0.819444"
"1916198581","2065339563","2.43611"
"2065339563","1916198581","2.43611"
"1916198581","2115392339","0.236111"
"2115392339","1916198581","0.236111"
"1916198581","2115675703","1.23611"
"2115675703","1916198581","1.23611"
"1916198581","2125743503","0.236111"
"2125743503","1916198581","0.236111"
"1916198581","2160106378","5.44444"
"2160106378","1916198581","5.44444"
"1956767865","2115392339","4.35278"
"2115392339","1956767865","4.35278"
"1956767865","2115675703","1.81944"
"2115675703","1956767865","1.81944"
"1956767865","2160106378","0.111111"
"2160106378","1956767865","0.111111"
"1968061803","2065339563","1.40278"
"2065339563","1968061803","1.40278"
"1968061803","2100765095","0.819444"
"2100765095","1968061803","0.819444"
"1968061803","2115392339","0.236111"
"2115392339","1968061803","0.236111"
"1968061803","2115675703","3.66944"
"2115675703","1968061803","3.66944"
"1968061803","2160106378","1.11111"
"2160106378","1968061803","1.11111"
"2065339563","2100765095","3.36111"
"2100765095","2065339563","3.36111"
"2065339563","2115392339","2.69444"
"2115392339","2065339563","2.69444"
"2065339563","2115675703","0.486111"
"2115675703","2065339563","0.486111"
"2065339563","2125743503","2.94444"
"2125743503","2065339563","2.94444"
"2065339563","2160106378","0.111111"
"2160106378","2065339563","0.111111"
"2100765095","2115392339","1.36111"
"2115392339","2100765095","1.36111"
"2100765095","2115675703","0.236111"
"2115675703","2100765095","0.236111"
"2100765095","2125743503","0.361111"
"2125743503","2100765095","0.361111"
"2100765095","2160106378","0.111111"
"2160106378","2100765095","0.111111"
"2115392339","2115675703","0.236111"
"2115675703","2115392339","0.236111"
"2115392339","2125743503","1.69444"
"2125743503","2115392339","1.69444"
"2115392339","2160106378","0.111111"
"2160106378","2115392339","0.111111"
"2115675703","2125743503","0.236111"
"2125743503","2115675703","0.236111"
"2115675703","2160106378","1.61111"
"2160106378","2115675703","1.61111"
"2125743503","2160106378","0.111111"
"2160106378","2125743503","0.111111"
"1552906779","2109921293","1"
"2109921293","1552906779","1"
"2109921293","2117030266","1"
"2117030266","2109921293","1"
"2065339563","78162143","3.075"
"78162143","2065339563","3.075"
"2014589236","2137365926","0.9"
"2137365926","2014589236","0.9"
"2132874238","2137365926","2.15"
"2137365926","2132874238","2.15"
"1552906779","2066220442","2.2873"
"2066220442","1552906779","2.2873"
"1956767865","2066220442","17.8095"
"2066220442","1956767865","17.8095"
"1956767865","78162143","7.43333"
"78162143","1956767865","7.43333"
"2125743503","78162143","1.325"
"78162143","2125743503","1.325"
"1761672165","2014589236","3.25"
"2014589236","1761672165","3.25"
"1761672165","2164195897","0.75"
"2164195897","1761672165","0.75"
"1580559113","2065339563","0.2"
"2065339563","1580559113","0.2"
"1580559113","2125743503","0.47619"
"2125743503","1580559113","0.47619"
"1580559113","2137365926","1.64286"
"2137365926","1580559113","1.64286"
"1903577715","2137365926","4.30952"
"2137365926","1903577715","4.30952"
"1580559113","2066220442","10.0429"
"2066220442","1580559113","10.0429"
"1903577715","2066220442","1.14286"
"2066220442","1903577715","1.14286"
"1580559113","2160637255","7.64286"
"2160637255","1580559113","7.64286"
"1903577715","1968061803","0.35"
"1968061803","1903577715","0.35"
"1903577715","2160637255","0.1"
"2160637255","1903577715","0.1"
"1903577715","2162765234","0.6"
"2162765234","1903577715","0.6"
"1956767865","2162765234","4.47619"
"2162765234","1956767865","4.47619"
"1968061803","2014589236","4.16667"
"2014589236","1968061803","4.16667"
"1968061803","2150795982","0.35"
"2150795982","1968061803","0.35"
"2014589236","2160637255","2.16667"
"2160637255","2014589236","2.16667"
"2014589236","2162765234","0.5"
"2162765234","2014589236","0.5"
"2125743503","2150795982","1.50833"
"2150795982","2125743503","1.50833"
"2125743503","2162765234","0.933333"
"2162765234","2125743503","0.933333"
"2150795982","2160637255","1.13333"
"2160637255","2150795982","1.13333"
"2150795982","2162765234","2.33333"
"2162765234","2150795982","2.33333"
"2160637255","2162765234","2.42619"
"2162765234","2160637255","2.42619"
"1552906779","2119359024","0.2"
"2119359024","1552906779","0.2"
"1580559113","2119359024","0.2"
"2119359024","1580559113","0.2"
"1580559113","2162765234","0.342857"
"2162765234","1580559113","0.342857"
"1956767865","2119359024","0.2"
"2119359024","1956767865","0.2"
"2119359024","2151135920","1.2"
"2151135920","2119359024","1.2"
"2119359024","2162765234","0.2"
"2162765234","2119359024","0.2"
"2065339563","2066220442","5.625"
"2066220442","2065339563","5.625"
"1552906779","2461373307","0.644444"
"2461373307","1552906779","0.644444"
"1552906779","2515236103","0.111111"
"2515236103","1552906779","0.111111"
"1552906779","2518060702","0.311111"
"2518060702","1552906779","0.311111"
"2066220442","2115392339","9.01944"
"2115392339","2066220442","9.01944"
"2066220442","2162765234","5.69444"
"2162765234","2066220442","5.69444"
"2066220442","2461373307","3.44444"
"2461373307","2066220442","3.44444"
"2066220442","2515236103","0.111111"
"2515236103","2066220442","0.111111"
"2115392339","2162765234","1.02778"
"2162765234","2115392339","1.02778"
"2115392339","2461373307","0.111111"
"2461373307","2115392339","0.111111"
"2115392339","2515236103","0.111111"
"2515236103","2115392339","0.111111"
"2115392339","2518060702","0.111111"
"2518060702","2115392339","0.111111"
"2115392339","78162143","1.31944"
"78162143","2115392339","1.31944"
"2117030266","2461373307","0.844444"
"2461373307","2117030266","0.844444"
"2117030266","2515236103","0.111111"
"2515236103","2117030266","0.111111"
"2117030266","2518060702","3.81111"
"2518060702","2117030266","3.81111"
"2132874238","2461373307","1.64444"
"2461373307","2132874238","1.64444"
"2132874238","2515236103","0.111111"
"2515236103","2132874238","0.111111"
"2132874238","2518060702","0.111111"
"2518060702","2132874238","0.111111"
"2162765234","2461373307","1.11111"
"2461373307","2162765234","1.11111"
"2162765234","2515236103","0.111111"
"2515236103","2162765234","0.111111"
"2162765234","2518060702","0.611111"
"2518060702","2162765234","0.611111"
"2162765234","78162143","8.29444"
"78162143","2162765234","8.29444"
"2461373307","2515236103","0.111111"
"2515236103","2461373307","0.111111"
"2461373307","2518060702","0.811111"
"2518060702","2461373307","0.811111"
"2461373307","78162143","0.777778"
"78162143","2461373307","0.777778"
"2515236103","2518060702","0.111111"
"2518060702","2515236103","0.111111"
"2515236103","78162143","0.111111"
"78162143","2515236103","0.111111"
"2518060702","78162143","0.111111"
"78162143","2518060702","0.111111"
"2065339563","2461373307","1.7"
"2461373307","2065339563","1.7"
"2065339563","2518060702","0.2"
"2518060702","2065339563","0.2"
"2160637255","2461373307","0.4"
"2461373307","2160637255","0.4"
"2160637255","2518060702","1.2"
"2518060702","2160637255","1.2"
"1956767865","2461373307","3.25"
"2461373307","1956767865","3.25"
"1575696720","283225250","2"
"283225250","1575696720","2"
"1580559113","1916198581","2.98333"
"1916198581","1580559113","2.98333"
"1916198581","2066220442","6.73333"
"2066220442","1916198581","6.73333"
"1916198581","78162143","3.1"
"78162143","1916198581","3.1"
"1580559113","2115675703","0.2"
"2115675703","1580559113","0.2"
"1903577715","2115675703","0.45"
"2115675703","1903577715","0.45"
"1580559113","1993426957","9"
"1993426957","1580559113","9"
"1903577715","1993426957","6.5"
"1993426957","1903577715","6.5"
"1580559113","2150795982","1.75"
"2150795982","1580559113","1.75"
"1580559113","1761672165","1.5"
"1761672165","1580559113","1.5"
"1580559113","2115392339","0.583333"
"2115392339","1580559113","0.583333"
"1580559113","2121468041","1"
"2121468041","1580559113","1"
"1761672165","1993426957","1.5"
"1993426957","1761672165","1.5"
"1580559113","1593211785","0.0833333"
"1593211785","1580559113","0.0833333"
"1580559113","2100995598","0.0833333"
"2100995598","1580559113","0.0833333"
"1580559113","2146871983","0.0833333"
"2146871983","1580559113","0.0833333"
"1580559113","2164195897","0.0833333"
"2164195897","1580559113","0.0833333"
"1593211785","1916198581","0.0833333"
"1916198581","1593211785","0.0833333"
"1593211785","1956767865","0.0833333"
"1956767865","1593211785","0.0833333"
"1593211785","2014589236","0.0833333"
"2014589236","1593211785","0.0833333"
"1593211785","2066220442","0.0833333"
"2066220442","1593211785","0.0833333"
"1593211785","2100995598","0.833333"
"2100995598","1593211785","0.833333"
"1593211785","2117030266","0.0833333"
"2117030266","1593211785","0.0833333"
"1593211785","2132874238","0.0833333"
"2132874238","1593211785","0.0833333"
"1593211785","2146871983","0.0833333"
"2146871983","1593211785","0.0833333"
"1593211785","2150795982","0.0833333"
"2150795982","1593211785","0.0833333"
"1593211785","2160637255","0.0833333"
"2160637255","1593211785","0.0833333"
"1593211785","2164195897","0.0833333"
"2164195897","1593211785","0.0833333"
"1916198581","2100995598","0.0833333"
"2100995598","1916198581","0.0833333"
"1916198581","2146871983","0.0833333"
"2146871983","1916198581","0.0833333"
"1916198581","2150795982","1.28333"
"2150795982","1916198581","1.28333"
"1916198581","2160637255","0.333333"
"2160637255","1916198581","0.333333"
"1916198581","2164195897","0.0833333"
"2164195897","1916198581","0.0833333"
"1956767865","2100995598","0.0833333"
"2100995598","1956767865","0.0833333"
"1956767865","2146871983","0.0833333"
"2146871983","1956767865","0.0833333"
"1956767865","2164195897","0.0833333"
"2164195897","1956767865","0.0833333"
"2014589236","2100995598","0.0833333"
"2100995598","2014589236","0.0833333"
"2014589236","2146871983","0.0833333"
"2146871983","2014589236","0.0833333"
"2066220442","2100995598","0.0833333"
"2100995598","2066220442","0.0833333"
"2066220442","2146871983","0.0833333"
"2146871983","2066220442","0.0833333"
"2066220442","2160637255","1.98333"
"2160637255","2066220442","1.98333"
"2066220442","2164195897","0.0833333"
"2164195897","2066220442","0.0833333"
"2100995598","2117030266","0.0833333"
"2117030266","2100995598","0.0833333"
"2100995598","2132874238","0.0833333"
"2132874238","2100995598","0.0833333"
"2100995598","2146871983","0.0833333"
"2146871983","2100995598","0.0833333"
"2100995598","2150795982","0.0833333"
"2150795982","2100995598","0.0833333"
"2100995598","2160637255","0.0833333"
"2160637255","2100995598","0.0833333"
"2100995598","2164195897","0.0833333"
"2164195897","2100995598","0.0833333"
"2117030266","2146871983","0.0833333"
"2146871983","2117030266","0.0833333"
"2132874238","2146871983","0.0833333"
"2146871983","2132874238","0.0833333"
"2146871983","2150795982","0.0833333"
"2150795982","2146871983","0.0833333"
"2146871983","2160637255","0.0833333"
"2160637255","2146871983","0.0833333"
"2146871983","2164195897","0.0833333"
"2164195897","2146871983","0.0833333"
"2160637255","2164195897","0.0833333"
"2164195897","2160637255","0.0833333"
"1593211785","1997564913","11.5833"
"1997564913","1593211785","11.5833"
"1593211785","2065339563","0.333333"
"2065339563","1593211785","0.333333"
"1593211785","2100765095","0.333333"
"2100765095","1593211785","0.333333"
"2059201166","2065339563","0.333333"
"2065339563","2059201166","0.333333"
"2059201166","2100765095","2.33333"
"2100765095","2059201166","2.33333"
"1593211785","2166731089","13.6667"
"2166731089","1593211785","13.6667"
"2059201166","2166731089","13.1667"
"2166731089","2059201166","13.1667"
"2117285489","2166731089","4.58333"
"2166731089","2117285489","4.58333"
"2059201166","2100995598","1.25"
"2100995598","2059201166","1.25"
"2100995598","2117285489","2.75"
"2117285489","2100995598","2.75"
"2100995598","2166731089","0.25"
"2166731089","2100995598","0.25"
"1997564913","2059201166","4.08333"
"2059201166","1997564913","4.08333"
"1997564913","2166731089","4.08333"
"2166731089","1997564913","4.08333"
"1997564913","2117285489","8"
"2117285489","1997564913","8"
"1593211785","1922737625","0.25"
"1922737625","1593211785","0.25"
"1922737625","1997564913","0.25"
"1997564913","1922737625","0.25"
"1922737625","2059201166","0.25"
"2059201166","1922737625","0.25"
"1922737625","2166731089","0.25"
"2166731089","1922737625","0.25"
"1593211785","2163049969","1"
"2163049969","1593211785","1"
"1593211785","2120111750","1"
"2120111750","1593211785","1"
"1593211785","2083940415","1"
"2083940415","1593211785","1"
"1761672165","78162143","4.83333"
"78162143","1761672165","4.83333"
"1761672165","2109860693","13.3333"
"2109860693","1761672165","13.3333"
"1761672165","2150795982","2.5"
"2150795982","1761672165","2.5"
"2109860693","2120111750","0.5"
"2120111750","2109860693","0.5"
"1761672165","2117030266","4"
"2117030266","1761672165","4"
"1761672165","2121468041","3"
"2121468041","1761672165","3"
"2121468041","78162143","0.5"
"78162143","2121468041","0.5"
"2109860693","2150795982","0.5"
"2150795982","2109860693","0.5"
"2109860693","2162316255","0.5"
"2162316255","2109860693","0.5"
"1761672165","2132874238","3"
"2132874238","1761672165","3"
"1761672165","1903577715","1.33333"
"1903577715","1761672165","1.33333"
"1761672165","2066220442","2.33333"
"2066220442","1761672165","2.33333"
"1761672165","2137365926","0.333333"
"2137365926","1761672165","0.333333"
"1761672165","2160106378","1"
"2160106378","1761672165","1"
"1761672165","2111487235","1"
"2111487235","1761672165","1"
"2014589236","2109860693","0.5"
"2109860693","2014589236","0.5"
"1903577715","2109860693","0.333333"
"2109860693","1903577715","0.333333"
"1956767865","2109860693","0.333333"
"2109860693","1956767865","0.333333"
"1761672165","2065339563","0.333333"
"2065339563","1761672165","0.333333"
"1761672165","2100765095","0.333333"
"2100765095","1761672165","0.333333"
"2100765095","78162143","0.458333"
"78162143","2100765095","0.458333"
"2121468041","2125743503","1"
"2125743503","2121468041","1"
"1761672165","1951268159","1"
"1951268159","1761672165","1"
"1761672165","202635835","1"
"202635835","1761672165","1"
"2121468041","2132874238","1.33333"
"2132874238","2121468041","1.33333"
"1761672165","1968061803","1"
"1968061803","1761672165","1"
"1903577715","2166731089","0.5"
"2166731089","1903577715","0.5"
"2162765234","2166731089","0.5"
"2166731089","2162765234","0.5"
"1903577715","2146871983","2"
"2146871983","1903577715","2"
"1903577715","2111487235","0.25"
"2111487235","1903577715","0.25"
"1956767865","2111487235","0.25"
"2111487235","1956767865","0.25"
