"114553965","2197836422","0.75"
"2197836422","114553965","0.75"
"114553965","2215557951","0.75"
"2215557951","114553965","0.75"
"2197836422","2215557951","20.0833"
"2215557951","2197836422","20.0833"
"114553965","1999760104","0.25"
"1999760104","114553965","0.25"
"114553965","2290944024","0.25"
"2290944024","114553965","0.25"
"1999760104","2197836422","6.25"
"2197836422","1999760104","6.25"
"1999760104","2215557951","1.41667"
"2215557951","1999760104","1.41667"
"1999760104","2290944024","0.25"
"2290944024","1999760104","0.25"
"2197836422","2290944024","3.33333"
"2290944024","2197836422","3.33333"
"2215557951","2290944024","1.08333"
"2290944024","2215557951","1.08333"
"116246279","2076004957","4.25"
"2076004957","116246279","4.25"
"116246279","2089542785","2.58333"
"2089542785","116246279","2.58333"
"116246279","2162810870","3.75"
"2162810870","116246279","3.75"
"2089542785","2162810870","2.25952"
"2162810870","2089542785","2.25952"
"116246279","1553146597","1.41667"
"1553146597","116246279","1.41667"
"1553146597","2076004957","13.9575"
"2076004957","1553146597","13.9575"
"1553146597","2162810870","8.28968"
"2162810870","1553146597","8.28968"
"2076004957","2162810870","11.2813"
"2162810870","2076004957","11.2813"
"1553146597","2089542785","2.95952"
"2089542785","1553146597","2.95952"
"2076004957","2089542785","6.29286"
"2089542785","2076004957","6.29286"
"116246279","2161414947","1"
"2161414947","116246279","1"
"132662008","2144794336","1"
"2144794336","132662008","1"
"132662008","1969568357","2"
"1969568357","132662008","2"
"132662008","2035871140","1"
"2035871140","132662008","1"
"132662008","2058970046","1"
"2058970046","132662008","1"
"132732249","153010205","7.06111"
"153010205","132732249","7.06111"
"132732249","2033082111","6.31111"
"2033082111","132732249","6.31111"
"153010205","2033082111","10.2861"
"2033082111","153010205","10.2861"
"132732249","1489574895","0.333333"
"1489574895","132732249","0.333333"
"132732249","2025113626","0.694444"
"2025113626","132732249","0.694444"
"1489574895","153010205","2.76948"
"153010205","1489574895","2.76948"
"1489574895","2025113626","2.82024"
"2025113626","1489574895","2.82024"
"153010205","2025113626","8.95595"
"2025113626","153010205","8.95595"
"132732249","164306009","0.727778"
"164306009","132732249","0.727778"
"132732249","1971114459","0.366667"
"1971114459","132732249","0.366667"
"132732249","2009470162","0.166667"
"2009470162","132732249","0.166667"
"132732249","2030014066","0.616667"
"2030014066","132732249","0.616667"
"132732249","2151369956","0.277778"
"2151369956","132732249","0.277778"
"153010205","164306009","4.70794"
"164306009","153010205","4.70794"
"153010205","1971114459","4.36905"
"1971114459","153010205","4.36905"
"153010205","2009470162","13.7587"
"2009470162","153010205","13.7587"
"153010205","2030014066","8.59484"
"2030014066","153010205","8.59484"
"153010205","2151369956","11.3631"
"2151369956","153010205","11.3631"
"164306009","1971114459","2.14286"
"1971114459","164306009","2.14286"
"164306009","2009470162","2.78571"
"2009470162","164306009","2.78571"
"164306009","2030014066","6.53016"
"2030014066","164306009","6.53016"
"164306009","2151369956","5.06746"
"2151369956","164306009","5.06746"
"1971114459","2009470162","4.59286"
"2009470162","1971114459","4.59286"
"1971114459","2030014066","9.10238"
"2030014066","1971114459","9.10238"
"1971114459","2151369956","13.2929"
"2151369956","1971114459","13.2929"
"2009470162","2030014066","14.7341"
"2030014066","2009470162","14.7341"
"2009470162","2151369956","12.4516"
"2151369956","2009470162","12.4516"
"2030014066","2151369956","7.33532"
"2151369956","2030014066","7.33532"
"164306009","2033082111","1.83175"
"2033082111","164306009","1.83175"
"1971114459","2033082111","6.59286"
"2033082111","1971114459","6.59286"
"2030014066","2033082111","6.81746"
"2033082111","2030014066","6.81746"
"164306009","2025113626","3.86508"
"2025113626","164306009","3.86508"
"2025113626","2030014066","10.0675"
"2030014066","2025113626","10.0675"
"132732249","2136225013","1.11111"
"2136225013","132732249","1.11111"
"132732249","2537238206","1"
"2537238206","132732249","1"
"132732249","1518431406","0.111111"
"1518431406","132732249","0.111111"
"132732249","2101438812","0.111111"
"2101438812","132732249","0.111111"
"132732249","24131227","0.111111"
"24131227","132732249","0.111111"
"1518431406","153010205","0.920635"
"153010205","1518431406","0.920635"
"1518431406","164306009","1.96111"
"164306009","1518431406","1.96111"
"1518431406","2025113626","11.0302"
"2025113626","1518431406","11.0302"
"1518431406","2033082111","1.94444"
"2033082111","1518431406","1.94444"
"1518431406","2101438812","10.2206"
"2101438812","1518431406","10.2206"
"1518431406","2136225013","4.91349"
"2136225013","1518431406","4.91349"
"1518431406","2151369956","6.49841"
"2151369956","1518431406","6.49841"
"1518431406","24131227","3.63889"
"24131227","1518431406","3.63889"
"153010205","2101438812","10.519"
"2101438812","153010205","10.519"
"153010205","2136225013","3.22302"
"2136225013","153010205","3.22302"
"153010205","24131227","1.30952"
"24131227","153010205","1.30952"
"164306009","2101438812","3.55794"
"2101438812","164306009","3.55794"
"164306009","2136225013","3.97063"
"2136225013","164306009","3.97063"
"164306009","24131227","0.365079"
"24131227","164306009","0.365079"
"2025113626","2033082111","3.68571"
"2033082111","2025113626","3.68571"
"2025113626","2101438812","14.1524"
"2101438812","2025113626","14.1524"
"2025113626","2136225013","4.63254"
"2136225013","2025113626","4.63254"
"2025113626","2151369956","9.42103"
"2151369956","2025113626","9.42103"
"2025113626","24131227","0.97619"
"24131227","2025113626","0.97619"
"2033082111","2101438812","6.45952"
"2101438812","2033082111","6.45952"
"2033082111","2136225013","1.37063"
"2136225013","2033082111","1.37063"
"2033082111","2151369956","9.31551"
"2151369956","2033082111","9.31551"
"2033082111","24131227","0.666667"
"24131227","2033082111","0.666667"
"2101438812","2136225013","9.81349"
"2136225013","2101438812","9.81349"
"2101438812","2151369956","31.3008"
"2151369956","2101438812","31.3008"
"2101438812","24131227","0.666667"
"24131227","2101438812","0.666667"
"2136225013","2151369956","3.98254"
"2151369956","2136225013","3.98254"
"2136225013","24131227","0.111111"
"24131227","2136225013","0.111111"
"2151369956","24131227","4.20238"
"24131227","2151369956","4.20238"
"142998419","2110938135","1"
"2110938135","142998419","1"
"142998419","2122047369","1"
"2122047369","142998419","1"
"2110938135","2122047369","3"
"2122047369","2110938135","3"
"143141848","1547131737","0.25"
"1547131737","143141848","0.25"
"143141848","2039905317","0.25"
"2039905317","143141848","0.25"
"143141848","2074923659","0.25"
"2074923659","143141848","0.25"
"143141848","208017778","0.25"
"208017778","143141848","0.25"
"1547131737","2039905317","0.25"
"2039905317","1547131737","0.25"
"1547131737","2074923659","0.25"
"2074923659","1547131737","0.25"
"1547131737","208017778","0.791667"
"208017778","1547131737","0.791667"
"2039905317","2074923659","2.25"
"2074923659","2039905317","2.25"
"2039905317","208017778","0.25"
"208017778","2039905317","0.25"
"2074923659","208017778","0.392857"
"208017778","2074923659","0.392857"
"1447365856","1489574895","0.166667"
"1489574895","1447365856","0.166667"
"1447365856","2025113626","0.166667"
"2025113626","1447365856","0.166667"
"1447365856","2044152003","0.166667"
"2044152003","1447365856","0.166667"
"1447365856","2151369956","0.166667"
"2151369956","1447365856","0.166667"
"1447365856","2196703670","0.166667"
"2196703670","1447365856","0.166667"
"1447365856","24131227","0.166667"
"24131227","1447365856","0.166667"
"1489574895","2044152003","1.40952"
"2044152003","1489574895","1.40952"
"1489574895","2151369956","8.40281"
"2151369956","1489574895","8.40281"
"1489574895","2196703670","1.77662"
"2196703670","1489574895","1.77662"
"1489574895","24131227","0.309524"
"24131227","1489574895","0.309524"
"2025113626","2044152003","4.22063"
"2044152003","2025113626","4.22063"
"2025113626","2196703670","0.867857"
"2196703670","2025113626","0.867857"
"2044152003","2151369956","3.83016"
"2151369956","2044152003","3.83016"
"2044152003","2196703670","0.166667"
"2196703670","2044152003","0.166667"
"2044152003","24131227","2.23175"
"24131227","2044152003","2.23175"
"2151369956","2196703670","0.750433"
"2196703670","2151369956","0.750433"
"2196703670","24131227","0.166667"
"24131227","2196703670","0.166667"
"1471507","2043681328","8"
"2043681328","1471507","8"
"1471507","2169991041","6.5"
"2169991041","1471507","6.5"
"2043681328","2169991041","59.5"
"2169991041","2043681328","59.5"
"1471507","1969568357","0.5"
"1969568357","1471507","0.5"
"1969568357","2169991041","0.5"
"2169991041","1969568357","0.5"
"1480534846","2007924200","1"
"2007924200","1480534846","1"
"1481738548","2122047369","2.91667"
"2122047369","1481738548","2.91667"
"1481738548","1577672332","0.45"
"1577672332","1481738548","0.45"
"1481738548","1590347382","0.25"
"1590347382","1481738548","0.25"
"1481738548","2012819114","0.916667"
"2012819114","1481738548","0.916667"
"1577672332","1590347382","3.08333"
"1590347382","1577672332","3.08333"
"1577672332","2012819114","0.75"
"2012819114","1577672332","0.75"
"1577672332","2122047369","0.25"
"2122047369","1577672332","0.25"
"1590347382","2012819114","0.25"
"2012819114","1590347382","0.25"
"1590347382","2122047369","0.25"
"2122047369","1590347382","0.25"
"2012819114","2122047369","1.91667"
"2122047369","2012819114","1.91667"
"1481738548","2147961537","0.666667"
"2147961537","1481738548","0.666667"
"2012819114","2147961537","0.666667"
"2147961537","2012819114","0.666667"
"2122047369","2147961537","6.16667"
"2147961537","2122047369","6.16667"
"1481738548","2010141995","0.2"
"2010141995","1481738548","0.2"
"1481738548","2110938135","0.2"
"2110938135","1481738548","0.2"
"1481738548","2127912560","0.2"
"2127912560","1481738548","0.2"
"1481738548","2176812557","0.2"
"2176812557","1481738548","0.2"
"1577672332","2010141995","0.2"
"2010141995","1577672332","0.2"
"1577672332","2110938135","0.2"
"2110938135","1577672332","0.2"
"1577672332","2127912560","1.2"
"2127912560","1577672332","1.2"
"1577672332","2176812557","0.2"
"2176812557","1577672332","0.2"
"2010141995","2110938135","0.2"
"2110938135","2010141995","0.2"
"2010141995","2127912560","1.48571"
"2127912560","2010141995","1.48571"
"2010141995","2176812557","0.485714"
"2176812557","2010141995","0.485714"
"2110938135","2127912560","0.2"
"2127912560","2110938135","0.2"
"2110938135","2176812557","2.2"
"2176812557","2110938135","2.2"
"2127912560","2176812557","0.485714"
"2176812557","2127912560","0.485714"
"1483760347","1971114459","3.33333"
"1971114459","1483760347","3.33333"
"1483760347","2151369956","4.91349"
"2151369956","1483760347","4.91349"
"1483760347","1518431406","5.06111"
"1518431406","1483760347","5.06111"
"1483760347","2101438812","3.06667"
"2101438812","1483760347","3.06667"
"1518431406","1971114459","6.41667"
"1971114459","1518431406","6.41667"
"1971114459","2101438812","17.45"
"2101438812","1971114459","17.45"
"1483760347","153010205","1.85238"
"153010205","1483760347","1.85238"
"1483760347","2009470162","1.33016"
"2009470162","1483760347","1.33016"
"1483760347","2033082111","1.04286"
"2033082111","1483760347","1.04286"
"2009470162","2033082111","7.35397"
"2033082111","2009470162","7.35397"
"2009470162","2101438812","9.48016"
"2101438812","2009470162","9.48016"
"1483760347","1489574895","0.142857"
"1489574895","1483760347","0.142857"
"1483760347","2025113626","2.06905"
"2025113626","1483760347","2.06905"
"1483760347","2030014066","1.01349"
"2030014066","1483760347","1.01349"
"1483760347","2136225013","0.952381"
"2136225013","1483760347","0.952381"
"1489574895","2009470162","4.00952"
"2009470162","1489574895","4.00952"
"1489574895","2030014066","3.34405"
"2030014066","1489574895","3.34405"
"1489574895","2136225013","0.609524"
"2136225013","1489574895","0.609524"
"2009470162","2025113626","5.03968"
"2025113626","2009470162","5.03968"
"2009470162","2136225013","2.00476"
"2136225013","2009470162","2.00476"
"2030014066","2136225013","2.36905"
"2136225013","2030014066","2.36905"
"1518431406","2009470162","1.2873"
"2009470162","1518431406","1.2873"
"1483760347","1587822475","0.166667"
"1587822475","1483760347","0.166667"
"1518431406","1587822475","1.16667"
"1587822475","1518431406","1.16667"
"153010205","1587822475","0.166667"
"1587822475","153010205","0.166667"
"1587822475","1971114459","0.166667"
"1971114459","1587822475","0.166667"
"1587822475","2101438812","0.166667"
"2101438812","1587822475","0.166667"
"1587822475","2151369956","0.166667"
"2151369956","1587822475","0.166667"
"1483760347","2048402311","0.333333"
"2048402311","1483760347","0.333333"
"2048402311","2101438812","0.333333"
"2101438812","2048402311","0.333333"
"2048402311","2151369956","0.333333"
"2151369956","2048402311","0.333333"
"1518431406","2030014066","3.21111"
"2030014066","1518431406","3.21111"
"1971114459","2136225013","7.11667"
"2136225013","1971114459","7.11667"
"1483760347","2044152003","0.444444"
"2044152003","1483760347","0.444444"
"1518431406","2044152003","1.96111"
"2044152003","1518431406","1.96111"
"1483760347","1602325706","0.111111"
"1602325706","1483760347","0.111111"
"1483760347","2022578767","0.111111"
"2022578767","1483760347","0.111111"
"1483760347","2137204060","0.111111"
"2137204060","1483760347","0.111111"
"1483760347","24131227","0.361111"
"24131227","1483760347","0.361111"
"1518431406","1602325706","0.444444"
"1602325706","1518431406","0.444444"
"1518431406","2022578767","0.711111"
"2022578767","1518431406","0.711111"
"1518431406","2137204060","0.861111"
"2137204060","1518431406","0.861111"
"1602325706","2009470162","0.111111"
"2009470162","1602325706","0.111111"
"1602325706","2022578767","3.81111"
"2022578767","1602325706","3.81111"
"1602325706","2030014066","0.111111"
"2030014066","1602325706","0.111111"
"1602325706","2044152003","1.61111"
"2044152003","1602325706","1.61111"
"1602325706","2137204060","0.277778"
"2137204060","1602325706","0.277778"
"1602325706","2151369956","0.777778"
"2151369956","1602325706","0.777778"
"1602325706","24131227","1.11111"
"24131227","1602325706","1.11111"
"2009470162","2022578767","6.41746"
"2022578767","2009470162","6.41746"
"2009470162","2044152003","0.948413"
"2044152003","2009470162","0.948413"
"2009470162","2137204060","0.111111"
"2137204060","2009470162","0.111111"
"2009470162","24131227","0.865079"
"24131227","2009470162","0.865079"
"2022578767","2030014066","3.41627"
"2030014066","2022578767","3.41627"
"2022578767","2044152003","1.99841"
"2044152003","2022578767","1.99841"
"2022578767","2137204060","2.06111"
"2137204060","2022578767","2.06111"
"2022578767","2151369956","3.70678"
"2151369956","2022578767","3.70678"
"2022578767","24131227","0.365079"
"24131227","2022578767","0.365079"
"2030014066","2044152003","3.27222"
"2044152003","2030014066","3.27222"
"2030014066","2137204060","4.73175"
"2137204060","2030014066","4.73175"
"2030014066","24131227","1.80952"
"24131227","2030014066","1.80952"
"2044152003","2137204060","2.06111"
"2137204060","2044152003","2.06111"
"2137204060","2151369956","1.44841"
"2151369956","2137204060","1.44841"
"2137204060","24131227","0.222222"
"24131227","2137204060","0.222222"
"1483760347","207930717","0.25"
"207930717","1483760347","0.25"
"1518431406","207930717","0.25"
"207930717","1518431406","0.25"
"207930717","2151369956","0.25"
"2151369956","207930717","0.25"
"207930717","24131227","0.25"
"24131227","207930717","0.25"
"1483760347","1987511287","0.333333"
"1987511287","1483760347","0.333333"
"153010205","1987511287","0.47619"
"1987511287","153010205","0.47619"
"1987511287","2151369956","0.47619"
"2151369956","1987511287","0.47619"
"1486439139","1553146597","0.533333"
"1553146597","1486439139","0.533333"
"1486439139","2071940270","0.533333"
"2071940270","1486439139","0.533333"
"1486439139","2076004957","1.53333"
"2076004957","1486439139","1.53333"
"1486439139","2089542785","0.866667"
"2089542785","1486439139","0.866667"
"1486439139","2163942291","0.2"
"2163942291","1486439139","0.2"
"1553146597","2071940270","2.76587"
"2071940270","1553146597","2.76587"
"1553146597","2163942291","0.575"
"2163942291","1553146597","0.575"
"2071940270","2076004957","7.59087"
"2076004957","2071940270","7.59087"
"2071940270","2089542785","1.50952"
"2089542785","2071940270","1.50952"
"2071940270","2163942291","6.80833"
"2163942291","2071940270","6.80833"
"2076004957","2163942291","0.45"
"2163942291","2076004957","0.45"
"2089542785","2163942291","0.45"
"2163942291","2089542785","0.45"
"1486439139","1929645967","1"
"1929645967","1486439139","1"
"1486439139","20023138","0.166667"
"20023138","1486439139","0.166667"
"1486439139","2027494324","0.166667"
"2027494324","1486439139","0.166667"
"1486439139","2096521379","0.166667"
"2096521379","1486439139","0.166667"
"1486439139","2139257570","0.5"
"2139257570","1486439139","0.5"
"1486439139","2162614120","0.5"
"2162614120","1486439139","0.5"
"1929645967","20023138","0.166667"
"20023138","1929645967","0.166667"
"1929645967","2027494324","2.41667"
"2027494324","1929645967","2.41667"
"1929645967","2096521379","6.5"
"2096521379","1929645967","6.5"
"1929645967","2139257570","3.66667"
"2139257570","1929645967","3.66667"
"1929645967","2162614120","13.1667"
"2162614120","1929645967","13.1667"
"20023138","2027494324","0.166667"
"2027494324","20023138","0.166667"
"20023138","2096521379","0.166667"
"2096521379","20023138","0.166667"
"20023138","2139257570","0.166667"
"2139257570","20023138","0.166667"
"20023138","2162614120","1.16667"
"2162614120","20023138","1.16667"
"2027494324","2096521379","0.666667"
"2096521379","2027494324","0.666667"
"2027494324","2139257570","0.166667"
"2139257570","2027494324","0.166667"
"2027494324","2162614120","1.66667"
"2162614120","2027494324","1.66667"
"2096521379","2139257570","1.66667"
"2139257570","2096521379","1.66667"
"2096521379","2162614120","1.16667"
"2162614120","2096521379","1.16667"
"2139257570","2162614120","0.5"
"2162614120","2139257570","0.5"
"1486439139","30860918","0.833333"
"30860918","1486439139","0.833333"
"1929645967","30860918","0.833333"
"30860918","1929645967","0.833333"
"1486439139","1547131737","0.333333"
"1547131737","1486439139","0.333333"
"1486439139","2077097238","0.833333"
"2077097238","1486439139","0.833333"
"1486439139","2162810870","1.16667"
"2162810870","1486439139","1.16667"
"1547131737","2077097238","10.8456"
"2077097238","1547131737","10.8456"
"1547131737","2162810870","2.37064"
"2162810870","1547131737","2.37064"
"2077097238","2162810870","6.17183"
"2162810870","2077097238","6.17183"
"1486439139","1577672332","0.333333"
"1577672332","1486439139","0.333333"
"1486439139","1860656848","0.333333"
"1860656848","1486439139","0.333333"
"1577672332","1860656848","2.83333"
"1860656848","1577672332","2.83333"
"1577672332","2089542785","0.833333"
"2089542785","1577672332","0.833333"
"1860656848","2089542785","0.833333"
"2089542785","1860656848","0.833333"
"1486439139","2132177172","0.333333"
"2132177172","1486439139","0.333333"
"1553146597","2132177172","8.31071"
"2132177172","1553146597","8.31071"
"2132177172","2162810870","3.50119"
"2162810870","2132177172","3.50119"
"1486439139","2478074421","0.333333"
"2478074421","1486439139","0.333333"
"2139257570","2478074421","0.333333"
"2478074421","2139257570","0.333333"
"2162614120","2478074421","0.333333"
"2478074421","2162614120","0.333333"
"1486439139","1514350756","1.33333"
"1514350756","1486439139","1.33333"
"1514350756","1929645967","2.33333"
"1929645967","1514350756","2.33333"
"1514350756","30860918","0.833333"
"30860918","1514350756","0.833333"
"1486439139","2489124934","1"
"2489124934","1486439139","1"
"1486439139","2241809770","1"
"2241809770","1486439139","1"
"1489574895","2033082111","1.30043"
"2033082111","1489574895","1.30043"
"1489574895","2108073531","0.2"
"2108073531","1489574895","0.2"
"2009470162","2108073531","0.2"
"2108073531","2009470162","0.2"
"2025113626","2108073531","0.366667"
"2108073531","2025113626","0.366667"
"2030014066","2108073531","0.533333"
"2108073531","2030014066","0.533333"
"2033082111","2108073531","0.2"
"2108073531","2033082111","0.2"
"1489574895","2101438812","2.1"
"2101438812","1489574895","2.1"
"1489574895","1971114459","1.27619"
"1971114459","1489574895","1.27619"
"1489574895","1602325706","3.53333"
"1602325706","1489574895","3.53333"
"1489574895","2022578767","4.80996"
"2022578767","1489574895","4.80996"
"1489574895","2197836422","0.485714"
"2197836422","1489574895","0.485714"
"153010205","2022578767","3.35678"
"2022578767","153010205","3.35678"
"153010205","2197836422","0.342857"
"2197836422","153010205","0.342857"
"2022578767","2033082111","1.54488"
"2033082111","2022578767","1.54488"
"2022578767","2197836422","0.342857"
"2197836422","2022578767","0.342857"
"2030014066","2197836422","1.67619"
"2197836422","2030014066","1.67619"
"2033082111","2197836422","0.342857"
"2197836422","2033082111","0.342857"
"153010205","2196703670","0.826623"
"2196703670","153010205","0.826623"
"1971114459","2022578767","1.13571"
"2022578767","1971114459","1.13571"
"1971114459","2196703670","0.242857"
"2196703670","1971114459","0.242857"
"1971114459","2197836422","0.142857"
"2197836422","1971114459","0.142857"
"2022578767","2196703670","3.27662"
"2196703670","2022578767","3.27662"
"2030014066","2196703670","0.80119"
"2196703670","2030014066","0.80119"
"2033082111","2196703670","0.333766"
"2196703670","2033082111","0.333766"
"2196703670","2197836422","0.72619"
"2197836422","2196703670","0.72619"
"1489574895","2290944024","3.80043"
"2290944024","1489574895","3.80043"
"1489574895","2396208531","1.05877"
"2396208531","1489574895","1.05877"
"153010205","2290944024","0.794877"
"2290944024","153010205","0.794877"
"153010205","2396208531","0.458766"
"2396208531","153010205","0.458766"
"2022578767","2025113626","2.72897"
"2025113626","2022578767","2.72897"
"2022578767","2290944024","6.24488"
"2290944024","2022578767","6.24488"
"2022578767","2396208531","1.8921"
"2396208531","2022578767","1.8921"
"2025113626","2290944024","0.478968"
"2290944024","2025113626","0.478968"
"2025113626","2396208531","0.467857"
"2396208531","2025113626","0.467857"
"2151369956","2290944024","1.08377"
"2290944024","2151369956","1.08377"
"2151369956","2396208531","0.558766"
"2396208531","2151369956","0.558766"
"2196703670","2290944024","4.4671"
"2290944024","2196703670","4.4671"
"2196703670","2396208531","0.458766"
"2396208531","2196703670","0.458766"
"2290944024","2396208531","0.458766"
"2396208531","2290944024","0.458766"
"2009470162","2290944024","0.544444"
"2290944024","2009470162","0.544444"
"2030014066","2290944024","0.769444"
"2290944024","2030014066","0.769444"
"1602325706","2396208531","0.5"
"2396208531","1602325706","0.5"
"1489574895","2488221070","1.07424"
"2488221070","1489574895","1.07424"
"153010205","2488221070","0.740909"
"2488221070","153010205","0.740909"
"2022578767","2488221070","1.24091"
"2488221070","2022578767","1.24091"
"2025113626","2488221070","0.225"
"2488221070","2025113626","0.225"
"2151369956","2488221070","0.640909"
"2488221070","2151369956","0.640909"
"2196703670","2488221070","0.874242"
"2488221070","2196703670","0.874242"
"2290944024","2488221070","0.874242"
"2488221070","2290944024","0.874242"
"2396208531","2488221070","0.315909"
"2488221070","2396208531","0.315909"
"1489574895","164306009","0.366667"
"164306009","1489574895","0.366667"
"164306009","2022578767","3.76905"
"2022578767","164306009","3.76905"
"164306009","2196703670","0.1"
"2196703670","164306009","0.1"
"164306009","2290944024","0.1"
"2290944024","164306009","0.1"
"164306009","2488221070","0.1"
"2488221070","164306009","0.1"
"1971114459","2290944024","0.1"
"2290944024","1971114459","0.1"
"1971114459","2488221070","0.1"
"2488221070","1971114459","0.1"
"2009470162","2196703670","0.1"
"2196703670","2009470162","0.1"
"2009470162","2488221070","0.1"
"2488221070","2009470162","0.1"
"2030014066","2488221070","0.325"
"2488221070","2030014066","0.325"
"2033082111","2290944024","1.80202"
"2290944024","2033082111","1.80202"
"2033082111","2488221070","0.190909"
"2488221070","2033082111","0.190909"
"1489574895","2498195183","0.65"
"2498195183","1489574895","0.65"
"153010205","2498195183","1.79683"
"2498195183","153010205","1.79683"
"2022578767","2498195183","0.792857"
"2498195183","2022578767","0.792857"
"2033082111","2498195183","0.811111"
"2498195183","2033082111","0.811111"
"2151369956","2498195183","5.79683"
"2498195183","2151369956","5.79683"
"1489574895","2700774434","0.215909"
"2700774434","1489574895","0.215909"
"153010205","2700774434","0.215909"
"2700774434","153010205","0.215909"
"2022578767","2700774434","0.215909"
"2700774434","2022578767","0.215909"
"2030014066","2700774434","0.125"
"2700774434","2030014066","0.125"
"2151369956","2700774434","0.215909"
"2700774434","2151369956","0.215909"
"2196703670","2700774434","0.215909"
"2700774434","2196703670","0.215909"
"2290944024","2700774434","0.215909"
"2700774434","2290944024","0.215909"
"2488221070","2700774434","0.215909"
"2700774434","2488221070","0.215909"
"1489574895","1518431406","0.266667"
"1518431406","1489574895","0.266667"
"1518431406","2396208531","0.1"
"2396208531","1518431406","0.1"
"164306009","2044152003","2.65952"
"2044152003","164306009","2.65952"
"164306009","2396208531","0.1"
"2396208531","164306009","0.1"
"2022578767","2101438812","1.49683"
"2101438812","2022578767","1.49683"
"2022578767","2136225013","0.442857"
"2136225013","2022578767","0.442857"
"2030014066","2101438812","7.94841"
"2101438812","2030014066","7.94841"
"2030014066","2396208531","0.2"
"2396208531","2030014066","0.2"
"2044152003","2101438812","1.52063"
"2101438812","2044152003","1.52063"
"2044152003","2136225013","0.242857"
"2136225013","2044152003","0.242857"
"2044152003","2396208531","0.6"
"2396208531","2044152003","0.6"
"2101438812","2396208531","0.933333"
"2396208531","2101438812","0.933333"
"2136225013","2396208531","0.1"
"2396208531","2136225013","0.1"
"1489574895","151026171","0.142857"
"151026171","1489574895","0.142857"
"1489574895","2051968851","0.142857"
"2051968851","1489574895","0.142857"
"151026171","2025113626","0.142857"
"2025113626","151026171","0.142857"
"151026171","2044152003","0.285714"
"2044152003","151026171","0.285714"
"151026171","2051968851","0.142857"
"2051968851","151026171","0.142857"
"151026171","2151369956","0.428571"
"2151369956","151026171","0.428571"
"151026171","2197836422","2.47619"
"2197836422","151026171","2.47619"
"151026171","24131227","0.142857"
"24131227","151026171","0.142857"
"2025113626","2051968851","0.142857"
"2051968851","2025113626","0.142857"
"2025113626","2197836422","1.47619"
"2197836422","2025113626","1.47619"
"2044152003","2051968851","0.392857"
"2051968851","2044152003","0.392857"
"2044152003","2197836422","0.392857"
"2197836422","2044152003","0.392857"
"2051968851","2151369956","0.142857"
"2151369956","2051968851","0.142857"
"2051968851","2197836422","1.55952"
"2197836422","2051968851","1.55952"
"2051968851","24131227","0.47619"
"24131227","2051968851","0.47619"
"2151369956","2197836422","0.142857"
"2197836422","2151369956","0.142857"
"2197836422","24131227","0.142857"
"24131227","2197836422","0.142857"
"2196703670","2498195183","0.25"
"2498195183","2196703670","0.25"
"2290944024","2498195183","0.25"
"2498195183","2290944024","0.25"
"1489574895","2563003400","0.190909"
"2563003400","1489574895","0.190909"
"153010205","2563003400","0.190909"
"2563003400","153010205","0.190909"
"2022578767","2563003400","0.690909"
"2563003400","2022578767","0.690909"
"2025113626","2563003400","0.1"
"2563003400","2025113626","0.1"
"2030014066","2563003400","0.1"
"2563003400","2030014066","0.1"
"2151369956","2563003400","0.190909"
"2563003400","2151369956","0.190909"
"2196703670","2563003400","0.190909"
"2563003400","2196703670","0.190909"
"2290944024","2563003400","0.190909"
"2563003400","2290944024","0.190909"
"2396208531","2563003400","0.190909"
"2563003400","2396208531","0.190909"
"2488221070","2563003400","0.690909"
"2563003400","2488221070","0.690909"
"1489574895","2863550520","0.0909091"
"2863550520","1489574895","0.0909091"
"153010205","2863550520","0.0909091"
"2863550520","153010205","0.0909091"
"2022578767","2863550520","0.0909091"
"2863550520","2022578767","0.0909091"
"2033082111","2396208531","0.0909091"
"2396208531","2033082111","0.0909091"
"2033082111","2563003400","0.0909091"
"2563003400","2033082111","0.0909091"
"2033082111","2700774434","0.0909091"
"2700774434","2033082111","0.0909091"
"2033082111","2863550520","0.0909091"
"2863550520","2033082111","0.0909091"
"2151369956","2863550520","0.0909091"
"2863550520","2151369956","0.0909091"
"2196703670","2863550520","0.0909091"
"2863550520","2196703670","0.0909091"
"2290944024","2863550520","0.0909091"
"2863550520","2290944024","0.0909091"
"2396208531","2700774434","0.0909091"
"2700774434","2396208531","0.0909091"
"2396208531","2863550520","0.0909091"
"2863550520","2396208531","0.0909091"
"2488221070","2863550520","0.0909091"
"2863550520","2488221070","0.0909091"
"2563003400","2700774434","0.0909091"
"2700774434","2563003400","0.0909091"
"2563003400","2863550520","0.0909091"
"2863550520","2563003400","0.0909091"
"2700774434","2863550520","0.0909091"
"2863550520","2700774434","0.0909091"
"1489574895","2768805105","0.2"
"2768805105","1489574895","0.2"
"1602325706","2196703670","0.2"
"2196703670","1602325706","0.2"
"1602325706","2290944024","0.2"
"2290944024","1602325706","0.2"
"1602325706","2768805105","0.2"
"2768805105","1602325706","0.2"
"2022578767","2768805105","0.533333"
"2768805105","2022578767","0.533333"
"2196703670","2768805105","0.2"
"2768805105","2196703670","0.2"
"2290944024","2768805105","0.2"
"2768805105","2290944024","0.2"
"2488221070","2498195183","0.2"
"2498195183","2488221070","0.2"
"1493854616","2099913383","2.99286"
"2099913383","1493854616","2.99286"
"1493854616","2117191614","4.07619"
"2117191614","1493854616","4.07619"
"2099913383","2117191614","4.57619"
"2117191614","2099913383","4.57619"
"1493854616","2144801589","6.82619"
"2144801589","1493854616","6.82619"
"2099913383","2144801589","7.24286"
"2144801589","2099913383","7.24286"
"1493854616","2084621663","3.97619"
"2084621663","1493854616","3.97619"
"1493854616","2104608926","4.42619"
"2104608926","1493854616","4.42619"
"2084621663","2104608926","4.30952"
"2104608926","2084621663","4.30952"
"2084621663","2144801589","3.30952"
"2144801589","2084621663","3.30952"
"2104608926","2144801589","4.50952"
"2144801589","2104608926","4.50952"
"1493854616","1499366546","3.65952"
"1499366546","1493854616","3.65952"
"1493854616","571855627","0.333333"
"571855627","1493854616","0.333333"
"1499366546","2099913383","3.49286"
"2099913383","1499366546","3.49286"
"1499366546","571855627","0.333333"
"571855627","1499366546","0.333333"
"2099913383","571855627","0.333333"
"571855627","2099913383","0.333333"
"1493854616","1514763803","2.70952"
"1514763803","1493854616","2.70952"
"1514763803","2084621663","1.14286"
"2084621663","1514763803","1.14286"
"1514763803","2104608926","1.39286"
"2104608926","1514763803","1.39286"
"1514763803","2144801589","19.7929"
"2144801589","1514763803","19.7929"
"1499366546","2084621663","2.47619"
"2084621663","1499366546","2.47619"
"1499366546","2104608926","2.92619"
"2104608926","1499366546","2.92619"
"1499366546","2144801589","7.32619"
"2144801589","1499366546","7.32619"
"1499366546","2117191614","3.24286"
"2117191614","1499366546","3.24286"
"2099913383","2104608926","1.00952"
"2104608926","2099913383","1.00952"
"2104608926","2117191614","1.42619"
"2117191614","2104608926","1.42619"
"2117191614","2144801589","7.90952"
"2144801589","2117191614","7.90952"
"1493854616","1519655679","1"
"1519655679","1493854616","1"
"1493854616","2036999337","1"
"2036999337","1493854616","1"
"1499366546","1514763803","3.04286"
"1514763803","1499366546","3.04286"
"1514763803","2099913383","3.87619"
"2099913383","1514763803","3.87619"
"1514763803","2117191614","17.9595"
"2117191614","1514763803","17.9595"
"2084621663","2099913383","0.809524"
"2099913383","2084621663","0.809524"
"2084621663","2117191614","1.80952"
"2117191614","2084621663","1.80952"
"1493854616","1846130260","0.5"
"1846130260","1493854616","0.5"
"1493854616","2058970046","0.5"
"2058970046","1493854616","0.5"
"1846130260","2058970046","8.5"
"2058970046","1846130260","8.5"
"1495169191","2012419258","0.666667"
"2012419258","1495169191","0.666667"
"1495169191","2040830570","0.666667"
"2040830570","1495169191","0.666667"
"1495169191","2084621663","0.666667"
"2084621663","1495169191","0.666667"
"2012419258","2040830570","21.5"
"2040830570","2012419258","21.5"
"2012419258","2084621663","29.45"
"2084621663","2012419258","29.45"
"2040830570","2084621663","17.4167"
"2084621663","2040830570","17.4167"
"1499366546","1926330396","5.5"
"1926330396","1499366546","5.5"
"1926330396","2144801589","4.83333"
"2144801589","1926330396","4.83333"
"1503027868","2012419258","1"
"2012419258","1503027868","1"
"1505757964","1926330396","0.533333"
"1926330396","1505757964","0.533333"
"1505757964","2110938135","0.2"
"2110938135","1505757964","0.2"
"1505757964","2117191614","0.533333"
"2117191614","1505757964","0.533333"
"1505757964","2144794336","0.2"
"2144794336","1505757964","0.2"
"1505757964","2145597900","0.2"
"2145597900","1505757964","0.2"
"1926330396","2110938135","0.45"
"2110938135","1926330396","0.45"
"1926330396","2117191614","0.783333"
"2117191614","1926330396","0.783333"
"1926330396","2144794336","0.45"
"2144794336","1926330396","0.45"
"1926330396","2145597900","0.45"
"2145597900","1926330396","0.45"
"2110938135","2117191614","1.45"
"2117191614","2110938135","1.45"
"2110938135","2144794336","0.45"
"2144794336","2110938135","0.45"
"2110938135","2145597900","0.95"
"2145597900","2110938135","0.95"
"2117191614","2144794336","0.783333"
"2144794336","2117191614","0.783333"
"2117191614","2145597900","0.45"
"2145597900","2117191614","0.45"
"2144794336","2145597900","0.45"
"2145597900","2144794336","0.45"
"1505757964","1514763803","0.333333"
"1514763803","1505757964","0.333333"
"1514763803","1926330396","0.333333"
"1926330396","1514763803","0.333333"
"1505757964","1997892903","13.5"
"1997892903","1505757964","13.5"
"1505757964","2084627699","1.5"
"2084627699","1505757964","1.5"
"1997892903","2084627699","0.5"
"2084627699","1997892903","0.5"
"1505757964","1518431406","2"
"1518431406","1505757964","2"
"1507565831","2143578807","1.5"
"2143578807","1507565831","1.5"
"1507565831","2033230620","1"
"2033230620","1507565831","1"
"1507565831","2146021366","0.5"
"2146021366","1507565831","0.5"
"2143578807","2146021366","2"
"2146021366","2143578807","2"
"1507565831","2048402311","1"
"2048402311","1507565831","1"
"1508325896","1929645967","2.08333"
"1929645967","1508325896","2.08333"
"1508325896","2025181331","1.58333"
"2025181331","1508325896","1.58333"
"1508325896","2096521379","1.33333"
"2096521379","1508325896","1.33333"
"1929645967","2025181331","3.58333"
"2025181331","1929645967","3.58333"
"2025181331","2096521379","6.33333"
"2096521379","2025181331","6.33333"
"1508325896","2139257570","3.5"
"2139257570","1508325896","3.5"
"1508325896","1514350756","2"
"1514350756","1508325896","2"
"1508325896","2027494324","0.25"
"2027494324","1508325896","0.25"
"1508325896","2478074421","0.25"
"2478074421","1508325896","0.25"
"1929645967","2478074421","0.25"
"2478074421","1929645967","0.25"
"2025181331","2027494324","0.25"
"2027494324","2025181331","0.25"
"2025181331","2478074421","0.25"
"2478074421","2025181331","0.25"
"2027494324","2478074421","0.25"
"2478074421","2027494324","0.25"
"151026171","2022578767","1.28571"
"2022578767","151026171","1.28571"
"151026171","153010205","0.142857"
"153010205","151026171","0.142857"
"151026171","1987511287","1.47619"
"1987511287","151026171","1.47619"
"151026171","2009470162","0.285714"
"2009470162","151026171","0.285714"
"151026171","2101438812","0.285714"
"2101438812","151026171","0.285714"
"151026171","2498195183","0.142857"
"2498195183","151026171","0.142857"
"1987511287","2009470162","0.142857"
"2009470162","1987511287","0.142857"
"1987511287","2022578767","0.142857"
"2022578767","1987511287","0.142857"
"1987511287","2101438812","0.142857"
"2101438812","1987511287","0.142857"
"1987511287","2498195183","1.14286"
"2498195183","1987511287","1.14286"
"2009470162","2498195183","1.03571"
"2498195183","2009470162","1.03571"
"2101438812","2498195183","2.0873"
"2498195183","2101438812","2.0873"
"151026171","2589919438","1"
"2589919438","151026171","1"
"151026171","2215557951","0.333333"
"2215557951","151026171","0.333333"
"1987511287","2197836422","1.58333"
"2197836422","1987511287","1.58333"
"1987511287","2215557951","0.333333"
"2215557951","1987511287","0.333333"
"151026171","2030014066","1"
"2030014066","151026171","1"
"151026171","164306009","0.142857"
"164306009","151026171","0.142857"
"151026171","2136225013","0.142857"
"2136225013","151026171","0.142857"
"1514350756","2112966950","1"
"2112966950","1514350756","1"
"1514350756","2120237250","0.5"
"2120237250","1514350756","0.5"
"2120237250","30860918","0.5"
"30860918","2120237250","0.5"
"1514763803","2485395822","0.333333"
"2485395822","1514763803","0.333333"
"2117191614","2485395822","0.333333"
"2485395822","2117191614","0.333333"
"2144801589","2485395822","0.333333"
"2485395822","2144801589","0.333333"
"1514763803","2010141995","1"
"2010141995","1514763803","1"
"1514763803","2040830570","0.333333"
"2040830570","1514763803","0.333333"
"2040830570","2117191614","0.333333"
"2117191614","2040830570","0.333333"
"2040830570","2144801589","0.333333"
"2144801589","2040830570","0.333333"
"1514763803","2127912560","0.5"
"2127912560","1514763803","0.5"
"2127912560","2144801589","0.5"
"2144801589","2127912560","0.5"
"1514763803","2145236509","0.5"
"2145236509","1514763803","0.5"
"2117191614","2145236509","2.5"
"2145236509","2117191614","2.5"
"1514763803","1553146597","0.25"
"1553146597","1514763803","0.25"
"1514763803","2076004957","0.25"
"2076004957","1514763803","0.25"
"1514763803","2077097238","0.25"
"2077097238","1514763803","0.25"
"1553146597","2077097238","4.23135"
"2077097238","1553146597","4.23135"
"1553146597","2144801589","0.25"
"2144801589","1553146597","0.25"
"2076004957","2077097238","10.9647"
"2077097238","2076004957","10.9647"
"2076004957","2144801589","0.25"
"2144801589","2076004957","0.25"
"2077097238","2144801589","0.25"
"2144801589","2077097238","0.25"
"1518431406","2498195183","3.80952"
"2498195183","1518431406","3.80952"
"2025113626","2137204060","7.95397"
"2137204060","2025113626","7.95397"
"2025113626","2498195183","1.17063"
"2498195183","2025113626","1.17063"
"2101438812","2137204060","1.50397"
"2137204060","2101438812","1.50397"
"2136225013","2137204060","6.5"
"2137204060","2136225013","6.5"
"2136225013","2498195183","2.14286"
"2498195183","2136225013","2.14286"
"2137204060","2498195183","1.27778"
"2498195183","2137204060","1.27778"
"1971114459","2498195183","1.58333"
"2498195183","1971114459","1.58333"
"1518431406","1585236151","0.285714"
"1585236151","1518431406","0.285714"
"1518431406","1594262674","0.642857"
"1594262674","1518431406","0.642857"
"1518431406","1997892903","2.14286"
"1997892903","1518431406","2.14286"
"1518431406","2043681328","0.142857"
"2043681328","1518431406","0.142857"
"1585236151","1594262674","0.142857"
"1594262674","1585236151","0.142857"
"1585236151","1997892903","0.142857"
"1997892903","1585236151","0.142857"
"1585236151","2025113626","2.61905"
"2025113626","1585236151","2.61905"
"1585236151","2043681328","0.142857"
"2043681328","1585236151","0.142857"
"1585236151","2101438812","1.14286"
"2101438812","1585236151","1.14286"
"1585236151","2136225013","1.11905"
"2136225013","1585236151","1.11905"
"1594262674","1997892903","0.142857"
"1997892903","1594262674","0.142857"
"1594262674","2025113626","1.14286"
"2025113626","1594262674","1.14286"
"1594262674","2043681328","0.142857"
"2043681328","1594262674","0.142857"
"1594262674","2101438812","0.142857"
"2101438812","1594262674","0.142857"
