"1012437038","1553334255","1.125"
"1553334255","1012437038","1.125"
"1012437038","1688381913","1.29167"
"1688381913","1012437038","1.29167"
"1012437038","1741919878","1.29167"
"1741919878","1012437038","1.29167"
"1012437038","2144117594","2.29167"
"2144117594","1012437038","2.29167"
"1012437038","2262160116","1.125"
"2262160116","1012437038","1.125"
"1012437038","2280712897","1.29167"
"2280712897","1012437038","1.29167"
"1012437038","2281609994","1.29167"
"2281609994","1012437038","1.29167"
"1012437038","935218372","1.29167"
"935218372","1012437038","1.29167"
"1553334255","1688381913","2.26786"
"1688381913","1553334255","2.26786"
"1553334255","1741919878","1.26786"
"1741919878","1553334255","1.26786"
"1553334255","2144117594","2.26786"
"2144117594","1553334255","2.26786"
"1553334255","2262160116","1.26786"
"2262160116","1553334255","1.26786"
"1553334255","2280712897","1.125"
"2280712897","1553334255","1.125"
"1553334255","2281609994","1.125"
"2281609994","1553334255","1.125"
"1553334255","935218372","1.125"
"935218372","1553334255","1.125"
"1688381913","1741919878","2.68452"
"1741919878","1688381913","2.68452"
"1688381913","2144117594","36.6845"
"2144117594","1688381913","36.6845"
"1688381913","2262160116","3.51786"
"2262160116","1688381913","3.51786"
"1688381913","2280712897","1.29167"
"2280712897","1688381913","1.29167"
"1688381913","2281609994","1.29167"
"2281609994","1688381913","1.29167"
"1688381913","935218372","2.29167"
"935218372","1688381913","2.29167"
"1741919878","2144117594","1.68452"
"2144117594","1741919878","1.68452"
"1741919878","2262160116","2.01786"
"2262160116","1741919878","2.01786"
"1741919878","2280712897","1.29167"
"2280712897","1741919878","1.29167"
"1741919878","2281609994","1.79167"
"2281609994","1741919878","1.79167"
"1741919878","935218372","1.29167"
"935218372","1741919878","1.29167"
"2144117594","2262160116","1.51786"
"2262160116","2144117594","1.51786"
"2144117594","2280712897","1.29167"
"2280712897","2144117594","1.29167"
"2144117594","2281609994","1.29167"
"2281609994","2144117594","1.29167"
"2144117594","935218372","1.29167"
"935218372","2144117594","1.29167"
"2262160116","2280712897","1.125"
"2280712897","2262160116","1.125"
"2262160116","2281609994","1.625"
"2281609994","2262160116","1.625"
"2262160116","935218372","1.125"
"935218372","2262160116","1.125"
"2280712897","2281609994","1.29167"
"2281609994","2280712897","1.29167"
"2280712897","935218372","1.29167"
"935218372","2280712897","1.29167"
"2281609994","935218372","1.29167"
"935218372","2281609994","1.29167"
"1553334255","1800505068","0.142857"
"1800505068","1553334255","0.142857"
"1553334255","1802920660","0.142857"
"1802920660","1553334255","0.142857"
"1553334255","1837128995","0.142857"
"1837128995","1553334255","0.142857"
"1688381913","1800505068","0.142857"
"1800505068","1688381913","0.142857"
"1688381913","1802920660","0.142857"
"1802920660","1688381913","0.142857"
"1688381913","1837128995","1.39286"
"1837128995","1688381913","1.39286"
"1741919878","1800505068","0.142857"
"1800505068","1741919878","0.142857"
"1741919878","1802920660","0.142857"
"1802920660","1741919878","0.142857"
"1741919878","1837128995","1.39286"
"1837128995","1741919878","1.39286"
"1800505068","1802920660","0.142857"
"1802920660","1800505068","0.142857"
"1800505068","1837128995","0.142857"
"1837128995","1800505068","0.142857"
"1800505068","2144117594","0.142857"
"2144117594","1800505068","0.142857"
"1800505068","2262160116","0.142857"
"2262160116","1800505068","0.142857"
"1802920660","1837128995","0.142857"
"1837128995","1802920660","0.142857"
"1802920660","2144117594","0.142857"
"2144117594","1802920660","0.142857"
"1802920660","2262160116","0.142857"
"2262160116","1802920660","0.142857"
"1837128995","2144117594","0.392857"
"2144117594","1837128995","0.392857"
"1837128995","2262160116","0.392857"
"2262160116","1837128995","0.392857"
"1800505068","1892929678","24.6667"
"1892929678","1800505068","24.6667"
"1800505068","1963063201","3.16667"
"1963063201","1800505068","3.16667"
"1892929678","1963063201","6.5"
"1963063201","1892929678","6.5"
"1800505068","246860138","1.16667"
"246860138","1800505068","1.16667"
"1892929678","246860138","3.5"
"246860138","1892929678","3.5"
"1963063201","246860138","9"
"246860138","1963063201","9"
"1837128995","2281609994","1"
"2281609994","1837128995","1"
"1892929678","2259654555","1.33333"
"2259654555","1892929678","1.33333"
"1963063201","2259654555","15.3333"
"2259654555","1963063201","15.3333"
"2259654555","246860138","1.33333"
"246860138","2259654555","1.33333"
"1892929678","2016938625","2"
"2016938625","1892929678","2"
"1896521467","2139312105","2"
"2139312105","1896521467","2"
"1963063201","2262160116","1"
"2262160116","1963063201","1"
"1963063201","2144117594","1"
"2144117594","1963063201","1"
"2016938625","2259654555","1"
"2259654555","2016938625","1"
