"128343026","2116897550","2.5"
"2116897550","128343026","2.5"
"128343026","1608861364","1"
"1608861364","128343026","1"
"128343026","1907110960","0.5"
"1907110960","128343026","0.5"
"1907110960","2116897550","0.5"
"2116897550","1907110960","0.5"
"128343026","1981471876","5"
"1981471876","128343026","5"
"1439404883","2129909248","0.333333"
"2129909248","1439404883","0.333333"
"1439404883","2161954933","2.33333"
"2161954933","1439404883","2.33333"
"1439404883","615131807","0.333333"
"615131807","1439404883","0.333333"
"2129909248","2161954933","0.533333"
"2161954933","2129909248","0.533333"
"2129909248","615131807","0.333333"
"615131807","2129909248","0.333333"
"2161954933","615131807","2.83333"
"615131807","2161954933","2.83333"
"148439958","2116897550","2.33333"
"2116897550","148439958","2.33333"
"148439958","2107722712","0.333333"
"2107722712","148439958","0.333333"
"148439958","2172358039","0.333333"
"2172358039","148439958","0.333333"
"2107722712","2116897550","0.666667"
"2116897550","2107722712","0.666667"
"2107722712","2172358039","0.833333"
"2172358039","2107722712","0.833333"
"2116897550","2172358039","4.64286"
"2172358039","2116897550","4.64286"
"148439958","2099613071","1"
"2099613071","148439958","1"
"1490125130","2146244799","2"
"2146244799","1490125130","2"
"1490125130","2128159601","4"
"2128159601","1490125130","4"
"1498527206","2016143606","2.25"
"2016143606","1498527206","2.25"
"1498527206","2132280055","3"
"2132280055","1498527206","3"
"1498527206","1921097329","6"
"1921097329","1498527206","6"
"1498527206","2161954933","8"
"2161954933","1498527206","8"
"1498527206","2116897550","12"
"2116897550","1498527206","12"
"1498527206","88813478","2.5"
"88813478","1498527206","2.5"
"1498527206","2046378201","2.25"
"2046378201","1498527206","2.25"
"2046378201","2116897550","1.33333"
"2116897550","2046378201","1.33333"
"1498527206","2147055376","0.25"
"2147055376","1498527206","0.25"
"1498527206","2160015516","0.25"
"2160015516","1498527206","0.25"
"2016143606","2046378201","0.75"
"2046378201","2016143606","0.75"
"2016143606","2147055376","0.583333"
"2147055376","2016143606","0.583333"
"2016143606","2160015516","4.91667"
"2160015516","2016143606","4.91667"
"2046378201","2147055376","1.08333"
"2147055376","2046378201","1.08333"
"2046378201","2160015516","1.08333"
"2160015516","2046378201","1.08333"
"2147055376","2160015516","4.5"
"2160015516","2147055376","4.5"
"2116897550","88813478","1.80952"
"88813478","2116897550","1.80952"
"1921097329","2046378201","55.5"
"2046378201","1921097329","55.5"
"1921097329","2116897550","1.75"
"2116897550","1921097329","1.75"
"1498527206","2121926377","0.5"
"2121926377","1498527206","0.5"
"2016143606","2121926377","0.5"
"2121926377","2016143606","0.5"
"1498527206","1831550022","1"
"1831550022","1498527206","1"
"1518891319","2121926377","0.5"
"2121926377","1518891319","0.5"
"1518891319","2128159601","3.83333"
"2128159601","1518891319","3.83333"
"2121926377","2128159601","0.5"
"2128159601","2121926377","0.5"
"1518891319","2115175416","0.5"
"2115175416","1518891319","0.5"
"2115175416","2128159601","13.7833"
"2128159601","2115175416","13.7833"
"1518891319","2149256534","1"
"2149256534","1518891319","1"
"1518891319","2074367177","0.5"
"2074367177","1518891319","0.5"
"2074367177","2128159601","3.5"
"2128159601","2074367177","3.5"
"1518891319","1522249641","0.333333"
"1522249641","1518891319","0.333333"
"1518891319","2146244799","0.333333"
"2146244799","1518891319","0.333333"
"1522249641","2128159601","1.56905"
"2128159601","1522249641","1.56905"
"1522249641","2146244799","4.96905"
"2146244799","1522249641","4.96905"
"2128159601","2146244799","18.0048"
"2146244799","2128159601","18.0048"
"1522249641","2099613071","11.169"
"2099613071","1522249641","11.169"
"1522249641","2108403445","6.13571"
"2108403445","1522249641","6.13571"
"2099613071","2108403445","64.5012"
"2108403445","2099613071","64.5012"
"1522249641","1818122591","0.166667"
"1818122591","1522249641","0.166667"
"1522249641","2091483861","0.166667"
"2091483861","1522249641","0.166667"
"1522249641","80777739","0.166667"
"80777739","1522249641","0.166667"
"1522249641","88813478","0.166667"
"88813478","1522249641","0.166667"
"1818122591","2091483861","0.166667"
"2091483861","1818122591","0.166667"
"1818122591","2099613071","0.166667"
"2099613071","1818122591","0.166667"
"1818122591","2128159601","14.5833"
"2128159601","1818122591","14.5833"
"1818122591","80777739","0.416667"
"80777739","1818122591","0.416667"
"1818122591","88813478","0.916667"
"88813478","1818122591","0.916667"
"2091483861","2099613071","0.166667"
"2099613071","2091483861","0.166667"
"2091483861","2128159601","0.166667"
"2128159601","2091483861","0.166667"
"2091483861","80777739","0.166667"
"80777739","2091483861","0.166667"
"2091483861","88813478","0.166667"
"88813478","2091483861","0.166667"
"2099613071","2128159601","9.88809"
"2128159601","2099613071","9.88809"
"2099613071","80777739","0.166667"
"80777739","2099613071","0.166667"
"2099613071","88813478","1.64286"
"88813478","2099613071","1.64286"
"2128159601","80777739","4.58333"
"80777739","2128159601","4.58333"
"2128159601","88813478","13.0595"
"88813478","2128159601","13.0595"
"80777739","88813478","0.666667"
"88813478","80777739","0.666667"
"1522249641","1989175448","0.559524"
"1989175448","1522249641","0.559524"
"1522249641","2021362805","7.91905"
"2021362805","1522249641","7.91905"
"1522249641","2112454243","0.452381"
"2112454243","1522249641","0.452381"
"1989175448","2021362805","2.64286"
"2021362805","1989175448","2.64286"
"1989175448","2099613071","3.14286"
"2099613071","1989175448","3.14286"
"1989175448","2108403445","2.47619"
"2108403445","1989175448","2.47619"
"1989175448","2112454243","0.309524"
"2112454243","1989175448","0.309524"
"1989175448","2146244799","0.309524"
"2146244799","1989175448","0.309524"
"2021362805","2099613071","15.8881"
"2099613071","2021362805","15.8881"
"2021362805","2108403445","11.0119"
"2108403445","2021362805","11.0119"
"2021362805","2112454243","0.702381"
"2112454243","2021362805","0.702381"
"2021362805","2146244799","4.02143"
"2146244799","2021362805","4.02143"
"2099613071","2112454243","1.42857"
"2112454243","2099613071","1.42857"
"2099613071","2146244799","7.91429"
"2146244799","2099613071","7.91429"
"2108403445","2112454243","0.785714"
"2112454243","2108403445","0.785714"
"2108403445","2146244799","3.64524"
"2146244799","2108403445","3.64524"
"2112454243","2146244799","1.09524"
"2146244799","2112454243","1.09524"
"1522249641","2115175416","0.25"
"2115175416","1522249641","0.25"
"1522249641","2116602342","0.25"
"2116602342","1522249641","0.25"
"2099613071","2115175416","40.7381"
"2115175416","2099613071","40.7381"
"2099613071","2116602342","5.25"
"2116602342","2099613071","5.25"
"2108403445","2115175416","5.7381"
"2115175416","2108403445","5.7381"
"2108403445","2116602342","2.58333"
"2116602342","2108403445","2.58333"
"2115175416","2116602342","0.25"
"2116602342","2115175416","0.25"
"1522249641","2157246115","0.333333"
"2157246115","1522249641","0.333333"
"1522249641","2294157280","0.166667"
"2294157280","1522249641","0.166667"
"1522249641","70331077","0.533333"
"70331077","1522249641","0.533333"
"2021362805","2157246115","1.5"
"2157246115","2021362805","1.5"
"2021362805","2294157280","0.166667"
"2294157280","2021362805","0.166667"
"2021362805","70331077","1.28333"
"70331077","2021362805","1.28333"
"2099613071","2157246115","0.333333"
"2157246115","2099613071","0.333333"
"2099613071","2294157280","0.166667"
"2294157280","2099613071","0.166667"
"2099613071","70331077","2.78333"
"70331077","2099613071","2.78333"
"2108403445","2157246115","0.333333"
"2157246115","2108403445","0.333333"
"2108403445","2294157280","0.166667"
"2294157280","2108403445","0.166667"
"2108403445","70331077","0.533333"
"70331077","2108403445","0.533333"
"2157246115","2294157280","0.166667"
"2294157280","2157246115","0.166667"
"2157246115","70331077","0.333333"
"70331077","2157246115","0.333333"
"2294157280","70331077","0.166667"
"70331077","2294157280","0.166667"
"1522249641","2141547891","0.333333"
"2141547891","1522249641","0.333333"
"1522249641","2149256534","0.833333"
"2149256534","1522249641","0.833333"
"2021362805","2141547891","0.333333"
"2141547891","2021362805","0.333333"
"2021362805","2149256534","3.68571"
"2149256534","2021362805","3.68571"
"2141547891","2149256534","0.833333"
"2149256534","2141547891","0.833333"
"1522249641","2155455673","0.333333"
"2155455673","1522249641","0.333333"
"2099613071","2155455673","1.25"
"2155455673","2099613071","1.25"
"2108403445","2155455673","2.45"
"2155455673","2108403445","2.45"
"1522249641","1748529420","2.37619"
"1748529420","1522249641","2.37619"
"1748529420","2021362805","6.7619"
"2021362805","1748529420","6.7619"
"1748529420","2099613071","13.95"
"2099613071","1748529420","13.95"
"1748529420","2108403445","13.6071"
"2108403445","1748529420","13.6071"
"1748529420","2112454243","0.47619"
"2112454243","1748529420","0.47619"
"1748529420","2128159601","3.93571"
"2128159601","1748529420","3.93571"
"1748529420","2146244799","4.0119"
"2146244799","1748529420","4.0119"
"2021362805","2128159601","8.49524"
"2128159601","2021362805","8.49524"
"2108403445","2128159601","5.62857"
"2128159601","2108403445","5.62857"
"2112454243","2128159601","8.42857"
"2128159601","2112454243","8.42857"
"1989175448","2128159601","0.642857"
"2128159601","1989175448","0.642857"
"1522249641","2294801015","0.816667"
"2294801015","1522249641","0.816667"
"2021362805","2294801015","1.31667"
"2294801015","2021362805","1.31667"
"2099613071","2294801015","2.31667"
"2294801015","2099613071","2.31667"
"2108403445","2294801015","3.81667"
"2294801015","2108403445","3.81667"
"2294801015","70331077","0.366667"
"70331077","2294801015","0.366667"
"2146244799","2294801015","0.2"
"2294801015","2146244799","0.2"
"2157246115","2294801015","0.166667"
"2294801015","2157246115","0.166667"
"1526287674","2116897550","11.25"
"2116897550","1526287674","11.25"
"1526287674","2016143606","2"
"2016143606","1526287674","2"
"1526287674","1584201750","0.5"
"1584201750","1526287674","0.5"
"1526287674","2054251041","0.5"
"2054251041","1526287674","0.5"
"1584201750","2054251041","2"
"2054251041","1584201750","2"
"1526287674","1921097329","0.25"
"1921097329","1526287674","0.25"
"1526287674","2147055376","0.25"
"2147055376","1526287674","0.25"
"1526287674","2149869556","1.25"
"2149869556","1526287674","1.25"
"1921097329","2147055376","0.25"
"2147055376","1921097329","0.25"
"1921097329","2149869556","0.25"
"2149869556","1921097329","0.25"
"2116897550","2147055376","2.66667"
"2147055376","2116897550","2.66667"
"2116897550","2149869556","0.95"
"2149869556","2116897550","0.95"
"2147055376","2149869556","0.25"
"2149869556","2147055376","0.25"
"1526287674","32318779","0.5"
"32318779","1526287674","0.5"
"2116897550","32318779","0.5"
"32318779","2116897550","0.5"
"1526287674","2155455673","0.5"
"2155455673","1526287674","0.5"
"2116897550","2155455673","4.15"
"2155455673","2116897550","4.15"
"153059861","1921097329","3"
"1921097329","153059861","3"
"1531789296","197958514","9.16667"
"197958514","1531789296","9.16667"
"1531789296","2099817583","5.83333"
"2099817583","1531789296","5.83333"
"1531789296","2133087198","1"
"2133087198","1531789296","1"
"197958514","2099817583","12.7333"
"2099817583","197958514","12.7333"
"197958514","2133087198","1.5"
"2133087198","197958514","1.5"
"2099817583","2133087198","1.64286"
"2133087198","2099817583","1.64286"
"1531789296","1974303722","6.33333"
"1974303722","1531789296","6.33333"
"1531789296","2117984332","7.41667"
"2117984332","1531789296","7.41667"
"1974303722","2117984332","5.45"
"2117984332","1974303722","5.45"
"1531789296","2187366271","5.5"
"2187366271","1531789296","5.5"
"2099817583","2187366271","16"
"2187366271","2099817583","16"
"1531789296","1607519173","2"
"1607519173","1531789296","2"
"1531789296","2070301163","0.583333"
"2070301163","1531789296","0.583333"
"1531789296","2116897550","0.583333"
"2116897550","1531789296","0.583333"
"1531789296","2151993488","1.58333"
"2151993488","1531789296","1.58333"
"2070301163","2116897550","0.583333"
"2116897550","2070301163","0.583333"
"2070301163","2151993488","156.617"
"2151993488","2070301163","156.617"
"2116897550","2151993488","1.33333"
"2151993488","2116897550","1.33333"
"1531789296","2136262545","0.5"
"2136262545","1531789296","0.5"
"2117984332","2136262545","4.625"
"2136262545","2117984332","4.625"
"1974303722","2099817583","54.0429"
"2099817583","1974303722","54.0429"
"1974303722","2133087198","0.333333"
"2133087198","1974303722","0.333333"
"1531789296","1542309073","0.333333"
"1542309073","1531789296","0.333333"
"1542309073","2099817583","6.82619"
"2099817583","1542309073","6.82619"
"1542309073","2117984332","6.42619"
"2117984332","1542309073","6.42619"
"2099817583","2117984332","30.2071"
"2117984332","2099817583","30.2071"
"1531789296","1902914144","1"
"1902914144","1531789296","1"
"1902914144","2117984332","6.48452"
"2117984332","1902914144","6.48452"
"1531789296","2130929645","4.75"
"2130929645","1531789296","4.75"
"1531789296","2054251041","3"
"2054251041","1531789296","3"
"1531789296","1798695550","0.75"
"1798695550","1531789296","0.75"
"1531789296","1982833480","1.25"
"1982833480","1531789296","1.25"
"1798695550","1982833480","56.1167"
"1982833480","1798695550","56.1167"
"1974303722","197958514","16.8667"
"197958514","1974303722","16.8667"
"1531789296","2154625773","1"
"2154625773","1531789296","1"
"1531789296","2147929033","1.5"
"2147929033","1531789296","1.5"
"1982833480","2130929645","0.75"
"2130929645","1982833480","0.75"
"1531789296","1584201750","1"
"1584201750","1531789296","1"
"1531789296","1940397557","0.666667"
"1940397557","1531789296","0.666667"
"1531789296","2165491783","0.333333"
"2165491783","1531789296","0.333333"
"1940397557","2117984332","92.2933"
"2117984332","1940397557","92.2933"
"1940397557","2165491783","106.385"
"2165491783","1940397557","106.385"
"2117984332","2165491783","122.554"
"2165491783","2117984332","122.554"
"1531789296","2108403445","0.25"
"2108403445","1531789296","0.25"
"1798695550","2108403445","0.25"
"2108403445","1798695550","0.25"
"1798695550","2130929645","0.25"
"2130929645","1798695550","0.25"
"1982833480","2108403445","0.25"
"2108403445","1982833480","0.25"
"2108403445","2130929645","1.42143"
"2130929645","2108403445","1.42143"
"1974303722","2070301163","4.75"
"2070301163","1974303722","4.75"
"1974303722","2116897550","0.45"
"2116897550","1974303722","0.45"
"2070301163","2099817583","27.9333"
"2099817583","2070301163","27.9333"
"2099817583","2116897550","0.25"
"2116897550","2099817583","0.25"
"1531789296","2154448764","0.5"
"2154448764","1531789296","0.5"
"2147929033","2154448764","188.333"
"2154448764","2147929033","188.333"
"1974303722","2151993488","5.28333"
"2151993488","1974303722","5.28333"
"2099817583","2151993488","35.3238"
"2151993488","2099817583","35.3238"
"2117984332","2151993488","68.4778"
"2151993488","2117984332","68.4778"
"1531789296","2155455673","0.5"
"2155455673","1531789296","0.5"
"1902914144","2155455673","0.5"
"2155455673","1902914144","0.5"
"1531789296","2148922257","0.333333"
"2148922257","1531789296","0.333333"
"1531789296","2166196498","0.333333"
"2166196498","1531789296","0.333333"
"1940397557","2148922257","29.0218"
"2148922257","1940397557","29.0218"
"1940397557","2166196498","19.454"
"2166196498","1940397557","19.454"
"2148922257","2166196498","50.5873"
"2166196498","2148922257","50.5873"
"1542309073","2151993488","19.9929"
"2151993488","1542309073","19.9929"
"1542309073","1940397557","1.30952"
"1940397557","1542309073","1.30952"
"1542309073","2070301163","15.4833"
"2070301163","1542309073","15.4833"
"1542309073","2165491783","2.92619"
"2165491783","1542309073","2.92619"
"2070301163","2117984332","24.0667"
"2117984332","2070301163","24.0667"
"2070301163","2165491783","29.9083"
"2165491783","2070301163","29.9083"
"2099817583","2165491783","11.0905"
"2165491783","2099817583","11.0905"
"2151993488","2165491783","125.853"
"2165491783","2151993488","125.853"
"1542309073","2147929033","3"
"2147929033","1542309073","3"
"1542309073","1974303722","3.16667"
"1974303722","1542309073","3.16667"
"1542309073","2138370688","16.3012"
"2138370688","1542309073","16.3012"
"1542309073","2158210197","5.45"
"2158210197","1542309073","5.45"
"2151993488","2158210197","50.1"
"2158210197","2151993488","50.1"
"1542309073","2170179995","0.2"
"2170179995","1542309073","0.2"
"2070301163","2158210197","30.4"
"2158210197","2070301163","30.4"
"2070301163","2170179995","1.2"
"2170179995","2070301163","1.2"
"2099817583","2158210197","3.28333"
"2158210197","2099817583","3.28333"
"2099817583","2170179995","0.2"
"2170179995","2099817583","0.2"
"2151993488","2170179995","0.7"
"2170179995","2151993488","0.7"
"2158210197","2170179995","4.2"
"2170179995","2158210197","4.2"
"1542309073","2166196498","0.25"
"2166196498","1542309073","0.25"
"2070301163","2166196498","3.36667"
"2166196498","2070301163","3.36667"
"2151993488","2166196498","10.504"
"2166196498","2151993488","10.504"
"2158210197","2166196498","1.78333"
"2166196498","2158210197","1.78333"
"1542309073","1584201750","0.309524"
"1584201750","1542309073","0.309524"
"1542309073","2148922257","0.309524"
"2148922257","1542309073","0.309524"
"1584201750","1940397557","16.6226"
"1940397557","1584201750","16.6226"
"1584201750","2099817583","1.77381"
"2099817583","1584201750","1.77381"
"1584201750","2117984332","84.7988"
"2117984332","1584201750","84.7988"
"1584201750","2148922257","9.21786"
"2148922257","1584201750","9.21786"
"1584201750","2151993488","6.32381"
"2151993488","1584201750","6.32381"
"1584201750","2165491783","10.7155"
"2165491783","1584201750","10.7155"
"1940397557","2099817583","0.797619"
"2099817583","1940397557","0.797619"
"1940397557","2151993488","39.5421"
"2151993488","1940397557","39.5421"
"2099817583","2148922257","7.64286"
"2148922257","2099817583","7.64286"
"2117984332","2148922257","151.488"
"2148922257","2117984332","151.488"
"2148922257","2151993488","34.304"
"2151993488","2148922257","34.304"
"2148922257","2165491783","69.8385"
"2165491783","2148922257","69.8385"
"1542309073","2118878434","0.833333"
"2118878434","1542309073","0.833333"
"1542309073","2129909248","1.14286"
"2129909248","1542309073","1.14286"
"1542309073","2150228605","0.333333"
"2150228605","1542309073","0.333333"
"2118878434","2129909248","4.24286"
"2129909248","2118878434","4.24286"
"2118878434","2150228605","22.6357"
"2150228605","2118878434","22.6357"
"2129909248","2150228605","2.38333"
"2150228605","2129909248","2.38333"
"1542309073","2071043548","0.166667"
"2071043548","1542309073","0.166667"
"1584201750","2071043548","6.05595"
"2071043548","1584201750","6.05595"
"1940397557","2071043548","14.7004"
"2071043548","1940397557","14.7004"
"2071043548","2117984332","40.5361"
"2117984332","2071043548","40.5361"
"2071043548","2148922257","79.029"
"2148922257","2071043548","79.029"
"2071043548","2165491783","32.9611"
"2165491783","2071043548","32.9611"
"1542309073","2157921329","0.5"
"2157921329","1542309073","0.5"
"2070301163","2157921329","49.3333"
"2157921329","2070301163","49.3333"
"1542309073","2249125820","1.16667"
"2249125820","1542309073","1.16667"
"2138370688","2249125820","8.91667"
"2249125820","2138370688","8.91667"
"1542309073","2164983661","2.625"
"2164983661","1542309073","2.625"
"2138370688","2164983661","14.7083"
"2164983661","2138370688","14.7083"
"2164983661","2249125820","29.0595"
"2249125820","2164983661","29.0595"
"1542309073","1607519173","0.333333"
"1607519173","1542309073","0.333333"
"1607519173","1974303722","3.16667"
"1974303722","1607519173","3.16667"
"1607519173","2099817583","3.4881"
"2099817583","1607519173","3.4881"
"1542309073","1982833480","1"
"1982833480","1542309073","1"
"1982833480","2147929033","2.5"
"2147929033","1982833480","2.5"
"1542309073","1959318606","0.2"
"1959318606","1542309073","0.2"
"1542309073","197958514","0.45"
"197958514","1542309073","0.45"
"1959318606","197958514","0.45"
"197958514","1959318606","0.45"
"1959318606","2099817583","0.792857"
"2099817583","1959318606","0.792857"
"1959318606","2138370688","0.45"
"2138370688","1959318606","0.45"
"1959318606","2151993488","1.2"
"2151993488","1959318606","1.2"
"197958514","2138370688","0.2"
"2138370688","197958514","0.2"
"197958514","2151993488","1.9"
"2151993488","197958514","1.9"
"2099817583","2138370688","1.87857"
"2138370688","2099817583","1.87857"
"2138370688","2151993488","2.1"
"2151993488","2138370688","2.1"
"2118878434","2151993488","1.45833"
"2151993488","2118878434","1.45833"
"2129909248","2138370688","5.84286"
"2138370688","2129909248","5.84286"
"2129909248","2164983661","0.5"
"2164983661","2129909248","0.5"
"197958514","2117984332","2.75"
"2117984332","197958514","2.75"
"197958514","2165491783","0.5"
"2165491783","197958514","0.5"
"1542309073","2133087198","0.5"
"2133087198","1542309073","0.5"
"2070301163","2133087198","2"
"2133087198","2070301163","2"
"2129909248","2158210197","0.666667"
"2158210197","2129909248","0.666667"
"2138370688","2158210197","1"
"2158210197","2138370688","1"
"1542309073","1902914144","1"
"1902914144","1542309073","1"
"1542309073","1767646277","0.125"
"1767646277","1542309073","0.125"
"1542309073","2045594157","0.267857"
"2045594157","1542309073","0.267857"
"1542309073","2099995703","0.267857"
"2099995703","1542309073","0.267857"
"1542309073","2277140271","0.267857"
"2277140271","1542309073","0.267857"
"1542309073","2511521491","0.267857"
"2511521491","1542309073","0.267857"
"1542309073","2750802068","0.125"
"2750802068","1542309073","0.125"
"1767646277","2045594157","1.125"
"2045594157","1767646277","1.125"
"1767646277","2099995703","0.125"
"2099995703","1767646277","0.125"
"1767646277","2138370688","0.458333"
"2138370688","1767646277","0.458333"
"1767646277","2164983661","0.125"
"2164983661","1767646277","0.125"
"1767646277","2277140271","0.625"
"2277140271","1767646277","0.625"
"1767646277","2511521491","0.125"
"2511521491","1767646277","0.125"
"1767646277","2750802068","0.125"
"2750802068","1767646277","0.125"
"2045594157","2099995703","2.30357"
"2099995703","2045594157","2.30357"
"2045594157","2138370688","0.553571"
"2138370688","2045594157","0.553571"
"2045594157","2164983661","0.125"
"2164983661","2045594157","0.125"
"2045594157","2277140271","4.44643"
"2277140271","2045594157","4.44643"
"2045594157","2511521491","1.55357"
"2511521491","2045594157","1.55357"
"2045594157","2750802068","0.125"
"2750802068","2045594157","0.125"
"2099995703","2138370688","0.753571"
"2138370688","2099995703","0.753571"
"2099995703","2164983661","0.125"
"2164983661","2099995703","0.125"
"2099995703","2277140271","3.30357"
"2277140271","2099995703","3.30357"
"2099995703","2511521491","0.553571"
"2511521491","2099995703","0.553571"
"2099995703","2750802068","0.125"
"2750802068","2099995703","0.125"
"2138370688","2277140271","0.553571"
"2277140271","2138370688","0.553571"
"2138370688","2511521491","0.553571"
"2511521491","2138370688","0.553571"
"2138370688","2750802068","5.125"
"2750802068","2138370688","5.125"
"2164983661","2277140271","0.125"
"2277140271","2164983661","0.125"
"2164983661","2511521491","0.125"
"2511521491","2164983661","0.125"
"2164983661","2750802068","1.79167"
"2750802068","2164983661","1.79167"
"2277140271","2511521491","0.553571"
"2511521491","2277140271","0.553571"
"2277140271","2750802068","0.125"
"2750802068","2277140271","0.125"
"2511521491","2750802068","0.125"
"2750802068","2511521491","0.125"
"1542309073","2136262545","0.142857"
"2136262545","1542309073","0.142857"
"2045594157","2129909248","1.03571"
"2129909248","2045594157","1.03571"
"2045594157","2136262545","0.142857"
"2136262545","2045594157","0.142857"
"2099995703","2129909248","7.1619"
"2129909248","2099995703","7.1619"
"2099995703","2136262545","0.72619"
"2136262545","2099995703","0.72619"
"2129909248","2136262545","0.67619"
"2136262545","2129909248","0.67619"
"2129909248","2277140271","1.53571"
"2277140271","2129909248","1.53571"
"2129909248","2511521491","0.142857"
"2511521491","2129909248","0.142857"
"2136262545","2138370688","0.392857"
"2138370688","2136262545","0.392857"
"2136262545","2277140271","0.142857"
"2277140271","2136262545","0.142857"
"2136262545","2511521491","0.142857"
"2511521491","2136262545","0.142857"
"1545097366","2156080418","1"
"2156080418","1545097366","1"
"1584201750","2099613071","3.15595"
"2099613071","1584201750","3.15595"
"2099613071","2117984332","23.8599"
"2117984332","2099613071","23.8599"
"2099613071","2165491783","12.7599"
"2165491783","2099613071","12.7599"
"1584201750","2155455673","4.68333"
"2155455673","1584201750","4.68333"
"2117984332","2155455673","8.15"
"2155455673","2117984332","8.15"
"1584201750","2116897550","4.9"
"2116897550","1584201750","4.9"
"2116897550","2117984332","6.28333"
"2117984332","2116897550","6.28333"
"1584201750","2070301163","1.18333"
"2070301163","1584201750","1.18333"
"1584201750","1902914144","1.40833"
"1902914144","1584201750","1.40833"
"1902914144","1940397557","10.325"
"1940397557","1902914144","10.325"
"1902914144","2151993488","8.23571"
"2151993488","1902914144","8.23571"
"1902914144","2165491783","4.70952"
"2165491783","1902914144","4.70952"
"1584201750","2130929645","2.92143"
"2130929645","1584201750","2.92143"
"1584201750","2166196498","2.35"
"2166196498","1584201750","2.35"
"1940397557","2099613071","22.3337"
"2099613071","1940397557","22.3337"
"1940397557","2130929645","9.64206"
"2130929645","1940397557","9.64206"
"2099613071","2130929645","0.942064"
"2130929645","2099613071","0.942064"
"2099613071","2166196498","3.97063"
"2166196498","2099613071","3.97063"
"2117984332","2130929645","65.0921"
"2130929645","2117984332","65.0921"
"2117984332","2166196498","48.3802"
"2166196498","2117984332","48.3802"
"2130929645","2166196498","2.07063"
"2166196498","2130929645","2.07063"
"2099613071","2148922257","12.9956"
"2148922257","2099613071","12.9956"
"1584201750","2154625773","2.32143"
"2154625773","1584201750","2.32143"
"1584201750","1748529420","4.77143"
"1748529420","1584201750","4.77143"
"1748529420","2165491783","2.70476"
"2165491783","1748529420","2.70476"
"1584201750","2108403445","2.22262"
"2108403445","1584201750","2.22262"
"2108403445","2117984332","4.91548"
"2117984332","2108403445","4.91548"
"2071043548","2099613071","12.1433"
"2099613071","2071043548","12.1433"
"2071043548","2108403445","1.44881"
"2108403445","2071043548","1.44881"
"2130929645","2165491783","10.1754"
"2165491783","2130929645","10.1754"
"1584201750","1974303722","0.2"
"1974303722","1584201750","0.2"
"1748529420","1974303722","0.2"
"1974303722","1748529420","0.2"
"1748529420","2116897550","0.2"
"2116897550","1748529420","0.2"
"1748529420","2155455673","0.866667"
"2155455673","1748529420","0.866667"
"1974303722","2108403445","0.2"
"2108403445","1974303722","0.2"
"1974303722","2155455673","0.2"
"2155455673","1974303722","0.2"
"2108403445","2116897550","0.2"
"2116897550","2108403445","0.2"
"2116897550","2148922257","1.28333"
"2148922257","2116897550","1.28333"
"2116897550","2166196498","0.2"
"2166196498","2116897550","0.2"
"2148922257","2155455673","3.23333"
"2155455673","2148922257","3.23333"
"2155455673","2166196498","0.533333"
"2166196498","2155455673","0.533333"
"1748529420","2117984332","2.00476"
"2117984332","1748529420","2.00476"
"1584201750","2158210197","0.583333"
"2158210197","1584201750","0.583333"
"2117984332","2158210197","8.9"
"2158210197","2117984332","8.9"
"2148922257","2158210197","4.58333"
"2158210197","2148922257","4.58333"
"1584201750","1982833480","1"
"1982833480","1584201750","1"
"1584201750","2138370688","0.65"
"2138370688","1584201750","0.65"
"1940397557","2138370688","0.4"
"2138370688","1940397557","0.4"
"2117984332","2138370688","0.65"
"2138370688","2117984332","0.65"
"2138370688","2165491783","0.65"
"2165491783","2138370688","0.65"
"1584201750","2147055376","0.166667"
"2147055376","1584201750","0.166667"
"1584201750","2160015516","0.5"
"2160015516","1584201750","0.5"
"1584201750","2589889346","0.166667"
"2589889346","1584201750","0.166667"
"2116897550","2160015516","9.03333"
"2160015516","2116897550","9.03333"
"2116897550","2589889346","7.95"
"2589889346","2116897550","7.95"
"2117984332","2147055376","1.5"
"2147055376","2117984332","1.5"
"2117984332","2160015516","3"
"2160015516","2117984332","3"
"2117984332","2589889346","0.666667"
"2589889346","2117984332","0.666667"
"2147055376","2155455673","0.166667"
"2155455673","2147055376","0.166667"
"2147055376","2589889346","4.08333"
"2589889346","2147055376","4.08333"
"2155455673","2160015516","2.83333"
"2160015516","2155455673","2.83333"
"2155455673","2589889346","1"
"2589889346","2155455673","1"
"2160015516","2589889346","19.7"
"2589889346","2160015516","19.7"
"1584201750","1607519173","1.60476"
"1607519173","1584201750","1.60476"
"1607519173","2117984332","4.4381"
"2117984332","1607519173","4.4381"
"1902914144","2071043548","1.31786"
"2071043548","1902914144","1.31786"
"1902914144","2099613071","2.05119"
"2099613071","1902914144","2.05119"
"1902914144","2108403445","0.367857"
"2108403445","1902914144","0.367857"
"1902914144","2148922257","3.95833"
"2148922257","1902914144","3.95833"
"1940397557","2108403445","0.663095"
"2108403445","1940397557","0.663095"
"2108403445","2148922257","4.75833"
"2148922257","2108403445","4.75833"
"2108403445","2165491783","3.39881"
"2165491783","2108403445","3.39881"
"1607519173","1940397557","1.4381"
"1940397557","1607519173","1.4381"
"2158210197","2165491783","6.15"
"2165491783","2158210197","6.15"
"2071043548","2166196498","33.0968"
"2166196498","2071043548","33.0968"
"1584201750","1989175448","1"
"1989175448","1584201750","1"
"2130929645","2151993488","4.84921"
"2151993488","2130929645","4.84921"
"2165491783","2166196498","21.5802"
"2166196498","2165491783","21.5802"
"1940397557","2154625773","11.4659"
"2154625773","1940397557","11.4659"
"1902914144","2130929645","0.883333"
"2130929645","1902914144","0.883333"
"2130929645","2148922257","3.0373"
"2148922257","2130929645","3.0373"
"2130929645","2155455673","0.7"
"2155455673","2130929645","0.7"
"2155455673","2165491783","0.2"
"2165491783","2155455673","0.2"
"1584201750","2115175416","0.0714286"
"2115175416","1584201750","0.0714286"
"1584201750","2129284337","0.488095"
"2129284337","1584201750","0.488095"
"1607519173","1748529420","0.0714286"
"1748529420","1607519173","0.0714286"
"1607519173","2071043548","0.0714286"
"2071043548","1607519173","0.0714286"
"1607519173","2099613071","0.321429"
"2099613071","1607519173","0.321429"
"1607519173","2108403445","0.654762"
"2108403445","1607519173","0.654762"
"1607519173","2115175416","0.0714286"
"2115175416","1607519173","0.0714286"
"1607519173","2129284337","2.57143"
"2129284337","1607519173","2.57143"
"1607519173","2130929645","1.07143"
"2130929645","1607519173","1.07143"
"1607519173","2151993488","1.10476"
"2151993488","1607519173","1.10476"
"1607519173","2154625773","0.0714286"
"2154625773","1607519173","0.0714286"
"1607519173","2165491783","0.271429"
"2165491783","1607519173","0.271429"
"1748529420","1940397557","1.87143"
"1940397557","1748529420","1.87143"
"1748529420","2071043548","0.0714286"
"2071043548","1748529420","0.0714286"
"1748529420","2099817583","0.0714286"
"2099817583","1748529420","0.0714286"
"1748529420","2115175416","2.15476"
"2115175416","1748529420","2.15476"
"1748529420","2129284337","0.0714286"
"2129284337","1748529420","0.0714286"
"1748529420","2130929645","0.0714286"
"2130929645","1748529420","0.0714286"
"1748529420","2151993488","1.01429"
"2151993488","1748529420","1.01429"
"1748529420","2154625773","0.414286"
"2154625773","1748529420","0.414286"
"1940397557","2115175416","0.0714286"
"2115175416","1940397557","0.0714286"
"1940397557","2129284337","1.4881"
"2129284337","1940397557","1.4881"
"2071043548","2099817583","2.63095"
"2099817583","2071043548","2.63095"
"2071043548","2115175416","0.0714286"
"2115175416","2071043548","0.0714286"
"2071043548","2129284337","0.238095"
"2129284337","2071043548","0.238095"
"2071043548","2130929645","2.1254"
"2130929645","2071043548","2.1254"
"2071043548","2151993488","15.1349"
"2151993488","2071043548","15.1349"
"2071043548","2154625773","6.65873"
"2154625773","2071043548","6.65873"
"2099613071","2099817583","3.04762"
"2099817583","2099613071","3.04762"
"2099613071","2129284337","0.404762"
"2129284337","2099613071","0.404762"
"2099613071","2151993488","4.28492"
"2151993488","2099613071","4.28492"
"2099613071","2154625773","3.69206"
"2154625773","2099613071","3.69206"
"2099817583","2108403445","0.714286"
"2108403445","2099817583","0.714286"
"2099817583","2115175416","0.0714286"
"2115175416","2099817583","0.0714286"
"2099817583","2129284337","0.0714286"
"2129284337","2099817583","0.0714286"
"2099817583","2130929645","0.0714286"
"2130929645","2099817583","0.0714286"
"2099817583","2154625773","1.57143"
"2154625773","2099817583","1.57143"
"2108403445","2129284337","0.238095"
"2129284337","2108403445","0.238095"
"2108403445","2151993488","0.657143"
"2151993488","2108403445","0.657143"
"2108403445","2154625773","1.04762"
"2154625773","2108403445","1.04762"
"2115175416","2117984332","0.571429"
"2117984332","2115175416","0.571429"
"2115175416","2129284337","0.0714286"
"2129284337","2115175416","0.0714286"
"2115175416","2130929645","0.0714286"
"2130929645","2115175416","0.0714286"
"2115175416","2151993488","1.57143"
"2151993488","2115175416","1.57143"
"2115175416","2154625773","0.0714286"
"2154625773","2115175416","0.0714286"
"2115175416","2165491783","0.571429"
"2165491783","2115175416","0.571429"
"2117984332","2129284337","5.15476"
"2129284337","2117984332","5.15476"
"2117984332","2154625773","25.3254"
"2154625773","2117984332","25.3254"
"2129284337","2130929645","0.904762"
"2130929645","2129284337","0.904762"
"2129284337","2151993488","0.404762"
"2151993488","2129284337","0.404762"
"2129284337","2154625773","6.65476"
"2154625773","2129284337","6.65476"
"2129284337","2165491783","0.404762"
"2165491783","2129284337","0.404762"
"2130929645","2154625773","2.76587"
"2154625773","2130929645","2.76587"
"2151993488","2154625773","2.66825"
"2154625773","2151993488","2.66825"
"2154625773","2165491783","6.56706"
"2165491783","2154625773","6.56706"
"2154625773","2155455673","2"
"2155455673","2154625773","2"
"1902914144","2070301163","1.01667"
"2070301163","1902914144","1.01667"
"1940397557","2070301163","6.16667"
"2070301163","1940397557","6.16667"
"2070301163","2071043548","3.46667"
"2071043548","2070301163","3.46667"
"2070301163","2108403445","0.35"
"2108403445","2070301163","0.35"
"2070301163","2130929645","0.933333"
"2130929645","2070301163","0.933333"
"2070301163","2148922257","9.71667"
"2148922257","2070301163","9.71667"
"1902914144","2166196498","5.17619"
"2166196498","1902914144","5.17619"
"2099613071","2116897550","1.97619"
"2116897550","2099613071","1.97619"
"2129284337","2148922257","0.166667"
"2148922257","2129284337","0.166667"
"1584201750","2157921329","0.333333"
"2157921329","1584201750","0.333333"
"2151993488","2157921329","83.2"
"2157921329","2151993488","83.2"
"2054251041","2117984332","23.15"
"2117984332","2054251041","23.15"
"1607519173","2147929033","1.5"
"2147929033","1607519173","1.5"
"1607519173","1959318606","0.5"
"1959318606","1607519173","0.5"
"1607519173","2136262545","0.25"
"2136262545","1607519173","0.25"
"1607519173","2138370688","0.25"
"2138370688","1607519173","0.25"
"1607519173","2157035599","1.25"
"2157035599","1607519173","1.25"
"1959318606","2136262545","26.4262"
"2136262545","1959318606","26.4262"
"1959318606","2157035599","1"
"2157035599","1959318606","1"
"2136262545","2157035599","14.3333"
"2157035599","2136262545","14.3333"
"2138370688","2157035599","0.25"
"2157035599","2138370688","0.25"
"1607519173","197958514","0.833333"
"197958514","1607519173","0.833333"
"1607519173","2187366271","2"
"2187366271","1607519173","2"
"1607519173","2150228605","1.25"
"2150228605","1607519173","1.25"
"1607519173","2148922257","1.5"
"2148922257","1607519173","1.5"
"1607519173","1982833480","0.5"
"1982833480","1607519173","0.5"
"1974303722","2129284337","0.5"
"2129284337","1974303722","0.5"
"1607519173","2116602342","0.583333"
"2116602342","1607519173","0.583333"
"1607519173","2157921329","0.583333"
"2157921329","1607519173","0.583333"
"2108403445","2157921329","0.583333"
"2157921329","2108403445","0.583333"
"2116602342","2157921329","0.583333"
"2157921329","2116602342","0.583333"
"1607519173","2099995703","0.25"
"2099995703","1607519173","0.25"
"1959318606","2099995703","0.833333"
"2099995703","1959318606","0.833333"
"1959318606","2150228605","91.2595"
"2150228605","1959318606","91.2595"
"2099817583","2099995703","0.535714"
"2099995703","2099817583","0.535714"
"2099817583","2150228605","2.48571"
"2150228605","2099817583","2.48571"
"2099995703","2150228605","1.98333"
"2150228605","2099995703","1.98333"
"2099613071","2157921329","0.25"
"2157921329","2099613071","0.25"
"1607519173","70331077","1"
"70331077","1607519173","1"
"1608861364","2117984332","12.5"
"2117984332","1608861364","12.5"
"1608861364","2130929645","0.5"
"2130929645","1608861364","0.5"
"1608861364","2107722712","0.333333"
"2107722712","1608861364","0.333333"
"1608861364","2116897550","0.333333"
"2116897550","1608861364","0.333333"
"1608861364","2147055376","0.333333"
"2147055376","1608861364","0.333333"
"1608861364","2160015516","0.333333"
"2160015516","1608861364","0.333333"
"1608861364","2161954933","0.333333"
"2161954933","1608861364","0.333333"
"1608861364","2589889346","0.333333"
"2589889346","1608861364","0.333333"
"2107722712","2147055376","0.333333"
"2147055376","2107722712","0.333333"
"2107722712","2160015516","0.333333"
"2160015516","2107722712","0.333333"
"2107722712","2161954933","0.333333"
"2161954933","2107722712","0.333333"
"2107722712","2589889346","0.333333"
"2589889346","2107722712","0.333333"
"2116897550","2161954933","3.33333"
"2161954933","2116897550","3.33333"
"2147055376","2161954933","0.333333"
"2161954933","2147055376","0.333333"
"2160015516","2161954933","0.333333"
"2161954933","2160015516","0.333333"
"2161954933","2589889346","0.333333"
"2589889346","2161954933","0.333333"
"1710110546","2166027506","15.25"
"2166027506","1710110546","15.25"
"1710110546","2054251041","0.25"
"2054251041","1710110546","0.25"
"1710110546","2099817583","0.25"
"2099817583","1710110546","0.25"
"1710110546","2150228605","0.25"
"2150228605","1710110546","0.25"
"2054251041","2099817583","4.98333"
"2099817583","2054251041","4.98333"
"2054251041","2150228605","0.25"
"2150228605","2054251041","0.25"
"2054251041","2166027506","0.25"
"2166027506","2054251041","0.25"
"2099817583","2166027506","0.25"
"2166027506","2099817583","0.25"
"2150228605","2166027506","0.25"
"2166027506","2150228605","0.25"
"1748529420","1902914144","0.142857"
"1902914144","1748529420","0.142857"
"1748529420","2149256534","1.01905"
"2149256534","1748529420","1.01905"
"1902914144","2021362805","0.142857"
"2021362805","1902914144","0.142857"
"1902914144","2146244799","0.142857"
"2146244799","1902914144","0.142857"
"1902914144","2149256534","0.142857"
"2149256534","1902914144","0.142857"
"1902914144","2154625773","8.31905"
"2154625773","1902914144","8.31905"
"2021362805","2151993488","0.142857"
"2151993488","2021362805","0.142857"
"2021362805","2154625773","0.342857"
"2154625773","2021362805","0.342857"
"2099613071","2149256534","1.51905"
"2149256534","2099613071","1.51905"
"2146244799","2149256534","2.18571"
"2149256534","2146244799","2.18571"
"2146244799","2151993488","0.142857"
"2151993488","2146244799","0.142857"
"2146244799","2154625773","0.342857"
"2154625773","2146244799","0.342857"
"2149256534","2151993488","0.142857"
"2151993488","2149256534","0.142857"
"2149256534","2154625773","0.342857"
"2154625773","2149256534","0.342857"
"2108403445","2149256534","0.67619"
"2149256534","2108403445","0.67619"
"1748529420","2148922257","0.333333"
"2148922257","1748529420","0.333333"
"1748529420","2043366397","1.14286"
"2043366397","1748529420","1.14286"
"2021362805","2043366397","1.30952"
"2043366397","2021362805","1.30952"
