"1494913794","1809307295","2.31869"
"1809307295","1494913794","2.31869"
"1494913794","1841951582","8.31869"
"1841951582","1494913794","8.31869"
"1494913794","2140019806","0.985354"
"2140019806","1494913794","0.985354"
"1809307295","1841951582","5.17442"
"1841951582","1809307295","5.17442"
"1809307295","2140019806","5.26014"
"2140019806","1809307295","5.26014"
"1841951582","2140019806","12.8423"
"2140019806","1841951582","12.8423"
"1494913794","1824537738","0.944444"
"1824537738","1494913794","0.944444"
"1809307295","1824537738","2.44444"
"1824537738","1809307295","2.44444"
"1824537738","1841951582","1.94444"
"1841951582","1824537738","1.94444"
"1494913794","1840375542","0.340909"
"1840375542","1494913794","0.340909"
"1494913794","1853429998","0.340909"
"1853429998","1494913794","0.340909"
"1494913794","1916245917","0.65202"
"1916245917","1494913794","0.65202"
"1494913794","1929577020","0.340909"
"1929577020","1494913794","0.340909"
"1494913794","1951906552","0.45202"
"1951906552","1494913794","0.45202"
"1494913794","2133557593","1.65202"
"2133557593","1494913794","1.65202"
"1494913794","2152265488","0.861111"
"2152265488","1494913794","0.861111"
"1494913794","2152481946","0.45202"
"2152481946","1494913794","0.45202"
"1494913794","2170694375","0.340909"
"2170694375","1494913794","0.340909"
"1809307295","1840375542","5.11569"
"1840375542","1809307295","5.11569"
"1809307295","1853429998","3.18117"
"1853429998","1809307295","3.18117"
"1809307295","1916245917","2.85101"
"1916245917","1809307295","2.85101"
"1809307295","1929577020","6.80934"
"1929577020","1809307295","6.80934"
"1809307295","1951906552","4.9268"
"1951906552","1809307295","4.9268"
"1809307295","2133557593","5.29347"
"2133557593","1809307295","5.29347"
"1809307295","2152265488","3.47915"
"2152265488","1809307295","3.47915"
"1809307295","2152481946","4.9268"
"2152481946","1809307295","4.9268"
"1809307295","2170694375","4.21887"
"2170694375","1809307295","4.21887"
"1840375542","1841951582","10.9978"
"1841951582","1840375542","10.9978"
"1840375542","1853429998","4.94903"
"1853429998","1840375542","4.94903"
"1840375542","1916245917","5.33157"
"1916245917","1840375542","5.33157"
"1840375542","1929577020","2.80934"
"1929577020","1840375542","2.80934"
"1840375542","1951906552","12.0002"
"1951906552","1840375542","12.0002"
"1840375542","2133557593","7.75022"
"2133557593","1840375542","7.75022"
"1840375542","2140019806","13.7002"
"2140019806","1840375542","13.7002"
"1840375542","2152265488","3.16804"
"2152265488","1840375542","3.16804"
"1840375542","2152481946","11.8669"
"2152481946","1840375542","11.8669"
"1840375542","2170694375","5.97006"
"2170694375","1840375542","5.97006"
"1841951582","1853429998","4.49664"
"1853429998","1841951582","4.49664"
"1841951582","1916245917","3.89268"
"1916245917","1841951582","3.89268"
"1841951582","1929577020","4.89268"
"1929577020","1841951582","4.89268"
"1841951582","1951906552","8.64228"
"1951906552","1841951582","8.64228"
"1841951582","2133557593","8.42561"
"2133557593","1841951582","8.42561"
"1841951582","2152265488","15.2768"
"2152265488","1841951582","15.2768"
"1841951582","2152481946","13.6756"
"2152481946","1841951582","13.6756"
"1841951582","2170694375","9.42006"
"2170694375","1841951582","9.42006"
"1853429998","1916245917","2.83157"
"1916245917","1853429998","2.83157"
"1853429998","1929577020","2.68434"
"1929577020","1853429998","2.68434"
"1853429998","1951906552","4.78236"
"1951906552","1853429998","4.78236"
"1853429998","2133557593","8.78236"
"2133557593","1853429998","8.78236"
"1853429998","2140019806","5.28236"
"2140019806","1853429998","5.28236"
"1853429998","2152265488","2.66804"
"2152265488","1853429998","2.66804"
"1853429998","2152481946","6.11569"
"2152481946","1853429998","6.11569"
"1853429998","2170694375","4.38553"
"2170694375","1853429998","4.38553"
"1916245917","1929577020","2.24545"
"1929577020","1916245917","2.24545"
"1916245917","1951906552","6.27601"
"1951906552","1916245917","6.27601"
"1916245917","2133557593","11.1427"
"2133557593","1916245917","11.1427"
"1916245917","2140019806","2.64268"
"2140019806","1916245917","2.64268"
"1916245917","2152265488","1.91566"
"2152265488","1916245917","1.91566"
"1916245917","2152481946","3.02601"
"2152481946","1916245917","3.02601"
"1916245917","2170694375","2.58157"
"2170694375","1916245917","2.58157"
"1929577020","1951906552","2.64268"
"1951906552","1929577020","2.64268"
"1929577020","2133557593","3.64268"
"2133557593","1929577020","3.64268"
"1929577020","2140019806","2.80934"
"2140019806","1929577020","2.80934"
"1929577020","2152265488","2.28232"
"2152265488","1929577020","2.28232"
"1929577020","2152481946","3.89268"
"2152481946","1929577020","3.89268"
"1929577020","2170694375","3.94823"
"2170694375","1929577020","3.94823"
"1951906552","2133557593","16.228"
"2133557593","1951906552","16.228"
"1951906552","2140019806","10.8113"
"2140019806","1951906552","10.8113"
"1951906552","2152265488","3.31248"
"2152265488","1951906552","3.31248"
"1951906552","2152481946","16.0113"
"2152481946","1951906552","16.0113"
"1951906552","2170694375","7.47006"
"2170694375","1951906552","7.47006"
"2133557593","2140019806","13.7613"
"2140019806","2133557593","13.7613"
"2133557593","2152265488","3.89582"
"2152265488","2133557593","3.89582"
"2133557593","2152481946","17.0113"
"2152481946","2133557593","17.0113"
"2133557593","2170694375","6.80339"
"2170694375","2133557593","6.80339"
"2140019806","2152265488","3.27915"
"2152265488","2140019806","3.27915"
"2140019806","2152481946","13.178"
"2152481946","2140019806","13.178"
"2140019806","2170694375","7.83672"
"2170694375","2140019806","7.83672"
"2152265488","2152481946","3.56248"
"2152481946","2152265488","3.56248"
"2152265488","2170694375","2.52121"
"2170694375","2152265488","2.52121"
"2152481946","2170694375","9.17006"
"2170694375","2152481946","9.17006"
"1824537738","1916245917","4.11111"
"1916245917","1824537738","4.11111"
"1824537738","1951906552","0.111111"
"1951906552","1824537738","0.111111"
"1824537738","2133557593","4.11111"
"2133557593","1824537738","4.11111"
"1824537738","2140019806","0.111111"
"2140019806","1824537738","0.111111"
"1824537738","2152265488","0.111111"
"2152265488","1824537738","0.111111"
"1824537738","2152481946","0.111111"
"2152481946","1824537738","0.111111"
"1494913794","1768181923","1"
"1768181923","1494913794","1"
"1521093895","2170694375","1"
"2170694375","1521093895","1"
"1521093895","1853429998","1"
"1853429998","1521093895","1"
"1527283745","1853429998","9"
"1853429998","1527283745","9"
"1527283745","1840375542","1"
"1840375542","1527283745","1"
"1547002781","1768181923","0.333333"
"1768181923","1547002781","0.333333"
"1547002781","2133557593","0.666667"
"2133557593","1547002781","0.666667"
"1547002781","2152265488","0.333333"
"2152265488","1547002781","0.333333"
"1768181923","2133557593","0.333333"
"2133557593","1768181923","0.333333"
"1768181923","2152265488","0.333333"
"2152265488","1768181923","0.333333"
"1547002781","1951906552","0.333333"
"1951906552","1547002781","0.333333"
"1547002781","2170694375","0.333333"
"2170694375","1547002781","0.333333"
"164482630","1924043345","1"
"1924043345","164482630","1"
"1768181923","1951906552","2"
"1951906552","1768181923","2"
"1768181923","1853429998","0.5"
"1853429998","1768181923","0.5"
"1768181923","1916245917","0.5"
"1916245917","1768181923","0.5"
"1824537738","2262269370","2"
"2262269370","1824537738","2"
"2133557593","2154158947","6.5"
"2154158947","2133557593","6.5"
"2140019806","2154158947","5.5"
"2154158947","2140019806","5.5"
"2290574900","2303392250","3.53333"
"2303392250","2290574900","3.53333"
"2290574900","2305661471","0.2"
"2305661471","2290574900","0.2"
"2290574900","2305866095","0.533333"
"2305866095","2290574900","0.533333"
"2290574900","2310546282","0.2"
"2310546282","2290574900","0.2"
"2290574900","2416653786","0.2"
"2416653786","2290574900","0.2"
"2303392250","2305661471","0.7"
"2305661471","2303392250","0.7"
"2303392250","2305866095","0.533333"
"2305866095","2303392250","0.533333"
"2303392250","2310546282","0.2"
"2310546282","2303392250","0.2"
"2303392250","2416653786","0.7"
"2416653786","2303392250","0.7"
"2305661471","2305866095","0.7"
"2305866095","2305661471","0.7"
"2305661471","2310546282","0.2"
"2310546282","2305661471","0.2"
"2305661471","2416653786","1.2"
"2416653786","2305661471","1.2"
"2305866095","2310546282","0.2"
"2310546282","2305866095","0.2"
"2305866095","2416653786","0.7"
"2416653786","2305866095","0.7"
"2310546282","2416653786","0.2"
"2416653786","2310546282","0.2"
"2290574900","2302635536","4.33333"
"2302635536","2290574900","4.33333"
"2302635536","2303392250","3.33333"
"2303392250","2302635536","3.33333"
"2302635536","2305866095","0.333333"
"2305866095","2302635536","0.333333"
