"1502383194","1592080878","6.25385"
"1592080878","1502383194","6.25385"
"1502383194","2159417918","3.75385"
"2159417918","1502383194","3.75385"
"1502383194","1896180723","1"
"1896180723","1502383194","1"
"1502383194","1556483374","2.25385"
"1556483374","1502383194","2.25385"
"1556483374","2159417918","0.753846"
"2159417918","1556483374","0.753846"
"1502383194","1547101474","0.253846"
"1547101474","1502383194","0.253846"
"1502383194","1829980299","0.253846"
"1829980299","1502383194","0.253846"
"1502383194","1861526834","0.253846"
"1861526834","1502383194","0.253846"
"1502383194","1944133447","0.253846"
"1944133447","1502383194","0.253846"
"1502383194","1945575956","0.253846"
"1945575956","1502383194","0.253846"
"1502383194","2139751583","0.176923"
"2139751583","1502383194","0.176923"
"1502383194","2143640773","0.253846"
"2143640773","1502383194","0.253846"
"1547101474","1556483374","0.709737"
"1556483374","1547101474","0.709737"
"1547101474","1592080878","0.709737"
"1592080878","1547101474","0.709737"
"1547101474","1829980299","0.253846"
"1829980299","1547101474","0.253846"
"1547101474","1861526834","0.497436"
"1861526834","1547101474","0.497436"
"1547101474","1944133447","0.598626"
"1944133447","1547101474","0.598626"
"1547101474","1945575956","0.697436"
"1945575956","1547101474","0.697436"
"1547101474","2139751583","1.24948"
"2139751583","1547101474","1.24948"
"1547101474","2143640773","0.709737"
"2143640773","1547101474","0.709737"
"1547101474","2159417918","0.253846"
"2159417918","1547101474","0.253846"
"1556483374","1592080878","2.70974"
"1592080878","1556483374","2.70974"
"1556483374","1829980299","0.253846"
"1829980299","1556483374","0.253846"
"1556483374","1861526834","0.330769"
"1861526834","1556483374","0.330769"
"1556483374","1944133447","0.598626"
"1944133447","1556483374","0.598626"
"1556483374","1945575956","0.330769"
"1945575956","1556483374","0.330769"
"1556483374","2139751583","0.632814"
"2139751583","1556483374","0.632814"
"1556483374","2143640773","0.709737"
"2143640773","1556483374","0.709737"
"1592080878","1829980299","0.253846"
"1829980299","1592080878","0.253846"
"1592080878","1861526834","3.33077"
"1861526834","1592080878","3.33077"
"1592080878","1944133447","0.598626"
"1944133447","1592080878","0.598626"
"1592080878","1945575956","0.330769"
"1945575956","1592080878","0.330769"
"1592080878","2139751583","0.632814"
"2139751583","1592080878","0.632814"
"1592080878","2143640773","0.709737"
"2143640773","1592080878","0.709737"
"1592080878","2159417918","0.253846"
"2159417918","1592080878","0.253846"
"1829980299","1861526834","0.253846"
"1861526834","1829980299","0.253846"
"1829980299","1944133447","0.253846"
"1944133447","1829980299","0.253846"
"1829980299","1945575956","0.253846"
"1945575956","1829980299","0.253846"
"1829980299","2139751583","0.176923"
"2139751583","1829980299","0.176923"
"1829980299","2143640773","0.253846"
"2143640773","1829980299","0.253846"
"1829980299","2159417918","0.253846"
"2159417918","1829980299","0.253846"
"1861526834","1944133447","0.330769"
"1944133447","1861526834","0.330769"
"1861526834","1945575956","0.497436"
"1945575956","1861526834","0.497436"
"1861526834","2139751583","0.420513"
"2139751583","1861526834","0.420513"
"1861526834","2143640773","0.330769"
"2143640773","1861526834","0.330769"
"1861526834","2159417918","0.253846"
"2159417918","1861526834","0.253846"
"1944133447","1945575956","0.330769"
"1945575956","1944133447","0.330769"
"1944133447","2139751583","0.521703"
"2139751583","1944133447","0.521703"
"1944133447","2143640773","18.5986"
"2143640773","1944133447","18.5986"
"1944133447","2159417918","0.253846"
"2159417918","1944133447","0.253846"
"1945575956","2139751583","0.620513"
"2139751583","1945575956","0.620513"
"1945575956","2143640773","0.330769"
"2143640773","1945575956","0.330769"
"1945575956","2159417918","0.253846"
"2159417918","1945575956","0.253846"
"2139751583","2143640773","0.632814"
"2143640773","2139751583","0.632814"
"2139751583","2159417918","0.176923"
"2159417918","2139751583","0.176923"
"2143640773","2159417918","0.253846"
"2159417918","2143640773","0.253846"
"1502383194","1763604237","0.153846"
"1763604237","1502383194","0.153846"
"1502383194","1849710253","0.153846"
"1849710253","1502383194","0.153846"
"1502383194","1905817095","0.153846"
"1905817095","1502383194","0.153846"
"1547101474","1763604237","1.34188"
"1763604237","1547101474","1.34188"
"1547101474","1849710253","0.958547"
"1849710253","1547101474","0.958547"
"1547101474","1905817095","1.08355"
"1905817095","1547101474","1.08355"
"1556483374","1763604237","0.34188"
"1763604237","1556483374","0.34188"
"1556483374","1849710253","0.34188"
"1849710253","1556483374","0.34188"
"1556483374","1905817095","0.46688"
"1905817095","1556483374","0.46688"
"1592080878","1763604237","0.34188"
"1763604237","1592080878","0.34188"
"1592080878","1849710253","0.34188"
"1849710253","1592080878","0.34188"
"1592080878","1905817095","1.46688"
"1905817095","1592080878","1.46688"
"1763604237","1829980299","0.153846"
"1829980299","1763604237","0.153846"
"1763604237","1849710253","0.34188"
"1849710253","1763604237","0.34188"
"1763604237","1861526834","0.230769"
"1861526834","1763604237","0.230769"
"1763604237","1905817095","0.34188"
"1905817095","1763604237","0.34188"
"1763604237","1944133447","0.230769"
"1944133447","1763604237","0.230769"
"1763604237","1945575956","0.230769"
"1945575956","1763604237","0.230769"
"1763604237","2139751583","0.764957"
"2139751583","1763604237","0.764957"
"1763604237","2143640773","0.34188"
"2143640773","1763604237","0.34188"
"1763604237","2159417918","0.153846"
"2159417918","1763604237","0.153846"
"1829980299","1849710253","0.153846"
"1849710253","1829980299","0.153846"
"1829980299","1905817095","0.153846"
"1905817095","1829980299","0.153846"
"1849710253","1861526834","1.39744"
"1861526834","1849710253","1.39744"
"1849710253","1905817095","2.54188"
"1905817095","1849710253","2.54188"
"1849710253","1944133447","3.23077"
"1944133447","1849710253","3.23077"
"1849710253","1945575956","0.597436"
"1945575956","1849710253","0.597436"
"1849710253","2139751583","1.71496"
"2139751583","1849710253","1.71496"
"1849710253","2143640773","0.34188"
"2143640773","1849710253","0.34188"
"1849710253","2159417918","0.153846"
"2159417918","1849710253","0.153846"
"1861526834","1905817095","0.397436"
"1905817095","1861526834","0.397436"
"1905817095","1944133447","0.355769"
"1944133447","1905817095","0.355769"
"1905817095","1945575956","0.597436"
"1945575956","1905817095","0.597436"
"1905817095","2139751583","1.33996"
"2139751583","1905817095","1.33996"
"1905817095","2143640773","1.46688"
"2143640773","1905817095","1.46688"
"1905817095","2159417918","0.153846"
"2159417918","1905817095","0.153846"
"1502383194","1899741491","0.0769231"
"1899741491","1502383194","0.0769231"
"1547101474","1899741491","0.770513"
"1899741491","1547101474","0.770513"
"1556483374","1899741491","0.153846"
"1899741491","1556483374","0.153846"
"1592080878","1899741491","1.15385"
"1899741491","1592080878","1.15385"
"1763604237","1899741491","0.653846"
"1899741491","1763604237","0.653846"
"1829980299","1899741491","0.0769231"
"1899741491","1829980299","0.0769231"
"1849710253","1899741491","1.10385"
"1899741491","1849710253","1.10385"
"1861526834","1899741491","0.320513"
"1899741491","1861526834","0.320513"
"1899741491","1905817095","1.10385"
"1905817095","1899741491","1.10385"
"1899741491","1944133447","0.153846"
"1944133447","1899741491","0.153846"
"1899741491","1945575956","0.520513"
"1945575956","1899741491","0.520513"
"1899741491","2143640773","0.153846"
"2143640773","1899741491","0.153846"
"1899741491","2159417918","0.0769231"
"2159417918","1899741491","0.0769231"
"1502383194","1595517859","1.5"
"1595517859","1502383194","1.5"
"1556483374","1595517859","1.95589"
"1595517859","1556483374","1.95589"
"1547101474","1595517859","0.455891"
"1595517859","1547101474","0.455891"
"1547101474","1793730387","0.455891"
"1793730387","1547101474","0.455891"
"1556483374","1793730387","0.455891"
"1793730387","1556483374","0.455891"
"1592080878","1595517859","0.455891"
"1595517859","1592080878","0.455891"
"1592080878","1793730387","0.455891"
"1793730387","1592080878","0.455891"
"1595517859","1793730387","0.705891"
"1793730387","1595517859","0.705891"
"1595517859","1905817095","0.563034"
"1905817095","1595517859","0.563034"
"1595517859","1944133447","0.34478"
"1944133447","1595517859","0.34478"
"1595517859","2139751583","0.455891"
"2139751583","1595517859","0.455891"
"1595517859","2143640773","0.455891"
"2143640773","1595517859","0.455891"
"1793730387","1905817095","0.563034"
"1905817095","1793730387","0.563034"
"1793730387","1944133447","2.34478"
"1944133447","1793730387","2.34478"
"1793730387","2139751583","0.455891"
"2139751583","1793730387","0.455891"
"1793730387","2143640773","7.45589"
"2143640773","1793730387","7.45589"
"1595517859","1763604237","0.188034"
"1763604237","1595517859","0.188034"
"1595517859","1849710253","0.438034"
"1849710253","1595517859","0.438034"
"1595517859","1861526834","0.0769231"
"1861526834","1595517859","0.0769231"
"1595517859","1899741491","0.0769231"
"1899741491","1595517859","0.0769231"
"1595517859","1945575956","0.0769231"
"1945575956","1595517859","0.0769231"
"1763604237","1793730387","0.188034"
"1793730387","1763604237","0.188034"
"1793730387","1849710253","0.438034"
"1849710253","1793730387","0.438034"
"1793730387","1861526834","0.0769231"
"1861526834","1793730387","0.0769231"
"1793730387","1899741491","0.0769231"
"1899741491","1793730387","0.0769231"
"1793730387","1945575956","0.0769231"
"1945575956","1793730387","0.0769231"
"1899741491","2139751583","3.52692"
"2139751583","1899741491","3.52692"
"1587669316","1592080878","1"
"1592080878","1587669316","1"
"1587669316","1595517859","1"
"1595517859","1587669316","1"
"1595517859","1896180723","0.25"
"1896180723","1595517859","0.25"
"1793730387","1896180723","1.25"
"1896180723","1793730387","1.25"
"1849710253","1896180723","0.75"
"1896180723","1849710253","0.75"
"1896180723","1905817095","0.25"
"1905817095","1896180723","0.25"
"1896180723","2139751583","0.5"
"2139751583","1896180723","0.5"
"1921908049","991782897","8"
"991782897","1921908049","8"
