"1024889673","1987332998","0.2"
"1987332998","1024889673","0.2"
"1024889673","2005163027","0.2"
"2005163027","1024889673","0.2"
"1024889673","2167117783","0.2"
"2167117783","1024889673","0.2"
"1024889673","57204857","0.2"
"57204857","1024889673","0.2"
"1024889673","65368003","0.2"
"65368003","1024889673","0.2"
"1987332998","2005163027","1.01667"
"2005163027","1987332998","1.01667"
"1987332998","2167117783","2.53611"
"2167117783","1987332998","2.53611"
"1987332998","57204857","0.933333"
"57204857","1987332998","0.933333"
"1987332998","65368003","1.26667"
"65368003","1987332998","1.26667"
"2005163027","2167117783","1.01667"
"2167117783","2005163027","1.01667"
"2005163027","57204857","0.433333"
"57204857","2005163027","0.433333"
"2005163027","65368003","0.266667"
"65368003","2005163027","0.266667"
"2167117783","57204857","1.93333"
"57204857","2167117783","1.93333"
"2167117783","65368003","0.466667"
"65368003","2167117783","0.466667"
"57204857","65368003","0.266667"
"65368003","57204857","0.266667"
"1484320113","1790044587","0.65"
"1790044587","1484320113","0.65"
"1484320113","1987332998","4.25119"
"1987332998","1484320113","4.25119"
"1484320113","2005163027","0.316667"
"2005163027","1484320113","0.316667"
"1484320113","2037956976","10.7012"
"2037956976","1484320113","10.7012"
"1484320113","2167117783","0.516667"
"2167117783","1484320113","0.516667"
"1484320113","57204857","0.233333"
"57204857","1484320113","0.233333"
"1790044587","1987332998","1.41944"
"1987332998","1790044587","1.41944"
"1790044587","2005163027","0.816667"
"2005163027","1790044587","0.816667"
"1790044587","2037956976","1.75278"
"2037956976","1790044587","1.75278"
"1790044587","2167117783","1.33611"
"2167117783","1790044587","1.33611"
"1790044587","57204857","0.233333"
"57204857","1790044587","0.233333"
"1987332998","2037956976","13.104"
"2037956976","1987332998","13.104"
"2005163027","2037956976","0.316667"
"2037956976","2005163027","0.316667"
"2037956976","2167117783","1.53611"
"2167117783","2037956976","1.53611"
"2037956976","57204857","0.233333"
"57204857","2037956976","0.233333"
"1484320113","1969789681","12.1179"
"1969789681","1484320113","12.1179"
"1969789681","2037956976","10.9095"
"2037956976","1969789681","10.9095"
"1484320113","1608919947","1.175"
"1608919947","1484320113","1.175"
"1484320113","1858329103","1.05119"
"1858329103","1484320113","1.05119"
"1608919947","1858329103","0.519444"
"1858329103","1608919947","0.519444"
"1608919947","1969789681","1.3"
"1969789681","1608919947","1.3"
"1608919947","1987332998","0.711111"
"1987332998","1608919947","0.711111"
"1608919947","2037956976","2.16111"
"2037956976","1608919947","2.16111"
"1858329103","1969789681","1.05119"
"1969789681","1858329103","1.05119"
"1858329103","1987332998","3.9123"
"1987332998","1858329103","3.9123"
"1858329103","2037956976","1.1623"
"2037956976","1858329103","1.1623"
"1969789681","1987332998","5.95952"
"1987332998","1969789681","5.95952"
"1484320113","1578113342","2.82619"
"1578113342","1484320113","2.82619"
"1484320113","2046955691","6.26786"
"2046955691","1484320113","6.26786"
"1578113342","1969789681","3.32619"
"1969789681","1578113342","3.32619"
"1578113342","2037956976","1.49286"
"2037956976","1578113342","1.49286"
"1578113342","2046955691","1.99286"
"2046955691","1578113342","1.99286"
"1969789681","2046955691","10.3929"
"2046955691","1969789681","10.3929"
"2037956976","2046955691","3.30952"
"2046955691","2037956976","3.30952"
"1484320113","1487078554","0.908333"
"1487078554","1484320113","0.908333"
"1484320113","1495107811","1.88452"
"1495107811","1484320113","1.88452"
"1487078554","1495107811","0.741667"
"1495107811","1487078554","0.741667"
"1487078554","1858329103","0.486111"
"1858329103","1487078554","0.486111"
"1487078554","1969789681","0.908333"
"1969789681","1487078554","0.908333"
"1487078554","1987332998","1.01944"
"1987332998","1487078554","1.01944"
"1487078554","2037956976","2.35278"
"2037956976","1487078554","2.35278"
"1495107811","1858329103","0.60119"
"1858329103","1495107811","0.60119"
"1495107811","1969789681","1.88452"
"1969789681","1495107811","1.88452"
"1495107811","1987332998","0.967857"
"1987332998","1495107811","0.967857"
"1495107811","2037956976","2.88452"
"2037956976","1495107811","2.88452"
"1487078554","1608919947","0.319444"
"1608919947","1487078554","0.319444"
"1487078554","2046955691","0.541667"
"2046955691","1487078554","0.541667"
"1495107811","1608919947","0.458333"
"1608919947","1495107811","0.458333"
"1495107811","2046955691","0.60119"
"2046955691","1495107811","0.60119"
"1608919947","2046955691","0.65"
"2046955691","1608919947","0.65"
"1858329103","2046955691","0.684524"
"2046955691","1858329103","0.684524"
"1987332998","2046955691","2.80952"
"2046955691","1987332998","2.80952"
"1578113342","1987332998","0.909524"
"1987332998","1578113342","0.909524"
"1487078554","1578113342","0.166667"
"1578113342","1487078554","0.166667"
"1484320113","2166693103","0.233333"
"2166693103","1484320113","0.233333"
"1484320113","2404241151","0.233333"
"2404241151","1484320113","0.233333"
"1484320113","31484625","1.23333"
"31484625","1484320113","1.23333"
"1487078554","1790044587","0.527778"
"1790044587","1487078554","0.527778"
"1487078554","2166693103","0.194444"
"2166693103","1487078554","0.194444"
"1487078554","2404241151","0.527778"
"2404241151","1487078554","0.527778"
"1487078554","31484625","0.194444"
"31484625","1487078554","0.194444"
"1495107811","1790044587","0.166667"
"1790044587","1495107811","0.166667"
"1495107811","2166693103","1.16667"
"2166693103","1495107811","1.16667"
"1495107811","2404241151","0.166667"
"2404241151","1495107811","0.166667"
"1495107811","31484625","0.166667"
"31484625","1495107811","0.166667"
"1608919947","1790044587","0.636111"
"1790044587","1608919947","0.636111"
"1608919947","2166693103","0.261111"
"2166693103","1608919947","0.261111"
"1608919947","2404241151","0.261111"
"2404241151","1608919947","0.261111"
"1608919947","31484625","0.386111"
"31484625","1608919947","0.386111"
"1790044587","1858329103","0.277778"
"1858329103","1790044587","0.277778"
"1790044587","1969789681","1.19167"
"1969789681","1790044587","1.19167"
"1790044587","2046955691","0.608333"
"2046955691","1790044587","0.608333"
"1790044587","2166693103","0.344444"
"2166693103","1790044587","0.344444"
"1790044587","2404241151","1.21111"
"2404241151","1790044587","1.21111"
"1790044587","31484625","1.50278"
"31484625","1790044587","1.50278"
"1858329103","2166693103","0.277778"
"2166693103","1858329103","0.277778"
"1858329103","2404241151","0.277778"
"2404241151","1858329103","0.277778"
"1858329103","31484625","0.277778"
"31484625","1858329103","0.277778"
"1969789681","2166693103","0.233333"
"2166693103","1969789681","0.233333"
"1969789681","2404241151","0.566667"
"2404241151","1969789681","0.566667"
"1969789681","31484625","0.358333"
"31484625","1969789681","0.358333"
"1987332998","2166693103","0.344444"
"2166693103","1987332998","0.344444"
"1987332998","2404241151","0.544444"
"2404241151","1987332998","0.544444"
"1987332998","31484625","1.33611"
"31484625","1987332998","1.33611"
"2037956976","2166693103","0.344444"
"2166693103","2037956976","0.344444"
"2037956976","2404241151","0.877778"
"2404241151","2037956976","0.877778"
"2037956976","31484625","1.33611"
"31484625","2037956976","1.33611"
"2046955691","2166693103","0.233333"
"2166693103","2046955691","0.233333"
"2046955691","2404241151","0.233333"
"2404241151","2046955691","0.233333"
"2046955691","31484625","0.358333"
"31484625","2046955691","0.358333"
"2166693103","2404241151","0.344444"
"2404241151","2166693103","0.344444"
"2166693103","31484625","0.344444"
"31484625","2166693103","0.344444"
"2404241151","31484625","0.544444"
"31484625","2404241151","0.544444"
"1484320113","155670618","0.0666667"
"155670618","1484320113","0.0666667"
"1484320113","65368003","0.266667"
"65368003","1484320113","0.266667"
"1484320113","820189459","0.0666667"
"820189459","1484320113","0.0666667"
"155670618","1608919947","0.0666667"
"1608919947","155670618","0.0666667"
"155670618","1790044587","0.0666667"
"1790044587","155670618","0.0666667"
"155670618","1969789681","0.0666667"
"1969789681","155670618","0.0666667"
"155670618","1987332998","0.0666667"
"1987332998","155670618","0.0666667"
"155670618","2005163027","0.0666667"
"2005163027","155670618","0.0666667"
"155670618","2037956976","0.0666667"
"2037956976","155670618","0.0666667"
"155670618","2046955691","0.0666667"
"2046955691","155670618","0.0666667"
"155670618","2166693103","5.06667"
"2166693103","155670618","5.06667"
"155670618","2167117783","2.06667"
"2167117783","155670618","2.06667"
"155670618","2404241151","0.0666667"
"2404241151","155670618","0.0666667"
"155670618","31484625","0.0666667"
"31484625","155670618","0.0666667"
"155670618","57204857","0.0666667"
"57204857","155670618","0.0666667"
"155670618","65368003","1.06667"
"65368003","155670618","1.06667"
"155670618","820189459","0.0666667"
"820189459","155670618","0.0666667"
"1608919947","2005163027","0.0666667"
"2005163027","1608919947","0.0666667"
"1608919947","2167117783","0.502778"
"2167117783","1608919947","0.502778"
"1608919947","57204857","0.0666667"
"57204857","1608919947","0.0666667"
"1608919947","65368003","0.266667"
"65368003","1608919947","0.266667"
"1608919947","820189459","0.0666667"
"820189459","1608919947","0.0666667"
"1790044587","65368003","0.0666667"
"65368003","1790044587","0.0666667"
"1790044587","820189459","0.0666667"
"820189459","1790044587","0.0666667"
"1969789681","2005163027","0.15"
"2005163027","1969789681","0.15"
"1969789681","2167117783","1.05833"
"2167117783","1969789681","1.05833"
"1969789681","57204857","0.0666667"
"57204857","1969789681","0.0666667"
"1969789681","65368003","0.766667"
"65368003","1969789681","0.766667"
"1969789681","820189459","0.0666667"
"820189459","1969789681","0.0666667"
"1987332998","820189459","0.566667"
"820189459","1987332998","0.566667"
"2005163027","2046955691","0.15"
"2046955691","2005163027","0.15"
"2005163027","2166693103","0.15"
"2166693103","2005163027","0.15"
"2005163027","2404241151","0.15"
"2404241151","2005163027","0.15"
"2005163027","31484625","0.65"
"31484625","2005163027","0.65"
"2005163027","820189459","0.0666667"
"820189459","2005163027","0.0666667"
"2037956976","65368003","0.266667"
"65368003","2037956976","0.266667"
"2037956976","820189459","0.0666667"
"820189459","2037956976","0.0666667"
"2046955691","2167117783","0.275"
"2167117783","2046955691","0.275"
"2046955691","57204857","0.0666667"
"57204857","2046955691","0.0666667"
"2046955691","65368003","0.0666667"
"65368003","2046955691","0.0666667"
"2046955691","820189459","0.0666667"
"820189459","2046955691","0.0666667"
"2166693103","2167117783","1.26111"
"2167117783","2166693103","1.26111"
"2166693103","57204857","0.0666667"
"57204857","2166693103","0.0666667"
"2166693103","65368003","1.06667"
"65368003","2166693103","1.06667"
"2166693103","820189459","0.0666667"
"820189459","2166693103","0.0666667"
"2167117783","2404241151","0.794444"
"2404241151","2167117783","0.794444"
"2167117783","31484625","0.919444"
"31484625","2167117783","0.919444"
"2167117783","820189459","0.0666667"
"820189459","2167117783","0.0666667"
"2404241151","57204857","0.0666667"
"57204857","2404241151","0.0666667"
"2404241151","65368003","0.0666667"
"65368003","2404241151","0.0666667"
"2404241151","820189459","0.0666667"
"820189459","2404241151","0.0666667"
"31484625","57204857","0.0666667"
"57204857","31484625","0.0666667"
"31484625","65368003","0.0666667"
"65368003","31484625","0.0666667"
"31484625","820189459","0.0666667"
"820189459","31484625","0.0666667"
"57204857","820189459","0.0666667"
"820189459","57204857","0.0666667"
"65368003","820189459","0.566667"
"820189459","65368003","0.566667"
"1495107811","2005163027","0.0833333"
"2005163027","1495107811","0.0833333"
"1495107811","2167117783","0.0833333"
"2167117783","1495107811","0.0833333"
"1858329103","2005163027","0.0833333"
"2005163027","1858329103","0.0833333"
"1858329103","2167117783","0.194444"
"2167117783","1858329103","0.194444"
"1495107811","1578113342","2.14286"
"1578113342","1495107811","2.14286"
"1578113342","1858329103","0.142857"
"1858329103","1578113342","0.142857"
"1487078554","2126698504","1"
"2126698504","1487078554","1"
"1487078554","2167117783","0.111111"
"2167117783","1487078554","0.111111"
"1493989113","1554520266","6.83333"
"1554520266","1493989113","6.83333"
"1493989113","2166917561","5.33333"
"2166917561","1493989113","5.33333"
"1554520266","2166917561","1.83333"
"2166917561","1554520266","1.83333"
"1493989113","2177150708","7.5"
"2177150708","1493989113","7.5"
"2166917561","2177150708","1.5"
"2177150708","2166917561","1.5"
"1493989113","1546896296","0.333333"
"1546896296","1493989113","0.333333"
"1546896296","1554520266","0.333333"
"1554520266","1546896296","0.333333"
"1546896296","2166917561","0.333333"
"2166917561","1546896296","0.333333"
"1494813167","31581961","4"
"31581961","1494813167","4"
"1494813167","1537609837","1"
"1537609837","1494813167","1"
"1513230662","2166917561","2"
"2166917561","1513230662","2"
"1513230662","1519539269","3"
"1519539269","1513230662","3"
"1513230662","1631099035","1"
"1631099035","1513230662","1"
"1514692734","2526455747","1"
"2526455747","1514692734","1"
"1546896296","31581961","4"
"31581961","1546896296","4"
"1546896296","1756401288","2"
"1756401288","1546896296","2"
"1586106682","1608919947","0.125"
"1608919947","1586106682","0.125"
"1586106682","1790044587","0.125"
"1790044587","1586106682","0.125"
"1586106682","1969789681","0.125"
"1969789681","1586106682","0.125"
"1586106682","1987332998","0.125"
"1987332998","1586106682","0.125"
"1586106682","2037956976","0.125"
"2037956976","1586106682","0.125"
"1586106682","2046955691","0.125"
"2046955691","1586106682","0.125"
"1586106682","2167117783","0.125"
"2167117783","1586106682","0.125"
"1586106682","31484625","0.125"
"31484625","1586106682","0.125"
"1631099035","2189274707","1"
"2189274707","1631099035","1"
"1643163638","1969789681","2.5"
"1969789681","1643163638","2.5"
"1643163638","2046955691","0.5"
"2046955691","1643163638","0.5"
"2037956976","2166917561","1"
"2166917561","2037956976","1"
"2166693103","2612534041","2"
"2612534041","2166693103","2"
