"1537454073","1934124120","5.0746"
"1934124120","1537454073","5.0746"
"1537454073","2020497756","3.85794"
"2020497756","1537454073","3.85794"
"1934124120","2020497756","4.66746"
"2020497756","1934124120","4.66746"
"1537454073","1918088543","5.09841"
"1918088543","1537454073","5.09841"
"1537454073","2006000303","0.111111"
"2006000303","1537454073","0.111111"
"1537454073","2019411755","0.796825"
"2019411755","1537454073","0.796825"
"1537454073","2020237187","1.61111"
"2020237187","1537454073","1.61111"
"1537454073","2063750821","1.06508"
"2063750821","1537454073","1.06508"
"1537454073","2138862371","1.49127"
"2138862371","1537454073","1.49127"
"1537454073","827356921","2.74127"
"827356921","1537454073","2.74127"
"1918088543","1934124120","6.31508"
"1934124120","1918088543","6.31508"
"1918088543","2006000303","0.111111"
"2006000303","1918088543","0.111111"
"1918088543","2019411755","8.87064"
"2019411755","1918088543","8.87064"
"1918088543","2020237187","0.861111"
"2020237187","1918088543","0.861111"
"1918088543","2020497756","2.43175"
"2020497756","1918088543","2.43175"
"1918088543","2063750821","1.61508"
"2063750821","1918088543","1.61508"
"1918088543","2138862371","6.09841"
"2138862371","1918088543","6.09841"
"1918088543","827356921","1.31508"
"827356921","1918088543","1.31508"
"1934124120","2006000303","0.253968"
"2006000303","1934124120","0.253968"
"1934124120","2019411755","1.96349"
"2019411755","1934124120","1.96349"
"1934124120","2020237187","0.253968"
"2020237187","1934124120","0.253968"
"1934124120","2063750821","1.56508"
"2063750821","1934124120","1.56508"
"1934124120","2138862371","5.99127"
"2138862371","1934124120","5.99127"
"1934124120","827356921","4.40794"
"827356921","1934124120","4.40794"
"2006000303","2019411755","0.803907"
"2019411755","2006000303","0.803907"
"2006000303","2020237187","1.96343"
"2020237187","2006000303","1.96343"
"2006000303","2020497756","1.1746"
"2020497756","2006000303","1.1746"
"2006000303","2063750821","1.33089"
"2063750821","2006000303","1.33089"
"2006000303","2138862371","1.11111"
"2138862371","2006000303","1.11111"
"2006000303","827356921","0.253968"
"827356921","2006000303","0.253968"
"2019411755","2020237187","1.05391"
"2020237187","2019411755","1.05391"
"2019411755","2020497756","2.30238"
"2020497756","2019411755","2.30238"
"2019411755","2063750821","2.32534"
"2063750821","2019411755","2.32534"
"2019411755","2138862371","7.29683"
"2138862371","2019411755","7.29683"
"2019411755","827356921","0.596825"
"827356921","2019411755","0.596825"
"2020237187","2020497756","0.865079"
"2020497756","2020237187","0.865079"
"2020237187","2063750821","1.52137"
"2063750821","2020237187","1.52137"
"2020237187","2138862371","0.111111"
"2138862371","2020237187","0.111111"
"2020237187","827356921","0.111111"
"827356921","2020237187","0.111111"
"2020497756","2063750821","3.23571"
"2063750821","2020497756","3.23571"
"2020497756","2138862371","5.94127"
"2138862371","2020497756","5.94127"
"2020497756","827356921","2.21746"
"827356921","2020497756","2.21746"
"2063750821","2138862371","1.36508"
"2138862371","2063750821","1.36508"
"2063750821","827356921","1.6246"
"827356921","2063750821","1.6246"
"2138862371","827356921","2.70794"
"827356921","2138862371","2.70794"
"1537454073","1900014446","0.253968"
"1900014446","1537454073","0.253968"
"1537454073","2054223125","0.842857"
"2054223125","1537454073","0.842857"
"1900014446","1934124120","1.42063"
"1934124120","1900014446","1.42063"
"1900014446","2019411755","3.24676"
"2019411755","1900014446","3.24676"
"1900014446","2020497756","0.642857"
"2020497756","1900014446","0.642857"
"1900014446","2054223125","1.31343"
"2054223125","1900014446","1.31343"
"1900014446","2138862371","1.3373"
"2138862371","1900014446","1.3373"
"1900014446","827356921","0.420635"
"827356921","1900014446","0.420635"
"1934124120","2054223125","0.342857"
"2054223125","1934124120","0.342857"
"2019411755","2054223125","5.39676"
"2054223125","2019411755","5.39676"
"2020497756","2054223125","3.15794"
"2054223125","2020497756","3.15794"
"2054223125","2138862371","4.95952"
"2138862371","2054223125","4.95952"
"2054223125","827356921","0.785714"
"827356921","2054223125","0.785714"
"1537454073","2083746992","0.111111"
"2083746992","1537454073","0.111111"
"1537454073","2295055001","0.111111"
"2295055001","1537454073","0.111111"
"1900014446","1918088543","0.944444"
"1918088543","1900014446","0.944444"
"1900014446","2063750821","1.34915"
"2063750821","1900014446","1.34915"
"1900014446","2083746992","1.30391"
"2083746992","1900014446","1.30391"
"1900014446","2295055001","0.111111"
"2295055001","1900014446","0.111111"
"1918088543","2083746992","0.111111"
"2083746992","1918088543","0.111111"
"1918088543","2295055001","1.61111"
"2295055001","1918088543","1.61111"
"1934124120","2083746992","0.753968"
"2083746992","1934124120","0.753968"
"1934124120","2295055001","0.944444"
"2295055001","1934124120","0.944444"
"2020497756","2083746992","0.674603"
"2083746992","2020497756","0.674603"
"2020497756","2295055001","1.44444"
"2295055001","2020497756","1.44444"
"2063750821","2083746992","3.01422"
"2083746992","2063750821","3.01422"
"2063750821","2295055001","0.111111"
"2295055001","2063750821","0.111111"
"2083746992","2138862371","0.277778"
"2138862371","2083746992","0.277778"
"2083746992","2295055001","0.111111"
"2295055001","2083746992","0.111111"
"2083746992","827356921","0.420635"
"827356921","2083746992","0.420635"
"2138862371","2295055001","2.11111"
"2295055001","2138862371","2.11111"
"2295055001","827356921","1.11111"
"827356921","2295055001","1.11111"
"1537454073","2284128125","1.83333"
"2284128125","1537454073","1.83333"
"1934124120","2284128125","2.91667"
"2284128125","1934124120","2.91667"
"2020497756","2284128125","1.25"
"2284128125","2020497756","1.25"
"2138862371","2284128125","1.75"
"2284128125","2138862371","1.75"
"1918088543","2054223125","2.45"
"2054223125","1918088543","2.45"
"1918088543","2284128125","3"
"2284128125","1918088543","3"
"2063750821","2284128125","0.583333"
"2284128125","2063750821","0.583333"
"1544846084","1900014446","0.298352"
"1900014446","1544846084","0.298352"
"1544846084","1984117731","0.298352"
"1984117731","1544846084","0.298352"
"1544846084","2002455623","0.298352"
"2002455623","1544846084","0.298352"
"1544846084","2006000303","0.298352"
"2006000303","1544846084","0.298352"
"1544846084","2015788181","1.13169"
"2015788181","1544846084","1.13169"
"1544846084","2019411755","0.298352"
"2019411755","1544846084","0.298352"
"1544846084","2020237187","3.13169"
"2020237187","1544846084","3.13169"
"1544846084","2054223125","0.298352"
"2054223125","1544846084","0.298352"
"1544846084","2063750821","0.14359"
"2063750821","1544846084","0.14359"
"1544846084","2066554980","0.298352"
"2066554980","1544846084","0.298352"
"1544846084","2083746992","0.798352"
"2083746992","1544846084","0.798352"
"1544846084","2166929746","0.798352"
"2166929746","1544846084","0.798352"
"1544846084","2185582378","0.298352"
"2185582378","1544846084","0.298352"
"1900014446","1984117731","0.498352"
"1984117731","1900014446","0.498352"
"1900014446","2002455623","0.770574"
"2002455623","1900014446","0.770574"
"1900014446","2006000303","1.05946"
"2006000303","1900014446","1.05946"
"1900014446","2015788181","1.19835"
"2015788181","1900014446","1.19835"
"1900014446","2020237187","1.30946"
"2020237187","1900014446","1.30946"
"1900014446","2066554980","0.581685"
"2066554980","1900014446","0.581685"
"1900014446","2166929746","0.692796"
"2166929746","1900014446","0.692796"
"1900014446","2185582378","0.581685"
"2185582378","1900014446","0.581685"
"1984117731","2002455623","0.298352"
"2002455623","1984117731","0.298352"
"1984117731","2006000303","0.498352"
"2006000303","1984117731","0.498352"
"1984117731","2015788181","0.498352"
"2015788181","1984117731","0.498352"
"1984117731","2019411755","0.298352"
"2019411755","1984117731","0.298352"
"1984117731","2020237187","0.698352"
"2020237187","1984117731","0.698352"
"1984117731","2054223125","0.698352"
"2054223125","1984117731","0.698352"
"1984117731","2063750821","0.34359"
"2063750821","1984117731","0.34359"
"1984117731","2066554980","1.69835"
"2066554980","1984117731","1.69835"
"1984117731","2083746992","0.698352"
"2083746992","1984117731","0.698352"
"1984117731","2166929746","0.498352"
"2166929746","1984117731","0.498352"
"1984117731","2185582378","1.69835"
"2185582378","1984117731","1.69835"
"2002455623","2006000303","0.80232"
"2006000303","2002455623","0.80232"
"2002455623","2015788181","0.691209"
"2015788181","2002455623","0.691209"
"2002455623","2019411755","1.10391"
"2019411755","2002455623","1.10391"
"2002455623","2020237187","0.659463"
"2020237187","2002455623","0.659463"
"2002455623","2054223125","1.41343"
"2054223125","2002455623","1.41343"
"2002455623","2063750821","0.480891"
"2063750821","2002455623","0.480891"
"2002455623","2066554980","0.381685"
"2066554980","2002455623","0.381685"
"2002455623","2083746992","0.635653"
"2083746992","2002455623","0.635653"
"2002455623","2166929746","0.492796"
"2166929746","2002455623","0.492796"
"2002455623","2185582378","0.381685"
"2185582378","2002455623","0.381685"
"2006000303","2015788181","1.68407"
"2015788181","2006000303","1.68407"
"2006000303","2054223125","1.65232"
"2054223125","2006000303","1.65232"
"2006000303","2066554980","1.53168"
"2066554980","2006000303","1.53168"
"2006000303","2083746992","1.42851"
"2083746992","2006000303","1.42851"
"2006000303","2166929746","0.831685"
"2166929746","2006000303","0.831685"
"2006000303","2185582378","1.73168"
"2185582378","2006000303","1.73168"
"2015788181","2019411755","0.831685"
"2019411755","2015788181","0.831685"
"2015788181","2020237187","4.29121"
"2020237187","2015788181","4.29121"
"2015788181","2054223125","1.34121"
"2054223125","2015788181","1.34121"
"2015788181","2063750821","1.55311"
"2063750821","2015788181","1.55311"
"2015788181","2066554980","1.16502"
"2066554980","2015788181","1.16502"
"2015788181","2083746992","1.78407"
"2083746992","2015788181","1.78407"
"2015788181","2166929746","0.831685"
"2166929746","2015788181","0.831685"
"2015788181","2185582378","1.03168"
"2185582378","2015788181","1.03168"
"2019411755","2066554980","0.381685"
"2066554980","2019411755","0.381685"
"2019411755","2083746992","0.492796"
"2083746992","2019411755","0.492796"
"2019411755","2166929746","0.492796"
"2166929746","2019411755","0.492796"
"2019411755","2185582378","0.581685"
"2185582378","2019411755","0.581685"
"2020237187","2054223125","2.2928"
"2054223125","2020237187","2.2928"
"2020237187","2066554980","2.14835"
"2066554980","2020237187","2.14835"
"2020237187","2083746992","10.4023"
"2083746992","2020237187","10.4023"
"2020237187","2166929746","1.33168"
"2166929746","2020237187","1.33168"
"2020237187","2185582378","2.01502"
"2185582378","2020237187","2.01502"
"2054223125","2063750821","1.38089"
"2063750821","2054223125","1.38089"
"2054223125","2066554980","2.56502"
"2066554980","2054223125","2.56502"
"2054223125","2083746992","1.98565"
"2083746992","2054223125","1.98565"
"2054223125","2166929746","0.942796"
"2166929746","2054223125","0.942796"
"2054223125","2185582378","2.56502"
"2185582378","2054223125","2.56502"
"2063750821","2066554980","0.926923"
"2066554980","2063750821","0.926923"
"2063750821","2166929746","0.788034"
"2166929746","2063750821","0.788034"
"2063750821","2185582378","1.12692"
"2185582378","2063750821","1.12692"
"2066554980","2083746992","2.06502"
"2083746992","2066554980","2.06502"
"2066554980","2166929746","0.831685"
"2166929746","2066554980","0.831685"
"2066554980","2185582378","3.06502"
"2185582378","2066554980","3.06502"
"2083746992","2166929746","0.831685"
"2166929746","2083746992","0.831685"
"2083746992","2185582378","1.73168"
"2185582378","2083746992","1.73168"
"2166929746","2185582378","0.831685"
"2185582378","2166929746","0.831685"
"1544846084","1707253212","0.138095"
"1707253212","1544846084","0.138095"
"1544846084","2170686833","0.0714286"
"2170686833","1544846084","0.0714286"
"1707253212","1900014446","0.610317"
"1900014446","1707253212","0.610317"
"1707253212","1984117731","0.138095"
"1984117731","1707253212","0.138095"
"1707253212","2002455623","0.610317"
"2002455623","1707253212","0.610317"
"1707253212","2006000303","1.30873"
"2006000303","1707253212","1.30873"
"1707253212","2015788181","0.530952"
"2015788181","1707253212","0.530952"
"1707253212","2019411755","0.443651"
"2019411755","1707253212","0.443651"
"1707253212","2020237187","0.642063"
"2020237187","1707253212","0.642063"
"1707253212","2054223125","0.610317"
"2054223125","1707253212","0.610317"
"1707253212","2066554980","0.221429"
"2066554980","1707253212","0.221429"
"1707253212","2083746992","0.475397"
"2083746992","1707253212","0.475397"
"1707253212","2166929746","1.33254"
"2166929746","1707253212","1.33254"
"1707253212","2170686833","0.960317"
"2170686833","1707253212","0.960317"
"1707253212","2185582378","0.221429"
"2185582378","1707253212","0.221429"
"1900014446","2170686833","2.87698"
"2170686833","1900014446","2.87698"
"1984117731","2170686833","0.0714286"
"2170686833","1984117731","0.0714286"
"2002455623","2170686833","1.29365"
"2170686833","2002455623","1.29365"
"2006000303","2170686833","0.849206"
"2170686833","2006000303","0.849206"
"2015788181","2170686833","0.0714286"
"2170686833","2015788181","0.0714286"
"2019411755","2170686833","1.37698"
"2170686833","2019411755","1.37698"
"2020237187","2170686833","1.18254"
"2170686833","2020237187","1.18254"
"2054223125","2170686833","0.293651"
"2170686833","2054223125","0.293651"
"2066554980","2170686833","0.0714286"
"2170686833","2066554980","0.0714286"
"2083746992","2170686833","0.18254"
"2170686833","2083746992","0.18254"
"2166929746","2170686833","0.18254"
"2170686833","2166929746","0.18254"
"2170686833","2185582378","0.0714286"
"2185582378","2170686833","0.0714286"
"1544846084","1788945156","0.316667"
"1788945156","1544846084","0.316667"
"1707253212","1788945156","0.320635"
"1788945156","1707253212","0.320635"
"1707253212","2063750821","0.261111"
"2063750821","1707253212","0.261111"
"1788945156","1900014446","0.177778"
"1900014446","1788945156","0.177778"
"1788945156","1984117731","0.0666667"
"1984117731","1788945156","0.0666667"
"1788945156","2002455623","0.177778"
"2002455623","1788945156","0.177778"
"1788945156","2006000303","0.209524"
"2006000303","1788945156","0.209524"
"1788945156","2015788181","0.209524"
"2015788181","1788945156","0.209524"
"1788945156","2019411755","0.177778"
"2019411755","1788945156","0.177778"
"1788945156","2020237187","0.209524"
"2020237187","1788945156","0.209524"
"1788945156","2054223125","0.177778"
"2054223125","1788945156","0.177778"
"1788945156","2063750821","0.177778"
"2063750821","1788945156","0.177778"
"1788945156","2066554980","0.0666667"
"2066554980","1788945156","0.0666667"
"1788945156","2083746992","0.209524"
"2083746992","1788945156","0.209524"
"1788945156","2166929746","0.177778"
"2166929746","1788945156","0.177778"
"1788945156","2185582378","0.0666667"
"2185582378","1788945156","0.0666667"
"1544846084","2295055001","0.583333"
"2295055001","1544846084","0.583333"
"2015788181","2295055001","1.33333"
"2295055001","2015788181","1.33333"
"2020237187","2295055001","1.33333"
"2295055001","2020237187","1.33333"
"1544846084","2284128125","0.25"
"2284128125","1544846084","0.25"
"1544846084","2511820676","0.25"
"2511820676","1544846084","0.25"
"1788945156","2284128125","0.25"
"2284128125","1788945156","0.25"
"1788945156","2295055001","0.25"
"2295055001","1788945156","0.25"
"1788945156","2511820676","0.25"
"2511820676","1788945156","0.25"
"2284128125","2295055001","0.583333"
"2295055001","2284128125","0.583333"
"2284128125","2511820676","0.25"
"2511820676","2284128125","0.25"
"2295055001","2511820676","0.25"
"2511820676","2295055001","0.25"
"1707253212","1934124120","0.142857"
"1934124120","1707253212","0.142857"
"1707253212","2020497756","1.03175"
"2020497756","1707253212","1.03175"
"1788945156","1934124120","0.142857"
"1934124120","1788945156","0.142857"
"1788945156","2020497756","0.253968"
"2020497756","1788945156","0.253968"
"1934124120","2015788181","1.14286"
"2015788181","1934124120","1.14286"
"2015788181","2020497756","1.28571"
"2020497756","2015788181","1.28571"
"2002455623","2020497756","0.365079"
"2020497756","2002455623","0.365079"
"2020497756","2170686833","0.888889"
"2170686833","2020497756","0.888889"
"1707253212","827356921","1"
"827356921","1707253212","1"
"1707253212","2138862371","1"
"2138862371","1707253212","1"
"1788945156","2170686833","0.111111"
"2170686833","1788945156","0.111111"
"2020497756","2166929746","0.111111"
"2166929746","2020497756","0.111111"
"2063750821","2170686833","0.111111"
"2170686833","2063750821","0.111111"
"1788945156","2150836545","1"
"2150836545","1788945156","1"
"1918088543","2170686833","1.83333"
"2170686833","1918088543","1.83333"
"2138862371","2170686833","1.25"
"2170686833","2138862371","1.25"
"1918088543","2015788181","0.75"
"2015788181","1918088543","0.75"
"1918088543","2150836545","0.5"
"2150836545","1918088543","0.5"
"1934124120","2150836545","0.5"
"2150836545","1934124120","0.5"
"1918088543","1948061183","0.583333"
"1948061183","1918088543","0.583333"
"1948061183","2019411755","0.333333"
"2019411755","1948061183","0.333333"
"1948061183","2054223125","0.333333"
"2054223125","1948061183","0.333333"
"1934124120","1948061183","0.25"
"1948061183","1934124120","0.25"
"1934124120","2170686833","0.75"
"2170686833","1934124120","0.75"
"1948061183","2170686833","0.25"
"2170686833","1948061183","0.25"
"1948061183","2284128125","0.25"
"2284128125","1948061183","0.25"
"2170686833","2284128125","0.25"
"2284128125","2170686833","0.25"
"1918088543","2743834871","0.5"
"2743834871","1918088543","0.5"
"2015788181","2743834871","0.5"
"2743834871","2015788181","0.5"
"1934124120","2396934461","0.2"
"2396934461","1934124120","0.2"
"2019411755","2396934461","0.2"
"2396934461","2019411755","0.2"
"2020497756","2396934461","2.2"
"2396934461","2020497756","2.2"
"2054223125","2396934461","0.2"
"2396934461","2054223125","0.2"
"2138862371","2396934461","0.2"
"2396934461","2138862371","0.2"
"1934124120","2749959819","1"
"2749959819","1934124120","1"
"2002455623","827356921","1.14286"
"827356921","2002455623","1.14286"
"2015788181","827356921","0.142857"
"827356921","2015788181","0.142857"
"2002455623","2511820676","1"
"2511820676","2002455623","1"
"2019411755","2284128125","0.333333"
"2284128125","2019411755","0.333333"
"2020237187","2150836545","0.5"
"2150836545","2020237187","0.5"
"2083746992","2150836545","0.5"
"2150836545","2083746992","0.5"
"2020237187","2284128125","0.5"
"2284128125","2020237187","0.5"
"2020497756","2150836545","3"
"2150836545","2020497756","3"
"2063750821","2749959819","1"
"2749959819","2063750821","1"
"2166929746","2396934461","1"
"2396934461","2166929746","1"
"2199306310","827356921","1"
"827356921","2199306310","1"
"2284128125","2396934461","0.5"
"2396934461","2284128125","0.5"
"2284128125","2749959819","0.5"
"2749959819","2284128125","0.5"
"2396934461","2749959819","0.5"
"2749959819","2396934461","0.5"
