"101373016","1833322956","0.9"
"1833322956","101373016","0.9"
"101373016","2027067237","0.0666667"
"2027067237","101373016","0.0666667"
"101373016","2045291874","0.0666667"
"2045291874","101373016","0.0666667"
"101373016","2045537608","0.0666667"
"2045537608","101373016","0.0666667"
"101373016","2051748007","0.0666667"
"2051748007","101373016","0.0666667"
"101373016","2072785408","0.0666667"
"2072785408","101373016","0.0666667"
"101373016","2092146789","0.0666667"
"2092146789","101373016","0.0666667"
"101373016","2098753860","0.0666667"
"2098753860","101373016","0.0666667"
"101373016","2101938365","0.0666667"
"2101938365","101373016","0.0666667"
"101373016","2110585255","0.0666667"
"2110585255","101373016","0.0666667"
"101373016","2114781044","0.4"
"2114781044","101373016","0.4"
"101373016","2144925975","0.0666667"
"2144925975","101373016","0.0666667"
"101373016","2153098630","0.0666667"
"2153098630","101373016","0.0666667"
"101373016","2159584786","0.566667"
"2159584786","101373016","0.566667"
"101373016","2163330330","0.0666667"
"2163330330","101373016","0.0666667"
"1833322956","2027067237","0.766667"
"2027067237","1833322956","0.766667"
"1833322956","2045291874","0.0666667"
"2045291874","1833322956","0.0666667"
"1833322956","2045537608","0.300433"
"2045537608","1833322956","0.300433"
"1833322956","2051748007","1.06667"
"2051748007","1833322956","1.06667"
"1833322956","2072785408","0.0666667"
"2072785408","1833322956","0.0666667"
"1833322956","2092146789","15.4167"
"2092146789","1833322956","15.4167"
"1833322956","2098753860","1.65758"
"2098753860","1833322956","1.65758"
"1833322956","2101938365","1.44091"
"2101938365","1833322956","1.44091"
"1833322956","2110585255","0.0666667"
"2110585255","1833322956","0.0666667"
"1833322956","2114781044","29.619"
"2114781044","1833322956","29.619"
"1833322956","2144925975","0.157576"
"2144925975","1833322956","0.157576"
"1833322956","2153098630","30.6433"
"2153098630","1833322956","30.6433"
"1833322956","2159584786","21.4195"
"2159584786","1833322956","21.4195"
"1833322956","2163330330","0.0666667"
"2163330330","1833322956","0.0666667"
"2027067237","2045291874","0.0666667"
"2045291874","2027067237","0.0666667"
"2027067237","2045537608","0.0666667"
"2045537608","2027067237","0.0666667"
"2027067237","2051748007","0.209524"
"2051748007","2027067237","0.209524"
"2027067237","2072785408","0.87619"
"2072785408","2027067237","0.87619"
"2027067237","2092146789","1.73506"
"2092146789","2027067237","1.73506"
"2027067237","2098753860","3.78506"
"2098753860","2027067237","3.78506"
"2027067237","2101938365","0.785058"
"2101938365","2027067237","0.785058"
"2027067237","2110585255","0.0666667"
"2110585255","2027067237","0.0666667"
"2027067237","2114781044","2.63869"
"2114781044","2027067237","2.63869"
"2027067237","2144925975","1.72553"
"2144925975","2027067237","1.72553"
"2027067237","2153098630","2.28313"
"2153098630","2027067237","2.28313"
"2027067237","2159584786","10.1851"
"2159584786","2027067237","10.1851"
"2027067237","2163330330","0.0666667"
"2163330330","2027067237","0.0666667"
"2045291874","2045537608","0.0666667"
"2045537608","2045291874","0.0666667"
"2045291874","2051748007","0.0666667"
"2051748007","2045291874","0.0666667"
"2045291874","2072785408","0.0666667"
"2072785408","2045291874","0.0666667"
"2045291874","2092146789","0.0666667"
"2092146789","2045291874","0.0666667"
"2045291874","2098753860","0.0666667"
"2098753860","2045291874","0.0666667"
"2045291874","2101938365","0.0666667"
"2101938365","2045291874","0.0666667"
"2045291874","2110585255","0.0666667"
"2110585255","2045291874","0.0666667"
"2045291874","2114781044","0.0666667"
"2114781044","2045291874","0.0666667"
"2045291874","2144925975","0.0666667"
"2144925975","2045291874","0.0666667"
"2045291874","2153098630","0.0666667"
"2153098630","2045291874","0.0666667"
"2045291874","2159584786","0.0666667"
"2159584786","2045291874","0.0666667"
"2045291874","2163330330","0.0666667"
"2163330330","2045291874","0.0666667"
"2045537608","2051748007","0.0666667"
"2051748007","2045537608","0.0666667"
"2045537608","2072785408","0.0666667"
"2072785408","2045537608","0.0666667"
"2045537608","2092146789","0.0666667"
"2092146789","2045537608","0.0666667"
"2045537608","2098753860","0.157576"
"2098753860","2045537608","0.157576"
"2045537608","2101938365","0.157576"
"2101938365","2045537608","0.157576"
"2045537608","2110585255","0.0666667"
"2110585255","2045537608","0.0666667"
"2045537608","2114781044","0.0666667"
"2114781044","2045537608","0.0666667"
"2045537608","2144925975","0.157576"
"2144925975","2045537608","0.157576"
"2045537608","2153098630","0.300433"
"2153098630","2045537608","0.300433"
"2045537608","2159584786","0.800433"
"2159584786","2045537608","0.800433"
"2045537608","2163330330","0.0666667"
"2163330330","2045537608","0.0666667"
"2051748007","2072785408","0.280952"
"2072785408","2051748007","0.280952"
"2051748007","2092146789","0.138095"
"2092146789","2051748007","0.138095"
"2051748007","2098753860","0.280952"
"2098753860","2051748007","0.280952"
"2051748007","2101938365","0.280952"
"2101938365","2051748007","0.280952"
"2051748007","2110585255","0.0666667"
"2110585255","2051748007","0.0666667"
"2051748007","2114781044","0.138095"
"2114781044","2051748007","0.138095"
"2051748007","2144925975","0.138095"
"2144925975","2051748007","0.138095"
"2051748007","2153098630","0.471429"
"2153098630","2051748007","0.471429"
"2051748007","2159584786","0.280952"
"2159584786","2051748007","0.280952"
"2051748007","2163330330","0.0666667"
"2163330330","2051748007","0.0666667"
"2072785408","2092146789","0.395671"
"2092146789","2072785408","0.395671"
"2072785408","2098753860","0.538528"
"2098753860","2072785408","0.538528"
"2072785408","2101938365","0.280952"
"2101938365","2072785408","0.280952"
"2072785408","2110585255","0.0666667"
"2110585255","2072785408","0.0666667"
"2072785408","2114781044","0.395671"
"2114781044","2072785408","0.395671"
"2072785408","2144925975","0.138095"
"2144925975","2072785408","0.138095"
"2072785408","2153098630","0.395671"
"2153098630","2072785408","0.395671"
"2072785408","2159584786","1.03853"
"2159584786","2072785408","1.03853"
"2072785408","2163330330","0.0666667"
"2163330330","2072785408","0.0666667"
"2092146789","2098753860","2.07121"
"2098753860","2092146789","2.07121"
"2092146789","2101938365","2.65926"
"2101938365","2092146789","2.65926"
"2092146789","2110585255","0.0666667"
"2110585255","2092146789","0.0666667"
"2092146789","2114781044","5.70103"
"2114781044","2092146789","5.70103"
"2092146789","2144925975","1.9803"
"2144925975","2092146789","1.9803"
"2092146789","2153098630","26.3244"
"2153098630","2092146789","26.3244"
"2092146789","2159584786","18.8323"
"2159584786","2092146789","18.8323"
"2092146789","2163330330","0.617857"
"2163330330","2092146789","0.617857"
"2098753860","2101938365","2.79025"
"2101938365","2098753860","2.79025"
"2098753860","2110585255","0.0666667"
"2110585255","2098753860","0.0666667"
"2098753860","2114781044","1.4915"
"2114781044","2098753860","1.4915"
"2098753860","2144925975","1.76406"
"2144925975","2098753860","1.76406"
"2098753860","2153098630","6.54591"
"2153098630","2098753860","6.54591"
"2098753860","2159584786","10.5145"
"2159584786","2098753860","10.5145"
"2098753860","2163330330","0.4"
"2163330330","2098753860","0.4"
"2101938365","2110585255","0.0666667"
"2110585255","2101938365","0.0666667"
"2101938365","2114781044","1.43393"
"2114781044","2101938365","1.43393"
"2101938365","2144925975","0.937872"
"2144925975","2101938365","0.937872"
"2101938365","2153098630","6.79111"
"2153098630","2101938365","6.79111"
"2101938365","2159584786","4.94184"
"2159584786","2101938365","4.94184"
"2101938365","2163330330","0.867857"
"2163330330","2101938365","0.867857"
"2110585255","2114781044","0.0666667"
"2114781044","2110585255","0.0666667"
"2110585255","2144925975","0.0666667"
"2144925975","2110585255","0.0666667"
"2110585255","2153098630","0.0666667"
"2153098630","2110585255","0.0666667"
"2110585255","2159584786","0.566667"
"2159584786","2110585255","0.566667"
"2110585255","2163330330","0.0666667"
"2163330330","2110585255","0.0666667"
"2114781044","2144925975","0.400595"
"2144925975","2114781044","0.400595"
"2114781044","2153098630","11.2439"
"2153098630","2114781044","11.2439"
"2114781044","2159584786","12.5272"
"2159584786","2114781044","12.5272"
"2114781044","2163330330","0.0666667"
"2163330330","2114781044","0.0666667"
"2144925975","2153098630","0.819282"
"2153098630","2144925975","0.819282"
"2144925975","2159584786","2.15454"
"2159584786","2144925975","2.15454"
"2144925975","2163330330","0.4"
"2163330330","2144925975","0.4"
"2153098630","2159584786","27.207"
"2159584786","2153098630","27.207"
"2153098630","2163330330","1.28452"
"2163330330","2153098630","1.28452"
"2159584786","2163330330","1.01667"
"2163330330","2159584786","1.01667"
"101373016","2069124975","0.333333"
"2069124975","101373016","0.333333"
"1833322956","2069124975","3.89329"
"2069124975","1833322956","3.89329"
"2069124975","2114781044","3.98095"
"2114781044","2069124975","3.98095"
"102091345","2112004167","4.03333"
"2112004167","102091345","4.03333"
"102091345","2092146789","0.2"
"2092146789","102091345","0.2"
"102091345","2114902045","0.2"
"2114902045","102091345","0.2"
"102091345","2123830234","0.2"
"2123830234","102091345","0.2"
"102091345","2159584786","1.53333"
"2159584786","102091345","1.53333"
"2092146789","2112004167","26.2706"
"2112004167","2092146789","26.2706"
"2092146789","2114902045","8.36706"
"2114902045","2092146789","8.36706"
"2092146789","2123830234","15.4982"
"2123830234","2092146789","15.4982"
"2112004167","2114902045","8.73535"
"2114902045","2112004167","8.73535"
"2112004167","2123830234","29.6139"
"2123830234","2112004167","29.6139"
"2112004167","2159584786","38.9044"
"2159584786","2112004167","38.9044"
"2114902045","2123830234","34.1984"
"2123830234","2114902045","34.1984"
"2114902045","2159584786","11.5068"
"2159584786","2114902045","11.5068"
"2123830234","2159584786","20.8903"
"2159584786","2123830234","20.8903"
"102091345","1833322956","0.333333"
"1833322956","102091345","0.333333"
"1833322956","2112004167","16.81"
"2112004167","1833322956","16.81"
"102091345","2153098630","2"
"2153098630","102091345","2"
"2112004167","2153098630","53.1306"
"2153098630","2112004167","53.1306"
"102091345","1597149849","0.5"
"1597149849","102091345","0.5"
"1597149849","2153098630","8.57619"
"2153098630","1597149849","8.57619"
"1488464276","2163330330","1"
"2163330330","1488464276","1"
"1497856417","2027067237","0.142857"
"2027067237","1497856417","0.142857"
"1497856417","2051748007","0.142857"
"2051748007","1497856417","0.142857"
"1497856417","2069124975","0.142857"
"2069124975","1497856417","0.142857"
"1497856417","2072785408","0.142857"
"2072785408","1497856417","0.142857"
"1497856417","2098753860","0.142857"
"2098753860","1497856417","0.142857"
"1497856417","2101938365","0.142857"
"2101938365","1497856417","0.142857"
"1497856417","2159584786","0.142857"
"2159584786","1497856417","0.142857"
"2027067237","2069124975","2.88645"
"2069124975","2027067237","2.88645"
"2051748007","2069124975","0.214286"
"2069124975","2051748007","0.214286"
"2069124975","2072785408","0.214286"
"2072785408","2069124975","0.214286"
"2069124975","2098753860","4.83212"
"2098753860","2069124975","4.83212"
"2069124975","2101938365","2.2599"
"2101938365","2069124975","2.2599"
"2069124975","2159584786","50.2289"
"2159584786","2069124975","50.2289"
"1544003360","2016380441","0.366667"
"2016380441","1544003360","0.366667"
"1544003360","2073406257","0.2"
"2073406257","1544003360","0.2"
"1544003360","2082512729","0.366667"
"2082512729","1544003360","0.366667"
"1544003360","2108177209","0.366667"
"2108177209","1544003360","0.366667"
"1544003360","2153608684","0.366667"
"2153608684","1544003360","0.366667"
"2016380441","2073406257","0.2"
"2073406257","2016380441","0.2"
"2016380441","2082512729","1.68571"
"2082512729","2016380441","1.68571"
"2016380441","2108177209","4.7"
"2108177209","2016380441","4.7"
"2016380441","2153608684","0.366667"
"2153608684","2016380441","0.366667"
"2073406257","2082512729","0.2"
"2082512729","2073406257","0.2"
"2073406257","2108177209","0.2"
"2108177209","2073406257","0.2"
"2073406257","2153608684","0.2"
"2153608684","2073406257","0.2"
"2082512729","2108177209","1.2"
"2108177209","2082512729","1.2"
"2082512729","2153608684","0.366667"
"2153608684","2082512729","0.366667"
"2108177209","2153608684","0.366667"
"2153608684","2108177209","0.366667"
"1544003360","2009518882","0.166667"
"2009518882","1544003360","0.166667"
"1544003360","2114781044","0.166667"
"2114781044","1544003360","0.166667"
"2009518882","2016380441","3.14286"
"2016380441","2009518882","3.14286"
"2009518882","2082512729","1.73377"
"2082512729","2009518882","1.73377"
"2009518882","2108177209","2"
"2108177209","2009518882","2"
"2009518882","2114781044","0.257576"
"2114781044","2009518882","0.257576"
"2009518882","2153608684","0.166667"
"2153608684","2009518882","0.166667"
"2016380441","2114781044","0.366667"
"2114781044","2016380441","0.366667"
"2082512729","2114781044","0.457576"
"2114781044","2082512729","0.457576"
"2108177209","2114781044","0.166667"
"2114781044","2108177209","0.166667"
"2114781044","2153608684","0.166667"
"2153608684","2114781044","0.166667"
"1545097366","1914411570","0.600433"
"1914411570","1545097366","0.600433"
"1545097366","2016380441","0.142857"
"2016380441","1545097366","0.142857"
"1545097366","2022289142","0.400433"
"2022289142","1545097366","0.400433"
"1545097366","2082512729","0.400433"
"2082512729","1545097366","0.400433"
"1545097366","2098753860","0.600433"
"2098753860","1545097366","0.600433"
"1545097366","2101938365","0.309524"
"2101938365","1545097366","0.309524"
"1545097366","2153098630","0.400433"
"2153098630","1545097366","0.400433"
"1914411570","2016380441","1.28571"
"2016380441","1914411570","1.28571"
"1914411570","2022289142","1.60579"
"2022289142","1914411570","1.60579"
"1914411570","2082512729","0.54329"
"2082512729","1914411570","0.54329"
"1914411570","2098753860","0.80579"
"2098753860","1914411570","0.80579"
"1914411570","2101938365","0.372024"
"2101938365","1914411570","0.372024"
"1914411570","2153098630","0.796266"
"2153098630","1914411570","0.796266"
"2016380441","2022289142","0.285714"
"2022289142","2016380441","0.285714"
"2016380441","2098753860","0.285714"
"2098753860","2016380441","0.285714"
"2016380441","2101938365","0.142857"
"2101938365","2016380441","0.142857"
"2016380441","2153098630","1.14286"
"2153098630","2016380441","1.14286"
"2022289142","2082512729","1.54085"
"2082512729","2022289142","1.54085"
"2022289142","2098753860","1.45335"
"2098753860","2022289142","1.45335"
"2022289142","2101938365","0.560058"
"2101938365","2022289142","0.560058"
"2022289142","2153098630","1.05023"
"2153098630","2022289142","1.05023"
"2082512729","2098753860","1.14204"
"2098753860","2082512729","1.14204"
"2082512729","2101938365","0.622558"
"2101938365","2082512729","0.622558"
"2082512729","2153098630","0.654401"
"2153098630","2082512729","0.654401"
"1545097366","2009518882","0.290909"
"2009518882","1545097366","0.290909"
"1545097366","2072785408","0.0909091"
"2072785408","1545097366","0.0909091"
"1545097366","2092146789","0.0909091"
"2092146789","1545097366","0.0909091"
"1545097366","2114781044","0.0909091"
"2114781044","1545097366","0.0909091"
"1545097366","2159584786","0.290909"
"2159584786","1545097366","0.290909"
"1545097366","2189078465","0.290909"
"2189078465","1545097366","0.290909"
"1914411570","2009518882","0.433766"
"2009518882","1914411570","0.433766"
"1914411570","2072785408","0.0909091"
"2072785408","1914411570","0.0909091"
"1914411570","2092146789","0.153409"
"2092146789","1914411570","0.153409"
"1914411570","2114781044","0.153409"
"2114781044","1914411570","0.153409"
"1914411570","2159584786","1.49627"
"2159584786","1914411570","1.49627"
"1914411570","2189078465","0.353409"
"2189078465","1914411570","0.353409"
"2009518882","2022289142","0.233766"
"2022289142","2009518882","0.233766"
"2009518882","2072785408","0.0909091"
"2072785408","2009518882","0.0909091"
"2009518882","2092146789","0.0909091"
"2092146789","2009518882","0.0909091"
"2009518882","2098753860","0.433766"
"2098753860","2009518882","0.433766"
"2009518882","2153098630","0.0909091"
"2153098630","2009518882","0.0909091"
"2009518882","2159584786","0.433766"
"2159584786","2009518882","0.433766"
"2009518882","2189078465","0.290909"
"2189078465","2009518882","0.290909"
"2022289142","2072785408","0.0909091"
"2072785408","2022289142","0.0909091"
"2022289142","2092146789","0.524777"
"2092146789","2022289142","0.524777"
"2022289142","2114781044","1.1296"
"2114781044","2022289142","1.1296"
"2022289142","2159584786","1.14382"
"2159584786","2022289142","1.14382"
"2022289142","2189078465","2.30652"
"2189078465","2022289142","2.30652"
"2072785408","2082512729","0.0909091"
"2082512729","2072785408","0.0909091"
"2072785408","2189078465","0.0909091"
"2189078465","2072785408","0.0909091"
"2082512729","2092146789","1.60394"
"2092146789","2082512729","1.60394"
"2082512729","2159584786","1.91347"
"2159584786","2082512729","1.91347"
"2082512729","2189078465","1.17736"
"2189078465","2082512729","1.17736"
"2092146789","2189078465","0.863666"
"2189078465","2092146789","0.863666"
"2098753860","2189078465","1.75652"
"2189078465","2098753860","1.75652"
"2114781044","2189078465","1.24627"
"2189078465","2114781044","1.24627"
"2153098630","2189078465","0.153409"
"2189078465","2153098630","0.153409"
"2159584786","2189078465","1.53986"
"2189078465","2159584786","1.53986"
"1545097366","1833322956","1"
"1833322956","1545097366","1"
"1597149849","1833322956","18.4429"
"1833322956","1597149849","18.4429"
"1597149849","2114781044","9.49286"
"2114781044","1597149849","9.49286"
"1597149849","2069124975","1.12619"
"2069124975","1597149849","1.12619"
"1597149849","2159584786","3.87619"
"2159584786","1597149849","3.87619"
"2069124975","2153098630","14.1258"
"2153098630","2069124975","14.1258"
"1597149849","2097513697","0.333333"
"2097513697","1597149849","0.333333"
"1833322956","2097513697","0.333333"
"2097513697","1833322956","0.333333"
"2097513697","2153098630","0.416667"
"2153098630","2097513697","0.416667"
"1597149849","2112004167","4.55952"
"2112004167","1597149849","4.55952"
"1597149849","2123830234","2.00952"
"2123830234","1597149849","2.00952"
"1833322956","2123830234","12.06"
"2123830234","1833322956","12.06"
"2069124975","2112004167","11.1377"
"2112004167","2069124975","11.1377"
"2069124975","2123830234","16.4028"
"2123830234","2069124975","16.4028"
"2112004167","2114781044","3.51905"
"2114781044","2112004167","3.51905"
"2114781044","2123830234","3.60298"
"2123830234","2114781044","3.60298"
"2123830234","2153098630","24.5562"
"2153098630","2123830234","24.5562"
"1597149849","2114902045","0.583333"
"2114902045","1597149849","0.583333"
"2114902045","2153098630","10.2008"
"2153098630","2114902045","10.2008"
"1833322956","2114902045","4.40758"
"2114902045","1833322956","4.40758"
"1597149849","2092146789","1.36667"
"2092146789","1597149849","1.36667"
"1597149849","1775274362","0.166667"
"1775274362","1597149849","0.166667"
"1597149849","356112134","0.166667"
"356112134","1597149849","0.166667"
"1775274362","1833322956","0.916667"
"1833322956","1775274362","0.916667"
"1775274362","2112004167","13.8373"
"2112004167","1775274362","13.8373"
"1775274362","2123830234","10.3873"
"2123830234","1775274362","10.3873"
"1775274362","2153098630","5.87064"
"2153098630","1775274362","5.87064"
"1775274362","356112134","2.76667"
"356112134","1775274362","2.76667"
"1833322956","356112134","0.366667"
"356112134","1833322956","0.366667"
"2112004167","356112134","1.06667"
"356112134","2112004167","1.06667"
"2123830234","356112134","0.466667"
"356112134","2123830234","0.466667"
"2153098630","356112134","0.366667"
"356112134","2153098630","0.366667"
"1597149849","2013665221","0.2"
"2013665221","1597149849","0.2"
"1597149849","2163775113","0.2"
"2163775113","1597149849","0.2"
"1833322956","2013665221","0.2"
"2013665221","1833322956","0.2"
"1833322956","2163775113","0.366667"
"2163775113","1833322956","0.366667"
"2013665221","2069124975","0.354762"
"2069124975","2013665221","0.354762"
"2013665221","2123830234","0.479762"
"2123830234","2013665221","0.479762"
"2013665221","2163775113","27.4798"
"2163775113","2013665221","27.4798"
"2069124975","2163775113","0.354762"
"2163775113","2069124975","0.354762"
"2123830234","2163775113","0.479762"
"2163775113","2123830234","0.479762"
"1597149849","2101938365","0.2"
"2101938365","1597149849","0.2"
"1597149849","2473168698","0.2"
"2473168698","1597149849","0.2"
"1833322956","2473168698","2.00952"
"2473168698","1833322956","2.00952"
"2101938365","2473168698","0.339423"
"2473168698","2101938365","0.339423"
"2114781044","2473168698","0.572024"
"2473168698","2114781044","0.572024"
"2153098630","2473168698","0.2625"
"2473168698","2153098630","0.2625"
"1775274362","2098753860","0.883333"
"2098753860","1775274362","0.883333"
"1775274362","2092146789","4.77064"
"2092146789","1775274362","4.77064"
"1775274362","2027067237","0.72619"
"2027067237","1775274362","0.72619"
"1775274362","2104108474","1.55397"
"2104108474","1775274362","1.55397"
"1775274362","2114781044","0.342857"
"2114781044","1775274362","0.342857"
"2027067237","2104108474","0.378968"
"2104108474","2027067237","0.378968"
"2027067237","2112004167","10.7595"
"2112004167","2027067237","10.7595"
"2027067237","2123830234","3.02395"
"2123830234","2027067237","3.02395"
"2092146789","2104108474","2.14127"
"2104108474","2092146789","2.14127"
"2104108474","2112004167","2.68773"
"2112004167","2104108474","2.68773"
"2104108474","2114781044","0.67619"
"2114781044","2104108474","0.67619"
"2104108474","2123830234","11.3544"
"2123830234","2104108474","11.3544"
"2104108474","2153098630","4.85004"
"2153098630","2104108474","4.85004"
"1775274362","2159584786","2.79444"
"2159584786","1775274362","2.79444"
"2159584786","356112134","1.5"
"356112134","2159584786","1.5"
"1775274362","2114902045","1.44444"
"2114902045","1775274362","1.44444"
"1775274362","2069124975","0.861111"
"2069124975","1775274362","0.861111"
"1775274362","2101938365","0.111111"
"2101938365","1775274362","0.111111"
"2069124975","2092146789","5.95946"
"2092146789","2069124975","5.95946"
"2069124975","2104108474","1.37821"
"2104108474","2069124975","1.37821"
"2069124975","2114902045","8.65678"
"2114902045","2069124975","8.65678"
"2101938365","2104108474","1.28932"
"2104108474","2101938365","1.28932"
"2101938365","2112004167","1.98535"
"2112004167","2101938365","1.98535"
"2101938365","2114902045","1.44131"
"2114902045","2101938365","1.44131"
"2101938365","2123830234","1.77954"
"2123830234","2101938365","1.77954"
"2104108474","2114902045","5.66988"
"2114902045","2104108474","5.66988"
"2104108474","2159584786","2.38099"
"2159584786","2104108474","2.38099"
"1775274362","2022289142","0.183333"
"2022289142","1775274362","0.183333"
"1775274362","2144925975","0.183333"
"2144925975","1775274362","0.183333"
"1775274362","2189078465","0.683333"
"2189078465","1775274362","0.683333"
"1775274362","2473168698","0.183333"
"2473168698","1775274362","0.183333"
"2022289142","2104108474","0.211111"
"2104108474","2022289142","0.211111"
"2022289142","2123830234","1.15609"
"2123830234","2022289142","1.15609"
"2022289142","2144925975","0.600534"
"2144925975","2022289142","0.600534"
"2022289142","2473168698","3.13228"
"2473168698","2022289142","3.13228"
"2022289142","356112134","0.1"
"356112134","2022289142","0.1"
"2092146789","2473168698","0.322756"
"2473168698","2092146789","0.322756"
"2092146789","356112134","0.5"
"356112134","2092146789","0.5"
"2098753860","2104108474","1.21035"
"2104108474","2098753860","1.21035"
"2098753860","2123830234","1.03628"
"2123830234","2098753860","1.03628"
"2098753860","2473168698","1.46561"
"2473168698","2098753860","1.46561"
"2098753860","356112134","0.1"
"356112134","2098753860","0.1"
"2104108474","2144925975","0.510354"
"2144925975","2104108474","0.510354"
"2104108474","2189078465","0.1"
"2189078465","2104108474","0.1"
"2104108474","2473168698","0.1"
"2473168698","2104108474","0.1"
"2104108474","356112134","0.1"
"356112134","2104108474","0.1"
"2123830234","2144925975","2.20295"
"2144925975","2123830234","2.20295"
"2123830234","2189078465","3.29895"
"2189078465","2123830234","3.29895"
"2123830234","2473168698","0.465614"
"2473168698","2123830234","0.465614"
"2144925975","2189078465","0.63228"
"2189078465","2144925975","0.63228"
"2144925975","2473168698","0.465614"
"2473168698","2144925975","0.465614"
"2144925975","356112134","0.1"
"356112134","2144925975","0.1"
"2159584786","2473168698","0.38228"
"2473168698","2159584786","0.38228"
"2189078465","2473168698","2.27514"
"2473168698","2189078465","2.27514"
"2189078465","356112134","0.1"
"356112134","2189078465","0.1"
"2473168698","356112134","0.1"
"356112134","2473168698","0.1"
"1775274362","2589920398","0.0833333"
"2589920398","1775274362","0.0833333"
"1775274362","2810734406","0.0833333"
"2810734406","1775274362","0.0833333"
"1775274362","2811008837","0.0833333"
"2811008837","1775274362","0.0833333"
"1775274362","2945251632","0.0833333"
"2945251632","1775274362","0.0833333"
"2022289142","2027067237","1.08387"
"2027067237","2022289142","1.08387"
"2022289142","2589920398","0.222756"
"2589920398","2022289142","0.222756"
"2022289142","2810734406","0.741071"
"2810734406","2022289142","0.741071"
"2022289142","2811008837","0.28869"
"2811008837","2022289142","0.28869"
"2022289142","2945251632","0.0833333"
"2945251632","2022289142","0.0833333"
"2027067237","2189078465","3.47276"
"2189078465","2027067237","3.47276"
"2027067237","2473168698","0.222756"
"2473168698","2027067237","0.222756"
"2027067237","2589920398","0.222756"
"2589920398","2027067237","0.222756"
"2027067237","2810734406","0.145833"
"2810734406","2027067237","0.145833"
"2027067237","2811008837","0.145833"
"2811008837","2027067237","0.145833"
"2027067237","2945251632","0.0833333"
"2945251632","2027067237","0.0833333"
"2092146789","2589920398","0.222756"
"2589920398","2092146789","0.222756"
"2092146789","2810734406","0.145833"
"2810734406","2092146789","0.145833"
"2092146789","2811008837","0.145833"
"2811008837","2092146789","0.145833"
"2092146789","2945251632","0.0833333"
"2945251632","2092146789","0.0833333"
"2098753860","2589920398","0.365614"
"2589920398","2098753860","0.365614"
"2098753860","2810734406","0.431548"
"2810734406","2098753860","0.431548"
"2098753860","2811008837","0.145833"
"2811008837","2098753860","0.145833"
"2098753860","2945251632","0.0833333"
"2945251632","2098753860","0.0833333"
"2123830234","2589920398","0.365614"
"2589920398","2123830234","0.365614"
"2123830234","2810734406","0.145833"
"2810734406","2123830234","0.145833"
"2123830234","2811008837","0.145833"
"2811008837","2123830234","0.145833"
"2123830234","2945251632","0.0833333"
"2945251632","2123830234","0.0833333"
"2144925975","2589920398","0.365614"
"2589920398","2144925975","0.365614"
"2144925975","2810734406","0.145833"
"2810734406","2144925975","0.145833"
"2144925975","2811008837","0.145833"
"2811008837","2144925975","0.145833"
"2144925975","2945251632","0.0833333"
"2945251632","2144925975","0.0833333"
"2189078465","2589920398","0.865614"
"2589920398","2189078465","0.865614"
"2189078465","2810734406","0.455357"
"2810734406","2189078465","0.455357"
"2189078465","2811008837","0.28869"
"2811008837","2189078465","0.28869"
"2189078465","2945251632","0.0833333"
"2945251632","2189078465","0.0833333"
"2473168698","2589920398","0.865614"
"2589920398","2473168698","0.865614"
"2473168698","2810734406","0.455357"
"2810734406","2473168698","0.455357"
"2473168698","2811008837","0.28869"
"2811008837","2473168698","0.28869"
"2473168698","2945251632","0.0833333"
"2945251632","2473168698","0.0833333"
"2589920398","2810734406","0.145833"
"2810734406","2589920398","0.145833"
"2589920398","2811008837","0.145833"
"2811008837","2589920398","0.145833"
"2589920398","2945251632","0.0833333"
"2945251632","2589920398","0.0833333"
"2810734406","2811008837","0.28869"
"2811008837","2810734406","0.28869"
"2810734406","2945251632","0.0833333"
"2945251632","2810734406","0.0833333"
"2811008837","2945251632","0.0833333"
"2945251632","2811008837","0.0833333"
"1833322956","2104108474","0.800433"
"2104108474","1833322956","0.800433"
"2045537608","2069124975","0.233766"
"2069124975","2045537608","0.233766"
"2045537608","2104108474","0.733766"
"2104108474","2045537608","0.733766"
"2045537608","2112004167","0.733766"
"2112004167","2045537608","0.733766"
"2045537608","2114902045","0.590909"
"2114902045","2045537608","0.590909"
"2045537608","2123830234","0.233766"
"2123830234","2045537608","0.233766"
"2069124975","2144925975","0.905927"
"2144925975","2069124975","0.905927"
"2098753860","2112004167","1.59091"
"2112004167","2098753860","1.59091"
"2098753860","2114902045","1.33853"
"2114902045","2098753860","1.33853"
"2112004167","2144925975","0.0909091"
"2144925975","2112004167","0.0909091"
"2114902045","2144925975","0.162338"
"2144925975","2114902045","0.162338"
"1833322956","2114505974","0.25"
"2114505974","1833322956","0.25"
"2112004167","2114505974","0.25"
"2114505974","2112004167","0.25"
"2114505974","2114902045","0.25"
"2114902045","2114505974","0.25"
"2114505974","2153098630","0.25"
"2153098630","2114505974","0.25"
"2027067237","2114902045","4.2"
"2114902045","2027067237","4.2"
"1833322956","1914411570","5.33333"
"1914411570","1833322956","5.33333"
"1833322956","2022289142","1.47619"
"2022289142","1833322956","1.47619"
"1833322956","2240279329","0.333333"
"2240279329","1833322956","0.333333"
"2022289142","2240279329","0.47619"
"2240279329","2022289142","0.47619"
"2098753860","2240279329","0.47619"
"2240279329","2098753860","0.47619"
"1914411570","2112004167","0.333333"
"2112004167","1914411570","0.333333"
"1833322956","2189078465","0.559524"
"2189078465","1833322956","0.559524"
"1833322956","2810734406","1.30952"
"2810734406","1833322956","1.30952"
"2022289142","2163775113","0.416667"
"2163775113","2022289142","0.416667"
"2114781044","2163775113","0.238095"
"2163775113","2114781044","0.238095"
"2114781044","2810734406","0.372024"
"2810734406","2114781044","0.372024"
"2163775113","2189078465","0.416667"
"2189078465","2163775113","0.416667"
"2163775113","2473168698","0.166667"
"2473168698","2163775113","0.166667"
"2163775113","2810734406","0.166667"
"2810734406","2163775113","0.166667"
"1833322956","2811008837","0.142857"
"2811008837","1833322956","0.142857"
"2114781044","2811008837","0.205357"
"2811008837","2114781044","0.205357"
"2159584786","2810734406","0.348214"
"2810734406","2159584786","0.348214"
"2159584786","2811008837","0.205357"
"2811008837","2159584786","0.205357"
"1847975413","2051748007","2.07143"
"2051748007","1847975413","2.07143"
"1847975413","2013665221","0.0714286"
"2013665221","1847975413","0.0714286"
"1847975413","2069124975","0.0714286"
"2069124975","1847975413","0.0714286"
"1847975413","2072785408","0.0714286"
"2072785408","1847975413","0.0714286"
"1847975413","2092146789","0.0714286"
"2092146789","1847975413","0.0714286"
"1847975413","2098753860","0.0714286"
"2098753860","1847975413","0.0714286"
"1847975413","2101938365","0.0714286"
"2101938365","1847975413","0.0714286"
"1847975413","2114781044","0.0714286"
"2114781044","1847975413","0.0714286"
"1847975413","2114902045","0.0714286"
"2114902045","1847975413","0.0714286"
"1847975413","2123830234","0.0714286"
"2123830234","1847975413","0.0714286"
"1847975413","2144925975","0.0714286"
"2144925975","1847975413","0.0714286"
"1847975413","2153098630","0.0714286"
"2153098630","1847975413","0.0714286"
"1847975413","2159584786","0.0714286"
"2159584786","1847975413","0.0714286"
"1847975413","2163775113","0.0714286"
"2163775113","1847975413","0.0714286"
"2013665221","2051748007","0.0714286"
"2051748007","2013665221","0.0714286"
"2013665221","2072785408","0.0714286"
"2072785408","2013665221","0.0714286"
"2013665221","2092146789","1.08929"
"2092146789","2013665221","1.08929"
"2013665221","2098753860","4.40476"
"2098753860","2013665221","4.40476"
"2013665221","2101938365","0.755952"
"2101938365","2013665221","0.755952"
"2013665221","2114781044","0.0714286"
"2114781044","2013665221","0.0714286"
"2013665221","2114902045","0.339286"
"2114902045","2013665221","0.339286"
"2013665221","2144925975","0.154762"
"2144925975","2013665221","0.154762"
"2013665221","2153098630","0.755952"
"2153098630","2013665221","0.755952"
"2013665221","2159584786","2.40476"
"2159584786","2013665221","2.40476"
"2051748007","2114902045","0.321429"
"2114902045","2051748007","0.321429"
"2051748007","2123830234","0.321429"
"2123830234","2051748007","0.321429"
"2051748007","2163775113","0.0714286"
"2163775113","2051748007","0.0714286"
"2072785408","2114902045","0.0714286"
"2114902045","2072785408","0.0714286"
"2072785408","2123830234","0.0714286"
"2123830234","2072785408","0.0714286"
"2072785408","2163775113","0.0714286"
"2163775113","2072785408","0.0714286"
"2092146789","2163775113","0.613095"
"2163775113","2092146789","0.613095"
"2098753860","2163775113","3.40476"
"2163775113","2098753860","3.40476"
"2101938365","2163775113","0.279762"
"2163775113","2101938365","0.279762"
"2114781044","2114902045","1.27143"
"2114902045","2114781044","1.27143"
"2114902045","2163775113","0.196429"
"2163775113","2114902045","0.196429"
"2144925975","2163775113","0.154762"
"2163775113","2144925975","0.154762"
"2153098630","2163775113","1.27976"
"2163775113","2153098630","1.27976"
"2159584786","2163775113","4.65476"
"2163775113","2159584786","4.65476"
"1914411570","2051748007","6"
"2051748007","1914411570","6"
"1914411570","2027067237","0.0625"
"2027067237","1914411570","0.0625"
"1914411570","2123830234","0.0625"
"2123830234","1914411570","0.0625"
"1914411570","2144925975","0.0625"
"2144925975","1914411570","0.0625"
"1914411570","2473168698","0.0625"
"2473168698","1914411570","0.0625"
"1914411570","2589920398","0.0625"
"2589920398","1914411570","0.0625"
"1914411570","2810618763","0.0625"
"2810618763","1914411570","0.0625"
"1914411570","2810734406","0.205357"
"2810734406","1914411570","0.205357"
"1914411570","2811008837","0.0625"
"2811008837","1914411570","0.0625"
"2022289142","2810618763","0.0625"
"2810618763","2022289142","0.0625"
"2027067237","2810618763","0.0625"
"2810618763","2027067237","0.0625"
"2092146789","2810618763","0.0625"
"2810618763","2092146789","0.0625"
"2098753860","2810618763","0.0625"
"2810618763","2098753860","0.0625"
"2101938365","2189078465","0.139423"
"2189078465","2101938365","0.139423"
"2101938365","2589920398","0.139423"
"2589920398","2101938365","0.139423"
"2101938365","2810618763","0.0625"
"2810618763","2101938365","0.0625"
"2101938365","2810734406","0.0625"
"2810734406","2101938365","0.0625"
"2101938365","2811008837","0.0625"
"2811008837","2101938365","0.0625"
"2114781044","2589920398","0.0625"
"2589920398","2114781044","0.0625"
"2114781044","2810618763","0.0625"
"2810618763","2114781044","0.0625"
"2123830234","2810618763","0.0625"
"2810618763","2123830234","0.0625"
"2144925975","2810618763","0.0625"
"2810618763","2144925975","0.0625"
"2153098630","2589920398","1.0625"
"2589920398","2153098630","1.0625"
"2153098630","2810618763","0.0625"
"2810618763","2153098630","0.0625"
"2153098630","2810734406","0.205357"
"2810734406","2153098630","0.205357"
"2153098630","2811008837","0.0625"
"2811008837","2153098630","0.0625"
"2159584786","2589920398","0.139423"
"2589920398","2159584786","0.139423"
"2159584786","2810618763","0.0625"
"2810618763","2159584786","0.0625"
"2189078465","2810618763","0.0625"
"2810618763","2189078465","0.0625"
"2473168698","2810618763","0.0625"
"2810618763","2473168698","0.0625"
"2589920398","2810618763","0.0625"
"2810618763","2589920398","0.0625"
"2810618763","2810734406","0.0625"
"2810734406","2810618763","0.0625"
"2810618763","2811008837","0.0625"
"2811008837","2810618763","0.0625"
"2009518882","2810734406","0.142857"
"2810734406","2009518882","0.142857"
"2016380441","2159584786","0.342857"
"2159584786","2016380441","0.342857"
"2016380441","2810734406","0.142857"
"2810734406","2016380441","0.142857"
"2082512729","2810734406","0.285714"
"2810734406","2082512729","0.285714"
"2013665221","2949325769","1.14286"
"2949325769","2013665221","1.14286"
"2163775113","2949325769","1"
"2949325769","2163775113","1"
"2013665221","2097513697","0.0833333"
"2097513697","2013665221","0.0833333"
"2013665221","2104108474","0.35119"
"2104108474","2013665221","0.35119"
"2013665221","2163330330","0.35119"
"2163330330","2013665221","0.35119"
"2069124975","2097513697","0.283333"
"2097513697","2069124975","0.283333"
"2069124975","2163330330","1"
"2163330330","2069124975","1"
"2092146789","2097513697","0.283333"
"2097513697","2092146789","0.283333"
"2097513697","2098753860","0.666667"
"2098753860","2097513697","0.666667"
"2097513697","2101938365","0.0833333"
"2101938365","2097513697","0.0833333"
"2097513697","2104108474","0.0833333"
"2104108474","2097513697","0.0833333"
"2097513697","2123830234","0.0833333"
"2123830234","2097513697","0.0833333"
"2097513697","2144925975","0.0833333"
"2144925975","2097513697","0.0833333"
"2097513697","2159584786","1.2"
"2159584786","2097513697","1.2"
"2097513697","2163330330","0.0833333"
"2163330330","2097513697","0.0833333"
"2097513697","2163775113","0.0833333"
"2163775113","2097513697","0.0833333"
"2104108474","2163330330","0.35119"
"2163330330","2104108474","0.35119"
"2104108474","2163775113","0.208333"
"2163775113","2104108474","0.208333"
"2123830234","2163330330","0.208333"
"2163330330","2123830234","0.208333"
"2163330330","2163775113","0.208333"
"2163775113","2163330330","0.208333"
"2013665221","2135874496","13.1667"
"2135874496","2013665221","13.1667"
"2013665221","2049756234","0.75"
"2049756234","2013665221","0.75"
"2013665221","2114505974","0.25"
"2114505974","2013665221","0.25"
"2049756234","2114505974","10.75"
"2114505974","2049756234","10.75"
"2049756234","2135874496","0.25"
"2135874496","2049756234","0.25"
"2049756234","2163775113","0.75"
"2163775113","2049756234","0.75"
"2114505974","2135874496","0.25"
"2135874496","2114505974","0.25"
"2114505974","2163775113","2.25"
"2163775113","2114505974","2.25"
"2135874496","2163775113","8.66667"
"2163775113","2135874496","8.66667"
"2098753860","2135874496","2.25"
"2135874496","2098753860","2.25"
"2135874496","2159584786","1.91667"
"2159584786","2135874496","1.91667"
"2114902045","2163330330","0.467857"
"2163330330","2114902045","0.467857"
"2092146789","2949325769","0.142857"
"2949325769","2092146789","0.142857"
"2101938365","2949325769","0.142857"
"2949325769","2101938365","0.142857"
"2104108474","2949325769","0.142857"
"2949325769","2104108474","0.142857"
"2114902045","2949325769","0.142857"
"2949325769","2114902045","0.142857"
"2153098630","2949325769","0.142857"
"2949325769","2153098630","0.142857"
"2163330330","2949325769","0.142857"
"2949325769","2163330330","0.142857"
"2016380441","2092146789","0.2"
"2092146789","2016380441","0.2"
"2016380441","2189078465","0.2"
"2189078465","2016380441","0.2"
"2027067237","2082512729","0.479701"
"2082512729","2027067237","0.479701"
"2082512729","2104108474","0.486111"
"2104108474","2082512729","0.486111"
"2082512729","2144925975","0.622558"
"2144925975","2082512729","0.622558"
"2082512729","2123830234","0.761447"
"2123830234","2082512729","0.761447"
"2027067237","2163775113","0.25"
"2163775113","2027067237","0.25"
"2022289142","2581923903","1.14286"
"2581923903","2022289142","1.14286"
"2022289142","2112004167","1"
"2112004167","2022289142","1"
"2022289142","2114902045","0.142857"
"2114902045","2022289142","0.142857"
"2082512729","2114902045","0.392857"
"2114902045","2082512729","0.392857"
"2082512729","2240279329","0.142857"
"2240279329","2082512729","0.142857"
"2082512729","2581923903","0.142857"
"2581923903","2082512729","0.142857"
"2098753860","2581923903","0.142857"
"2581923903","2098753860","0.142857"
"2114902045","2240279329","0.142857"
"2240279329","2114902045","0.142857"
"2114902045","2581923903","0.142857"
"2581923903","2114902045","0.142857"
