"2020.acl-main.228","2020.acl-main.703","2"
"2020.acl-main.703","2020.acl-main.228","2"
"2020.acl-main.536","2020.acl-main.626","0.25"
"2020.acl-main.626","2020.acl-main.536","0.25"
"2020.acl-main.536","2020.acl-main.703","0.583333"
"2020.acl-main.703","2020.acl-main.536","0.583333"
"2020.acl-main.536","2020.acl-main.738","0.25"
"2020.acl-main.738","2020.acl-main.536","0.25"
"2020.acl-main.536","2020.acl-main.747","9.41667"
"2020.acl-main.747","2020.acl-main.536","9.41667"
"2020.acl-main.626","2020.acl-main.703","0.892857"
"2020.acl-main.703","2020.acl-main.626","0.892857"
"2020.acl-main.626","2020.acl-main.738","1.25"
"2020.acl-main.738","2020.acl-main.626","1.25"
"2020.acl-main.626","2020.acl-main.747","0.75"
"2020.acl-main.747","2020.acl-main.626","0.75"
"2020.acl-main.703","2020.acl-main.738","0.25"
"2020.acl-main.738","2020.acl-main.703","0.25"
"2020.acl-main.703","2020.acl-main.747","15.7833"
"2020.acl-main.747","2020.acl-main.703","15.7833"
"2020.acl-main.738","2020.acl-main.747","0.25"
"2020.acl-main.747","2020.acl-main.738","0.25"
"2020.acl-main.536","W18-2501","1.33333"
"W18-2501","2020.acl-main.536","1.33333"
"2020.acl-main.747","W18-2501","3.83333"
"W18-2501","2020.acl-main.747","3.83333"
"2020.acl-main.536","D19-1633","1"
"D19-1633","2020.acl-main.536","1"
"2020.acl-main.536","N18-1202","2.83333"
"N18-1202","2020.acl-main.536","2.83333"
"2020.acl-main.747","N18-1202","47.5929"
"N18-1202","2020.acl-main.747","47.5929"
"N18-1202","W18-2501","66.3917"
"W18-2501","N18-1202","66.3917"
"2020.acl-main.536","2020.tacl-1.47","1.33333"
"2020.tacl-1.47","2020.acl-main.536","1.33333"
"2020.acl-main.703","2020.tacl-1.47","39.3333"
"2020.tacl-1.47","2020.acl-main.703","39.3333"
"2020.acl-main.747","2020.tacl-1.47","19.0833"
"2020.tacl-1.47","2020.acl-main.747","19.0833"
"2020.acl-main.626","D15-1076","1.47619"
"D15-1076","2020.acl-main.626","1.47619"
"2020.acl-main.626","N18-1081","1.25"
"N18-1081","2020.acl-main.626","1.25"
"2020.acl-main.626","N18-2089","0.25"
"N18-2089","2020.acl-main.626","0.25"
"2020.acl-main.626","P18-2058","0.25"
"P18-2058","2020.acl-main.626","0.25"
"D15-1076","N18-1081","3.33333"
"N18-1081","D15-1076","3.33333"
"D15-1076","N18-2089","4.30119"
"N18-2089","D15-1076","4.30119"
"D15-1076","P18-2058","1.85"
"P18-2058","D15-1076","1.85"
"N18-1081","N18-2089","2.25"
"N18-2089","N18-1081","2.25"
"N18-1081","P18-2058","1.41667"
"P18-2058","N18-1081","1.41667"
"N18-2089","P18-2058","0.45"
"P18-2058","N18-2089","0.45"
"2020.acl-main.626","P17-1044","1.58333"
"P17-1044","2020.acl-main.626","1.58333"
"2020.acl-main.626","P18-1191","0.72619"
"P18-1191","2020.acl-main.626","0.72619"
"D15-1076","P17-1044","4.53452"
"P17-1044","D15-1076","4.53452"
"D15-1076","P18-1191","2.99405"
"P18-1191","D15-1076","2.99405"
"P17-1044","P18-1191","1.43452"
"P18-1191","P17-1044","1.43452"
"2020.acl-main.626","D18-1241","0.5"
"D18-1241","2020.acl-main.626","0.5"
"2020.acl-main.747","D18-1241","0.5"
"D18-1241","2020.acl-main.747","0.5"
"2020.acl-main.626","2020.coling-main.274","0.142857"
"2020.coling-main.274","2020.acl-main.626","0.142857"
"2020.acl-main.626","2021.findings-acl.389","0.142857"
"2021.findings-acl.389","2020.acl-main.626","0.142857"
"2020.acl-main.626","K17-1034","0.142857"
"K17-1034","2020.acl-main.626","0.142857"
"2020.acl-main.626","W18-2501","0.142857"
"W18-2501","2020.acl-main.626","0.142857"
"2020.acl-main.703","2020.coling-main.274","0.142857"
"2020.coling-main.274","2020.acl-main.703","0.142857"
"2020.acl-main.703","2021.findings-acl.389","0.142857"
"2021.findings-acl.389","2020.acl-main.703","0.142857"
"2020.acl-main.703","D15-1076","1.17619"
"D15-1076","2020.acl-main.703","1.17619"
"2020.acl-main.703","K17-1034","5.39286"
"K17-1034","2020.acl-main.703","5.39286"
"2020.acl-main.703","P18-1191","0.642857"
"P18-1191","2020.acl-main.703","0.642857"
"2020.acl-main.703","W18-2501","1.55952"
"W18-2501","2020.acl-main.703","1.55952"
"2020.coling-main.274","2021.findings-acl.389","0.142857"
"2021.findings-acl.389","2020.coling-main.274","0.142857"
"2020.coling-main.274","D15-1076","0.142857"
"D15-1076","2020.coling-main.274","0.142857"
"2020.coling-main.274","K17-1034","0.142857"
"K17-1034","2020.coling-main.274","0.142857"
"2020.coling-main.274","P18-1191","0.142857"
"P18-1191","2020.coling-main.274","0.142857"
"2020.coling-main.274","W18-2501","0.142857"
"W18-2501","2020.coling-main.274","0.142857"
"2021.findings-acl.389","D15-1076","0.142857"
"D15-1076","2021.findings-acl.389","0.142857"
"2021.findings-acl.389","K17-1034","0.142857"
"K17-1034","2021.findings-acl.389","0.142857"
"2021.findings-acl.389","P18-1191","0.142857"
"P18-1191","2021.findings-acl.389","0.142857"
"2021.findings-acl.389","W18-2501","0.142857"
"W18-2501","2021.findings-acl.389","0.142857"
"D15-1076","K17-1034","3.43452"
"K17-1034","D15-1076","3.43452"
"D15-1076","W18-2501","1.63452"
"W18-2501","D15-1076","1.63452"
"K17-1034","P18-1191","2.26786"
"P18-1191","K17-1034","2.26786"
"K17-1034","W18-2501","2.10119"
"W18-2501","K17-1034","2.10119"
"P18-1191","W18-2501","1.43452"
"W18-2501","P18-1191","1.43452"
"2020.acl-main.626","N18-1202","0.25"
"N18-1202","2020.acl-main.626","0.25"
"D15-1076","N18-1202","2.75119"
"N18-1202","D15-1076","2.75119"
"N18-1202","P17-1044","26.3679"
"P17-1044","N18-1202","26.3679"
"N18-1202","P18-1191","1.10119"
"P18-1191","N18-1202","1.10119"
"2020.acl-main.703","2020.tacl-1.5","13.1667"
"2020.tacl-1.5","2020.acl-main.703","13.1667"
"2020.tacl-1.47","2020.tacl-1.5","1.66667"
"2020.tacl-1.5","2020.tacl-1.47","1.66667"
"2020.acl-main.703","N18-1202","40.0333"
"N18-1202","2020.acl-main.703","40.0333"
"2020.acl-main.703","P17-1044","0.2"
"P17-1044","2020.acl-main.703","0.2"
"2020.acl-main.703","P18-2058","0.2"
"P18-2058","2020.acl-main.703","0.2"
"2020.acl-main.747","D15-1076","1.2"
"D15-1076","2020.acl-main.747","1.2"
"2020.acl-main.747","P17-1044","0.2"
"P17-1044","2020.acl-main.747","0.2"
"2020.acl-main.747","P18-2058","0.2"
"P18-2058","2020.acl-main.747","0.2"
"N18-1202","P18-2058","11.4667"
"P18-2058","N18-1202","11.4667"
"P17-1044","P18-2058","9.35"
"P18-2058","P17-1044","9.35"
"2020.tacl-1.5","N18-1202","26.4262"
"N18-1202","2020.tacl-1.5","26.4262"
"2020.acl-main.703","P17-1014","7.83333"
"P17-1014","2020.acl-main.703","7.83333"
"2020.tacl-1.47","N18-1202","7.91667"
"N18-1202","2020.tacl-1.47","7.91667"
"2020.acl-main.703","N18-1170","5.5"
"N18-1170","2020.acl-main.703","5.5"
"2020.acl-main.703","D19-1284","4.66667"
"D19-1284","2020.acl-main.703","4.66667"
"2020.acl-main.703","N18-2089","1.16667"
"N18-2089","2020.acl-main.703","1.16667"
"2020.acl-main.703","P17-1147","11.8333"
"P17-1147","2020.acl-main.703","11.8333"
"D19-1284","N18-2089","0.333333"
"N18-2089","D19-1284","0.333333"
"D19-1284","P17-1147","13.1667"
"P17-1147","D19-1284","13.1667"
"N18-2089","P17-1147","0.958333"
"P17-1147","N18-2089","0.958333"
"2020.acl-main.703","D19-1633","5.83333"
"D19-1633","2020.acl-main.703","5.83333"
"2020.acl-main.703","P16-1195","1"
"P16-1195","2020.acl-main.703","1"
"N18-1202","P16-1195","0.833333"
"P16-1195","N18-1202","0.833333"
"2020.acl-main.703","2020.emnlp-main.466","3.58333"
"2020.emnlp-main.466","2020.acl-main.703","3.58333"
"2020.emnlp-main.466","D19-1284","4.08333"
"D19-1284","2020.emnlp-main.466","4.08333"
"N18-2089","P18-1191","2.26786"
"P18-1191","N18-2089","2.26786"
"2020.acl-main.703","D18-1412","1.5"
"D18-1412","2020.acl-main.703","1.5"
"2020.acl-main.703","P19-1613","2"
"P19-1613","2020.acl-main.703","2"
"P17-1147","P19-1613","5.33333"
"P19-1613","P17-1147","5.33333"
"2020.acl-main.703","D18-1241","7"
"D18-1241","2020.acl-main.703","7"
"N18-1202","P17-1147","40.6083"
"P17-1147","N18-1202","40.6083"
"2020.emnlp-main.466","P17-1147","4.08333"
"P17-1147","2020.emnlp-main.466","4.08333"
"2020.acl-main.703","D07-1071","0.2"
"D07-1071","2020.acl-main.703","0.2"
"2020.acl-main.703","D14-1135","0.2"
"D14-1135","2020.acl-main.703","0.2"
"2020.acl-main.703","D16-1262","0.2"
"D16-1262","2020.acl-main.703","0.2"
"2020.acl-main.703","P09-1110","0.2"
"P09-1110","2020.acl-main.703","0.2"
"2020.acl-main.703","P14-1135","0.2"
"P14-1135","2020.acl-main.703","0.2"
"D07-1071","D14-1135","3.18611"
"D14-1135","D07-1071","3.18611"
"D07-1071","D16-1262","0.9"
"D16-1262","D07-1071","0.9"
"D07-1071","P09-1110","10.8647"
"P09-1110","D07-1071","10.8647"
"D07-1071","P14-1135","0.566667"
"P14-1135","D07-1071","0.566667"
"D14-1135","D16-1262","0.2"
"D16-1262","D14-1135","0.2"
"D14-1135","P09-1110","0.616667"
"P09-1110","D14-1135","0.616667"
"D14-1135","P14-1135","0.366667"
"P14-1135","D14-1135","0.366667"
"D16-1262","P09-1110","0.2"
"P09-1110","D16-1262","0.2"
"D16-1262","P14-1135","0.2"
"P14-1135","D16-1262","0.2"
"P09-1110","P14-1135","0.7"
"P14-1135","P09-1110","0.7"
"2020.acl-main.703","2020.emnlp-main.519","2.58333"
"2020.emnlp-main.519","2020.acl-main.703","2.58333"
"2020.acl-main.703","D18-1179","1"
"D18-1179","2020.acl-main.703","1"
"2020.acl-main.703","P11-1055","1"
"P11-1055","2020.acl-main.703","1"
"2020.acl-main.703","N18-1081","1.5"
"N18-1081","2020.acl-main.703","1.5"
"N18-1202","N18-2089","0.85119"
"N18-2089","N18-1202","0.85119"
"2020.acl-main.703","D19-1163","1.75"
"D19-1163","2020.acl-main.703","1.75"
"D19-1163","D19-1284","0.25"
"D19-1284","D19-1163","0.25"
"D19-1163","N18-1202","0.25"
"N18-1202","D19-1163","0.25"
"D19-1163","W18-2501","0.25"
"W18-2501","D19-1163","0.25"
"D19-1284","N18-1202","3.41667"
"N18-1202","D19-1284","3.41667"
"D19-1284","W18-2501","0.25"
"W18-2501","D19-1284","0.25"
"2020.acl-main.703","2021.emnlp-main.468","0.25"
"2021.emnlp-main.468","2020.acl-main.703","0.25"
"2020.emnlp-main.519","2021.emnlp-main.468","0.25"
"2021.emnlp-main.468","2020.emnlp-main.519","0.25"
"2020.emnlp-main.519","K17-1034","0.583333"
"K17-1034","2020.emnlp-main.519","0.583333"
"2020.emnlp-main.519","P17-1147","1.75"
"P17-1147","2020.emnlp-main.519","1.75"
"2021.emnlp-main.468","K17-1034","0.25"
"K17-1034","2021.emnlp-main.468","0.25"
"2021.emnlp-main.468","P17-1147","0.25"
"P17-1147","2021.emnlp-main.468","0.25"
"K17-1034","P17-1147","12.4583"
"P17-1147","K17-1034","12.4583"
"2020.tacl-1.47","P17-1014","1.83333"
"P17-1014","2020.tacl-1.47","1.83333"
"2020.acl-main.703","P17-1089","2.16667"
"P17-1089","2020.acl-main.703","2.16667"
"2020.acl-main.703","P18-5006","0.5"
"P18-5006","2020.acl-main.703","0.5"
"P17-1089","P18-5006","0.5"
"P18-5006","P17-1089","0.5"
"2020.emnlp-main.466","N18-1202","0.25"
"N18-1202","2020.emnlp-main.466","0.25"
"2020.tacl-1.5","N18-1081","0.666667"
"N18-1081","2020.tacl-1.5","0.666667"
"2020.emnlp-main.519","2020.tacl-1.5","0.833333"
"2020.tacl-1.5","2020.emnlp-main.519","0.833333"
"2020.tacl-1.5","K17-1034","3.75"
"K17-1034","2020.tacl-1.5","3.75"
"2020.acl-main.703","D17-1018","2.83333"
"D17-1018","2020.acl-main.703","2.83333"
"D17-1018","K17-1034","0.791667"
"K17-1034","D17-1018","0.791667"
"K17-1034","N18-1202","13.7083"
"N18-1202","K17-1034","13.7083"
"2020.acl-main.703","2020.emnlp-main.153","4"
"2020.emnlp-main.153","2020.acl-main.703","4"
"2020.acl-main.703","P13-1158","0.5"
"P13-1158","2020.acl-main.703","0.5"
"N18-1170","P13-1158","8.5"
"P13-1158","N18-1170","8.5"
"N18-1170","P16-1195","0.5"
"P16-1195","N18-1170","0.5"
"2020.acl-main.703","D16-1032","0.833333"
"D16-1032","2020.acl-main.703","0.833333"
"2020.acl-main.703","D19-1418","0.333333"
"D19-1418","2020.acl-main.703","0.333333"
"D16-1032","D19-1418","0.333333"
"D19-1418","D16-1032","0.333333"
"D16-1032","W18-2501","2.16667"
"W18-2501","D16-1032","2.16667"
"D19-1418","W18-2501","1.33333"
"W18-2501","D19-1418","1.33333"
"2020.acl-main.747","2020.tacl-1.5","2.55952"
"2020.tacl-1.5","2020.acl-main.747","2.55952"
"2020.acl-main.703","P19-1416","1.5"
"P19-1416","2020.acl-main.703","1.5"
"2020.acl-main.703","2020.emnlp-main.413","2.5"
"2020.emnlp-main.413","2020.acl-main.703","2.5"
"2020.acl-main.703","N18-2108","1.5"
"N18-2108","2020.acl-main.703","1.5"
"2020.acl-main.703","2021.findings-acl.370","0.5"
"2021.findings-acl.370","2020.acl-main.703","0.5"
"2021.findings-acl.370","N18-1202","0.5"
"N18-1202","2021.findings-acl.370","0.5"
"2020.tacl-1.5","P17-1147","6.95"
"P17-1147","2020.tacl-1.5","6.95"
"2020.emnlp-main.466","D18-1241","3.5"
"D18-1241","2020.emnlp-main.466","3.5"
"2020.acl-main.703","D18-1192","1.5"
"D18-1192","2020.acl-main.703","1.5"
"2020.acl-main.747","K17-1034","0.333333"
"K17-1034","2020.acl-main.747","0.333333"
"2020.acl-main.703","D13-1161","0.333333"
"D13-1161","2020.acl-main.703","0.333333"
"D13-1161","N18-1202","0.866667"
"N18-1202","D13-1161","0.866667"
"D13-1161","P17-1089","2.64405"
"P17-1089","D13-1161","2.64405"
"N18-1202","P17-1089","1.36667"
"P17-1089","N18-1202","1.36667"
"D17-1018","P17-1147","1.65833"
"P17-1147","D17-1018","1.65833"
"D17-1018","W18-2501","4.99167"
"W18-2501","D17-1018","4.99167"
"P17-1147","W18-2501","4.29167"
"W18-2501","P17-1147","4.29167"
"2020.acl-main.747","2020.emnlp-main.413","0.5"
"2020.emnlp-main.413","2020.acl-main.747","0.5"
"D18-1412","P17-1014","0.5"
"P17-1014","D18-1412","0.5"
"D16-1032","N18-1202","2.83333"
"N18-1202","D16-1032","2.83333"
"2020.acl-main.703","P14-1026","0.333333"
"P14-1026","2020.acl-main.703","0.333333"
"2020.tacl-1.47","P14-1026","0.333333"
"P14-1026","2020.tacl-1.47","0.333333"
"2020.tacl-1.5","P14-1026","0.333333"
"P14-1026","2020.tacl-1.5","0.333333"
"2020.acl-main.747","P17-1014","0.833333"
"P17-1014","2020.acl-main.747","0.833333"
"2020.acl-main.703","2021.findings-acl.120","0.5"
"2021.findings-acl.120","2020.acl-main.703","0.5"
"2021.findings-acl.120","P17-1147","0.5"
"P17-1147","2021.findings-acl.120","0.5"
"2020.acl-main.703","P15-1127","0.5"
"P15-1127","2020.acl-main.703","0.5"
"D19-1163","P15-1127","0.5"
"P15-1127","D19-1163","0.5"
"D19-1633","N18-1202","2.83333"
"N18-1202","D19-1633","2.83333"
"2020.emnlp-main.466","2020.tacl-1.47","0.5"
"2020.tacl-1.47","2020.emnlp-main.466","0.5"
"K17-1034","N18-1170","0.5"
"N18-1170","K17-1034","0.5"
"2020.tacl-1.5","D19-1633","1.33333"
"D19-1633","2020.tacl-1.5","1.33333"
"2020.acl-main.747","D18-1192","0.5"
"D18-1192","2020.acl-main.747","0.5"
"2020.acl-main.703","2020.emnlp-main.558","0.333333"
"2020.emnlp-main.558","2020.acl-main.703","0.333333"
"2020.acl-main.703","D08-1082","0.333333"
"D08-1082","2020.acl-main.703","0.333333"
"2020.emnlp-main.558","D08-1082","0.333333"
"D08-1082","2020.emnlp-main.558","0.333333"
"2020.emnlp-main.558","P17-1089","2.33333"
"P17-1089","2020.emnlp-main.558","2.33333"
"D08-1082","P17-1089","1.63452"
"P17-1089","D08-1082","1.63452"
"2020.acl-main.703","D11-1140","1"
"D11-1140","2020.acl-main.703","1"
"2020.acl-main.703","D18-1060","0.5"
"D18-1060","2020.acl-main.703","0.5"
"D18-1060","N18-1202","16.5"
"N18-1202","D18-1060","16.5"
"D18-1241","P17-1147","21.1667"
"P17-1147","D18-1241","21.1667"
"2020.acl-main.703","2020.acl-main.95","1"
"2020.acl-main.95","2020.acl-main.703","1"
"P19-1416","P19-1613","5.14286"
"P19-1613","P19-1416","5.14286"
"2020.acl-main.703","D19-1546","1"
"D19-1546","2020.acl-main.703","1"
"2020.tacl-1.5","N18-2108","11.6762"
"N18-2108","2020.tacl-1.5","11.6762"
"2020.acl-main.738","2020.tacl-1.5","0.333333"
"2020.tacl-1.5","2020.acl-main.738","0.333333"
"2020.acl-main.738","D17-1018","0.666667"
"D17-1018","2020.acl-main.738","0.666667"
"2020.acl-main.738","D19-1588","0.333333"
"D19-1588","2020.acl-main.738","0.333333"
"2020.tacl-1.5","D17-1018","17.3095"
"D17-1018","2020.tacl-1.5","17.3095"
"2020.tacl-1.5","D19-1588","13.2595"
"D19-1588","2020.tacl-1.5","13.2595"
"D17-1018","D19-1588","20.3429"
"D19-1588","D17-1018","20.3429"
"2020.acl-main.738","N18-1202","0.333333"
"N18-1202","2020.acl-main.738","0.333333"
"2020.acl-main.738","N18-2108","0.333333"
"N18-2108","2020.acl-main.738","0.333333"
"D17-1018","N18-1202","35.894"
"N18-1202","D17-1018","35.894"
"D17-1018","N18-2108","43.0929"
"N18-2108","D17-1018","43.0929"
"N18-1202","N18-2108","24.3762"
"N18-2108","N18-1202","24.3762"
"2020.acl-main.747","D19-1539","2.75"
"D19-1539","2020.acl-main.747","2.75"
"D19-1539","N18-1202","22.0833"
"N18-1202","D19-1539","22.0833"
"2020.tacl-1.47","D19-1539","0.25"
"D19-1539","2020.tacl-1.47","0.25"
"2020.tacl-1.5","D19-1539","2.25"
"D19-1539","2020.tacl-1.5","2.25"
"2020.acl-main.747","2020.acl-main.95","2.5"
"2020.acl-main.95","2020.acl-main.747","2.5"
"2020.acl-main.95","N18-1202","3"
"N18-1202","2020.acl-main.95","3"
"2020.acl-main.747","D17-1018","0.47619"
"D17-1018","2020.acl-main.747","0.47619"
"2020.acl-main.747","D19-1588","0.47619"
"D19-1588","2020.acl-main.747","0.47619"
"2020.acl-main.747","N18-2108","0.47619"
"N18-2108","2020.acl-main.747","0.47619"
"D19-1588","N18-2108","19.1762"
"N18-2108","D19-1588","19.1762"
"2020.acl-main.747","D18-1412","0.142857"
"D18-1412","2020.acl-main.747","0.142857"
"2020.acl-main.747","P18-1009","0.642857"
"P18-1009","2020.acl-main.747","0.642857"
"2020.tacl-1.5","D18-1412","0.642857"
"D18-1412","2020.tacl-1.5","0.642857"
"2020.tacl-1.5","P18-1009","0.142857"
"P18-1009","2020.tacl-1.5","0.142857"
"D17-1018","D18-1412","1.47619"
"D18-1412","D17-1018","1.47619"
"D17-1018","P18-1009","1.11905"
"P18-1009","D17-1018","1.11905"
"D18-1412","D19-1588","0.47619"
"D19-1588","D18-1412","0.47619"
"D18-1412","N18-1202","7.89286"
"N18-1202","D18-1412","7.89286"
"D18-1412","N18-2108","0.142857"
"N18-2108","D18-1412","0.142857"
"D18-1412","P18-1009","0.142857"
"P18-1009","D18-1412","0.142857"
"D19-1588","N18-1202","14.1262"
"N18-1202","D19-1588","14.1262"
"D19-1588","P18-1009","0.142857"
"P18-1009","D19-1588","0.142857"
"N18-1202","P18-1009","9.45238"
"P18-1009","N18-1202","9.45238"
"N18-2108","P18-1009","0.142857"
"P18-1009","N18-2108","0.142857"
"2020.acl-main.747","D19-1633","1"
"D19-1633","2020.acl-main.747","1"
"2020.acl-main.747","N18-1170","1"
"N18-1170","2020.acl-main.747","1"
"2020.acl-main.747","2021.acl-long.67","2"
"2021.acl-long.67","2020.acl-main.747","2"
"2020.acl-main.95","P18-1009","0.5"
"P18-1009","2020.acl-main.95","0.5"
"2020.acl-main.95","W18-2501","0.5"
"W18-2501","2020.acl-main.95","0.5"
"P18-1009","W18-2501","1"
"W18-2501","P18-1009","1"
"2020.acl-main.95","D17-1018","0.5"
"D17-1018","2020.acl-main.95","0.5"
"2020.acl-main.95","D19-1588","0.5"
"D19-1588","2020.acl-main.95","0.5"
"2020.acl-main.95","2021.eacl-main.36","1"
"2021.eacl-main.36","2020.acl-main.95","1"
"2020.acl-main.95","D18-1060","0.5"
"D18-1060","2020.acl-main.95","0.5"
"2020.emnlp-main.466","2020.emnlp-main.558","0.5"
"2020.emnlp-main.558","2020.emnlp-main.466","0.5"
"2020.emnlp-main.558","D19-1284","0.5"
"D19-1284","2020.emnlp-main.558","0.5"
"2020.emnlp-main.466","N18-2108","1"
"N18-2108","2020.emnlp-main.466","1"
"2020.emnlp-main.466","P19-1164","0.5"
"P19-1164","2020.emnlp-main.466","0.5"
"P17-1147","P19-1164","0.5"
"P19-1164","P17-1147","0.5"
"2020.emnlp-main.466","P19-1416","1"
"P19-1416","2020.emnlp-main.466","1"
"2020.emnlp-main.519","D17-1018","0.5"
"D17-1018","2020.emnlp-main.519","0.5"
"2020.emnlp-main.519","N18-2108","0.5"
"N18-2108","2020.emnlp-main.519","0.5"
"2020.emnlp-main.519","P11-1055","1"
"P11-1055","2020.emnlp-main.519","1"
"2020.emnlp-main.519","D19-1284","2"
"D19-1284","2020.emnlp-main.519","2"
"2020.emnlp-main.558","D13-1161","1"
"D13-1161","2020.emnlp-main.558","1"
"2020.findings-emnlp.272","D19-1418","3"
"D19-1418","2020.findings-emnlp.272","3"
"2020.tacl-1.47","D19-1633","1"
"D19-1633","2020.tacl-1.47","1"
"2020.tacl-1.47","D19-1588","0.5"
"D19-1588","2020.tacl-1.47","0.5"
"2020.tacl-1.47","P19-1164","0.75"
"P19-1164","2020.tacl-1.47","0.75"
"D19-1588","P19-1164","0.5"
"P19-1164","D19-1588","0.5"
"2020.tacl-1.47","2021.acl-long.67","1"
"2021.acl-long.67","2020.tacl-1.47","1"
"2020.tacl-1.47","N18-2108","0.25"
"N18-2108","2020.tacl-1.47","0.25"
"2020.tacl-1.47","W18-2501","0.25"
"W18-2501","2020.tacl-1.47","0.25"
"2020.tacl-1.5","P19-1164","0.25"
"P19-1164","2020.tacl-1.5","0.25"
"2020.tacl-1.5","W18-2501","2"
"W18-2501","2020.tacl-1.5","2"
"N18-2108","P19-1164","0.25"
"P19-1164","N18-2108","0.25"
"N18-2108","W18-2501","2.28333"
"W18-2501","N18-2108","2.28333"
"P19-1164","W18-2501","1.75"
"W18-2501","P19-1164","1.75"
"2020.tacl-1.5","P17-1044","0.166667"
"P17-1044","2020.tacl-1.5","0.166667"
"2020.tacl-1.5","P18-2058","0.616667"
"P18-2058","2020.tacl-1.5","0.616667"
"D17-1018","N18-1081","0.166667"
"N18-1081","D17-1018","0.166667"
"D17-1018","P17-1044","10.8345"
"P17-1044","D17-1018","10.8345"
"D17-1018","P18-2058","7.81667"
"P18-2058","D17-1018","7.81667"
"D18-1412","N18-1081","0.166667"
"N18-1081","D18-1412","0.166667"
"D18-1412","P17-1044","1.83333"
"P17-1044","D18-1412","1.83333"
"D18-1412","P18-2058","2.33333"
"P18-2058","D18-1412","2.33333"
"N18-1081","N18-1202","1.66667"
"N18-1202","N18-1081","1.66667"
"N18-1081","P17-1044","1.66667"
"P17-1044","N18-1081","1.66667"
"2020.tacl-1.5","D15-1076","0.666667"
"D15-1076","2020.tacl-1.5","0.666667"
"D15-1076","D17-1018","1.13452"
"D17-1018","D15-1076","1.13452"
"D15-1076","D19-1588","0.166667"
"D19-1588","D15-1076","0.166667"
"D15-1076","N18-2108","0.166667"
"N18-2108","D15-1076","0.166667"
"D19-1588","K17-1034","0.166667"
"K17-1034","D19-1588","0.166667"
"K17-1034","N18-2108","1.16667"
"N18-2108","K17-1034","1.16667"
"2020.tacl-1.5","D18-1179","0.166667"
"D18-1179","2020.tacl-1.5","0.166667"
"2020.tacl-1.5","P18-2003","0.166667"
"P18-2003","2020.tacl-1.5","0.166667"
"D17-1018","D18-1179","1.34286"
"D18-1179","D17-1018","1.34286"
"D17-1018","P18-2003","0.166667"
"P18-2003","D17-1018","0.166667"
"D18-1179","D19-1588","0.166667"
"D19-1588","D18-1179","0.166667"
"D18-1179","N18-1202","43.0929"
"N18-1202","D18-1179","43.0929"
"D18-1179","N18-2108","0.366667"
"N18-2108","D18-1179","0.366667"
"D18-1179","P18-2003","3.41667"
"P18-2003","D18-1179","3.41667"
"D19-1588","P18-2003","0.166667"
"P18-2003","D19-1588","0.166667"
"N18-1202","P18-2003","13.4167"
"P18-2003","N18-1202","13.4167"
"N18-2108","P18-2003","0.166667"
"P18-2003","N18-2108","0.166667"
"2020.tacl-1.5","D19-1284","1.41667"
"D19-1284","2020.tacl-1.5","1.41667"
"2020.tacl-1.5","P19-1613","0.75"
"P19-1613","2020.tacl-1.5","0.75"
"D19-1284","P19-1613","0.5"
"P19-1613","D19-1284","0.5"
"D19-1588","W18-2501","0.5"
"W18-2501","D19-1588","0.5"
"D19-1588","P17-1147","0.9"
"P17-1147","D19-1588","0.9"
"D19-1588","P18-2058","0.983333"
"P18-2058","D19-1588","0.983333"
"N18-2108","P17-1147","0.2"
"P17-1147","N18-2108","0.2"
"N18-2108","P18-2058","1.95"
"P18-2058","N18-2108","1.95"
"P17-1147","P18-2058","1.23333"
"P18-2058","P17-1147","1.23333"
"2020.tacl-1.5","P19-1593","0.25"
"P19-1593","2020.tacl-1.5","0.25"
"D17-1018","P19-1593","2.25"
"P19-1593","D17-1018","2.25"
"D19-1588","P19-1593","0.916667"
"P19-1593","D19-1588","0.916667"
"N18-2108","P19-1593","1.75"
"P19-1593","N18-2108","1.75"
"2020.tacl-1.5","P13-5002","1"
"P13-5002","2020.tacl-1.5","1"
"2020.tacl-1.5","N18-1170","1.25"
"N18-1170","2020.tacl-1.5","1.25"
"D19-1284","K17-1034","0.583333"
"K17-1034","D19-1284","0.583333"
"D15-1076","P17-1147","0.625"
"P17-1147","D15-1076","0.625"
"D17-1018","N18-1170","0.25"
"N18-1170","D17-1018","0.25"
"D17-1018","P19-1613","0.25"
"P19-1613","D17-1018","0.25"
"N18-1170","N18-1202","14.0833"
"N18-1202","N18-1170","14.0833"
"N18-1170","P19-1613","0.25"
"P19-1613","N18-1170","0.25"
"N18-1202","P19-1613","1.25"
"P19-1613","N18-1202","1.25"
"2021.emnlp-main.468","D18-1412","1"
"D18-1412","2021.emnlp-main.468","1"
"D07-1071","D08-1082","12.254"
"D08-1082","D07-1071","12.254"
"D07-1071","N18-1202","0.833333"
"N18-1202","D07-1071","0.833333"
"D07-1071","P17-1089","7.275"
"P17-1089","D07-1071","7.275"
"D08-1082","N18-1202","0.333333"
"N18-1202","D08-1082","0.333333"
"D07-1071","D11-1039","7.39921"
"D11-1039","D07-1071","7.39921"
"D07-1071","D18-1192","0.25"
"D18-1192","D07-1071","0.25"
"D07-1071","Q13-1005","12.752"
"Q13-1005","D07-1071","12.752"
"D11-1039","D18-1192","0.25"
"D18-1192","D11-1039","0.25"
"D11-1039","P17-1089","1.54167"
"P17-1089","D11-1039","1.54167"
"D11-1039","Q13-1005","8.36587"
"Q13-1005","D11-1039","8.36587"
"D18-1192","P17-1089","2.91667"
"P17-1089","D18-1192","2.91667"
"D18-1192","Q13-1005","0.25"
"Q13-1005","D18-1192","0.25"
"P17-1089","Q13-1005","7.08452"
"Q13-1005","P17-1089","7.08452"
"D07-1071","D10-1119","17.977"
"D10-1119","D07-1071","17.977"
"D07-1071","D11-1140","17.6258"
"D11-1140","D07-1071","17.6258"
"D07-1071","D13-1161","9.65794"
"D13-1161","D07-1071","9.65794"
"D07-1071","W18-2501","0.45"
"W18-2501","D07-1071","0.45"
"D10-1119","D11-1140","11.5937"
"D11-1140","D10-1119","11.5937"
"D10-1119","D13-1161","11.6591"
"D13-1161","D10-1119","11.6591"
"D10-1119","P17-1089","2.50119"
"P17-1089","D10-1119","2.50119"
"D10-1119","W18-2501","0.7"
"W18-2501","D10-1119","0.7"
"D11-1140","D13-1161","7.89127"
"D13-1161","D11-1140","7.89127"
"D11-1140","P17-1089","3.00119"
"P17-1089","D11-1140","3.00119"
"D11-1140","W18-2501","0.783333"
"W18-2501","D11-1140","0.783333"
"D13-1161","W18-2501","0.792857"
"W18-2501","D13-1161","0.792857"
"P17-1089","W18-2501","2.04286"
"W18-2501","P17-1089","2.04286"
"D10-1119","D14-1135","0.861111"
"D14-1135","D10-1119","0.861111"
"D14-1135","P17-1089","0.75"
"P17-1089","D14-1135","0.75"
"D14-1135","W18-2501","0.25"
"W18-2501","D14-1135","0.25"
"D07-1071","P09-1010","5.65397"
"P09-1010","D07-1071","5.65397"
"D10-1119","N18-1202","1.5"
"N18-1202","D10-1119","1.5"
"D07-1071","D15-1198","1.80278"
"D15-1198","D07-1071","1.80278"
"D10-1119","D11-1039","6.48254"
"D11-1039","D10-1119","6.48254"
"D10-1119","D15-1198","3.59444"
"D15-1198","D10-1119","3.59444"
"D11-1039","D13-1161","4.22183"
"D13-1161","D11-1039","4.22183"
"D11-1039","D15-1198","0.7"
"D15-1198","D11-1039","0.7"
"D13-1161","D15-1198","3.65278"
"D15-1198","D13-1161","3.65278"
"D08-1082","P09-1110","4.31786"
"P09-1110","D08-1082","4.31786"
"D07-1071","P10-1129","2.14444"
"P10-1129","D07-1071","2.14444"
"D08-1082","D10-1119","13.4802"
"D10-1119","D08-1082","13.4802"
"D08-1082","P09-1010","4.2"
"P09-1010","D08-1082","4.2"
"D08-1082","P10-1129","1.03333"
"P10-1129","D08-1082","1.03333"
"D10-1119","P09-1010","3.20397"
"P09-1010","D10-1119","3.20397"
"D10-1119","P09-1110","5.21468"
"P09-1110","D10-1119","5.21468"
"D10-1119","P10-1129","1.81111"
"P10-1129","D10-1119","1.81111"
"P09-1010","P09-1110","4.89444"
"P09-1110","P09-1010","4.89444"
"P09-1010","P10-1129","7.64444"
"P10-1129","P09-1010","7.64444"
"P09-1110","P10-1129","1.97778"
"P10-1129","P09-1110","1.97778"
"D07-1071","P11-1055","6.43452"
"P11-1055","D07-1071","6.43452"
"D08-1082","P11-1055","0.791667"
"P11-1055","D08-1082","0.791667"
"D10-1119","P11-1055","0.767857"
"P11-1055","D10-1119","0.767857"
"D07-1071","E12-1024","2.97024"
"E12-1024","D07-1071","2.97024"
"D07-1071","P13-1158","1.68016"
"P13-1158","D07-1071","1.68016"
"D10-1119","E12-1024","2.92024"
"E12-1024","D10-1119","2.92024"
"D10-1119","P13-1158","2.38016"
"P13-1158","D10-1119","2.38016"
"D10-1119","Q13-1005","9.76984"
"Q13-1005","D10-1119","9.76984"
"D11-1039","D11-1140","4.87302"
"D11-1140","D11-1039","4.87302"
"D11-1039","E12-1024","0.920238"
"E12-1024","D11-1039","0.920238"
"D11-1039","P09-1110","4.43135"
"P09-1110","D11-1039","4.43135"
"D11-1039","P13-1158","1.28571"
"P13-1158","D11-1039","1.28571"
"D11-1140","E12-1024","1.17024"
"E12-1024","D11-1140","1.17024"
"D11-1140","P09-1110","3.29802"
"P09-1110","D11-1140","3.29802"
"D11-1140","P13-1158","1.57063"
"P13-1158","D11-1140","1.57063"
"D11-1140","Q13-1005","11.7853"
"Q13-1005","D11-1140","11.7853"
"E12-1024","P09-1110","0.553571"
"P09-1110","E12-1024","0.553571"
"E12-1024","P13-1158","0.142857"
"P13-1158","E12-1024","0.142857"
"E12-1024","Q13-1005","0.753571"
"Q13-1005","E12-1024","0.753571"
"P09-1110","P13-1158","0.342857"
"P13-1158","P09-1110","0.342857"
"P09-1110","Q13-1005","3.61468"
"Q13-1005","P09-1110","3.61468"
"P13-1158","Q13-1005","1.59683"
"Q13-1005","P13-1158","1.59683"
"D13-1161","P11-1055","2.97619"
"P11-1055","D13-1161","2.97619"
"D13-1161","E12-1024","0.592857"
"E12-1024","D13-1161","0.592857"
"D13-1161","P09-1110","4.37064"
"P09-1110","D13-1161","4.37064"
"D13-1161","Q13-1005","9.41746"
"Q13-1005","D13-1161","9.41746"
"D07-1071","P14-1026","2.375"
"P14-1026","D07-1071","2.375"
"D13-1161","P14-1026","2.29167"
"P14-1026","D13-1161","2.29167"
"P14-1026","Q13-1005","6.54167"
"Q13-1005","P14-1026","6.54167"
"D11-1140","D15-1198","1.63611"
"D15-1198","D11-1140","1.63611"
"D15-1198","Q13-1005","1.46944"
"Q13-1005","D15-1198","1.46944"
"D13-1161","P13-1158","14.0706"
"P13-1158","D13-1161","14.0706"
"D15-1198","P09-1010","1.83333"
"P09-1010","D15-1198","1.83333"
"D11-1140","D14-1135","1.65278"
"D14-1135","D11-1140","1.65278"
"D13-1161","D14-1135","1.65278"
"D14-1135","D13-1161","1.65278"
"D07-1071","P17-1014","1.45833"
"P17-1014","D07-1071","1.45833"
"P17-1014","P17-1089","2.15833"
"P17-1089","P17-1014","2.15833"
"D16-1262","Q13-1005","3.03333"
"Q13-1005","D16-1262","3.03333"
"P09-1010","Q13-1005","13.204"
"Q13-1005","P09-1010","13.204"
"P10-1129","Q13-1005","3.52778"
"Q13-1005","P10-1129","3.52778"
"D14-1135","Q13-1005","0.986111"
"Q13-1005","D14-1135","0.986111"
"D07-1071","N19-1273","0.333333"
"N19-1273","D07-1071","0.333333"
"D08-1082","N19-1273","0.833333"
"N19-1273","D08-1082","0.833333"
"D10-1119","N19-1273","0.333333"
"N19-1273","D10-1119","0.333333"
"D08-1082","P14-1026","0.25"
"P14-1026","D08-1082","0.25"
"D08-1082","Q13-1005","3.58016"
"Q13-1005","D08-1082","3.58016"
"D10-1119","P14-1026","2"
"P14-1026","D10-1119","2"
"D08-1082","D11-1140","5.48016"
"D11-1140","D08-1082","5.48016"
"D08-1082","D11-1039","2.32619"
"D11-1039","D08-1082","2.32619"
"D11-1039","P09-1010","2.50397"
"P09-1010","D11-1039","2.50397"
"D11-1039","P10-1129","1.52778"
"P10-1129","D11-1039","1.52778"
"D11-1140","P09-1010","0.944444"
"P09-1010","D11-1140","0.944444"
"D11-1140","P10-1129","1.27778"
"P10-1129","D11-1140","1.27778"
"D08-1082","D13-1161","1.9123"
"D13-1161","D08-1082","1.9123"
"D08-1082","P17-1014","0.625"
"P17-1014","D08-1082","0.625"
"D10-1119","P17-1014","0.125"
"P17-1014","D10-1119","0.125"
"D11-1039","P17-1014","0.125"
"P17-1014","D11-1039","0.125"
"D11-1140","P17-1014","0.458333"
"P17-1014","D11-1140","0.458333"
"D13-1161","P17-1014","0.825"
"P17-1014","D13-1161","0.825"
"P17-1014","Q13-1005","0.658333"
"Q13-1005","P17-1014","0.658333"
"D11-1039","P11-1055","0.767857"
"P11-1055","D11-1039","0.767857"
"P11-1055","Q13-1005","0.767857"
"Q13-1005","P11-1055","0.767857"
"D10-1119","P14-1135","0.2"
"P14-1135","D10-1119","0.2"
"D11-1140","P14-1135","0.366667"
"P14-1135","D11-1140","0.366667"
"D15-1198","P14-1135","0.2"
"P14-1135","D15-1198","0.2"
"P14-1135","Q13-1005","0.2"
"Q13-1005","P14-1135","0.2"
"D11-1039","D14-1135","0.166667"
"D14-1135","D11-1039","0.166667"
"D11-1039","P14-1135","0.166667"
"P14-1135","D11-1039","0.166667"
"P09-1110","P17-1089","2.08333"
"P17-1089","P09-1110","2.08333"
"P14-1135","P17-1089","1"
"P17-1089","P14-1135","1"
"D11-1140","P11-1055","2.125"
"P11-1055","D11-1140","2.125"
"D07-1071","P13-5002","0.166667"
"P13-5002","D07-1071","0.166667"
"D10-1119","P13-5002","0.166667"
"P13-5002","D10-1119","0.166667"
"D11-1039","P13-5002","0.166667"
"P13-5002","D11-1039","0.166667"
"D11-1140","P13-5002","0.5"
"P13-5002","D11-1140","0.5"
"D13-1161","P13-5002","0.5"
"P13-5002","D13-1161","0.5"
"P13-1158","P13-5002","0.166667"
"P13-5002","P13-1158","0.166667"
"D13-1161","P09-1010","1.92063"
"P09-1010","D13-1161","1.92063"
"D13-1161","P10-1129","0.444444"
"P10-1129","D13-1161","0.444444"
"D07-1071","P15-1127","0.236111"
"P15-1127","D07-1071","0.236111"
"D08-1082","D14-1135","0.694444"
"D14-1135","D08-1082","0.694444"
"D08-1082","D15-1198","1.36111"
"D15-1198","D08-1082","1.36111"
"D08-1082","P13-1158","0.311111"
"P13-1158","D08-1082","0.311111"
"D08-1082","P15-1127","0.253968"
"P15-1127","D08-1082","0.253968"
"D10-1119","P15-1127","0.587302"
"P15-1127","D10-1119","0.587302"
"D11-1140","P15-1127","0.628968"
"P15-1127","D11-1140","0.628968"
"D13-1161","P15-1127","3.60516"
"P15-1127","D13-1161","3.60516"
"D14-1135","D15-1198","0.236111"
"D15-1198","D14-1135","0.236111"
"D14-1135","P13-1158","0.111111"
"P13-1158","D14-1135","0.111111"
"D14-1135","P15-1127","0.236111"
"P15-1127","D14-1135","0.236111"
"D15-1198","P13-1158","0.111111"
"P13-1158","D15-1198","0.111111"
"D15-1198","P15-1127","0.569444"
"P15-1127","D15-1198","0.569444"
"P13-1158","P15-1127","0.111111"
"P15-1127","P13-1158","0.111111"
"P15-1127","Q13-1005","0.628968"
"Q13-1005","P15-1127","0.628968"
"D07-1071","D15-1076","0.333333"
"D15-1076","D07-1071","0.333333"
"D10-1119","D15-1076","0.583333"
"D15-1076","D10-1119","0.583333"
"D15-1076","Q13-1005","0.666667"
"Q13-1005","D15-1076","0.666667"
"D07-1071","D16-1032","0.125"
"D16-1032","D07-1071","0.125"
"D11-1140","D16-1032","0.458333"
"D16-1032","D11-1140","0.458333"
"D11-1140","P14-1026","0.125"
"P14-1026","D11-1140","0.125"
"D13-1161","D16-1032","0.125"
"D16-1032","D13-1161","0.125"
"D14-1135","D16-1032","0.125"
"D16-1032","D14-1135","0.125"
"D14-1135","P14-1026","0.375"
"P14-1026","D14-1135","0.375"
"D15-1198","D16-1032","0.125"
"D16-1032","D15-1198","0.125"
"D15-1198","P14-1026","0.375"
"P14-1026","D15-1198","0.375"
"D16-1032","P14-1026","0.125"
"P14-1026","D16-1032","0.125"
"D16-1032","P15-1127","0.125"
"P15-1127","D16-1032","0.125"
"D16-1032","Q13-1005","0.458333"
"Q13-1005","D16-1032","0.458333"
"P14-1026","P15-1127","0.125"
"P15-1127","P14-1026","0.125"
"D14-1135","P17-1014","0.333333"
"P17-1014","D14-1135","0.333333"
"D07-1071","P16-1195","0.5"
"P16-1195","D07-1071","0.5"
"P16-1195","P17-1014","0.5"
"P17-1014","P16-1195","0.5"
"D07-1071","D18-1241","0.25"
"D18-1241","D07-1071","0.25"
"D18-1241","P09-1110","0.583333"
"P09-1110","D18-1241","0.583333"
"D18-1241","P17-1089","0.25"
"P17-1089","D18-1241","0.25"
"D18-1241","Q13-1005","0.25"
"Q13-1005","D18-1241","0.25"
"E12-1024","P09-1010","0.166667"
"P09-1010","E12-1024","0.166667"
"E12-1024","P10-1129","0.166667"
"P10-1129","E12-1024","0.166667"
"P09-1010","P11-1055","0.142857"
"P11-1055","P09-1010","0.142857"
"P09-1010","P13-1158","0.142857"
"P13-1158","P09-1010","0.142857"
"P11-1055","P13-1158","1.80952"
"P13-1158","P11-1055","1.80952"
"D07-1071","Q13-1030","0.5"
"Q13-1030","D07-1071","0.5"
"P11-1055","Q13-1030","19.8333"
"Q13-1030","P11-1055","19.8333"
"D07-1071","D13-1197","0.444444"
"D13-1197","D07-1071","0.444444"
"D10-1119","D13-1197","1.44444"
"D13-1197","D10-1119","1.44444"
"D13-1161","D13-1197","0.944444"
"D13-1197","D13-1161","0.944444"
"D08-1082","E12-1024","0.517857"
"E12-1024","D08-1082","0.517857"
"E12-1024","P11-1055","0.125"
"P11-1055","E12-1024","0.125"
"P09-1110","P11-1055","0.125"
"P11-1055","P09-1110","0.125"
"D07-1071","D13-1145","0.2"
"D13-1145","D07-1071","0.2"
"D07-1071","D15-1114","0.2"
"D15-1114","D07-1071","0.2"
"D13-1145","D15-1114","0.2"
"D15-1114","D13-1145","0.2"
"D13-1145","D16-1262","0.2"
"D16-1262","D13-1145","0.2"
"D13-1145","P09-1010","0.2"
"P09-1010","D13-1145","0.2"
"D13-1145","Q13-1005","0.2"
"Q13-1005","D13-1145","0.2"
"D15-1114","D16-1262","0.2"
"D16-1262","D15-1114","0.2"
"D15-1114","P09-1010","0.2"
"P09-1010","D15-1114","0.2"
"D15-1114","Q13-1005","0.7"
"Q13-1005","D15-1114","0.7"
"D16-1262","P09-1010","0.7"
"P09-1010","D16-1262","0.7"
"D11-1039","D13-1197","0.111111"
"D13-1197","D11-1039","0.111111"
"D11-1140","D13-1197","0.111111"
"D13-1197","D11-1140","0.111111"
"D13-1197","P09-1010","0.111111"
"P09-1010","D13-1197","0.111111"
"D13-1197","P09-1110","0.111111"
"P09-1110","D13-1197","0.111111"
"D13-1197","P10-1129","0.111111"
"P10-1129","D13-1197","0.111111"
"D13-1197","Q13-1005","4.11111"
"Q13-1005","D13-1197","4.11111"
"N19-1273","Q13-1005","0.833333"
"Q13-1005","N19-1273","0.833333"
"D15-1198","P17-1014","15.3333"
"P17-1014","D15-1198","15.3333"
"D08-1082","D16-1258","0.142857"
"D16-1258","D08-1082","0.142857"
"D10-1119","D16-1258","0.142857"
"D16-1258","D10-1119","0.142857"
"D11-1140","D16-1258","0.142857"
"D16-1258","D11-1140","0.142857"
"D13-1161","D16-1258","0.285714"
"D16-1258","D13-1161","0.285714"
"D16-1258","P15-1127","0.285714"
"P15-1127","D16-1258","0.285714"
"D16-1258","P17-1089","0.952381"
"P17-1089","D16-1258","0.952381"
"D16-1258","Q13-1005","1.80952"
"Q13-1005","D16-1258","1.80952"
"P15-1127","P17-1089","0.535714"
"P17-1089","P15-1127","0.535714"
"P10-1129","P11-1055","0.166667"
"P11-1055","P10-1129","0.166667"
"P10-1129","P13-1158","0.166667"
"P13-1158","P10-1129","0.166667"
"D13-1161","D15-1076","1.25"
"D15-1076","D13-1161","1.25"
"D15-1076","D15-1198","0.25"
"D15-1198","D15-1076","0.25"
"D15-1076","P09-1110","0.25"
"P09-1110","D15-1076","0.25"
"D15-1198","P09-1110","0.5"
"P09-1110","D15-1198","0.5"
"P09-1010","P17-1089","0.333333"
"P17-1089","P09-1010","0.333333"
"D10-1119","N16-1026","0.333333"
"N16-1026","D10-1119","0.333333"
"D10-1119","P17-1044","0.333333"
"P17-1044","D10-1119","0.333333"
"D11-1140","N16-1026","0.333333"
"N16-1026","D11-1140","0.333333"
"D11-1140","P17-1044","0.333333"
"P17-1044","D11-1140","0.333333"
"N16-1026","P17-1044","0.583333"
"P17-1044","N16-1026","0.583333"
"D10-1119","P16-1195","0.75"
"P16-1195","D10-1119","0.75"
"P09-1110","P16-1195","0.75"
"P16-1195","P09-1110","0.75"
"D15-1198","P16-1195","0.583333"
"P16-1195","D15-1198","0.583333"
"P09-1110","P14-1026","0.5"
"P14-1026","P09-1110","0.5"
"P14-1026","P16-1195","1.25"
"P16-1195","P14-1026","1.25"
"D10-1119","L18-1491","0.333333"
"L18-1491","D10-1119","0.333333"
"D13-1161","L18-1491","0.333333"
"L18-1491","D13-1161","0.333333"
"L18-1491","Q13-1005","0.833333"
"Q13-1005","L18-1491","0.833333"
"D10-1119","S14-1015","0.25"
"S14-1015","D10-1119","0.25"
"P09-1010","P14-1026","0.75"
"P14-1026","P09-1010","0.75"
"P09-1010","S14-1015","0.25"
"S14-1015","P09-1010","0.25"
"P14-1026","S14-1015","0.25"
"S14-1015","P14-1026","0.25"
"Q13-1005","S14-1015","0.25"
"S14-1015","Q13-1005","0.25"
"D11-1039","P13-1164","0.333333"
"P13-1164","D11-1039","0.333333"
"P09-1010","P13-1164","0.833333"
"P13-1164","P09-1010","0.833333"
"P10-1129","P13-1164","0.833333"
"P13-1164","P10-1129","0.833333"
"D11-1039","P14-1026","0.333333"
"P14-1026","D11-1039","0.333333"
"D11-1140","D18-1192","0.5"
"D18-1192","D11-1140","0.5"
"Q13-1005","W18-2501","1.03333"
"W18-2501","Q13-1005","1.03333"
"D11-1140","P18-5006","0.333333"
"P18-5006","D11-1140","0.333333"
"D13-1161","P18-5006","0.333333"
"P18-5006","D13-1161","0.333333"
"P13-5002","P18-5006","0.333333"
"P18-5006","P13-5002","0.333333"
"D11-1140","N18-1202","1"
"N18-1202","D11-1140","1"
"D13-1029","P18-1009","1"
"P18-1009","D13-1029","1"
"D13-1029","D19-1588","0.5"
"D19-1588","D13-1029","0.5"
"D13-1029","N18-2108","1.08333"
"N18-2108","D13-1029","1.08333"
"D13-1029","P11-1055","2.5"
"P11-1055","D13-1029","2.5"
"D13-1029","Q13-1030","0.5"
"Q13-1030","D13-1029","0.5"
"D13-1029","D13-1161","1.33333"
"D13-1161","D13-1029","1.33333"
"D13-1029","P14-1026","0.833333"
"P14-1026","D13-1029","0.833333"
"D13-1029","Q13-1005","0.333333"
"Q13-1005","D13-1029","0.333333"
"D13-1029","D17-1018","1.58333"
"D17-1018","D13-1029","1.58333"
"D13-1029","N18-1202","0.583333"
"N18-1202","D13-1029","0.583333"
"D13-1029","P18-2058","0.25"
"P18-2058","D13-1029","0.25"
"D13-1029","P09-1010","0.5"
"P09-1010","D13-1029","0.5"
"D13-1145","N18-1202","2"
"N18-1202","D13-1145","2"
"D13-1161","D19-1418","0.5"
"D19-1418","D13-1161","0.5"
"D13-1161","P17-1147","2.16667"
"P17-1147","D13-1161","2.16667"
"D19-1418","P17-1147","2"
"P17-1147","D19-1418","2"
"D13-1161","N18-2089","0.142857"
"N18-2089","D13-1161","0.142857"
"D13-1161","P19-1416","0.142857"
"P19-1416","D13-1161","0.142857"
"D13-1161","P19-1613","0.142857"
"P19-1613","D13-1161","0.142857"
"D16-1258","N18-2089","0.342857"
"N18-2089","D16-1258","0.342857"
"D16-1258","P19-1416","0.142857"
"P19-1416","D16-1258","0.142857"
"D16-1258","P19-1613","0.142857"
"P19-1613","D16-1258","0.142857"
"D16-1258","W18-2501","0.47619"
"W18-2501","D16-1258","0.47619"
"N18-2089","P15-1127","0.142857"
"P15-1127","N18-2089","0.142857"
"N18-2089","P17-1089","0.142857"
"P17-1089","N18-2089","0.142857"
"N18-2089","P19-1416","0.142857"
"P19-1416","N18-2089","0.142857"
"N18-2089","P19-1613","0.142857"
"P19-1613","N18-2089","0.142857"
"N18-2089","W18-2501","0.517857"
"W18-2501","N18-2089","0.517857"
"P15-1127","P19-1416","0.142857"
"P19-1416","P15-1127","0.142857"
